10000 10000 4759
1 1
3540 4307
7152 2302
3111 4742
4518 3320
5959 1885
3259 3596
6267 3188
6083 3074
2193 4663
3132 6025
9220 224
2824 6628
3328 5828
2274 5573
5205 2628
4106 2752
2806 4045
9208 256
4656 4495
4642 4519
2918 3935
5319 4144
4231 5211
6702 147
6894 2262
7714 120
3044 6121
4460 2390
7387 1760
3280 4565
6212 3236
2779 4077
7090 2061
1029 6823
4788 3067
8203 952
4831 2021
192 7661
1537 6315
4056 3795
2953 6205
2821 6330
8793 370
7049 2399
4055 5405
2148 5705
2679 5160
6756 2703
6985 2469
4311 5156
6956 891
3972 3873
3803 3057
2954 6195
9000 449
3655 5491
2994 3863
4927 2923
6517 2632
4009 5448
4227 2625
3998 3847
6675 2779
1740 5113
5452 4004
3258 3595
1461 6387
2277 4576
859 6983
1011 6827
4271 2583
6597 2861
2592 4249
5399 1467
5089 1767
5822 3330
3718 5737
1683 5174
1749 7699
7048 2104
6308 546
3943 2916
2707 4142
7811 1333
1273 7885
3408 6053
2117 7040
3311 5843
2368 6778
1680 7764
1326 5527
6506 2954
681 7156
6089 3363
6348 2807
964 6885
3018 6441
8267 1187
2529 4332
359 6486
8165 1289
887 8262
7452 2005
128 9036
189 6674
1948 5892
2709 4151
8958 206
5673 1169
5937 1918
1239 7914
806 7032
857 8286
957 6878
233 7614
3620 4219
1501 7655
833 6029
4473 3369
7761 91
2990 3872
5323 4132
2998 3860
328 9122
5336 2520
176 6681
3338 4499
3325 4530
5895 962
5906 3256
4564 2299
3392 3458
4615 3232
4842 3001
4953 1898
8808 347
4852 4306
5994 867
8475 976
2168 4685
6596 1245
5132 2722
5044 4111
6847 6
53 7785
8052 1404
2487 5365
3341 5805
908 6935
6290 2863
4213 3633
383 9079
5759 1101
1282 6564
8223 925
4994 2850
5475 3684
4814 4335
3683 3167
8263 890
2010 7444
3265 3589
2979 6480
2873 6282
6672 2784
4766 2082
6937 2213
4491 4961
7328 1817
4703 2148
3882 3966
4907 1957
4963 2878
931 5923
7879 1578
7441 407
4988 4157
6495 359
2698 4153
6989 2472
5064 1787
3842 3014
6980 863
640 6211
5534 3919
4222 5220
2708 6745
3585 5873
4600 4557
5675 3476
2809 5030
817 8333
1200 8257
6814 41
2534 4328
6132 3323
6686 1155
2702 6461
1897 4962
7035 2125
3316 3528
4649 2212
4955 2891
6568 1268
2155 5692
6476 378
7345 2117
8993 166
1621 5227
8319 847
4356 3484
1671 7790
6964 878
4165 5291
7801 1660
1978 7181
5459 3697
2085 7361
4619 4825
3518 3333
1846 4999
3799 5660
3426 4424
3807 4043
7171 670
8272 887
4664 4785
4542 2320
6489 374
8952 512
1035 8425
3294 5864
5817 3641
2332 4523
3185 6264
2247 6900
1629 5223
6607 2549
1234 8216
1930 5915
5931 920
5689 1161
4696 3154
263 8895
4928 1927
5940 909
4479 3371
4661 4494
6730 2728
8822 635
2471 6683
8228 936
3960 3886
5897 3254
932 5925
5930 922
8137 1009
2520 5329
6988 852
39 6807
3327 4522
790 6051
2598 5240
7739 1419
5090 4365
3651 5509
4890 4269
4872 4282
3114 6034
7170 2280
1376 8081
9237 216
821 7018
5020 1826
5807 2034
3747 3109
3606 3242
1728 7428
3244 6201
5013 4448
5965 1876
5942 3203
7938 1514
716 7128
7827 1321
1646 5202
5585 1265
1436 7718
3664 4170
5973 1868
4746 2108
4111 5031
37 9127
4133 3718
2500 6655
7727 1438
2416 6746
5873 984
2571 5272
6176 3277
3962 5191
22 7818
2859 4002
6169 679
2465 5379
2620 6831
6843 1000
4797 4670
2720 6427
4110 3745
8429 1033
2727 6435
4096 5351
5819 2035
6533 322
6352 1504
6544 2606
1365 7786
1445 5403
3002 3853
4586 4869
7850 1607
4850 4304
3847 3018
4240 4912
3035 6416
3491 3357
5857 3292
5401 3748
792 6065
2725 5115
7789 1673
3430 3425
5552 3606
6881 2273
3027 6120
1941 4904
1410 5445
2095 4747
4650 2208
4722 2134
5309 2524
3907 5248
2019 7131
7934 1515
959 6893
2145 5691
6251 1599
4769 2091
5892 3554
4593 3248
3971 3875
5076 4386
2997 6449
5686 3478
6411 434
66 9089
2108 4757
6583 271
1272 7894
1627 5222
8449 712
8525 931
1614 5243
7818 1644
4300 2551
7900 1249
1126 8325
3197 6270
3220 6244
2313 6844
497 8657
3596 3257
5098 1752
2385 4467
6637 1217
418 8731
6718 141
563 6290
814 8347
5322 1532
7734 112
8869 298
5248 2590
6707 156
721 8746
6244 604
6635 207
2305 5535
593 6269
7169 683
5054 4101
3062 3785
3212 3646
6260 1595
2276 5556
5169 2677
2896 6557
2246 7209
2957 6204
4745 4407
7354 490
2370 5466
6033 823
6840 13
3542 3313
1885 7272
7027 2127
1969 4887
4999 2847
5594 1251
4982 4469
326 8828
1560 5303
2943 4895
8377 784
5253 2602
1505 5343
4731 2113
6703 1142
778 8385
4530 4630
1870 7276
6042 1800
1931 5909
6833 2322
858 8296
3812 4034
1833 7324
1510 5337
3023 6424
4506 4952
5065 1781
1753 7407
2840 6617
7121 731
5163 3993
3148 4697
3098 3766
2451 6709
4480 4676
3638 3209
742 7104
6156 3006
7474 1994
7259 2204
808 6038
1714 7442
334 6513
7174 661
2291 6855
5294 1561
8208 939
6640 2812
8421 734
9104 349
5825 3336
6835 2317
1091 6753
2812 6335
2630 6520
2523 4331
103 9060
2443 7024
6472 375
1602 6241
6513 1332
1095 5766
2470 5387
3252 6213
2190 4659
5704 1147
1587 7871
2541 5304
1531 6314
5653 1205
6448 3004
1435 5417
1839 5013
8775 382
7636 215
3761 4079
5878 971
8641 822
1243 8219
4129 2715
1023 8130
3452 4405
955 8201
837 7011
4235 5219
6856 981
3967 5179
7209 2244
4676 3170
1244 5606
2700 5149
1288 8176
2574 5265
5865 1981
8147 1318
6232 3231
6034 812
347 6507
2038 5808
2634 4206
4424 3413
4832 2019
3011 3848
8106 1053
7194 646
4436 3405
3199 3648
4628 3220
1127 8329
1788 7362
2583 5264
6350 507
5636 3519
7013 842
4203 4956
1944 7208
4857 2993
6065 3391
6855 991
6878 2576
4448 5004
2404 7055
1268 8186
4685 3166
2870 4964
1319 6524
3088 4754
6081 3367
1300 7854
1643 6202
3699 4155
4629 4516
7855 1300
6053 3111
8749 713
3399 4445
7637 200
1770 7393
3441 6018
2614 6845
545 6309
3138 4711
1543 5306
1682 5170
3356 3500
2628 4230
1684 6154
9412 43
1961 5882
3662 5806
1871 4975
4147 5001
6480 365
2362 4483
6427 1418
1470 7984
2736 5117
5605 3557
2390 5457
5910 1934
2965 3882
1616 7836
4267 5183
6970 2482
2689 4161
5222 4240
3407 4435
6737 117
8229 924
796 8656
652 8808
1620 6224
1026 8432
4866 2983
1974 7479
624 7217
7123 716
3466 5986
8327 1117
1411 5447
6752 105
1815 7643
4943 1912
5199 2650
3988 3858
3423 5723
2973 3878
7716 1436
6449 409
2542 6610
8007 1151
3306 6146
5329 1530
6935 2517
5566 3591
6788 2362
7846 1299
3042 6110
2910 6243
6119 1729
5140 4016
800 8349
5771 1087
2298 6854
1494 6354
4487 4668
2474 6977
1604 5259
5755 2079
7436 413
1513 7936
2880 6571
6582 2581
1280 6567
2653 6494
3249 4601
7018 814
4720 3117
150 9009
4920 4235
5615 2234
1352 7800
4531 3310
1205 6639
1440 8015
6762 99
1586 5271
2528 5324
4885 4575
6916 2550
2437 5404
3236 3616
6725 122
1496 5362
3357 6102
7793 58
7153 696
385 6469
568 6284
1593 6242
8336 1115
6945 2206
3450 5695
3288 4547
1139 5706
6927 921
4527 4631
1443 5407
2402 4450
6540 1306
195 6662
6837 1012
3219 3635
5354 2496
961 8500
4024 2827
281 8885
5047 4105
3393 3472
8871 589
1544 7609
7606 1851
6224 633
7562 1893
6482 1356
791 6062
802 7034
4817 2033
2552 6897
7924 1230
4983 1873
6522 333
484 6375
6478 381
1283 7881
7004 2455
7883 1263
386 7454
1354 6499
5611 1247
8765 392
5874 3593
1934 7518
2130 7320
3597 4256
1150 6696
6450 401
6729 2723
1424 7727
1835 6014
8729 726
8563 598
3237 3614
517 6332
4688 3155
6121 730
2040 5812
7196 658
8387 769
2797 5049
153 9000
3109 6339
5871 3284
1104 5758
1953 7190
89 6777
4570 2282
3508 4338
5766 3690
3808 3041
8080 1077
5386 1472
5096 4059
4606 4850
7675 1780
5488 3962
622 6232
1779 6067
5233 1631
3468 4374
4594 4860
1215 5635
3547 5601
21 7832
156 9307
466 7372
4536 2315
1041 8103
6359 1487
9223 233
2475 6678
5664 1181
7200 650
8772 690
4107 5041
4289 2568
7071 2078
4263 4885
4421 5043
2615 5233
373 6470
8555 899
368 7476
1259 5598
5974 3479
6190 3258
2064 7087
5155 4000
5024 2825
2092 7071
5628 2217
4326 2522
2280 7175
7866 1584
1208 6645
422 9040
2564 4288
552 7296
4036 5109
3003 3844
2374 4485
1760 5092
127 6730
707 8455
3611 4231
1325 7843
2790 4072
1715 7440
6423 3043
5587 1272
3416 5750
2432 6724
5849 3602
6464 2981
6186 1658
4022 2833
7299 547
3785 4066
2261 4592
2692 4165
1984 5855
3396 3451
5985 3470
9041 109
3501 4341
1349 7809
6981 2174
5888 3574
9034 417
6171 2984
7176 1992
4503 4642
7780 67
287 6562
8350 1099
6755 2404
1640 6198
529 8915
2407 4449
2192 4654
310 7533
3739 5412
2540 5301
5758 1089
7470 379
3476 5679
355 8806
4029 3809
2176 7289
3801 4044
6054 3104
3500 5952
1859 7291
2952 6504
5512 1335
5519 2328
5312 3840
3934 5226
6246 1593
8697 464
8364 790
5377 3779
6848 2603
6763 2388
3404 4432
4936 1914
7175 669
6579 262
6370 2777
5275 4186
6124 725
2375 4477
7386 461
3312 6131
5143 1715
9244 213
2772 6394
6312 1546
1303 5549
4395 4766
617 7225
2286 4566
9083 60
4350 5107
2073 7378
440 8717
6376 476
78 6762
7215 1942
1006 5853
8168 987
686 6170
6983 869
6150 3008
7701 1447
2462 4397
8904 542
1972 5865
533 7317
6009 1836
7111 2339
1638 5212
5190 4263
5395 4053
4534 4621
2841 5002
8065 1385
4701 2158
6195 666
4966 2876
764 8395
6652 2505
276 7571
6590 2559
4201 5256
784 8671
5141 2706
6037 3417
3494 3365
2230 7229
6466 384
9334 123
2933 3913
6674 176
3816 5638
830 7022
2392 7060
2122 7029
663 6192
4351 4802
4729 2119
1727 7728
3633 5522
1786 7366
1336 8114
6410 1448
4380 4780
6832 2621
2209 7240
4459 4997
5936 1901
3378 5785
1448 6392
42 7799
580 7259
6207 653
5703 3751
1383 7777
439 6423
6116 1730
7782 1681
7774 83
8104 1057
6754 2701
3052 6103
2893 3954
6861 973
7168 1989
1567 6280
4962 2884
208 6647
29 9431
3789 4060
5310 3856
7036 2413
3264 6203
6369 473
516 8944
2077 7079
1054 6793
1400 7753
5454 3996
1428 5428
7612 228
4069 2787
2143 7003
4387 5076
5588 2256
487 8976
8594 564
1805 5052
7676 168
5658 3495
673 8785
5397 2446
5014 4139
133 7707
6452 1389
6175 1668
6470 387
4418 2428
7468 1982
5204 4254
1015 6826
6305 552
3584 3266
912 8546
8333 1124
5727 3432
6027 3423
2433 6717
2549 5289
5088 1761
8004 1450
6706 152
445 6410
6975 2477
8835 624
2292 4561
5853 3603
6405 1444
6982 2464
4131 3716
5139 2709
3693 4158
1016 5829
6159 689
9327 129
266 7580
1626 6221
3355 3501
4257 4910
5351 2501
3711 4133
5708 3442
6572 283
5102 1747
3104 4746
6451 1390
2489 5357
5369 3788
1818 7334
3421 4422
2860 6293
5455 2381
2059 7401
321 6527
4778 3070
8912 243
2074 7075
3204 6257
1286 5568
6217 2941
717 8433
944 6896
7533 1621
3894 2961
5595 3859
1876 7287
4414 4752
8355 1105
106 7746
6040 3416
4908 1948
8848 311
2314 7139
7641 1815
2539 6626
7146 2313
6859 986
4973 2872
5409 4054
909 8243
6300 3156
8261 885
3190 6267
7749 96
2684 6467
7110 740
995 8456
2034 4816
494 7358
9013 436
6088 756
3829 5626
2513 6648
9415 40
3135 4707
5144 4311
8472 685
3884 5579
2639 6511
2378 7086
8018 1434
4319 5138
105 7732
5466 3691
8623 837
5286 2557
6200 3253
8037 1116
3073 6381
3521 4325
7315 532
557 8594
3720 5438
5792 1054
2897 4947
6519 1326
3251 4594
4780 3061
6136 1702
1167 8297
7140 2311
6799 2344
5104 2747
927 8238
3952 2904
3657 5793
6623 217
3769 3095
1681 5169
6705 154
2300 6848
5641 3510
1678 7772
8584 576
4432 5034
5193 1652
4429 5027
2802 6347
7235 2222
2455 5384
2525 4329
8085 1076
5362 3799
9231 230
6071 788
4123 5036
7798 48
2315 4532
2175 4687
3150 4693
6398 1451
4184 2670
3763 5400
3203 5953
337 7501
3752 4095
1088 5774
8955 199
5185 3964
2892 6272
4185 5281
2065 5775
8431 727
499 7342
6315 3141
1639 7516
547 6305
6648 2515
1762 6070
5924 3233
5239 1618
453 7395
9251 205
6469 383
4364 2481
6961 2493
8821 628
1145 8310
3398 6068
8090 1060
4945 4210
7413 442
2251 5600
5624 3536
3830 5627
3335 3524
1881 7578
3559 3296
6488 2676
1053 8105
5851 1005
6632 2824
4193 2660
2507 6646
7581 1567
3857 5294
2852 3998
1212 5642
343 6508
6068 3390
1056 6790
656 8791
8972 184
4032 2819
950 8203
977 8483
710 8451
4723 2132
616 6235
5462 1396
7692 1764
4120 2738
3053 3796
2782 6377
7826 19
6581 1269
5890 3560
6120 3040
4513 2335
2517 6937
1634 7826
5882 978
2749 4096
6055 3100
23 9439
5523 2316
5608 3547
7236 1924
2502 4345
7553 1612
5184 3981
6842 18
6417 1417
736 8727
3164 4681
5007 1841
7552 1600
3202 4637
7794 44
472 7379
9383 66
4045 2803
7227 1929
5785 2067
6425 1415
7120 2341
3490 5663
7248 2203
2968 6492
6816 2340
8565 593
8424 1027
1449 8003
5373 4084
7408 445
1877 7582
3403 3440
115 6743
5391 2449
5537 2303
3155 5996
5032 1824
922 5922
7284 2166
2398 4443
377 8790
2833 6333
4117 5347
6134 717
2820 5016
4910 4546
7447 1707
3811 4038
7448 1703
758 8692
3704 3151
4697 2152
4771 4379
1368 8088
1547 7899
1210 5645
754 8405
7457 1696
7788 55
3978 5475
4670 2183
4054 2791
4250 5200
1675 7787
6446 411
6591 1244
8179 1270
5619 3834
7476 1986
4099 3739
2330 7136
8495 660
7809 1349
4790 3059
4025 5429
1566 7876
613 6237
4290 5163
6839 1011
894 8259
6213 645
2550 6612
2072 4777
7525 319
5269 2572
6366 2789
1260 6594
1137 5714
2878 6271
1372 5488
3340 5803
1886 7563
2347 7109
130 9316
6644 2801
970 5881
5495 2353
809 8649
3640 5515
4046 2810
5011 4447
1252 6596
7322 2128
518 7321
941 8210
2697 6460
2283 4569
4709 3133
7327 1829
4167 3683
3055 3805
5365 3787
4067 3776
3168 5991
7107 2052
11 9139
7805 1357
5405 1440
3435 6027
1854 5993
1293 5551
2380 7082
3013 4828
5971 3481
3569 4272
6258 1588
1562 5287
229 8927
5360 3797
1502 6342
6616 1229
1434 5416
2178 4688
2089 5759
549 8916
4561 2285
1173 5687
1375 8077
6416 3035
4913 1933
7810 1343
6270 2886
8372 786
6530 2627
3176 3680
5503 1350
475 8682
1207 7957
671 7169
2710 4138
349 9098
1777 5081
3525 3338
6214 629
3362 3498
1214 5634
4700 2147
1906 4942
4621 2232
2272 6882
4103 5354
6500 2948
5599 3561
2929 4921
1578 7575
6192 671
2263 7185
1437 7720
561 8900
985 5868
6129 3332
3108 3746
1036 6801
7037 2111
5714 3443
2607 6841
2855 6306
5808 2029
2170 6987
9238 223
1444 5397
2924 6231
4906 2947
3201 5955
3526 4320
4157 5295
4328 2525
5663 2186
4102 2751
5911 949
5257 2587
5444 1410
6811 46
4858 4295
2093 5749
3637 5510
1048 5811
7792 1659
96 7748
7927 1531
2699 4162
7237 1911
5072 4081
2928 4911
4898 4264
3749 3096
1741 6109
2655 5195
4905 2949
712 6142
2436 5419
5501 2347
318 6542
6362 2798
5103 1749
1485 7679
6017 832
4787 2062
4718 2131
9089 363
5836 2014
6313 3147
3810 3049
7273 2184
3944 5208
7651 1500
3580 4273
4280 2575
6976 2471
7729 1431
6179 680
2327 5518
7115 2043
3462 4383
7508 1636
1310 5545
2969 6485
3172 6292
1347 7816
2905 6250
2944 6212
4144 5008
7690 1466
2660 6482
8029 1119
346 7494
5764 2081
8700 450
1333 5532
6324 3131
7944 1511
7513 1937
2316 5524
3762 5398
6166 3290
1688 6162
5928 3224
2648 4205
4901 4559
2486 6969
4186 2664
1867 7590
2637 6522
5992 859
1479 7980
2337 4524
1294 8154
7198 2264
945 8211
7394 2051
5392 1458
558 8897
1801 7354
2242 5604
5738 2098
2775 6689
1459 6384
2836 6318
3713 3134
8553 607
665 8795
4909 4243
8543 603
3802 4042
1075 8073
4410 5037
8427 738
1905 7254
1233 8228
7602 1540
8252 911
8890 274
2259 4599
5156 2687
3886 5263
5472 3689
515 8637
2717 5132
47 6813
2738 4114
7300 2155
5378 3770
618 8837
3187 5977
5176 2669
4246 4907
6767 2686
1763 5094
3133 4714
3939 3903
8224 1222
7458 391
2033 4820
7896 1559
6668 2490
9161 282
1947 7510
6272 1565
2186 4662
51 9403
5189 2662
5795 2046
1963 5883
6095 3071
8307 1153
2532 6619
490 6365
3380 5779
1266 6581
1039 6802
4869 2985
865 8586
5069 2773
5809 1040
5823 1030
3320 4536
3995 2866
1005 5849
6631 1212
3351 6099
3660 5490
7510 1645
5685 3464
797 8661
2214 5632
6586 1262
2825 4025
54 9402
7672 1482
5938 1909
7556 285
7129 2024
2610 6843
729 7121
7264 2196
5983 3176
2623 4228
432 9022
7615 1830
4018 2839
1842 5014
4863 4292
3710 5441
1995 7448
8639 819
3513 3327
1875 7573
2768 5083
369 6478
6377 475
915 6936
4609 2241
2740 4115
4237 4913
788 7049
4457 3388
1781 7381
2972 4868
6742 1097
4573 3274
2227 4636
9333 125
4639 3215
7752 1402
822 6028
2588 5255
6734 2718
600 8544
6758 2395
3982 3869
6115 3053
2003 4852
7230 610
3719 5740
7568 268
2864 3991
4801 4647
2445 7008
3613 4233
8160 993
6439 414
8453 1004
2751 6708
827 7013
8632 524
7706 143
7201 640
4838 2012
2439 7015
3231 6219
5285 1577
345 8810
8321 1130
1069 5776
732 8428
2388 5458
4318 5133
6346 2820
5713 3449
6869 975
6693 1152
4799 4358
4888 4267
3295 6169
2248 5609
4493 4650
5796 3351
4219 2629
2518 4330
601 8561
3422 4418
7329 1833
5945 3509
6138 718
7333 511
2526 6939
3347 3502
815 6026
3000 6157
4169 3671
3750 5401
2981 3877
2663 4194
949 6887
7776 73
7813 1638
773 8672
2426 5424
2459 5378
6473 1384
3643 5816
8881 571
5100 4350
3322 3531
6144 3304
2828 6334
4002 2858
2397 4446
191 6659
5997 3456
2222 4639
1486 7958
934 6917
2446 7001
8206 947
3888 3959
4662 2193
6800 52
6997 848
6541 2611
2562 4289
930 8234
5555 3601
2071 7091
928 6912
8540 917
7342 500
1129 5725
6066 791
3389 4458
2434 4430
2750 6695
4554 4600
6070 3086
3927 3918
6265 2882
1164 8279
6713 140
6080 760
765 6081
4998 2846
423 6433
1862 4981
6247 2909
8251 1203
2624 6534
3880 5277
6609 1237
8238 923
6484 2668
3429 3420
1151 6703
5972 3189
1588 7555
1359 5506
4472 4988
6049 3099
505 6349
1809 7654
4243 2612
237 8918
6454 2999
32 6815
2823 5022
1086 5769
4776 4677
5302 1550
1924 7232
3689 3168
1719 7743
6461 2989
2935 3923
1686 7771
7577 1872
4354 4798
4349 5103
9130 316
330 9117
2460 4388
6001 1848
3377 4465
2694 4159
8996 463
3919 3924
598 6256
6383 1461
4941 1908
1462 5390
2355 5489
6759 92
8851 310
4001 3843
5941 902
171 6679
6605 2845
1328 5523
3930 3911
2342 4505
5927 1919
2056 7093
6593 266
7862 1290
6393 453
6485 2973
320 9129
7673 1481
669 8796
7646 195
1081 6763
4076 3769
3691 3159
4568 4597
6930 2230
4028 3808
1952 4890
5696 3453
918 8236
7025 2123
2412 6739
2915 4932
8293 1167
6622 2838
1482 7670
7167 1997
7295 2163
6283 568
548 7286
7249 1910
3454 4390
5718 3737
5037 2813
1363 8093
7 9150
1014 8437
5402 4052
2780 4070
5033 4423
7733 1427
6676 172
3618 3247
8930 535
4488 4958
5508 3944
4134 3707
2063 7388
7878 1280
1454 7708
443 9011
4896 4554
890 8573
3208 3642
3291 3555
896 6952
8284 879
4765 2096
1055 5791
704 8459
5166 3990
2469 6685
7697 1766
4152 3700
4660 2197
312 9140
2962 3881
4680 2172
1488 7678
2752 4104
933 8527
6228 3223
2733 6727
1341 6503
6139 3022
1636 7823
3577 4274
82 7756
7482 354
1692 6150
473 8674
6950 2508
5314 1543
2882 6563
925 5919
1596 7554
2116 7333
5982 3162
1857 7293
7589 259
639 7200
3081 3767
3650 5503
8051 1106
2317 4531
8395 761
2221 4624
5307 1552
6215 1617
3313 3535
7488 1672
801 8654
6018 843
6571 2890
3851 3997
6173 3276
6026 3435
6459 2996
7444 1711
3947 5512
9422 25
8253 1191
1492 7965
7346 493
626 7219
1312 6529
1957 5891
1466 5391
7188 2261
7038 815
6851 989
5877 974
4732 4732
2409 4444
6887 964
5461 1387
6801 56
3568 4287
222 8934
5180 3971
5917 3539
298 8863
7347 1810
4197 4959
2601 4258
5453 4001
1317 7829
5845 3610
1848 7311
1933 7523
4268 5185
6599 248
6407 3052
5801 3657
2704 5145
7132 708
8672 484
7143 703
8417 733
5274 2569
5954 896
3675 3184
3099 6351
6028 3426
7990 1171
1241 6595
5426 3717
880 5963
8254 1210
5831 2023
3981 5483
2584 4270
6219 2939
3876 3969
7833 17
8569 578
6865 2291
109 7738
4470 3375
8784 664
8789 364
4611 4541
7105 2040
5645 1213
5929 3527
366 7485
8036 1422
4836 4616
974 5887
8329 1126
752 8391
1838 6015
464 6386
352 7493
2926 3929
7088 2068
7561 286
1079 6765
5779 1072
1506 6337
2631 4224
1687 7466
7575 1886
6803 2343
442 9020
2414 5421
2128 5710
864 8294
7061 2101
4327 4821
1549 5307
4027 3817
254 7586
1904 5938
198 8964
2278 7178
4218 3619
1246 8212
590 7255
1734 7415
3456 5992
6418 2735
6004 3455
9075 75
1772 7683
396 6457
5352 4113
9113 338
5554 3600
2644 6517
8702 746
4341 5111
4078 5065
36 9425
5415 1435
4295 4867
3530 4319
642 8513
7256 2201
61 9104
5627 1225
2090 7067
8371 780
575 8588
4097 2750
7466 1991
211 7644
3607 4232
5202 3956
5232 4217
6543 1304
7210 634
6925 2238
14 7835
2647 6515
2937 3921
7019 825
6299 2854
8042 1414
7000 2458
2884 3976
7065 2383
1415 6434
4588 3265
1222 6623
4324 3518
292 9172
4581 4877
2978 6179
3386 3467
3440 6017
7521 1639
6520 337
8828 326
5061 2774
216 7628
1533 7931
6453 1392
3039 6114
9448 4
5670 2175
6344 1489
1017 6824
5412 2431
8776 686
9030 130
1518 5326
8256 1198
2025 7431
8039 1112
402 9065
405 7445
5794 3663
1113 8042
3544 3300
7489 1669
2741 4102
536 8614
1255 5591
6896 959
3032 3823
2429 6733
2914 6536
8323 827
5110 2736
2554 6891
5209 1637
3844 5621
1522 7637
152 7687
7481 1961
506 8953
4743 2112
2888 3968
8190 1261
5364 2478
9147 314
4071 5381
2394 4466
112 9339
6792 2366
1694 7471
1810 7639
1618 7837
5433 1426
4578 4578
2396 6769
842 8314
5870 994
226 8936
4378 2474
5962 3497
1921 4927
1601 7556
1742 7719
7480 369
3103 6362
2164 6992
3144 3701
5976 1865
503 8952
8593 555
1836 5015
7311 2150
6893 2259
4196 2663
4411 2445
8435 1021
2118 7335
8647 510
351 8801
6782 72
4641 4807
584 6266
8199 1252
8590 558
860 6000
77 6779
4635 4819
2856 4991
3157 3694
5490 1362
6085 1753
4141 2717
4220 2634
4658 4809
3614 3243
5030 4129
7381 1771
7654 182
1044 8116
2028 7425
6188 1651
5989 3164
7353 501
4761 2088
1923 4937
8202 1260
76 9377
1828 5021
4675 4489
8192 969
7056 2095
155 7686
6342 2808
7089 753
6151 1699
6727 2420
6372 489
4132 2713
186 6668
787 8365
8313 840
5946 3505
1267 8182
8611 537
5665 2181
1992 4872
5815 3640
3045 6411
6396 3069
5776 3677
8588 566
2225 4629
253 7587
4353 5093
3056 6400
167 8989
2642 4207
783 6078
2629 5215
7652 1493
726 8441
6114 3341
7184 2276
504 6344
2376 5476
4742 4708
4494 2360
7269 2177
8325 826
1520 7932
6538 2911
5511 3654
5236 1625
3206 5945
1238 7922
1219 5640
7613 236
2021 7437
2858 6298
3446 6008
5647 3806
3260 3598
2297 4556
1765 7684
807 8351
1226 5625
7890 1564
9023 131
221 6631
5782 3662
1382 8070
6864 2284
1062 8086
5161 4294
5553 2305
2070 4778
2658 6506
1070 5783
1231 8233
8621 529
6823 1022
8118 1048
7532 317
2109 4736
8045 1407
238 9215
2014 7433
2165 4692
2995 4848
173 8981
4064 2794
993 8463
163 6698
7352 482
4939 4220
3474 3383
4532 4618
5867 3587
6979 870
838 6011
7373 480
4426 4733
3428 4411
5559 1291
3017 3837
6922 2533
5147 2690
682 8776
6303 1536
2312 6842
2645 4203
3495 5659
2319 5516
1284 8166
6626 2829
9375 81
6310 543
7054 800
4238 3611
8207 937
5363 1483
6776 1070
6050 1789
8315 838
7203 1944
2233 7223
6615 2531
7831 1632
1217 5628
1628 7526
544 8620
4935 4520
4118 2727
5668 3790
5875 3287
5598 3865
8164 1288
403 7441
1380 5473
1049 6806
2341 4514
7313 2135
8743 699
2007 7461
4408 2439
940 5918
4121 5029
740 8412
295 7553
942 8521
3419 5741
836 8615
7073 772
489 8660
5486 3666
1901 7253
7360 2083
12 9142
4589 4573
3445 6005
4244 3592
3437 3421
4314 2540
3867 3980
174 6677
7319 1842
5287 1573
803 8643
5828 2017
1884 7572
8863 596
2167 4690
7464 1687
6153 3000
3413 5747
6191 1663
5687 3771
7763 86
7992 1159
5847 1002
1304 5552
4972 4496
2613 6839
4833 2028
4006 3828
161 9301
6056 1782
5122 4036
4985 1864
1892 4967
3516 5647
5783 2072
4012 5151
5570 3576
1864 7294
1697 7765
1358 8096
420 9031
5996 3461
1040 8112
5029 4130
4390 5059
1645 5201
6000 3157
502 7338
5012 1840
6810 39
2084 4765
5046 2799
185 6680
3152 6308
7268 572
7077 2073
3616 5537
3630 4226
5694 3760
7569 1594
4512 3326
4124 2721
6574 2875
762 8397
4320 3515
562 6295
6795 2350
3574 5588
412 6442
1832 7319
4815 4333
2854 4993
4574 4883
8997 170
6076 781
87 9372
507 8960
64 6783
7671 179
6243 2922
3040 6413
5383 3782
5133 2719
4648 2195
6440 3011
3383 5777
7070 2093
3112 6345
6846 2318
3248 4596
141 9314
6744 1104
1431 7729
1432 8017
1946 4898
4624 2231
250 7604
1483 7677
6733 119
3007 6156
8194 1266
847 8307
3022 4827
4847 4318
8219 942
6277 3179
1351 8097
3418 4434
4818 4632
4397 2447
4182 5269
3339 4509
4737 2118
182 7653
5558 3902
2917 4917
5130 1733
4616 3222
9195 264
7975 1178
5905 3549
7006 829
2506 6651
812 7039
966 5884
535 6312
4005 3835
3649 4192
996 8458
7565 280
2126 7031
2306 5538
5346 4108
5218 3939
851 8300
7224 625
6757 1085
1529 5319
2787 6373
2712 6747
7043 2408
228 9230
8817 641
251 7598
7418 1744
2146 7305
1427 5426
3916 5246
7423 419
1712 5142
3556 4290
308 9148
1879 4969
6858 2591
2548 4301
542 8602
6721 138
2171 6994
2196 5643
3760 3083
170 9284
1668 7481
2934 3914
4 9455
4883 4275
1028 5823
3937 2928
5476 3673
7257 2192
921 8528
3315 5841
2920 3940
2293 7161
5531 2306
3904 2957
3732 4122
7185 663
1699 7453
8353 806
2205 7250
71 9381
1476 5376
4112 2740
395 8761
2493 4367
1096 5767
3057 4782
5593 3569
5149 1704
659 6185
4585 4870
2890 6260
5855 3604
6437 3020
4959 4195
8289 1168
3077 4769
7986 1173
3848 5313
5325 1533
2113 7042
7202 1955
6726 134
7817 1630
214 7635
7232 609
6534 2925
3507 5951
7225 2226
7415 421
6275 3191
3514 5946
4751 3088
3301 4539
6914 927
5396 2448
6061 1791
6827 29
3129 6331
4142 5020
7784 51
2887 6263
8366 1098
5167 3994
5781 2071
3015 4837
5186 2659
2105 7345
1417 8030
4362 5102
8487 659
6836 1001
6850 2310
1416 6426
3658 5501
1472 6383
205 9255
2234 4626
4517 3331
3417 6031
641 8520
6558 2902
4504 4960
299 9157
2464 6691
7781 62
6505 2652
2210 4649
7712 135
5688 1164
3725 4120
4047 5104
2218 6947
5581 2265
4214 5236
4435 3408
8075 1078
4232 4925
5820 2020
3352 6112
4614 2227
4750 3102
6052 3107
5158 2682
1804 7346
7442 1713
2987 6471
4825 3032
967 5888
8227 1226
6164 687
6625 2836
4270 4894
5457 1395
5883 970
756 7095
1125 5731
2758 4088
4500 3350
7104 2342
7603 1856
8891 270
7293 1870
3285 3568
224 6635
2386 6770
3183 4666
2153 7006
5350 2491
5371 2473
3309 3548
5091 4069
4608 2251
3455 3406
715 8431
4764 4394
227 7621
1168 5677
5290 2556
9222 234
6431 415
5760 1094
8205 940
2677 4181
6492 2667
1242 5611
8099 1363
7124 2025
138 7705
9150 296
3784 3068
8877 581
4543 2308
2333 4529
4485 2371
4552 2309
2098 7062
8087 1366
6972 874
3552 3302
2307 4550
6231 623
6257 2889
2711 6443
4867 4284
1987 5870
8465 995
1730 5118
5707 2130
5642 1200
3612 5541
6697 2761
5914 932
3727 5418
3850 3987
7514 1935
727 8737
1051 5810
2504 4344
3756 3090
3373 4464
9018 446
5666 1188
664 6186
3697 5459
766 7070
2605 4250
6809 2643
4977 2868
3120 3736
6487 1359
1525 6322
4088 5058
1034 8119
8642 516
7082 2384
1421 5430
2029 4818
4465 4983
6663 190
4596 3245
4484 4671
1414 5439
5568 3582
1425 8036
6509 2944
1338 8121
8348 1107
6230 1615
1981 7179
2546 6607
3143 4698
4325 4831
6781 2364
3475 5990
3957 2899
3860 3002
4345 4803
91 9357
907 8253
6738 2412
121 6736
3571 3283
5240 4213
9190 267
5129 2729
5793 1062
413 7438
1420 8046
3895 3950
3910 5238
4612 2245
4981 2856
8926 220
9378 77
5077 2771
7529 1926
4810 4340
2232 4617
3431 5729
8493 665
5679 3473
2304 5544
7912 1238
2608 5237
3736 5415
521 7325
9001 458
4093 3758
4699 2145
1754 7408
4631 2223
3639 4198
3169 4673
5431 2416
9233 218
4043 3798
5667 3482
4466 3380
4627 4535
6650 1193
3473 5983
4900 2934
5331 1525
6468 2685
7471 1682
6787 59
3565 4271
6867 979
852 5999
713 8736
129 6728
1101 8060
1744 6111
8990 466
7118 2041
3949 3885
5676 1182
8796 371
2786 6660
2960 6194
4683 4764
2369 4486
7456 1706
4807 4342
6379 2775
3186 4657
5159 4005
7252 594
5223 3928
527 6328
2094 4768
564 7275
6563 291
5757 1091
3298 6151
3999 3857
6613 2840
627 7222
3974 3870
8466 692
4613 3234
3701 3152
6149 3005
1154 6692
6029 3121
9003 444
6234 2914
1165 7982
795 6061
4626 3218
5114 1737
1152 6682
2069 4775
2596 6846
508 8951
3987 5159
1499 7658
8418 739
230 6618
6576 1271
9033 114
2264 4591
1229 7915
474 8979
2444 5410
5609 1243
869 6979
6854 992
2674 6786
5496 2352
4881 4572
8225 930
1089 6752
2323 7125
539 7304
633 7207
3010 4842
8676 486
855 6001
2102 7359
7681 1468
976 8179
7584 1874
893 6955
5901 950
7544 1916
4693 2159
874 8277
7506 341
4736 4409
9127 37
8071 1081
6357 1496
1865 5980
6569 279
5197 1662
6389 3064
3797 5650
6239 3217
5385 4074
1473 6371
5145 1712
1064 6789
4008 2855
882 8572
6588 2874
1721 6119
6604 1239
6940 2221
1748 5097
7051 2094
2046 7097
7978 1177
8112 1047
5646 3507
1576 5284
5255 2584
7496 1960
5786 1061
6457 1388
3668 3187
5112 4033
2683 4167
5949 906
7435 1720
188 7651
252 7595
2845 6606
5818 2026
1050 5814
2253 6902
7108 2042
4404 3434
8021 1445
6361 494
1912 4941
4917 4543
2922 3932
1456 7692
1287 5563
3977 2870
2961 3891
1030 8120
5844 3613
67 6784
4717 4739
2066 7085
5036 1821
4225 3623
1339 7811
5195 4260
7397 1768
5950 1896
6060 795
1840 5006
7166 1987
4347 2509
3541 5620
6662 188
2482 4359
6238 612
1175 7978
735 8719
6250 2906
1404 8043
730 8424
9437 10
8197 1246
7614 1837
3034 6124
9124 34
7765 70
4610 2242
401 7446
3122 6037
1695 7456
7528 1628
3622 4225
5403 2442
6643 2815
2018 7135
5394 2438
6072 3373
2258 5582
492 7350
8024 1420
9100 50
1826 5024
3318 6138
4125 5334
6771 84
2492 4361
3925 2935
3486 5666
397 9061
4407 2451
6610 231
62 9094
379 6474
3593 4252
4698 3149
963 6886
2169 4683
8979 483
5724 1120
6044 3414
9194 258
1264 8191
5810 1042
4266 5187
8521 928
731 7114
1009 8446
3137 3723
1083 8381
3862 5296
3224 6230
2329 6828
3796 5661
1659 5192
3414 3438
3191 5966
3653 3197
1926 4926
6424 1413
9318 142
4951 4507
9265 197
883 8576
8220 1231
6681 1163
3563 4277
6966 883
3332 5826
7804 1646
4805 3045
5165 1685
2203 6945
5963 3195
8719 735
1158 5696
7694 148
3856 5308
7292 2154
3682 5464
8657 794
1204 6643
7398 2057
6685 173
3484 5972
2458 4392
1989 4858
4445 4709
3239 6226
2883 6274
1405 8052
3261 6199
1903 7540
3759 3089
2157 4703
1919 4939
4514 3339
6226 1619
1307 7860
7302 539
997 5852
2814 4031
5099 1758
2281 6868
3787 5372
5961 1881
2249 5594
7383 1773
5456 4007
120 7731
398 6456
1132 6720
3498 5958
7455 394
8132 1324
5438 1416
8213 1234
1590 7864
7084 2063
3745 3106
6553 2608
8040 1121
357 9091
1641 5209
197 8970
7537 306
9379 78
488 7368
5798 3362
5272 1590
3499 4357
6415 1432
5991 850
305 8853
5797 2050
4178 4977
3358 5804
2774 5071
7609 241
3353 6106
6091 765
650 8499
1962 7188
3230 6234
2097 7353
799 8357
2075 5771
6619 1232
8070 1391
1521 5330
8268 889
2035 7126
854 6989
6546 2619
2798 5053
1495 7949
3592 5562
2633 6816
411 9038
6264 583
768 7065
6716 1128
660 7174
2100 4749
2913 3930
2271 5577
1395 5460
4091 5067
297 7549
7222 618
85 9360
8609 855
284 6574
550 8908
1471 6380
8580 875
4297 2555
4957 4190
207 7634
5516 2327
4191 3656
7149 704
2793 5055
2902 6252
1571 5283
9146 16
5146 2708
4230 2615
6147 3003
3242 3617
8461 998
4665 3192
5869 1966
5244 2595
4011 5449
1302 7842
4216 2640
3193 3658
903 8550
1915 5929
6196 2966
9174 281
1042 8417
288 6559
6698 1150
6661 194
8098 1358
6381 462
5035 1814
4017 2835
8698 454
4260 2596
6297 565
2338 4525
4882 2963
5480 3675
1594 7565
3110 3740
4050 5114
5858 3289
831 7020
3139 4713
1552 7907
7635 1521
5057 1796
8663 492
5229 3926
556 8904
1843 5998
449 7394
8929 533
6087 3066
6820 42
1673 7778
8476 988
3093 3755
3853 3992
5434 3727
3743 4106
234 9214
2134 5709
1356 6488
4034 3812
4455 4704
8236 1220
5586 3867
2266 6880
5677 3773
5355 1501
9093 360
7246 1897
3363 4484
3092 6072
8492 966
605 7242
6106 3055
6525 2630
4545 4916
5414 3741
1360 8092
7595 1862
8153 1302
5719 2120
5216 4241
5406 1455
268 9184
3049 4794
3838 5323
3074 4767
5301 1545
3550 4299
2879 3974
8049 1400
5400 4051
2606 6548
785 7066
6723 2432
1285 6568
4498 2363
2235 7212
4497 3345
904 5960
1706 5157
7053 2405
8318 1140
5712 1145
6498 1341
5435 2421
5172 3983
3243 6217
8397 1058
388 8767
5493 3963
1052 8109
5376 3777
1902 4949
364 6501
4156 3687
8976 485
2895 3948
3179 4667
7865 1597
1526 7632
4659 3181
6549 2600
376 7463
3858 5290
553 7303
6285 569
2886 4953
2744 6714
6760 2397
4190 2656
5925 3540
7713 1740
6046 813
7294 1857
8762 693
3240 4611
3610 5550
3346 3503
9091 355
648 7186
5042 4410
3706 5450
6253 1589
1188 7975
6326 531
3553 4285
428 6429
8913 534
3146 6007
5448 4003
835 6016
3125 6326
884 8272
1371 8076
1503 7960
7796 1352
4139 5023
7540 1614
294 8865
804 7033
5544 2301
8510 647
1663 7788
2602 4251
1807 6039
1652 7804
2722 6725
6387 1456
5241 2604
1583 7868
2294 7158
7969 1492
332 8821
6059 3396
2669 5167
946 8505
7741 1423
3272 6173
2448 4408
4889 1965
1625 5221
6401 3058
4599 2254
8056 1409
7239 1917
2132 7019
805 8344
4707 4454
4242 4923
3642 5818
88 7758
3434 4412
7357 2092
3041 3810
540 8621
2383 5463
1334 8118
5604 3849
4023 2837
4911 4247
8464 983
1419 8032
5332 1519
136 9324
2974 4878
676 7176
5723 3728
290 9171
1439 8013
4468 4989
447 8706
1409 8047
1561 6286
4845 4613
8082 1080
5902 3259
4544 4605
7542 303
9102 361
18 6830
5561 3894
862 6985
5258 2580
832 6023
4416 2434
143 7696
720 6139
917 5937
2106 5739
5748 3397
6651 2816
4101 5350
5040 4420
4770 2089
1649 7806
8176 1281
3257 6206
3300 3556
1195 7963
6747 2407
3652 4185
6102 750
219 7626
3036 4811
3535 4317
1199 5653
5775 1086
5450 2401
5736 3721
8724 728
274 9194
6497 353
6074 782
1568 6289
7403 441
9414 32
7085 758
7590 255
1490 6353
6909 2552
5334 3821
1860 5988
48 9105
68 9380
3527 4316
6384 470
3517 5639
1350 5499
3182 3679
7843 3
1822 7337
374 8782
4623 3213
3628 5517
5060 2783
6794 1059
5084 2764
5367 2476
3790 5356
145 6704
6174 1671
6252 2897
5342 4109
9032 128
3575 5580
5762 1095
655 6188
6140 715
4385 5068
7678 1485
863 6991
4033 3814
6184 1656
4884 4266
4876 4280
7923 1523
745 8398
3287 6167
5421 2429
706 6143
8815 343
2762 6406
5631 1223
9167 289
4207 5251
9115 36
1068 8390
537 7318
1582 5267
314 7536
8549 600
159 9295
3773 5386
6402 2744
7075 2380
5226 2626
8436 714
5711 2140
2784 6661
3986 2869
5580 3581
1022 6825
1500 7953
3619 5547
7736 1710
4030 3818
8864 292
5787 3672
1385 7767
7874 1576
1677 7478
1249 7897
1148 8012
3273 6175
968 8486
4860 2978
1330 5529
9074 389
3360 3490
6306 1535
2672 4188
2395 6759
677 8781
4304 3537
3545 5599
8352 1102
1174 8280
8287 862
1642 7511
6560 2592
1487 5368
5549 1308
644 8511
3958 5497
5321 3839
5577 3577
4437 4720
470 8686
2569 4286
3019 6129
7917 1539
6636 2817
1808 7642
5879 3573
4200 2657
5465 3702
4691 2153
206 8941
3366 6092
3343 4504
680 6166
2876 4968
3084 6077
4026 3824
1032 5819
2256 7191
2191 7263
3997 3851
7586 1572
9380 80
2834 4022
104 9052
3091 6069
1196 5658
3051 6402
3587 5567
7824 1336
3461 6002
2457 6706
602 8856
1873 7283
816 7037
4773 2085
469 8997
1964 7488
8664 498
4019 2828
4092 3752
8852 591
1013 8148
603 8551
6067 789
5317 2528
433 7417
3766 5394
7407 2045
6998 2454
5483 1368
2147 5698
400 9054
2279 6877
8885 275
819 6036
1321 5533
2399 4451
50 9095
7891 1574
38 7798
7365 1794
1997 5847
7260 585
4934 4215
6504 2945
4148 5012
2042 5802
1320 5536
4854 2992
5135 4322
7031 2427
3061 4789
4735 4425
2874 4980
2921 3937
4292 5154
8712 748
2729 4124
3226 6233
7427 2022
8537 914
828 7012
8305 861
4651 3183
4714 2139
5842 3621
7563 1587
4333 2519
1985 4880
7558 294
6724 124
1891 7262
6163 3293
7943 1216
8322 1146
7500 1653
6005 3146
5572 3583
5791 2059
8152 1006
1498 7959
1750 6100
425 6438
4557 4901
3457 5995
6996 853
157 9303
8612 536
184 8968
1106 8354
1922 4930
8139 1010
6199 2953
8257 1190
1977 5862
973 5880
4576 2277
2746 4103
2473 4378
5390 3775
2435 6718
1707 7455
3016 4832
2273 6884
935 6907
9258 198
1998 7458
5093 4056
6620 1221
4095 2769
612 6240
3686 5482
255 8898
2861 4979
1990 5860
1887 7562
3680 5773
123 9332
8759 698
81 7769
4224 4929
3661 5486
8969 193
5441 1408
4777 4380
7156 1996
4926 1931
8735 719
3097 3768
4194 3643
4154 5007
8752 410
3096 3754
2335 7119
2240 4609
760 8392
6898 2563
8059 1394
3451 6004
9210 238
1713 7734
5967 886
5179 1676
3188 5957
1186 7976
6031 3126
2909 3949
3163 4674
4264 5188
5863 1973
7068 2389
7223 620
592 8566
6817 1025
3006 3850
8764 688
102 9344
5474 2373
1094 8363
3581 4261
4172 5288
7746 101
3834 4006
581 6275
5436 4018
7044 2410
3439 3418
9053 395
303 9146
3140 6313
486 8679
576 8580
4308 2545
3213 6236
7428 1728
7677 1479
1745 7414
8934 527
1193 7961
1534 7925
3256 4579
1858 5997
7177 1967
1507 6340
3506 5641
7674 1491
1661 6183
8443 711
2311 7141
7220 626
3825 3036
2366 5481
5028 2809
2211 6946
8581 584
1438 6408
8121 1043
7512 1932
1938 5900
4177 2680
6261 595
4811 4648
5160 3984
3305 3542
6608 2544
1130 8318
1298 7853
223 7618
7918 1541
1422 8031
3043 6415
6024 3436
5527 3934
5952 3201
5613 2235
8088 1069
979 8184
1866 7292
7892 1257
3665 3186
5298 1560
543 6302
4430 2425
3531 4308
1868 4986
6564 1282
6695 159
9203 261
4070 2782
203 7640
4221 2635
3303 5857
1388 6468
3991 2860
1480 6364
348 7503
6170 677
5469 2386
5860 3298
2842 4015
2269 4586
7163 2288
4433 3407
6351 1497
845 8315
6993 2151
1723 6122
6600 2851
2693 6451
5864 3288
4215 5244
6793 1050
5590 3864
5517 3639
8102 1055
8634 523
7753 98
1289 8167
5659 2190
6529 2618
4523 3322
6242 2915
2415 7045
1791 7367
4358 3488
591 8868
775 8387
336 7512
4170 3676
6458 2694
8311 1139
8434 1017
6222 639
3171 4665
8995 167
8023 1433
5774 3685
3307 4538
1599 6245
3703 5453
2310 5542
2000 7154
3953 3890
7289 2165
3443 4393
1830 7323
2373 4479
1538 7625
4569 4595
8825 328
218 6630
283 9163
8961 192
3227 4620
1315 5534
987 6869
3397 5762
8298 868
794 8355
1917 4936
7842 1313
4272 2586
9432 30
6330 521
3917 2936
3644 3207
7434 1725
5284 1557
1080 6773
5729 3732
4739 4413
1932 7227
779 8380
2558 6904
4643 4518
5113 1739
3730 3130
3729 4112
7503 1956
2646 5198
1322 7839
1455 8009
6499 350
35 6818
6870 2283
6510 332
6690 2459
6802 2651
3225 4619
3923 3915
7421 1724
1780 5070
275 8881
1656 7808
5995 866
5520 3631
3465 4384
3942 2910
8616 839
2389 6764
6969 2484
1575 5276
1910 4943
4925 4218
2911 4934
1517 7647
354 6491
3881 2971
4453 4701
3820 3042
7029 2418
5200 1654
1112 8352
7786 1371
8736 416
90 9066
262 7577
3271 4585
5181 3982
513 6343
2346 4501
4551 2295
4632 4826
5926 929
6958 2494
3748 5396
1119 8038
3009 4843
3302 4552
8846 307
3528 3319
1776 7373
1598 7862
565 7273
1650 5214
1733 7714
1558 7893
3175 6278
6420 2734
5856 996
5022 2831
8944 219
4371 3468
6496 2959
5016 2823
1001 6853
5206 3951
3412 4439
4477 2387
2640 6811
5027 4128
8783 377
8827 324
6406 1446
7756 89
2358 5487
6327 519
8758 388
4705 4745
2318 4540
902 5949
1189 5664
6658 203
1874 4990
1203 8244
7412 2036
4954 4503
1057 6791
1980 7163
1318 8139
4950 1907
6548 2610
232 6624
5813 1036
3448 5713
6879 2275
9055 107
1038 8426
261 8890
6550 312
5359 1502
3086 4770
3969 2883
2904 6553
6769 2689
6584 1258
1958 4899
9188 257
6462 1378
895 5969
5498 1355
339 7499
6731 1113
306 9147
4037 5128
2005 5839
2041 7106
3676 4156
2989 6165
2521 6943
3945 5210
1184 8269
1451 6388
2403 4457
3948 2905
1257 7911
5128 2725
7009 2143
6254 1586
3254 5901
4016 3826
3583 4262
1163 7995
520 8634
3180 6281
4946 4200
2442 6713
1271 8181
8720 437
6279 3172
3502 3342
7212 2248
2179 6970
5958 3194
461 7382
8728 729
392 6464
3673 4173
3918 2931
4086 3753
1181 8278
7821 33
1581 7873
4768 4389
5387 2456
523 6320
5839 2001
6438 1398
1509 7946
1703 7754
1909 7244
7141 694
6045 1806
390 9059
60 9406
4495 4963
2254 5596
3826 3019
6532 1320
2649 6799
607 8839
7463 1695
6097 3358
1133 8020
2488 6670
6565 288
9428 24
7144 707
8820 642
5447 3703
8746 404
3869 5297
8638 817
7193 655
4851 4606
6104 737
7791 1665
65 9385
6109 752
5805 1051
2919 4928
1811 5045
3289 3563
737 8416
3549 4297
5567 3594
519 7327
5575 2274
8986 465
95 9058
5463 1386
1309 7845
7947 1209
701 8745
7519 1949
594 8861
2600 6859
249 6605
960 6894
8140 1319
559 8606
2099 4753
4303 2543
7247 2211
2154 7007
2519 4334
272 8871
3868 5280
1635 7815
769 8384
2505 6961
1803 7349
4309 5137
572 8884
2732 6721
3515 3347
7920 1242
3608 5844
148 9305
1664 7498
2287 4563
1172 5683
5423 2424
5651 3508
8551 602
8747 701
4278 2562
3770 3084
1913 5934
1900 7248
8888 265
5784 2069
4137 3705
415 8743
8800 362
4980 4177
1281 5572
1103 8058
3815 5340
2654 5184
58 7775
1783 7675
4202 3636
6877 2269
3151 3693
6902 2566
5389 1464
7973 1475
6885 2271
6064 3098
5948 910
6436 2712
2594 6857
625 8836
4275 5189
1423 5425
5499 1344
6815 2349
5219 4238
4173 5286
6193 3270
2676 4174
1258 7902
2229 5613
5837 3314
1010 5845
9002 451
2050 4806
1572 7882
5079 2765
491 6359
5644 1211
9088 64
4296 4851
1060 5786
6831 2321
8862 300
7709 1754
2894 6258
5612 3543
6518 2940
1716 7744
9196 260
8385 767
4590 2260
416 6436
5710 3747
5021 4431
5422 4035
6130 3324
3870 5585
5083 1770
4931 2912
3721 3135
1761 7681
6373 488
4800 2054
7181 1977
7165 2286
2107 5736
5662 1186
142 9315
7126 2329
1018 5832
1951 7193
4938 4216
3983 3861
3781 3073
1956 7195
8285 872
446 8709
6691 2470
9062 393
3246 5910
3836 4012
317 8842
767 6090
2172 5668
1540 6307
2182 5665
2831 5018
3075 3772
4757 4402
5115 2730
3376 4473
3911 5254
8960 496
331 6528
3331 6123
427 7416
2512 5327
3410 4436
3241 6210
8138 1029
4114 3720
4312 2541
4420 3424
1194 7964
6688 1158
5761 3698
2119 5720
5375 3774
7388 2070
417 7424
9267 187
1176 5674
6784 69
6194 652
4183 2674
1008 6836
1672 7791
5978 1877
823 8630
926 5927
1335 7825
5261 3893
868 6978
2530 4323
3375 6083
4363 3489
649 7197
5939 3522
583 8578
7955 1509
8916 551
3194 5964
5699 3447
4990 1859
5026 1828
3442 5716
6202 3250
4584 3262
9213 252
4068 3784
881 8579
2497 6649
8279 1180
8636 518
6849 7
3480 3382
7840 1624
5424 1429
7962 1189
873 6960
52 9102
6666 1183
5306 4149
132 7715
3329 3530
7135 2331
1247 7903
2503 5341
16 9448
8133 1016
4316 5144
8347 798
5031 4426
2531 6920
5067 4391
6307 1537
8096 1346
6552 299
5124 1726
4687 4475
1179 6675
256 9199
4640 2216
6719 1136
2008 7152
4337 5125
9314 132
4481 2374
9007 155
4828 3007
1211 8242
6871 967
4968 4197
126 6737
7996 1154
7621 1835
8455 710
5607 3852
1700 7747
4265 3578
3059 6401
2207 5629
2844 5009
3738 5726
5062 1795
4425 5035
5827 2009
6483 373
5182 4278
1589 5270
2354 4506
7331 515
6118 3039
1979 5858
6125 3027
1027 8135
1773 6084
2930 3922
1290 8160
5413 3744
1110 6740
408 7432
5833 3612
4741 4417
1407 7750
7812 35
7664 186
1960 5878
1787 7659
2405 6756
714 8744
3178 3686
2499 4352
6910 2243
8954 495
4508 4641
6471 2684
5066 4396
6245 2900
5095 2755
5542 3622
1118 5728
409 6446
8502 957
3033 3811
1747 7420
3698 3148
5074 4090
8195 958
2267 4583
5597 3552
6791 2365
6656 2793
3757 4094
5622 1233
3702 3144
7721 126
3938 3907
2810 5044
4175 2681
5772 1075
7205 1954
6557 293
4971 4480
1853 7600
1061 8091
4871 2982
1799 5047
74 9074
4976 4474
4085 5077
5504 3952
4315 4846
3717 5442
4870 1983
1959 7495
2250 6906
1128 6726
7516 327
936 8230
4441 2411
8328 1127
4254 4905
231 6622
7206 1950
3985 5164
5492 2354
2163 4700
4997 1854
8077 1376
2308 6851
7755 1693
7967 1179
3105 3743
4647 4500
4749 2103
861 8596
6766 1084
1585 5258
4179 2665
4010 2844
3632 4222
4228 2624
4996 1853
1743 6107
86 9073
2754 5085
4475 4678
7987 1463
3751 5704
1107 6741
6645 210
4727 2124
7583 1861
5526 1328
5777 3681
6019 3431
1311 6539
2690 4163
2737 6722
6318 1534
6575 273
3753 5402
6649 204
9285 169
2162 6988
6167 3285
5990 3178
350 9107
1949 5895
7078 2378
5834 1015
4754 3082
7823 1623
4525 2330
4835 3015
2980 6466
7799 1348
2413 7047
2931 4924
8407 743
1986 4866
3223 5932
6386 456
1539 5320
1397 7757
7758 1399
4756 4398
3100 3750
4229 2620
4383 2463
2149 5703
1607 7851
7280 1884
6430 3030
1996 4863
2900 3958
1929 7230
8032 1425
6547 1293
4444 3403
4806 4346
2899 3955
289 7566
97 6755
6294 2865
5625 3829
6897 2564
3707 5751
9149 309
6311 2849
8941 214
3723 4125
6957 2194
7274 1878
2947 4903
5999 3161
6456 399
7607 1551
5596 1259
1463 7700
6933 2513
6155 3307
7172 1988
286 9173
7440 1719
8873 579
1519 7641
8684 468
4057 3794
3979 2879
3477 5985
1816 7347
9085 368
7308 2160
4510 4645
5953 892
2799 4063
69 9083
7905 1250
8273 894
4853 4293
363 6484
2340 4526
2726 5123
6521 2929
1102 8059
2068 7092
3078 6075
1408 8054
6090 755
871 6973
1277 6560
3621 3227
8026 1135
3873 5285
361 9085
1178 5670
2664 5182
2869 6590
4567 3268
6903 2560
2217 7238
975 8481
3209 6253
5320 4137
5356 2483
5041 1807
8585 570
2877 6291
6428 426
279 8877
4821 3028
1171 7985
1554 7592
5896 956
5056 4098
1261 6580
856 8598
5830 3329
4273 4884
166 9001
5291 1558
2721 5131
3714 5733
9242 212
8985 474
236 9220
8640 811
1757 7397
2367 6788
4492 3359
5756 3699
4974 4481
5221 1635
5343 1503
3198 5956
181 6671
956 5903
4283 2570
5063 4400
9351 93
2024 7434
7253 2210
4209 4948
5259 3904
6015 1834
5524 3931
2849 6299
1532 6323
4014 2843
4210 2647
4597 2255
7665 189
8471 676
4781 4375
1464 5388
3323 5825
7190 654
175 9278
8600 846
2898 6556
1105 8057
8172 972
3984 3862
46 9411
6334 2830
80 7768
8410 1046
3609 5543
4548 4919
1033 6810
2659 6490
4681 4476
3210 4635
702 8754
4638 2214
1206 7952
6653 2802
6093 1763
6654 2503
2260 4587
2009 7439
2424 7027
1263 8193
4251 2609
1758 5095
3523 5930
972 6875
2764 5086
94 9049
3679 5470
6965 877
3387 4471
5246 4208
3694 3160
5082 2754
5919 1930
6967 2187
1608 7841
4464 4995
4897 4257
4061 2792
7708 1453
99 6754
6110 741
3579 5871
2527 5321
7028 816
2716 4134
6274 586
8894 561
2241 5595
3216 4640
3268 4577
5289 2546
8823 325
1789 6057
6539 2926
1299 8168
4450 3395
6477 2969
5106 4055
4399 5069
5709 3452
8509 944
1785 7371
9009 157
8977 177
937 6911
3463 5694
840 8605
3471 5685
6107 1743
6233 2932
986 8467
4965 4189
2618 6533
7707 133
210 6642
9336 116
8145 1317
6180 1666
8870 277
209 9243
3153 6304
2110 5727
6400 3050
5742 3708
4502 2345
6647 1197
4524 3311
2032 7123
5740 2109
2742 5098
101 9353
8482 965
744 8419
7543 1904
7490 1664
5569 3883
1685 7770
6271 590
3846 3995
5213 1648
9059 396
1976 7474
1301 7849
4361 2487
5393 1473
8850 313
30 6832
5045 4404
929 6916
8296 865
5816 1031
6181 672
7852 1605
1469 5382
1797 5056
481 8676
8680 768
5674 3781
5428 1428
5881 1959
6078 3072
7332 504
5485 1375
5886 1951
631 8829
623 7226
7216 638
2494 4360
5196 3953
6770 1073
1925 7534
4540 3305
2576 6879
5637 2205
569 8592
538 8625
2923 4922
8030 1122
6825 1019
1630 7831
2331 6820
5626 2219
1814 7630
6699 1149
3734 3113
3467 5682
5270 2577
7952 1508
3551 5897
1493 6361
3195 3651
3361 5798
4915 2937
5442 3711
9228 232
951 5906
905 6932
6329 522
2114 7339
246 7599
5347 2500
6805 2351
2815 6634
5174 1683
258 9200
2353 7112
7570 1582
6617 247
2079 7072
7052 2402
4598 2250
6302 3150
3127 3719
4715 3127
9052 398
1093 5765
4583 2270
1895 7256
3359 3483
5296 2542
3604 3244
1295 5548
5913 3235
6255 608
9031 420
3543 4303
5484 1377
4105 5054
4374 2467
7419 424
2364 6780
7498 340
2140 5702
8015 1430
8282 1172
5162 1684
9045 408
8250 904
6960 876
6269 3190
1024 5820
3021 3838
3968 5485
919 5936
1536 7927
913 5947
8248 916
329 8814
4733 3110
8597 554
7743 103
4451 4998
8232 935
3269 6182
2231 6922
6765 2394
8124 1037
1082 8072
5348 2492
2220 5617
920 5940
434 6420
8406 744
3102 4734
5419 4039
3940 5218
7326 514
463 6389
17 7833
6561 2881
8054 1411
7625 227
1935 7515
5491 1360
15 6840
4644 4515
2566 4291
3887 3961
1084 8063
3636 4202
162 9299
5208 3945
2183 7269
4192 5252
8644 805
4819 4337
3184 3669
1348 6498
6929 2224
3602 5555
1717 6116
511 7332
7217 632
7303 544
943 6899
3905 2942
3427 6020
7058 2100
2004 4855
5970 3486
3411 5735
3401 4442
8786 372
5770 3385
4984 1869
6918 2535
839 7005
8345 807
8496 963
3089 3761
6566 1287
2538 5305
2988 6163
5473 3988
1899 5948
1269 6576
6873 2579
1387 6447
6012 3153
1739 5105
1735 5120
6751 2704
1059 6782
5311 4145
9300 153
1331 6518
878 8575
3615 5836
6905 945
1366 8084
1784 5074
5513 1337
2321 5528
5773 3386
6978 2185
7524 1640
667 8793
6339 2814
2748 5087
3333 3511
3837 5317
6779 2376
4820 2030
5214 1649
5192 3965
8618 841
6783 2377
6857 2292
340 6505
1841 6009
3715 5745
6819 2336
2863 4994
4369 2495
988 8156
6689 165
5893 3567
5382 1469
611 6247
9288 162
853 8303
2123 7028
1122 5730
2872 3973
7282 560
4702 2141
5602 2237
2360 5479
509 6341
1337 5511
3145 6013
10000 10000
