500 500 500
1 1
106 36
188 13
433 249
33 441
180 299
5 364
378 15
359 473
425 203
53 486
126 406
469 64
498 171
152 454
426 154
68 95
325 290
404 169
443 194
174 19
203 413
31 113
181 9
412 470
45 376
105 207
20 333
134 284
279 81
417 279
89 385
28 490
273 263
171 380
47 60
470 451
136 286
191 96
226 136
429 421
461 375
74 488
73 416
185 346
379 378
341 109
10 339
51 411
401 80
246 46
483 415
39 117
405 366
408 150
283 161
337 14
103 116
434 18
16 435
6 323
145 93
445 461
207 481
394 317
38 173
480 127
235 222
9 26
463 436
264 39
432 309
424 258
398 61
137 131
166 257
376 444
428 92
79 123
307 241
240 153
69 8
52 119
450 453
315 259
173 383
319 289
365 395
253 242
215 288
221 370
262 52
351 165
2 409
291 129
14 90
296 271
148 163
292 42
298 197
397 206
95 49
392 455
29 224
98 280
332 160
476 437
218 185
475 146
444 34
462 344
338 183
101 126
76 276
282 382
122 273
143 264
288 204
333 398
326 472
135 399
263 35
60 208
336 388
438 137
132 468
48 155
343 305
34 487
277 331
492 313
150 390
138 255
366 112
400 102
339 377
377 121
448 474
90 226
364 59
347 391
306 302
356 379
484 63
153 467
391 12
418 389
276 71
300 338
4 38
194 402
175 447
380 492
80 274
490 351
466 45
348 118
209 392
284 196
104 491
71 332
374 428
99 99
311 180
130 217
453 172
439 254
324 122
229 412
94 184
210 58
362 298
435 57
382 75
102 84
436 193
161 138
297 328
178 108
199 198
222 495
431 151
133 327
294 359
239 329
236 397
363 230
430 235
83 248
25 186
84 424
370 311
299 278
323 94
30 17
395 314
355 489
42 247
208 120
117 386
67 144
186 246
358 330
301 148
255 418
184 348
167 296
413 188
162 325
252 352
416 43
139 149
313 475
243 209
357 195
247 234
327 176
270 462
190 72
419 177
85 55
113 200
61 182
211 132
44 365
128 432
285 66
361 464
179 10
232 82
320 199
59 300
316 439
55 291
88 24
375 145
66 29
281 448
482 216
353 32
314 425
423 168
220 111
499 16
258 371
198 499
131 78
399 430
272 356
334 387
278 372
109 53
146 211
227 253
371 192
72 101
472 345
373 23
141 438
317 343
43 124
193 215
329 158
441 270
100 227
65 465
302 321
486 239
340 245
224 434
64 275
112 431
369 98
488 426
321 354
427 7
165 31
127 252
197 405
295 353
478 47
62 141
87 403
259 497
411 308
70 469
216 373
458 106
123 89
157 181
454 285
349 443
241 69
183 318
474 228
449 107
312 456
491 423
352 429
129 459
116 367
267 457
260 404
77 86
110 320
471 493
437 6
233 2
381 326
330 115
495 73
414 401
269 440
473 76
257 225
118 210
318 251
387 477
256 128
497 277
342 261
124 256
204 442
63 407
202 408
57 358
407 178
451 174
212 159
192 130
242 41
286 400
19 56
144 105
274 357
32 478
195 301
92 65
360 187
22 363
201 355
420 417
479 79
182 205
8 54
248 214
170 191
496 361
493 368
280 143
410 322
238 212
41 312
142 110
457 498
442 3
27 494
244 152
331 87
177 449
402 33
406 91
344 281
214 88
120 452
271 267
464 133
403 77
456 265
422 360
228 471
200 307
251 414
23 310
81 157
91 476
265 293
158 103
346 202
163 260
289 283
189 374
121 341
388 28
93 422
393 243
15 420
125 250
17 282
217 85
49 236
115 51
287 67
154 147
489 337
390 297
159 484
56 262
494 44
230 268
345 40
13 5
293 22
389 450
447 201
268 479
97 334
237 266
467 349
24 238
249 483
196 223
231 164
147 48
385 68
82 4
446 218
275 162
176 336
386 125
310 244
372 303
328 50
140 156
459 190
367 74
396 384
485 340
37 219
54 316
290 496
303 294
18 27
213 350
250 394
206 458
254 292
261 347
384 460
322 140
477 295
96 381
468 30
149 179
160 100
7 166
11 142
481 306
304 342
46 240
3 396
383 167
50 25
335 232
350 324
107 393
151 83
305 410
36 362
354 485
455 419
309 114
108 269
119 335
172 37
223 482
111 315
421 466
156 237
12 445
409 231
75 220
234 134
460 135
168 213
465 221
308 480
487 21
155 175
415 233
78 20
169 104
164 189
35 319
58 369
266 433
86 62
205 170
114 287
440 427
187 11
21 97
26 304
219 229
452 70
368 446
40 272
225 139
245 463
500 500
