500 500 500
1 1
476 218
240 15
375 314
104 149
266 430
187 63
238 6
150 101
101 141
36 200
103 144
462 232
124 115
121 135
287 412
183 69
460 237
125 121
215 478
80 176
453 241
402 282
122 123
373 323
219 478
225 29
467 229
104 146
163 81
241 446
273 410
158 83
412 286
171 70
84 162
199 45
496 207
164 87
72 176
280 423
245 8
401 293
378 308
54 190
87 159
456 233
29 224
406 293
3 241
445 244
62 182
498 198
354 337
333 351
47 205
78 162
161 87
83 156
366 333
182 64
468 216
419 283
419 278
238 11
481 209
326 376
246 442
278 425
472 224
19 228
364 328
225 474
344 345
102 141
370 328
421 266
235 16
237 460
224 25
340 345
477 215
116 136
184 69
302 388
446 246
446 255
266 432
178 65
231 16
415 278
197 51
401 298
157 98
112 140
478 224
196 58
363 335
447 253
319 382
140 108
412 291
124 129
2 251
465 228
232 471
396 291
55 192
143 112
488 204
346 342
463 228
296 390
462 222
304 389
410 279
193 500
6 252
71 174
245 442
8 252
188 60
241 447
268 433
102 144
351 342
211 475
195 57
365 336
445 242
25 230
13 224
168 83
49 197
45 212
324 376
352 347
263 428
315 377
414 281
443 244
75 165
53 202
231 472
393 305
167 79
95 155
378 312
477 214
210 489
243 459
297 401
222 475
127 121
393 306
242 444
150 98
240 446
393 297
235 452
10 232
348 347
460 240
335 370
93 160
441 256
230 462
228 463
64 186
331 374
330 369
416 282
216 36
497 200
117 126
85 174
219 30
499 207
20 237
160 96
387 304
43 209
114 134
35 211
20 223
372 329
129 123
86 169
78 168
200 48
234 467
178 59
106 146
183 66
184 63
402 293
116 135
186 60
167 76
299 394
158 89
302 398
1 245
69 182
160 87
218 468
44 212
416 288
182 69
221 470
48 198
231 26
473 232
208 483
197 49
167 85
386 302
32 221
111 134
483 210
240 458
481 222
196 499
272 421
131 109
236 465
375 310
432 255
140 110
104 140
208 492
428 271
223 471
211 477
328 372
230 11
347 339
323 369
21 232
261 432
390 307
453 246
197 43
1 240
307 388
174 72
362 328
414 274
69 174
109 136
311 393
400 293
98 146
124 131
130 118
413 274
479 215
380 312
196 41
21 226
254 448
169 76
330 372
175 83
459 230
145 102
129 127
277 413
244 442
224 33
345 346
77 160
61 190
363 331
9 249
107 148
34 210
456 239
380 316
113 138
488 210
173 75
101 157
12 235
245 454
37 204
225 24
269 432
94 153
119 135
380 314
198 51
26 223
203 496
159 79
239 456
196 64
479 221
107 142
246 451
494 211
389 312
164 90
476 215
124 123
205 495
446 256
33 224
392 305
468 228
493 203
9 236
177 83
54 198
1 244
481 218
235 454
66 186
364 331
289 404
46 203
204 488
220 470
228 460
7 243
184 68
134 107
109 138
475 218
52 205
230 464
216 27
141 109
216 475
144 102
489 213
354 348
84 156
6 245
218 19
205 43
104 142
130 113
37 211
56 194
93 146
130 105
186 66
165 80
395 303
322 381
157 91
468 218
471 235
36 218
83 162
136 106
177 69
390 311
247 4
161 84
271 419
95 160
201 51
143 105
280 411
155 92
75 174
118 130
297 407
353 340
33 225
341 361
278 424
465 236
98 145
27 221
218 33
449 241
44 204
206 30
187 67
417 287
270 430
48 201
40 206
374 323
347 346
198 47
69 176
220 30
323 363
235 20
403 291
221 25
149 101
306 393
226 13
487 213
74 174
2 242
263 437
283 415
138 103
463 227
147 108
332 356
12 232
418 277
293 414
213 483
402 291
273 425
27 223
409 289
203 37
69 177
200 497
336 367
359 328
324 378
180 70
311 383
82 166
497 210
225 19
432 262
281 427
296 396
143 104
216 39
202 56
220 468
244 452
352 338
306 395
280 417
225 23
179 62
415 284
133 119
285 419
43 201
104 138
231 11
177 73
332 366
238 455
139 107
378 326
102 150
481 208
242 5
385 298
59 188
337 345
233 13
360 338
203 490
203 50
308 385
240 8
68 176
457 231
477 226
152 98
261 439
31 226
236 7
181 77
250 435
379 308
270 434
80 163
420 269
116 125
19 217
108 142
462 220
194 54
81 163
400 306
138 111
177 80
133 120
189 60
22 230
312 387
147 98
30 215
99 147
256 428
396 307
327 372
232 23
416 287
485 220
296 389
433 269
500 500
