10000 10000 3832
1 1
4534 1598
6186 1372
2635 3496
2461 677
1620 4504
1080 2072
4026 3533
7493 78
1853 1289
2354 786
5034 2532
1857 1272
1000 2138
505 5618
2434 3688
1230 4884
6055 1504
5328 2248
1360 1786
4082 3482
2820 327
1714 1421
3022 4543
1257 4873
2875 262
490 2635
643 2492
1529 6030
5039 1084
5878 1692
348 2794
3085 3031
5521 2042
1335 1802
1244 1900
694 2446
4705 2865
5876 244
2456 681
7352 210
4640 1487
3835 2285
2285 5288
846 5281
2845 4716
1915 1236
2545 3583
2640 492
4194 1926
841 6722
557 5570
5733 384
6589 989
2308 5245
585 2559
2539 604
1713 5843
128 5981
1855 4272
6075 44
1453 1689
295 2831
4920 2633
2912 226
3088 3037
758 5361
640 5488
6541 1019
5223 2348
4127 2000
2566 3554
72 3067
608 5514
4131 1989
1470 6101
1839 1288
4660 1451
5008 2550
2192 949
1764 1380
1490 4628
1774 4353
1944 1204
3030 103
4447 3125
432 2704
4585 1538
3722 3837
4033 3539
5710 413
2276 860
6707 852
376 2763
3688 3868
1269 1874
281 7286
766 5362
974 2167
3347 4219
4698 1420
2955 182
1374 4748
736 5393
769 2367
3401 2720
6052 59
545 2584
3773 2353
5933 186
3070 62
713 2422
2227 913
2057 1092
3051 4518
829 5285
1573 1568
1990 1153
4952 1171
298 5821
3924 2206
824 6734
4020 3543
1272 1855
419 2725
1358 1777
274 2867
1535 1595
1351 4776
833 5290
410 2737
3012 4558
272 2868
89 3052
4618 1495
4622 2945
1307 4818
3726 3840
2409 5159
5009 2547
2915 223
3640 2493
7114 454
1942 4181
135 3006
2980 157
2143 985
2489 5073
703 2437
3004 3116
2233 3893
4254 1867
5269 863
219 5903
2204 937
4334 3238
6563 998
1085 2049
2320 805
6009 1557
286 7276
2055 5506
5948 1622
1209 4913
4501 1615
3153 4413
2768 367
6040 83
1759 1383
1281 1853
413 5709
875 5251
2805 332
671 5451
3133 9
2809 341
896 2231
984 6594
1806 1342
3571 2548
464 7110
2294 840
455 5670
3909 2218
871 6697
4 3142
4531 3038
2558 5012
2927 199
3294 2830
4641 1476
592 2537
5329 2242
2095 5481
7321 248
626 2508
1637 4484
524 2618
869 5262
2784 362
454 2682
7094 481
3519 4047
2078 1063
5728 1848
2331 3797
5565 1996
5662 466
7459 109
710 5406
2965 173
5448 676
1579 1566
365 2776
990 6585
7333 238
629 6938
1246 1902
1040 2098
2422 714
3736 2378
2297 836
2523 3600
5069 1058
5192 932
2653 494
7149 415
4391 3185
1929 4193
5103 1015
2636 3483
4195 1933
3923 2199
1920 4206
2691 4869
4947 2612
886 2249
6443 1118
1618 5946
4158 1967
3898 2217
3056 4521
7303 264
1641 4482
5942 175
5014 1114
2696 447
1212 6352
4106 2025
4235 1887
6976 595
586 6974
6245 1326
1142 4982
3745 2386
7470 91
1979 4145
3851 2273
4943 2624
3485 4086
843 6738
435 5683
3955 3614
1327 4794
2173 965
440 5690
258 2890
2748 4823
5723 393
2300 838
828 6746
1994 5580
449 5667
3353 4205
101 7470
567 2567
322 2823
1276 6290
1811 1327
143 2998
373 2762
2527 622
593 6975
3638 3934
2874 261
4483 3097
2287 3825
3331 2796
1743 1387
4368 1759
1556 6013
4906 1220
1901 5677
1696 5864
4325 3237
255 7297
2907 243
162 2972
812 6758
5126 997
30 3100
2154 3967
23 3118
2534 610
4769 2808
5936 192
5219 908
1523 6045
259 7316
2705 429
2038 4094
3005 132
630 5492
1874 5682
2844 4715
2902 239
5230 2339
2009 1120
4655 1465
6053 1528
1451 4673
1668 1480
6810 761
155 2980
2197 3930
1894 1249
3400 2715
4045 2079
1495 6069
6578 978
991 5133
1382 1750
685 5433
1348 6224
1565 4562
570 7002
656 2474
5341 791
16 3121
3122 4456
7314 250
417 7158
2625 3500
2667 3453
2488 5076
4685 2881
2345 3780
36 7539
4369 3187
3451 2661
2380 766
1980 1169
1308 1836
2723 3406
2595 541
759 6812
3272 4292
3408 4150
1392 1746
1389 1737
4540 1586
558 2590
350 2783
126 6002
3441 2676
2870 258
2837 4733
3191 2919
1611 1523
3105 34
2524 3586
1973 1159
708 6857
1605 5970
7368 198
2180 3943
568 6986
5844 272
3445 4129
6103 1471
1347 6219
2008 1138
840 5280
2929 3189
1443 4679
343 7217
1235 6337
7026 531
6531 1033
1024 2105
1716 1427
5462 652
2884 4693
201 2928
790 2345
3857 2261
646 2495
313 5807
2746 390
4597 1527
6380 1186
5427 2139
5752 366
6579 987
546 5573
1015 5108
7190 364
1777 4348
2631 514
3962 3593
7288 276
3235 4332
129 3009
3826 2292
353 2782
1802 1347
1079 2060
891 2243
5085 2468
5237 2333
1474 1677
3036 4535
2654 4916
2203 3928
3094 4467
2508 5070
53 3087
1452 4677
5909 1659
2147 988
538 5595
240 5876
1157 1976
2937 197
1217 1919
2480 5083
1623 5941
4730 2835
2735 405
1385 1756
1709 1442
4506 1616
7419 156
1072 2064
1872 4251
2693 4867
2773 4796
1150 4973
2889 242
560 7004
7230 330
5158 960
5946 170
2893 240
1768 1367
4190 1932
3699 2425
119 3026
6179 1398
2669 3447
3684 2447
3800 3766
6063 1518
5495 637
5374 737
506 2636
6691 887
1989 1148
1176 1970
3472 4083
7075 478
2101 1040
1305 4813
2897 3225
1290 1860
6894 673
2716 414
1297 4833
3137 2978
44 3093
7262 318
3001 4570
504 5627
1870 5691
2607 532
5603 510
5106 1018
2376 5196
3794 2320
1378 1768
2231 3886
381 7185
3594 2525
6616 954
5838 281
408 7159
651 6916
681 6875
5447 2121
1836 5731
4179 3392
303 2839
2052 1088
4801 1311
2676 3444
2986 142
944 2202
1933 1195
2814 3315
1413 1740
301 2845
1026 2104
1831 1298
5535 2029
1317 1815
999 5128
1736 5830
2236 5318
2491 645
2673 3460
3960 2170
2973 4597
4418 1699
622 2521
3143 4423
6442 1127
5615 511
4895 1222
4227 3337
293 2843
387 5723
1414 1725
5543 2028
5180 952
4508 3053
1372 1765
3551 4016
3572 2560
1299 1834
2592 4967
4968 1161
1891 1253
164 5951
3039 3076
4204 1910
2816 3300
1354 1789
7378 188
4740 1385
749 2391
1850 5715
649 6923
2039 1098
805 5319
3228 4341
1455 1678
6435 1139
4263 3306
5145 977
2628 507
4250 1882
2740 398
206 7365
5553 568
4782 2785
2843 300
5578 551
6014 94
2905 231
4096 2026
2824 4740
2482 660
5796 1781
2079 1066
2395 741
542 2582
1570 4560
3066 82
7372 193
2133 5420
1770 5792
707 2429
5059 1069
2074 5486
2646 4907
1742 5826
3865 2256
1329 4792
2068 5512
2050 1099
342 2799
5559 567
5393 728
4269 3302
3659 3910
3848 2272
5432 2137
6685 883
4352 1767
4522 1601
2432 707
2272 869
324 2814
2898 4670
433 2710
6022 1544
3203 2930
1446 1701
2333 3789
1730 1412
2584 546
6000 119
4524 3042
1011 2123
2559 572
7193 379
1396 1741
7494 75
372 2760
743 6824
4676 1445
5595 1960
2563 573
1081 5037
951 5172
4954 1170
2877 4700
5349 783
6226 1343
5864 1711
2730 421
4233 1886
6575 990
1914 1223
837 2296
566 2576
3011 122
997 6563
2908 4661
355 5762
4865 1261
4409 3152
4818 1302
5208 922
1635 1500
4276 3295
5618 1949
3130 4442
1788 1355
7514 48
3061 4507
7069 499
3055 79
2351 793
1461 6110
2383 3742
2242 896
5737 374
6908 665
476 2649
4964 1150
1795 5783
3619 2496
6814 753
706 2435
2476 654
13 3126
1613 1514
1294 6264
3819 3748
2414 5161
3280 4295
887 5228
800 2341
2744 403
927 6630
802 2331
4290 1822
444 2705
1325 1818
949 5173
2885 260
1961 1183
7082 493
7537 30
2027 5546
84 3068
1972 1160
3103 4469
4858 2714
4961 1158
716 5399
3078 3044
2894 245
2520 626
4329 1791
1267 4858
3213 2909
669 2472
897 5229
5739 394
184 5938
4686 1446
224 7352
2042 1100
1557 6006
1062 2083
5762 365
5271 849
2386 749
4824 2739
4029 3547
3509 4062
7236 334
176 2951
1710 5866
3020 4540
3302 4270
3351 4210
1236 1899
1647 5926
543 5581
3975 2152
6011 110
2081 1055
1250 4863
1108 5003
4417 3135
4455 1665
5205 2369
1580 5988
1189 6384
847 5272
2634 3481
2656 477
3598 2519
3240 4320
2393 3732
596 5537
3102 45
2235 3879
1046 6521
715 2416
1639 4473
1899 1245
978 2158
3034 114
3866 2251
246 5884
1369 4752
3906 3663
2322 5244
3106 3004
1832 5739
5272 854
3025 3095
1425 1720
7418 153
2017 4113
1095 2047
580 6978
3159 2970
3503 4068
2177 3941
963 2171
2863 3265
217 5897
520 5606
2958 3153
127 3010
2125 1016
5429 2141
7488 73
4475 1650
4373 3196
702 2431
256 2883
2954 184
1275 4838
1169 4948
1349 6214
1071 6501
2324 825
895 2237
7546 24
729 2418
1522 1621
6448 1122
4845 1267
2363 3765
2341 794
7233 342
1852 1277
4015 2100
6099 27
1627 5952
2188 3925
167 2962
952 5166
2473 671
2450 3678
1318 1819
6002 1564
3121 4444
6802 759
2500 3624
2190 959
1380 1771
2034 4076
2672 4896
914 2227
5630 1948
881 5233
1827 1316
3858 2268
5637 479
1846 5727
5849 1710
767 5351
5989 130
1947 4163
6 6115
4168 1954
1322 1807
2286 859
1301 1840
3409 2716
5854 1718
2813 328
1689 1439
6641 940
28 3124
3522 4038
625 5495
1595 5971
1136 1998
2398 5155
5116 2450
1101 2045
1532 1610
7252 313
1654 5904
1985 4127
4995 1126
1862 1281
2388 760
4564 1565
2565 583
4689 1434
3965 3594
3683 3884
2931 212
116 7462
7458 102
97 6025
1792 1357
971 6596
3032 3082
374 7187
1574 1562
1352 4755
5548 565
1438 4697
1997 5578
3348 2771
5722 1843
1669 1469
5826 294
3318 2802
5088 1022
7240 335
142 7424
698 6872
1192 4926
3043 3069
2603 548
317 2828
4266 3308
2839 288
4240 1880
3496 2632
647 6932
650 6927
5288 2278
5917 1653
3528 4024
26 6089
4897 2672
4271 3299
3145 4414
3706 3854
452 5675
2449 687
2626 3502
1135 6434
2795 348
6019 1552
4289 1831
3768 3809
2509 5067
4464 3113
5450 2115
987 2153
3182 2946
3446 4111
2361 5220
1537 1594
5542 2012
3219 4349
1859 1278
2622 4956
2945 189
5593 527
4975 2605
1948 1185
3417 4157
1336 1804
310 7262
3298 2817
4206 1911
4453 1656
7017 547
2967 4589
29 3112
416 7146
2229 3885
2212 928
2950 180
1465 1673
6601 968
4103 2010
2130 5429
3781 3779
969 2173
1463 1670
1054 2076
4989 1129
4380 1729
814 6761
6659 905
5779 338
696 5431
1167 1968
562 2579
7521 54
2005 4106
5376 750
1799 5770
1511 6054
4423 3147
3625 3940
2995 144
2000 5564
4503 1613
1065 5065
2309 822
6382 1188
1067 2070
834 2304
3807 3754
2389 3735
2807 4767
850 2282
5259 864
5003 1125
2438 5138
1223 4899
4980 2573
6866 697
220 2911
7110 463
3957 3605
1840 1297
1988 1140
5053 1064
1584 5978
1165 1969
5824 1749
660 6914
4279 1846
5366 2194
1063 2068
2535 3591
5587 1973
4186 3379
2575 564
5339 781
809 5321
5820 316
1965 5599
1224 1909
2597 539
2617 518
571 2574
140 3011
4333 1792
5020 1107
3907 3665
7078 484
1181 6388
1271 1857
4191 1924
4377 3194
1033 2096
3049 87
4429 1684
7367 204
2531 613
62 3077
2911 4650
817 2317
1603 5953
1775 1362
5767 363
4383 1736
357 2773
2358 779
4931 2629
5313 2246
4613 1502
1717 4408
1249 1892
2652 4917
1562 1587
2249 5316
699 6859
14 7553
1186 6381
1733 1410
1728 1407
588 6982
5297 2271
1797 1335
941 2195
3964 2159
346 5763
7159 411
581 2563
2528 616
6990 586
2718 3398
3158 2956
1479 1664
5956 1603
1995 5575
1411 1726
6227 1353
6323 1239
2490 3635
5463 658
4341 3227
192 7374
892 5236
228 7347
4053 2065
2290 847
1723 1411
5809 308
1898 1246
1600 1537
18 6104
1422 4699
992 6589
1746 4377
2374 770
5621 504
473 2658
409 2741
3721 3841
6225 1339
2868 4707
4977 2592
3597 2520
2856 3270
5494 641
732 6836
3492 2620
2703 3416
7222 346
1889 1243
1761 5811
2163 5409
131 3015
1946 5611
508 7069
859 2289
1798 4317
1591 5965
2103 4020
4337 1787
4036 3535
6056 65
4061 3511
294 7278
495 7066
2974 179
3532 4040
621 2513
879 5248
1106 2030
3229 2895
67 3081
2168 975
1626 4501
1202 1937
2551 590
873 5250
4594 2965
4353 3210
2112 4014
3324 4250
642 6919
1913 1226
3425 4144
3824 3741
47 3088
2467 3658
2922 3191
3363 2765
3792 3786
523 7037
273 2875
4516 1607
6967 598
1121 4989
1383 6190
547 2591
5616 506
151 2981
4243 1871
1810 1318
3373 4185
65 3079
3920 2192
5120 1006
4854 1269
4823 1300
1554 4566
3090 36
3953 2180
2013 4117
5212 920
5452 670
2097 5472
4752 1374
5653 1906
4064 3503
6373 1184
1505 1633
130 5985
4912 2653
3796 2330
1772 5791
796 2350
5191 925
105 3018
1843 5730
4749 1373
3355 2768
4849 2719
1371 4746
1132 2001
3934 2188
611 6957
2140 5428
727 6849
3204 2924
6585 984
2871 259
973 5144
1745 5824
3067 4503
5975 138
2756 3363
719 2409
404 2733
4208 1912
2159 981
1860 5720
2562 3562
654 2479
1890 4235
4675 1437
6363 1194
6480 1090
6749 823
7244 321
1256 1889
4100 2007
3038 97
2957 183
4163 3407
2758 373
4926 2642
3933 3634
5857 269
3928 2191
2252 877
7299 271
501 5623
5803 322
2224 921
3073 76
94 3043
12 3130
5517 2041
4537 3025
1182 6387
2495 642
3077 3047
196 2939
3995 2128
230 2906
2237 904
2881 4695
2917 4657
412 5705
330 7251
1485 1662
2205 3920
2695 4875
6609 943
2632 4935
22 6087
2736 3387
609 6952
1910 5659
5330 789
811 2334
1938 5625
1667 1475
2019 4100
6274 1299
2031 4090
2099 1051
3664 2455
5090 2477
3588 3972
2697 431
6013 107
1878 1263
250 2882
968 2163
4970 2603
358 2784
5353 2210
5239 889
4438 3127
1705 4409
7242 320
2919 4643
5791 325
2157 5416
2819 333
6433 1135
226 5891
2347 5223
1744 1392
458 5666
6189 1379
2547 588
5170 2395
283 2866
7562 7
962 2186
561 7016
3002 4575
1927 4195
5215 2352
2219 5344
5195 926
319 5797
1783 1364
363 2777
2776 4788
2481 5087
6144 1413
3885 2245
5614 1952
603 2531
5856 1721
3093 41
1653 1486
2318 813
672 5447
2778 3334
3171 2953
993 2146
2544 609
1657 1485
7399 167
5684 1891
5508 2054
1460 4668
1088 5022
99 7469
1782 5780
1918 5647
1097 2039
3884 2232
2060 4054
2436 706
437 7125
1690 4431
1612 1531
2280 5291
1251 1890
2271 880
2699 443
1055 5072
662 6896
1468 6103
170 7394
4711 1402
934 2200
1261 6302
2151 999
2323 824
3064 80
3449 4108
574 5543
5241 2335
159 2985
894 2239
2940 4622
4022 3550
1951 1172
390 2755
1002 2135
4317 1811
4601 2968
1969 1167
74 6048
1572 1559
2411 721
1402 4720
111 3035
2321 5239
657 6917
1005 2118
2446 5116
1514 1623
4797 2774
1406 4708
1139 6439
6114 8
2988 140
923 2215
550 2589
3548 4019
2067 1074
1804 1332
2866 4706
261 2885
1911 1241
3507 2606
1255 1888
4173 1941
762 2383
2400 738
5471 2093
1697 5871
577 6987
2439 700
2301 832
2862 3263
1014 2129
2261 3861
2932 201
4738 1390
6100 1455
5659 1914
1553 1584
1586 4546
983 6587
1038 6537
1222 1921
1585 1551
4367 3195
4958 2610
249 7314
819 2311
5782 1775
4777 1345
1932 1214
205 7354
3354 4201
3084 56
1963 1182
1444 6125
2468 5095
4649 1470
880 5237
2043 4078
2012 5549
1962 1180
2594 552
5973 1580
269 7292
2895 3224
5596 524
2122 3995
753 2394
3874 3683
1569 5994
7023 534
3881 3689
50 6064
3161 2950
3460 4102
675 6884
6429 1145
1102 6464
4515 1604
211 7360
4306 3258
5557 559
1129 4991
4722 1400
648 2494
2793 4770
1384 4730
1345 4780
2304 3803
6524 1041
5877 1682
2240 5315
2494 3633
137 5977
4535 3029
5304 2263
2729 3391
5040 1081
1265 4849
782 2357
2504 638
2891 3236
2719 427
3562 4008
4130 1992
776 2360
46 3099
3381 2738
2984 162
2747 3368
4078 3486
2267 872
595 6981
5133 2430
1331 6240
6260 1310
1177 1974
5134 2441
711 2432
3262 4309
5165 953
1616 4506
1156 6414
4185 1943
77 3055
288 2851
4144 3436
1642 1496
1937 1206
521 2607
6824 748
4123 3435
3266 2842
529 5598
772 2361
3114 28
720 5412
2291 5276
4694 1415
5938 1632
3150 4424
555 5565
913 2212
6914 657
484 5633
6190 1376
2610 525
5459 656
3733 2393
2390 758
4047 3519
3748 3820
1030 5105
664 5467
3888 2233
1060 6503
161 2983
507 2643
2674 469
3138 4439
1042 6525
6132 1428
204 5922
1210 1927
1729 1406
1198 6371
7386 178
1124 6454
7549 13
441 7114
2530 606
1925 1210
606 5518
2618 3510
195 2942
860 5266
4904 1224
5373 2203
1638 1510
3680 2438
76 7492
257 2887
2767 3364
4857 1270
1633 5935
2978 4593
1197 4931
203 7367
336 2800
3648 2465
5560 571
1357 4778
2921 229
2264 885
5105 1008
2255 882
1607 1534
718 5404
3783 3772
3720 3847
421 2722
1350 6215
4546 1583
3071 68
1682 1460
238 2900
1930 5639
3402 2726
2335 815
2076 4046
4493 3063
4324 3252
1711 1426
1625 1511
5568 560
2783 357
1504 4612
1089 2050
830 2307
1098 6469
4960 1165
2970 3150
666 2462
5518 605
4073 2048
5001 1113
1575 4556
4132 1994
535 2601
175 2957
1509 4615
6353 1213
4670 1449
3452 2679
4867 2700
2938 209
531 2609
6085 42
6619 942
1492 1649
511 2614
4050 3524
2589 3544
945 6622
3585 2540
2853 4721
182 7391
6394 1179
3569 2549
2350 785
4526 3028
4448 1672
5451 2111
5756 368
3984 3577
1148 1982
1720 1425
787 2344
467 5657
239 7335
631 2505
2910 227
2269 3852
888 2265
4509 1609
3224 4352
836 2300
4647 1462
1342 6232
4456 1671
341 2792
2499 5063
1454 1680
1178 4944
2444 689
598 2555
6841 730
2782 352
2232 5328
3110 40
2199 948
5640 488
797 2346
5862 265
2049 5517
3395 4168
1588 4532
1542 1592
3806 3753
823 5289
6780 796
2762 375
4788 2778
689 2451
112 3030
1274 6284
2465 662
3944 3622
2391 5175
7360 213
2256 878
1300 4817
3601 3953
3045 101
2062 5508
1986 4133
1515 1629
2568 574
5504 2051
5425 691
4656 2905
7480 98
3040 4527
4784 2793
5763 358
1343 1797
3357 4215
2726 406
1704 1431
312 2820
2025 1117
3166 4393
5157 2421
2684 451
1362 1782
770 2363
2904 228
5545 2027
3604 2515
4627 2940
4141 3413
10 3117
3932 3637
2876 4687
728 2403
2689 3440
321 2807
813 5309
5510 608
1534 4587
5065 1046
3723 3839
2339 5238
2947 4614
777 2359
5631 1931
2084 1054
6850 725
1415 1732
2533 597
2091 1042
5273 845
2179 958
351 2786
920 5197
5411 702
1116 2033
605 6960
3076 60
845 2291
132 5980
64 7509
4761 1370
2279 5284
5747 377
3127 4445
742 5372
5681 439
2274 873
1153 1978
5768 350
7350 222
6175 1396
942 2190
6910 667
3270 2849
38 6096
4760 2811
7011 557
6499 1073
3349 4221
540 5585
7100 467
3393 4170
2702 428
2846 4714
5301 2269
3329 4230
2316 828
2611 4961
4770 1351
7522 33
1812 1315
5597 529
1825 1314
5926 1640
4826 2736
380 2767
6078 29
995 5129
4583 2986
461 7108
1608 5961
2848 299
154 2995
3432 2696
2425 716
2063 5511
964 5157
1912 1217
1803 4313
2817 324
1309 6252
1923 5643
2181 956
779 6795
2708 4856
4541 1593
1458 6107
2880 267
5601 1966
1066 5052
2522 5043
644 6912
254 5878
4027 3526
472 2667
2655 3466
4143 1972
4032 3538
2349 5213
5865 1697
2537 603
3 3137
6070 50
955 6616
2431 3682
4707 1423
5414 2161
2382 762
2170 5403
5897 219
4013 3560
1018 2119
1450 4684
1313 1829
1670 4464
3041 4524
5841 1719
4426 1702
4024 3541
965 6600
1022 6546
5255 2314
539 7032
271 2862
4449 1660
6017 1553
1482 4638
4591 2974
5227 906
572 7005
9 6116
2797 4762
954 6605
7128 437
6816 747
2032 1106
5686 438
1240 4877
1987 5584
4876 2692
2385 5181
2582 4983
705 2440
1092 5021
110 3033
193 5928
2098 1038
1288 1850
1519 4610
3104 26
2403 734
865 2267
3713 3857
1326 6245
1430 6140
1785 1365
1388 4729
305 7256
4257 1861
1750 1388
384 2751
2150 3975
1851 1293
853 5267
5122 1003
4414 3158
2209 3906
1073 5047
1539 1588
4256 1852
590 2554
6387 1178
450 5662
5519 607
5289 846
6964 602
3016 124
3111 32
922 2213
82 7478
1291 4830
3117 14
3654 2470
2865 3262
113 6010
2137 1002
4763 1356
278 2850
4365 1745
430 5699
516 7045
431 2717
6249 1312
2714 425
2372 768
3120 2999
594 6973
745 6813
4513 1602
863 2277
2455 692
1624 1509
1410 6171
2972 164
1373 6191
1225 4890
1032 5099
1436 6120
2165 967
6678 888
6476 1095
7099 470
1952 4175
2715 3405
1921 4199
1506 1638
5717 1839
7467 96
5312 810
57 7508
1908 1221
582 5536
2026 5539
4230 3336
6107 15
929 6638
3480 4092
3265 2856
1731 5837
1214 1923
345 7233
1439 1706
2916 217
3914 2198
3882 2230
2538 601
3332 4227
972 5152
2126 3983
4339 3223
329 7247
1760 1371
393 7174
2781 3340
1047 5086
48 3094
1090 2052
1879 5698
5696 426
6282 1287
6809 773
5131 2423
768 2379
52 7522
7158 409
600 5516
771 5349
2752 392
1599 1543
169 5954
940 5183
835 6725
2487 651
6089 39
2825 4735
2785 3343
905 5227
4790 1330
4911 1197
5318 816
2979 160
4700 2876
4607 1505
5998 134
1355 4768
1601 1542
3764 3814
1280 4839
2503 633
693 2449
1154 1975
1194 4927
786 6779
6424 1143
1698 4417
3412 2708
389 5734
1242 4886
4827 1294
2216 5348
3403 4158
4153 1983
2070 1061
3399 4166
3260 2859
1234 6329
1683 4441
4408 1715
1762 1378
2949 185
3352 2761
3890 2235
3194 4360
6830 726
85 7484
3575 4004
5607 1950
986 5122
3759 3818
4538 1575
1821 5741
1680 1464
1751 5802
5524 599
2421 715
3504 4058
2454 698
146 2992
763 6817
2918 215
379 7195
7272 304
1883 5676
2262 3862
3290 2816
3334 2798
4710 1418
2833 3276
2507 3617
332 2812
4637 2935
2751 3355
1419 6149
5490 640
4351 1766
4281 1844
1660 4446
579 6996
1190 6391
2976 161
3314 4265
3613 2503
1064 2082
3469 2655
5056 2499
1672 1466
276 5857
218 2927
2307 821
5711 1870
4555 1555
2642 483
722 6844
5533 2040
601 2528
3555 4007
1039 2101
2069 4048
2725 3401
2430 3684
4727 1393
5536 581
92 6027
1789 4329
2119 1021
1945 5616
4114 3448
5704 422
4172 1957
1781 1348
5326 790
2739 400
7047 520
3630 2489
2246 5323
5499 2059
975 5160
1480 6083
7008 561
1776 4345
4633 1478
4189 3381
597 5527
6623 947
554 5563
5575 556
2484 664
3454 2666
5408 2148
4432 3129
1431 1716
3046 4519
868 2280
5899 1675
2890 254
3845 3725
7267 296
917 5205
1173 6402
6752 807
2794 349
5435 685
2901 234
5576 1991
4556 3012
3510 4057
2953 187
5175 2381
2643 495
7053 513
2685 452
924 6636
688 2460
3814 2305
4905 1225
4687 2869
6212 1354
68 3075
1034 6526
1512 6051
1134 6441
2441 5127
5479 2078
764 6797
3179 4385
4999 2571
1700 5873
2665 4902
3292 2844
209 7357
165 7411
5228 886
4523 3039
241 2901
4051 2067
4840 2721
2040 1101
1314 1816
2763 4800
5806 312
2247 5307
2187 951
737 6828
5530 592
3089 51
2789 3328
5174 961
2058 4059
7106 449
19 7558
3345 2769
1617 4496
960 5151
5337 782
674 2459
168 5958
5875 1705
1820 1323
5100 2463
3296 2834
5585 1986
7354 225
6077 1493
2521 614
5074 2501
615 2511
1766 5803
6010 1556
3716 2408
7437 139
1076 2058
3921 3638
4244 1876
5117 2454
2900 241
2266 879
1518 1624
3173 4395
481 5634
223 2910
2124 1012
3997 3557
334 2809
6498 1071
620 2512
2727 3382
2270 3856
1391 1752
1943 1201
810 6755
3811 3759
2006 5558
4288 1832
4835 2730
4310 3245
1844 4288
2420 3710
470 7092
397 7175
7427 147
2208 936
3838 2290
2687 446
1970 1156
3003 4568
2284 5282
3894 3674
253 2884
1747 1381
2728 3390
5148 973
6115 4
4430 1700
7415 158
6838 724
1864 1266
4860 2703
3596 3965
4723 2847
2791 340
7525 49
7555 2
5990 1571
1310 4807
5932 1620
5493 628
855 2294
3644 2487
262 7312
1091 6476
6338 1229
2787 3339
4445 1685
2759 3353
3942 3629
5135 983
513 5608
2847 280
1567 1579
5250 871
3531 4029
773 6792
2373 3761
6948 612
2404 5148
4765 2801
5692 1875
754 5366
4525 1596
6356 1203
565 2581
2109 4009
3129 4447
1503 6053
2448 703
5642 1918
3952 3608
118 3013
1447 1676
3164 4407
2823 3310
5580 1985
1928 4188
1237 6332
7455 111
2810 4760
587 6991
6521 1045
337 2806
488 5636
4725 1395
5754 370
1151 1980
1826 5742
916 5204
7072 501
5693 1885
5385 2179
7284 287
304 2840
252 2898
2435 5120
2757 395
5296 820
2451 5117
1094 5030
4919 2650
3287 4283
3193 2929
338 5779
1813 5751
1780 4346
247 7317
2459 672
3564 2551
937 5186
4771 2803
3018 3107
627 2518
1125 6452
3709 2419
4498 3061
682 6883
3612 3956
6407 1154
160 5968
2089 1039
3183 4379
4099 2022
4307 3271
3986 3571
6599 970
402 2734
2215 935
2368 3764
2152 3976
424 5703
5299 2259
63 3074
4750 1369
3859 2260
3376 4180
81 6026
2704 3415
3428 4140
687 5435
7345 220
3651 3926
2952 3177
1880 4234
2993 155
612 6948
115 6011
7319 252
6874 693
1571 4536
2065 4052
4363 3203
2189 950
3482 4074
4285 3294
4028 2097
2497 632
17 6097
2614 535
100 6018
2860 278
822 6753
5981 1589
3316 2810
150 7408
2142 3974
263 5859
4062 2057
6289 1274
2282 856
634 2506
5002 2557
4582 1547
748 2389
265 7287
3831 3745
6090 31
3815 2303
1264 1881
3689 2426
3566 3997
158 5956
6562 1000
5719 397
4884 2674
2641 489
5461 659
4774 1349
1304 6255
3552 2572
4037 3534
6237 1334
315 2815
4934 2646
2020 4104
912 2220
3843 3722
5344 2224
172 2975
1900 4214
3079 57
1359 1780
3774 2358
3124 23
3211 2916
3978 2130
1231 6324
2872 3244
5976 150
632 2516
1016 6547
1724 4399
6711 862
275 5853
617 6947
1778 1368
933 2207
2191 5378
222 5892
7558 17
5383 740
1856 4255
818 2322
3377 4191
2644 491
3405 2711
6694 870
2765 3359
3505 2617
7143 430
2548 577
4102 3468
1381 6187
2546 5017
361 2788
4066 3501
2362 775
291 7274
5032 2533
2742 3370
474 7101
2213 3909
5534 596
4139 3432
1401 4713
7436 121
739 2400
3653 2467
2312 5257
2102 5460
1640 4487
2298 835
6534 1026
2966 165
148 2990
4780 1341
229 2912
2090 1053
1051 2087
7486 89
79 3062
2429 709
7237 337
1521 1627
7221 351
5397 712
7087 474
3060 77
3513 2595
6428 1142
3790 3769
4504 3057
2243 3870
3785 3782
4156 1977
3994 2133
243 2893
1823 4285
3200 4361
3993 3565
5610 512
4234 3329
1364 6205
3752 3808
1566 1572
2836 292
2633 503
3186 2943
3206 4359
7192 361
1931 5641
2982 149
2263 3864
1819 5755
3232 2889
1379 1760
6833 742
2348 5215
3015 4549
2766 359
4814 1309
6598 963
4706 1405
2806 323
7065 509
3050 3078
4330 3228
2310 5254
3391 4190
5234 884
1666 4452
2648 490
839 2302
3498 2622
6887 683
1330 1805
1469 1669
5831 1739
1293 4814
935 2204
1488 4624
1421 4701
1779 1359
2021 1111
4974 1141
2186 5376
6003 112
5923 205
2923 216
1295 4829
406 7153
4894 2663
6492 1068
3042 99
1895 1255
1861 4260
270 5846
5317 814
2903 4655
5210 910
1540 4580
3525 4041
966 2178
4630 1489
2540 5039
194 2944
5832 1738
5713 1851
5095 1034
5149 976
536 2599
3336 2779
3741 2387
3361 4200
2428 3700
2998 152
4444 1683
569 2568
4258 1877
2493 5085
2364 5199
6507 1060
339 5776
5029 1102
6482 1072
1516 1626
4211 3356
3448 2670
4299 1808
3712 3851
589 2552
2989 141
1725 4388
4439 1687
740 6829
6505 1065
2991 148
5303 831
701 2436
1703 4425
932 5179
919 6642
7218 344
3876 3697
4877 1256
7185 380
1146 4971
1323 1827
1794 4321
1707 1432
3198 4374
139 3005
138 5992
311 2832
4463 3106
1058 2090
1175 4942
4668 2903
302 7272
3810 3758
2675 3439
198 5925
1277 1864
2217 3898
3797 3778
181 7399
1606 4517
5342 767
1115 5007
6029 100
1614 4512
1902 1228
2532 3587
1757 5805
2798 3325
7471 84
6283 1284
2630 3498
215 5914
5714 1858
309 5823
5827 290
1829 1308
2245 3880
996 6570
680 5453
1152 6420
4293 3281
1334 6229
3014 3105
1748 1382
103 6005
2754 3372
3473 2645
1508 4619
2713 419
4690 1430
5314 798
1674 4457
183 7385
2780 3342
5858 266
2637 4937
5660 473
1263 1883
5648 1929
234 5883
451 5674
2842 4726
3628 3937
2156 3952
4038 2091
1632 1513
2896 4682
2132 1007
4198 3376
3839 2281
1082 5040
2075 4044
1131 2002
486 2641
4057 2055
5240 881
6472 1091
1992 4130
6969 611
3325 4249
5022 2545
3668 3905
573 2558
7276 298
6148 1417
2977 3144
1471 6093
3306 4261
1268 1868
3047 3072
898 5210
70 3071
4216 3348
2841 284
4610 2960
1353 1785
5715 401
1448 1688
114 5999
277 7285
328 7231
4893 2660
3812 2309
1484 1658
5401 2172
7177 389
3954 3601
4539 1590
7197 376
2749 383
4091 2023
4786 1337
3970 2149
1211 6349
2964 3161
2344 795
5364 757
149 5979
5146 2410
1324 1814
3259 4312
5101 1025
7146 423
1568 4542
700 6877
460 7111
2701 448
4081 3476
5884 1696
386 2759
1312 6256
3116 4438
1252 4872
6889 674
1583 4551
6024 1546
5667 1901
3879 3685
4441 3119
6064 66
1339 1796
3006 4557
2553 585
1615 5945
5912 208
5788 329
5309 2254
946 5182
2433 705
4090 3484
4301 1833
3415 4141
2200 5360
1078 2069
1128 2008
4385 1727
3584 2534
5403 717
2717 3411
5257 857
2326 819
7022 537
2251 894
655 5477
3637 2475
233 2917
6047 1517
4149 3428
6583 992
2888 4676
4569 2996
6375 1192
2651 4918
2248 895
1922 1219
1143 1995
425 2713
1593 1535
7431 145
2670 475
1547 1600
123 7450
584 5544
1296 1842
403 2742
2486 653
1226 1907
3945 2181
231 2902
3008 3114
1828 5750
1501 1643
1867 1268
760 2377
2445 682
434 7139
5729 391
2581 4992
1678 5885
5913 206
2858 4709
7259 317
1721 4394
5574 542
6168 1404
5347 2219
5129 2443
5335 2244
5155 955
1110 5018
6746 830
2657 480
3982 2132
5539 578
3134 2988
947 2187
1687 5868
2407 732
3661 3904
1188 4934
2721 4844
248 7318
6900 663
2485 5082
861 2274
1526 1619
2926 3198
1551 1576
3883 2228
4088 3472
1919 4196
297 7273
3520 2611
3533 2600
5019 1093
2166 5400
316 7261
1196 6376
4207 1913
5333 800
5645 468
3299 4266
4499 3056
5253 2315
4691 2870
333 7240
2832 310
2732 399
2220 924
367 5760
1787 1358
3470 2647
2555 3566
6308 1251
1010 5109
5925 202
4948 2615
2677 4891
2698 3422
3097 37
576 2553
1590 1541
820 2316
3344 2790
4653 2921
190 2959
237 5886
178 2948
3511 4067
6296 1279
2772 360
7141 418
4200 3365
174 7383
1956 1175
2498 646
998 5130
7266 295
2469 5102
4650 2918
2381 3747
5985 136
235 5889
2963 168
3181 4392
4879 2675
5285 2287
171 5944
3762 2362
1955 4167
1907 4209
2602 3514
2035 5541
3053 74
2835 3279
2234 909
979 2160
3899 2225
1771 4344
2178 5390
398 2747
2511 3610
3343 4228
1741 4372
6639 930
3383 2746
1266 4854
21 3108
3641 3935
4435 3139
1597 4523
731 6845
3527 2593
4932 2639
2996 3122
4734 2838
5221 901
3479 2637
1758 1386
35 7528
349 7224
6023 95
794 6778
903 6678
4600 2964
7335 230
5413 2154
500 7065
1966 5602
7205 371
3123 21
4098 2034
1292 1841
95 3036
6509 1049
2145 994
2172 962
3731 2399
6113 5
6205 1363
1435 6122
3463 4099
961 5154
4741 1366
2605 530
2406 729
6012 105
5026 2541
2690 440
5870 249
1739 4386
2149 993
1367 1770
4576 2987
1796 1344
3987 3579
5073 1047
2466 5106
292 5827
1283 1854
7434 133
1756 1377
4983 2583
2939 195
658 6920
5590 522
1004 6561
2158 5413
2679 3445
1258 6309
5177 2390
2668 3458
6105 18
876 5247
541 2594
1784 4322
2452 5114
4820 2740
4055 3509
4249 3323
2415 3702
3947 3615
3297 4271
2167 3959
1494 6059
2447 694
1481 4625
734 5398
5964 1599
1316 1823
512 7058
848 5260
5753 1813
3300 4264
2037 1103
2289 5269
2412 3708
7256 303
1957 5603
1559 4561
3295 4262
1050 6520
4885 2677
6108 25
5377 2193
5455 2112
2185 3944
7450 116
1053 2084
3974 3580
2616 508
6869 701
2094 4023
5815 1747
477 2665
4762 1361
2968 163
2579 4975
5837 1728
2225 5334
1695 1443
6364 1209
61 7506
5600 526
1395 1730
3387 4177
1027 5091
2478 3651
4819 1301
1333 1806
2353 772
1649 4461
3586 2542
3639 2485
5682 442
2106 4003
6923 644
287 7283
5860 256
5453 2116
383 2764
1722 1416
5439 2122
3626 2488
7355 214
6045 67
2399 5177
5245 2332
279 2864
4864 1262
1204 6356
2492 5079
375 5737
4847 1280
663 2480
2128 1011
2327 5234
564 7010
6792 776
3692 2433
1061 5062
789 6791
1130 6435
2588 540
686 2444
285 5833
1442 6131
3236 2872
6371 1198
5468 655
40 7532
5736 385
7071 498
308 5817
7518 53
1049 2089
75 3060
2941 4620
5394 2168
368 7198
3199 4369
4595 1524
5388 727
5904 218
3674 3890
4772 2805
5242 2328
2080 5491
2808 331
2230 915
266 2886
4599 2966
1147 4977
1127 6442
385 2758
414 2728
4901 2678
3938 3630
2712 434
459 5671
1220 1930
4631 2923
3414 2706
1282 1863
6672 907
2059 1075
4107 3457
4355 1773
3168 2963
4218 3345
480 5642
3855 2258
1998 1134
3687 2442
1416 1731
4101 2032
5295 826
1273 1866
5839 283
2222 918
957 5163
1536 6034
2202 946
6716 843
2664 3462
623 2522
1319 6246
4298 3268
401 7170
7189 386
5142 982
2268 5294
3711 3858
4657 1463
7038 533
2214 3911
4477 1642
3074 3049
7254 315
2681 4894
4873 2694
2541 3582
3629 3933
2001 1131
4815 2752
188 2938
2238 3877
2517 3612
755 6810
456 5660
2750 3373
1449 1694
388 7171
692 5421
1320 6250
882 5235
6414 1149
6973 589
2053 1082
5407 2164
326 5795
6615 957
360 5758
717 5402
867 6692
4811 2744
6556 1004
1905 1235
3058 69
59 3083
877 5253
2513 5057
4410 3164
7566 11
2356 3750
2593 555
1120 2006
5589 1979
2496 634
1817 4306
2260 3869
2613 528
428 5692
4446 3120
1118 5009
7035 538
5606 515
2306 3819
4160 3402
2022 1123
3985 3581
1144 4985
6191 1375
2131 3989
69 7498
6879 688
6591 974
4458 1648
5821 305
7507 61
679 6889
2087 1050
2071 4056
5651 464
3258 2860
153 7422
2002 1137
7448 127
3793 3776
2092 5482
1057 6511
2570 558
2241 3878
1863 1276
33 3110
1123 2013
1206 1938
2278 5287
2402 733
4913 1208
366 5757
602 5515
370 5759
1691 4429
4816 1307
5800 1757
2228 3883
1429 4704
1375 1753
5346 788
6001 115
1738 5828
4606 1525
4635 1490
2864 274
1180 6389
4575 3000
616 5496
2064 5497
3771 3800
5016 2566
2600 3532
4278 3290
1286 4836
3065 4497
4643 1479
2116 3996
3010 3111
1734 1408
4171 1951
4696 2863
2536 5035
2775 3338
519 7043
5511 618
2183 5382
4389 3175
7063 502
939 5180
5437 678
6551 1014
3734 2382
1311 4806
2338 5225
4014 2109
1475 1663
4836 1282
6073 1494
784 6785
2711 433
6486 1076
1661 4454
4150 3410
4793 1328
2526 620
1086 5033
712 6841
4951 2623
5184 2385
1203 4914
86 7491
956 6620
761 6804
6124 1441
2661 3471
347 5774
2082 4042
3990 2134
232 5887
1549 6017
6536 1037
1634 4498
4566 1545
4887 1234
5834 285
1006 2126
5995 129
1114 6443
3346 2766
3227 4326
831 6743
765 2373
3789 2343
1216 1916
418 5708
899 5226
3396 4172
1093 6488
5027 2539
906 6651
1122 5002
3477 2644
1008 5113
2774 3333
2799 4765
3397 4173
3568 3992
479 2668
465 2688
7286 282
6312 1252
3367 4194
6048 63
3514 4050
1328 4786
2111 5454
1500 1647
1133 2016
2305 842
1636 4489
4918 1193
2925 4639
5141 971
709 6867
4349 3213
1727 5836
641 5483
5960 1612
6971 593
5919 1645
4394 3165
1968 1168
1975 5592
443 5680
5076 2490
2601 536
90 3051
3033 3092
1909 1237
1964 1166
2706 4862
1387 4734
1394 6172
5927 191
1800 1340
826 6740
187 2954
2210 5343
1550 1582
788 6781
3411 4148
6734 833
2405 731
5903 224
5391 744
3217 4347
5814 307
5889 232
5306 2264
3854 3718
323 7243
180 5937
1971 4159
5254 2326
691 5418
2437 5135
4648 1474
55 7504
1939 5635
1187 1946
3274 2846
6110 12
2024 1110
4721 1399
1507 1636
1892 4220
1974 4142
3801 2325
1708 4419
1528 6033
7317 236
1645 5919
2975 4590
3746 3815
2161 3962
1622 1512
635 2504
120 6007
5887 1690
7487 72
2564 5013
1671 4453
4122 1988
147 2993
1814 5745
4128 3431
1866 5700
3370 2753
552 7014
1424 1723
359 7199
1428 6133
4362 3201
4226 1903
5544 2020
977 6593
407 7163
1195 4929
1712 1433
3422 2702
2384 3749
4303 3261
5658 453
2471 5098
3665 3908
3918 3648
6465 1097
2104 1036
2355 3773
282 2854
1472 6099
7428 146
4328 1784
6082 1491
2621 521
2650 4904
2638 4936
447 5684
1619 5936
5968 151
1260 1873
4335 1788
1502 1635
2822 309
6235 1324
1548 6032
5555 2011
1149 4962
5972 1585
6437 1133
7508 58
926 5206
1227 4888
3769 3802
5097 1024
5496 2077
4488 1644
3112 3001
3729 3846
3321 2789
4390 1735
3205 2907
5744 369
3780 3781
152 2984
4311 3248
2948 3162
2956 190
5750 1817
4415 1714
4265 3293
2093 1031
1096 6474
7479 92
668 2476
1462 4652
5152 2424
3484 4081
618 5493
2769 3344
1675 4450
893 6679
6202 1352
5005 2569
1298 4828
607 2529
3908 3654
4965 1155
5761 1798
1663 4448
6769 804
1646 4470
1466 1667
2115 3993
1306 6266
854 6708
901 5230
173 7398
4841 2731
5232 898
3323 4247
1524 4594
7394 172
2838 3291
6366 1200
5197 914
3795 2318
5324 787
6246 1331
5475 2086
684 6888
2850 3275
798 5327
4680 2888
1228 4897
6339 1215
4407 3157
5086 1027
3833 2293
704 2445
2983 159
2153 980
3096 35
1791 5768
1162 4970
5498 619
3992 3568
6669 902
5173 2405
1999 1132
2627 4938
485 2652
1025 2114
3184 2936
5817 1744
1400 6157
4361 3202
4000 2117
6722 839
2138 3980
3264 4293
2709 4851
1420 6147
6819 756
2443 3680
2417 5149
2148 5411
5068 2500
604 6954
2609 3513
1858 5712
3160 2955
5507 623
750 6809
1510 4623
2477 5090
2587 3537
1338 6236
938 6628
4915 2662
1346 6223
1693 5869
3632 3939
2424 711
7385 177
1028 6541
2359 784
420 7144
5920 1652
493 5628
2826 4749
2682 459
724 5383
2046 4072
1662 5906
7318 235
4733 2825
5356 2216
2123 3990
6543 1035
825 2310
4563 3003
3766 3794
2834 3289
4094 2036
4924 1190
5958 1605
4817 1306
186 7371
1830 4291
395 5717
6031 1540
5470 661
1284 4837
1578 5989
6955 617
1818 4307
1702 4410
4121 2004
499 2627
1628 1520
1168 6394
1200 4909
3943 2175
5937 1639
2992 4573
5993 1567
2586 562
661 2484
1873 1275
4005 2120
3311 4248
2120 1028
1412 6155
4314 3249
27 7531
4993 1128
331 5800
6871 690
1868 1271
1643 1498
1993 4136
889 6689
268 5854
815 2312
3816 3751
32 7535
1610 5959
2223 3887
4953 2625
1631 5923
5371 751
2171 966
4411 1712
1163 6401
551 7009
1491 6072
4886 2685
5550 576
6906 649
3226 2904
591 6984
904 6663
2571 575
6398 1174
670 2478
4145 3419
1935 1212
438 5689
1629 1515
5426 2140
6215 1360
827 6744
1432 4686
3027 117
5055 2502
1983 4139
497 2640
5840 268
6849 710
4323 1800
610 6958
1753 4366
2336 801
1886 4223
2861 273
2426 720
2514 5058
3808 2306
42 3096
870 6694
5308 808
1036 6544
4202 1928
5829 291
3249 4319
3288 4281
1056 6510
970 5145
4199 3371
3385 2729
1361 4753
3542 2575
1996 4125
1564 4554
7548 22
1368 6203
4231 1894
3185 4389
244 2892
1239 4881
436 5696
614 2523
5797 1763
5189 2371
3829 3739
5963 1606
5293 827
4468 3089
2265 874
4039 2075
1824 5738
3072 70
2136 3991
1070 2066
3550 2565
4212 1915
3147 2967
4683 1440
163 2982
2883 246
3128 4443
3919 3647
3886 2238
314 7260
394 5724
1035 6529
849 2288
4672 2896
4592 1532
56 3080
6097 1458
544 2597
6712 855
690 6876
124 3016
264 2874
2878 4685
1159 6407
756 2384
518 2613
4996 1119
8 3141
526 2621
7353 207
2790 3317
2944 3183
1478 1668
3989 3578
93 6029
442 5673
856 2276
2852 3280
3599 3969
4712 1419
213 7344
5701 1865
4124 1999
5896 1666
3695 3874
1068 6493
4140 3427
427 5687
2182 5380
4666 1447
1541 1591
5780 347
7520 55
1262 1869
2764 3361
5940 1625
6248 1325
2045 5523
3617 3950
3872 3694
3893 3681
3719 3844
3750 2364
2745 4808
4084 3490
2387 5185
6788 780
1875 1264
5532 579
4959 2604
2442 699
7532 43
5685 1872
39 6090
352 2781
553 5579
5260 868
4682 1436
3666 2452
242 2894
1191 6369
2088 4034
989 6571
5582 1997
2574 566
2879 3247
5705 416
2596 3530
1390 1748
4006 3563
1487 1654
2821 3298
2303 5263
1441 1691
2107 5452
1525 6040
496 5621
4779 2780
1673 4440
733 2404
4109 3456
4356 3220
2169 3948
514 7050
5677 1897
1105 2038
2827 301
735 2401
60 6049
7139 424
537 7022
527 7034
2317 3812
1229 4898
2211 3912
2346 5217
792 2347
1497 1641
1652 5913
5153 2411
134 7443
783 5330
1113 6460
49 6062
364 5761
2855 279
3277 4302
2722 4847
3521 2608
2218 917
3021 106
5224 897
3615 2497
2051 4075
549 7021
2645 487
3107 3019
5340 2229
2023 1116
6250 1305
3326 4239
362 7206
2365 3767
4692 2873
1399 4711
2036 1096
2760 4811
1193 1959
6710 858
5789 1783
1552 1577
2288 3834
6920 647
7402 176
801 5325
267 7310
2700 436
2418 3705
2994 135
4083 3493
1140 6424
156 2969
6080 1497
2936 4633
5023 1085
4471 3098
5623 1940
3611 3960
1386 1751
4002 2113
3462 2656
199 7372
43 7520
6829 735
4624 2933
411 7155
2580 563
2777 3346
3739 3826
4316 3242
747 5367
3836 3734
757 5363
1037 6530
1726 4397
5238 875
10000 10000
