500 500 500
1 1
217 358
138 444
108 454
437 465
252 313
238 494
299 299
301 279
435 451
415 480
477 251
406 325
499 241
391 498
240 497
77 487
193 390
406 473
228 355
310 425
478 414
282 306
380 338
438 450
479 84
468 424
467 102
449 440
186 376
476 415
231 350
405 155
484 401
420 462
68 490
460 111
437 446
388 352
442 462
277 280
144 436
496 402
444 462
183 374
494 68
233 352
436 456
456 434
399 496
263 470
373 178
233 487
171 386
251 326
469 427
389 196
248 323
433 458
299 431
72 499
462 442
158 402
447 439
499 57
292 301
410 177
69 492
475 432
422 480
323 237
462 438
491 82
453 439
480 245
433 463
228 332
362 234
308 262
53 498
235 343
325 237
347 209
69 483
340 249
427 464
238 487
428 473
305 279
409 490
424 467
413 479
478 416
340 236
451 278
419 323
484 407
237 319
371 366
397 493
500 234
412 484
473 409
340 399
439 290
421 174
436 461
400 162
445 452
493 411
302 440
224 358
119 459
86 476
442 288
465 266
463 265
489 238
434 453
395 331
444 457
454 446
407 328
395 497
249 329
156 438
253 297
483 398
463 427
475 404
106 443
363 208
465 117
246 488
332 239
454 262
362 226
483 247
214 335
87 500
236 318
355 381
487 407
80 472
71 488
85 465
216 341
361 202
442 107
461 270
432 306
249 305
435 461
115 460
274 466
477 403
237 354
235 322
422 473
258 319
498 405
269 462
246 321
465 431
363 222
324 395
428 459
373 206
217 352
374 367
280 464
371 211
496 232
435 289
416 315
270 318
392 339
494 240
97 494
434 467
231 327
404 500
274 288
475 257
389 172
400 175
448 458
287 446
389 191
372 357
190 369
371 363
193 361
367 373
243 493
385 199
245 482
461 436
473 426
445 457
416 483
475 421
392 337
295 438
337 384
438 449
328 401
304 428
173 386
166 427
225 337
380 350
480 254
428 125
403 491
380 355
372 360
300 424
260 473
349 385
290 291
116 467
429 150
288 303
212 333
64 485
143 419
151 401
494 399
444 274
453 98
196 398
471 425
418 168
288 433
294 442
261 332
78 486
376 352
417 313
335 391
259 317
255 294
413 135
297 442
418 485
366 356
400 496
471 87
177 409
489 412
496 60
165 421
177 373
205 377
328 407
351 224
408 485
499 93
410 143
317 417
453 445
432 461
418 484
161 395
500 403
152 408
461 431
434 461
156 426
228 333
235 500
478 404
367 192
373 348
290 448
418 133
379 350
174 414
130 417
420 467
381 179
465 424
467 82
498 235
420 480
474 406
379 188
496 73
102 477
471 78
253 340
415 317
367 198
405 488
398 163
427 476
448 275
390 499
473 423
316 273
280 453
312 411
476 108
154 407
443 126
206 383
394 494
94 499
238 326
484 241
402 497
315 266
420 483
161 387
294 434
424 296
490 235
471 437
405 182
445 119
491 246
376 212
479 111
331 395
335 403
373 222
369 202
107 477
401 333
383 201
500 239
215 343
204 374
390 161
116 447
143 445
346 383
258 482
259 330
213 345
82 471
364 219
138 437
86 466
116 448
435 295
466 422
192 403
420 308
177 379
409 489
473 98
107 487
360 185
331 257
341 384
117 454
478 418
346 210
479 105
383 185
394 490
460 436
419 176
398 160
270 467
266 287
405 487
428 464
415 484
483 69
254 304
157 411
396 326
372 195
479 414
359 220
472 111
244 343
254 297
438 461
152 400
407 482
314 243
482 415
111 483
386 341
275 462
237 485
254 309
476 413
330 228
500 401
478 246
448 106
222 369
496 407
489 74
360 203
468 415
245 331
371 187
199 384
406 338
244 314
470 255
446 445
312 275
483 407
163 399
220 348
399 497
165 417
286 297
141 408
436 459
82 488
207 349
403 172
423 301
383 183
491 83
427 310
480 256
206 357
269 461
423 168
443 115
435 463
249 475
255 307
447 291
292 267
255 483
377 354
475 427
478 242
173 398
244 484
90 485
474 422
280 302
430 152
400 498
455 428
479 249
377 184
425 154
441 459
186 375
329 233
409 491
410 315
236 490
465 428
367 212
190 389
105 474
405 321
485 406
465 94
302 423
335 249
365 190
238 495
324 272
395 200
393 191
427 155
460 258
410 488
102 455
319 262
134 428
419 473
449 143
488 410
468 426
424 462
117 450
430 452
468 89
477 103
500 408
276 316
447 448
76 485
445 458
298 278
369 361
485 254
334 240
348 209
415 472
433 293
408 317
454 434
459 424
500 500
