500 500 500
1 1
354 460
198 134
307 47
499 399
309 13
373 125
339 367
426 193
409 78
343 396
161 166
396 260
454 273
211 207
287 145
441 349
217 440
118 366
41 257
271 275
461 131
221 405
230 217
11 194
250 183
464 87
92 212
226 284
449 58
308 344
53 178
387 2
181 360
319 156
209 452
124 449
289 475
497 200
215 425
148 498
24 384
364 239
168 347
277 342
392 433
315 105
285 322
252 30
346 136
67 382
50 96
139 256
301 79
202 229
15 42
8 305
430 280
312 181
349 364
442 469
196 123
60 309
262 320
330 10
98 448
123 182
81 329
274 493
186 185
460 34
238 319
260 409
408 430
242 21
237 407
420 341
422 140
456 43
390 17
180 264
169 106
190 397
178 474
162 374
383 402
147 124
236 240
149 168
446 328
197 326
483 93
492 253
191 245
259 224
337 213
416 15
187 100
273 291
458 492
362 300
224 126
146 290
99 279
171 180
138 201
444 267
455 281
227 113
52 283
61 357
229 404
172 132
405 158
135 424
323 438
68 64
176 359
144 304
469 426
125 485
3 3
365 225
389 375
433 450
143 226
415 109
214 471
212 314
493 480
208 33
192 92
479 462
235 204
30 335
88 368
490 272
484 65
194 196
14 418
474 488
7 103
379 467
75 398
488 70
66 250
381 389
352 363
457 86
5 271
222 4
102 259
421 5
152 48
427 157
314 427
334 429
482 237
353 206
304 443
126 190
419 301
266 163
476 358
9 325
258 144
431 101
130 28
193 197
69 189
154 95
90 332
335 153
357 489
293 88
47 477
448 444
132 394
403 316
77 441
159 423
248 323
470 40
119 251
360 463
347 414
320 94
439 192
83 203
388 133
56 135
411 315
254 155
294 171
163 152
348 141
372 312
177 453
384 339
46 468
269 379
133 151
299 174
401 400
452 91
145 403
300 303
188 179
207 149
111 8
42 476
51 211
28 35
278 148
397 32
391 248
65 473
296 435
189 276
167 71
325 19
253 37
350 355
205 7
218 486
402 128
234 483
34 27
40 392
281 111
400 127
141 59
22 387
26 286
21 277
72 222
55 361
87 269
101 162
44 330
399 56
210 362
25 390
371 167
437 297
38 370
231 142
19 401
406 219
49 317
473 461
84 57
378 191
279 164
333 302
165 472
100 417
368 120
377 216
425 333
496 177
489 278
4 107
85 114
63 455
174 263
477 90
201 274
57 338
410 308
313 466
103 85
91 102
295 139
151 231
404 72
443 54
459 491
418 270
164 236
395 437
345 479
412 413
33 6
385 38
160 299
359 287
380 238
78 266
466 268
27 372
468 445
471 14
276 340
370 247
115 282
170 371
261 254
251 26
317 346
332 380
255 218
86 416
265 214
105 334
64 419
156 255
356 119
117 55
247 377
37 490
306 459
43 261
93 199
108 108
246 137
327 159
340 130
475 184
351 62
195 49
18 465
36 232
216 470
185 20
256 499
495 230
322 234
338 458
393 381
58 482
39 146
158 331
16 77
382 41
413 118
127 241
199 9
374 436
434 351
240 434
94 81
225 122
324 385
298 46
478 24
89 428
220 175
121 410
249 53
232 494
283 220
465 233
140 373
23 484
136 98
486 496
106 447
366 195
97 31
316 60
263 18
361 293
286 138
398 258
491 292
219 173
241 221
17 369
417 99
303 198
96 63
2 431
82 188
328 23
131 337
150 451
213 421
116 97
394 395
282 350
109 67
76 306
472 29
376 110
74 386
223 228
450 383
122 446
344 318
183 75
128 187
32 246
438 143
203 295
481 165
326 454
244 411
318 353
153 412
104 285
341 112
54 311
447 170
428 150
142 115
6 89
329 249
95 415
59 227
228 73
424 121
429 464
342 289
290 343
120 11
467 161
487 420
331 186
80 39
267 376
369 478
440 432
245 68
272 391
432 393
243 82
367 288
204 313
137 154
70 356
453 80
363 16
451 243
275 147
270 50
239 66
112 169
107 242
358 442
184 336
375 235
45 51
179 176
166 321
12 439
48 84
13 83
280 406
129 74
157 365
257 129
310 457
355 310
485 223
321 116
62 52
423 495
436 481
435 160
155 378
10 117
264 44
71 487
305 36
79 210
336 348
35 208
200 345
445 296
311 172
233 61
498 202
480 76
175 324
462 354
29 262
268 497
206 104
110 12
291 422
288 265
284 22
463 327
173 252
134 205
414 45
20 215
407 307
297 25
386 298
292 388
494 294
31 456
114 209
302 244
182 352
73 408
113 69
500 500
