500 500 500
1 1
482 252
143 111
299 451
361 181
312 479
128 251
113 165
407 439
450 417
119 444
177 443
181 169
416 415
387 324
310 242
384 397
89 182
223 35
362 148
402 421
32 208
497 396
385 95
217 134
136 288
392 382
231 157
170 86
112 362
344 204
368 29
455 392
130 143
151 342
109 115
287 2
120 69
452 469
398 493
252 193
298 91
77 466
178 407
431 336
273 462
475 465
436 499
391 147
126 323
255 52
173 452
300 184
17 116
82 236
464 89
258 476
370 442
23 218
95 283
235 420
409 259
486 125
277 273
438 414
441 385
10 48
28 467
78 258
211 248
280 447
356 127
294 93
163 409
96 121
103 104
476 72
36 149
451 175
481 27
465 356
381 231
13 337
201 364
295 203
341 30
332 344
246 82
376 450
296 99
348 266
35 247
293 306
9 37
165 239
272 435
418 78
225 33
229 119
44 316
311 146
343 404
411 379
453 137
357 375
70 281
150 341
406 387
74 213
102 357
169 374
378 308
30 132
135 170
245 45
347 305
383 418
140 249
468 51
207 246
219 343
461 224
423 296
193 269
99 398
432 449
254 64
386 63
426 232
67 56
208 158
393 151
56 333
42 311
279 138
157 345
421 168
40 416
359 340
449 310
331 221
200 15
118 275
203 369
75 299
419 304
477 393
329 156
427 378
227 446
51 36
440 373
194 90
187 408
46 238
425 386
400 272
237 425
238 154
133 105
180 276
352 123
214 440
413 457
6 100
233 159
159 244
206 237
158 264
403 437
171 271
377 75
31 492
204 211
188 326
262 388
499 195
323 209
101 329
263 97
404 129
218 201
439 141
86 225
490 423
18 164
433 489
144 287
267 124
111 243
141 189
459 178
125 85
446 495
253 219
108 70
417 339
121 363
60 66
289 486
91 88
134 309
243 17
239 173
365 475
114 235
467 261
491 490
115 20
33 322
394 406
4 318
335 280
202 278
244 216
327 55
242 313
58 210
498 107
49 432
11 197
429 485
45 44
228 77
372 458
92 294
73 292
363 454
447 431
471 160
494 122
76 327
164 361
167 389
81 34
463 163
388 6
63 348
190 286
473 359
410 145
123 234
397 338
390 22
137 255
7 142
316 473
34 150
55 4
71 16
117 470
139 358
116 228
105 302
337 31
88 214
281 46
286 94
179 212
215 161
248 19
131 83
174 18
395 330
196 76
172 118
160 11
428 106
37 347
334 207
318 284
210 60
68 291
257 434
90 263
430 419
420 482
162 300
366 250
382 491
496 298
483 441
474 92
230 400
132 335
62 131
241 26
247 257
369 38
485 42
315 171
442 346
340 312
256 424
65 459
26 140
495 50
155 445
189 468
480 319
61 68
8 426
182 12
291 368
346 59
266 65
484 411
15 293
424 13
448 474
351 185
284 5
326 320
338 483
380 412
306 353
22 253
304 315
342 199
52 25
234 267
29 314
339 383
492 438
488 260
278 233
458 152
20 167
412 277
445 332
302 130
124 289
319 481
146 229
93 328
358 402
98 460
85 67
224 166
345 241
373 139
186 317
161 28
240 448
48 126
232 488
470 366
192 365
145 360
251 464
156 200
389 174
493 191
106 254
148 279
313 162
308 297
43 428
110 290
24 198
396 463
309 47
443 58
222 331
250 270
129 222
305 9
469 325
434 478
374 487
220 427
292 380
104 61
290 206
16 226
213 274
479 53
375 102
38 54
66 96
271 455
275 39
2 21
364 227
307 354
330 303
261 498
97 376
472 188
216 394
39 371
185 295
322 413
408 433
328 321
59 351
415 391
405 307
72 220
191 480
444 172
122 110
478 177
460 223
176 153
333 301
54 144
314 194
297 79
100 429
282 381
154 494
269 14
147 453
399 155
127 62
166 120
195 410
212 49
25 436
379 24
350 183
64 196
260 136
50 399
336 334
84 205
285 403
435 32
270 133
142 81
414 87
301 135
457 384
47 401
259 497
83 265
487 109
276 262
283 73
184 268
226 103
324 3
221 43
183 10
325 372
401 40
268 217
153 113
12 352
353 422
69 180
27 179
79 215
320 23
41 117
354 370
14 80
274 176
265 461
456 496
107 202
264 282
437 84
349 114
236 190
149 7
454 186
168 256
197 430
205 98
198 245
5 471
462 187
321 101
57 192
249 395
360 108
80 350
175 285
317 367
94 390
288 405
138 472
21 349
466 230
87 57
53 112
19 484
209 128
3 8
367 240
489 355
152 71
199 456
371 477
355 377
422 41
303 74
500 500
