10000 10000 3016
1 1
7786 7977
9010 6744
9826 5929
8202 7557
9757 5998
6047 9713
6404 9364
7139 8626
7482 8285
7562 8198
7842 7912
7336 8430
6489 9272
9393 6372
7057 8709
9219 6527
8226 7533
8971 6786
6018 9755
6472 9290
8741 7008
9374 6374
6711 9047
9830 5935
6544 9209
6947 8807
7725 8031
9146 6605
6069 9690
6853 8902
6858 8898
6976 8781
8581 7182
9340 6423
6295 9458
7584 8182
9559 6200
9630 6129
7550 8205
7395 8365
9698 6071
5834 9931
7440 8328
8988 6764
9389 6363
7423 8335
8475 7292
7314 8448
9298 6465
6803 8959
6862 8896
9742 6017
8899 6859
8753 7017
5871 9888
8990 6763
7966 7789
6832 8924
8761 6997
6569 9200
9366 6391
8416 7344
7418 8339
8433 7326
9845 5923
8928 6820
5853 9900
7580 8192
9959 5802
8916 6851
9434 6337
7233 8536
7893 7863
7456 8308
6496 9269
8051 7717
5775 9983
6282 9466
9980 5785
8029 7735
7148 8612
9203 6558
8573 7196
8047 7720
8419 7333
5778 9984
6839 8915
8110 7647
6285 9472
9537 6221
8970 6780
7308 8459
9684 6068
9937 5816
7117 8649
9649 6107
7688 8057
9202 6570
9364 6399
8850 6904
8293 7463
8179 7581
7671 8080
5981 9763
6471 9291
6983 8789
9815 5946
7312 8455
8655 7106
7862 7896
9061 6692
9755 6016
8510 7251
8161 7610
7820 7948
6739 9023
8778 6980
7463 8301
9211 6540
5795 9961
6706 9069
7466 8295
8936 6823
9273 6492
8500 7262
6937 8814
7698 8052
5961 9799
6744 9016
7274 8474
6092 9668
8291 7458
6906 8856
8408 7354
6886 8875
5894 9862
8501 7248
6756 9001
6850 8910
6306 9448
7696 8078
8831 6937
8697 7059
9227 6517
6510 9246
5862 9894
6441 9321
6237 9533
6405 9344
7071 8689
9787 5970
7404 8343
7835 7925
8057 7706
8803 6950
9515 6241
9421 6336
6773 8979
7323 8428
6728 9029
7763 7997
6329 9417
7353 8405
7722 8044
6621 9133
6643 9115
7394 8366
9309 6439
7984 7771
9543 6213
7955 7815
6729 9025
8768 6988
9306 6455
7007 8747
7137 8614
9468 6296
6209 9552
5965 9796
8811 6963
8519 7230
7328 8423
7941 7825
7916 7840
8311 7443
7269 8490
7651 8111
7219 8530
8242 7520
9977 5776
8337 7410
9881 5877
6252 9510
6634 9124
8734 7023
5959 9787
9922 5846
8272 7488
8585 7167
8156 7618
6460 9295
5983 9768
7744 8021
6289 9469
9055 6711
6328 9421
5998 9756
7770 7990
7255 8510
7982 7774
6486 9265
8908 6843
6034 9721
8998 6766
9628 6119
8631 7126
6317 9434
9553 6201
7109 8656
8879 6878
8536 7227
6681 9089
7832 7927
6491 9261
8539 7225
6610 9148
8274 7481
5792 9958
9973 5783
8037 7721
7399 8371
8863 6896
6651 9109
6449 9325
7245 8517
7425 8327
6425 9324
6745 9020
7961 7808
7237 8525
9590 6168
6742 9013
8844 6910
7968 7782
9734 6035
9029 6727
9496 6269
7762 8005
7286 8480
6549 9202
6531 9219
9961 5792
9030 6730
9321 6433
9933 5814
7606 8141
8825 6938
9948 5808
9359 6400
7017 8746
6874 8879
6523 9247
6447 9300
9992 5777
6963 8803
6066 9688
5972 9781
9280 6495
6949 8821
7551 8210
9819 5951
7784 7972
8981 6776
7386 8378
7573 8185
8949 6802
9184 6593
7088 8669
9361 6406
8208 7553
9499 6264
7999 7772
7118 8644
6290 9475
6078 9680
6362 9400
8223 7537
8471 7288
9150 6613
8442 7320
7220 8540
8295 7454
9692 6072
9664 6102
9919 5843
7723 8038
7891 7857
9300 6464
9566 6189
7340 8425
8805 6949
6238 9513
8725 7022
5988 9776
6768 8984
7998 7749
8034 7712
7605 8159
8432 7329
9416 6352
7799 7961
7711 8054
5860 9908
8868 6908
6652 9100
5970 9790
6792 8957
8550 7208
6649 9107
8062 7697
7035 8718
6733 9017
6195 9573
8063 7709
7350 8401
9464 6303
8867 6887
5934 9814
8562 7198
6998 8777
7040 8727
8368 7393
9007 6748
7410 8350
7740 8012
9296 6457
6529 9227
6391 9370
8352 7405
6418 9334
5872 9879
7535 8229
6843 8913
9251 6515
9200 6562
8410 7335
6179 9583
6973 8782
7200 8565
9367 6387
8857 6906
7448 8300
9451 6301
7765 7994
6890 8857
8269 7491
5782 9981
9338 6426
7927 7831
7946 7813
8522 7233
6988 8770
7957 7790
7354 8416
9126 6620
8638 7117
7009 8751
9250 6498
9620 6132
9936 5820
6041 9707
8801 6962
7178 8573
8677 7083
9292 6466
9062 6703
9771 5999
8921 6844
9217 6550
5908 9859
9109 6642
7507 8255
9501 6261
9696 6075
7577 8181
8579 7178
7773 7986
8808 6957
7915 7846
7662 8097
6659 9116
8743 7018
7682 8076
9274 6487
8712 7039
9695 6080
8885 6869
8690 7068
7164 8593
7002 8755
9409 6346
8568 7181
7838 7922
9687 6086
9242 6524
9683 6073
7484 8270
8665 7089
7487 8258
6506 9258
5999 9761
7283 8467
8214 7544
7058 8698
5859 9893
8652 7113
6357 9403
6473 9286
8830 6934
6969 8785
5996 9769
9946 5809
5974 9783
6645 9108
9329 6416
9449 6299
9633 6117
5937 9827
9808 5948
7792 7964
5885 9870
9746 6002
8199 7571
8415 7341
9087 6667
6308 9439
9545 6231
7782 7985
7528 8220
7586 8163
8661 7110
8642 7128
6693 9071
7143 8617
6877 8885
6231 9532
7509 8249
5794 9967
6633 9126
9522 6232
6808 8963
7325 8436
7890 7871
9613 6162
8443 7315
8164 7589
6879 8891
7797 7959
8698 7063
8128 7622
8525 7243
7633 8124
6757 9014
7135 8638
6951 8802
6836 8937
7031 8725
8497 7264
9130 6637
9129 6632
8529 7229
8122 7631
8684 7085
6641 9112
6725 9039
8292 7472
6790 8982
6715 9036
8183 7587
8247 7502
8120 7639
9484 6283
9288 6476
6719 9034
8244 7507
6931 8823
9032 6726
9660 6093
5762 9994
6749 9011
5850 9907
7095 8668
6351 9404
7619 8155
7630 8136
7467 8291
8551 7194
8590 7166
9669 6096
7783 7971
7151 8618
8431 7314
9855 5908
6845 8916
7289 8478
9114 6651
9418 6341
7206 8550
7045 8715
6457 9308
8022 7729
7228 8534
6476 9281
8085 7666
7878 7873
6638 9114
7812 7945
8324 7441
8871 6895
6772 8989
8922 6847
8514 7260
9209 6554
9406 6354
6111 9651
9688 6062
5831 9912
7114 8647
7588 8168
8557 7189
6662 9101
8070 7690
9518 6229
6682 9066
6190 9561
9677 6082
7402 8354
7291 8469
8683 7079
9790 5968
8706 7054
8286 7482
9019 6754
6318 9443
9004 6760
9463 6302
8875 6874
8079 7693
7380 8384
7455 8297
8750 7000
7141 8616
5943 9803
7883 7872
8511 7254
8765 7004
7913 7849
9549 6202
6676 9080
7713 8043
5986 9771
8136 7623
8218 7535
9720 6042
8100 7653
6855 8911
6923 8848
7439 8316
6867 8884
6503 9257
6892 8863
6023 9729
6162 9599
8946 6813
7222 8533
6009 9764
9554 6219
8195 7566
8411 7358
8521 7250
8449 7310
8263 7494
9414 6347
6411 9358
8141 7613
8660 7105
7094 8662
8400 7353
6541 9220
7407 8353
6250 9521
6022 9745
8454 7312
7716 8045
9516 6253
7458 8314
9571 6193
7322 8440
8302 7446
9593 6179
8451 7297
8722 7033
9889 5867
8490 7274
6671 9086
9568 6198
6129 9628
5990 9777
7789 7967
5870 9886
8002 7756
9016 6729
6687 9083
7942 7811
8523 7237
7824 7943
6203 9559
6400 9349
9679 6070
6945 8811
7438 8324
7469 8281
6515 9237
6902 8862
9760 6004
6204 9557
9967 5791
7111 8655
9422 6333
7053 8705
9212 6553
5898 9867
9705 6046
9145 6618
7006 8740
7076 8683
7504 8247
6054 9716
7892 7865
9778 5980
7522 8235
5939 9810
9480 6284
7468 8288
5841 9914
6787 8970
6485 9276
9745 6031
9841 5913
9588 6178
6551 9199
7072 8697
9426 6331
8842 6925
8965 6799
8077 7694
6962 8795
7875 7882
8746 7013
7750 8008
5800 9955
9344 6415
8952 6811
9443 6305
6432 9328
6183 9563
7949 7812
8189 7576
5771 9991
6319 9453
9957 5801
6664 9088
7389 8381
9457 6310
6501 9260
6013 9743
6338 9411
7929 7822
7572 8184
7608 8147
6921 8833
7603 8145
8181 7580
7978 7788
6658 9104
6700 9058
6084 9681
8239 7514
5919 9850
8482 7271
8969 6794
6492 9266
8553 7203
8080 7679
8185 7584
9121 6649
8629 7132
8937 6819
9387 6362
9503 6255
6094 9658
9547 6211
5856 9898
8044 7719
8043 7713
7160 8600
6277 9486
7263 8488
7693 8064
8951 6815
9179 6580
6158 9602
6914 8845
5789 9968
7930 7821
9009 6747
9920 5826
8736 7025
7646 8118
7664 8094
6861 8914
8504 7253
8779 6979
7530 8218
8481 7287
8798 6960
6403 9366
6345 9415
7813 7951
9759 6012
7258 8497
7012 8760
6058 9699
8435 7327
9934 5830
6181 9564
9775 5984
6027 9732
9304 6444
6382 9367
9862 5909
6588 9177
6526 9234
9831 5926
6224 9535
6223 9546
7574 8190
8571 7193
9485 6279
7827 7931
5845 9917
8622 7147
8430 7322
5824 9936
8816 6947
5951 9821
9328 6431
8276 7484
7911 7855
9622 6150
8288 7483
6107 9644
6269 9496
9534 6212
6511 9252
8104 7663
7650 8116
9431 6326
7162 8585
6881 8864
8881 6879
8572 7199
9478 6273
9136 6625
8611 7151
6769 8994
5927 9837
7019 8737
7251 8504
8422 7334
9584 6176
7357 8406
6251 9516
9241 6518
9982 5774
7736 8014
6108 9655
6104 9648
6103 9649
5932 9824
9944 5827
7128 8634
6826 8935
9091 6675
7570 8191
9067 6685
6785 8975
6088 9683
7888 7867
8492 7275
8256 7492
8729 7030
7547 8215
7305 8465
8757 7010
9352 6410
6707 9055
8487 7276
8273 7495
7290 8462
9899 5865
9941 5834
7352 8412
7568 8195
9994 5761
7337 8432
8686 7062
6984 8775
9954 5807
9028 6720
6220 9534
9269 6481
6417 9333
7039 8707
9394 6357
7319 8449
6876 8894
6221 9548
6137 9614
8997 6762
6812 8946
9852 5897
6230 9517
8399 7357
8109 7667
8824 6942
9672 6105
7587 8175
9354 6404
8663 7092
8338 7426
7368 8395
6964 8783
8032 7725
9317 6453
6081 9676
7306 8451
9733 6010
9970 5787
6538 9221
7938 7836
9694 6063
8369 7401
6851 8917
9962 5788
9066 6695
6170 9589
8555 7206
8289 7475
8985 6778
6130 9640
9562 6186
5875 9885
5880 9881
6782 8977
9074 6688
6039 9725
8567 7185
8118 7640
6589 9174
6414 9359
6647 9122
9188 6567
6199 9555
9832 5924
8884 6876
7976 7786
7054 8700
8853 6914
7514 8240
7052 8716
5945 9806
6259 9501
6734 9032
9173 6581
7672 8090
8549 7207
6234 9542
8340 7422
9871 5886
7020 8742
9648 6118
9639 6133
8446 7324
7830 7923
5936 9839
9921 5840
8898 6853
8711 7057
7092 8660
8693 7064
6600 9152
9724 6026
9213 6557
8138 7616
6975 8769
5833 9923
9903 5857
7429 8326
7397 8364
8774 6983
7205 8552
6121 9650
9247 6505
7637 8123
7840 7916
6878 8887
9888 5876
5980 9780
5811 9943
5975 9789
8845 6929
7377 8379
8088 7677
9339 6432
8648 7111
9653 6108
7159 8609
6008 9750
9502 6274
7427 8332
9226 6521
8892 6858
9768 6001
7692 8059
7767 7998
9825 5931
8011 7751
6513 9249
9569 6194
7499 8269
8358 7406
6691 9061
9157 6596
6958 8813
6062 9691
6464 9293
6359 9389
9646 6125
6309 9438
5838 9920
9711 6065
8992 6779
8225 7536
6060 9710
7653 8117
8754 7009
8785 6977
7146 8615
8175 7573
8152 7612
8151 7624
6953 8794
9812 5938
6617 9145
6754 8995
6011 9758
8378 7382
8095 7668
8158 7608
8718 7051
6868 8904
7358 8402
6459 9301
6056 9704
8124 7637
6119 9632
7747 8016
8505 7263
8923 6837
8404 7361
8238 7522
9070 6690
6509 9262
5947 9801
7847 7907
9610 6159
6642 9129
5928 9833
8905 6860
6750 9010
7294 8461
8999 6758
9176 6584
9305 6460
6335 9429
8381 7380
7084 8672
6575 9186
8362 7395
9814 5950
7667 8101
8380 7376
8544 7232
6144 9620
9215 6532
6336 9423
9267 6503
6532 9235
8659 7084
9388 6364
6723 9026
7571 8196
8298 7452
6445 9319
7333 8427
9893 5872
9075 6683
7658 8100
9930 5828
6243 9512
8021 7730
9342 6424
7430 8331
9596 6172
8865 6893
6764 8998
8626 7136
9863 5896
7124 8623
8635 7131
6771 9003
6579 9176
6863 8892
9479 6276
9701 6057
9322 6447
6434 9326
9866 5883
9244 6513
6406 9355
5842 9918
9052 6718
6184 9578
6950 8804
7460 8296
8502 7269
8532 7221
8329 7427
6315 9445
6636 9111
7115 8642
7104 8664
9491 6271
8390 7368
5876 9889
8216 7528
9254 6508
8098 7661
7867 7893
7234 8520
7856 7904
6669 9106
7300 8456
6331 9426
8469 7284
8111 7657
6592 9165
8117 7643
7819 7956
9600 6156
8576 7184
5882 9878
6696 9076
5905 9840
6865 8886
7554 8209
8356 7403
6775 8987
6270 9504
6152 9613
6019 9730
9794 5955
6885 8869
7355 8399
7703 8055
8003 7758
8190 7572
8375 7389
9706 6049
9965 5803
7710 8047
7990 7773
9844 5921
6141 9635
8228 7515
7851 7911
6244 9525
8275 7489
7718 8041
6064 9696
9762 5997
7678 8086
7479 8284
7638 8110
8855 6892
7538 8230
7943 7819
5798 9969
7218 8541
8364 7388
7684 8072
7158 8586
8627 7144
8671 7088
8605 7154
8751 7005
5900 9857
8813 6941
6454 9299
7211 8553
7133 8621
7791 7978
7922 7830
9507 6251
7390 8375
7275 8496
6131 9626
8339 7421
9748 6015
7051 8703
8623 7141
5979 9773
7578 8193
6660 9099
7021 8733
6502 9267
9878 5887
8301 7460
8546 7214
6266 9500
5764 9993
7346 8418
7442 8319
6070 9689
9319 6437
8760 6993
7391 8382
7798 7955
9436 6327
9905 5862
6365 9402
7589 8171
9323 6451
7555 8207
9057 6697
6120 9641
5957 9800
9381 6385
7371 8394
7809 7952
9222 6522
8552 7200
8721 7028
6350 9407
8397 7374
7618 8133
6796 8954
6135 9625
6482 9283
7015 8729
9102 6654
8331 7425
5829 9938
9514 6245
8347 7413
6934 8826
6383 9391
9988 5760
7876 7881
9249 6511
7526 8223
8391 7360
6908 8846
8526 7236
7364 8393
7831 7919
7254 8512
8548 7218
8987 6782
5816 9933
8786 6966
8791 6968
8373 7394
8101 7651
9581 6188
6356 9399
8025 7727
8942 6824
9198 6569
5865 9892
7627 8129
7810 7947
5901 9849
7769 7999
8735 7015
6996 8749
6407 9343
9014 6756
8991 6771
5863 9901
7907 7866
8458 7306
7660 8092
8266 7505
6564 9194
6087 9677
9469 6285
8473 7282
8864 6885
6615 9137
8933 6835
7774 8000
9142 6630
5997 9767
9792 5972
7175 8574
7781 7979
8582 7177
9124 6641
9617 6152
8915 6839
9555 6214
7193 8568
9473 6281
7099 8666
5832 9930
6770 8990
9441 6317
8531 7213
9520 6256
6077 9694
9477 6290
6560 9205
8468 7280
6374 9383
9131 6638
7477 8280
7495 8254
6136 9634
6568 9196
7952 7802
7756 8003
8483 7277
9252 6507
8917 6845
9690 6076
8866 6891
6246 9514
8575 7176
6793 8951
8935 6818
8341 7415
8954 6801
6014 9746
7967 7787
6807 8941
8601 7162
9312 6442
7419 8347
8205 7565
8401 7369
9228 6539
9508 6252
8834 6916
9728 6045
8465 7291
8596 7165
9583 6177
8630 7142
9082 6687
7022 8736
7414 8359
8372 7390
7226 8524
7329 8426
6214 9536
5812 9940
6020 9737
6376 9378
6731 9030
9020 6735
9103 6660
8325 7433
8250 7516
6952 8805
8245 7523
8349 7411
6656 9113
8527 7239
5837 9928
8602 7149
7668 8082
5897 9872
6123 9646
9851 5906
8392 7372
8880 6888
9784 5977
8240 7530
7267 8482
8896 6856
6377 9372
6385 9374
5846 9926
8135 7619
8114 7645
5906 9853
8333 7434
9153 6598
6281 9481
6784 8983
8251 7508
8717 7046
8170 7597
7778 7983
8309 7459
8647 7109
7617 8158
9368 6386
7125 8633
6435 9322
5940 9822
8409 7345
9861 5888
8771 6995
8920 6838
6505 9259
9286 6477
9268 6486
7900 7853
5888 9884
6483 9275
6800 8947
8775 6990
7284 8481
6370 9384
6928 8834
8312 7447
9685 6084
7516 8233
6153 9623
7849 7917
9974 5781
9837 5925
5868 9891
6408 9357
9806 5953
6584 9180
9923 5847
6999 8744
7191 8558
8489 7272
7575 8183
9035 6742
6033 9739
8619 7138
7082 8677
8782 6975
6086 9685
9410 6351
8938 6821
7527 8245
6542 9215
8162 7600
9963 5789
9345 6409
8891 6863
8756 7016
6193 9577
8795 6955
7119 8630
9736 6028
8383 7391
8387 7373
7848 7902
6624 9125
7738 8026
8129 7629
5836 9937
7918 7843
9376 6379
9807 5942
7221 8542
6872 8889
5878 9883
9085 6674
9337 6435
8417 7347
8304 7457
7067 8692
7600 8161
8444 7311
6740 9033
8956 6798
9419 6329
9178 6590
7388 8367
8909 6854
8370 7383
8165 7590
8038 7715
7194 8576
9395 6378
6612 9151
9984 5771
6981 8779
8147 7617
8071 7684
8429 7330
6990 8761
9095 6665
6537 9224
8632 7122
9225 6537
7889 7869
7626 8131
7089 8685
6113 9660
9991 5767
9163 6589
8705 7050
9869 5890
6598 9160
7583 8178
8667 7107
7561 8206
9782 5985
8848 6924
5989 9760
9489 6278
8906 6846
5774 9986
8081 7685
6831 8922
7687 8075
8542 7217
6685 9090
6187 9576
7445 8307
9541 6225
7621 8142
8964 6806
7217 8528
9336 6421
9216 6548
9396 6356
8640 7112
5854 9903
8437 7317
7038 8717
7374 8388
7480 8292
6010 9738
9727 6033
9353 6417
8682 7072
6262 9488
9942 5813
7828 7932
9842 5930
9661 6095
7103 8645
5788 9973
7994 7763
8740 7024
6154 9607
8503 7270
8688 7067
7189 8563
9072 6686
6314 9455
8973 6775
6873 8893
5852 9911
8662 7101
5844 9929
7136 8637
9332 6419
7991 7780
8959 6800
7594 8151
8882 6872
8086 7688
7486 8273
7100 8653
6830 8925
7393 8357
8343 7414
8530 7224
9875 5870
6701 9067
9408 6358
8066 7702
7446 8325
9486 6280
6920 8853
7061 8690
8645 7099
8297 7451
6919 8849
7649 8120
7030 8734
7474 8279
9001 6765
8255 7506
8322 7440
7712 8040
6075 9684
7829 7938
7610 8156
9078 6694
8979 6774
6160 9617
8545 7211
7361 8414
8234 7531
9550 6210
9089 6668
6694 9065
8115 7646
9723 6025
9208 6547
5907 9847
8440 7323
9636 6122
8434 7318
8976 6797
5797 9965
6717 9053
8470 7298
7944 7807
9170 6595
9626 6130
6026 9735
8479 7279
6146 9601
7607 8162
8828 6932
9781 5971
6330 9430
6847 8900
9326 6429
6679 9070
8167 7593
8796 6958
8083 7689
7739 8019
9452 6311
6140 9611
6933 8824
7971 7796
6049 9712
6292 9452
6275 9480
9828 5941
6508 9256
5916 9841
9854 5916
6373 9377
7679 8071
8592 7159
7869 7901
9689 6067
7238 8519
8466 7299
8402 7366
9357 6407
8862 6899
8641 7121
8396 7362
5954 9809
7772 7980
9726 6041
9874 5894
6156 9615
9008 6759
6462 9305
8961 6804
7010 8754
8978 6777
7519 8243
9384 6371
8668 7093
6298 9450
6622 9143
7657 8107
9045 6723
9616 6143
7262 8486
9224 6528
6239 9527
9405 6367
6205 9554
9976 5796
8666 7097
6864 8907
8126 7648
7695 8058
7853 7909
6606 9157
9236 6520
9392 6375
9183 6583
6724 9035
9978 5782
9752 5994
5973 9778
9043 6706
7834 7930
6171 9592
8994 6770
8414 7340
6992 8765
8287 7480
6557 9212
6866 8890
9220 6552
8035 7714
7524 8248
7602 8152
7208 8549
9624 6146
9291 6468
7288 8475
6322 9428
5960 9802
8841 6920
5887 9865
9115 6640
6547 9201
9783 5987
7872 7883
6151 9612
6567 9198
9528 6242
7962 7814
8840 6927
7318 8429
9839 5917
9077 6676
8639 7118
6833 8928
8017 7746
7252 8509
6487 9274
6570 9191
5922 9831
7947 7810
9161 6604
6539 9223
6776 8974
7631 8128
6965 8788
8953 6809
7041 8721
8285 7474
5819 9934
9530 6226
6031 9734
6722 9031
8713 7052
6635 9127
5953 9797
6536 9222
9821 5940
8723 7037
8166 7599
8327 7430
9641 6112
6623 9131
7613 8140
8459 7303
7101 8674
5946 9811
7180 8583
7174 8578
7110 8650
6422 9345
9143 6600
9042 6714
5835 9927
7759 8015
7250 8511
7652 8109
7934 7828
6188 9581
6332 9437
9927 5837
5804 9963
6388 9379
7563 8204
8900 6862
7490 8271
8330 7431
8259 7500
6272 9489
7654 8102
6618 9139
7363 8391
6255 9518
8012 7742
8271 7497
7489 8274
7506 8260
7177 8569
8463 7307
9044 6716
9040 6709
7923 7842
9038 6728
9909 5848
6424 9332
9100 6659
8983 6791
9642 6109
8050 7704
8776 6992
9401 6368
7841 7924
7989 7767
8806 6944
6106 9647
8685 7074
9955 5798
6168 9594
7247 8503
8209 7551
7494 8276
9700 6056
9218 6543
7042 8723
6360 9410
8230 7532
9193 6566
6017 9749
6341 9414
8326 7436
9104 6645
8211 7558
9525 6223
6912 8840
8616 7146
7249 8508
6815 8948
9743 6007
8107 7656
9107 6657
8155 7595
8413 7342
9108 6653
7224 8531
8094 7658
8220 7545
8600 7164
6207 9567
9264 6499
9092 6661
6909 8850
6499 9270
9879 5880
7036 8724
9975 5786
9504 6248
7995 7765
6456 9306
6117 9637
7708 8065
7868 7886
7107 8654
8509 7265
9722 6029
7315 8437
7086 8675
7537 8212
6185 9575
6823 8938
6358 9408
5930 9835
7049 8713
5892 9855
9586 6161
5848 9904
9221 6534
7268 8505
5790 9956
7903 7861
7244 8515
8818 6951
9904 5844
6453 9313
6293 9471
9101 6664
7742 8023
7700 8073
6692 9077
8267 7485
6755 9002
6943 8815
9098 6652
9362 6398
8644 7116
9519 6236
6904 8841
6208 9549
6859 8897
6702 9052
9678 6098
8588 7174
5825 9939
7721 8037
9391 6383
9015 6745
6900 8873
7451 8309
6393 9369
7449 8306
9403 6369
6896 8868
6940 8830
7132 8625
9767 5992
8714 7043
9916 5841
9256 6504
7806 7954
7213 8539
6798 8953
6155 9603
6860 8901
9199 6559
7505 8266
9865 5891
7932 7835
8907 6868
7321 8438
8270 7487
8321 7439
7408 8360
5779 9979
6040 9714
8296 7473
8744 7021
7777 7991
8089 7676
9053 6710
9324 6450
6466 9282
8687 7071
6477 9287
7503 8257
7236 8527
9887 5875
9435 6324
6372 9388
7743 8009
6443 9318
9086 6678
9172 6588
9849 5912
7465 8287
5869 9895
6581 9169
9811 5960
7691 8060
8846 6905
6905 8860
6932 8825
6334 9435
8006 7760
9509 6266
9068 6693
5993 9765
8123 7627
6320 9441
7659 8103
6554 9210
7986 7768
7013 8748
6716 9038
6421 9347
9892 5884
5815 9949
7532 8228
9758 6003
5796 9953
6029 9744
8784 6986
9159 6602
9867 5892
6604 9141
7632 8122
8084 7681
7231 8522
5964 9785
7209 8544
7198 8560
5777 9985
7165 8589
7485 8278
8876 6873
6178 9587
7362 8387
7310 8450
7758 7989
8447 7309
6802 8944
8498 7258
7822 7936
7014 8741
8563 7186
5830 9941
9777 5983
8365 7387
9506 6243
8719 7035
6828 8927
6217 9529
7327 8431
8091 7664
9327 6428
8133 7628
7197 8554
6926 8822
7717 8029
7181 8575
9185 6574
7959 7803
7768 7987
6543 9214
6680 9074
8733 7036
9987 5766
8334 7435
9929 5833
9423 6338
7260 8491
6222 9537
6172 9598
6192 9571
7635 8119
9371 6394
6355 9406
8056 7707
5849 9913
6030 9736
7614 8137
7751 8020
9281 6480
9619 6135
9282 6488
8508 7268
7517 8259
7953 7806
9182 6577
7441 8311
9151 6621
6911 8844
9663 6089
6763 9012
6844 8919
9370 6381
9155 6606
9645 6124
9505 6260
7156 8598
9644 6114
8678 7082
7281 8487
9557 6190
7895 7862
9261 6509
6052 9693
8940 6825
9461 6312
8637 7125
9402 6370
5769 9997
7983 7775
6301 9463
8224 7534
6616 9134
7062 8693
6585 9161
9411 6348
7956 7805
6805 8955
9925 5829
6235 9523
7525 8244
6256 9505
6852 8899
8418 7352
8625 7135
6644 9130
6057 9708
5847 9925
8163 7585
6672 9093
7043 8728
8730 7045
9601 6166
9440 6320
7726 8042
8026 7724
8169 7586
8636 7134
7436 8322
7279 8483
6249 9509
6304 9456
5948 9808
7063 8691
7611 8149
7860 7899
6811 8949
6915 8838
9210 6538
9805 5952
5912 9852
6218 9543
9567 6183
6498 9278
6689 9084
9360 6405
8283 7476
6166 9579
9595 6167
7855 7915
6737 9015
7155 8605
6516 9250
9540 6224
7666 8105
9772 5990
9248 6500
6752 9004
8493 7259
7558 8197
8559 7197
9372 6392
8669 7100
9214 6541
7674 8079
9856 5900
9606 6155
7815 7946
9311 6443
6364 9385
5801 9962
6053 9700
8346 7417
7641 8127
8282 7479
9139 6609
9275 6484
7024 8720
6347 9401
9686 6059
6344 9419
7931 7839
7899 7851
8944 6829
9763 6000
7280 8476
8064 7695
8030 7732
8672 7081
7852 7892
9079 6666
7473 8289
5827 9935
7661 8083
7347 8420
6346 9412
6593 9164
7733 8022
6074 9679
9786 5958
8980 6793
6046 9718
8157 7604
9135 6627
6265 9490
9918 5856
8488 7255
6578 9184
6703 9056
7906 7850
7596 8173
9717 6052
8789 6967
6469 9298
9769 5988
8130 7635
8897 6848
6550 9195
9117 6636
6096 9667
6540 9217
6226 9539
7680 8070
8299 7456
6227 9531
9287 6461
9195 6565
8513 7249
9670 6083
7123 8628
7190 8577
7896 7860
7874 7884
9059 6699
7265 8492
8113 7650
8634 7133
9820 5949
6433 9336
6316 9447
9730 6037
7338 8411
8357 7398
5956 9807
7055 8719
8537 7226
8777 6987
9718 6053
8883 6881
8046 7722
7839 7905
8889 6865
7816 7958
8797 6964
8843 6915
7083 8678
8178 7577
5911 9838
6061 9687
7821 7944
7612 8154
6219 9540
8061 7698
9928 5839
8075 7686
7230 8538
9998 5756
8253 7518
8689 7070
6818 8945
7316 8439
9891 5873
6571 9187
9026 6731
8388 7379
9565 6181
7704 8061
7569 8202
7746 8004
8015 7747
6665 9087
6941 8829
6582 9173
8621 7150
9597 6157
9060 6698
6368 9381
6442 9329
8210 7541
8344 7404
8518 7245
9609 6147
7426 8341
6970 8792
8290 7464
6942 8808
9983 5775
7669 8096
8517 7246
7339 8422
9570 6184
8187 7567
9512 6244
7090 8663
9456 6300
9118 6655
7734 8024
7950 7804
5933 9829
8159 7603
6045 9720
6596 9166
9780 5986
6276 9491
6035 9728
7382 8377
8284 7486
6063 9706
8815 6954
5890 9861
8058 7699
6444 9311
6935 8835
6602 9159
8254 7498
9013 6737
7420 8344
8132 7620
8615 7153
6507 9243
8715 7048
6200 9566
7732 8025
8780 6976
8103 7662
6695 9062
9377 6390
6286 9484
7988 7776
7356 8407
7170 8604
9299 6471
8594 7173
9162 6603
5942 9820
7154 8595
7690 8074
8031 7728
5818 9957
7737 8032
7877 7875
9833 5920
9614 6145
8097 7660
8955 6807
8450 7304
6267 9498
9459 6292
9191 6576
8353 7412
9956 5806
6142 9619
7529 8216
9751 6014
7945 7809
9604 6171
9770 5982
6279 9482
9673 6090
9827 5928
8485 7281
7925 7833
7121 8641
9054 6717
9990 5757
6599 9155
8770 6985
8620 7139
9177 6586
9475 6282
7826 7939
8934 6834
6125 9638
6746 9009
9895 5868
7565 8189
6380 9371
5903 9856
6553 9211
8996 6772
7541 8213
7543 8217
6916 8855
7965 7798
7241 8518
8243 7510
9822 5936
9592 6164
9744 6011
9803 5962
9580 6175
9621 6136
7785 7976
7153 8596
9847 5910
9277 6489
8215 7539
6287 9467
6291 9465
7636 8114
9111 6646
6780 8988
7513 8252
6795 8952
8461 7302
5924 9826
9437 6316
8412 7356
7343 8409
9331 6434
9271 6491
8569 7195
9754 6006
7590 8177
6714 9046
9884 5874
9465 6288
8924 6836
7993 7764
6753 9008
6991 8778
9853 5901
8019 7733
7450 8313
7201 8551
8221 7540
5987 9775
9427 6339
6817 8931
7168 8591
9448 6304
8188 7570
9857 5905
7462 8312
9076 6684
6004 9751
7601 8160
9652 6106
5883 9876
7969 7795
7471 8286
9914 5835
6968 8786
6167 9588
6381 9375
8090 7665
7894 7856
6530 9236
9023 6736
8807 6948
9997 5759
6118 9645
9560 6204
6398 9362
9495 6272
9430 6328
9358 6402
9964 5793
8222 7525
8201 7548
6747 9018
7152 8606
9558 6203
8382 7367
7905 7844
9056 6705
9981 5772
6458 9297
8650 7104
5944 9813
9400 6360
7825 7941
5966 9793
9137 6619
8783 6965
7195 8564
8826 6943
8872 6875
7546 8203
6402 9365
9536 6220
9960 5815
7202 8555
8759 7011
7066 8704
5902 9854
8143 7626
9804 5961
8975 6795
6683 9064
6666 9103
7406 8351
6361 9393
8198 7564
7536 8211
9144 6623
7452 8293
9433 6335
5793 9966
8020 7753
8702 7055
5891 9858
7673 8084
6546 9216
9635 6126
9632 6140
6420 9346
6954 8820
6613 9138
6595 9162
6468 9294
8073 7683
9766 6005
9018 6741
9817 5939
6820 8940
6985 8784
6667 9092
6206 9545
8053 7705
8861 6909
9526 6235
7647 8108
7192 8571
9656 6094
7182 8587
7301 8464
6101 9671
9950 5821
8092 7675
9148 6616
9971 5790
6587 9182
9623 6137
8237 7517
7403 8355
5802 9948
8701 7049
6165 9608
7342 8413
9037 6722
6646 9105
6392 9351
7533 8239
7432 8333
9289 6456
6143 9616
6816 8934
6067 9702
6090 9661
7675 8091
8004 7766
6126 9642
6789 8966
9739 6024
8767 7003
7376 8383
7102 8657
9979 5784
6777 8992
7365 8398
7428 8342
6512 9245
9442 6334
6280 9478
8788 6959
7161 8610
9599 6163
7787 7982
7298 8463
9093 6673
8709 7042
6562 9193
9243 6526
8305 7450
7515 8231
5950 9817
7461 8303
9564 6197
8966 6787
6978 8780
6097 9669
8146 7614
6533 9232
6758 9006
8851 6912
7648 8113
7681 8069
6751 9021
5770 9989
8376 7371
6835 8936
7422 8338
7928 7848
6713 9045
8764 6999
8093 7674
8484 7266
9710 6058
9194 6575
8939 6812
7416 8349
6201 9551
7508 8264
8460 7296
8664 7095
8790 6974
7793 7962
6966 8793
9482 6270
9843 5918
6401 9356
7879 7876
8345 7418
7261 8498
7958 7799
5821 9945
9112 6648
8901 6867
7904 7847
7502 8265
7560 8200
6655 9110
5923 9836
6558 9204
6522 9242
6801 8950
7059 8701
6917 8837
8394 7370
7004 8762
9902 5850
6849 8923
7173 8590
8656 7102
6946 8806
8377 7381
9064 6681
8212 7549
9302 6452
9860 5895
6299 9461
9935 5831
7296 8473
7313 8445
9017 6740
8993 6769
7303 8460
8310 7453
8125 7630
9546 6206
9158 6611
7714 8048
7917 7841
7836 7913
9725 6027
7188 8584
6895 8870
5935 9828
7707 8063
7844 7928
9738 6022
6288 9476
9347 6411
9544 6222
9189 6568
9945 5811
8673 7096
7087 8661
8069 7700
7183 8579
9446 6321
6840 8921
7304 8457
8303 7448
8720 7040
6762 8997
9647 6128
5984 9774
6611 9135
6333 9436
9618 6139
8099 7670
9097 6669
7324 8435
7157 8613
8082 7672
8829 6918
8008 7744
8810 6953
9295 6459
8888 6870
8624 7145
9907 5859
8494 7267
5766 9988
7093 8676
8005 7755
9313 6445
9266 6497
8873 6884
9081 6680
7881 7879
7131 8627
9373 6396
7795 7975
7047 8722
8860 6900
5874 9896
8929 6831
6887 8877
7796 7963
7299 8446
6971 8790
7478 8283
9939 5818
6005 9754
8728 7032
8558 7202
9058 6696
8453 7313
9800 5973
9651 6115
8769 6998
7656 8088
8406 7337
9943 5822
8945 6810
6147 9606
9602 6154
9612 6148
7326 8442
5772 9992
6668 9079
6922 8839
7330 8421
7370 8400
7858 7890
9674 6087
7919 7845
8886 6866
8040 7723
6095 9656
7271 8493
9795 5965
5851 9906
8024 7734
6794 8967
8704 7056
6994 8768
9127 6635
6258 9502
6889 8882
6164 9591
7534 8221
6791 8964
7018 8757
7034 8712
7864 7885
8560 7201
8314 7455
6577 9181
7625 8138
9779 5995
8524 7222
8478 7273
8308 7449
8154 7609
6109 9653
8787 6982
9575 6187
5867 9899
9548 6218
7540 8226
8598 7156
6427 9340
9197 6563
7833 7920
7081 8680
5785 9974
6025 9733
7754 8006
9714 6039
7780 7984
7396 8372
7172 8588
6993 8774
9864 5898
8258 7501
7243 8507
7948 7816
7501 8250
8121 7642
6294 9464
6590 9167
7807 7949
9671 6104
8708 7066
8696 7069
6632 9136
8716 7044
6324 9425
9810 5937
6829 8933
7046 8708
9428 6323
7567 8194
6493 9264
6139 9624
6369 9398
9801 5959
7126 8643
8695 7065
6387 9376
8420 7343
6827 8939
7253 8502
6987 8773
6174 9590
6202 9570
8904 6857
9681 6077
8119 7636
8911 6850
9911 5851
8174 7583
6283 9468
8300 7465
7383 8386
6451 9314
9065 6701
8874 6886
9796 5978
6481 9289
6450 9315
7075 8679
9527 6240
9995 5768
5861 9905
5962 9795
6699 9057
7026 8738
8233 7538
8182 7574
9524 6234
9797 5967
6083 9682
7379 8380
6032 9724
8633 7115
5839 9916
8927 6833
9346 6425
6586 9183
9445 6309
7227 8537
9398 6350
8972 6784
6327 9431
6871 8878
9989 5762
9301 6449
9637 6123
8694 7076
8456 7319
9152 6599
5786 9976
5976 9788
9802 5944
8967 6805
9027 6739
7980 7770
6043 9727
6302 9470
7857 7887
8206 7568
6353 9420
6628 9123
9993 5764
9404 6342
7676 8099
8859 6898
9574 6185
6409 9363
8699 7058
8013 7759
6552 9206
7120 8632
8018 7740
6012 9748
7973 7791
8464 7294
6448 9317
9747 6018
6484 9263
8643 7123
8612 7157
6375 9386
6630 9118
7149 8599
6247 9507
7079 8671
6678 9082
7731 8027
8982 6781
9201 6555
7902 7859
7926 7826
9737 6034
7837 7918
9708 6048
8386 7378
6936 8827
8794 6970
9890 5853
6514 9238
6313 9449
9709 6060
6626 9132
6386 9380
6263 9497
8755 7002
7843 7906
6960 8797
5914 9848
8374 7386
7210 8556
7392 8373
8139 7621
9051 6707
6948 8817
6065 9697
7130 8639
6527 9240
5765 9990
6100 9665
7609 8146
5881 9882
6576 9178
7985 7769
8566 7179
7077 8696
8405 7350
5915 9843
8252 7513
6563 9189
8835 6921
6594 9163
8134 7634
9731 6030
7790 7965
9578 6199
9838 5927
6326 9432
9949 5810
8528 7234
6893 8871
8176 7575
6741 9022
6133 9618
9493 6267
7457 8290
7297 8471
6997 8756
7940 7827
5926 9844
8227 7527
9233 6530
9205 6549
6134 9622
9868 5881
5925 9845
8246 7526
8348 7416
6163 9596
9497 6268
9532 6228
6461 9288
9589 6173
6955 8801
5913 9832
7880 7888
8448 7308
7776 7981
6870 8895
8607 7158
7401 8358
8893 6883
8838 6933
6342 9413
6431 9337
6215 9562
9462 6294
6888 8874
8452 7301
9025 6725
7539 8224
7424 8340
8186 7579
6705 9050
9587 6170
8323 7432
7242 8523
6339 9424
6173 9600
9257 6493
8657 7103
9668 6092
6980 8787
9785 5974
9223 6536
9886 5869
6778 8991
8941 6808
7344 8424
9128 6631
9607 6158
9041 6719
9330 6422
5968 9792
9232 6529
9186 6572
9900 5864
6194 9565
8727 7031
8977 6790
8261 7496
8423 7338
9702 6064
7264 8495
7282 8484
9315 6436
7520 8251
6601 9170
8742 7019
8016 7745
7008 8766
9576 6195
7293 8454
7542 8219
7122 8629
7802 7968
9363 6393
8087 7671
6348 9405
7074 8687
8480 7283
6521 9228
8279 7469
9741 6013
8676 7087
8646 7127
8052 7696
9450 6306
7760 8010
7317 8434
6625 9146
8191 7569
6661 9098
9659 6099
8023 7739
8462 7300
5899 9851
7788 7973
7475 8282
8534 7228
9365 6395
7642 8115
8477 7290
7116 8646
8096 7669
9643 6110
8535 7215
8232 7524
6248 9522
7992 7761
8059 7708
6044 9715
5780 9978
9667 6085
7974 7779
7846 7921
6127 9627
8184 7578
8160 7602
6684 9073
6463 9304
9912 5849
8595 7168
8628 7120
7142 8611
8731 7029
9351 6401
5917 9842
7433 8320
6995 8753
9356 6418
5949 9819
8614 7155
5921 9834
6718 9042
6609 9154
5803 9959
6738 9028
8332 7428
5952 9805
7683 8077
7531 8225
9969 5799
9703 6055
8574 7188
9316 6448
7620 8143
9334 6413
6229 9528
10000 10000
