530 530 567
1 1
44 330
107 210
420 102
270 163
165 210
60 167
330 180
520 500
240 47
107 60
345 360
210 420
343 210
210 282
210 405
60 180
30 120
227 210
360 60
90 47
520 490
420 300
360 480
520 270
210 120
30 282
106 390
180 227
520 340
120 120
90 420
450 103
480 347
150 103
434 180
300 420
375 390
90 162
467 240
300 330
450 345
520 390
330 404
490 30
197 450
210 467
330 450
520 140
30 90
180 480
520 200
360 270
420 60
106 360
60 90
480 390
240 120
270 390
90 90
480 162
520 260
420 30
60 105
450 150
270 227
270 360
404 330
150 330
60 464
120 480
270 30
330 60
480 373
180 103
317 120
520 120
330 480
317 450
120 180
407 150
300 360
257 270
390 330
120 420
120 163
193 120
150 210
450 465
105 270
316 360
180 270
210 73
270 90
30 180
390 342
520 110
90 390
480 30
344 90
480 480
402 60
300 180
390 90
520 420
164 180
120 300
60 403
312 270
60 287
90 180
150 90
240 435
520 220
450 30
120 285
374 240
330 42
330 120
360 210
520 320
466 420
450 240
345 390
520 250
240 345
270 462
150 270
450 162
90 120
240 330
420 360
520 410
520 520
344 480
180 330
420 180
403 360
437 450
150 60
30 270
162 360
150 390
60 240
390 150
46 210
434 360
210 210
480 330
30 254
240 360
30 436
285 480
224 480
285 420
120 343
360 102
270 60
450 270
60 47
150 450
450 360
360 180
180 150
120 150
193 150
360 120
270 44
180 30
360 467
420 480
466 300
90 106
90 240
210 180
210 300
420 150
270 210
360 30
270 106
225 60
420 43
404 30
420 330
270 420
420 420
480 193
480 285
520 90
150 30
150 240
420 162
90 315
420 390
520 350
60 30
330 467
390 210
240 390
405 390
520 480
43 300
344 330
270 283
520 30
270 330
300 480
60 270
360 345
330 240
300 285
405 210
462 120
330 30
420 223
390 420
240 104
345 270
46 390
240 240
227 300
180 43
107 30
46 30
480 300
120 360
240 467
300 210
240 210
450 90
330 150
480 450
134 240
390 195
163 270
480 210
390 450
120 434
450 225
222 150
194 240
300 120
480 75
520 280
377 30
60 347
480 420
520 310
180 390
520 160
480 150
466 150
300 240
180 420
300 450
520 430
150 480
520 80
74 360
450 180
42 480
180 467
390 60
520 60
30 72
520 290
390 434
60 210
44 240
270 240
330 330
30 376
520 210
167 480
240 30
164 330
390 270
360 240
120 194
210 342
480 60
90 30
390 77
90 270
300 344
403 420
450 480
520 70
227 90
420 270
77 180
240 90
165 300
240 450
390 464
224 420
360 433
330 227
210 30
197 270
30 420
224 30
120 450
480 90
103 300
240 60
520 370
285 120
30 347
240 420
150 282
300 390
402 300
330 300
300 270
90 150
450 330
285 330
150 360
330 210
120 390
287 210
225 120
120 330
104 330
60 300
150 437
317 150
390 240
90 60
520 300
133 30
210 330
120 464
180 406
330 270
120 270
330 90
210 270
520 450
300 463
47 120
30 330
344 300
450 450
284 90
360 360
330 106
315 30
180 360
150 180
180 312
360 150
60 150
285 30
180 210
180 180
520 240
520 150
480 270
167 390
480 120
150 345
270 342
210 390
240 180
60 360
180 60
240 224
105 150
300 74
360 90
45 420
300 300
90 360
360 300
330 162
150 300
90 463
30 240
520 130
60 222
60 120
72 450
47 60
420 90
90 450
520 510
450 47
90 330
90 300
420 240
390 30
90 480
210 150
222 240
287 60
270 373
450 420
180 90
150 120
390 480
60 420
150 223
420 405
420 120
330 390
300 30
420 210
480 256
30 360
150 44
360 43
520 40
342 60
520 330
210 194
13 30
360 420
197 30
286 240
226 180
30 210
240 286
360 286
163 60
240 300
90 210
286 150
520 100
120 103
390 165
60 480
300 405
286 300
210 360
104 420
222 330
450 402
150 463
390 300
270 434
520 400
300 90
30 193
90 226
480 240
450 120
360 390
137 390
390 286
316 240
390 120
120 90
180 120
30 30
466 480
434 90
467 60
360 450
520 440
30 480
180 240
30 450
270 150
420 466
520 180
360 166
210 240
500 30
330 420
390 390
346 420
330 360
224 390
360 330
240 480
330 315
120 76
240 373
520 470
30 465
520 460
180 450
150 167
390 105
165 90
102 480
300 60
520 230
450 300
30 60
343 180
150 137
210 480
30 150
402 270
480 180
300 150
210 90
480 360
120 240
195 360
300 192
520 380
60 390
510 30
360 225
240 270
44 150
75 270
480 464
464 330
102 120
240 150
402 120
360 137
433 270
390 360
30 165
450 60
150 150
520 190
270 120
420 317
180 165
107 240
30 102
406 240
450 285
450 390
163 420
420 450
180 300
270 450
60 450
520 50
520 360
60 330
120 30
120 210
450 210
463 210
480 102
30 300
270 180
270 270
285 180
210 60
120 60
462 390
30 390
60 60
73 90
390 180
150 420
240 167
520 170
210 450
286 390
463 30
90 407
404 480
270 300
270 480
480 432
530 530
