880 880 569
1 1
450 300
750 250
179 500
750 150
227 50
700 677
700 400
100 350
500 300
450 500
50 800
476 50
679 200
350 600
800 600
150 250
450 150
300 200
200 600
50 600
373 700
450 627
864 194
276 550
600 750
864 178
300 350
400 273
300 500
670 650
864 258
864 130
450 276
100 775
50 775
726 750
178 600
250 350
150 700
750 750
750 400
400 771
450 650
550 600
200 500
78 100
550 750
275 100
700 350
100 375
650 700
832 50
500 777
800 800
150 450
400 300
864 722
300 650
74 800
172 200
800 573
550 676
750 550
300 550
750 650
325 400
350 200
676 700
550 378
500 650
100 500
50 100
50 250
500 123
700 450
700 777
150 775
200 650
800 250
750 479
600 650
350 672
800 470
179 700
175 450
250 777
150 50
376 550
700 600
700 200
500 500
650 250
350 250
150 600
50 500
78 550
450 250
400 77
350 450
350 500
200 150
300 750
750 776
350 300
350 573
150 750
50 727
178 350
300 250
150 300
150 350
864 338
324 50
100 450
273 500
620 50
400 450
74 700
400 170
327 600
150 77
100 400
450 777
650 720
550 78
650 300
864 82
600 50
864 274
124 450
400 370
476 300
300 150
672 500
864 850
700 150
400 600
350 700
864 562
864 466
450 750
550 500
864 434
250 450
278 150
321 250
100 175
600 371
772 250
700 170
150 200
200 400
700 750
864 210
700 300
770 50
300 50
276 600
379 800
450 100
200 725
278 800
864 530
676 50
50 650
864 802
174 800
450 550
864 642
250 500
50 578
150 800
864 114
600 276
673 100
650 500
150 272
864 386
250 400
250 72
250 724
200 300
50 320
400 150
700 74
400 628
550 50
50 275
128 750
800 550
550 650
200 176
600 800
550 528
400 250
350 100
629 400
576 450
377 50
864 50
800 500
776 500
600 400
479 350
864 242
577 550
700 274
864 866
550 550
350 50
522 250
250 150
150 529
200 475
650 150
522 600
50 700
150 400
864 834
377 100
100 677
800 400
70 350
250 300
523 200
800 300
250 800
450 600
377 250
324 200
500 550
550 450
100 50
650 200
50 350
400 650
100 278
650 100
450 700
650 124
479 500
100 200
350 400
864 594
800 750
350 778
864 98
27 50
800 100
400 726
350 126
800 700
475 200
450 400
750 373
500 477
478 700
650 550
350 472
864 290
150 173
800 776
670 400
571 300
578 600
774 350
700 650
250 100
473 250
200 124
100 550
78 500
100 300
524 750
100 100
178 400
700 800
250 250
100 750
500 150
400 400
500 800
50 179
400 200
864 370
250 200
300 171
50 400
750 700
550 200
274 650
250 600
350 327
816 50
550 400
300 450
475 100
50 626
174 250
650 600
800 650
371 400
50 550
100 150
678 800
172 100
278 300
550 800
864 706
300 100
864 770
274 350
600 175
725 600
300 526
650 650
250 379
550 150
750 172
250 700
600 250
127 600
864 610
300 400
864 146
750 278
650 771
864 226
864 482
200 350
800 50
864 626
773 650
300 600
400 100
700 500
78 250
523 400
500 200
150 371
725 450
579 500
600 574
864 418
300 300
600 450
600 770
800 450
450 800
674 600
50 450
864 306
650 400
750 350
122 300
50 150
479 400
500 674
670 550
150 650
73 50
200 450
150 150
500 600
528 50
100 250
674 250
223 400
478 800
176 550
750 450
100 650
500 450
500 50
472 550
550 774
500 350
864 786
500 250
400 570
100 600
750 571
273 450
350 750
471 150
600 726
200 750
600 475
700 379
800 625
600 500
400 350
350 650
864 498
571 350
650 350
70 200
800 120
750 800
200 100
250 550
864 450
864 690
150 550
400 750
150 670
250 179
650 475
150 100
650 450
600 550
300 700
200 800
377 500
250 271
777 550
550 700
129 150
250 577
800 350
700 550
378 350
600 75
300 800
378 300
573 700
320 750
400 800
550 100
775 700
800 428
478 650
864 738
50 300
864 578
721 150
350 150
376 150
100 73
675 450
250 50
300 776
800 150
270 700
626 650
370 650
400 500
50 474
50 129
864 66
350 350
864 514
864 546
800 276
600 350
700 520
600 700
250 221
450 471
200 779
672 350
50 750
650 750
777 800
200 274
100 470
650 277
500 700
200 323
750 500
500 100
400 50
570 650
200 50
450 570
848 50
750 71
550 300
450 376
178 50
450 50
50 50
800 174
600 100
100 571
650 328
700 700
228 650
450 172
572 150
750 675
450 200
50 200
400 700
250 474
300 376
200 550
300 276
570 800
200 200
650 175
100 700
500 572
600 228
450 350
864 818
250 650
864 658
700 250
779 200
700 50
300 672
750 50
800 321
800 200
71 650
723 300
170 650
864 162
529 450
571 100
864 754
750 200
329 450
750 300
374 200
600 300
650 50
400 473
650 800
600 150
429 450
77 400
450 450
550 275
350 800
450 720
750 100
500 750
550 171
600 200
864 322
350 550
200 576
700 100
150 500
864 402
864 354
500 327
200 250
600 600
200 700
650 576
550 250
775 100
750 600
100 800
800 720
771 400
500 400
864 674
250 750
300 73
450 79
50 424
550 350
400 550
880 880
