50
prsssrrrrpprpsprspssssssspppprpsppprppppsrrrrrsrsr
708445316 482624920
622399573 447341071
397927832 311051026
568409658 341592944
395484955 58249457
199848795 194256850
699734511 117724086
573766728 167484050
693401306 362661899
51458915 42295609
30369491 8658475
163154466 103991213
277640831 65161793
760075615 3607073
494533796 373244878
194743949 115714836
681512581 288617445
783708342 485171793
555831043 535605978
124199728 42067484
425709173 271520578
43604572 3241721
765814924 443263118
518865145 226272950
829670526 661193704
602193551 167351565
598259186 20147245
159771800 131208038
103325189 76420470
479609411 163767609
230242888 1967561
196874784 174663221
67268937 56595220
419511900 128161491
631788303 43264338
760521554 295531350
128831881 98563456
154327901 113092498
627676615 458802780
326969180 99378996
588736842 88419889
14390700 7974436
538229812 5601452
136361078 132471840
597153304 165999753
722651684 232307327
263974644 220271331
430443028 376526624
796145507 639893463
91328466 10274891
