5
1000 3000
905301 102 182
490401 9 8
689905 84 3
624481 151 23
158836 38 38
548364 144 48
395657 117 23
116589 35 84
262703 6 14
155396 18 43
635680 27 50
899348 228 11
338868 64 77
230417 57 73
287215 27 66
181921 19 174
372437 2 29
243565 25 2
869321 95 10
553449 184 45
252568 11 39
555281 45 129
481343 25 38
914272 300 54
347841 16 87
964512 200 8
486991 87 115
301286 64 17
210025 17 16
260241 66 10
347897 90 118
582641 64 22
581019 87 17
499847 84 31
112401 31 26
279791 58 18
457926 108 24
494241 135 25
706401 218 784
330257 108 2
323836 71 2722
25352 8 30
807761 156 19
677401 140 37
521457 103 864
448365 116 9
906794 41 104
737627 221 23
844401 36 17
989119 311 26
748551 46 27
873857 276 28
875211 182 73
825753 195 36
28081 3 5
973233 65 23
93871 13 20
39900 3 22
314191 3 99
115753 14 51
974119 272 14
582141 154 6
381181 54 7
45357 8 115
45941 9 1
524173 8 26
870409 284 14
831946 245 18
103443 28 13
34326 11 48
613267 115 32
363123 48 36
44476 12 167
863473 46 37
843285 251 15
873836 272 4
781485 200 37
959673 220 58
366401 95 49
817801 71 45
28226 5 236
657009 51 8
769130 222 15
546974 22 21
41365 7 55
817226 27 47
101993 11 3
952930 287 18
935971 51 82
492716 57 29
648616 15 33
140571 28 3
325577 52 198
376855 82 43
868775 167 16
482071 8 96
435901 121 35
930081 310 122
956161 88 7
486593 36 5
11819 1 23
170313 35 3
274059 13 15
412802 49 30
851869 144 24
378336 120 88
289805 83 556
914969 272 20
144153 14 87
780860 82 81
971148 322 263
4924 1 55
923267 276 50
119292 22 212
437357 1 25
44591 8 30
216191 28 36
834678 70 46
13835 4 8
239101 45 5
843469 10 5
387756 7 22
227965 21 43
298975 22 16
977681 262 28
405993 49 21
792301 200 34
501081 151 67
42413 4 327
446601 66 72
810852 88 2
919151 246 6
804633 181 27
828661 55 18
175505 38 1
552995 175 19
211936 47 19
362165 64 206
213501 63 26
491191 77 20
34687 10 14
789225 33 44
17706 5 40
685771 93 1
716739 204 131
274535 88 458
411326 118 56
757945 242 85
28801 8 29
374712 22 67
892821 115 4
820115 56 34
552370 8 16
3765 1 7
15836 4 9
318689 58 26
409176 124 7
298329 40 61
337017 61 37
135831 11 121
944775 136 61
408881 62 4
884543 200 72
502337 148 21
11111 1 42
225178 38 42
384887 78 22
260321 27 20
646830 53 52
15331 5 5
461386 34 310
920351 209 14
639157 153 13
559416 166 2
456467 67 19
738551 154 35
164118 28 71
987768 329 86
946251 4 38
68181 11 38
813563 97 31
216371 2 51
82305 3 22
292976 37 12
381226 18 54
876491 206 10
775086 89 9
726146 27 200
470801 76 154
93117 16 12
140960 15 18
16993 5 322
820001 21 18
494003 55 16
847751 44 38
989549 271 41
908834 258 27
583559 55 468
992109 48 12
446109 83 1260
459331 7 35
630223 79 14
702765 35 1
169913 31 294
63118 13 10
292528 37 8
28218 1 17
827591 244 13
119379 31 19
809085 87 40
340941 29 1
269206 86 37
188761 16 11
367457 40 33
715544 196 39
492713 158 38
865980 51 33
717345 115 182
563177 39 8
133601 34 38
240561 77 335
671926 50 56
188513 2 2
937434 223 17
316883 18 3
497045 13 9
16385 5 19
470907 60 6
957897 95 60
638465 195 229
232959 72 48
76525 23 1
799385 15 27
381441 41 5
401576 12 45
487681 1 99
861899 124 35
523776 17 11
388559 115 4
901879 109 16
962456 60 47
579641 147 2750
666309 162 20
803409 145 5
605651 176 22
881771 208 102
709537 6 40
767533 207 21
37505 6 24
292581 29 426
215161 52 28
181941 57 27
249709 44 489
449105 116 52
15533 4 7
293337 91 10
662901 202 1021
109296 24 33
833677 51 17
272850 17 4
73517 24 45
971329 262 5
408697 17 48
345425 1 19
321981 39 364
274219 32 81
451351 8 29
680284 187 6
350405 71 13
395002 18 32
753438 16 32
482469 152 6
580655 80 864
913025 56 31
3173 1 11
848709 64 156
244929 10 84
79101 20 49
77281 23 6
330227 11 2060
714671 208 57
836693 241 58
758101 193 6
35931 6 6
664457 187 12
674359 133 85
505329 130 1346
390591 106 46
728101 219 25
922693 31 19
487529 161 10
832413 81 23
31721 4 19
841279 277 29
744235 181 54
476577 74 31
310931 24 15
911916 214 127
753909 20 17
154725 22 2
743843 17 28
59109 8 16
545706 56 65
380005 111 23
968197 109 49
763903 218 63
242370 43 23
999078 235 149
590740 100 32
406237 134 73
122733 32 69
996463 13 4
619076 79 1
734452 144 2
926513 224 151
513903 130 140
767920 27 20
344893 65 40
491531 159 114
438575 12 15
852529 221 58
227873 69 29
291540 69 67
710026 210 95
468482 42 65
963970 183 1
695975 51 15
852121 172 17
507566 75 70
21665 3 34
286249 35 23
226476 16 253
722281 56 10
781567 214 391
149428 12 17
238042 29 41
134841 43 47
349643 64 23
712990 227 22
686758 130 7
885091 35 46
34001 5 26
596581 55 285
7425 1 98
633441 6 64
571771 182 41
602418 107 36
944875 289 41
282571 58 82
782125 245 51
224431 27 3
554177 111 14
997967 43 32
12353 2 40
673290 99 39
188019 20 19
770673 128 298
917561 45 112
949025 49 54
682601 43 19
952809 222 23
267401 20 15
678336 36 25
589601 59 57
4737 1 82
738812 13 79
848966 110 54
523716 94 378
474011 60 31
732941 180 210
770079 23 19
315843 16 41
203708 21 32
71981 7 40
236971 43 96
452585 25 19
770218 10 8
665563 80 19
438151 139 23
640583 131 63
249333 5 52
303454 28 46
352267 68 60
58721 16 86
563177 98 225
598871 28 155
268614 58 22
617201 163 687
45555 12 39
513851 153 93
210629 38 32
590913 170 45
129921 29 100
589041 7 29
869397 26 16
507021 57 136
270334 86 18
505581 56 86
982593 309 8
140981 45 47
396946 67 31
845910 66 27
338831 61 38
140552 39 33
332701 17 70
486191 23 27
967059 2 84
362503 90 23
715073 133 74
335249 16 44
713107 22 52
228701 20 66
486903 121 53
422555 61 36
323613 78 25
210999 45 105
36545 2 35
222533 28 97
688449 208 22
167553 55 31
77942 20 20
118246 3 355
593607 127 8
521902 70 22
537629 69 47
512771 110 14
761780 69 21
546644 142 14
341211 111 172
880641 31 14
377341 101 37
309783 36 890
724467 173 51
75291 3 29
872297 77 3
413241 88 63
718575 157 36
888621 135 26
296736 55 51
929511 52 24
253731 75 25
716051 233 2
81818 9 59
513481 1 19
81430 1 41
31347 9 61
379303 16 23
207242 33 7
342997 77 137
422689 17 35
326673 16 102
868551 94 11
396141 61 857
42281 5 17
355965 93 209
275249 56 12
243626 1 1
661647 107 125
145903 38 4
67033 4 30
315091 101 22
939537 53 30
858181 232 26
423091 58 10
917684 27 131
3569 1 439
76761 23 140
660326 131 105
930715 206 1
833036 191 30
183677 24 25
663085 119 34
506041 137 165
441943 43 53
243476 18 45
574765 1 30
869001 130 17
501861 1 36
998938 161 130
494001 130 11
821973 60 154
63369 5 180
418497 21 8
38673 11 348
139333 31 18
774913 228 9
373607 45 39
583900 96 2
131397 30 10
333624 41 4
742118 139 51
168491 51 10
240463 9 32
878241 18 36
726821 123 25
934261 151 12
285661 3 3
16117 5 28
646147 167 1
643609 5 22
637073 41 16
924491 280 37
133761 31 152
83573 4 26
933881 231 28
771601 185 18
192139 22 16
403681 19 277
19515 6 28
730281 160 24
717980 171 26
974569 261 23
519345 59 16
243153 53 61
172227 28 1473
947629 36 45
196873 43 69
272253 40 28
140037 33 90
910101 225 40
569201 9 27
481171 155 109
612299 119 96
470759 115 13
388351 46 32
950701 301 7
667681 180 5
729732 76 55
979413 105 106
460338 130 8
974811 140 809
881051 245 271
558433 7 5
750697 178 31
775325 132 15
771947 53 18
912811 54 1
987959 273 187
705629 179 53
208801 49 3
220379 55 9
355443 38 26
229095 1 326
993861 259 71
387421 20 52
417213 47 26
579195 72 23
191979 14 34
153689 26 257
355432 19 55
250407 39 17
937861 28 10
303151 77 7
216355 54 25
693639 35 48
276724 8 117
215347 4 47
202326 37 43
323681 59 17
901957 11 6
110584 29 11
360082 97 3
258898 77 5
329265 46 51
579641 156 14
334593 16 10
846819 204 16
801921 124 6
615617 202 89
328995 44 3
777025 199 42
138509 8 105
487181 96 68
676286 224 32
122271 4 87
769348 141 28
266651 36 31
676727 50 19
232517 54 27
671977 150 88
701070 103 55
52149 5 33
647857 189 16
905576 288 21
9796 3 11
867201 86 768
998145 202 9
976401 182 34
538169 56 45
972676 140 27
393559 40 91
629381 164 92
722905 215 29
469211 5 56
664994 197 24
761805 87 16
675589 67 37
742227 225 51
929571 109 29
683233 132 617
311687 68 27
872106 208 9
595026 131 213
90436 21 66
363501 93 6
349089 56 1
935219 76 24
73319 9 15
743156 95 35
186801 33 110
986396 223 5
475950 128 2
245345 64 125
984246 16 25
172191 23 26
965401 74 1
900331 94 45
159646 27 402
352599 58 38
447713 125 28
766426 113 5
821475 195 37
535629 15 29
404920 62 6
146693 9 16
441901 101 29
902884 289 11
518279 61 34
51465 9 2
831951 270 37
187451 57 22
982851 307 154
265428 20 14
234355 34 563
183178 50 169
100659 26 9
739191 11 34
619813 51 4
834529 187 22
675169 50 13
441857 22 13
148703 30 73
320814 69 1224
759157 98 103
726313 188 27
811327 97 15
641405 197 2
770149 73 26
185247 5 20
566126 48 34
342241 4 14
730001 239 48
169342 39 14
276348 9 2
572507 109 6
376017 48 16
619260 110 1
90076 8 35
971203 178 4
875925 250 25
929559 224 262
366431 41 27
91911 30 40
522869 106 31
904057 251 26
830505 224 3
235561 74 51
689048 166 22
144417 29 21
155038 7 5
253541 67 152
421371 135 57
318096 6 5
719593 100 27
969841 143 58
861449 71 6
349501 14 20
137653 44 19
501585 44 46
242201 53 16
737211 109 17
156817 4 58
986373 322 103
518079 39 22
334016 84 31
872555 185 1
113040 24 1
883201 126 44
22583 4 18
678459 68 218
939161 245 58
585406 84 111
594591 183 12
321492 33 54
605949 39 2
172650 46 29
476097 92 188
734749 241 11
464425 32 12
838783 69 63
481177 107 13
490465 64 3
331051 15 202
28113 1 56
377458 65 35
391813 30 15
999970 224 53
334959 72 13
444027 1 39
853578 221 35
160590 37 19
135189 1 765
752600 72 55
233041 75 29
91287 30 34
450637 40 17
641633 70 2874
708126 34 25
262969 49 28
761045 164 10
95957 22 31
4633 1 8
164730 52 168
227313 33 2
460161 67 30
397495 16 10
981179 322 23
800877 154 14
829889 257 3
635901 192 32
340151 12 154
474678 137 5
50869 11 1
812721 144 27
564339 89 25
790817 30 15
761556 175 38
645207 142 15
493955 98 28
892157 152 60
459513 86 69
138197 35 103
229281 11 9
936180 20 62
901795 79 56
191356 22 321
275130 18 6
528126 95 58
6121 2 70
139077 35 16
555021 30 47
823310 7 7
785021 174 26
861481 82 26
685263 158 58
983745 197 67
436849 89 21
944345 247 31
339900 29 181
166241 14 49
233021 29 18
629321 97 54
694943 147 49
36899 9 139
370177 95 76
858865 272 44
562697 170 24
658261 77 8
961919 50 315
180833 23 40
235616 65 23
697561 39 25
967865 190 27
380162 123 15
6653 1 13
646289 21 31
208897 63 8
925759 193 8
71505 9 2
897889 25 5
431771 72 32
201414 48 20
831969 159 112
907382 46 6
884649 40 26
623932 82 43
414381 117 29
357001 90 9
164577 28 14
492837 125 30
904753 149 44
453426 28 56
797523 13 47
948125 241 74
650945 62 48
666500 119 14
638005 183 9
787547 257 17
981533 175 20
315515 47 7
924750 10 29
748161 230 10
62811 3 10
92961 15 27
584609 9 95
726197 129 164
227283 59 4
350916 46 17
997162 212 28
295828 41 29
739881 111 12
31936 3 35
508849 14 146
973381 53 30
980261 266 48
705703 139 1
806051 124 3
741783 212 74
943799 183 26
768541 140 37
316733 68 30
650562 200 18
140376 21 35
386613 63 10
145788 5 21
885305 19 66
589697 90 67
716719 109 22
264106 11 21
21381 6 14
768036 4 287
28837 1 34
70293 4 1
9193 3 8
676551 127 42
827401 2 79
612521 95 16
996443 289 20
844692 11 15
108435 9 4
168965 30 8
568322 119 20
522506 2 45
385376 82 13
813313 206 128
551051 94 28
878779 147 5
941400 111 4
782689 257 42
10996 3 13
801027 22 50
463403 35 190
940121 151 103
494694 20 132
490817 159 27
577412 98 150
100533 1 55
996996 191 48
87052 10 8
46013 14 53
969613 268 34
835313 194 2459
792555 150 2
589793 83 4
948508 5 171
4089 1 23
12111 2 17
955913 215 45
735787 5 27
617852 21 25
802140 5 35
559664 110 130
83121 10 8
108855 22 4
390907 49 29
315332 78 619
747393 137 18
456401 99 17
416065 10 5
329401 14 30
543493 36 13
470311 23 24
752036 75 198
324445 33 35
757417 68 8
746151 184 71
918061 83 28
113605 21 64
659553 196 44
900405 75 16
555761 167 27
189056 51 22
730800 222 173
675721 163 14
214689 45 2
804993 122 324
183920 22 3
27089 7 67
563953 154 18
666967 45 5
778313 82 40
64001 12 135
747543 248 24
815473 164 12
887521 58 21
102131 3 19
251940 9 59
243620 53 2
573161 187 5
85449 17 91
274735 71 22
248300 5 216
620303 117 21
486309 57 46
836961 142 9
574745 88 21
973441 318 41
793964 195 28
932876 238 16
849293 175 51
186295 59 32
466457 43 122
778056 160 143
513025 94 117
478151 68 44
64840 14 137
899677 200 18
58641 5 9
81001 12 98
614591 195 35
586111 30 100
302421 100 2
504321 103 102
456576 132 17
401193 3 8
375348 9 129
739445 54 30
59218 8 37
344673 83 27
21409 4 30
494563 82 30
736437 122 29
850563 239 292
455501 26 53
245306 7 128
798249 172 8
403822 28 78
252931 21 123
819620 67 72
212361 20 1
938064 64 13
534155 125 15
845558 220 18
356425 60 141
219853 50 36
101001 2 8
664439 149 13
30979 7 1
689282 139 8
236974 55 63
817531 156 25
688163 196 3
578909 12 72
466161 70 47
688550 213 10
801917 88 15
844208 251 5
571933 12 364
285494 28 37
854937 209 130
550293 87 24
328394 101 20
353472 101 174
910111 51 18
744803 81 806
940901 226 97
507296 31 16
347219 19 9
471216 128 24
106341 33 49
732095 101 23
315293 101 268
441985 117 23
672309 119 79
949276 10 152
49169 6 24
484315 80 11
435945 54 25
42661 1 24
788629 29 97
431897 112 28
472001 125 144
123266 34 21
110276 25 132
361514 45 94
514001 127 2
163989 29 7
389791 103 345
497231 69 4
110072 24 68
1000 3000
832321 51 51
896509 172 111
971081 122 59
202761 58 126
936351 109 36
243209 56 17
886001 224 82
242905 29 18
128081 38 34
364505 16 27
562729 75 25
849533 111 44
977501 325 80
321204 39 21
66291 2 13
721506 24 35
877641 234 9
327693 60 24
327321 65 284
516421 49 21
381164 28 54
44151 5 21
54453 4 40
354417 61 42
433631 42 38
447101 58 68
164231 10 34
528863 75 34
791825 212 25
805176 55 111
469937 133 8
839017 265 48
243097 79 3
885906 81 31
652249 142 30
277841 90 36
600706 36 32
243281 71 78
634481 45 204
355248 20 26
499724 36 2234
240146 49 30
191341 40 495
59505 1 63
338987 106 28
787851 88 533
148651 31 8
113851 15 14
391879 45 4
405134 29 19
888208 114 50
400527 2 184
126035 28 83
116745 17 29
386285 72 55
314775 20 526
542433 59 42
632281 60 626
268441 25 23
806043 27 63
489241 83 84
14866 4 8
707777 106 2
988116 68 27
926503 83 394
382305 92 18
158052 6 56
219290 1 31
804777 222 53
686797 86 13
996796 316 96
274417 40 93
335781 8 48
148761 19 12
782959 187 24
532337 50 35
246441 51 4
185893 58 1
788891 72 106
327218 18 24
531489 51 12
218033 16 47
911361 236 55
240801 35 33
175608 23 29
312193 64 205
230621 28 40
867499 92 126
502551 160 87
283000 33 4
200928 28 15
734627 204 88
337677 109 83
839993 6 10
826217 240 358
83067 5 25
734529 181 40
647643 54 24
21377 4 81
738822 177 1388
381358 125 54
617689 109 28
35939 4 9
263533 50 16
213837 67 32
105858 25 31
839711 97 44
136225 19 9
137682 30 1
990194 133 425
556425 126 1
925366 31 28
928997 58 18
935023 258 101
768781 221 63
765393 107 27
600068 31 3
353334 10 55
603529 10 17
600969 166 12
728529 164 67
939548 152 36
780661 242 22
249641 2 28
587201 189 203
128481 40 7
859841 161 23
455129 141 161
515939 82 17
995745 292 55
942586 277 22
362911 56 7
87309 6 17
719567 28 67
954217 290 66
185179 54 164
998710 12 10
976717 14 55
521229 7 19
881779 243 226
101095 9 22
827941 211 56
975697 147 15
190449 9 5
71393 5 57
667721 11 89
930951 278 19
936276 207 153
929031 284 19
907561 7 166
677511 131 14
745769 111 20
324952 69 473
332117 107 27
586701 175 39
860089 74 14
716781 70 35
662405 19 93
676147 50 4
211523 53 43
313579 91 21
968753 148 113
912225 36 6
776143 80 59
419121 56 19
268461 78 32
401251 36 57
260498 79 25
78401 24 22
126385 34 145
38689 4 49
345351 62 103
828304 158 30
964673 213 20
127476 39 1
983676 87 67
915037 21 9
184001 6 7
85761 20 49
565924 26 72
670284 124 195
489219 118 2
384135 8 2
423781 107 89
301119 81 68
793538 246 13
328881 98 9
427731 122 471
23865 7 35
733127 146 9
105401 21 32
800187 11 7
425744 14 577
129521 19 75
159089 28 7
642152 157 26
269793 64 22
100251 30 38
456357 126 90
392305 28 8
770771 150 21
493111 105 26
894681 43 11
251106 45 13
104818 1 10
388113 73 9
186943 33 50
152547 34 20
820603 21 34
391701 24 87
266213 19 4
177499 5 43
28513 3 119
481953 29 17
924861 217 5
625941 199 28
704701 181 537
766717 34 22
645831 31 24
684505 224 25
280587 68 30
607962 14 18
222241 61 28
173593 55 1101
344113 16 118
5111 1 13
303429 101 9
807845 168 43
534561 13 49
79745 19 36
263439 20 74
563053 80 32
6251 2 5
229126 28 18
83185 20 31
674817 44 36
265671 15 58
864383 139 138
150501 48 4
969481 187 27
196261 37 40
806387 247 11
707309 194 46
47813 11 3
117011 21 50
729901 44 11
252159 31 18
67836 7 106
859609 118 102
394729 76 15
181480 4 34
742401 200 16
430756 23 81
627642 116 15
536103 5 70
657501 166 16
449669 81 31
612964 143 26
575510 172 31
72400 10 18
92314 13 16
84431 15 21
612561 41 7
513281 122 111
145254 8 18
364821 5 7
978801 181 3
80341 20 3
667841 217 1498
169820 31 69
611441 102 2
472821 140 33
387680 26 49
550845 118 93
497574 48 30
426283 65 21
558941 177 17
693978 54 11
282113 83 33
846218 262 18
821048 252 13
55553 8 34
431912 110 53
685345 102 14
249077 75 23
696669 204 11
430197 100 106
788997 204 34
890699 61 30
207797 64 16
902892 70 49
580954 51 1
596957 168 28
977525 195 52
159753 23 26
155570 41 21
802097 4 36
935205 289 26
964801 128 21
488926 4 7
265940 79 462
589385 19 211
479089 121 43
95881 23 27
571741 33 13
620957 39 9
457761 3 37
944206 205 26
207030 19 55
749757 121 10
895205 36 32
225069 22 156
670817 20 24
55315 17 30
728353 127 99
264351 82 15
170056 23 8
493117 117 4
977901 289 167
130172 8 17
770721 21 8
965849 94 2
963781 156 318
975429 295 63
15761 4 327
974817 94 538
48745 9 95
438132 97 196
51201 5 9
989310 176 12
335845 39 120
293741 77 49
450256 11 11
388291 107 6
793317 212 28
797651 188 3
410081 92 3
827850 100 24
172531 20 314
261811 75 52
453145 98 63
735457 80 23
617313 106 28
845057 33 52
497688 117 117
171105 46 16
747553 229 6
815777 110 34
570273 114 161
616337 85 27
112451 12 95
296336 4 26
333819 59 14
175765 36 1248
472291 60 33
899367 240 150
72545 15 61
67903 20 141
146973 33 47
310876 43 27
555249 60 115
600678 3 3
909807 48 29
11685 3 176
727297 50 120
66159 5 112
340571 83 25
465469 83 24
901520 265 10
32515 10 16
396151 15 11
272141 25 259
878581 33 3
874797 13 11
203235 39 22
603791 201 8
417362 106 26
640969 49 25
384441 11 29
139814 42 10
531433 91 18
424209 128 28
522382 89 3
403945 104 3
447581 50 8
936055 89 4
74062 10 35
224433 44 17
790982 49 619
397793 120 35
269437 79 2
172337 17 17
704427 224 53
968401 83 43
915391 124 37
937703 78 34
260011 26 1
579980 167 199
503449 84 35
207625 8 3
90959 10 15
890124 105 38
740881 213 26
393601 35 16
769329 122 43
877933 65 14
111955 3 15
665954 59 49
699838 173 28
602876 64 23
121193 1 16
71258 4 922
456953 2 6
650001 6 93
532121 67 26
909091 54 28
229266 44 88
362860 37 60
802457 183 72
682044 74 9
230873 66 15
310457 14 4
574829 117 19
51611 3 21
273839 36 2077
289048 87 29
892113 275 52
539511 14 15
830226 41 10
637207 102 46
730406 83 1
607805 197 36
607945 126 33
579908 67 118
858837 29 49
81033 8 32
221457 41 190
532561 147 10
446481 54 50
892361 227 25
118881 13 13
515339 64 23
961205 250 14
368609 113 14
86425 11 15
817261 93 4
747674 190 62
423627 35 92
926981 304 55
739341 85 55
274879 1 1
661769 56 31
73981 21 21
171269 15 710
612331 121 150
858378 232 5
301209 23 12
237513 6 17
866494 18 22
200603 11 72
167041 35 40
4441 1 14
485447 45 2
679000 8 25
825443 240 19
479110 45 43
445459 108 36
455493 24 44
751434 28 39
420497 81 31
93001 10 118
87271 19 38
825645 141 55
47605 8 29
978753 231 8
704751 21 14
960651 107 35
799936 196 165
657881 163 86
196161 20 46
89261 11 459
506401 155 29
273309 20 137
308819 91 107
409376 113 90
974392 76 16
227456 12 35
490783 42 978
755209 247 5
332658 46 20
170051 17 49
433821 117 66
980584 157 54
564198 121 67
991049 150 10
287729 66 54
686873 142 85
738225 148 96
464449 105 2
387757 95 6
954473 81 6
297740 99 94
244525 24 95
963391 165 160
738000 134 22
253638 6 1806
878763 247 45
801076 134 8
180227 46 4
303811 95 18
163341 1 12
335723 35 215
869803 123 3
597281 76 6
495178 131 569
34380 10 14
427932 112 82
465126 132 4
37137 9 46
560361 98 9
295631 38 67
368601 41 140
718461 25 196
411721 91 15
39691 11 31
201228 46 12
324153 6 32
990545 94 21
751294 244 14
557451 105 111
90075 5 42
141886 7 3
285610 89 7
585041 95 18
279431 12 100
679341 179 33
968401 284 14
765841 165 10
49031 10 260
182311 9 96
671723 58 39
996871 281 38
554381 113 345
818716 209 11
455622 46 5
153874 34 11
41675 13 99
869120 141 7
219559 36 34
308071 1 35
581477 41 38
687059 104 64
441167 84 121
993570 256 20
459293 97 30
800211 177 1
74425 24 68
969475 189 31
629797 22 4
36038 6 29
462615 18 56
586797 77 8
891461 74 1090
249545 69 127
31357 6 57
292470 36 98
490167 149 30
837761 60 39
419117 45 29
34581 1 32
287189 43 16
360784 37 22
536447 142 6
69281 17 86
386637 24 6
966028 100 17
389915 6 20
819673 198 11
457723 39 19
510554 121 105
25861 2 139
24232 7 65
589273 42 162
900089 135 44
320881 10 30
570084 157 18
107729 30 6
595201 151 9
470891 103 348
773521 48 15
255869 11 724
147985 1 82
836811 199 31
219465 43 31
828553 170 43
872489 145 28
496214 133 22
588621 153 19
491825 7 17
10047 3 21
872185 23 21
193861 39 35
180721 13 65
229166 36 9
995009 185 8
137027 18 18
108813 2 618
768685 146 238
605139 197 31
431821 59 109
36713 4 13
330981 19 24
676494 49 31
792613 241 22
167484 55 12
333403 77 3
613961 47 53
691586 17 33
890741 189 53
850809 56 20
674989 168 83
635101 146 20
734190 87 27
556304 54 34
252081 25 791
907513 19 31
27289 3 22
7017 1 28
524701 165 66
29312 9 163
598643 38 71
165626 31 33
772261 23 46
758366 173 108
564638 51 37
120733 33 28
743091 116 280
523553 21 36
204352 48 38
607711 133 14
178980 48 108
821607 37 37
257866 58 31
352199 63 93
78397 19 54
875237 158 9
626457 45 81
880795 210 75
137204 26 2155
718811 223 66
181883 56 8
251841 60 1
683203 193 1
221856 66 14
305261 5 31
494201 66 21
506168 132 55
937479 254 36
330323 52 16
403801 26 15
881855 19 211
502545 116 4
442787 114 17
68913 3 6
940631 281 34
574307 51 15
631651 12 48
535481 89 6
427393 68 56
430617 55 417
5697 1 34
679161 159 10
605374 134 19
393129 66 7
704106 77 15
636121 62 46
392717 58 27
435661 31 57
18833 6 2
234381 3 22
355899 104 232
92425 28 24
490721 158 43
724668 26 43
441641 26 92
69077 16 13
556521 116 45
912631 50 134
580255 56 13
46995 7 5
67564 18 26
258167 38 17
678785 30 8
238811 78 65
659471 36 38
661292 120 8
867321 77 31
17604 1 116
239881 46 21
202099 41 37
416063 13 67
397954 17 25
355721 20 79
646241 205 9
928026 17 72
955521 208 104
654131 124 5
653996 1 64
220976 28 26
763514 11 2
675531 44 25
763015 56 39
436013 57 28
952159 254 92
45936 1 18
506571 166 5
717961 97 6
814026 271 85
442337 122 2765
54912 14 29
292183 86 30
525545 119 242
305436 80 17
653003 99 6
11617 2 91
997751 38 1
434354 138 58
450741 66 25
980996 288 35
268993 21 28
269101 45 89
249105 50 78
253249 12 28
430951 94 59
328678 58 38
305992 7 35
53258 10 21
40229 13 7
214505 41 722
164871 53 38
880601 219 18
942626 19 29
47189 4 2
746010 183 11
631987 160 22
496526 85 70
43051 5 39
531489 123 33
857601 229 8
405195 132 39
397245 77 25
885074 294 26
776749 126 1
886868 222 23
490881 65 18
201813 20 153
139882 23 57
22653 7 60
123817 38 20
311145 29 3
519777 58 37
355435 6 36
617414 94 5
640801 138 7
386487 109 13
521237 108 7
609997 124 61
131727 39 42
486389 4 35
54451 10 62
621662 167 125
34184 1 86
490381 59 134
665298 17 34
838481 264 216
435789 48 15
943461 90 61
660518 175 45
657086 92 35
954405 174 3
301641 95 971
552676 104 912
67454 20 1
107441 8 23
656641 186 35
97507 3 12
940519 238 53
662721 62 42
709500 96 102
195197 52 40
76534 21 131
220532 26 1752
779481 214 31
550679 98 44
429806 112 29
225345 23 56
852809 21 47
643801 113 36
308931 5 46
706835 78 15
730083 4 40
574617 46 28
77803 4 17
689105 166 15
853221 197 17
397985 31 20
86781 28 82
713535 223 120
828013 99 35
387201 105 23
291721 11 64
738211 184 19
810433 267 60
98180 25 45
477177 136 38
860546 90 21
251772 74 14
733580 98 17
367601 102 52
859837 229 54
445145 15 18
455253 12 21
824967 180 39
251798 42 9
679125 60 26
710986 2 8
436589 130 7
413172 116 4
930257 266 417
83940 22 23
291892 82 12
534564 80 55
665098 103 16
204471 30 49
805951 53 27
864385 35 150
453395 128 9
706501 96 4
634075 184 101
273827 53 27
70776 7 26
714929 209 177
466193 141 15
386631 55 11
136611 38 198
70228 3 22
319161 46 8
234681 52 25
643561 210 18
536616 16 48
104985 6 44
624809 56 75
33099 7 17
446761 52 28
159155 11 7
961417 245 32
147433 23 12
879061 269 44
810677 109 49
461116 137 10
437337 4 14
739081 243 11
542851 165 38
143857 19 197
514540 148 47
344739 104 29
91193 23 31
430093 18 80
48301 16 12
212165 64 24
587285 27 9
438201 67 13
169680 45 64
437766 82 410
586601 111 33
432321 124 184
481861 59 34
181076 34 15
188900 49 12
235602 3 195
569407 106 92
916233 219 53
391668 69 35
520121 80 14
943801 152 79
380797 25 2
416801 22 59
366270 22 23
127043 8 5
215701 54 660
287663 89 15
85006 21 576
845656 211 14
36968 3 39
826311 50 24
866515 176 64
883851 278 783
140012 4 39
501631 133 96
958081 14 20
554115 22 6
353985 8 27
269446 89 129
546449 147 23
531861 168 414
519271 122 136
737914 239 41
24033 3 27
16639 4 75
511652 127 24
373865 82 5
488267 105 6
549833 112 68
373047 16 8
43486 10 1
781001 74 21
981366 321 12
951064 154 30
951751 153 77
253393 56 33
26333 8 30
141086 14 3
34145 7 85
759873 176 26
124681 16 156
443095 8 41
978751 253 19
844107 188 8
824881 229 18
351185 37 13
590351 53 50
142201 5 2
123901 29 24
878928 263 7
314073 59 14
304393 19 385
474360 55 503
978156 193 350
615297 204 21
431797 22 59
908225 37 48
397691 36 10
630145 154 17
32193 2 54
163047 33 18
840273 89 38
307393 66 13
259713 1 18
647570 45 124
839067 103 139
304161 65 4
23377 3 29
460673 74 22
447721 108 72
797187 14 99
624548 69 35
454699 60 6
682597 79 27
373081 88 22
626921 20 91
867676 222 9
961633 136 97
926741 146 42
920617 103 33
31898 10 311
775133 157 29
704419 196 9
430101 137 63
548637 74 49
774641 38 26
99489 11 5
753951 102 14
876655 232 187
361541 68 27
77166 7 34
996461 82 10
829351 192 4
354291 18 52
664536 50 9
606598 20 16
561424 37 34
654879 217 121
847744 34 47
353769 105 191
416378 107 46
778868 183 175
852072 190 20
467373 144 237
244103 44 27
363742 69 248
343706 111 5
307143 101 23
742917 222 7
826401 86 6
274962 22 33
409465 97 42
236596 19 26
30851 8 13
628218 184 70
988945 280 53
1000 3000
812660 38 40
667962 146 20
352297 6 12
149803 13 4
925689 151 2
636404 209 41
608607 129 33
539492 124 26
955648 255 30
108636 32 30
813613 208 11
834467 124 46
960091 205 4
820470 142 73
75403 16 103
591210 48 4
768517 184 4
308541 48 200
31561 10 64
196864 16 1
238817 28 30
715576 86 22
697057 20 3
688017 113 88
684850 211 6
245463 67 93
631826 18 19
72273 23 25
485945 86 59
988774 65 39
583061 91 27
80764 18 28
167425 21 14
783523 147 70
425667 52 26
984425 104 5
193497 15 33
522996 34 1
173063 44 65
749911 237 18
957646 185 83
627240 128 42
989341 65 35
467125 69 32
478923 115 21
369543 108 33
836981 13 18
478419 127 16
860369 23 492
409597 49 18
60609 15 21
632444 141 104
125109 23 18
128339 25 50
720961 107 48
326646 47 49
159381 5 1012
485251 70 62
838917 46 23
359131 51 128
150903 21 20
468219 91 8
44391 2 6
317253 90 275
221051 42 2
523377 17 9
154067 4 9
4279 1 26
580361 122 22
110843 20 17
266751 67 10
303001 21 13
169781 20 26
133822 3 24
870693 9 9
56751 5 9
220086 60 33
662833 4 53
867346 81 12
854091 83 94
226613 3 26
150053 35 1256
252776 75 5
663486 216 20
895977 92 35
751169 83 11
463745 40 32
998785 317 12
656885 164 7
593901 85 1
471741 44 15
478281 101 1
115325 29 82
743637 93 37
368569 57 1
358047 71 33
543497 5 15
243981 63 192
248213 10 12
678541 165 70
470736 100 5
168607 31 21
335021 44 7
718371 105 17
670071 174 19
464765 121 12
137497 25 46
589376 13 42
458343 37 25
376789 93 2
226901 16 59
826363 238 27
637481 103 9
253177 45 37
668481 175 20
242559 53 42
425841 68 43
679561 147 1445
861185 230 102
423284 2 32
371871 26 9
91417 9 37
58809 5 39
76718 12 7
680495 51 9
361539 38 18
798351 128 68
362817 1 22
185665 51 17
127127 37 22
84917 13 46
663526 60 25
589345 117 22
140276 42 5
106563 5 3
620801 23 14
953392 286 73
981005 315 42
499361 162 43
286851 51 70
920066 289 16
469138 111 20
146185 43 36
363201 3 66
599313 138 171
530619 31 64
623965 127 10
94481 6 13
890121 107 7
16577 1 19
998423 268 19
868521 112 7
36937 4 190
692631 229 12
586130 46 30
726881 148 11
783999 26 19
749965 79 12
269401 13 35
627794 199 32
252837 49 49
807633 182 30
396450 100 4
433869 52 34
919301 177 30
832501 18 13
651141 91 93
782885 218 73
878378 235 73
351468 34 24
776105 116 8
318369 6 12
883261 261 21
519814 28 15
716777 121 8
333444 7 17
652327 130 210
887849 239 65
546337 146 59
447401 47 2
91794 5 31
761085 17 30
605477 146 79
25928 2 16
143444 31 10
392361 18 32
740163 167 52
385242 110 28
697561 142 45
845845 255 73
471541 93 62
973698 152 19
843711 268 27
792216 44 74
167140 17 2
421161 110 28
88879 10 33
785261 184 4
362336 95 10
345601 51 123
606383 137 18
74693 1 29
826537 200 14
973955 94 400
380436 33 31
172231 56 714
651075 101 43
71903 17 3
161903 12 25
383641 74 5
66803 22 52
297449 6 36
196126 51 8
192169 16 5
513727 47 35
539532 43 16
152311 38 43
574337 40 51
407943 98 51
488080 85 15
906336 17 68
442710 42 31
897645 192 10
214721 41 103
557715 79 13
69593 6 28
114209 20 20
96241 2 27
549404 90 18
115888 34 49
764794 223 75
397139 29 137
572923 170 470
844457 108 29
707073 206 3
119803 4 97
547191 102 56
740821 84 49
576729 143 50
403908 127 21
727041 219 140
312033 26 24
901509 186 24
643723 127 14
692931 120 208
21105 1 19
507796 88 31
322845 4 35
884806 187 66
104546 17 10
788292 180 15
904481 91 75
481035 118 412
319421 30 75
610431 170 25
971251 45 26
818784 130 14
94178 20 22
806121 232 24
36719 12 24
124730 10 35
815793 220 33
252937 64 20
132516 4 24
555939 84 13
47541 4 40
133137 41 21
720106 86 13
34801 10 1
873009 144 58
161331 32 309
302601 74 47
637181 191 125
969155 2 28
38481 12 584
367081 98 8
699632 47 12
205325 42 806
121617 22 6
979825 217 41
31853 10 40
10472 2 24
706233 126 48
915421 126 87
833623 24 11
164881 46 112
482691 122 103
205921 16 46
598665 105 97
68657 6 85
174131 55 15
458671 10 30
554841 156 30
479889 159 23
883321 203 8
811261 209 26
589410 78 49
146121 7 14
641965 155 5
774345 211 248
965626 263 38
971257 40 165
534601 129 61
333441 51 47
484731 22 347
34785 8 79
716285 202 34
505645 132 34
180961 56 14
976491 250 247
314713 90 37
293341 42 15
666729 183 8
718821 108 34
676001 224 24
575001 139 135
584091 8 163
136903 18 13
273753 66 31
657233 111 19
271941 18 32
688690 53 32
179867 48 21
357941 106 26
16425 1 10
671579 147 57
997058 104 126
779493 89 8
978033 289 2584
184177 41 9
328226 80 62
595461 103 150
703273 61 20
24951 8 10
820377 142 16
693420 18 22
624281 174 250
425091 120 1492
135717 6 8
670861 199 37
249657 71 84
972095 241 33
851656 244 1
461951 75 106
526409 144 32
552038 116 37
338506 23 10
666017 39 61
541476 110 25
979822 51 4
764884 89 106
749041 132 38
912398 115 131
375143 78 15
653082 31 91
356346 48 20
256404 62 7
192417 11 20
628935 209 273
819841 195 30
779205 179 21
873217 142 5
946021 45 22
284525 71 321
399976 63 69
923801 139 32
689796 224 6
538873 99 11
196711 32 234
762763 5 31
953543 97 63
262783 36 32
765091 158 285
841911 56 61
97218 29 34
805401 223 111
363390 80 115
731500 43 67
841845 226 9
664602 194 211
930097 207 2
297696 64 92
711886 114 2
692671 189 16
114693 6 1
191099 41 11
656248 58 8
899538 177 1213
253127 21 77
870731 131 9
104025 30 17
95613 30 1865
328181 60 60
228639 24 124
862709 238 30
40141 9 5
615381 28 9
258409 20 6
136851 15 1
309576 102 34
585765 21 22
722490 212 19
404358 35 20
81413 9 43
371057 111 47
853618 259 1
95009 3 6
650041 49 11
116774 17 26
281511 85 135
715564 220 15
209235 15 14
135143 32 19
920032 275 6
803751 230 33
369861 67 69
89611 8 187
824265 91 31
166334 42 8
144130 8 70
799971 255 19
806876 177 17
996626 192 11
578339 49 63
865318 105 12
662261 39 41
196801 52 49
290603 5 29
652899 157 55
57429 13 739
625921 107 32
248569 74 4
639341 74 44
136697 8 13
334467 33 38
711905 35 3
409605 9 2
335524 18 11
181541 58 31
554205 77 29
868723 148 24
121713 40 54
410605 106 9
764231 132 22
224849 68 36
529112 105 1
930861 74 11
354001 11 39
73970 8 9
663233 19 50
816641 180 47
533102 143 41
139915 46 107
710603 8 29
958897 319 1045
403961 26 9
762551 88 54
483649 84 4
532031 173 895
413217 3 262
584437 71 89
701533 188 6
476151 50 9
443425 14 57
626500 147 1
772124 126 10
386961 34 63
917858 256 81
375761 115 61
411281 100 9
11003 2 31
533675 58 31
198871 17 7
281300 45 36
713641 91 31
404217 15 1
377138 35 47
689345 13 11
308520 86 20
91657 15 43
916381 261 24
861085 115 90
788959 63 40
576479 66 16
308685 45 29
185977 46 18
246118 39 10
240759 73 6
246801 81 2
961067 192 39
12470 4 31
176915 41 1398
886024 261 56
461525 116 19
952691 221 96
115701 15 35
61329 4 24
503395 6 28
575575 128 26
42339 8 123
70109 6 29
906649 53 214
345261 19 293
867610 201 31
401231 125 18
765101 58 20
986981 37 33
187864 8 94
811401 192 8
147593 11 60
463398 132 8
524802 82 15
93176 9 12
614111 167 129
695801 100 574
501521 17 12
945633 24 22
263933 72 6
725652 191 8
911530 264 7
781333 122 41
809081 183 30
637538 118 35
585441 25 14
858244 3 16
920833 113 89
943725 23 72
51513 11 11
445781 79 22
329337 49 150
485565 136 55
638638 208 39
705461 77 1
735001 6 338
378719 70 36
888681 115 53
712245 189 32
306321 66 2
341821 55 75
460641 29 7
772861 219 142
387261 34 15
986423 230 29
496222 11 70
770045 131 2
751614 194 48
540257 100 178
203157 12 27
600557 46 183
10171 3 301
334649 102 29
649130 152 24
603680 17 4
57609 16 35
604630 170 83
494129 39 28
62689 13 17
387111 38 7
610801 81 14
308849 53 177
784883 181 27
826909 159 84
749426 52 14
168592 56 5
280803 61 92
338647 52 38
965601 51 26
158145 5 16
469345 16 9
333341 73 6
627051 39 30
791974 129 21
114535 7 28
448905 41 33
817537 107 26
713001 134 58
23201 4 6
526959 56 84
129601 8 55
388177 42 8
489026 139 12
77604 20 14
250343 8 44
584924 127 431
601021 92 33
186877 14 24
532865 105 67
140821 21 26
453166 147 31
745729 52 295
7341 1 13
703375 210 33
435747 11 120
320976 42 6
831425 88 17
816505 74 6
49549 3 58
684295 88 25
223605 12 19
833483 230 21
764182 144 115
729423 163 256
563049 77 34
469535 41 4
460225 33 6
915055 254 26
125951 16 23
10956 1 409
201357 46 49
270001 6 19
555439 143 37
563401 184 467
799861 180 80
707345 152 11
71057 23 77
914020 11 202
225369 14 8
998719 191 69
758161 251 30
781426 93 28
539393 82 31
863255 71 60
40857 11 2
528531 12 56
163997 30 16
58163 12 11
985295 99 32
98437 29 59
658246 115 39
954975 219 264
612191 148 15
516977 51 109
167601 22 24
52336 12 80
15869 1 3
437739 72 49
474893 92 72
4993 1 3
443135 143 23
780781 224 12
791182 8 40
639951 53 20
642038 33 75
395489 123 12
806251 34 139
356052 47 16
479690 143 76
46153 10 20
672321 34 6
90449 3 25
105281 11 68
964939 274 27
955025 229 37
778305 207 136
372278 36 2118
624176 125 24
382172 6 78
80750 10 84
699789 83 14
278716 32 136
754849 158 5
774819 14 26
886656 9 332
755183 163 116
242527 10 27
743976 74 90
831217 169 264
781281 55 18
487971 70 51
958707 153 28
536871 25 28
529165 84 5
911413 111 39
911671 293 88
98851 4 36
757158 39 1
865514 12 13
713089 118 94
175995 2 93
483574 59 35
285066 4 31
799041 86 48
968150 238 17
250969 73 7
967509 297 18
724306 224 38
702071 126 12
131266 27 20
237643 30 43
996729 233 25
953678 270 36
556092 52 48
861600 229 7
600370 164 186
512874 159 187
302359 36 45
706075 110 75
377531 28 19
341849 63 50
991539 219 23
546358 67 34
88761 26 85
38237 2 14
427433 27 29
476538 98 272
840385 193 6
426959 7 374
87619 26 13
798489 84 27
778565 253 239
831301 170 838
415001 114 79
862484 199 15
592209 113 14
697841 189 11
993861 234 3
228235 26 29
495066 125 240
967379 47 35
448561 69 27
457177 112 92
9366 1 15
983276 20 2
376250 21 136
991209 248 97
766301 140 819
688235 79 28
615441 121 10
201472 32 551
549017 52 50
222840 9 36
79409 25 10
900401 239 28
422848 55 54
664470 188 32
74801 21 10
531075 10 19
137341 25 36
69306 10 10
619041 148 2
311753 44 79
687297 146 362
44473 3 6
404553 26 29
42761 10 25
342509 66 13
392997 109 215
537525 177 31
350981 14 35
105461 29 2
794049 162 13
384209 92 17
830121 138 151
428276 139 12
434847 34 18
801025 66 28
621401 172 212
729762 209 362
939393 208 48
897886 283 23
941674 141 64
847369 277 22
806489 209 353
463781 33 26
33617 1 54
717401 59 24
892113 265 186
992617 220 86
633205 20 4
892970 160 29
301751 4 163
153761 11 20
957876 126 41
128801 3 218
80545 21 138
148276 42 7
599157 190 32
187161 62 25
773291 32 157
325450 37 19
817729 189 141
570433 41 9
808809 108 182
616275 168 8
170638 56 22
25606 6 33
537347 120 19
858417 285 107
579241 153 18
598856 60 34
683352 79 33
215981 22 127
483542 108 41
218481 12 87
225453 45 6
339409 44 142
434288 82 4
752492 142 27
989682 94 33
878601 162 7
51986 14 77
924967 113 23
56441 6 38
220473 19 6
644489 136 669
815089 42 19
556417 119 54
621238 94 21
679113 159 10
273885 31 1149
308865 11 35
721413 215 25
809473 131 16
593621 195 526
162437 45 54
841560 134 4
130684 39 15
652383 176 3
375006 29 3
510320 42 9
372451 114 25
53877 13 2
605677 31 44
583953 132 27
687529 164 4
852091 51 54
393099 60 72
351621 44 26
367439 122 2
813825 195 58
765564 128 600
287931 38 9
348117 13 37
290384 34 17
402953 56 4
536861 34 9
161671 48 21
648599 69 1
582040 32 113
251009 10 4
620251 5 2
95997 1 33
838240 212 206
961151 63 22
915001 45 37
835437 81 41
556243 155 2
351909 37 62
624709 191 110
183481 1 352
485441 113 9
109825 33 56
273541 59 153
486245 38 45
62007 1 52
818693 165 7
99293 1 3
902501 29 20
392257 122 16
685946 42 4
990273 83 3
45605 11 42
77261 22 2
585541 193 40
876417 223 43
489588 63 9
969070 87 74
767741 37 79
579290 27 9
842981 114 73
707505 77 33
366635 42 3
502913 99 17
57880 12 114
733507 124 139
675550 183 56
587313 136 61
788379 21 5
748221 45 20
728399 132 37
563305 140 6
376633 112 119
897593 237 38
218161 44 47
216521 24 31
753540 247 41
745834 75 30
847417 61 22
476421 67 24
18941 5 29
447025 49 2
234771 55 41
641806 184 30
496830 105 11
763809 86 23
781284 208 50
323538 5 39
534542 140 2
801205 85 13
719689 23 9
392425 57 592
768929 93 33
296813 94 28
242881 79 20
468897 134 38
564748 8 5
713665 155 23
543873 39 36
248105 60 97
202559 35 2
331586 27 129
44626 14 128
485201 72 92
731554 241 6
179453 38 13
102639 20 60
714566 186 25
523397 127 49
243587 8 27
102453 13 52
228225 46 19
7064 2 56
582460 14 37
197827 32 12
624561 179 42
803692 189 28
540036 33 94
612125 193 405
790231 54 5
822661 109 38
716369 142 62
463311 107 49
325158 64 26
505139 79 2
499795 109 78
119497 9 4
655937 151 27
824531 190 24
437481 106 9
942849 255 112
600435 112 240
20222 2 59
155256 27 10
889841 231 10
906661 72 11
615786 131 18
211634 21 30
666112 167 22
553015 116 12
120469 16 19
898831 121 39
592995 35 19
460816 127 4
28866 8 40
430346 33 28
123703 37 58
440026 122 12
228297 12 13
823071 105 6
113239 9 37
168851 2 14
347661 47 23
430667 77 47
850641 253 33
576711 50 29
526593 35 15
44881 9 77
979726 145 9
543013 148 87
730851 85 18
159722 3 1
153605 7 26
84961 12 284
598289 157 19
283381 55 9
624241 86 309
177465 35 11
189099 17 29
842855 274 162
788759 76 58
744013 216 34
382919 49 50
61406 17 24
494001 62 62
170489 40 164
123291 10 18
971864 304 27
141655 11 19
338009 52 13
845531 37 220
651001 98 13
903381 234 19
801797 83 46
143414 10 29
361853 19 41
818509 179 28
894123 225 105
200373 61 64
467601 27 54
643336 214 31
1000 3000
8325 1 5
192869 17 130
241851 59 130
920301 236 4
561691 147 116
264437 50 234
601513 70 2
732185 229 55
196097 62 1026
901759 41 32
680201 113 7
530794 66 23
381809 46 26
284481 36 51
285016 11 11
300233 40 43
349792 80 39
996242 45 337
458383 26 19
45585 9 65
586512 192 5
402380 30 227
809911 196 59
927083 50 36
100829 1 4
817303 195 1
449981 39 26
86039 14 8
360925 117 43
789113 104 17
585836 91 33
479278 111 79
796151 145 29
686801 14 432
779608 98 5
964597 200 10
99311 8 26
776039 5 10
685821 211 30
164417 17 28
656577 112 155
808441 201 117
702793 202 11
670277 93 8
220216 64 1
138885 36 67
300941 65 35
937831 207 34
657106 58 13
18281 6 11
350838 53 40
131877 25 56
223765 68 9
478097 48 121
806961 238 20
709760 197 2
732329 142 94
520209 129 152
316372 71 25
534889 92 34
968277 276 40
297782 41 40
878743 54 23
829191 130 5
381716 61 27
283160 18 17
237267 6 121
993807 151 13
818875 56 28
654141 82 38
639501 12 92
474899 146 2
893757 109 12
806482 235 7
894754 100 9
145352 41 19
224740 31 64
712559 32 114
899901 192 11
666775 67 11
458929 133 3
752471 170 34
22369 6 52
811353 100 34
252203 63 2
178641 42 34
417272 107 27
174781 52 540
278129 15 4
362849 80 401
325813 72 43
143109 31 14
894859 213 14
711569 81 26
765550 150 10
112686 31 13
996153 147 30
555872 131 3
119111 35 64
687851 82 20
267251 48 24
952561 69 78
527921 119 55
840371 53 11
699589 193 65
761001 104 23
584114 119 6
408761 84 45
98241 14 32
311881 32 311
204472 22 25
892657 246 12
928781 279 10
210126 10 7
838401 203 29
805169 263 17
339060 88 32
182289 24 63
992768 94 15
145551 27 3
640609 111 31
975243 166 5
130953 9 14
56085 1 24
915793 101 74
961757 182 14
859361 136 15
584813 56 48
983001 241 79
588274 189 94
216033 10 24
92874 23 116
229451 32 17
401483 28 23
193877 4 19
614647 176 37
496241 77 24
127836 24 29
215001 25 10
692976 66 5
292673 34 37
335257 13 37
414081 118 35
607505 191 24
698122 173 26
299929 57 11
203594 19 35
111025 20 57
838753 237 116
593101 86 37
838307 232 57
94220 16 95
720270 25 106
130313 10 2
421113 63 38
710737 204 10
358387 60 6
120605 30 20
428087 28 19
560697 76 204
586920 85 25
510291 16 41
916071 100 43
107020 9 78
828813 133 11
89741 18 157
788070 126 34
908201 20 23
720441 64 438
703030 16 712
37689 12 35
795841 164 193
777981 180 20
4017 1 101
234190 74 2
389271 51 13
840515 110 43
268064 35 73
490001 3 38
128193 15 49
573507 71 246
638081 64 57
249530 65 15
427226 17 4
736376 138 56
988543 150 20
848462 250 20
760145 160 94
829989 28 54
461981 38 35
583953 78 1
22001 1 69
799586 16 12
984707 39 50
136457 4 44
449983 93 35
925678 4 26
820367 160 6
138701 5 5
494515 115 14
317902 98 5
849677 110 45
21158 6 329
163540 41 16
136865 14 20
261273 53 10
218993 31 100
216702 2 15
936277 180 12
136771 30 5
547987 92 58
45882 1 10
228766 41 17
894643 246 61
261436 70 35
266865 65 41
588849 114 45
387601 123 31
257861 54 46
871799 212 25
997457 213 40
604609 179 51
651011 176 56
459359 148 728
195825 48 27
206466 37 26
299379 88 20
47316 2 22
962129 166 80
445237 31 30
758202 15 6
769409 52 17
836301 146 4
520923 55 13
138471 20 20
878433 191 63
252673 21 13
688722 195 138
887761 48 5
858031 234 16
418831 82 13
670684 136 850
111216 27 29
942585 169 52
512336 87 77
849025 47 11
429967 71 7
182706 16 22
704951 114 28
926301 109 45
548416 120 2
599497 70 35
8101 2 16
497701 152 229
339969 74 316
9977 1 25
623709 98 25
406604 125 15
595606 1 122
886467 240 103
688621 144 1
236427 66 12
197505 60 17
994411 29 3
56665 1 25
49645 1 51
168861 26 235
468123 105 21
255840 48 31
358455 115 63
462809 145 12
819993 268 57
54709 7 41
194621 44 2
22791 6 128
350876 113 79
697712 46 82
518099 153 11
632601 5 29
313830 68 15
405825 58 57
693441 87 181
636593 97 107
658589 83 34
643585 58 6
407451 71 128
624316 177 78
841641 140 3
389169 10 17
785356 81 57
269019 47 7
513987 16 19
490103 3 50
642829 46 300
977490 283 64
697683 136 93
964481 263 9
284801 63 10
274313 37 31
98721 1 2
490600 134 39
642549 156 26
452651 109 31
620075 36 2
786721 99 46
623809 169 4
814201 84 26
630821 85 16
437490 53 18
224574 33 128
578573 75 70
303061 16 22
471784 124 10
178257 50 26
364807 13 142
556474 154 10
644596 163 6
753601 147 55
432929 66 18
915146 261 29
3633 1 25
569610 122 47
570955 64 50
659561 128 22
88977 1 25
485949 17 156
550136 115 41
501917 12 35
116741 31 23
721071 167 71
522681 173 39
749449 85 26
54103 3 25
607961 32 30
369961 55 31
715126 76 42
434201 17 29
916331 65 33
740295 83 2
788993 9 41
878283 52 45
655651 63 10
368209 16 1
592517 39 22
199945 54 20
150849 33 66
29801 5 3
940457 98 138
841457 51 55
343731 79 75
569509 67 30
243026 77 120
392127 98 76
21417 3 74
229305 60 20
802845 222 28
228756 51 6
429569 79 27
313937 69 23
865821 221 29
810541 156 4
40918 12 54
67057 13 26
914689 76 24
859297 146 33
418497 69 26
512786 58 18
166404 23 9
817281 51 6
269467 52 88
195737 1 11
79594 6 22
773633 164 40
874817 120 3
169007 20 26
841126 138 3
528633 27 12
996171 59 7
702626 231 58
354741 91 6
526493 7 59
767598 182 113
678316 161 21
12481 2 22
883372 198 22
819701 57 4
387458 79 25
663066 204 4
118871 8 60
627745 136 8
327771 43 171
59261 17 45
661224 52 43
158029 38 21
331491 78 1
353447 52 37
154981 26 15
113552 2 46
876469 132 30
530190 13 19
84755 10 22
613147 144 67
850433 27 74
716772 6 10
228360 26 3
20809 3 82
99843 21 31
872102 253 47
138113 39 59
847441 50 147
552231 60 47
395990 127 5
617107 120 14
372401 34 37
416871 49 9
827992 20 4
845628 190 35
558300 92 24
817964 216 26
669741 132 31
115179 21 43
625973 70 80
131457 22 5
727523 167 31
118026 37 16
944329 30 48
554921 139 425
647777 123 64
748405 49 86
606049 96 31
233425 62 603
360131 60 57
542616 97 34
801814 224 16
440177 81 67
466629 55 93
246447 4 18
785010 165 78
906992 280 34
357669 10 46
961839 294 31
783407 211 8
794109 110 18
415829 122 383
764159 97 84
951536 140 327
551653 114 98
257153 14 18
436881 127 22
364579 5 15
830694 240 29
874521 239 49
242969 70 53
437709 82 31
979745 218 79
660208 27 28
520748 158 85
673945 204 6
118141 37 32
886821 79 28
682213 199 19
85257 6 362
167069 5 11
999289 277 61
226373 37 64
394540 71 9
65268 3 30
504251 91 13
313775 10 237
852921 209 39
740538 126 24
951320 215 50
903056 170 9
862291 43 21
518361 19 347
432406 79 107
568519 51 30
501519 48 23
349916 50 34
418171 77 2
50656 12 43
301523 38 13
869561 49 21
358551 104 30
654641 147 11
793300 93 92
282465 30 177
108701 19 41
117696 17 20
142229 6 2
322905 72 20
664065 196 35
257597 44 63
145265 39 226
608228 70 39
327153 58 19
278113 4 10
991967 313 84
593815 101 22
690276 226 32
134361 42 20
737793 153 63
856646 40 60
821042 83 30
991712 263 12
839181 179 8
16625 1 13
972960 226 8
755047 240 6
62411 18 73
325976 55 172
445569 144 32
909829 270 46
891261 276 125
78255 21 49
462476 45 1
448339 30 92
292481 84 19
800765 43 34
808337 212 70
773833 32 73
946786 297 43
77177 6 42
266846 77 363
610156 129 71
491749 151 13
829494 93 23
762778 188 43
56985 6 88
155096 24 26
519087 135 97
758158 104 47
890540 220 16
72657 6 20
537006 36 25
542707 30 164
787059 167 18
457827 61 12
573891 103 2
225081 14 26
805207 260 49
89493 11 29
820395 246 160
966951 167 3
520081 15 46
929629 163 19
128136 40 152
741414 35 29
868853 197 24
372317 57 33
27601 9 6
634462 145 13
133978 24 81
456359 3 93
600922 30 199
218281 34 34
210787 59 28
856659 62 50
415338 8 69
218994 56 64
282997 26 2
154465 23 13
714479 189 19
717785 30 36
484881 20 23
520978 115 35
299371 73 7
482603 109 23
8353 2 39
137201 31 10
813786 181 6
563798 60 9
267301 40 327
627266 106 36
986252 31 1
481999 64 17
463060 47 27
341481 48 86
674545 80 5
754309 170 360
722937 64 58
469701 42 32
978289 43 16
449326 61 7
577951 68 13
213373 31 9
393847 2 41
736009 228 34
861291 273 103
876621 183 25
543963 163 104
603201 134 61
202677 66 47
635393 161 186
596731 16 10
121701 38 2
414892 108 208
752224 167 8
364197 72 39
894623 239 10
262218 50 27
281296 76 2
550626 170 49
974765 203 24
58021 1 54
155301 42 24
143441 28 27
508437 148 68
224545 41 4
594095 79 37
84017 10 27
244489 10 24
732587 89 75
965185 228 31
933817 108 54
666679 58 102
216652 16 2
789093 238 55
394341 44 26
257601 52 7
659226 42 856
613223 96 68
329309 10 64
376781 39 23
339280 36 23
190597 1 97
949267 147 91
960689 234 19
456955 20 88
495957 159 27
699197 9 7
413413 22 23
375288 31 14
82901 12 29
5773 1 61
931387 69 22
282100 71 12
129107 4 1
882377 74 13
840621 69 11
835351 122 2
394339 16 13
932119 121 28
165287 52 30
926336 110 24
751251 147 60
601981 12 75
205373 41 21
745221 196 4
42753 9 39
301535 96 94
689492 177 25
719877 64 33
121846 37 24
5496 1 29
552894 34 72
839731 78 2
192961 44 4
561507 181 21
609137 145 237
874461 260 43
163195 48 19
249085 20 13
564291 63 130
541185 135 31
651457 64 16
500830 134 14
148882 46 26
22561 1 23
883890 155 12
309573 27 131
351895 56 3
953492 301 5
410355 27 34
703073 119 73
153961 10 30
910086 53 13
696493 153 16
874176 136 17
648868 95 40
865785 237 24
582789 46 220
79613 5 59
991057 49 1899
265854 74 17
537349 96 81
131770 21 297
97595 22 9
697706 186 28
121961 7 8
115718 3 18
970593 182 43
894540 284 37
951665 9 456
369673 94 1
801027 66 42
301189 94 1595
745633 16 64
270533 11 26
153305 37 66
506942 117 238
990276 284 9
544588 155 4
574724 142 36
589627 165 30
669089 49 26
835749 104 30
209501 69 55
759038 120 5
904024 152 28
875201 261 47
76681 1 27
12501 4 23
514251 59 20
418746 6 23
483296 58 8
229021 50 25
659481 202 12
318244 33 175
639161 117 22
362766 12 10
486764 132 48
630401 133 96
800291 162 941
994803 102 31
785001 42 46
900751 57 32
889740 168 19
946201 101 42
229295 32 30
522354 8 27
994577 247 248
208982 47 20
653385 129 1
371981 36 28
888729 228 41
669917 3 3
261769 16 36
397094 27 27
55013 8 26
672233 102 3
423369 74 5
942055 24 260
261041 69 15
920101 193 34
942701 22 33
228568 65 2
418243 91 785
516577 38 42
370661 80 8
983987 87 87
638056 158 6
793351 4 36
911053 171 9
240491 35 178
134382 10 10
903001 5 95
104586 29 10
678081 48 87
461707 70 21
735699 147 7
566411 52 17
265269 40 33
991354 17 60
857924 47 7
936009 31 1
580119 154 38
504362 52 126
16033 4 34
971876 89 20
142299 15 48
76949 11 129
477257 7 14
252337 17 69
746291 31 19
697919 13 17
389777 49 41
299693 94 76
887901 201 58
410801 104 6
364345 11 988
366853 27 32
175255 34 104
519771 95 29
189379 44 128
235023 59 8
550441 167 15
783913 157 37
767370 153 14
98001 11 41
208933 29 147
802294 136 12
739681 145 1
322857 62 14
787864 81 18
698745 222 39
96321 31 58
654526 128 13
699243 93 32
339521 97 16
464243 101 40
101061 2 14
595786 46 154
556374 20 54
762945 52 45
440512 129 101
269249 59 22
421597 120 28
153563 41 176
597265 133 188
897750 62 236
828561 89 35
431632 2 131
396785 111 99
29697 3 30
364129 96 20
954645 103 91
285784 90 31
451121 79 20
518903 125 7
909596 248 50
50214 4 13
7598 2 14
864879 279 35
367186 72 154
230505 44 5
543517 125 29
362587 39 25
732111 154 20
852869 229 28
220818 67 8
799666 147 19
784671 213 115
701107 84 303
57986 14 6
129649 5 82
277321 49 359
80385 22 85
688952 217 48
684245 4 17
865889 188 7
98081 22 1
280439 34 27
365611 7 29
188230 32 42
101476 18 3
372453 36 1489
306501 58 1
454183 77 110
929318 124 87
151693 41 28
584065 164 248
147142 18 31
50664 3 36
308129 78 37
6449 2 3
5957 1 7
191061 15 7
660699 52 53
868905 271 11
389604 114 6
627841 118 57
504749 46 9
948969 194 77
892705 199 16
711906 82 3
143331 9 11
253388 3 118
896425 18 24
651803 166 45
418826 96 26
715705 51 31
90253 19 18
156509 41 105
803621 261 16
99607 20 76
345892 90 2
851925 157 66
573626 38 16
23713 4 59
721625 122 33
676440 60 13
630141 144 83
565141 47 37
369051 34 29
471937 156 17
517889 18 7
9419 3 11
948704 287 38
989745 262 33
85601 6 70
993941 70 7
527921 151 402
142216 20 10
581473 147 12
183321 2 6
483351 69 30
811301 164 116
346179 19 28
49115 10 21
6901 1 16
610432 172 159
612385 171 129
68504 17 20
566280 8 4
784297 45 68
35611 7 26
109124 3 23
239809 34 29
344481 6 38
68126 17 17
141975 31 14
136977 6 9
967006 44 63
579343 53 44
755617 143 52
900853 159 288
422189 56 16
823919 12 79
82487 7 56
537333 136 79
253555 71 14
929641 13 55
980480 210 45
711179 94 95
414865 78 7
879341 168 37
971761 113 33
659632 20 16
186691 7 16
26102 8 2
856757 208 13
156112 13 225
141405 23 3
741397 55 152
410721 95 117
411625 104 1
453585 67 35
275902 29 100
991270 129 24
415695 69 28
177801 56 27
385673 82 148
433000 116 25
379580 116 143
438365 77 70
710589 96 147
594463 26 85
716723 143 407
16366 5 7
970353 140 1
883127 288 11
668666 170 8
436001 22 37
386817 40 1
451086 58 27
621951 33 48
224505 18 4
615121 89 31
226555 17 24
870876 154 257
942180 167 13
90840 2 24
230539 72 171
790822 143 76
647489 125 33
71425 10 5
241461 48 16
518457 113 16
427184 42 34
410009 105 23
277241 25 38
608613 167 18
545106 114 22
74009 20 35
191842 8 29
526011 36 559
222023 35 36
522177 81 30
805145 246 34
833761 188 1
728049 222 5
305641 13 39
886941 190 7
142993 10 16
477206 149 38
230607 8 56
763807 59 27
779791 100 7
655327 206 9
967681 37 41
855617 237 6
898973 136 75
425955 81 87
680185 30 13
463132 103 9
594735 165 11
580801 2 132
10559 3 32
65425 20 3
1000 3000
983996 311 5
729020 151 22
882541 264 169
214857 71 17
987381 44 7
172349 17 73
40931 7 25
835365 141 15
995301 233 81
628624 105 18
99025 18 22
912941 1 1
404203 78 49
691393 186 32
571433 179 10
62177 19 59
456254 18 82
758292 217 34
263601 4 106
927452 77 10
24181 1 3
898935 200 61
978145 88 29
498329 53 53
739549 57 58
142401 1 2108
92871 17 1
651543 13 583
601906 158 47
771480 85 10
554021 83 15
673517 26 38
275086 57 27
150131 30 22
590337 131 12
423299 79 53
229001 34 8
480530 64 24
590361 106 39
95041 7 64
667281 183 1
702613 12 13
366722 51 9
565783 142 45
542136 75 9
615731 136 21
925985 268 116
985257 173 136
477488 18 8
116141 12 19
490139 115 72
154551 48 2
468833 86 19
99861 16 9
164161 8 84
279681 18 19
368758 62 72
368921 42 31
220019 15 20
38223 2 2
951205 110 6
456131 120 19
128481 12 19
802421 182 31
555025 146 54
893438 263 21
636796 152 70
438425 57 81
921191 267 29
347921 108 24
840661 91 21
312001 50 9
172894 40 8
624353 73 41
344113 1 13
201165 19 25
97981 18 56
158511 6 26
986322 26 30
765445 209 204
41106 4 51
675157 14 13
793697 137 1371
222888 28 3
828721 183 46
96094 3 81
628695 81 599
671781 130 28
114561 21 88
367374 77 23
638268 134 41
625910 128 51
125302 3 392
318835 101 6
362071 34 39
833821 72 45
870353 109 5
442792 110 11
894833 121 29
436265 73 59
135297 6 101
430463 52 78
533934 58 31
881526 55 7
555485 143 26
371509 58 111
737907 52 24
494665 69 1
855038 199 20
625930 14 173
461473 73 5
5226 1 51
721955 80 101
547929 25 26
980165 201 36
527899 92 94
59137 4 57
568992 53 35
231811 32 140
600865 41 32
207108 34 32
394491 28 132
330832 93 68
784833 127 647
579619 11 90
544576 2 24
447041 11 53
433189 33 82
267771 64 40
975091 117 16
767441 198 10
309491 5 315
93894 6 45
27791 5 23
935371 42 76
990833 125 46
43739 7 171
130645 8 11
500501 110 26
505896 70 29
101285 16 26
465729 69 14
66815 10 876
513719 170 1490
848104 156 1
692449 175 1
388929 13 101
6907 2 190
815957 41 35
405790 10 3
412277 41 2
370107 66 32
363905 59 15
226900 16 20
112475 2 40
199291 56 21
406025 29 362
495121 22 196
637941 39 24
122887 5 17
565521 41 83
458941 60 18
214042 50 27
199486 12 108
656781 36 24
390251 6 18
773061 196 50
106833 17 11
456139 23 9
609747 151 5
568139 154 13
828311 196 37
92857 27 21
963074 49 7
131985 11 10
798965 1 15
390465 87 49
412856 51 48
44103 2 23
682129 136 32
135537 43 117
962901 223 27
924636 266 14
406951 41 10
566141 53 12
489793 24 34
868544 137 41
634887 149 95
714976 145 9
734601 152 59
196161 9 344
541586 26 13
381661 91 20
815789 36 19
201521 51 60
606309 7 33
531426 129 21
987307 170 59
141025 47 1216
399426 84 59
655642 144 9
996761 204 69
431210 134 182
413611 44 22
221817 15 20
297303 28 1
20299 6 6
75901 11 19
52657 12 30
107431 32 40
395678 22 39
906245 64 4
243929 75 1
186321 3 50
892337 211 1
867243 135 59
923061 154 1
988015 165 14
434309 9 39
146910 29 108
120673 37 42
996227 91 540
262071 71 70
411631 32 11
276437 82 16
974324 45 17
879911 172 1
598129 104 17
904701 13 23
460049 39 13
749893 231 24
578753 22 326
55175 18 1
281680 9 23
813013 51 7
357761 18 17
482525 41 178
459161 23 62
962507 162 56
872243 197 82
462911 85 37
628514 209 384
571299 150 31
646305 185 30
532337 134 65
822279 233 23
396745 73 1149
592526 124 9
255873 76 72
365247 102 6
909255 71 17
556538 54 31
740953 105 9
20609 3 55
569135 88 11
486761 96 14
664177 24 52
826669 210 2393
631957 49 41
480813 126 39
707521 189 65
698901 100 12
24397 5 10
397521 113 6
89582 29 13
254611 23 126
987982 135 3
207021 34 13
922401 287 38
997261 64 60
358895 87 88
227901 57 37
51425 12 24
295845 47 40
139291 36 89
501029 96 62
785477 229 20
172170 10 87
286465 95 37
179457 58 62
425061 53 30
728547 237 1
993409 147 10
778617 233 35
455697 88 37
7241 1 44
156929 19 42
736776 54 9
307071 84 35
239322 29 37
893521 23 37
162158 51 31
25868 4 43
304803 61 226
30217 8 12
944211 25 48
961211 264 20
981549 35 118
795153 146 38
457026 87 148
123408 1 21
936997 261 33
397800 65 25
257937 84 17
120449 33 115
57836 14 20
26112 7 30
602637 134 27
338962 79 121
459051 76 66
147381 36 16
300607 14 1
48562 12 10
270647 53 146
993830 165 30
473888 15 42
378122 1 89
45967 2 47
468721 12 122
875704 140 14
126632 14 42
480723 155 27
237314 76 86
713761 191 21
557701 91 46
657029 19 10
788891 232 171
135425 5 36
503084 59 68
522921 57 113
344061 105 38
108581 18 6
87827 4 19
25745 5 159
475229 120 33
25431 7 34
471478 40 75
777971 50 48
843691 119 31
580547 33 31
660626 131 461
565595 19 28
594751 15 134
217197 20 151
258633 1 647
200143 49 1137
382997 32 17
621607 24 158
724116 224 13
431626 122 22
541877 16 3
279475 13 23
37525 9 55
418569 20 32
491329 105 94
256792 81 23
30961 9 18
620327 120 27
972273 240 18
273800 39 160
315831 3 10
439847 5 62
201525 23 17
318977 66 332
531552 39 11
27717 1 162
361969 58 32
741621 61 5
474249 86 1
719851 101 51
822501 240 40
335245 30 16
670488 176 58
461121 59 21
585321 104 506
359156 38 40
987425 127 37
527991 29 3
829732 191 7
83115 4 13
360551 54 10
454129 86 16
183851 49 6
76201 18 47
482052 125 3
304492 65 43
667244 54 21
635217 114 47
106041 19 73
738929 108 30
919961 101 34
49759 4 15
281135 25 23
225237 11 1
633852 164 38
224333 24 60
956345 77 3
523446 134 8
607425 19 2
108481 25 83
634041 115 41
269073 19 5
827783 47 47
840037 52 19
444299 101 35
988489 248 19
570917 160 26
300037 80 46
595931 95 120
692705 227 5
888721 275 25
138221 7 39
551717 92 42
191111 39 114
244843 67 80
961268 92 29
590617 36 72
537392 117 7
38038 4 30
619751 5 155
594470 137 23
298727 16 101
256996 7 30
11626 1 29
285541 61 592
469965 112 47
773849 41 28
872149 150 60
969853 136 41
716774 139 3
4226 1 20
999596 325 41
796507 262 2
166165 34 25
786749 222 66
125164 35 38
302170 88 17
812029 76 68
915422 181 16
512921 38 8
151215 37 23
13426 3 33
208601 22 260
14113 1 22
672201 214 869
220903 20 27
911591 273 29
701361 14 3
724963 148 35
868007 20 86
216705 29 263
639601 205 38
550369 87 83
877875 42 96
932529 146 15
788614 142 30
253001 33 28
419721 72 25
96191 4 32
547249 70 3
163929 13 4
18731 4 52
214537 66 35
457501 12 394
980009 195 53
241671 27 27
255839 76 25
840521 135 162
687844 80 9
279302 70 9
889671 278 72
11696 1 25
35649 11 153
241116 41 7
886401 269 19
76481 5 11
445323 120 19
826201 165 183
155657 20 42
507341 26 27
956553 72 5
380097 8 92
616833 14 29
3131 1 12
719761 178 49
704909 226 102
967389 138 33
919705 238 28
151554 11 18
328741 14 28
797025 80 2539
522857 86 32
416466 31 8
855126 204 94
775699 182 74
814131 222 15
382571 45 6
866239 266 2
912289 74 23
707925 117 1829
34857 9 39
421023 4 94
544026 105 68
617305 76 65
359981 7 154
603841 158 44
325153 96 53
826776 162 343
63157 15 22
920457 244 241
285539 40 47
996609 167 30
618529 5 37
671079 68 53
109501 34 199
96292 11 357
550401 48 59
316796 53 66
548097 15 32
412151 71 207
977217 224 74
575549 135 24
51607 11 22
345806 26 38
329345 38 55
948401 164 20
327201 84 19
52378 8 13
911169 245 38
951377 176 10
179085 41 219
893619 142 7
889751 153 48
466151 69 526
14987 3 11
323107 47 31
470082 76 186
693891 192 63
442610 35 77
921053 49 53
654151 129 8
276001 69 16
670567 60 29
823092 222 27
76107 3 22
17038 2 124
787641 194 26
438723 13 2
468888 85 40
69257 6 3
16709 1 8
361739 49 34
982689 250 14
644374 14 10
545567 49 29
916401 140 10
667127 192 48
999577 230 15
18919 2 97
402505 116 60
478542 125 33
663784 74 44
21690 4 1
392335 119 242
583373 136 2
530664 77 1
285435 50 9
422404 44 35
781779 1 26
765697 124 12
384301 115 5
770607 121 146
631049 3 11
702325 216 87
175877 47 110
368357 28 13
912871 288 168
792141 143 20
679355 80 35
32056 6 67
233651 40 30
708061 218 79
499233 111 12
674331 139 11
932391 108 40
715730 119 187
110189 9 52
682387 190 6
446427 43 19
40557 10 38
35347 1 220
91641 19 64
736761 138 13
739840 238 52
38723 4 241
532225 77 16
332961 6 10
433239 16 11
525883 103 30
612853 45 30
389777 104 118
120013 21 26
440877 30 20
138111 36 6
324929 100 12
816253 123 68
374209 32 22
934749 25 73
800491 213 55
788377 180 16
24481 5 48
175111 13 24
868326 185 84
347355 20 29
610896 17 73
327711 62 73
291339 37 25
471781 43 11
488205 86 35
832691 254 175
736065 129 126
668556 90 178
490426 77 7
766951 67 6
362381 4 73
416771 89 26
417721 125 59
757679 187 43
921000 128 74
595473 29 23
492313 158 22
486181 69 152
738641 221 2
316551 2 30
619997 114 12
323703 10 56
948692 212 97
300525 46 26
209201 56 16
691935 2 17
234081 12 7
862865 147 250
694658 19 52
772551 51 17
321777 29 50
340906 26 596
323591 10 19
507313 128 55
933353 99 16
258361 85 94
122321 14 11
762658 225 41
940477 89 37
534651 86 18
842536 144 15
528897 35 26
471530 143 20
485551 87 22
883705 171 20
530723 137 12
20164 2 17
966409 29 49
819905 60 10
220273 64 3
544061 120 10
862518 107 33
187361 59 103
896149 248 20
106609 35 62
687495 177 13
187723 17 50
400063 4 38
363115 34 2
732682 101 15
385669 126 196
172241 25 16
570669 165 7
163961 17 26
526128 119 127
553201 62 43
136158 14 10
220697 55 23
631877 92 121
539413 68 41
720360 24 12
623017 120 5
616145 93 38
783171 21 4
53717 4 28
552761 135 5
350450 62 127
168858 3 54
184157 1 2
731441 67 26
7351 2 42
889156 141 6
236677 6 27
942501 111 16
135523 35 15
827205 217 15
286447 35 8
903041 248 25
147627 26 25
969093 209 218
405399 87 8
872733 210 211
464086 83 46
170150 1 11
553993 60 32
538625 146 25
286612 18 21
788977 194 7
449457 139 7
531747 116 52
809173 263 38
536901 63 17
365320 30 36
883721 37 24
452501 150 90
511518 34 33
183966 2 69
123891 33 23
81745 6 4
476071 146 36
277068 27 10
824370 12 36
849403 260 22
842261 233 322
409990 98 16
648065 44 147
911141 113 8
400121 21 63
258061 1 22
25726 6 22
394396 27 205
592737 140 15
772189 66 99
765135 210 11
906060 252 26
759311 118 70
78985 24 27
327651 22 11
102478 24 51
707539 68 70
772525 77 1245
511389 25 79
319987 69 25
172466 2 46
829221 69 515
216621 47 42
714570 197 66
933714 211 9
527953 135 14
226687 44 169
227125 50 19
131121 15 97
311569 69 210
452715 77 14
788585 211 13
575551 162 80
265405 78 310
463419 59 7
672621 181 12
73059 21 32
761815 127 12
914972 42 33
636577 143 82
689013 124 23
318475 38 77
350865 35 17
652916 23 4
885743 14 52
795686 231 23
522838 85 123
405952 81 74
312825 47 34
893521 43 80
281581 34 17
348074 83 83
83585 11 386
411233 129 101
568657 99 628
932964 69 17
654379 76 177
813181 218 122
192027 17 14
565515 66 7
456634 10 37
238601 47 6
252351 24 30
880077 103 14
914737 196 4
706925 171 3
305529 6 37
580371 170 39
307677 55 421
68775 20 310
586983 10 212
296221 96 33
812561 201 38
260326 40 37
211964 18 6
792443 187 34
78385 9 18
850069 184 23
601521 167 7
189801 26 5
722341 136 63
17883 1 25
820656 188 812
785053 181 27
848611 176 38
582193 145 95
821296 260 4
832833 129 39
891456 130 8
61183 6 117
316062 30 14
440075 75 11
533351 67 9
641011 200 167
681129 59 41
198005 34 36
410237 85 75
638529 110 192
268169 24 10
647675 187 27
579579 145 51
655437 17 64
282335 89 246
97744 6 29
990297 246 46
672491 166 14
198005 45 15
570001 61 119
698089 121 14
933203 286 21
406141 95 11
284327 37 5
991877 23 1
368420 95 93
441851 111 51
204273 15 42
115608 21 7
578830 91 13
782296 208 14
781506 215 12
657181 165 19
483633 34 58
720026 86 136
307413 58 14
838345 264 26
505924 23 104
289826 92 29
255537 49 4
516536 45 50
286943 85 75
893719 163 59
381601 97 1
550364 52 31
818345 5 32
657961 124 14
280523 6 153
115169 24 15
623891 27 14
872493 267 25
949065 143 13
349839 90 370
483020 26 32
787076 12 37
232369 42 326
799097 217 45
508587 63 2
573450 89 49
488145 129 213
694659 147 966
318761 43 44
223047 49 47
101541 7 8
245117 56 3
693816 168 19
227603 37 81
244924 40 24
115831 13 14
975797 64 19
37719 3 53
679881 224 30
458185 112 2
560810 54 43
696651 216 15
339625 65 44
685451 152 67
876817 173 28
381417 107 26
904365 48 680
88583 1 35
798927 255 170
580851 39 27
897921 198 15
442206 28 38
529449 77 49
286497 89 7
610821 181 9
671813 216 318
234761 38 23
510381 37 55
451122 132 18
33558 3 22
990493 87 28
48541 7 31
92141 3 28
547171 84 67
206786 37 15
653185 1 8
200468 15 41
913691 233 206
73007 17 22
314425 90 10
477961 80 148
994876 64 93
933081 235 77
644173 196 13
518795 111 27
238478 7 45
575947 81 23
601985 68 42
410870 40 29
936805 289 4
808045 190 48
892971 71 71
981151 262 58
693841 167 37
107231 35 50
843651 63 86
982259 311 370
934323 304 915
403894 50 138
876666 191 7
214169 21 62
720375 134 73
936419 293 25
240538 71 63
999747 127 194
268702 82 30
326775 33 20
99791 31 7
638149 90 1825
577721 192 36
528736 9 38
12344 4 67
615350 77 45
409953 89 136
272637 53 21
617695 40 22
818806 99 27
342791 72 15
539811 121 35
445881 89 206
124677 33 158
501052 47 17
890721 229 18
680398 167 95
972241 318 154
652458 207 12
298877 47 33
529249 134 120
752880 108 28
148079 13 69
205521 23 191
247421 76 1
986662 137 156
697795 27 28
206243 63 115
61238 3 81
154788 6 13
564467 100 131
561328 105 12
905601 189 39
283785 8 29
276267 76 152
190996 11 36
325215 57 16
262561 9 7
714953 159 4
524041 112 14
772687 254 373
199305 25 8
389872 84 3
365615 99 13
473188 121 31
821664 7 24
333281 60 2
719817 157 19
710426 119 30
871517 120 37
855975 196 26
726153 126 35
721701 166 13
277767 67 51
650833 20 132
