5
1000 3000
428426 0 54
160353 0 3
180907 0 33
181534 0 8
289329 0 20
958566 0 35
550553 0 24
443773 0 15
813494 0 20
279343 0 42
587713 0 204
119251 0 98
232013 0 68
335897 0 30
763151 0 29
300411 0 29
383001 0 3
832459 0 34
10121 0 40
500997 0 27
531401 0 39
890883 0 13
852427 0 16
244676 0 16
785484 0 29
15937 0 1
532201 0 6
455363 0 50
480236 0 149
504673 0 45
144897 0 7
234821 0 70
773761 0 13
446555 0 35
435681 0 132
414438 0 44
114151 0 21
279977 0 33
982003 0 21
129795 0 6
289144 0 44
957458 0 26
890056 0 172
898753 0 50
328275 0 29
323798 0 34
819395 0 35
678126 0 49
193599 0 25
888471 0 7
29401 0 13
126630 0 82
913061 0 36
697683 0 34
386201 0 24
507119 0 30
927371 0 10
436108 0 39
438609 0 57
254011 0 222
627007 0 18
66034 0 20
121526 0 37
896417 0 15
36441 0 43
661133 0 229
190351 0 24
823184 0 11
878261 0 1
399726 0 7
341491 0 14
461409 0 34
174638 0 23
388742 0 12
773276 0 26
403321 0 132
128151 0 79
912375 0 27
883481 0 3
80412 0 33
42876 0 54
478209 0 32
950626 0 32
630033 0 10
569325 0 20
714825 0 28
526921 0 45
299294 0 239
316961 0 53
866700 0 17
862065 0 36
160526 0 11
893521 0 56
269985 0 48
711688 0 72
964161 0 184
480041 0 597
929401 0 31
458860 0 7
755933 0 29
897845 0 13
54277 0 24
456377 0 78
901893 0 17
902124 0 33
312899 0 28
320973 0 7
319689 0 7
843398 0 2
999507 0 33
559086 0 11
438569 0 40
147121 0 1
152009 0 4
533922 0 55
505875 0 8
212423 0 14
37401 0 43
736643 0 3
652426 0 5
20557 0 29
992013 0 15
530141 0 1198
500623 0 99
691041 0 9
518037 0 382
743473 0 50
821153 0 14
176073 0 2
936629 0 15
821333 0 37
67137 0 36
8745 0 16
171156 0 10
282126 0 9
972497 0 8
977829 0 15
4203 0 2
899579 0 29
981253 0 6
629185 0 10
196001 0 49
110721 0 82
178747 0 38
971017 0 68
689921 0 81
193326 0 337
686531 0 1
248491 0 20
335895 0 33
94069 0 29
72348 0 17
143401 0 18
188405 0 28
384137 0 27
349841 0 11
116241 0 3
89172 0 1186
53060 0 22
25841 0 51
730682 0 328
847337 0 4
651591 0 8
611471 0 11
882275 0 59
784745 0 108
212181 0 26
302693 0 14
180417 0 518
885296 0 15
557009 0 10
586146 0 29
778219 0 47
192521 0 7
600951 0 20
531191 0 142
180085 0 26
222563 0 81
387417 0 37
744281 0 16
572289 0 8
188414 0 23
656917 0 53
695281 0 20
268446 0 81
231105 0 17
996217 0 39
686052 0 21
923046 0 10
469601 0 111
917625 0 37
480289 0 54
527105 0 2594
398609 0 13
438705 0 6
779393 0 11
445537 0 3
348706 0 20
418951 0 14
476498 0 222
992889 0 21
156463 0 37
866447 0 64
770832 0 45
975501 0 14
253047 0 118
206439 0 33
615313 0 47
50323 0 25
854463 0 50
739376 0 72
653413 0 741
60361 0 5
901413 0 5
836187 0 145
554996 0 38
32788 0 40
618396 0 104
717989 0 172
534001 0 36
687930 0 19
38307 0 145
452201 0 7
391914 0 113
70801 0 60
289775 0 10
381461 0 42
493725 0 36
730465 0 20
140833 0 27
394501 0 42
410361 0 26
79553 0 25
248001 0 43
503325 0 57
365770 0 21
828777 0 20
388007 0 27
449025 0 17
850577 0 20
273401 0 68
490783 0 28
315471 0 90
787377 0 74
154641 0 160
431271 0 16
290573 0 110
418584 0 3
509721 0 192
917211 0 51
413371 0 8
136071 0 55
690685 0 86
397789 0 16
685423 0 51
629046 0 21
820301 0 24
281189 0 33
242177 0 41
844929 0 10
77151 0 7
424194 0 29
664362 0 235
29229 0 43
14577 0 19
379008 0 22
754402 0 22
514899 0 209
104761 0 16
361599 0 7
391457 0 18
798813 0 6
149501 0 41
36678 0 26
85601 0 97
717101 0 80
441501 0 21
807175 0 8
548025 0 5
243904 0 23
935759 0 8
551237 0 105
68548 0 12
167191 0 31
974563 0 19
986065 0 12
646702 0 255
443229 0 32
341175 0 4
552465 0 2542
335881 0 26
38257 0 20
544789 0 260
584468 0 63
150020 0 18
463374 0 57
799829 0 1336
426555 0 23
962297 0 2
876442 0 5
679409 0 573
842241 0 3
878782 0 96
490648 0 28
701493 0 16
64171 0 22
205777 0 7
791419 0 44
614469 0 8
60389 0 12
171781 0 8
724406 0 30
819793 0 87
361282 0 152
124881 0 48
390369 0 89
186328 0 36
577208 0 50
838941 0 25
279605 0 31
878437 0 159
759849 0 41
911573 0 86
72301 0 505
289371 0 22
583586 0 44
531019 0 234
230669 0 9
906061 0 64
735377 0 45
815799 0 72
690641 0 86
741758 0 16
705171 0 145
358119 0 50
75011 0 73
408911 0 29
758352 0 47
245377 0 29
10545 0 16
296645 0 20
964701 0 14
814462 0 46
727149 0 34
485186 0 35
671601 0 6
948299 0 28
770141 0 16
641187 0 9
237676 0 67
144828 0 58
900893 0 20
82341 0 34
779003 0 60
973325 0 29
769559 0 32
534591 0 84
925927 0 113
510283 0 27
179581 0 19
23400 0 7
73695 0 21
504270 0 34
882089 0 16
857931 0 6
137708 0 14
740181 0 46
754273 0 44
384941 0 52
502396 0 81
348849 0 63
430885 0 64
254741 0 4
99001 0 85
364401 0 88
944169 0 23
19419 0 12
573057 0 14
220237 0 15
731995 0 11
714365 0 30
7061 0 16
399953 0 340
11189 0 1442
568993 0 41
649811 0 15
422199 0 41
965473 0 124
95633 0 6
64353 0 16
329442 0 13
284471 0 20
612593 0 29
979937 0 4
625441 0 11
939201 0 11
511641 0 7
670439 0 205
42141 0 22
839884 0 94
945076 0 63
351916 0 32
544002 0 13
505593 0 40
617301 0 102
356761 0 80
243821 0 27
853177 0 18
843373 0 34
470641 0 9
219273 0 1
673857 0 41
716929 0 1
939670 0 10
463883 0 36
141259 0 49
523121 0 80
893061 0 52
880663 0 8
90679 0 1042
991553 0 46
743327 0 15
638337 0 280
314765 0 25
94584 0 82
822347 0 11
484546 0 68
936097 0 13
798415 0 14
893501 0 43
891011 0 12
337421 0 46
895573 0 36
97097 0 52
800447 0 11
218631 0 138
430949 0 16
789889 0 8
742605 0 9
674709 0 75
122555 0 249
266953 0 16
543313 0 52
357070 0 15
907009 0 13
152967 0 28
327470 0 706
547251 0 10
89276 0 47
232641 0 37
903481 0 56
334074 0 109
208861 0 79
202830 0 6
129205 0 53
648472 0 10
240656 0 396
873681 0 2
981561 0 9
649843 0 14
795791 0 108
760746 0 45
797729 0 21
293829 0 16
835498 0 115
35377 0 100
375961 0 47
393431 0 1
540481 0 22
475105 0 53
13590 0 9
589719 0 14
230041 0 31
452852 0 192
428999 0 5
743596 0 44
836201 0 77
99551 0 39
335267 0 6
302326 0 226
684321 0 47
16303 0 17
247866 0 24
970392 0 34
60557 0 55
97134 0 2
874069 0 1265
707251 0 39
7851 0 6
78631 0 34
546433 0 31
607077 0 168
922721 0 15
528291 0 28
905975 0 20
190351 0 54
648748 0 56
825676 0 23
16183 0 534
86243 0 158
597474 0 14
454579 0 3
672894 0 19
152261 0 8
924211 0 25
368901 0 35
625156 0 14
799612 0 22
607971 0 88
378161 0 20
937633 0 59
256591 0 7
675955 0 24
672559 0 250
962689 0 3
629036 0 29
298385 0 15
912053 0 41
417073 0 29
810910 0 53
866151 0 39
399241 0 8
211555 0 19
502625 0 43
209936 0 305
474645 0 2
992577 0 17
274731 0 76
159337 0 41
810981 0 69
986385 0 54
977345 0 55
941317 0 29
618017 0 29
838566 0 29
455069 0 39
317157 0 2
79563 0 688
354381 0 63
257661 0 16
726367 0 5
72103 0 3
855831 0 3
488077 0 71
246601 0 154
910003 0 17
966441 0 4
594603 0 125
234073 0 23
835121 0 35
971989 0 52
467242 0 92
63986 0 18
22071 0 35
849803 0 70
823101 0 45
430129 0 4
645901 0 44
135554 0 45
954401 0 76
478089 0 57
366605 0 40
462216 0 25
134007 0 15
984863 0 11
372200 0 6
95707 0 21
38649 0 4
202409 0 28
940491 0 24
279551 0 49
444199 0 111
710841 0 19
369651 0 155
465561 0 37
819354 0 56
223682 0 28
404775 0 4
624237 0 41
245587 0 15
807595 0 22
714542 0 37
762073 0 125
193031 0 79
740201 0 41
496729 0 197
72762 0 25
354195 0 53
272337 0 97
889467 0 11
175701 0 13
451002 0 43
164805 0 34
509127 0 31
837018 0 64
16241 0 100
701467 0 98
13761 0 213
322791 0 20
980401 0 25
145509 0 11
386637 0 24
732801 0 25
879558 0 197
406345 0 331
600971 0 22
319056 0 67
692993 0 13
154985 0 17
536261 0 46
940261 0 16
168361 0 118
39793 0 20
528979 0 523
180673 0 71
773197 0 50
120501 0 27
227831 0 28
20346 0 110
142909 0 4
147265 0 4
856989 0 226
912747 0 779
685313 0 21
418301 0 74
853949 0 3
664903 0 16
16173 0 363
693506 0 7
989581 0 57
46529 0 1
358263 0 23
431083 0 19
929512 0 13
424661 0 33
501277 0 262
365183 0 14
624721 0 21
136451 0 10
130363 0 40
458521 0 55
996617 0 72
863909 0 29
824709 0 18
455301 0 5
999371 0 35
453725 0 29
736521 0 2
750121 0 121
371377 0 28
181965 0 25
156448 0 2
342851 0 346
358429 0 19
276943 0 10
900131 0 21
993057 0 38
15031 0 11
99725 0 29
543441 0 54
671658 0 32
66104 0 26
735901 0 4
555296 0 2
182433 0 277
400939 0 43
580015 0 7
346147 0 59
854081 0 142
154277 0 58
983289 0 95
476693 0 28
634945 0 34
971690 0 95
315269 0 8
488559 0 6
27091 0 32
488877 0 41
359513 0 13
5977 0 7
211333 0 18
843555 0 51
657057 0 12
596788 0 1152
992865 0 28
386257 0 65
653030 0 15
493419 0 4
33101 0 25
21106 0 34
615458 0 447
75615 0 38
849545 0 18
372507 0 42
68751 0 2
612025 0 708
153661 0 51
42855 0 1383
744665 0 491
98692 0 40
211569 0 399
553841 0 1032
214350 0 167
957013 0 56
437335 0 7
658453 0 28
232553 0 19
856925 0 5
208709 0 61
694172 0 25
957633 0 26
807621 0 1
377281 0 137
453529 0 177
541651 0 20
862181 0 27
862309 0 246
235751 0 56
800757 0 6
750828 0 29
721386 0 96
257601 0 22
794008 0 95
613571 0 51
212049 0 61
305919 0 78
134601 0 3
950637 0 53
587941 0 18
28913 0 91
288953 0 46
510070 0 10
379449 0 209
801441 0 1
424153 0 32
450485 0 16
277656 0 21
543810 0 23
935925 0 297
429821 0 244
420904 0 34
558337 0 11
681265 0 32
700004 0 19
523145 0 33
568376 0 27
354876 0 274
155442 0 17
590741 0 57
803641 0 3
813786 0 3
374219 0 4
647705 0 35
686577 0 67
147089 0 18
187751 0 776
931654 0 94
760973 0 34
401325 0 6
205740 0 57
122321 0 911
907735 0 21
766718 0 12
118581 0 40
736213 0 15
832641 0 6
386993 0 42
748611 0 37
369409 0 46
629911 0 40
68438 0 26
153892 0 35
77811 0 433
955111 0 53
891571 0 3
504070 0 80
811037 0 21
22539 0 63
904519 0 36
162345 0 24
256582 0 5
522841 0 136
184615 0 6
843905 0 7
343873 0 45
546649 0 2
501074 0 29
120624 0 33
574610 0 45
320995 0 71
416227 0 341
574870 0 8
336881 0 13
843341 0 20
978929 0 83
374784 0 35
861249 0 72
654379 0 14
485029 0 1282
962396 0 1
231393 0 1479
60874 0 22
894860 0 37
412801 0 4
204106 0 1
107899 0 5
914998 0 24
491105 0 8
123546 0 39
952625 0 24
680492 0 43
272033 0 72
965301 0 335
602946 0 274
19061 0 39
369326 0 8
815249 0 36
431541 0 7
821951 0 129
460901 0 41
877257 0 14
180001 0 17
805893 0 299
521537 0 4
462561 0 51
798608 0 119
941349 0 11
30211 0 43
543759 0 52
509025 0 26
182481 0 48
266969 0 235
757929 0 8
628929 0 24
352633 0 8
313551 0 60
533197 0 8
519388 0 42
84809 0 30
604711 0 1
190239 0 7
264372 0 5
724746 0 78
270881 0 31
719089 0 20
601035 0 13
979561 0 26
309356 0 16
38219 0 14
806329 0 280
756813 0 18
945029 0 21
263341 0 39
20230 0 27
825761 0 15
386935 0 24
386218 0 251
56888 0 93
375001 0 95
22801 0 16
465063 0 3
482569 0 78
510992 0 90
223905 0 290
596245 0 32
205445 0 38
972552 0 33
418331 0 154
953431 0 19
855071 0 20
789501 0 29
641677 0 132
431935 0 122
983653 0 28
846126 0 24
288300 0 29
993249 0 2
249865 0 34
488369 0 19
755199 0 5
14593 0 35
981251 0 33
594705 0 72
239351 0 16
852233 0 27
595607 0 39
569473 0 13
694209 0 19
712519 0 168
129715 0 35
630973 0 34
677665 0 88
662388 0 13
485225 0 7
321376 0 3
966713 0 28
67723 0 101
418087 0 33
269694 0 598
524081 0 8
811125 0 27
163410 0 19
19697 0 79
448409 0 8
9859 0 115
265061 0 8
586342 0 32
925153 0 38
756327 0 51
403150 0 13
684965 0 42
673425 0 29
394385 0 13
421871 0 189
460915 0 50
993761 0 2
714539 0 17
433323 0 31
873909 0 20
135697 0 24
311959 0 20
319523 0 147
942947 0 3
280505 0 26
721373 0 150
54741 0 155
400281 0 1
76297 0 3
547805 0 9
899016 0 17
404778 0 22
67268 0 39
747961 0 1486
849797 0 20
280584 0 32
679553 0 520
244145 0 1
827740 0 5
63751 0 146
597673 0 38
219243 0 3
922797 0 27
434439 0 39
753293 0 29
575321 0 82
365211 0 41
186697 0 1483
701999 0 13
141508 0 32
179503 0 47
401651 0 9
914161 0 18
711638 0 245
699201 0 30
682633 0 22
997288 0 1174
324838 0 19
584187 0 6
42111 0 28
87603 0 51
366017 0 45
336841 0 22
848261 0 43
551596 0 10
336711 0 28
873348 0 9
299245 0 86
7366 0 56
665313 0 27
877001 0 3
315361 0 93
780689 0 18
451997 0 44
133931 0 25
892868 0 100
687328 0 22
779241 0 8
917231 0 31
631543 0 60
470313 0 20
766171 0 14
35831 0 44
982481 0 15
584323 0 10
790976 0 8
316131 0 7
179431 0 88
193021 0 8
114643 0 13
435041 0 1
21569 0 22
473771 0 13
422137 0 5
42357 0 2755
621713 0 52
41995 0 44
340381 0 3
369209 0 33
182521 0 20
355206 0 90
1000 3000
80229 0 22
730899 0 24
595525 0 29
571509 0 8
95277 0 27
554131 0 58
820781 0 1442
121633 0 14
155559 0 56
591261 0 24
829225 0 50
982203 0 20
704321 0 1
847742 0 66
272054 0 16
619861 0 25
504621 0 82
573061 0 24
509477 0 29
643626 0 12
226701 0 18
104423 0 20
459721 0 31
144826 0 11
472782 0 13
217391 0 2120
281176 0 39
521921 0 12
958821 0 23
784220 0 7
207263 0 9
128801 0 63
183681 0 24
826753 0 34
642200 0 21
444805 0 32
890044 0 2
386369 0 303
217443 0 253
774858 0 675
788201 0 2
110126 0 1
756390 0 99
215081 0 23
568737 0 214
216212 0 6
40747 0 70
573957 0 354
28541 0 4
647345 0 59
207489 0 35
579193 0 19
208416 0 30
576326 0 36
310185 0 18
691261 0 14
764093 0 9
368633 0 31
749525 0 16
427917 0 40
15871 0 23
424505 0 18
86927 0 11
660813 0 31
31009 0 8
909443 0 39
534260 0 5
978881 0 29
516617 0 44
844651 0 21
152659 0 76
502791 0 65
151229 0 41
142533 0 11
721736 0 26
211041 0 11
262894 0 21
452835 0 24
202513 0 31
853387 0 10
240048 0 40
774376 0 39
847285 0 33
293203 0 9
756174 0 35
380281 0 165
557027 0 28
189451 0 19
560641 0 69
992919 0 12
704529 0 14
366886 0 21
104817 0 40
38376 0 29
668825 0 9
331101 0 2
572154 0 46
904351 0 60
99251 0 78
911249 0 271
583958 0 63
934521 0 70
437607 0 26
954436 0 15
362505 0 22
838725 0 19
458095 0 35
427649 0 38
865211 0 161
250122 0 7
970525 0 100
315287 0 36
481656 0 135
37341 0 9
137282 0 54
841002 0 209
3918 0 55
48166 0 47
520047 0 30
716921 0 31
475314 0 21
907119 0 26
632971 0 10
117687 0 21
650285 0 44
277441 0 51
509297 0 47
681581 0 4
308305 0 24
605888 0 91
903544 0 1
634401 0 39
289973 0 216
613606 0 5
745346 0 94
577492 0 8
824902 0 5
580765 0 31
59043 0 56
674258 0 47
960272 0 101
707456 0 1402
816825 0 33
14227 0 2
536279 0 19
998257 0 24
985797 0 32
495351 0 35
394805 0 1170
220429 0 25
695205 0 53
755304 0 44
625331 0 5
850081 0 46
728329 0 39
222791 0 121
113403 0 22
987601 0 12
49570 0 37
192156 0 19
319657 0 43
540126 0 109
746219 0 6
152545 0 4
658427 0 17
499626 0 9
277369 0 63
296948 0 10
103603 0 24
329046 0 8
293749 0 109
296706 0 35
79277 0 15
923931 0 17
319901 0 40
306587 0 32
979905 0 5
344426 0 48
308309 0 117
860578 0 170
604733 0 105
642651 0 74
518900 0 2
877601 0 43
660064 0 21
249725 0 6
195461 0 7
310776 0 22
794831 0 320
340151 0 26
285987 0 5
473865 0 144
654481 0 191
129837 0 67
718027 0 31
252113 0 335
488179 0 78
605919 0 11
793649 0 35
787524 0 110
780626 0 28
806504 0 117
845921 0 12
575517 0 15
657511 0 77
655529 0 18
847191 0 64
960330 0 28
902817 0 1375
453193 0 47
605911 0 35
378191 0 17
594779 0 90
997143 0 43
706671 0 28
884708 0 33
105961 0 23
899619 0 26
290151 0 21
782702 0 42
635311 0 2
399700 0 934
782526 0 133
665306 0 12
91765 0 23
227497 0 28
702436 0 3
752687 0 45
695859 0 14
78561 0 63
974744 0 326
778431 0 136
565105 0 3
289636 0 70
971397 0 290
779351 0 46
170617 0 26
530787 0 11
775537 0 42
194889 0 24
10371 0 13
531581 0 8
999109 0 264
730497 0 30
730177 0 56
930309 0 17
772121 0 4
777737 0 15
990243 0 40
485025 0 433
260801 0 218
511301 0 4
134421 0 23
129818 0 7
470245 0 19
600785 0 62
251479 0 8
656790 0 252
125101 0 439
587314 0 20
678373 0 16
38451 0 19
854655 0 90
615751 0 8
928977 0 215
471187 0 115
477753 0 15
658537 0 88
190301 0 5
474333 0 42
846861 0 9
627651 0 22
761201 0 10
794985 0 10
702479 0 2
575795 0 21
91359 0 72
647577 0 16
831559 0 127
315713 0 63
650721 0 45
59395 0 25
810529 0 43
966289 0 141
683001 0 113
192865 0 158
752993 0 35
814831 0 6
796113 0 28
596800 0 30
887070 0 611
993955 0 45
133605 0 23
366005 0 36
537021 0 54
920773 0 43
519441 0 25
673367 0 1
694901 0 41
808006 0 85
53729 0 26
726231 0 55
646835 0 45
820408 0 5
906254 0 17
766369 0 53
960751 0 29
662670 0 4
308776 0 48
479921 0 60
492517 0 11
651006 0 37
789485 0 4
845217 0 100
686127 0 10
737495 0 21
370559 0 13
179903 0 7
925121 0 5
43036 0 2
428041 0 498
327278 0 21
555459 0 25
364481 0 13
33771 0 31
33889 0 392
781871 0 30
632324 0 26
243376 0 16
730686 0 55
696121 0 21
699061 0 78
372544 0 32
420851 0 2
774051 0 11
192037 0 84
524537 0 45
740181 0 24
624616 0 4
50134 0 25
227505 0 4
166110 0 22
461821 0 50
5812 0 5
809341 0 125
660661 0 49
110485 0 22
526731 0 30
559011 0 72
980836 0 43
737929 0 202
199829 0 12
168377 0 27
348659 0 35
425041 0 4
547450 0 35
763111 0 85
437524 0 43
598763 0 17
520897 0 26
98009 0 52
550410 0 38
641095 0 15
98769 0 17
681612 0 7
710881 0 36
479984 0 126
307681 0 34
394781 0 2
950929 0 310
968992 0 4
138661 0 6
708801 0 18
59456 0 34
508106 0 2
554929 0 36
170829 0 46
516589 0 20
713705 0 38
373514 0 40
965636 0 44
991245 0 36
16141 0 69
880031 0 26
198303 0 31
529974 0 72
697321 0 2
962968 0 3
214785 0 92
888891 0 34
288904 0 113
429173 0 9
58733 0 15
882069 0 50
849872 0 41
790673 0 25
422357 0 42
284098 0 28
770903 0 76
270001 0 131
558059 0 47
951265 0 37
779165 0 37
339841 0 260
201123 0 13
118401 0 13
614659 0 38
425655 0 41
512844 0 23
715319 0 59
624632 0 200
374241 0 4
952805 0 28
674442 0 6
449025 0 30
409309 0 44
35829 0 61
597463 0 3
332891 0 9
419912 0 226
318751 0 29
97253 0 73
426801 0 2
527381 0 59
59057 0 23
594249 0 422
233405 0 39
461445 0 31
363860 0 9
409824 0 12
752401 0 62
848811 0 25
706851 0 27
800286 0 11
274713 0 12
399707 0 8
476647 0 24
780176 0 50
482483 0 21
119875 0 9
341836 0 41
239630 0 4
748652 0 11
247784 0 35
975340 0 29
605103 0 3
410737 0 10
553215 0 60
462251 0 57
555346 0 42
330904 0 247
608079 0 57
589697 0 4
388140 0 57
297311 0 23
653937 0 78
814796 0 80
809921 0 29
868144 0 27
38329 0 71
709283 0 37
388334 0 32
892762 0 31
516779 0 42
734661 0 13
451691 0 66
899801 0 17
267899 0 79
692757 0 19
952441 0 15
379380 0 8
621211 0 38
562065 0 68
792800 0 1
970861 0 44
180695 0 104
204836 0 52
160053 0 5
392287 0 39
480025 0 51
476859 0 38
527341 0 1
303161 0 35
386601 0 2
716465 0 521
460703 0 19
55201 0 13
193089 0 12
986085 0 804
168129 0 28
325834 0 6
737251 0 17
10291 0 26
212083 0 27
363093 0 9
126801 0 36
60391 0 12
168368 0 34
192656 0 47
231256 0 64
467501 0 197
866639 0 4
238621 0 31
901993 0 83
721767 0 23
377149 0 290
29561 0 33
157689 0 38
264301 0 78
593869 0 13
944737 0 288
195269 0 10
196485 0 41
563447 0 4
74901 0 21
985251 0 11
623571 0 109
788665 0 1
690377 0 47
688746 0 8
221002 0 87
486881 0 39
172360 0 364
344451 0 82
482911 0 32
730726 0 25
335883 0 53
770685 0 34
282072 0 48
466901 0 22
978486 0 113
346553 0 10
135708 0 24
254091 0 49
761648 0 37
596289 0 34
305061 0 21
602131 0 19
674449 0 35
904230 0 2
821331 0 27
999505 0 2
482808 0 11
181475 0 4
130889 0 33
206057 0 77
753831 0 11
521453 0 7
975881 0 376
431629 0 11
771385 0 10
741421 0 15
869178 0 133
937341 0 14
45361 0 29
145991 0 206
488587 0 152
530341 0 35
48577 0 14
86177 0 10
971950 0 35
143076 0 5
518354 0 9
161141 0 39
854317 0 28
761116 0 24
997225 0 35
85805 0 44
852969 0 55
955979 0 16
4980 0 1
488581 0 201
873810 0 65
969271 0 25
176649 0 18
399201 0 43
962715 0 15
718645 0 12
444653 0 71
699208 0 106
487656 0 102
177127 0 10
883463 0 28
810749 0 27
698308 0 40
245386 0 33
334401 0 46
226219 0 22
224802 0 8
589218 0 19
223959 0 32
25976 0 32
809045 0 18
800973 0 25
179421 0 37
545227 0 20
736721 0 1
299050 0 38
374971 0 45
36221 0 759
510001 0 29
522121 0 23
372861 0 87
243886 0 5
858835 0 58
972281 0 127
723161 0 42
202537 0 77
605607 0 2
445421 0 23
800178 0 36
606913 0 26
408729 0 3
105979 0 25
727359 0 58
250458 0 43
813711 0 100
142281 0 10
432066 0 11
185111 0 245
26733 0 70
546351 0 2
668801 0 24
97121 0 225
639811 0 29
846830 0 9
438351 0 41
899948 0 18
464129 0 39
976321 0 13
561501 0 21
80597 0 57
360238 0 8
969805 0 4
831576 0 14
519213 0 39
598863 0 3
868309 0 38
770617 0 21
433177 0 22
824313 0 16
192761 0 32
440701 0 22
27353 0 69
885697 0 11
81797 0 3
484189 0 53
119433 0 41
236801 0 1
812380 0 83
103109 0 459
494341 0 3
37973 0 30
352231 0 15
148941 0 29
672951 0 30
73872 0 20
176970 0 156
665162 0 28
49065 0 3
83241 0 3
20709 0 4
875505 0 37
83209 0 37
227937 0 48
541422 0 3
639841 0 62
396480 0 81
539377 0 10
609185 0 32
454995 0 45
220641 0 32
411401 0 21
951835 0 24
844143 0 20
629825 0 3
125761 0 15
562288 0 276
104641 0 24
736485 0 38
147638 0 76
892507 0 11
593711 0 2
73761 0 69
355493 0 26
164357 0 38
368983 0 59
206121 0 12
919732 0 13
580417 0 28
597549 0 31
588321 0 23
572439 0 27
908926 0 11
279667 0 15
446391 0 27
311553 0 27
195095 0 2
370278 0 224
119560 0 155
50649 0 34
785151 0 30
893606 0 253
17326 0 33
424809 0 35
661993 0 30
560365 0 32
608999 0 337
37771 0 6
243233 0 60
6601 0 14
289681 0 12
544395 0 38
141992 0 64
731996 0 4
398399 0 77
127173 0 17
148432 0 51
788941 0 15
863454 0 13
744530 0 2
358833 0 40
765825 0 434
257448 0 10
344332 0 37
615333 0 8
498677 0 124
722904 0 24
884121 0 207
188163 0 358
285819 0 234
172149 0 31
512421 0 355
873805 0 27
205407 0 7
256597 0 37
658945 0 35
241091 0 32
673933 0 7
126928 0 3
38816 0 14
569403 0 46
6277 0 47
37731 0 115
606974 0 8
225193 0 39
313557 0 14
592606 0 5
654241 0 93
167061 0 80
571691 0 2167
256293 0 747
144206 0 14
237671 0 91
389606 0 565
279056 0 48
961729 0 27
191463 0 15
883429 0 25
286362 0 121
5601 0 1
168272 0 9
579177 0 80
984829 0 55
677001 0 32
999275 0 45
291551 0 24
316997 0 28
375417 0 48
61018 0 43
849301 0 24
748409 0 252
530689 0 77
844350 0 66
521443 0 43
274116 0 1
690071 0 27
50391 0 91
970352 0 127
620131 0 32
933321 0 51
479305 0 40
888849 0 41
914721 0 48
336543 0 63
290529 0 34
917190 0 3
162630 0 30
675715 0 24
781171 0 10
131227 0 37
470847 0 1225
921588 0 16
199861 0 58
874049 0 9
139161 0 25
608426 0 40
960549 0 8
981425 0 24
374669 0 83
620619 0 22
914199 0 25
548495 0 9
539601 0 70
259441 0 24
189137 0 29
400822 0 21
863396 0 17
342657 0 30
920149 0 4
54947 0 677
101623 0 462
542386 0 3
293299 0 13
94373 0 78
837164 0 126
942303 0 912
208033 0 1087
37215 0 21
642075 0 196
559399 0 35
376469 0 4
728064 0 25
749906 0 157
71566 0 25
558701 0 5
673135 0 18
909069 0 6
732929 0 14
187385 0 18
887201 0 186
711573 0 59
625329 0 327
452225 0 105
224185 0 27
832829 0 10
726126 0 7
865521 0 17
564111 0 65
843765 0 15
360905 0 82
705495 0 9
701402 0 70
521034 0 18
620353 0 5
695341 0 151
992313 0 22
778693 0 118
585516 0 35
557691 0 7
197251 0 2
21126 0 24
10855 0 80
475637 0 177
99055 0 37
322353 0 12
36082 0 25
262081 0 4
481472 0 15
328588 0 457
754129 0 31
376933 0 81
83247 0 1
331002 0 14
915777 0 4
719741 0 38
729321 0 17
679681 0 33
324035 0 47
220713 0 13
874850 0 45
936252 0 28
351601 0 29
677469 0 4
17639 0 51
46421 0 39
825746 0 527
532062 0 21
313818 0 25
723126 0 53
645041 0 33
650819 0 26
10929 0 11
991563 0 15
206833 0 7
226128 0 14
663708 0 36
423985 0 57
736537 0 5
860546 0 10
992553 0 291
337708 0 592
39951 0 26
756923 0 12
216989 0 54
714056 0 31
154629 0 36
875788 0 18
56665 0 46
68673 0 17
230573 0 47
289245 0 19
293117 0 9
906845 0 86
281181 0 136
503471 0 15
622761 0 9
243519 0 51
138001 0 14
164313 0 96
938879 0 16
271067 0 42
664477 0 5
532420 0 101
324801 0 31
390333 0 7
997238 0 32
931617 0 27
872961 0 35
101241 0 46
944487 0 35
787426 0 13
520001 0 74
165994 0 37
975853 0 15
439415 0 20
297393 0 13
312156 0 38
164277 0 40
733981 0 47
924449 0 18
39251 0 30
606721 0 82
159577 0 2
486356 0 24
124675 0 23
691001 0 52
169899 0 21
654833 0 15
669918 0 60
59926 0 993
201936 0 186
28361 0 26
119014 0 9
530293 0 58
501264 0 38
97422 0 28
555808 0 49
952921 0 377
56529 0 10
820897 0 84
728353 0 34
856952 0 129
542753 0 1
801803 0 42
932801 0 103
355057 0 90
300926 0 22
55217 0 10
807811 0 24
801337 0 11
785489 0 53
653225 0 33
141435 0 18
441215 0 64
350997 0 27
715502 0 24
833487 0 14
154726 0 52
595476 0 9
608577 0 16
801243 0 27
210429 0 55
123537 0 6
426526 0 84
80715 0 102
402033 0 5
773601 0 7
572709 0 16
306645 0 25
925466 0 4
901306 0 124
242263 0 391
614201 0 14
778007 0 11
209331 0 38
506321 0 8
783579 0 82
745431 0 38
654215 0 79
572274 0 14
773974 0 113
536951 0 48
51503 0 2
317688 0 63
319241 0 7
961195 0 17
9309 0 19
23045 0 12
712875 0 12
1000 3000
814733 0 34
98789 0 36
957293 0 31
463179 0 1172
701953 0 12
245557 0 2
98236 0 120
397286 0 23
343461 0 854
371071 0 44
526045 0 12
679646 0 3
559001 0 105
497997 0 45
671203 0 6
907251 0 481
203257 0 79
761867 0 84
992164 0 43
226075 0 6
517313 0 40
143471 0 24
928446 0 96
935913 0 19
325856 0 594
434037 0 71
847501 0 40
876233 0 9
743717 0 68
284121 0 9
70666 0 4
534231 0 17
87906 0 48
60801 0 18
524341 0 291
119741 0 22
902001 0 13
698826 0 56
948877 0 7
355453 0 2
490533 0 14
113181 0 33
802648 0 7
970226 0 38
454799 0 39
645995 0 1
748321 0 7
266343 0 41
552249 0 177
72433 0 22
613524 0 14
746972 0 53
404105 0 29
661849 0 21
749542 0 18
925006 0 14
542009 0 25
738113 0 33
471211 0 19
120809 0 46
99156 0 42
944001 0 16
736161 0 43
374771 0 29
232721 0 1
251900 0 6
51509 0 46
560219 0 16
122347 0 29
243314 0 113
647407 0 24
745251 0 222
464229 0 1892
387881 0 43
524410 0 25
873467 0 1
421879 0 19
248770 0 86
660116 0 10
131527 0 47
394241 0 65
436401 0 764
610225 0 18
965521 0 48
625632 0 8
618325 0 144
453912 0 38
353515 0 35
423257 0 27
485935 0 2176
912181 0 18
377701 0 87
416940 0 35
372386 0 42
570312 0 30
251754 0 28
209499 0 8
999569 0 27
41276 0 1009
862811 0 72
558474 0 172
537826 0 1323
842304 0 1
335571 0 180
679361 0 5
938951 0 89
822997 0 13
675409 0 83
819545 0 97
144041 0 31
859981 0 224
88074 0 29
694321 0 38
913631 0 19
353512 0 125
847736 0 1465
794906 0 40
580285 0 29
205313 0 26
121814 0 79
905125 0 39
656403 0 61
415331 0 122
250442 0 32
882317 0 9
979203 0 51
54606 0 14
91257 0 52
572052 0 10
783391 0 228
830803 0 53
794020 0 59
308976 0 350
180395 0 111
222851 0 43
104843 0 25
123583 0 15
244093 0 52
402453 0 8
206152 0 40
855854 0 71
610689 0 224
281081 0 41
981077 0 468
330497 0 127
702647 0 14
536913 0 46
765853 0 186
296741 0 11
668861 0 6
709413 0 31
205642 0 83
255233 0 12
18393 0 64
57491 0 65
754463 0 25
33413 0 12
37821 0 55
477339 0 25
974626 0 52
394409 0 17
284625 0 41
563970 0 1
435289 0 6
500049 0 31
897111 0 92
929471 0 22
749329 0 418
434565 0 625
161543 0 8
194291 0 1
109617 0 3
384271 0 29
625515 0 8
570197 0 40
248001 0 245
857544 0 1058
231340 0 19
896226 0 47
632513 0 38
455257 0 116
277281 0 6
609124 0 50
83521 0 5
453345 0 17
863537 0 20
682209 0 5
336837 0 3
460018 0 35
669907 0 21
758465 0 14
403477 0 136
486713 0 7
748689 0 28
414343 0 24
91279 0 79
476461 0 6
589283 0 11
541583 0 307
967995 0 25
81169 0 104
851965 0 551
702541 0 86
340993 0 14
593331 0 129
371791 0 71
478911 0 12
854401 0 20
359790 0 22
212821 0 30
321521 0 29
803167 0 22
462410 0 18
907052 0 17
145088 0 201
572744 0 18
890355 0 13
238921 0 23
487153 0 254
666793 0 20
973891 0 24
625393 0 19
332799 0 7
637209 0 22
388489 0 762
987968 0 14
539521 0 4
333832 0 8
250329 0 20
7875 0 5
881921 0 28
482603 0 16
90746 0 3
140275 0 59
925401 0 242
160185 0 6
925041 0 38
90526 0 29
103798 0 5
857676 0 31
788449 0 125
95468 0 4
941081 0 87
532933 0 39
987699 0 39
88117 0 2
113993 0 191
11941 0 41
344897 0 78
968385 0 114
256754 0 10
713588 0 4
697551 0 26
290277 0 23
627265 0 43
413321 0 5
888966 0 218
577339 0 54
336635 0 25
937672 0 31
80086 0 29
236841 0 90
845437 0 34
515393 0 7
497649 0 24
259736 0 314
617871 0 435
437721 0 42
361921 0 15
319601 0 49
191303 0 12
983787 0 116
473561 0 4
796495 0 3
304533 0 74
675121 0 30
709981 0 32
534237 0 179
520393 0 1233
819087 0 53
208082 0 11
845098 0 12
499941 0 36
182361 0 26
105451 0 4
720177 0 45
391873 0 29
216641 0 21
403704 0 58
305998 0 21
433326 0 7
839994 0 7
432410 0 75
369771 0 7
65457 0 12
879014 0 31
395871 0 18
27551 0 6
238211 0 24
937550 0 58
512348 0 43
553518 0 21
206266 0 18
17291 0 190
608063 0 15
148801 0 105
323761 0 334
702201 0 50
166557 0 40
42729 0 30
149517 0 11
614925 0 23
531125 0 27
600293 0 16
998961 0 79
35877 0 43
474401 0 25
564083 0 9
385849 0 41
94953 0 19
511645 0 53
439349 0 36
275886 0 80
517141 0 14
428129 0 78
715911 0 43
514279 0 9
688737 0 23
834798 0 21
442896 0 480
928926 0 25
213985 0 62
339213 0 7
362251 0 75
922682 0 11
155007 0 28
492396 0 65
391641 0 53
260622 0 45
152828 0 18
636121 0 141
612145 0 27
715571 0 57
723631 0 512
53302 0 71
274118 0 120
139621 0 3
577869 0 125
137846 0 58
664149 0 35
992947 0 34
335633 0 18
694341 0 42
564801 0 60
901836 0 15
976109 0 28
573921 0 22
847051 0 38
322424 0 175
555616 0 15
348333 0 18
641049 0 36
226751 0 132
517525 0 17
732115 0 34
924253 0 14
956886 0 73
830953 0 32
973811 0 58
851201 0 13
890762 0 3
311391 0 385
551225 0 83
238015 0 65
224841 0 27
10716 0 39
463161 0 46
876165 0 19
626363 0 2
369701 0 1
309512 0 14
448933 0 493
96595 0 132
62513 0 126
999654 0 33
985821 0 7
54323 0 45
559161 0 5
509844 0 63
76791 0 104
599937 0 15
719101 0 16
649141 0 77
557002 0 16
35585 0 22
406761 0 298
130433 0 26
796964 0 18
407791 0 115
464633 0 14
297302 0 101
867969 0 31
930845 0 8
184725 0 22
586176 0 24
924801 0 59
596830 0 1
90541 0 24
516201 0 18
58701 0 136
797501 0 21
963105 0 25
952699 0 68
589793 0 66
924281 0 143
166269 0 23
397141 0 30
241905 0 38
521513 0 44
233673 0 51
851725 0 23
908515 0 34
492666 0 36
232945 0 31
358528 0 53
943478 0 36
559556 0 41
745209 0 67
232246 0 52
78617 0 29
766105 0 35
220921 0 33
51974 0 14
973306 0 75
494401 0 2
321141 0 15
362857 0 165
840197 0 17
713605 0 40
148789 0 332
661601 0 26
455851 0 63
35094 0 33
3459 0 2
241761 0 189
896801 0 40
43557 0 33
865961 0 11
340649 0 11
982461 0 2
716191 0 28
252969 0 171
886401 0 25
345269 0 7
892904 0 30
191832 0 24
951297 0 48
800463 0 16
406401 0 6
892979 0 19
864863 0 27
218015 0 20
163244 0 26
720113 0 23
166079 0 42
260001 0 43
940625 0 34
222380 0 180
413271 0 25
92451 0 81
706441 0 13
683073 0 78
456682 0 62
936595 0 7
728723 0 17
249443 0 42
578161 0 86
549562 0 48
111514 0 22
506639 0 3
572737 0 22
992501 0 25
658715 0 19
11347 0 38
474527 0 32
866111 0 20
444993 0 140
761934 0 8
800391 0 25
787801 0 65
214803 0 7
946197 0 1
157501 0 24
67801 0 375
632799 0 46
147221 0 186
315263 0 4
883871 0 39
207516 0 41
164721 0 34
696441 0 3
481356 0 39
464061 0 33
476298 0 83
219441 0 8
9621 0 147
421985 0 49
256291 0 398
300561 0 440
237316 0 36
679742 0 138
439933 0 8
883101 0 88
156897 0 7
696409 0 21
262513 0 37
666604 0 5
483430 0 19
769786 0 5
401729 0 152
221165 0 30
54821 0 26
680953 0 87
371841 0 15
57127 0 70
68730 0 31
563837 0 91
906534 0 8
387481 0 25
99243 0 82
35643 0 50
551841 0 57
525765 0 21
163180 0 35
264811 0 10
796466 0 18
329585 0 31
456621 0 28
545121 0 52
808638 0 7
179897 0 189
76092 0 35
459638 0 5
513915 0 19
44436 0 20
506801 0 21
634371 0 20
764091 0 5
153891 0 40
458513 0 78
971819 0 55
787926 0 30
212173 0 19
747176 0 54
941245 0 29
860567 0 22
653776 0 5
997087 0 1
893173 0 16
633446 0 214
703174 0 19
350401 0 160
699655 0 29
38186 0 15
101673 0 39
687001 0 16
282477 0 1309
402982 0 80
200736 0 13
330773 0 76
662487 0 768
262737 0 166
498426 0 58
12851 0 394
785041 0 122
907913 0 23
479365 0 32
630839 0 25
435131 0 10
213306 0 40
249819 0 47
41713 0 97
181112 0 38
849156 0 66
533249 0 49
347961 0 26
712223 0 45
328801 0 8
436945 0 79
379551 0 21
625221 0 40
903864 0 75
796321 0 68
655409 0 4
379777 0 13
265614 0 34
539171 0 980
878886 0 68
851381 0 30
865820 0 21
524328 0 8
71496 0 33
489599 0 28
175373 0 95
552031 0 84
479981 0 73
828737 0 294
471089 0 18
581735 0 118
660693 0 69
420953 0 36
813801 0 107
509849 0 45
381839 0 238
493021 0 31
132163 0 249
961791 0 11
508179 0 28
626881 0 205
992997 0 165
456577 0 73
904087 0 544
929078 0 28
111549 0 139
879076 0 9
830566 0 345
896336 0 18
310897 0 17
529053 0 13
483534 0 37
642931 0 14
889351 0 69
101911 0 18
823451 0 22
29251 0 24
811221 0 2
691329 0 10
511924 0 3
3126 0 38
593821 0 12
551425 0 28
732974 0 23
605739 0 13
560296 0 129
997551 0 25
377207 0 51
560161 0 32
916526 0 11
559801 0 4
650179 0 59
546905 0 14
225291 0 173
376321 0 15
306223 0 676
243253 0 32
921497 0 1094
293553 0 18
219085 0 17
420920 0 201
620845 0 23
213446 0 9
756389 0 57
412651 0 22
692281 0 19
34459 0 22
566801 0 15
529861 0 1
58517 0 53
842601 0 66
6476 0 53
393867 0 25
915381 0 231
36701 0 67
857193 0 74
123801 0 16
958735 0 58
974290 0 11
870755 0 35
911671 0 29
275745 0 15
878181 0 52
544897 0 103
273211 0 24
335261 0 10
59097 0 267
26960 0 2
575385 0 32
292081 0 33
165511 0 72
898132 0 26
507691 0 337
332081 0 19
417333 0 208
234551 0 9
117869 0 8
676313 0 3
11946 0 172
162251 0 58
437529 0 26
421501 0 30
27273 0 17
691033 0 12
268724 0 101
937961 0 30
120682 0 61
207207 0 51
787706 0 27
709471 0 69
766365 0 55
916732 0 84
927919 0 38
894973 0 12
457941 0 114
377309 0 25
795249 0 15
367733 0 33
188081 0 131
705311 0 13
533825 0 42
682696 0 4
104801 0 9
637697 0 6
736398 0 97
893150 0 40
397381 0 21
981609 0 51
19907 0 46
428021 0 24
583145 0 51
266765 0 8
359979 0 10
783902 0 9
914574 0 30
886201 0 23
671280 0 53
819331 0 99
395380 0 234
844681 0 21
517541 0 22
214081 0 56
493495 0 72
99263 0 12
41281 0 32
474516 0 24
961856 0 26
616746 0 22
65003 0 65
216875 0 128
415265 0 15
729189 0 30
748575 0 16
482756 0 25
519041 0 87
554563 0 40
268956 0 29
478658 0 15
79501 0 136
726713 0 45
851433 0 30
268186 0 101
981721 0 16
728921 0 13
174295 0 39
793339 0 197
644541 0 16
144981 0 23
537201 0 253
224561 0 343
549870 0 3
26672 0 20
842401 0 30
485993 0 38
761075 0 50
526465 0 45
61849 0 134
851941 0 7
185506 0 6
12951 0 42
205175 0 5
992246 0 94
114185 0 29
916913 0 77
649812 0 14
884141 0 84
915568 0 96
978598 0 30
130390 0 238
455827 0 19
526761 0 86
736077 0 26
40938 0 4
65217 0 6
630459 0 28
216858 0 6
341617 0 128
111204 0 1
218025 0 105
242259 0 293
809999 0 37
373778 0 672
879197 0 18
843306 0 253
264685 0 132
593951 0 32
13693 0 10
555201 0 95
917839 0 33
95111 0 27
654769 0 77
746503 0 19
621219 0 100
79781 0 42
911749 0 10
416549 0 28
875811 0 29
83549 0 24
517112 0 27
561876 0 4
745601 0 23
285785 0 11
90541 0 28
464961 0 23
698871 0 34
898307 0 33
618935 0 13
795849 0 40
429901 0 64
27820 0 35
969320 0 24
618501 0 151
932367 0 40
719337 0 17
404521 0 23
392175 0 7
234387 0 98
38433 0 5
534477 0 396
527361 0 56
581901 0 4
721208 0 81
986836 0 33
500994 0 48
839840 0 35
17251 0 19
18871 0 31
984743 0 24
133534 0 17
128845 0 19
718397 0 59
671752 0 9
501394 0 15
868953 0 67
925267 0 117
123776 0 47
640366 0 78
250943 0 21
328369 0 270
490240 0 29
64421 0 42
94306 0 11
81178 0 52
286061 0 8
628935 0 8
781601 0 3
447702 0 39
799106 0 3
754467 0 597
695422 0 504
630100 0 14
968385 0 351
299123 0 25
369660 0 54
652298 0 19
402483 0 38
210776 0 63
910795 0 51
321857 0 24
50019 0 22
72306 0 2
378089 0 27
513057 0 41
107042 0 38
91574 0 22
455631 0 51
196583 0 18
993961 0 123
243081 0 48
993969 0 4
109110 0 28
901663 0 34
29491 0 3
168601 0 14
435501 0 31
240825 0 19
737011 0 27
56789 0 18
189941 0 26
415468 0 474
778305 0 8
588106 0 14
265785 0 750
489796 0 6
758321 0 168
576185 0 46
877491 0 139
327732 0 6
401309 0 176
809995 0 30
88657 0 10
172055 0 1831
474893 0 29
184447 0 97
632929 0 32
682523 0 32
777479 0 19
223316 0 1
162281 0 12
646298 0 24
869296 0 17
648971 0 9
939601 0 4
998911 0 110
871969 0 115
355236 0 20
73666 0 18
222104 0 30
649748 0 42
405941 0 45
196783 0 31
439685 0 47
783685 0 8
693571 0 91
447625 0 43
263451 0 25
372831 0 5
266533 0 35
695391 0 6
4764 0 215
993485 0 25
818921 0 72
662447 0 12
187265 0 45
531419 0 13
859645 0 4
132465 0 1439
652281 0 52
8393 0 25
145171 0 276
560551 0 737
338671 0 31
215961 0 7
661425 0 205
113955 0 58
570032 0 93
549290 0 56
619269 0 21
596757 0 1
286023 0 8
797613 0 33
323069 0 179
769069 0 574
477210 0 29
94699 0 119
598977 0 202
590846 0 2070
947786 0 24
500040 0 29
721349 0 41
268601 0 18
865979 0 7
449980 0 8
775373 0 41
983333 0 68
724352 0 16
96581 0 9
75245 0 35
162487 0 118
235261 0 14
436701 0 11
71756 0 51
233193 0 190
519525 0 55
304696 0 146
519816 0 86
493341 0 35
773319 0 43
996233 0 11
597586 0 1
103233 0 1
466101 0 488
145413 0 30
287758 0 8
863383 0 82
688022 0 33
358905 0 36
632022 0 54
606790 0 317
677489 0 29
196161 0 1
729556 0 2
1000 3000
807299 0 31
753185 0 7
416516 0 16
882381 0 22
630114 0 16
125441 0 8
67236 0 9
726765 0 45
281105 0 20
856379 0 24
493994 0 5
260247 0 19
994877 0 20
525703 0 33
85799 0 23
427445 0 8
215364 0 80
215643 0 6
536163 0 29
640445 0 1111
191496 0 32
556042 0 46
662776 0 17
438748 0 48
656413 0 37
114521 0 207
848010 0 23
180401 0 6
316768 0 41
319335 0 11
594891 0 3
880523 0 41
126186 0 19
356447 0 11
122017 0 14
141290 0 55
851476 0 94
62105 0 9
616734 0 38
263231 0 91
831577 0 7
687205 0 9
571505 0 71
21508 0 37
522305 0 14
342226 0 119
126241 0 43
550165 0 14
423320 0 178
286976 0 35
143425 0 204
707475 0 94
142111 0 41
714475 0 15
307595 0 19
931153 0 39
94305 0 6
946847 0 55
652897 0 8
117871 0 9
567021 0 58
70097 0 28
37093 0 14
166906 0 33
541513 0 915
174973 0 54
740409 0 18
553179 0 87
776981 0 60
534111 0 36
81369 0 15
795601 0 95
8059 0 5
327356 0 8
228073 0 27
941492 0 20
67509 0 16
357395 0 19
604065 0 65
246053 0 2
581697 0 5
996333 0 9
648417 0 28
868681 0 37
886447 0 13
509601 0 8
849781 0 481
429911 0 148
466661 0 301
114075 0 5
152921 0 154
780475 0 20
918537 0 63
742357 0 240
291837 0 9
116211 0 28
884701 0 23
496508 0 43
258058 0 39
485080 0 1
13211 0 9
54793 0 6
498711 0 17
300296 0 72
20695 0 35
662491 0 20
932912 0 36
473384 0 26
100169 0 38
756257 0 23
279320 0 2
355919 0 6
435009 0 174
523793 0 30
329153 0 19
51281 0 1
426547 0 3
974461 0 41
386841 0 47
696954 0 12
267325 0 46
408881 0 22
414239 0 19
249281 0 3
753776 0 19
99855 0 20
282361 0 29
891477 0 77
182169 0 35
519913 0 4
767157 0 63
91385 0 8
353551 0 38
213447 0 89
626301 0 20
958913 0 33
557779 0 35
629105 0 31
441365 0 274
208168 0 66
709218 0 96
221145 0 188
352225 0 52
673469 0 214
749801 0 128
855551 0 59
179950 0 31
48019 0 70
453356 0 25
228993 0 26
471681 0 63
436290 0 4
921936 0 24
212737 0 6
305361 0 53
300577 0 31
251713 0 18
837897 0 24
318909 0 485
648506 0 9
980207 0 16
907615 0 13
410656 0 18
658157 0 204
9953 0 42
235191 0 50
83203 0 124
621097 0 37
550929 0 108
110477 0 32
865077 0 11
457993 0 21
312771 0 29
790041 0 41
700673 0 11
663921 0 2
201297 0 283
193321 0 10
215516 0 40
521639 0 67
96241 0 61
698401 0 3
374697 0 30
214141 0 5
789101 0 81
879893 0 14
171808 0 70
687661 0 54
272078 0 25
30929 0 19
512075 0 35
740001 0 47
330911 0 36
697608 0 50
279009 0 4
412323 0 42
499975 0 109
929729 0 25
626458 0 43
828149 0 21
690641 0 7
795281 0 113
72393 0 34
887041 0 46
38441 0 2
305223 0 743
79156 0 14
248169 0 48
692291 0 587
6396 0 49
478545 0 9
807173 0 23
406767 0 259
805261 0 11
454766 0 25
45825 0 32
14210 0 10
165577 0 94
247865 0 1
178680 0 47
468585 0 116
653193 0 11
304481 0 24
469841 0 8
636461 0 5
626096 0 42
899649 0 11
263374 0 14
488766 0 60
299608 0 51
255201 0 179
979401 0 44
838976 0 154
510817 0 35
43417 0 26
726797 0 13
999881 0 66
9647 0 7
64661 0 14
220545 0 38
539101 0 66
217381 0 29
710631 0 81
283621 0 45
94061 0 14
255045 0 8
741370 0 32
865218 0 16
480644 0 14
662001 0 21
423057 0 32
287791 0 16
800193 0 26
342001 0 58
957634 0 171
840657 0 25
36456 0 5
790430 0 5
105441 0 78
186805 0 178
659124 0 40
454081 0 53
193797 0 985
302533 0 44
553678 0 73
273013 0 34
122241 0 9
395376 0 12
824151 0 10
372536 0 11
662136 0 14
687931 0 21
165295 0 36
568391 0 42
284459 0 101
580475 0 9
539732 0 20
518865 0 18
580545 0 22
207261 0 85
663429 0 16
745481 0 24
691375 0 40
106346 0 25
262239 0 27
878410 0 8
99845 0 33
333049 0 28
32325 0 22
384669 0 28
948641 0 1
632513 0 53
202673 0 102
57493 0 33
42834 0 171
424747 0 138
859841 0 36
117201 0 79
579609 0 47
806519 0 3
653413 0 24
993548 0 12
381185 0 61
546114 0 205
877876 0 32
915687 0 14
455210 0 236
130159 0 74
353166 0 110
740609 0 12
168773 0 32
3564 0 42
942916 0 1188
849313 0 25
291613 0 44
539001 0 101
98353 0 433
769452 0 47
811951 0 21
164981 0 101
853886 0 92
52707 0 14
258045 0 44
343524 0 262
720713 0 25
361171 0 29
549793 0 38
972640 0 24
195117 0 68
650841 0 12
956605 0 20
991585 0 38
224514 0 8
799683 0 14
428502 0 65
42127 0 3
589953 0 8
706092 0 30
63142 0 18
469525 0 23
264013 0 57
144634 0 39
904701 0 4
354417 0 39
863701 0 12
846182 0 16
427949 0 29
494022 0 2
603206 0 180
568916 0 27
852011 0 12
953309 0 11
848197 0 46
593751 0 4
38261 0 116
970817 0 81
525751 0 297
476673 0 22
589765 0 9
483459 0 4
263456 0 107
72502 0 1
552142 0 34
764733 0 31
386976 0 9
705433 0 9
5157 0 27
805846 0 34
747569 0 27
722728 0 21
453777 0 17
204896 0 34
45385 0 28
926001 0 35
510434 0 38
617971 0 15
121717 0 28
318021 0 165
825596 0 110
922585 0 34
403887 0 28
884323 0 37
544515 0 59
569276 0 21
681701 0 10
397529 0 81
859357 0 8
323001 0 47
976046 0 41
746048 0 41
586073 0 26
718305 0 14
785179 0 56
112438 0 11
174035 0 101
992500 0 24
167921 0 13
406655 0 20
575303 0 44
331151 0 13
980499 0 92
823631 0 22
160417 0 12
547401 0 177
237701 0 18
995977 0 39
772153 0 40
542601 0 42
732135 0 2
209785 0 446
153221 0 74
602487 0 26
195219 0 6
459577 0 25
613661 0 180
434557 0 20
442171 0 134
711361 0 13
110559 0 22
31525 0 73
604127 0 31
788353 0 27
747441 0 26
763961 0 17
697469 0 7
668686 0 26
307314 0 5
736473 0 18
949380 0 31
796394 0 21
260376 0 33
775297 0 12
888002 0 30
560489 0 68
434757 0 5
267477 0 80
615624 0 33
773761 0 24
682005 0 2
225131 0 62
901257 0 38
866697 0 38
639371 0 24
839665 0 19
760053 0 27
902176 0 40
378434 0 37
300325 0 2
866513 0 10
410348 0 70
318278 0 21
513571 0 44
533679 0 15
890933 0 10
341389 0 33
367879 0 1
965461 0 98
308865 0 51
406113 0 146
29131 0 16
716502 0 21
79837 0 56
794811 0 77
81049 0 9
588707 0 16
73793 0 528
735498 0 14
957381 0 17
294411 0 165
313033 0 181
646561 0 45
306081 0 55
38982 0 5
422398 0 103
654212 0 22
881102 0 1
923326 0 12
473457 0 22
415777 0 127
151611 0 375
498006 0 29
351358 0 12
647820 0 103
30336 0 3
330156 0 33
382254 0 749
652513 0 85
571183 0 6
872668 0 33
8285 0 20
342721 0 1
283961 0 5
824808 0 45
633307 0 18
650809 0 37
688687 0 35
598304 0 10
66663 0 19
935265 0 25
832612 0 35
761526 0 413
31105 0 13
531641 0 40
645425 0 63
828901 0 28
545760 0 36
649266 0 7
667827 0 46
105137 0 160
646761 0 12
181249 0 62
326965 0 25
216751 0 87
556089 0 16
687601 0 8
383011 0 36
184913 0 22
391201 0 10
719604 0 13
9032 0 11
334212 0 18
921329 0 121
530175 0 101
119441 0 47
230915 0 11
266398 0 44
26507 0 27
153009 0 26
319976 0 69
509541 0 18
812151 0 661
589077 0 126
973427 0 36
383376 0 51
654789 0 84
632601 0 7
974792 0 37
155807 0 60
6545 0 29
879673 0 2
420453 0 49
306281 0 17
482213 0 103
658454 0 19
173441 0 34
300572 0 23
660636 0 21
891832 0 20
917266 0 2
484062 0 7
309386 0 36
858277 0 8
34289 0 23
717113 0 55
430445 0 36
135191 0 3
86161 0 125
358154 0 39
413161 0 2
129670 0 35
567951 0 27
137529 0 3
949016 0 15
860941 0 10
807151 0 28
823097 0 15
707723 0 19
964094 0 145
536356 0 11
511059 0 32
111329 0 658
221693 0 48
990689 0 30
161865 0 22
330409 0 31
85073 0 44
757421 0 71
903901 0 24
329291 0 66
444606 0 35
826370 0 32
762841 0 28
442227 0 770
937913 0 68
388091 0 1206
117411 0 18
48056 0 21
841009 0 20
744136 0 36
553551 0 68
936202 0 17
138372 0 18
503497 0 57
866809 0 8
51749 0 283
941266 0 56
202249 0 343
298009 0 6
653174 0 26
128860 0 24
965461 0 14
111679 0 123
606401 0 1
750555 0 49
842067 0 7
300771 0 40
461317 0 103
711295 0 72
540973 0 8
156861 0 72
734708 0 25
344019 0 25
778793 0 7
268751 0 43
949106 0 14
767654 0 39
893615 0 13
955601 0 82
211409 0 4
958341 0 9
314570 0 14
25181 0 328
918781 0 532
322235 0 3
7141 0 22
129581 0 41
940176 0 25
632906 0 42
844294 0 83
825032 0 21
354535 0 67
966997 0 18
12900 0 66
192405 0 32
601084 0 19
864611 0 68
391091 0 154
533451 0 35
365828 0 32
168201 0 26
522317 0 37
720609 0 443
547541 0 23
350393 0 671
795191 0 56
371353 0 17
761683 0 17
310679 0 103
900032 0 4
540701 0 42
873391 0 19
132245 0 42
886131 0 11
342683 0 4
505537 0 40
388931 0 319
247561 0 6
687717 0 29
474021 0 43
187613 0 13
304707 0 21
459309 0 12
736643 0 32
6099 0 287
122223 0 171
73162 0 36
875709 0 53
31916 0 11
680092 0 115
745959 0 2527
890259 0 204
705716 0 197
989961 0 14
188223 0 203
449216 0 24
182369 0 17
762617 0 47
117472 0 37
954334 0 49
97592 0 1
219716 0 11
612613 0 84
640006 0 42
784822 0 40
722476 0 35
97407 0 155
497601 0 32
473947 0 40
489505 0 65
852037 0 18
617626 0 39
398081 0 29
60521 0 24
121281 0 7
197129 0 240
533915 0 41
661736 0 147
264760 0 62
641985 0 1
151371 0 33
389499 0 70
427821 0 20
656804 0 160
653251 0 5
687086 0 174
247721 0 24
595238 0 18
309415 0 13
93201 0 6
308185 0 641
679379 0 36
361393 0 29
628247 0 189
865362 0 16
264821 0 95
636153 0 6
70609 0 7
479521 0 21
204972 0 4
258017 0 94
513026 0 5
417997 0 62
356593 0 6
858625 0 111
247001 0 8
836115 0 142
200541 0 38
587264 0 71
191021 0 2
848976 0 205
672277 0 7
667856 0 86
216809 0 26
110521 0 17
898716 0 105
638223 0 17
406727 0 5
639521 0 27
239557 0 19
922897 0 29
148627 0 33
237707 0 59
104581 0 2
16313 0 123
147086 0 28
18076 0 34
627380 0 38
825576 0 39
833783 0 1605
629621 0 12
782460 0 33
803810 0 13
408001 0 331
800201 0 32
750085 0 1
984765 0 36
951611 0 27
964701 0 38
77101 0 15
13937 0 18
316261 0 8
95163 0 50
558641 0 48
495707 0 16
396065 0 97
539301 0 27
447141 0 65
889223 0 23
508705 0 27
605231 0 1151
744233 0 2481
507165 0 15
354792 0 29
166689 0 26
698438 0 133
164827 0 13
387180 0 38
280952 0 3
872045 0 19
516731 0 148
984386 0 56
841795 0 92
971861 0 85
521475 0 111
383681 0 27
69037 0 8
139833 0 45
295700 0 26
911325 0 31
588345 0 3
222366 0 31
781101 0 33
777041 0 84
254740 0 58
441419 0 2
841429 0 26
241071 0 11
862682 0 10
220725 0 186
982973 0 22
227394 0 17
488971 0 24
6231 0 41
169181 0 64
940046 0 94
514971 0 40
778797 0 39
646585 0 10
928651 0 59
734313 0 10
141075 0 101
516578 0 87
255049 0 293
366545 0 433
845661 0 25
27404 0 30
988107 0 24
921169 0 53
127275 0 14
133441 0 33
316691 0 32
131997 0 147
466681 0 158
858831 0 13
591952 0 32
914901 0 3
825282 0 4
675697 0 6
73269 0 121
818731 0 69
262025 0 34
215151 0 3
347869 0 46
276161 0 28
312101 0 33
12466 0 9
919353 0 547
41251 0 42
380065 0 8
914407 0 39
803707 0 296
93289 0 171
321913 0 12
209663 0 21
625517 0 16
705369 0 45
811269 0 16
248844 0 489
816168 0 88
917412 0 415
223446 0 165
294511 0 22
331199 0 86
578209 0 97
878316 0 54
410873 0 14
363499 0 26
827051 0 403
789702 0 8
281035 0 217
232881 0 14
480763 0 14
800281 0 74
515201 0 39
914501 0 6
142827 0 45
491490 0 2462
204221 0 19
125215 0 19
170877 0 42
571176 0 25
278897 0 5
309077 0 18
337681 0 33
268533 0 21
626554 0 50
18279 0 12
457721 0 29
578957 0 153
427169 0 30
389335 0 16
235473 0 29
768531 0 8
604001 0 29
139177 0 74
824897 0 22
312609 0 50
613041 0 78
264083 0 22
238109 0 32
69333 0 11
764471 0 15
985381 0 23
430086 0 31
561195 0 33
862928 0 39
24003 0 38
779105 0 21
918504 0 364
856013 0 31
779501 0 30
10417 0 47
718776 0 22
347611 0 32
156116 0 35
852691 0 87
193255 0 41
934761 0 5
317409 0 81
133631 0 39
354701 0 125
51573 0 721
602689 0 120
793171 0 52
553469 0 137
712781 0 45
880001 0 20
579486 0 12
87511 0 12
854715 0 1
556607 0 7
855601 0 27
985761 0 1
705329 0 738
859997 0 68
485249 0 39
435018 0 19
614081 0 9
346856 0 5
235295 0 1
267536 0 20
60058 0 15
952915 0 139
796181 0 38
851995 0 8
842711 0 127
260514 0 42
72836 0 22
128180 0 1
773706 0 4
142179 0 84
497801 0 13
340070 0 4
433321 0 5
153476 0 2
663591 0 25
750739 0 11
700893 0 21
625560 0 10
900351 0 21
521839 0 28
797770 0 34
772901 0 22
977851 0 13
346817 0 31
44191 0 17
899181 0 36
260995 0 18
249438 0 17
476076 0 39
761465 0 18
762832 0 30
825651 0 79
787386 0 31
204631 0 26
802109 0 28
441791 0 31
690962 0 4
328545 0 26
344521 0 24
250810 0 192
627241 0 15
524402 0 25
784598 0 22
373091 0 28
182021 0 39
358539 0 39
15294 0 32
340055 0 423
499713 0 230
862913 0 130
608149 0 22
320277 0 42
223480 0 24
501845 0 9
423691 0 75
340123 0 15
991673 0 18
452157 0 16
734641 0 25
338768 0 7
817051 0 319
86927 0 5
794691 0 115
358840 0 28
646561 0 3
414193 0 43
321878 0 13
310526 0 33
394880 0 83
1000 3000
499145 0 60
904301 0 55
342710 0 245
915599 0 7
896031 0 76
440402 0 15
194826 0 7
19025 0 68
126759 0 4
47791 0 4
856125 0 26
914109 0 151
519371 0 78
427281 0 21
878933 0 11
72657 0 26
300337 0 24
604206 0 18
17371 0 132
678913 0 36
636225 0 9
574901 0 214
171937 0 46
424785 0 507
267081 0 50
497461 0 143
967936 0 25
352468 0 45
249871 0 76
930408 0 270
311613 0 258
480693 0 150
405436 0 24
252285 0 134
423471 0 57
467126 0 7
668337 0 11
211697 0 79
455707 0 31
389663 0 106
596331 0 94
57461 0 51
586047 0 148
365258 0 54
722189 0 78
976916 0 31
492121 0 35
359089 0 29
640906 0 15
412531 0 16
777801 0 14
435532 0 14
476103 0 4
621417 0 4
690817 0 495
120318 0 2
702165 0 26
716865 0 26
322051 0 11
288150 0 21
20641 0 17
653224 0 195
43928 0 62
890941 0 8
430251 0 23
259665 0 43
767785 0 23
62334 0 30
747163 0 53
154707 0 3
694213 0 318
884675 0 43
687499 0 55
936516 0 10
510561 0 4
569245 0 19
277010 0 23
953233 0 53
441822 0 6
577029 0 64
245119 0 25
85934 0 38
213837 0 32
287053 0 923
567167 0 776
21281 0 118
401201 0 15
931276 0 37
845447 0 28
64561 0 353
583528 0 10
116246 0 63
264371 0 41
830810 0 28
483847 0 18
515861 0 1
531553 0 2
856571 0 27
981164 0 30
550859 0 20
407897 0 25
138260 0 5
824825 0 136
693621 0 56
646751 0 4
489001 0 22
500395 0 1
999367 0 117
451225 0 8
237793 0 40
85777 0 263
175921 0 3
65782 0 43
513515 0 26
563215 0 72
218711 0 19
286397 0 26
66465 0 242
235007 0 40
866271 0 26
931361 0 701
123937 0 35
682705 0 70
558651 0 112
656987 0 8
243925 0 98
298889 0 47
311193 0 65
818202 0 81
63846 0 16
238223 0 95
616037 0 48
677889 0 15
235611 0 387
719248 0 16
59772 0 35
400765 0 18
550399 0 267
77673 0 87
547181 0 5
596709 0 63
735545 0 3
722351 0 7
413806 0 29
220254 0 31
10070 0 22
429571 0 26
804401 0 18
165131 0 12
145657 0 135
787497 0 13
913547 0 12
824298 0 129
982013 0 22
706978 0 4
509022 0 108
222750 0 63
284697 0 27
694269 0 33
840078 0 64
860392 0 52
741716 0 53
878875 0 961
437511 0 32
536811 0 190
300336 0 15
971801 0 47
264369 0 3
496753 0 18
395157 0 30
329601 0 23
332255 0 112
923897 0 19
708257 0 28
936531 0 50
366321 0 10
547540 0 8
511567 0 697
930743 0 2
108433 0 32
196961 0 1184
635461 0 877
242561 0 23
710176 0 19
65857 0 208
543453 0 10
569207 0 25
224284 0 53
859524 0 4
310653 0 43
856579 0 12
638141 0 8
651401 0 28
936974 0 44
941131 0 14
804411 0 38
532485 0 20
708406 0 54
941661 0 30
41153 0 44
525276 0 7
20201 0 38
195713 0 151
835849 0 16
23163 0 5
283798 0 24
616328 0 13
720488 0 1
715261 0 369
890801 0 8
324453 0 14
412455 0 31
820051 0 44
463257 0 92
800749 0 32
358701 0 22
313399 0 168
250766 0 24
396581 0 19
553655 0 12
147969 0 25
711161 0 26
356671 0 20
610195 0 8
714673 0 28
274597 0 75
634113 0 44
814137 0 10
927886 0 113
897245 0 25
550381 0 79
693546 0 79
969843 0 66
554177 0 32
313481 0 10
243461 0 11
578401 0 20
740931 0 8
728575 0 25
44008 0 55
480543 0 11
923465 0 41
113876 0 279
660161 0 269
22760 0 62
914005 0 1277
847956 0 17
612066 0 48
964206 0 27
745864 0 32
620737 0 29
225691 0 15
454770 0 97
991199 0 1479
267331 0 3
631744 0 43
995989 0 18
596230 0 60
623329 0 7
868130 0 61
982621 0 268
377185 0 50
532101 0 5
873607 0 437
991401 0 27
963435 0 2
349121 0 10
343611 0 2
300833 0 53
881041 0 2
667905 0 27
578651 0 11
732904 0 95
957124 0 92
239177 0 62
859501 0 1234
803425 0 267
23296 0 23
332481 0 9
927177 0 35
918369 0 330
915224 0 34
55475 0 61
144201 0 1
15977 0 24
481311 0 9
771227 0 24
99436 0 5
811316 0 18
142881 0 5
80741 0 157
746181 0 1
932073 0 29
196515 0 364
442347 0 81
839263 0 4
845407 0 49
452845 0 13
202987 0 11
283681 0 67
743943 0 20
945113 0 27
325045 0 59
735371 0 18
157407 0 66
577053 0 18
224685 0 39
275166 0 30
307715 0 54
232401 0 54
801892 0 40
645989 0 22
631085 0 26
486995 0 13
886307 0 33
669069 0 868
294001 0 64
243291 0 30
738871 0 52
756300 0 313
764709 0 2
981561 0 44
306625 0 36
442569 0 539
718529 0 39
658937 0 53
812940 0 39
298162 0 39
591896 0 322
313414 0 334
824541 0 23
369329 0 28
830287 0 11
429341 0 45
858317 0 12
297233 0 23
768886 0 18
71451 0 33
77876 0 40
147089 0 61
621871 0 30
244177 0 14
86400 0 125
631841 0 11
386601 0 1423
373541 0 14
207389 0 182
133975 0 39
177806 0 33
180201 0 38
321813 0 24
490752 0 26
9637 0 18
209201 0 5
458409 0 49
898721 0 195
661829 0 1
283601 0 23
676976 0 222
317857 0 9
742161 0 13
897776 0 51
425541 0 22
278529 0 31
122103 0 64
584841 0 71
382473 0 144
628301 0 88
277761 0 45
600751 0 222
44325 0 3
318011 0 9
182967 0 39
847531 0 9
224889 0 31
19001 0 21
760891 0 14
176246 0 3
856090 0 17
300051 0 18
623129 0 883
695524 0 9
341902 0 21
822419 0 26
482345 0 54
203307 0 70
472337 0 27
625051 0 19
121043 0 33
461021 0 2
233811 0 1
704471 0 40
863001 0 20
500556 0 12
781783 0 20
481439 0 25
527428 0 31
341901 0 162
924417 0 138
336791 0 4
599241 0 100
760521 0 6
46397 0 88
196233 0 867
173541 0 136
283761 0 33
967003 0 4
141345 0 50
602551 0 20
584203 0 29
694283 0 24
667041 0 38
757355 0 9
112051 0 141
700717 0 9
133473 0 12
76681 0 72
637033 0 43
985371 0 886
773145 0 60
886287 0 39
710676 0 8
107159 0 34
287343 0 28
508029 0 11
153477 0 26
392833 0 54
531985 0 109
632561 0 9
995294 0 21
678687 0 89
659901 0 64
26729 0 141
513335 0 16
280696 0 14
48001 0 39
837985 0 1299
371369 0 35
144962 0 25
992453 0 59
761729 0 50
192991 0 73
522581 0 187
354701 0 72
26132 0 83
625648 0 15
945953 0 25
490849 0 37
94643 0 158
937183 0 82
537449 0 99
433844 0 48
656291 0 5
992876 0 104
251044 0 1654
514513 0 7
470044 0 98
604491 0 11
453609 0 8
963529 0 131
493201 0 30
880875 0 295
255289 0 198
691741 0 1345
25541 0 20
600091 0 132
510395 0 224
188243 0 2
940279 0 29
877541 0 97
241033 0 27
848222 0 29
835754 0 65
286117 0 15
587073 0 32
825841 0 67
268081 0 24
549701 0 7
236216 0 25
442520 0 37
507823 0 46
495501 0 35
557138 0 33
268481 0 41
443929 0 1
522718 0 3
406878 0 110
47982 0 55
428238 0 52
648366 0 21
263859 0 15
457501 0 43
164817 0 118
287421 0 5
304891 0 43
942096 0 168
309121 0 17
683581 0 8
886501 0 280
934197 0 53
163569 0 51
186587 0 22
17171 0 313
293446 0 21
519266 0 21
994889 0 236
491372 0 180
60977 0 15
484261 0 1
360952 0 30
109992 0 409
742133 0 21
785040 0 327
939313 0 18
538053 0 8
844805 0 38
463529 0 2
576961 0 78
228776 0 10
240453 0 5
855257 0 80
911681 0 32
105057 0 32
671258 0 5
921305 0 28
651528 0 26
781473 0 12
331243 0 2
370698 0 16
230101 0 49
299239 0 154
600071 0 72
556088 0 41
968047 0 3
876816 0 25
49126 0 49
389196 0 3
610795 0 38
123518 0 66
15153 0 84
726681 0 25
676490 0 57
934241 0 22
265151 0 9
309236 0 27
408695 0 277
930831 0 84
532876 0 35
568401 0 32
535236 0 25
308753 0 102
283542 0 31
167626 0 234
561573 0 18
446897 0 2
548487 0 20
558171 0 55
133856 0 40
213949 0 12
951539 0 2314
235715 0 8
33298 0 26
309173 0 34
659017 0 50
871753 0 77
363804 0 66
828081 0 74
836129 0 382
417149 0 43
579257 0 14
784642 0 14
993221 0 35
814101 0 14
402901 0 3
732127 0 1132
590585 0 95
605999 0 33
252469 0 7
614223 0 2
29479 0 53
150875 0 41
645145 0 130
703761 0 32
999848 0 40
418772 0 4
384617 0 37
81286 0 2615
234904 0 28
146049 0 12
527376 0 4
71894 0 22
81801 0 98
437313 0 84
389489 0 12
967876 0 6
575069 0 56
786861 0 42
361845 0 8
251861 0 91
484497 0 22
326979 0 2
816817 0 49
244673 0 96
75245 0 39
234589 0 23
901951 0 5
65213 0 8
821569 0 33
665503 0 38
800545 0 63
795176 0 55
707199 0 5
762601 0 45
609344 0 98
594649 0 45
592047 0 29
987927 0 51
68161 0 53
142721 0 57
745043 0 20
494177 0 24
556621 0 36
572237 0 24
872701 0 91
413001 0 36
961869 0 337
366433 0 24
784621 0 19
218353 0 49
460486 0 6
579143 0 24
500815 0 17
622741 0 14
781107 0 52
372997 0 19
932851 0 6
237792 0 5
767753 0 13
43536 0 10
27269 0 9
14113 0 32
725516 0 39
999271 0 40
640590 0 27
566429 0 28
402537 0 33
739731 0 26
95801 0 3
744305 0 9
990709 0 66
696033 0 313
367829 0 4
30535 0 21
536676 0 25
760797 0 18
650689 0 16
881301 0 23
218272 0 24
444617 0 28
345495 0 23
285971 0 42
884749 0 20
193213 0 3
397415 0 8
918100 0 3
399390 0 26
167901 0 33
859911 0 159
509049 0 21
716196 0 36
82701 0 18
843656 0 49
737973 0 10
397733 0 19
678103 0 37
574758 0 79
491673 0 23
565656 0 13
899015 0 68
759544 0 27
513600 0 2
841121 0 44
575715 0 49
173761 0 29
52857 0 27
69725 0 2
808880 0 13
328135 0 862
401725 0 61
79689 0 27
749877 0 24
290768 0 834
44896 0 20
850396 0 3
60357 0 8
638813 0 38
18641 0 66
491368 0 32
986653 0 14
495131 0 10
320501 0 86
358691 0 12
938455 0 19
363081 0 26
220728 0 2
248071 0 7
302251 0 58
895665 0 33
169471 0 5
40577 0 16
131821 0 7
424503 0 20
485631 0 22
83660 0 39
627324 0 38
786489 0 33
960719 0 56
69301 0 29
149036 0 22
211545 0 15
318937 0 13
416333 0 30
831395 0 46
550963 0 368
127601 0 10
974183 0 23
537325 0 57
595649 0 30
313896 0 1
493016 0 7
38671 0 11
741017 0 37
12041 0 1
683488 0 100
506973 0 41
245745 0 77
782307 0 70
48095 0 29
770005 0 4
990128 0 48
910848 0 13
580801 0 33
21673 0 45
214433 0 2
269428 0 31
261629 0 1
599453 0 661
967028 0 21
81793 0 34
715651 0 1
30001 0 35
111705 0 29
722597 0 30
696001 0 29
475701 0 41
708044 0 20
420209 0 45
5192 0 86
870259 0 20
500946 0 50
413433 0 131
876887 0 7
389769 0 28
198231 0 35
882213 0 53
507841 0 3
379586 0 2
82151 0 7
978166 0 31
850389 0 53
196808 0 46
615281 0 11
907628 0 17
529085 0 69
340134 0 23
220479 0 12
388903 0 37
695063 0 4
186501 0 783
902721 0 30
282514 0 17
816006 0 44
571845 0 69
89473 0 13
609871 0 86
512601 0 231
152406 0 20
753751 0 26
430062 0 15
422093 0 12
959681 0 1
222561 0 30
640928 0 42
913293 0 17
671716 0 34
336113 0 274
439347 0 83
385786 0 23
148486 0 499
950431 0 21
903949 0 135
204791 0 30
817733 0 46
410552 0 217
80247 0 73
395999 0 5
697152 0 29
24629 0 74
995465 0 17
275073 0 6
282865 0 75
153233 0 95
466887 0 264
21563 0 19
420506 0 41
214072 0 6
532010 0 95
379107 0 15
454827 0 25
563409 0 10
629789 0 9
876580 0 51
400397 0 2
932471 0 62
324407 0 58
66361 0 4
82205 0 466
578441 0 26
808129 0 22
76777 0 53
459891 0 198
827031 0 6
935135 0 9
795807 0 32
233255 0 17
376056 0 84
158897 0 32
207681 0 142
989965 0 13
743905 0 35
492337 0 52
189048 0 4
931462 0 83
846642 0 18
448410 0 68
889233 0 108
589242 0 40
365251 0 45
819554 0 461
392321 0 23
396057 0 35
9537 0 83
977773 0 6
796361 0 33
68161 0 85
817425 0 3
429929 0 16
276001 0 31
420577 0 25
862017 0 12
260456 0 199
931253 0 21
181681 0 5
964143 0 37
221435 0 1
394649 0 104
890787 0 31
635545 0 279
676514 0 49
512289 0 120
458819 0 37
164276 0 1
255681 0 24
197056 0 3
987119 0 65
620616 0 315
474182 0 33
89793 0 23
465476 0 10
116805 0 123
993733 0 309
204957 0 5
219716 0 24
681856 0 11
638400 0 50
520397 0 68
421560 0 69
124056 0 29
75516 0 7
798843 0 28
19146 0 24
232176 0 27
933945 0 95
571709 0 22
838819 0 23
556359 0 193
295017 0 15
157252 0 15
759479 0 25
597135 0 156
928201 0 67
718001 0 47
533201 0 87
797387 0 74
903781 0 1
114890 0 21
101521 0 29
265749 0 40
690168 0 39
865593 0 66
873601 0 17
988181 0 22
241923 0 24
496785 0 25
187300 0 162
914753 0 462
754363 0 27
425351 0 197
466301 0 1
612481 0 30
82482 0 3
959585 0 6
416467 0 29
624447 0 62
401545 0 8
643701 0 22
982655 0 234
697013 0 1
386057 0 30
15052 0 16
557697 0 17
708459 0 16
366265 0 8
924991 0 19
670529 0 14
769763 0 23
391839 0 53
906715 0 7
669261 0 3
920421 0 22
975317 0 19
639425 0 34
963487 0 18
259925 0 31
704745 0 65
935557 0 48
371825 0 538
425297 0 42
79849 0 90
524263 0 271
774766 0 316
910801 0 29
119714 0 38
53501 0 7
717623 0 16
385481 0 157
124919 0 35
507633 0 54
783974 0 11
171167 0 9
636963 0 13
604981 0 132
268241 0 26
704903 0 27
218473 0 350
651441 0 40
875149 0 2
281203 0 23
356409 0 3
645496 0 21
477949 0 194
695539 0 4
995665 0 19
290823 0 22
576900 0 19
904751 0 8
707971 0 6
844483 0 23
453807 0 4
349111 0 13
684305 0 73
749225 0 141
718345 0 101
315249 0 33
139423 0 18
10945 0 7
907407 0 10
693763 0 27
194105 0 5
945562 0 8
541061 0 27
497641 0 27
919741 0 31
462365 0 59
44748 0 143
457053 0 34
559416 0 31
642512 0 33
86593 0 27
458049 0 28
