5
1000 3000
988563 0 56
616883 0 167
432468 0 23
955017 0 66
920659 0 528
467715 0 11
753083 0 6
483187 0 35
402951 0 76
344089 0 14
438957 0 11
546801 0 32
859061 0 19
822260 0 7
437357 0 4
980601 0 2
410623 0 43
269031 0 26
162385 0 20
999729 0 24
974436 0 2
926826 0 341
907601 0 5
202885 0 28
241545 0 20
579272 0 51
874731 0 155
255140 0 28
258695 0 26
128282 0 71
17213 0 12
14945 0 23
322491 0 89
607526 0 36
205961 0 135
784601 0 467
272823 0 20
868433 0 196
648506 0 43
572501 0 21
659905 0 30
953925 0 36
660781 0 58
199061 0 2
301681 0 31
731551 0 17
322320 0 3
4815 0 36
331457 0 124
827843 0 46
22351 0 14
788662 0 88
883366 0 52
75321 0 12
784074 0 25
441825 0 1
58683 0 18
350908 0 21
142475 0 98
103818 0 192
49349 0 5
771345 0 285
421725 0 45
269611 0 20
441141 0 29
334162 0 32
496084 0 22
394252 0 1
320593 0 31
428631 0 90
494911 0 24
792457 0 340
222641 0 12
713089 0 155
478257 0 126
614401 0 37
429579 0 17
712349 0 11
876801 0 15
876603 0 27
785819 0 31
759759 0 99
915780 0 1
404721 0 10
287357 0 61
109641 0 30
66531 0 54
61025 0 13
209953 0 18
110265 0 40
821919 0 21
199593 0 12
566231 0 80
218716 0 17
961651 0 9
465581 0 6
669981 0 24
253341 0 24
687981 0 82
729479 0 23
721297 0 63
583061 0 47
695111 0 851
256829 0 28
97515 0 63
503486 0 80
337246 0 11
511473 0 3
135826 0 43
591573 0 37
520224 0 28
429407 0 63
38345 0 91
998215 0 40
786446 0 32
182295 0 35
73526 0 94
693725 0 30
970591 0 1
767067 0 12
812497 0 9
924386 0 51
244325 0 29
972793 0 42
259641 0 28
161923 0 33
498330 0 7
833241 0 51
430997 0 28
752849 0 1118
845059 0 14
293956 0 37
466789 0 60
809456 0 244
938325 0 27
483452 0 1
61441 0 11
614516 0 16
116301 0 28
344241 0 5
301021 0 24
106661 0 14
163551 0 73
192401 0 22
189726 0 30
953751 0 5
7116 0 29
484386 0 43
105601 0 748
820545 0 21
86053 0 54
915759 0 95
751300 0 9
397361 0 7
203639 0 30
712980 0 100
295357 0 26
226599 0 27
623033 0 48
365649 0 5
637496 0 36
412173 0 127
862961 0 2
890217 0 26
803546 0 61
766293 0 279
479211 0 23
542881 0 50
551801 0 52
75471 0 19
730101 0 40
60181 0 8
656164 0 3
733816 0 35
952081 0 27
982401 0 69
41952 0 339
714033 0 33
329681 0 62
756601 0 21
115987 0 27
186319 0 5
863199 0 10
150110 0 25
978417 0 15
460841 0 27
989633 0 28
195777 0 28
963187 0 22
232941 0 18
76321 0 27
23056 0 35
474674 0 206
492825 0 4
702045 0 5
96273 0 2955
328385 0 132
748835 0 268
362157 0 23
802353 0 68
523394 0 9
993848 0 28
165911 0 74
92896 0 20
208801 0 23
641629 0 12
140967 0 35
947881 0 58
724726 0 24
573536 0 3
417809 0 45
979801 0 31
762521 0 17
955956 0 26
669727 0 96
79901 0 10
571950 0 391
291179 0 47
111717 0 47
318817 0 23
415746 0 22
680392 0 24
39135 0 2415
44621 0 708
916939 0 5
464895 0 29
721234 0 36
974514 0 16
736477 0 40
302121 0 38
638701 0 1
442081 0 33
696963 0 44
262837 0 17
304197 0 25
165101 0 43
740739 0 91
128829 0 28
949497 0 32
93195 0 63
292793 0 6
688669 0 9
23995 0 35
722895 0 278
154053 0 78
582051 0 26
383813 0 41
400646 0 15
274065 0 391
801717 0 3
908826 0 86
476245 0 2438
589009 0 19
58106 0 17
597585 0 4
657421 0 14
473179 0 30
924501 0 46
173377 0 18
405809 0 28
268731 0 14
677600 0 69
243782 0 3
290889 0 50
212462 0 11
217057 0 23
973537 0 46
84105 0 20
519915 0 162
958653 0 25
640024 0 42
891981 0 25
452105 0 6
229889 0 13
942477 0 11
210161 0 150
77353 0 90
31211 0 52
718201 0 7
769093 0 194
991259 0 73
653201 0 96
654657 0 313
345586 0 23
958688 0 5
905803 0 39
918949 0 30
619245 0 27
509561 0 19
284751 0 22
202925 0 25
550111 0 24
46260 0 43
574929 0 149
296001 0 16
620245 0 115
753829 0 2
20809 0 15
962213 0 49
812921 0 1
131245 0 29
890177 0 49
346317 0 46
105032 0 5
749907 0 9
133393 0 27
419333 0 16
631120 0 34
4971 0 144
133515 0 33
722849 0 42
480677 0 27
886135 0 5
733812 0 18
565159 0 11
62391 0 229
672883 0 29
80636 0 21
491249 0 17
947865 0 59
458481 0 30
480876 0 70
264812 0 1289
851611 0 21
648456 0 28
776512 0 13
560368 0 145
706081 0 37
787901 0 13
384449 0 42
343241 0 30
908944 0 52
109601 0 29
167074 0 13
279151 0 108
724891 0 16
228381 0 17
254841 0 56
675633 0 25
558221 0 28
898561 0 7
825495 0 38
497985 0 43
120063 0 32
167096 0 264
863213 0 23
678696 0 27
761741 0 1
148021 0 718
767660 0 11
665201 0 19
814980 0 79
855446 0 2
649646 0 8
4046 0 313
898901 0 185
639181 0 86
603241 0 96
261026 0 25
977248 0 65
978993 0 86
351001 0 29
691633 0 1355
843605 0 117
579806 0 12
385491 0 28
595777 0 94
690401 0 49
248186 0 4
208399 0 15
156901 0 16
802807 0 22
441070 0 39
122651 0 27
484117 0 34
985340 0 12
160461 0 17
969137 0 30
315167 0 8
982693 0 15
490495 0 30
255757 0 10
318841 0 959
381881 0 9
926205 0 123
96653 0 149
855869 0 35
467093 0 38
352939 0 44
121971 0 407
592295 0 9
680737 0 20
923661 0 48
760489 0 15
358721 0 109
309501 0 12
653169 0 187
208451 0 1
421548 0 6
753987 0 70
552136 0 8
399081 0 50
834273 0 33
830001 0 43
124593 0 7
50393 0 21
777352 0 5
818996 0 15
618201 0 27
424481 0 115
753091 0 323
126277 0 26
734101 0 116
251101 0 40
887627 0 14
512437 0 52
176555 0 52
670765 0 8
838681 0 11
980805 0 3
216101 0 29
521042 0 27
250337 0 143
455709 0 39
443882 0 63
466464 0 24
717149 0 13
356941 0 12
874001 0 18
572881 0 25
817751 0 20
499961 0 2
52881 0 37
464336 0 33
625453 0 2
570861 0 27
375361 0 40
459109 0 35
595941 0 68
239477 0 23
128945 0 62
77761 0 19
833057 0 8
855970 0 5
218144 0 48
830189 0 45
615561 0 40
999011 0 33
349461 0 51
578849 0 38
971159 0 41
927770 0 41
745418 0 154
556717 0 37
485576 0 40
310227 0 7
838326 0 123
949780 0 30
351575 0 44
278502 0 42
678668 0 26
129776 0 19
376741 0 7
472673 0 7
231739 0 15
681575 0 15
561251 0 6
297100 0 9
225089 0 25
636417 0 55
646521 0 11
212361 0 87
683821 0 33
782687 0 133
677017 0 43
214872 0 16
90275 0 18
805957 0 52
579246 0 23
344670 0 22
685897 0 11
77031 0 164
141142 0 46
179606 0 25
649675 0 73
307401 0 31
59879 0 26
551489 0 43
420109 0 17
272353 0 8
477984 0 43
875525 0 58
569771 0 19
403318 0 29
81571 0 38
758929 0 35
152344 0 20
687153 0 18
514871 0 37
820099 0 22
486620 0 1
114201 0 174
77441 0 37
243533 0 112
550005 0 29
112533 0 2
584361 0 85
381751 0 4
294445 0 58
414253 0 1
468623 0 59
500781 0 16
38971 0 69
646771 0 39
543971 0 1
474705 0 54
195367 0 27
306553 0 22
793539 0 106
695544 0 15
755087 0 33
80485 0 54
816525 0 1104
381001 0 47
523171 0 256
847061 0 4
521075 0 13
813028 0 32
426656 0 87
974773 0 43
968277 0 43
393778 0 65
638976 0 41
854035 0 9
883043 0 42
307393 0 1
769893 0 21
716788 0 25
838709 0 28
101518 0 21
328020 0 292
43639 0 22
703906 0 35
978453 0 39
585305 0 65
757489 0 4
182723 0 4
217693 0 15
646610 0 12
995043 0 104
68890 0 1
810767 0 43
670136 0 12
188405 0 229
49646 0 4
494004 0 99
439566 0 26
277401 0 1386
535670 0 26
729687 0 49
205775 0 16
756047 0 119
842301 0 2
833286 0 18
318451 0 42
442593 0 357
769137 0 5
848850 0 45
292341 0 139
878865 0 40
416321 0 33
326401 0 108
116951 0 14
762759 0 21
276553 0 47
509940 0 25
66907 0 29
917127 0 23
722701 0 31
14836 0 17
955001 0 5
90166 0 31
985939 0 47
588561 0 154
979097 0 11
492385 0 29
922795 0 12
593321 0 29
519553 0 53
942416 0 42
67851 0 25
611161 0 169
992872 0 13
884831 0 13
15093 0 34
854297 0 68
363199 0 86
668174 0 62
725037 0 34
163836 0 37
485537 0 74
761577 0 15
422491 0 11
367663 0 48
960637 0 15
519015 0 7
372423 0 23
335915 0 45
393657 0 29
512499 0 49
831522 0 106
853917 0 86
213969 0 16
861857 0 126
870977 0 27
662939 0 18
849457 0 9
92449 0 4
829641 0 43
314582 0 118
138658 0 14
765697 0 28
501063 0 9
947451 0 22
224321 0 61
199361 0 59
665063 0 33
640393 0 77
220421 0 64
261577 0 34
899577 0 36
455315 0 59
17755 0 8
761251 0 13
557639 0 20
501781 0 77
479666 0 35
64396 0 14
812703 0 5
751827 0 10
123459 0 30
334501 0 14
797391 0 277
779861 0 206
7893 0 15
663909 0 123
937843 0 16
404869 0 40
285877 0 28
905645 0 50
141341 0 27
834962 0 32
368155 0 16
398285 0 28
994205 0 170
781411 0 713
428514 0 91
761683 0 13
914441 0 25
51243 0 58
556018 0 152
869141 0 30
863652 0 57
39921 0 64
602001 0 43
946174 0 162
236164 0 25
911873 0 600
800155 0 487
725805 0 22
991764 0 10
368801 0 32
526321 0 1294
287907 0 18
405447 0 22
500173 0 12
75625 0 23
411459 0 29
510027 0 3
85729 0 31
795679 0 70
611241 0 61
375217 0 48
334164 0 16
613408 0 65
441545 0 27
835656 0 47
719489 0 23
615491 0 10
796693 0 49
58901 0 5
493604 0 11
244759 0 14
186369 0 11
718455 0 18
351929 0 21
371238 0 8
228489 0 107
144949 0 36
862073 0 10
203441 0 24
448441 0 53
713191 0 41
688657 0 19
610471 0 71
853889 0 18
75376 0 26
786773 0 7
67205 0 55
705237 0 3
629331 0 50
30524 0 1
124991 0 36
551856 0 4
68685 0 23
778301 0 24
496515 0 43
491107 0 20
159046 0 41
291351 0 693
571501 0 60
133747 0 49
407761 0 72
246771 0 195
178979 0 47
527871 0 46
934856 0 62
183193 0 33
189350 0 478
645796 0 48
694910 0 375
726725 0 50
183619 0 2504
409866 0 112
266796 0 22
259761 0 37
901297 0 241
435841 0 48
508911 0 29
342570 0 25
972351 0 49
366676 0 49
991953 0 9
194527 0 50
775533 0 15
254981 0 222
646413 0 235
879270 0 2
864517 0 84
137886 0 20
181712 0 228
418881 0 10
687282 0 17
328309 0 31
769535 0 46
349721 0 32
617146 0 45
901393 0 20
22645 0 31
230233 0 132
345941 0 5
413281 0 41
573965 0 25
321285 0 772
964706 0 10
332129 0 62
183085 0 82
751441 0 84
506961 0 164
922651 0 88
405945 0 13
808143 0 2
616719 0 5
920001 0 15
710039 0 33
986761 0 47
484561 0 52
600221 0 31
539440 0 23
405421 0 16
761708 0 11
828621 0 74
599237 0 47
101772 0 364
219334 0 3
942721 0 23
684977 0 31
702346 0 40
725164 0 42
21426 0 55
332009 0 20
387141 0 142
934205 0 51
180889 0 8
190695 0 10
122056 0 16
338415 0 35
79529 0 13
83781 0 31
28708 0 2
27861 0 22
513332 0 34
938029 0 26
261961 0 22
750945 0 30
956507 0 51
976689 0 66
655693 0 31
677497 0 36
124021 0 44
979228 0 72
467581 0 48
747370 0 40
601657 0 24
873571 0 705
701569 0 25
498881 0 14
794128 0 10
297909 0 36
717112 0 64
716225 0 8
634510 0 7
902329 0 32
141603 0 37
560928 0 7
633471 0 18
657493 0 17
719813 0 108
792223 0 211
863042 0 29
204726 0 142
997356 0 554
424753 0 35
982288 0 6
944683 0 35
607997 0 254
642234 0 15
144417 0 21
763521 0 192
648579 0 1559
742536 0 87
151961 0 18
222025 0 49
305129 0 49
277181 0 72
343905 0 352
615297 0 56
954821 0 104
521115 0 11
336421 0 76
875221 0 15
650463 0 48
406575 0 7
339401 0 31
785153 0 22
460331 0 154
801269 0 10
454756 0 1
255042 0 40
199801 0 132
130471 0 29
932364 0 48
697441 0 11
727527 0 30
536031 0 44
261094 0 4
467966 0 22
958935 0 9
121841 0 25
66561 0 3
342645 0 28
44929 0 26
264623 0 50
724847 0 2
881665 0 16
641495 0 50
318069 0 180
292163 0 3
586501 0 37
45748 0 29
435351 0 44
295121 0 4
223686 0 559
134433 0 9
860865 0 89
804395 0 45
75561 0 95
695706 0 38
216465 0 150
247176 0 32
97788 0 48
799941 0 67
244791 0 15
688980 0 30
928267 0 22
18378 0 5
505793 0 6
505741 0 17
466521 0 4
675930 0 2
297477 0 56
935385 0 50
741217 0 11
264119 0 34
833811 0 24
9361 0 34
852569 0 92
177181 0 3
171173 0 92
612337 0 1
462187 0 428
354131 0 20
378779 0 10
600119 0 17
108636 0 73
311577 0 126
396001 0 15
809667 0 81
200001 0 8
873505 0 30
217012 0 5
623154 0 431
14177 0 30
528914 0 5
127722 0 43
984117 0 58
772589 0 81
673151 0 76
106401 0 30
68321 0 377
750050 0 3
632626 0 238
464023 0 1
973265 0 2218
177346 0 1
976192 0 78
685301 0 2
447225 0 28
112001 0 77
561755 0 24
962261 0 118
324519 0 43
919426 0 36
715973 0 129
175208 0 2
171616 0 18
109961 0 3
324460 0 5
670905 0 1
422996 0 365
448556 0 19
448801 0 267
23398 0 21
375573 0 11
646215 0 19
148353 0 231
591091 0 6
274926 0 100
55848 0 20
885921 0 7
128373 0 34
410746 0 86
851099 0 2
183575 0 749
951473 0 19
363346 0 23
134681 0 23
651318 0 7
102145 0 32
965825 0 25
257619 0 41
475037 0 13
438985 0 446
726023 0 116
608542 0 190
766294 0 26
9793 0 2
795967 0 76
437259 0 46
604869 0 44
377097 0 133
413969 0 36
82395 0 38
455341 0 37
614967 0 3
262706 0 499
152578 0 19
147361 0 11
492335 0 229
761537 0 39
388672 0 44
488129 0 32
18201 0 69
680396 0 82
373738 0 17
101537 0 38
46731 0 8
945226 0 31
37217 0 2
659413 0 17
1000 3000
582596 0 52
212481 0 27
704441 0 50
274161 0 24
962069 0 20
369601 0 22
167247 0 35
895561 0 60
288757 0 21
98359 0 24
236659 0 698
581625 0 164
146305 0 26
480102 0 9
180505 0 41
844666 0 56
652183 0 125
870455 0 50
824525 0 57
407241 0 34
951007 0 26
15452 0 600
954844 0 24
638557 0 34
986073 0 1
30896 0 177
218785 0 26
128025 0 21
616113 0 1031
777209 0 35
358691 0 29
454486 0 38
28287 0 16
779249 0 14
764980 0 3
746456 0 39
429604 0 14
321861 0 23
545540 0 40
784569 0 114
106301 0 15
411071 0 14
475001 0 79
677605 0 5
974548 0 29
32501 0 40
550841 0 712
430903 0 103
377601 0 132
849016 0 23
828804 0 45
425217 0 2
746744 0 3
562601 0 32
599989 0 80
120677 0 35
87951 0 15
164368 0 6
197945 0 31
419841 0 5
497676 0 48
737233 0 6
360889 0 16
30541 0 297
376445 0 12
758801 0 107
644505 0 37
267181 0 13
731406 0 27
654405 0 124
423717 0 29
377367 0 25
457129 0 12
612577 0 24
727042 0 54
390571 0 50
800691 0 227
854749 0 34
960533 0 61
692713 0 61
145399 0 3
836036 0 121
747846 0 42
303496 0 1
783208 0 693
966247 0 4
158208 0 137
50683 0 42
443685 0 21
575637 0 20
791289 0 3
520381 0 598
723676 0 10
713122 0 52
297391 0 53
998137 0 92
662519 0 275
240004 0 35
371833 0 4
588503 0 342
746241 0 76
228189 0 8
324323 0 61
446937 0 45
253923 0 6
216857 0 29
125993 0 27
471499 0 36
745117 0 30
448141 0 17
356716 0 4
392757 0 24
523778 0 15
706203 0 69
184493 0 1310
293835 0 47
476693 0 32
64665 0 19
182881 0 22
503387 0 1
977729 0 5
258273 0 47
170229 0 35
516763 0 22
376421 0 30
691705 0 55
251680 0 136
310239 0 43
792267 0 203
920281 0 173
524225 0 3
459576 0 29
675361 0 31
553488 0 117
664929 0 156
477371 0 513
524228 0 30
703101 0 38
544593 0 38
516051 0 30
729460 0 3
251872 0 29
708817 0 37
913501 0 31
413081 0 75
318589 0 51
863213 0 16
781025 0 20
341955 0 593
533966 0 153
162687 0 21
537251 0 36
317049 0 132
169793 0 27
853559 0 15
151145 0 140
65758 0 61
776053 0 43
837633 0 40
517122 0 45
716936 0 31
427883 0 16
555448 0 39
815626 0 16
775497 0 25
796241 0 18
953332 0 9
61823 0 1
660994 0 24
52417 0 7
191302 0 5
643001 0 8
415232 0 4
774177 0 217
506850 0 1263
106101 0 16
920081 0 4
203167 0 12
388417 0 14
267715 0 75
444292 0 11
589802 0 9
937217 0 53
768801 0 8
334286 0 22
208342 0 42
703521 0 36
600337 0 27
938804 0 38
523536 0 12
753875 0 167
113431 0 9
220185 0 67
379116 0 63
188089 0 25
736753 0 11
641797 0 18
63591 0 39
960841 0 11
638047 0 40
528161 0 104
758985 0 36
911431 0 40
918801 0 34
729751 0 107
99953 0 17
839975 0 42
643296 0 48
979681 0 26
335879 0 9
646441 0 39
667237 0 9
425721 0 34
403861 0 130
554708 0 41
744144 0 29
808361 0 74
294881 0 11
196004 0 13
548029 0 7
135907 0 62
90429 0 11
225814 0 10
717991 0 5
843281 0 577
229445 0 1
601913 0 21
78667 0 7
567885 0 166
126044 0 673
536040 0 16
367326 0 40
178496 0 42
377841 0 44
504621 0 31
339911 0 30
556226 0 302
405393 0 41
425431 0 143
987387 0 48
347901 0 20
578649 0 47
499410 0 88
382550 0 24
772571 0 13
293919 0 49
294480 0 25
344369 0 371
43643 0 4
450501 0 67
532684 0 882
365369 0 24
770641 0 269
691736 0 69
398547 0 3
429761 0 687
840287 0 100
366075 0 25
998561 0 23
956476 0 35
910472 0 95
718175 0 69
149593 0 21
165214 0 9
699558 0 167
579801 0 28
211615 0 22
831792 0 32
701199 0 37
236651 0 52
683101 0 12
812717 0 61
676037 0 1
726291 0 1
779422 0 184
58301 0 38
529527 0 25
195084 0 8
504025 0 55
440060 0 66
535898 0 17
749616 0 22
489245 0 47
880521 0 21
643169 0 52
768595 0 17
674012 0 15
637969 0 2
836161 0 33
722321 0 34
262957 0 334
697585 0 91
407514 0 75
530991 0 22
105621 0 39
493902 0 23
988667 0 22
257038 0 5
593327 0 60
142769 0 191
958945 0 152
320281 0 32
54247 0 114
75465 0 5
948817 0 43
81650 0 30
674201 0 77
905072 0 47
900569 0 478
463548 0 620
970251 0 28
883643 0 29
469565 0 30
305577 0 12
343908 0 9
937056 0 8
938366 0 5
7708 0 79
48193 0 13
82385 0 51
890555 0 33
317409 0 4
481749 0 56
498300 0 49
302204 0 90
214551 0 29
951793 0 31
931807 0 24
926809 0 1
206025 0 29
483745 0 25
582272 0 13
746198 0 32
582925 0 3
171523 0 5
762289 0 21
667801 0 38
525425 0 36
230939 0 93
604920 0 46
234748 0 32
318424 0 9
515714 0 42
345985 0 102
755672 0 19
185345 0 48
126764 0 39
103041 0 19
574545 0 11
346381 0 14
562521 0 36
418983 0 349
267701 0 37
915336 0 317
498469 0 40
481313 0 17
212192 0 22
529827 0 111
621393 0 29
311815 0 47
19776 0 16
548161 0 59
44191 0 2
573111 0 54
245161 0 21
743377 0 22
91041 0 8
486259 0 109
720353 0 19
836621 0 17
647576 0 37
536738 0 62
503500 0 162
828339 0 11
579521 0 8
686926 0 4
510035 0 14
413157 0 8
138617 0 38
76065 0 139
920425 0 25
613541 0 32
23210 0 100
785717 0 111
682981 0 88
814865 0 95
401101 0 338
920279 0 54
635361 0 26
326513 0 37
244119 0 102
420561 0 75
385681 0 31
151525 0 14
64077 0 154
201231 0 9
227304 0 61
305937 0 49
572028 0 63
772001 0 5
456570 0 34
889473 0 75
531381 0 38
504431 0 50
613201 0 150
209968 0 1
738888 0 3
677660 0 32
403763 0 4
568606 0 19
868676 0 23
813336 0 90
502531 0 37
470825 0 14
375271 0 2
397145 0 7
163161 0 21
371365 0 32
582465 0 9
778742 0 77
73941 0 61
787111 0 119
275471 0 30
447489 0 56
829539 0 19
375857 0 19
354691 0 20
763085 0 13
147920 0 47
47701 0 5
304384 0 146
623505 0 23
248411 0 61
479346 0 73
971933 0 4
861995 0 54
762861 0 11
123291 0 15
839021 0 19
631279 0 18
616941 0 62
53921 0 45
185173 0 6
617790 0 83
753201 0 8
322847 0 103
705955 0 43
154939 0 39
183930 0 30
729221 0 41
41059 0 29
408454 0 67
459603 0 13
470756 0 13
108701 0 29
670880 0 5
359398 0 17
321897 0 63
378013 0 124
15386 0 39
25751 0 17
233761 0 2
9585 0 140
176901 0 14
80503 0 25
981028 0 6
891369 0 111
810106 0 5
117001 0 113
731373 0 44
144065 0 95
124087 0 25
171280 0 131
101777 0 26
743506 0 10
76137 0 16
359105 0 16
542561 0 44
560221 0 6
967361 0 39
524437 0 33
195095 0 48
46897 0 28
76721 0 4
50307 0 4
66601 0 31
428499 0 31
555591 0 67
899017 0 26
397571 0 6
507745 0 116
717346 0 25
313253 0 25
348291 0 19
304875 0 268
199155 0 28
767016 0 18
93036 0 5
322220 0 37
688807 0 30
780419 0 56
360053 0 24
547105 0 4
361120 0 25
164933 0 489
118621 0 13
232149 0 10
740726 0 327
500126 0 4
123791 0 12
518318 0 1
445029 0 28
66301 0 39
942801 0 62
412185 0 11
887697 0 45
647796 0 74
998041 0 91
754621 0 9
827307 0 5
968994 0 38
782070 0 45
313045 0 34
28385 0 16
950649 0 31
616873 0 108
971131 0 54
262108 0 3
252386 0 31
182029 0 36
114786 0 15
654397 0 3
107803 0 122
925245 0 128
758301 0 71
999794 0 43
495833 0 105
781707 0 46
479211 0 31
307717 0 39
100061 0 72
736315 0 9
756221 0 57
604413 0 84
265926 0 28
809351 0 31
73449 0 20
890107 0 14
433161 0 167
278526 0 12
496010 0 107
45209 0 30
859065 0 22
50241 0 57
923858 0 21
430912 0 18
224597 0 2
526031 0 93
960927 0 18
518457 0 13
850303 0 52
279955 0 13
364649 0 29
996217 0 30
611826 0 13
930454 0 13
859595 0 126
842225 0 20
70160 0 72
273351 0 32
519633 0 168
636418 0 1
442647 0 110
102631 0 19
139321 0 116
888917 0 1
919506 0 126
712027 0 58
688415 0 16
3433 0 14
518906 0 26
674209 0 26
459797 0 85
577249 0 21
413005 0 23
50261 0 68
105004 0 63
906337 0 30
270471 0 1
838593 0 25
902625 0 147
218930 0 31
34821 0 64
20408 0 28
864999 0 4
228762 0 5
925297 0 10
883357 0 1827
954363 0 295
722536 0 15
513841 0 10
792105 0 36
395881 0 236
556657 0 44
517958 0 42
703039 0 43
563811 0 17
302393 0 20
947426 0 33
283567 0 19
54582 0 210
259607 0 25
952823 0 18
300201 0 54
136009 0 22
603291 0 25
389603 0 36
484613 0 26
354671 0 6
263390 0 14
727306 0 140
15079 0 21
66861 0 13
109041 0 46
502425 0 26
981312 0 4
476333 0 31
366062 0 1
656961 0 28
782476 0 113
325012 0 16
949255 0 60
410407 0 144
382331 0 153
84517 0 11
977953 0 46
77066 0 33
302519 0 5
539249 0 39
443633 0 11
490521 0 14
733616 0 272
918621 0 53
805561 0 87
500507 0 14
132838 0 5
313131 0 36
59457 0 3
408150 0 53
946497 0 4
920129 0 22
207706 0 20
954201 0 111
49396 0 32
591025 0 107
122810 0 94
808639 0 45
279321 0 107
920346 0 250
285851 0 38
812876 0 28
796661 0 17
862911 0 106
991798 0 13
29638 0 10
742817 0 2069
793276 0 29
321201 0 62
930761 0 49
682721 0 165
834668 0 50
187569 0 126
147635 0 73
143351 0 66
131773 0 307
39834 0 33
303741 0 286
696501 0 6
323777 0 32
262493 0 4
677073 0 2
963796 0 84
983617 0 5
256597 0 25
134581 0 22
289289 0 119
225403 0 16
685021 0 17
988483 0 37
278511 0 41
154977 0 38
651441 0 62
453121 0 46
959295 0 1
512847 0 29
181356 0 33
902245 0 96
237139 0 29
384249 0 17
793751 0 16
173697 0 22
268411 0 1244
695369 0 45
205601 0 2
576809 0 74
948681 0 49
557651 0 27
249078 0 2
293729 0 14
372605 0 66
58121 0 34
339119 0 3
897035 0 307
818171 0 7
433450 0 49
255433 0 31
336368 0 61
629970 0 176
569105 0 30
904226 0 2
987127 0 33
640315 0 5
494331 0 29
752061 0 28
570491 0 21
505933 0 83
893957 0 30
690326 0 76
771871 0 16
252350 0 15
16125 0 67
410801 0 128
589857 0 213
695341 0 42
900500 0 64
461716 0 30
923621 0 34
482257 0 66
948889 0 2
537891 0 149
599104 0 39
194586 0 2406
266841 0 86
967325 0 22
765541 0 85
291106 0 13
472577 0 8
531441 0 30
130561 0 44
762607 0 10
772161 0 4
125111 0 1
194794 0 31
490689 0 93
26812 0 1
999827 0 4
525146 0 48
838931 0 50
107501 0 37
463665 0 51
828797 0 31
359446 0 11
806481 0 155
166782 0 254
125003 0 77
993213 0 23
166741 0 21
34381 0 4
227371 0 77
592065 0 39
819092 0 58
201801 0 8
837601 0 8
232705 0 42
699001 0 12
73587 0 13
619368 0 99
776531 0 37
365133 0 42
210552 0 111
710581 0 13
774368 0 1
95097 0 8
24625 0 47
400261 0 17
90801 0 21
713110 0 67
87405 0 70
836025 0 3
226109 0 19
457603 0 49
507678 0 4
321126 0 47
70495 0 29
613449 0 44
787042 0 5
685765 0 31
99914 0 34
470843 0 61
481641 0 19
410551 0 14
24543 0 24
259579 0 19
501793 0 2
400916 0 9
877906 0 39
672343 0 87
914706 0 1005
313385 0 7
734242 0 3
925617 0 19
849951 0 6
267921 0 23
131084 0 58
961129 0 10
566776 0 101
184176 0 127
584191 0 26
772577 0 35
402125 0 26
190494 0 45
199151 0 21
530741 0 201
419201 0 28
286001 0 12
778121 0 15
131019 0 13
606361 0 15
387172 0 21
920269 0 44
9142 0 21
532045 0 121
473445 0 137
121833 0 72
190162 0 27
3153 0 4
548613 0 43
629326 0 34
425877 0 40
501313 0 13
741646 0 1
491925 0 56
769576 0 273
349729 0 43
691242 0 11
363817 0 24
489529 0 42
950363 0 66
235402 0 63
99981 0 2
901413 0 35
96996 0 99
707601 0 68
194405 0 61
837976 0 30
524758 0 14
887534 0 14
338996 0 36
660131 0 19
165127 0 23
348741 0 26
89771 0 36
970596 0 13
844257 0 28
935047 0 28
577720 0 53
242923 0 26
474868 0 64
828871 0 41
553309 0 2
13412 0 6
255863 0 24
855401 0 18
738569 0 8
778147 0 2
402405 0 32
558915 0 533
832717 0 30
60940 0 12
589476 0 1
48117 0 274
817465 0 384
337001 0 229
887009 0 35
424701 0 19
225581 0 63
676494 0 14
201991 0 68
325065 0 12
21367 0 10
203013 0 9
559361 0 5
83792 0 17
984926 0 106
194311 0 30
357345 0 35
645425 0 17
529233 0 715
522187 0 1
755863 0 15
965376 0 10
298117 0 19
998276 0 2230
204165 0 31
997641 0 9
692842 0 155
224011 0 30
20460 0 22
362461 0 21
152760 0 40
538332 0 1533
237345 0 32
886421 0 9
354917 0 36
258975 0 4
174499 0 23
901634 0 760
714689 0 8
11121 0 14
632661 0 36
278905 0 101
308441 0 39
894665 0 39
928357 0 31
558122 0 33
60154 0 30
959373 0 56
954923 0 2
375457 0 531
544023 0 9
153741 0 26
974585 0 58
966705 0 23
197569 0 49
584961 0 55
971725 0 5
433581 0 85
518801 0 46
263486 0 171
191441 0 9
884176 0 13
69365 0 18
904261 0 380
752945 0 178
961591 0 49
27448 0 32
381239 0 7
305415 0 11
615177 0 3
927907 0 31
584011 0 7
805374 0 38
965901 0 29
190841 0 12
686961 0 137
998093 0 31
610685 0 14
478921 0 92
724996 0 57
632665 0 32
742701 0 18
707541 0 23
845209 0 192
599167 0 15
581401 0 38
176998 0 16
354697 0 7
889348 0 19
963650 0 54
263717 0 6
917767 0 34
484045 0 314
528333 0 38
750005 0 137
939344 0 1131
470557 0 61
663893 0 4
921452 0 1
158036 0 6
445653 0 15
215933 0 28
967618 0 27
82550 0 43
517999 0 12
913911 0 3
719745 0 7
188543 0 141
185205 0 153
545390 0 16
15976 0 14
737856 0 42
756460 0 33
391687 0 19
469942 0 1
219150 0 79
665217 0 19
412649 0 51
136356 0 188
3099 0 10
972449 0 172
1000 3000
642787 0 29
467851 0 9
344665 0 13
784491 0 11
655685 0 821
958737 0 3
558113 0 319
66301 0 12
25253 0 8
599726 0 7
838137 0 7
690629 0 15
672057 0 431
402401 0 14
255491 0 6
483561 0 62
735568 0 81
76958 0 27
661507 0 250
267954 0 11
904984 0 3
326881 0 29
804051 0 48
799284 0 18
820738 0 36
328595 0 32
105681 0 22
734519 0 32
328216 0 15
411652 0 29
272110 0 6
330657 0 23
8993 0 105
631489 0 21
218841 0 23
709220 0 14
666592 0 22
507631 0 26
524838 0 111
636148 0 11
875336 0 73
280449 0 34
46929 0 18
456719 0 3
659580 0 12
662722 0 47
386501 0 24
996889 0 40
58358 0 14
585807 0 2
497169 0 42
189041 0 125
508315 0 39
643991 0 13
477083 0 25
19211 0 19
233217 0 41
762683 0 158
722385 0 157
175481 0 24
680638 0 6
890001 0 132
775895 0 37
644989 0 1016
54081 0 84
986240 0 37
513291 0 17
574999 0 71
736360 0 20
6526 0 14
556816 0 36
562633 0 12
811311 0 11
224472 0 941
493401 0 35
4388 0 35
869343 0 3
85443 0 22
421678 0 20
873338 0 11
198435 0 2320
7797 0 3
382409 0 59
436734 0 22
613991 0 14
166045 0 14
121355 0 40
838297 0 11
718571 0 2
401017 0 40
489308 0 77
771193 0 70
668319 0 65
190319 0 28
699689 0 17
425861 0 366
644994 0 24
187857 0 4
510645 0 83
340665 0 46
48975 0 1
864139 0 2
900751 0 19
316593 0 24
247161 0 60
416221 0 4
438001 0 22
28531 0 9
198369 0 15
693146 0 1
385649 0 112
451701 0 32
409360 0 36
93163 0 45
109801 0 11
806428 0 32
670335 0 11
780381 0 49
863252 0 49
73761 0 44
171061 0 5
666953 0 44
424767 0 16
555045 0 233
938401 0 27
402246 0 15
710019 0 9
572412 0 5
970241 0 29
579442 0 40
973206 0 49
294806 0 166
145545 0 12
751239 0 90
129161 0 7
49877 0 51
928584 0 36
293836 0 56
420751 0 117
619670 0 25
992667 0 11
825398 0 29
803505 0 42
229759 0 25
785041 0 43
349015 0 33
653371 0 40
129941 0 217
117239 0 25
69362 0 16
837133 0 3
599218 0 5
866511 0 21
428161 0 38
128339 0 15
122505 0 124
288904 0 144
470946 0 9
325049 0 55
512561 0 53
882577 0 44
3035 0 44
731073 0 34
976581 0 36
165769 0 3
469713 0 20
668431 0 29
659565 0 10
924402 0 48
918425 0 37
800954 0 1
849176 0 10
190941 0 30
902601 0 57
867087 0 90
662737 0 145
706489 0 339
473581 0 5
37471 0 18
465495 0 67
379333 0 31
337667 0 184
130001 0 15
646939 0 14
866751 0 16
524522 0 26
337361 0 31
927309 0 71
610449 0 38
24257 0 31
790755 0 890
939545 0 35
108991 0 33
184217 0 11
794136 0 25
402693 0 6
783196 0 32
186480 0 33
437349 0 11
484409 0 68
773436 0 127
141732 0 45
907141 0 245
645401 0 36
89371 0 2
360097 0 4
652977 0 2
143496 0 43
819795 0 126
837020 0 29
648926 0 14
461665 0 121
327533 0 34
512888 0 20
150691 0 115
349171 0 64
573484 0 3
470129 0 22
484502 0 6
833779 0 48
343959 0 21
424881 0 295
459649 0 25
656641 0 17
391921 0 12
950127 0 28
178881 0 36
703150 0 217
821256 0 13
743857 0 19
415569 0 12
116091 0 2
820685 0 201
932081 0 22
543575 0 40
377961 0 5
581496 0 172
889395 0 10
311979 0 33
597871 0 1
437161 0 5
441575 0 70
615737 0 9
10121 0 25
573371 0 159
727309 0 2
111059 0 1
260440 0 24
649601 0 29
279209 0 74
463751 0 18
56673 0 36
606662 0 26
297766 0 2
134981 0 18
86921 0 24
754401 0 5
333621 0 16
326485 0 5
522657 0 107
969165 0 18
499861 0 93
499646 0 66
550281 0 37
984121 0 216
952621 0 85
302099 0 6
819809 0 37
876071 0 22
280912 0 313
72113 0 105
255209 0 1470
523972 0 8
768523 0 109
176257 0 24
920310 0 423
204353 0 36
641211 0 131
713233 0 31
340945 0 21
240241 0 106
785089 0 19
985409 0 42
61447 0 12
631161 0 63
639881 0 749
596481 0 57
10385 0 10
853307 0 12
939713 0 21
787041 0 77
260009 0 230
720801 0 1
939157 0 218
96361 0 4
243051 0 39
722785 0 35
221581 0 285
547525 0 26
189573 0 33
674693 0 9
498275 0 167
850621 0 22
172966 0 114
929115 0 26
617448 0 17
152361 0 39
763137 0 26
696439 0 9
437677 0 50
447902 0 29
749641 0 44
277980 0 290
509075 0 441
76097 0 34
134093 0 124
93081 0 2466
850771 0 50
756685 0 42
501594 0 52
310408 0 19
261963 0 28
650581 0 17
344125 0 44
702176 0 14
688189 0 44
870200 0 15
739891 0 17
132858 0 20
124416 0 38
173013 0 2
394891 0 534
111845 0 49
295711 0 20
672300 0 823
487107 0 69
683117 0 29
19338 0 8
666917 0 26
81601 0 86
965367 0 20
778217 0 69
731329 0 14
748145 0 25
263946 0 29
348393 0 15
767857 0 48
322511 0 89
620639 0 29
161837 0 23
16081 0 24
303901 0 5
92377 0 22
125441 0 22
977021 0 20
685620 0 87
226081 0 2
460036 0 27
364796 0 55
354776 0 6
729433 0 68
909326 0 13
874090 0 70
702666 0 267
219701 0 10
119421 0 22
151755 0 287
138017 0 98
269301 0 30
814609 0 52
990597 0 25
572226 0 65
92668 0 6
381754 0 13
184761 0 15
877953 0 49
169401 0 187
42606 0 32
414916 0 56
663017 0 347
208715 0 42
954228 0 45
430945 0 47
861509 0 91
578049 0 147
763238 0 4
409650 0 4
240538 0 30
121901 0 7
918617 0 11
856376 0 409
865761 0 32
293041 0 5
813103 0 13
957726 0 743
172361 0 99
689188 0 4
521761 0 17
750021 0 18
558657 0 51
609135 0 17
974291 0 29
148651 0 31
270081 0 6
107442 0 21
209357 0 46
467301 0 73
830765 0 1
94761 0 58
791746 0 37
202373 0 32
510816 0 20
348645 0 10
786317 0 49
621728 0 65
233273 0 40
261799 0 161
882121 0 6
170513 0 25
469889 0 32
833699 0 51
615979 0 2
652161 0 51
319545 0 6
429125 0 20
774977 0 21
597816 0 2
414957 0 8
886889 0 1
390241 0 171
947361 0 7
508617 0 62
289141 0 51
144888 0 147
891281 0 19
975257 0 17
576885 0 64
104589 0 12
687068 0 14
29809 0 13
835153 0 4
634493 0 18
730767 0 206
898151 0 29
98353 0 80
964645 0 61
36737 0 9
479976 0 786
406105 0 83
981411 0 32
917817 0 37
292306 0 119
474408 0 57
73897 0 43
138697 0 111
71005 0 65
65501 0 11
585584 0 20
983546 0 65
194009 0 38
303226 0 28
119619 0 15
801725 0 31
316261 0 93
496433 0 10
873987 0 28
705212 0 57
206052 0 15
317217 0 70
749201 0 91
704890 0 97
231456 0 17
29722 0 196
494019 0 18
280717 0 9
167389 0 50
956276 0 115
932985 0 28
357825 0 11
454041 0 77
460796 0 27
736521 0 9
982251 0 29
16589 0 26
689506 0 28
959586 0 30
314521 0 33
895641 0 89
583656 0 26
679089 0 487
710823 0 1
476581 0 30
60216 0 27
549709 0 7
512009 0 1122
810224 0 38
139096 0 3
216991 0 345
815969 0 66
515335 0 39
483156 0 154
845411 0 20
465542 0 6
533876 0 16
433865 0 7
661484 0 54
113995 0 36
841385 0 34
726064 0 128
320635 0 13
124240 0 26
120843 0 1
170783 0 23
949059 0 22
78645 0 101
862799 0 36
518563 0 54
760060 0 92
541869 0 37
594301 0 26
668522 0 102
828621 0 29
640208 0 40
503809 0 64
182821 0 27
268969 0 2
860006 0 3
733841 0 1
687416 0 50
511041 0 39
589429 0 59
904474 0 11
305313 0 24
831889 0 26
848791 0 36
3225 0 2
730023 0 8
772748 0 30
27607 0 4
363515 0 15
630601 0 35
621863 0 5
638638 0 9
437575 0 9
927681 0 38
784713 0 41
537361 0 11
979474 0 134
81033 0 51
809608 0 26
490499 0 39
572919 0 521
175307 0 8
754097 0 27
768353 0 29
419601 0 6
502941 0 16
776701 0 64
168306 0 109
630283 0 76
643429 0 17
664554 0 5
367931 0 5
416216 0 35
819869 0 25
899441 0 24
702201 0 49
998301 0 69
335152 0 32
244376 0 5
43128 0 48
176233 0 19
960425 0 69
454216 0 24
818481 0 58
17931 0 1
511831 0 539
732479 0 51
479203 0 30
746624 0 39
294992 0 32
817053 0 1
616216 0 29
610696 0 36
752277 0 286
805993 0 1027
938090 0 28
367425 0 1
282157 0 15
656991 0 16
213051 0 24
264628 0 20
758397 0 4
111693 0 11
552923 0 26
223919 0 34
215370 0 70
900061 0 28
592891 0 47
65689 0 28
920091 0 35
657969 0 7
922376 0 416
389915 0 647
360593 0 60
398836 0 23
32387 0 8
135059 0 99
967601 0 24
950086 0 62
161417 0 72
663326 0 18
668397 0 58
618921 0 12
730346 0 30
807008 0 33
24671 0 31
91401 0 2
74443 0 177
359552 0 28
208176 0 63
653601 0 34
813651 0 24
594803 0 4
706577 0 22
770419 0 1
464031 0 15
983977 0 2
121541 0 16
318579 0 48
530539 0 14
284129 0 17
64123 0 43
748496 0 311
77041 0 39
572118 0 36
321241 0 41
153875 0 17
141681 0 7
128335 0 14
284777 0 188
642097 0 9
50643 0 56
665641 0 7
790023 0 44
245865 0 51
48889 0 7
189099 0 188
660026 0 12
699625 0 58
842721 0 856
257639 0 48
19686 0 72
343222 0 22
485237 0 57
874571 0 25
769033 0 87
429115 0 19
236526 0 38
169665 0 7
898953 0 14
537009 0 41
810475 0 6
358177 0 17
816945 0 496
980725 0 37
829811 0 58
259136 0 11
40621 0 22
163740 0 18
436271 0 21
169590 0 25
190084 0 12
665885 0 11
885672 0 32
217281 0 32
46931 0 60
451657 0 9
551359 0 28
685161 0 17
111583 0 22
416616 0 16
13713 0 18
55191 0 37
913491 0 16
209084 0 5
50811 0 17
275055 0 296
65489 0 27
679751 0 48
320767 0 42
687283 0 7
161150 0 28
819953 0 59
251011 0 61
989061 0 35
114935 0 30
576373 0 30
754801 0 21
564921 0 11
885114 0 21
892451 0 18
783451 0 110
168691 0 2
791790 0 15
823260 0 88
953331 0 54
890279 0 99
731716 0 15
680419 0 4
329633 0 14
224329 0 22
458477 0 15
555515 0 5
597806 0 79
683881 0 27
589785 0 41
784860 0 48
991545 0 14
598505 0 13
774221 0 24
373211 0 43
146669 0 9
537737 0 51
187925 0 184
950923 0 10
493840 0 69
765429 0 116
364213 0 679
971673 0 15
369150 0 9
252085 0 132
867737 0 26
767235 0 25
685137 0 2
376614 0 30
594116 0 29
879499 0 178
104911 0 73
585001 0 70
907777 0 68
786321 0 53
220453 0 22
410281 0 22
850629 0 34
366497 0 21
363537 0 13
836027 0 37
275664 0 31
71669 0 50
669833 0 29
178740 0 237
978094 0 13
181695 0 27
746767 0 110
749270 0 3
660833 0 28
482661 0 9
361989 0 172
221456 0 48
161911 0 101
995746 0 79
995937 0 19
780577 0 32
683649 0 97
696989 0 19
602029 0 8
838331 0 35
793451 0 16
609413 0 53
970941 0 54
780295 0 7
223813 0 1356
117190 0 94
140352 0 31
419559 0 5
163551 0 42
652801 0 131
129721 0 27
348347 0 13
733133 0 15
798761 0 32
777466 0 371
510940 0 16
882167 0 5
223541 0 10
382422 0 151
332676 0 32
400143 0 75
216965 0 32
109501 0 61
381524 0 73
846623 0 697
911245 0 23
333269 0 48
568853 0 244
291951 0 44
540641 0 52
26519 0 21
909827 0 88
257041 0 213
275025 0 46
906301 0 9
452403 0 21
697933 0 17
723776 0 220
79057 0 8
943896 0 24
427033 0 167
190765 0 7
374041 0 723
766445 0 3
888893 0 168
752993 0 26
479831 0 60
717425 0 83
248753 0 20
281929 0 14
881937 0 3
9409 0 5
401149 0 16
115909 0 80
535579 0 21
711901 0 50
546651 0 3
436579 0 8
800576 0 11
838353 0 26
869599 0 11
437916 0 1
627417 0 101
471641 0 16
657915 0 67
557736 0 59
610481 0 14
500554 0 150
185271 0 5
725718 0 113
742956 0 2
917245 0 49
182151 0 64
53477 0 95
281651 0 27
233646 0 49
289703 0 32
338696 0 461
249296 0 68
419262 0 41
861721 0 7
772679 0 17
287746 0 3
438071 0 7
959504 0 3
628101 0 5
955048 0 2
799061 0 112
71861 0 45
266549 0 16
509311 0 75
915764 0 9
398361 0 66
654785 0 9
374871 0 25
533233 0 13
622961 0 68
242429 0 12
130537 0 68
802121 0 16
493611 0 38
941005 0 385
967361 0 33
564876 0 62
537529 0 5
581231 0 38
607271 0 10
476157 0 746
798641 0 45
316016 0 358
228113 0 25
787834 0 1
718748 0 25
514501 0 46
723393 0 305
828927 0 60
662367 0 36
336773 0 12
273143 0 47
630587 0 13
453257 0 12
552006 0 104
459485 0 27
30368 0 23
114451 0 391
545041 0 42
60288 0 77
788857 0 83
697593 0 28
339233 0 39
719030 0 19
543233 0 31
194129 0 10
521685 0 5
411250 0 164
649053 0 10
429799 0 22
708055 0 11
612411 0 126
900745 0 45
243615 0 18
304156 0 71
190016 0 27
236063 0 56
732973 0 219
766679 0 32
493385 0 2
315641 0 55
349705 0 64
327776 0 33
657743 0 13
211169 0 73
362948 0 279
572797 0 42
249750 0 15
314881 0 175
558011 0 32
137841 0 24
348561 0 33
117589 0 17
868099 0 49
165327 0 37
819489 0 26
215354 0 13
9937 0 44
67390 0 29
191376 0 25
677803 0 15
190641 0 26
48701 0 51
96437 0 37
868041 0 23
258755 0 39
265396 0 1
634575 0 59
415676 0 34
168085 0 83
823813 0 7
190963 0 16
337361 0 30
72621 0 12
163950 0 73
862235 0 4
903649 0 33
46705 0 16
224385 0 39
403442 0 50
489994 0 5
705737 0 40
465213 0 4
67156 0 18
646542 0 52
356817 0 28
223961 0 58
515677 0 15
325135 0 46
880151 0 33
102856 0 5
45626 0 342
107257 0 39
45923 0 80
378606 0 49
264955 0 4
733585 0 44
728834 0 37
974276 0 6
869739 0 3
618743 0 24
615967 0 93
334385 0 53
465529 0 316
378547 0 21
974341 0 423
764541 0 50
206081 0 6
904570 0 7
578291 0 25
465501 0 35
675805 0 20
711621 0 41
57585 0 7
321249 0 19
696056 0 27
951521 0 43
843969 0 73
690008 0 88
262420 0 8
643617 0 499
995487 0 38
553566 0 504
689803 0 21
664717 0 64
1000 3000
142406 0 6
912323 0 9
535051 0 1
538059 0 21
896490 0 13
569091 0 32
615032 0 30
334001 0 19
645417 0 1
609401 0 20
725077 0 41
15447 0 5
195361 0 39
687417 0 39
571716 0 33
203765 0 19
229741 0 54
498886 0 40
428351 0 10
891368 0 31
812821 0 23
745856 0 21
515759 0 19
919585 0 190
591345 0 13
479161 0 6
537169 0 15
846857 0 56
703309 0 30
959783 0 167
133775 0 14
274201 0 75
138849 0 18
18751 0 31
462404 0 21
787994 0 3
413027 0 31
256157 0 38
68479 0 5
623981 0 134
805770 0 26
253697 0 102
597440 0 58
19109 0 48
177151 0 27
540543 0 11
239815 0 427
655963 0 27
33009 0 36
294691 0 28
159048 0 83
347024 0 64
400569 0 5
219777 0 5
53159 0 93
189291 0 31
916857 0 16
795995 0 28
129805 0 12
413150 0 27
139936 0 18
253251 0 45
762849 0 36
246101 0 12
987143 0 11
92553 0 97
240273 0 8
57401 0 265
551801 0 59
133009 0 90
68550 0 120
368826 0 613
185397 0 316
454443 0 10
378985 0 82
174419 0 23
11385 0 18
324149 0 29
784221 0 64
403922 0 204
572273 0 17
146097 0 39
804961 0 22
287646 0 57
386501 0 53
572365 0 964
412801 0 1
557933 0 21
34769 0 6
59115 0 36
597249 0 38
781973 0 25
894621 0 13
323288 0 9
30203 0 11
355050 0 9
764785 0 14
245872 0 42
697513 0 17
324056 0 63
946387 0 32
921101 0 63
785831 0 3
310019 0 8
346341 0 2
614551 0 81
987457 0 4
888811 0 281
548501 0 422
927457 0 24
120214 0 122
459361 0 28
953148 0 2
436617 0 29
324881 0 48
143663 0 15
33221 0 19
36963 0 1
671561 0 50
798465 0 18
229121 0 46
825731 0 18
333649 0 19
792785 0 91
78310 0 20
866005 0 36
71902 0 14
649071 0 28
27341 0 4
16253 0 23
54507 0 4
193049 0 23
291201 0 35
709505 0 16
962901 0 558
981173 0 32
634406 0 126
235361 0 87
580524 0 2
897761 0 39
131713 0 13
181323 0 15
244441 0 25
120313 0 95
198769 0 21
540849 0 36
165221 0 77
216398 0 33
55611 0 57
636528 0 174
157957 0 81
539361 0 4
544987 0 53
27401 0 260
779553 0 12
612293 0 270
280501 0 7
404542 0 17
995056 0 73
209553 0 979
14751 0 39
885853 0 6
396694 0 76
318352 0 141
704146 0 295
573158 0 67
579391 0 25
382425 0 30
819189 0 1
665901 0 11
927765 0 50
866635 0 26
310261 0 110
490548 0 7
836610 0 52
245275 0 50
308837 0 26
705651 0 68
100925 0 112
782417 0 25
413563 0 25
573632 0 71
700259 0 5
951187 0 61
759003 0 2
919221 0 105
824773 0 22
488007 0 27
512169 0 93
696361 0 2
679401 0 82
28719 0 32
642751 0 2
768288 0 30
882535 0 32
333496 0 5
150913 0 17
428523 0 17
985978 0 19
873869 0 20
492596 0 20
292466 0 22
857936 0 10
695121 0 29
111001 0 181
491520 0 32
123619 0 48
117829 0 18
122345 0 39
273899 0 277
471075 0 6
402814 0 19
778736 0 7
983346 0 22
585489 0 350
604672 0 10
11231 0 71
394373 0 45
235411 0 12
43179 0 32
326999 0 57
243126 0 63
932105 0 20
926401 0 23
118082 0 19
803773 0 17
116101 0 29
455301 0 22
851911 0 41
665753 0 59
652625 0 66
62433 0 20
432501 0 30
813225 0 28
967100 0 95
615231 0 48
399325 0 9
832206 0 4
276968 0 34
209886 0 6
864065 0 56
970833 0 17
58399 0 138
904793 0 43
894385 0 30
77893 0 29
76214 0 338
573855 0 8
565249 0 9
967432 0 19
773217 0 35
244771 0 19
410861 0 77
862751 0 64
998787 0 28
864869 0 51
637986 0 152
632159 0 22
58875 0 11
823907 0 45
77151 0 10
956830 0 14
752997 0 40
121192 0 21
221569 0 11
568961 0 38
796179 0 57
728145 0 38
189896 0 7
669421 0 27
49722 0 20
499121 0 67
726083 0 28
590193 0 36
209799 0 41
299109 0 20
20369 0 299
542269 0 20
48501 0 568
609911 0 76
708176 0 5
195729 0 30
719620 0 22
435979 0 189
728069 0 10
44765 0 19
701386 0 2
448001 0 89
690876 0 63
461136 0 32
800803 0 30
242495 0 2
122341 0 16
174681 0 16
479751 0 28
297105 0 10
65481 0 7
315241 0 28
795568 0 67
547007 0 15
718191 0 49
567076 0 30
676667 0 124
514515 0 29
116621 0 37
308751 0 30
330773 0 37
768442 0 13
896455 0 10
15566 0 1
814001 0 29
52713 0 1220
503234 0 7
133657 0 25
688109 0 10
420681 0 36
598721 0 62
405411 0 3
648686 0 45
800543 0 45
196851 0 1
142505 0 34
691945 0 8
882427 0 22
587169 0 12
683292 0 111
406809 0 43
53763 0 33
197351 0 194
759201 0 20
129981 0 155
755021 0 18
521825 0 19
59159 0 4
969781 0 4
42772 0 15
871281 0 588
734931 0 48
871101 0 63
901346 0 2
518973 0 19
825777 0 46
674494 0 24
757793 0 156
758059 0 30
160051 0 6
292072 0 323
992791 0 7
917495 0 28
276777 0 48
597088 0 45
817039 0 1
933151 0 13
440933 0 31
799470 0 28
475853 0 30
475277 0 15
551933 0 64
409259 0 44
958798 0 3
593423 0 2
199613 0 42
936390 0 29
135286 0 77
603784 0 23
84464 0 78
406737 0 28
692551 0 2
733617 0 6
27136 0 123
308572 0 26
196743 0 31
542751 0 27
601767 0 42
242861 0 110
167313 0 35
801830 0 15
942203 0 361
849985 0 48
821021 0 66
993029 0 66
29269 0 23
153218 0 25
788854 0 31
687511 0 62
147481 0 56
384996 0 180
409317 0 10
675367 0 9
678885 0 47
816801 0 5
168549 0 228
39677 0 22
145779 0 3
30421 0 30
859377 0 112
984106 0 38
629641 0 78
999697 0 29
81859 0 32
399439 0 37
822629 0 103
701251 0 30
687571 0 14
311365 0 38
443539 0 24
621857 0 2
587325 0 270
457649 0 28
320821 0 7
295407 0 52
935611 0 33
680161 0 15
899671 0 51
21915 0 33
128761 0 28
750788 0 10
203323 0 19
657785 0 11
788875 0 24
964845 0 2
459891 0 24
77570 0 11
392101 0 25
349805 0 24
176961 0 47
48021 0 15
799121 0 34
659039 0 13
300616 0 19
372310 0 6
223656 0 107
428921 0 2
292101 0 2
835336 0 566
597333 0 16
537793 0 420
254937 0 2
367712 0 19
533879 0 35
493948 0 12
449186 0 36
370853 0 1
228545 0 18
75696 0 104
174505 0 1
586164 0 17
15626 0 29
286595 0 111
738811 0 15
617661 0 9
355429 0 46
224191 0 58
608151 0 211
872837 0 4
904959 0 2555
532261 0 26
100655 0 13
513701 0 33
920126 0 8
178444 0 49
164677 0 1248
986116 0 80
827201 0 7
75457 0 16
192926 0 44
799985 0 7
910723 0 20
638806 0 123
362201 0 261
619008 0 48
83601 0 10
74482 0 136
298392 0 62
372409 0 33
857595 0 16
994701 0 45
372921 0 20
809301 0 27
826692 0 1148
913336 0 28
115331 0 68
920134 0 29
955029 0 7
359536 0 385
557606 0 21
787185 0 20
764727 0 772
939985 0 80
821394 0 36
594809 0 17
793123 0 151
109641 0 30
406209 0 46
577050 0 95
870939 0 45
845513 0 61
416282 0 315
384608 0 48
58561 0 23
795522 0 103
20109 0 3
181601 0 108
316033 0 23
131737 0 38
187045 0 4
449931 0 15
241168 0 64
404585 0 21
367257 0 1141
648903 0 12
780141 0 52
959929 0 8
247785 0 30
285874 0 29
193508 0 34
364151 0 19
620383 0 174
672065 0 15
515864 0 23
822696 0 36
153296 0 25
702217 0 5
327043 0 1003
845671 0 18
749403 0 50
472081 0 76
332121 0 169
904451 0 29
718529 0 158
419461 0 51
619965 0 17
560255 0 59
751689 0 352
995543 0 6
820893 0 24
266441 0 7
191169 0 127
901675 0 4
788778 0 32
409491 0 60
128126 0 362
659205 0 8
903018 0 6
906096 0 15
876011 0 24
840071 0 31
557790 0 17
775221 0 7
251831 0 81
622686 0 36
7937 0 5
99361 0 21
811701 0 27
273831 0 37
469041 0 24
851289 0 1
418009 0 17
694014 0 17
545381 0 14
161741 0 69
832181 0 23
779587 0 20
591637 0 31
40236 0 15
95162 0 43
229533 0 40
756209 0 215
38897 0 19
988989 0 398
593872 0 44
197809 0 45
68731 0 29
190758 0 17
416347 0 76
468601 0 31
418962 0 11
385321 0 109
903001 0 7
819960 0 19
521506 0 46
188656 0 3
385825 0 8
231470 0 23
365926 0 41
591080 0 19
482769 0 33
673561 0 10
870188 0 8
667142 0 27
921718 0 4
220773 0 160
612017 0 74
315151 0 6
543791 0 119
518946 0 93
777572 0 61
798352 0 22
533601 0 21
925629 0 11
116315 0 5
183601 0 939
556739 0 59
693661 0 33
111053 0 443
314609 0 151
777005 0 48
920237 0 530
477393 0 28
379107 0 26
712271 0 9
679110 0 24
359613 0 20
701697 0 6
351985 0 21
13748 0 104
638213 0 18
919941 0 17
997669 0 6
208749 0 52
171087 0 2
303182 0 75
100988 0 53
180054 0 17
452091 0 1
120001 0 13
268081 0 22
649621 0 60
228137 0 5
65901 0 34
606969 0 8
936925 0 26
52790 0 22
766772 0 20
674002 0 53
923971 0 68
592028 0 5
150311 0 23
861633 0 173
134452 0 13
139667 0 31
663329 0 30
465266 0 13
908739 0 26
374341 0 18
48466 0 27
196499 0 9
974692 0 163
93449 0 203
686061 0 16
868752 0 48
27615 0 40
990856 0 114
291663 0 4
597249 0 70
852577 0 19
925904 0 62
120664 0 40
65263 0 12
995097 0 4
961985 0 13
40757 0 36
137918 0 179
323201 0 24
104826 0 32
311825 0 30
588851 0 20
146880 0 12
114421 0 38
503240 0 50
913397 0 4
975737 0 5
76626 0 317
874841 0 2417
694449 0 12
664053 0 2
251336 0 15
63831 0 14
538433 0 243
715973 0 47
604045 0 15
806241 0 38
582657 0 14
154591 0 99
530468 0 30
397309 0 33
346311 0 238
795241 0 5
354417 0 31
403197 0 4
849457 0 38
570286 0 138
388785 0 44
286433 0 237
65741 0 101
185341 0 125
987650 0 24
794019 0 47
717233 0 39
239989 0 25
12135 0 29
463716 0 94
948425 0 9
951429 0 413
12609 0 26
197961 0 18
920323 0 41
264040 0 33
615527 0 3
972228 0 7
722289 0 2
42179 0 63
118891 0 7
629781 0 130
875797 0 51
818229 0 42
282699 0 62
819041 0 90
315708 0 22
478577 0 1
758721 0 52
262201 0 5
302231 0 900
386972 0 253
576940 0 59
602084 0 36
985987 0 37
553116 0 47
725164 0 57
528976 0 212
20039 0 81
27828 0 5
609001 0 7
42505 0 46
490101 0 212
355827 0 21
542951 0 13
321857 0 23
235449 0 404
804347 0 35
975301 0 29
596121 0 39
505201 0 30
33115 0 43
404413 0 6
526126 0 1
246019 0 50
786882 0 134
315304 0 107
90299 0 30
125969 0 109
905818 0 26
50761 0 1
757201 0 28
457693 0 60
29377 0 42
572603 0 25
705367 0 182
403911 0 15
552391 0 85
751751 0 14
583375 0 68
214161 0 11
775361 0 154
552251 0 15
882288 0 295
560025 0 48
918299 0 2
332725 0 1
668045 0 27
408266 0 133
941447 0 29
424442 0 19
621401 0 14
729661 0 20
237958 0 11
323777 0 18
125531 0 35
634146 0 69
112975 0 28
30733 0 3
827616 0 36
566885 0 30
863621 0 48
343291 0 27
810755 0 32
358689 0 29
747465 0 24
57776 0 46
681796 0 2
960401 0 40
554673 0 563
429273 0 94
564917 0 87
953115 0 4
128699 0 110
177561 0 3
526961 0 29
652353 0 143
973235 0 8
275757 0 55
666578 0 63
955010 0 14
925551 0 10
140063 0 29
822717 0 33
498241 0 24
165649 0 9
451353 0 21
60257 0 11
719593 0 23
80141 0 32
16932 0 48
191519 0 52
787791 0 14
539024 0 52
99951 0 41
408289 0 95
667233 0 44
181698 0 21
991957 0 2
587666 0 33
461257 0 31
896023 0 38
629619 0 43
196037 0 469
69109 0 19
941233 0 62
958061 0 7
596953 0 97
968875 0 18
526099 0 33
321385 0 76
829904 0 1297
888164 0 9
51555 0 43
309717 0 33
997351 0 28
640429 0 22
286853 0 98
786355 0 229
674900 0 34
432561 0 79
980792 0 78
917853 0 115
156341 0 62
497444 0 28
109872 0 110
817609 0 60
377561 0 1
529441 0 3
959589 0 46
121976 0 20
667221 0 30
622524 0 7
989526 0 13
446481 0 33
450009 0 28
928296 0 34
554090 0 30
632576 0 89
111453 0 459
905010 0 29
844109 0 81
773907 0 8
108137 0 8
651501 0 20
478827 0 24
605956 0 12
646569 0 54
391483 0 18
493673 0 151
970982 0 67
707512 0 365
75041 0 20
280493 0 25
735581 0 85
891272 0 12
915201 0 212
32948 0 79
56394 0 18
751530 0 14
964597 0 31
924529 0 52
315221 0 109
503724 0 30
326176 0 28
315316 0 646
852443 0 10
696306 0 18
974753 0 82
150364 0 95
292185 0 4
212801 0 95
102695 0 10
946769 0 195
480338 0 33
328746 0 33
833349 0 211
734740 0 50
565661 0 26
46209 0 48
320292 0 5
335748 0 18
219194 0 9
563960 0 58
936961 0 91
678861 0 42
973205 0 1
646945 0 23
140220 0 13
143126 0 67
735827 0 427
894235 0 5
216925 0 7
625441 0 3
433241 0 100
465661 0 4
175121 0 1105
979541 0 86
54499 0 24
621346 0 40
266747 0 29
532504 0 119
56449 0 9
848063 0 16
720000 0 36
3965 0 8
422865 0 78
304699 0 48
371365 0 155
271367 0 53
336341 0 126
153387 0 5
212741 0 21
176361 0 38
572056 0 21
616977 0 34
123836 0 23
167749 0 1
368885 0 38
867501 0 29
763751 0 37
182273 0 66
587409 0 257
369881 0 393
499977 0 6
746501 0 34
152661 0 20
508803 0 229
112109 0 30
221107 0 46
225102 0 16
584130 0 48
418513 0 393
62885 0 23
9516 0 5
994173 0 26
818105 0 477
715473 0 42
177936 0 14
481895 0 164
586145 0 50
186893 0 1401
76831 0 5
181851 0 72
815851 0 12
419234 0 65
171774 0 25
912961 0 8
770655 0 1
159867 0 50
754649 0 45
232281 0 13
623553 0 60
248736 0 79
993177 0 60
558692 0 9
790917 0 20
565053 0 54
192331 0 833
250853 0 5
118081 0 58
216220 0 145
899887 0 41
296565 0 35
314480 0 27
891356 0 45
148661 0 86
833393 0 154
435921 0 21
40731 0 70
260093 0 18
517481 0 62
510001 0 30
978692 0 6
177963 0 11
122901 0 79
542533 0 27
518446 0 19
1000 3000
619203 0 30
313453 0 7
734133 0 67
121791 0 45
120833 0 18
418641 0 14
363616 0 95
643777 0 36
933188 0 109
526984 0 48
790683 0 11
420237 0 21
196461 0 5
726425 0 251
694753 0 22
712751 0 55
401313 0 41
325281 0 1
169309 0 38
243379 0 124
37827 0 147
894209 0 39
259226 0 49
173841 0 4
876821 0 20
316264 0 58
144182 0 2
342241 0 6
318645 0 68
543401 0 9
507471 0 555
55905 0 2
638396 0 123
173216 0 90
390075 0 32
721069 0 3
450527 0 19
409036 0 140
85026 0 25
691876 0 42
508401 0 42
372356 0 7
79989 0 230
723543 0 115
160419 0 4
145216 0 23
843135 0 1
801121 0 16
578868 0 29
616321 0 22
895693 0 10
718743 0 16
653948 0 17
162027 0 12
150273 0 823
394865 0 23
74345 0 6
285929 0 26
153747 0 154
890627 0 4
678025 0 39
637372 0 19
497781 0 124
924801 0 170
212245 0 19
800479 0 802
824244 0 9
362381 0 22
371805 0 3
40657 0 18
195316 0 37
425289 0 161
526795 0 106
432321 0 16
935789 0 319
902413 0 114
396593 0 25
14116 0 19
539926 0 14
616947 0 41
599873 0 46
66151 0 146
468576 0 34
928124 0 30
194219 0 463
751224 0 34
451446 0 194
908751 0 34
14017 0 53
455301 0 7
635585 0 51
288185 0 11
618213 0 23
893667 0 13
446673 0 7
771053 0 5
951231 0 9
990319 0 31
958141 0 2
391701 0 101
30196 0 125
404714 0 138
331791 0 112
463611 0 116
275901 0 179
91301 0 128
957007 0 41
703491 0 139
660621 0 32
662454 0 49
538401 0 60
756769 0 7
789539 0 12
332008 0 24
571848 0 46
954985 0 35
6832 0 6
941207 0 11
563249 0 39
136921 0 8
763213 0 20
746534 0 39
616033 0 17
147105 0 56
854135 0 11
321601 0 39
797079 0 34
455196 0 8
492775 0 35
821841 0 31
544296 0 4
592386 0 31
209185 0 1
971061 0 91
222341 0 14
208464 0 18
81365 0 8
470337 0 51
824081 0 11
768090 0 40
797019 0 177
830701 0 48
278916 0 2300
759766 0 8
751651 0 37
415781 0 26
99843 0 83
722101 0 66
785661 0 12
792101 0 27
605081 0 53
427853 0 13
998793 0 228
662329 0 21
779075 0 8
956306 0 10
393191 0 47
168615 0 117
418445 0 33
340667 0 26
791041 0 4
328006 0 25
159876 0 10
505605 0 39
341928 0 13
604321 0 30
971337 0 26
348360 0 35
72465 0 15
166020 0 8
554636 0 24
329129 0 22
999241 0 593
730161 0 22
671953 0 8
806381 0 9
485283 0 31
670089 0 17
852561 0 119
985384 0 62
73190 0 16
638097 0 174
4507 0 88
677371 0 31
344314 0 280
860201 0 14
724481 0 190
467993 0 161
572435 0 44
12495 0 48
503201 0 22
107569 0 20
760487 0 22
385408 0 107
676577 0 26
870909 0 57
116481 0 27
958826 0 33
47634 0 57
27110 0 32
109031 0 1
753191 0 21
727057 0 128
773826 0 31
869735 0 33
568950 0 177
938217 0 1
30737 0 14
518016 0 107
578121 0 11
363853 0 7
545769 0 53
161077 0 81
850491 0 40
402233 0 16
930057 0 84
720025 0 12
779702 0 17
996510 0 62
823697 0 199
803437 0 30
806851 0 28
966276 0 44
764561 0 1
223818 0 16
90741 0 34
424388 0 28
599580 0 127
887134 0 16
326280 0 47
650001 0 23
133757 0 14
995511 0 6
396821 0 87
719498 0 6
19747 0 19
642521 0 103
765936 0 1
644894 0 10
98351 0 29
883681 0 11
817701 0 49
664764 0 38
186373 0 76
960248 0 15
210563 0 13
222115 0 30
505663 0 32
320833 0 29
473844 0 19
388105 0 11
77476 0 19
841348 0 41
238411 0 35
658901 0 82
35169 0 49
424017 0 76
182574 0 10
989083 0 6
197881 0 149
593153 0 28
550626 0 37
421625 0 61
228071 0 19
12161 0 27
544233 0 31
258039 0 22
189682 0 1
450291 0 163
527950 0 15
509257 0 10
86976 0 1
443987 0 17
316667 0 30
386536 0 30
372201 0 43
479677 0 36
366005 0 25
10310 0 32
636063 0 19
17721 0 7
546386 0 23
192521 0 47
819671 0 192
476231 0 65
49277 0 108
157368 0 13
736405 0 126
160769 0 34
97093 0 51
923825 0 20
959015 0 12
61125 0 1
32376 0 26
990081 0 17
679250 0 7
99449 0 57
653125 0 32
167409 0 12
988998 0 41
377329 0 20
7660 0 17
871153 0 371
624253 0 56
172491 0 72
843265 0 169
260645 0 41
265905 0 33
353625 0 1
871951 0 30
751566 0 23
943146 0 25
360101 0 20
683249 0 156
216737 0 24
507341 0 43
217708 0 5
56733 0 10
934569 0 3
892721 0 2
106156 0 161
183681 0 67
3773 0 25
315601 0 224
872311 0 52
975245 0 6
968262 0 3
640861 0 75
776731 0 17
304641 0 47
571941 0 673
87121 0 39
947130 0 23
736751 0 81
728845 0 26
997641 0 5
431250 0 21
25656 0 347
84870 0 41
446511 0 91
743714 0 11
608073 0 1
366833 0 34
570131 0 2
613261 0 39
699335 0 62
270960 0 30
629303 0 56
103041 0 40
972305 0 11
36466 0 23
569035 0 18
504026 0 21
3513 0 15
542509 0 53
719001 0 23
636541 0 30
793217 0 32
160571 0 38
582683 0 9
579723 0 3
353905 0 5
6557 0 3
662332 0 35
866167 0 82
143117 0 11
231346 0 36
559201 0 22
852720 0 121
124123 0 24
197376 0 26
44299 0 41
511128 0 360
70041 0 24
914825 0 280
784755 0 17
154191 0 320
123869 0 15
206990 0 31
186161 0 6
671245 0 69
892193 0 30
339468 0 30
764281 0 30
90371 0 163
375292 0 6
655837 0 5
593093 0 58
912481 0 27
450041 0 30
220813 0 42
953009 0 66
277651 0 36
539981 0 5
500141 0 84
949251 0 52
408127 0 61
683338 0 18
748579 0 13
985677 0 133
262825 0 82
275853 0 11
364061 0 488
493251 0 47
948901 0 39
754057 0 97
488538 0 1397
127576 0 26
988273 0 21
704835 0 106
326187 0 7
779137 0 44
818151 0 74
348752 0 77
674661 0 42
158991 0 9
730226 0 189
585481 0 51
695856 0 23
787779 0 149
343979 0 6
517057 0 2
981624 0 15
792719 0 5
543650 0 18
716801 0 46
744081 0 22
640641 0 29
971852 0 6
273327 0 12
204729 0 200
202326 0 35
305861 0 9
135359 0 41
477701 0 70
873451 0 25
503853 0 15
980157 0 1306
106046 0 60
399172 0 18
189476 0 28
524201 0 17
612801 0 26
770737 0 1
831165 0 30
128670 0 22
89831 0 92
358001 0 23
471041 0 2
461356 0 25
889002 0 26
518133 0 109
216785 0 25
838241 0 19
569955 0 42
192791 0 28
660253 0 35
344041 0 49
832014 0 143
960501 0 174
747889 0 22
263117 0 10
489208 0 2
728697 0 531
452471 0 27
209101 0 2
94015 0 4
482346 0 48
131513 0 13
282421 0 15
397101 0 204
107196 0 10
652134 0 26
5801 0 42
327731 0 25
616969 0 234
553179 0 38
430465 0 51
830930 0 23
176701 0 31
422982 0 92
686887 0 6
525099 0 24
647826 0 33
667280 0 55
423441 0 43
27489 0 384
318021 0 45
305877 0 11
641087 0 58
344896 0 47
260529 0 39
81669 0 29
426689 0 124
191733 0 114
629105 0 33
193021 0 37
655197 0 28
115976 0 68
444231 0 284
374995 0 2
142721 0 9
520271 0 153
847585 0 20
89623 0 25
606199 0 27
320705 0 4
605836 0 80
660586 0 356
326014 0 72
846226 0 45
181934 0 43
349130 0 7
504801 0 46
324041 0 12
920424 0 21
4343 0 19
478976 0 6
599337 0 6
683562 0 20
69501 0 12
653555 0 35
236849 0 14
311763 0 9
929548 0 67
675235 0 33
771842 0 180
289401 0 32
683743 0 27
325771 0 158
348826 0 43
210381 0 366
304211 0 77
723801 0 742
379423 0 16
345316 0 12
562881 0 2021
395279 0 23
540897 0 29
358608 0 24
704361 0 46
537977 0 37
525810 0 30
881771 0 44
480200 0 13
856266 0 129
697461 0 847
449216 0 44
472841 0 19
594196 0 1
502714 0 42
446129 0 87
670542 0 27
688326 0 42
863457 0 70
713813 0 116
781067 0 182
224041 0 21
756169 0 29
629061 0 111
307295 0 31
677602 0 20
739531 0 32
808561 0 507
42040 0 28
297539 0 147
860275 0 8
122021 0 65
115526 0 34
394495 0 207
682567 0 1117
314725 0 23
461983 0 1498
962053 0 26
188001 0 81
458251 0 50
115806 0 111
972820 0 45
534101 0 31
423643 0 46
78065 0 103
492921 0 12
936185 0 933
322395 0 88
544540 0 48
875409 0 329
861801 0 11
277849 0 10
7237 0 148
388615 0 137
271981 0 199
176686 0 15
858791 0 25
898944 0 4
175537 0 8
4786 0 7
624951 0 77
501377 0 3
855152 0 159
218493 0 16
672501 0 385
419561 0 64
273989 0 46
687615 0 89
201025 0 16
535869 0 23
710909 0 26
549890 0 3
407895 0 5
480947 0 39
437857 0 18
29665 0 5
260861 0 32
705378 0 17
417395 0 123
746185 0 55
72762 0 35
593406 0 38
887337 0 28
228261 0 29
608748 0 39
128059 0 11
718889 0 204
42873 0 39
481634 0 32
344981 0 24
694768 0 19
925633 0 8
864376 0 19
335172 0 103
576021 0 15
375929 0 9
152683 0 41
107549 0 23
249203 0 573
424009 0 21
585848 0 12
287521 0 1131
901889 0 10
471064 0 76
510941 0 23
734193 0 23
855586 0 60
869106 0 10
941313 0 44
531741 0 39
807745 0 34
167857 0 12
309373 0 58
885527 0 14
130630 0 66
808189 0 46
277031 0 35
464097 0 63
864067 0 57
578651 0 16
346147 0 2
740081 0 1
933833 0 22
14432 0 832
86946 0 9
677084 0 13
987433 0 1
894329 0 32
79941 0 33
362606 0 8
172497 0 159
788205 0 36
885902 0 31
70480 0 3
545815 0 30
969767 0 30
818421 0 195
11841 0 6
940767 0 27
526869 0 32
203141 0 2
976417 0 419
868529 0 44
418530 0 40
342639 0 48
488591 0 37
667089 0 151
675649 0 14
999991 0 50
127545 0 94
157089 0 11
940970 0 37
759726 0 14
756661 0 162
402991 0 38
273001 0 59
733326 0 30
250581 0 23
381321 0 45
571505 0 25
344905 0 639
761721 0 12
625201 0 14
708311 0 6
50874 0 23
397421 0 444
765676 0 78
626041 0 199
83803 0 3
845112 0 5
15710 0 61
676797 0 49
345079 0 14
711809 0 31
256741 0 161
283871 0 1
232359 0 20
846943 0 63
389114 0 15
842785 0 1
515372 0 43
85627 0 26
496201 0 37
987925 0 100
50527 0 64
898495 0 61
282751 0 14
684303 0 46
332846 0 2
119831 0 31
290666 0 62
420239 0 787
13872 0 46
98417 0 40
420059 0 94
205996 0 295
302525 0 4
810387 0 28
66897 0 97
409713 0 20
174290 0 19
709317 0 20
941806 0 142
637209 0 49
761913 0 10
473996 0 46
737361 0 14
279313 0 46
609129 0 21
923088 0 2
575265 0 49
422998 0 24
540325 0 5
539117 0 97
586996 0 54
600169 0 75
784368 0 454
689063 0 22
792676 0 34
326717 0 30
150991 0 133
708887 0 16
270937 0 61
114321 0 76
259001 0 7
644881 0 28
301416 0 44
335036 0 9
586585 0 24
253596 0 648
255733 0 18
309341 0 56
739864 0 50
728878 0 8
741892 0 64
390145 0 78
876972 0 17
156801 0 26
925121 0 18
216406 0 388
875023 0 9
256581 0 108
295620 0 4
319057 0 9
679172 0 25
367001 0 165
462822 0 21
66182 0 24
605782 0 118
434726 0 16
955081 0 169
810441 0 115
426297 0 24
187889 0 186
479911 0 26
297553 0 104
644321 0 28
122528 0 74
563161 0 37
200577 0 13
155784 0 1
827745 0 16
471361 0 39
962190 0 22
466601 0 23
171305 0 26
232701 0 17
623801 0 1
671434 0 45
437616 0 28
351525 0 15
704671 0 97
187921 0 24
653041 0 38
731961 0 32
438384 0 31
330549 0 29
36893 0 37
713316 0 45
855041 0 3
944683 0 19
817019 0 20
523975 0 79
307626 0 21
260481 0 4
256916 0 81
336276 0 11
475162 0 1399
14893 0 6
70659 0 17
578013 0 11
625347 0 25
910453 0 26
670721 0 70
410573 0 273
657801 0 29
908201 0 137
113220 0 28
497051 0 27
356757 0 152
908723 0 81
749669 0 167
143101 0 72
392590 0 607
402712 0 24
146721 0 38
481921 0 39
378217 0 7
800666 0 66
226956 0 6
235941 0 46
871355 0 36
349236 0 25
246411 0 86
367633 0 14
899569 0 8
711613 0 22
961456 0 105
693129 0 26
782835 0 56
402753 0 4
970109 0 8
859813 0 192
350958 0 69
566101 0 289
861131 0 9
371749 0 24
766539 0 9
995939 0 106
626056 0 24
24616 0 22
655265 0 42
663061 0 7
44501 0 17
182663 0 43
449115 0 29
224307 0 92
622037 0 9
328746 0 275
335503 0 1462
627521 0 17
576213 0 1
104607 0 49
14155 0 133
310224 0 61
425161 0 354
659791 0 45
324785 0 2
254894 0 79
670699 0 56
628350 0 14
814417 0 309
656599 0 17
564851 0 334
256451 0 71
815124 0 82
981126 0 64
52097 0 25
779829 0 18
755477 0 28
195485 0 92
489461 0 28
381266 0 31
858551 0 4
509894 0 24
953231 0 71
301639 0 28
376443 0 21
241253 0 51
520221 0 1
868023 0 49
424641 0 199
886478 0 17
365031 0 24
98706 0 11
957721 0 37
268347 0 18
373367 0 90
139153 0 27
19121 0 60
46761 0 58
705573 0 87
141626 0 118
155956 0 22
275937 0 670
813029 0 42
401601 0 17
944668 0 63
290038 0 46
303873 0 38
313210 0 35
133386 0 9
122039 0 12
876247 0 23
853197 0 33
230161 0 53
722946 0 3
969629 0 23
647841 0 11
438844 0 30
638561 0 230
112309 0 33
93793 0 10
932221 0 39
706957 0 46
95035 0 55
267577 0 112
388115 0 32
855825 0 12
158075 0 116
413756 0 139
698696 0 14
514432 0 8
129705 0 21
3651 0 34
59053 0 150
952303 0 158
589569 0 22
653658 0 12
710195 0 45
295991 0 5
865751 0 20
696847 0 19
119601 0 22
258801 0 35
829118 0 95
482789 0 11
808551 0 52
463971 0 29
495350 0 153
181541 0 789
595033 0 41
772606 0 21
225426 0 16
408063 0 18
257012 0 249
415747 0 22
667311 0 35
243173 0 42
875041 0 24
811283 0 81
916369 0 40
576621 0 4
192571 0 18
728472 0 4
227761 0 9
861126 0 199
260635 0 234
398199 0 25
436557 0 3
793448 0 39
698386 0 10
541223 0 42
386467 0 54
23728 0 193
338495 0 43
826741 0 66
81511 0 22
204591 0 24
700233 0 54
86953 0 24
733801 0 173
617637 0 19
302031 0 12
