5
1000 3000
63601 21 63
195151 21 35
968421 45 7
731185 101 55
808281 219 144
696655 120 23
112263 26 23
47681 9 41
660151 123 65
410777 64 58
296505 64 77
911825 243 15
269353 81 33
795521 142 39
820549 117 16
764376 58 34
849685 3 9
967037 287 33
193131 61 8
674991 74 18
723421 192 30
785269 130 118
736077 91 11
311031 54 17
598032 4 6
776087 229 36
489562 5 12
46228 2 42
641583 63 30
927841 219 107
631201 126 65
316561 76 356
741505 212 306
959655 290 53
174969 37 29
964426 198 26
674761 172 29
797456 174 194
500676 32 20
739889 216 121
910755 69 32
354161 56 21
312284 20 26
834273 203 4
649672 167 47
15001 2 6
665609 2 150
472789 22 12
147057 8 7
945009 83 36
670938 150 33
658693 122 30
360396 80 29
523681 29 255
523793 156 28
841789 241 114
477171 151 19
188643 50 23
840129 98 34
657138 110 8
792093 108 100
18636 1 1
750206 10 31
706261 105 688
508806 107 13
317236 20 129
887775 44 32
101825 23 137
254369 37 25
703145 221 32
676351 4 44
752557 107 52
782281 256 38
718689 180 7
176835 15 115
909889 175 25
20737 2 24
300793 51 604
747761 189 31
626401 9 16
965369 293 43
746001 144 40
991943 258 25
268155 20 95
683976 183 32
239447 67 41
94796 16 64
453635 148 97
527193 120 11
840073 207 5
867277 80 251
710781 45 189
916821 258 14
796876 97 26
238097 32 97
309681 50 37
602225 165 29
127137 23 17
155865 10 13
606241 64 25
835001 81 3
602921 132 37
241101 7 150
723601 137 5
80929 21 15
322816 25 30
662771 206 26
478551 31 23
51871 7 13
907776 294 12
256341 51 67
477970 33 13
80881 18 4
13201 3 42
273391 37 36
476225 99 20
411161 42 55
554014 114 61
820345 19 329
83861 10 11
785529 100 315
252205 82 92
670673 83 10
420849 14 100
136431 38 10
716021 227 11
629433 207 71
470901 71 9
795551 164 80
224341 59 63
808936 40 3
920807 76 13
207236 17 35
947731 302 29
944463 177 53
644901 39 13
982860 295 572
652801 52 23
191346 10 17
489870 148 49
113328 13 51
351819 60 23
126071 29 32
817378 144 3
255284 41 93
362055 26 44
540793 98 1
463675 89 20
602501 92 14
419183 111 5
226352 21 13
541305 146 51
143985 12 31
976369 306 5
144361 33 37
794382 71 35
183861 8 75
291907 89 42
758926 173 20
916289 65 17
655719 74 27
550631 149 77
724261 3 4
875465 151 6
253824 26 85
753717 236 9
842688 89 15
353721 114 4
677906 37 46
11988 1 9
289009 23 32
70142 1 390
659791 138 1
254777 5 9
785441 104 16
913697 1 36
7657 1 31
187944 17 65
520055 139 88
529053 62 14
641261 159 47
534222 61 160
484172 19 38
435516 116 43
715818 217 134
785407 183 7
486233 88 50
753477 75 30
770501 113 77
402374 3 180
254085 32 17
417735 10 29
687110 95 21
641656 181 11
622028 7 110
896538 58 69
769217 178 39
746056 223 30
307899 5 32
436433 68 15
643704 198 1
529785 130 89
383988 121 42
890174 88 34
852010 278 28
578591 81 27
327203 66 115
23752 2 13
839653 140 9
452200 148 117
796467 57 17
456676 138 55
721267 39 9
681421 222 19
840699 111 88
934091 100 29
671025 204 13
166781 23 40
153377 34 21
645510 215 29
549989 155 14
371365 9 33
370771 77 32
801123 167 2
228636 45 10
370466 89 36
514352 49 10
484601 73 5
735301 178 21
943168 269 60
938536 107 81
304172 63 117
411281 7 54
715191 151 289
344288 86 45
202451 52 53
949276 182 28
77827 17 32
756145 208 22
760601 67 1
587129 59 2
910754 285 2
892321 212 1840
988487 107 441
412101 129 10
33081 11 43
621488 169 29
940821 187 14
205641 42 19
739467 111 31
882444 265 75
400749 74 20
783009 112 16
436929 28 71
374782 5 69
346652 74 240
603997 142 52
175705 19 152
64193 4 14
595317 70 59
918093 165 174
958111 292 34
174451 30 59
749101 88 12
964606 60 21
196016 61 28
116297 24 55
765841 59 14
707301 89 45
87952 22 30
979531 243 108
736086 109 61
950809 242 2
759701 16 13
707477 234 24
807997 114 22
860390 175 4
573249 31 5
193149 28 3
370871 90 38
136881 11 27
211585 3 55
783201 154 69
468641 42 231
425610 102 59
455561 55 49
421931 83 85
801736 123 38
619330 110 14
577735 96 17
268679 14 37
982201 290 25
817751 163 11
743851 188 152
741204 160 28
112451 3 85
283481 34 1
804264 118 107
213951 27 2
802501 267 72
768351 245 74
756007 76 98
685649 66 805
634389 120 42
200651 12 12
277251 57 224
653397 167 33
849110 219 8
489401 32 12
238154 26 821
186878 25 59
276941 85 17
200090 41 28
162797 40 94
134599 18 22
33569 8 64
279841 49 37
813601 197 35
575793 68 28
913905 212 7
603226 98 33
476168 116 37
594871 6 56
621313 37 29
334156 52 23
955569 174 81
542733 29 14
183769 32 53
438211 120 4
259446 38 32
991921 76 28
977925 177 111
219917 61 44
286247 83 33
57401 6 19
351781 34 10
530704 138 360
561172 183 255
786431 51 103
794568 137 7
315773 12 3
796789 147 45
971371 137 43
594581 18 19
73463 23 61
352075 73 62
649661 79 5
654363 118 59
866125 242 64
400865 47 2833
839009 167 1
323641 87 14
438497 105 29
662257 180 24
924971 171 5
744059 138 5
642689 10 588
100533 25 479
454809 21 44
653794 199 33
887538 69 17
373933 87 44
56056 9 60
420616 77 56
518077 41 25
69967 2 22
376745 3 11
309141 6 89
756239 247 123
282651 80 1355
118801 17 29
215957 2 12
387381 13 207
464973 120 18
750089 191 6
262601 50 74
458461 113 362
867065 248 32
119351 35 25
115143 35 7
797670 156 85
916031 59 463
877561 72 16
454273 117 255
242473 9 41
489322 21 15
884469 174 26
756787 212 30
998351 88 66
679121 223 36
258091 83 25
394543 15 7
391822 76 155
565127 85 68
280577 30 16
44449 4 65
715265 193 2210
194241 58 35
505321 122 22
295153 85 38
319989 78 542
523409 129 48
926846 198 4
355966 32 15
839063 144 10
113025 16 1
146325 44 39
153329 20 61
623926 16 51
197133 58 317
447035 86 60
690191 161 34
75527 20 4
816828 144 44
965569 316 552
170921 10 34
457505 77 6
525326 48 87
162749 54 68
176529 20 37
370845 36 36
474072 113 17
758979 119 27
207001 26 36
236603 22 30
443834 29 166
333531 34 59
886769 65 83
770371 18 311
820945 84 101
113841 3 34
586720 12 8
872231 7 27
115525 23 37
56811 5 380
722977 82 10
82990 3 10
853322 238 18
961105 268 26
310787 96 27
798729 234 181
236423 45 9
549725 29 268
580621 6 31
244333 66 18
464641 78 26
537145 98 36
619256 137 73
811058 260 8
305201 89 9
508858 9 36
635197 95 20
828568 113 10
839376 50 21
127709 8 108
399001 103 109
46811 6 45
215093 26 29
909125 117 150
645178 65 130
615726 180 30
344349 114 83
243741 73 20
381445 101 28
556013 177 42
240436 46 39
346716 40 24
234100 68 4
595265 116 97
200556 28 292
233345 19 61
670915 109 28
595329 164 4
928293 65 54
507857 14 36
978877 322 1
959461 22 115
732099 151 28
38254 12 28
741501 193 82
926369 230 105
448777 119 126
70292 17 1528
227357 27 16
949036 129 33
402867 74 18
187358 36 14
752161 62 3
384005 14 41
961854 226 4
545214 18 337
134721 18 5
133251 28 18
569277 106 19
472001 90 11
886941 195 9
733199 169 5
96532 22 14
150454 31 1
739561 14 547
921409 104 26
364619 24 39
367320 101 84
588603 102 116
814697 62 29
371237 118 80
935465 217 12
811306 254 37
452627 40 40
912161 235 37
319600 45 1563
365142 5 3
248101 50 22
814564 233 29
823677 200 17
468281 120 27
710475 214 70
618877 175 125
897457 65 4
468640 27 88
976375 70 21
178497 16 23
812092 44 21
81056 4 87
953889 86 40
782376 114 42
780883 62 4
541425 1 62
205849 7 4
80858 2 59
750397 33 5
898676 113 3
197901 34 30
790685 198 21
81228 15 2
406993 103 19
571306 39 85
312692 10 95
347101 111 100
581266 40 15
559358 9 74
251125 52 180
219745 71 38
889767 237 34
999900 333 20
75923 5 16
861021 162 4
618810 118 22
459199 62 8
416941 73 17
867401 193 42
189061 14 154
899673 67 40
499643 114 30
19001 4 1
893185 277 21
828144 191 85
54317 16 31
519371 59 29
50543 4 9
474661 20 30
58881 10 75
766261 30 8
513569 99 132
723240 220 12
882205 138 35
155965 45 20
247546 63 3
588393 43 49
495848 53 87
702465 181 54
719595 92 204
621697 182 22
281688 44 27
181187 46 151
969541 247 19
666958 33 20
710508 88 16
28831 3 9
69057 12 8
23716 1 11
432027 105 33
725711 177 379
780491 148 32
61769 4 12
157311 10 182
511651 163 1
659089 67 6
344753 50 6
947305 66 15
808076 74 36
773249 134 8
514383 162 32
351259 111 10
354429 55 683
78349 25 13
15833 1 37
843657 25 79
487417 26 13
895171 92 41
454893 17 76
891792 164 30
130297 15 10
367276 9 20
767546 165 14
717225 164 4
365491 5 2
93871 13 86
802041 17 202
162106 33 11
737349 78 220
32906 10 59
568317 90 6
87976 8 44
966748 77 40
519941 167 23
479166 144 423
756465 114 35
131981 41 16
902573 120 38
236881 28 41
638461 105 105
789166 175 10
276593 62 21
413501 107 320
129590 30 66
246083 20 36
841778 268 104
20661 4 1
923119 160 12
468221 57 17
446241 15 47
333251 88 5
241457 61 23
88473 25 96
899884 282 467
745361 169 52
333201 25 16
16929 4 38
582679 148 17
717841 226 1
372401 26 24
283561 36 26
905741 231 39
719851 194 27
239985 72 96
242826 64 47
158326 40 19
848959 235 31
244106 64 23
921306 130 2
77567 3 4
711481 74 121
827929 62 18
558601 117 50
191536 3 21
662945 160 14
599595 24 35
960090 121 5
440545 35 32
171319 45 35
966787 28 26
945851 87 100
449568 129 16
493482 102 59
132392 35 94
347091 84 34
976332 49 10
913201 185 57
702721 34 10
161403 13 49
954537 143 10
275171 52 3
949435 55 45
241467 9 20
957721 278 42
615169 84 23
999091 314 69
485606 42 26
819921 172 27
421033 91 42
787149 63 29
93843 6 59
498231 117 3
838349 197 6
892209 270 72
982543 75 6
388516 101 28
662429 211 34
377969 12 29
288647 49 10
727153 39 471
836449 218 17
258501 64 4
481656 17 25
646202 119 52
257964 9 39
267569 54 10
851481 122 17
870924 202 18
65507 10 43
413350 74 31
843782 200 5
40541 12 32
660375 213 68
132419 40 23
238193 36 64
915651 185 34
933191 150 86
181904 25 28
193183 24 50
375152 82 23
206481 40 41
497347 83 117
357961 57 57
191653 15 10
34205 6 34
610553 80 20
189086 32 52
179313 17 63
261653 30 10
635329 164 88
94270 31 43
86151 1 8
650443 113 29
759201 5 118
776583 188 43
238601 24 25
560875 157 14
23809 4 63
222493 13 200
355611 15 11
641240 117 31
34825 11 25
594242 77 10
123497 7 12
812391 48 15
937883 193 11
899704 108 42
867671 33 34
198831 49 21
172030 8 35
535265 103 12
81816 21 52
395221 55 14
662081 99 74
664757 27 33
601529 131 15
902425 105 5
547227 39 28
503561 112 10
983470 138 5
423469 78 38
442879 30 1
936827 280 529
996799 236 78
23669 3 38
282118 52 234
975256 156 13
567841 95 44
423350 34 23
814171 168 26
623537 203 36
873621 205 49
231663 25 193
319121 99 20
254801 72 28
474569 42 30
850635 218 48
314825 26 59
144321 12 230
522595 159 12
165807 50 1623
394961 69 24
977701 15 15
728226 153 70
437941 104 29
472817 48 4
196537 30 92
618197 107 33
302841 22 20
663085 176 56
325837 9 74
621535 38 80
508129 8 15
639149 70 20
404065 44 21
592361 91 21
662021 39 10
418013 66 19
600626 73 23
73041 6 18
825206 132 18
774307 100 31
692457 204 43
304629 100 13
89114 12 80
90904 9 7
386001 48 30
800673 20 11
92381 6 17
8021 1 8
761897 20 40
481393 159 113
631642 63 25
553054 184 29
765109 85 102
262323 73 2
334773 75 63
582138 102 35
659390 128 51
983385 137 382
68801 9 27
349649 85 129
552125 177 19
302441 19 18
129762 38 12
905021 210 100
732383 53 33
50749 2 12
886961 97 3
578095 87 39
932150 120 6
952822 190 15
572191 98 57
122593 5 81
972426 53 60
82652 9 34
967476 252 66
324921 33 70
157101 47 5
132586 31 37
64610 19 41
582064 68 1
234793 14 129
890481 205 28
57105 17 26
373595 90 13
610336 44 175
974035 115 43
662976 160 30
475159 45 1
690329 195 76
804011 115 1739
234995 3 8
569581 29 455
392617 71 8
254081 72 2951
914305 11 40
242622 54 3
218865 26 39
776129 175 44
217818 43 42
600014 112 14
272654 16 11
188390 23 30
942983 312 12
200845 49 36
196151 63 33
350501 112 487
657173 102 55
735785 106 7
388357 20 180
438781 16 19
225968 53 11
667660 184 8
764115 46 65
231981 55 21
353833 103 9
322886 11 729
125475 30 60
443986 7 24
445546 104 37
176297 33 21
173209 34 17
495345 152 15
93313 5 39
704951 134 82
101101 14 32
277272 62 8
5719 1 32
805621 110 129
442453 89 62
338775 70 7
854569 242 61
24324 7 101
439301 21 7
73221 16 48
667857 76 62
736841 123 23
238357 35 101
446169 106 50
366351 27 17
340813 27 9
211175 36 120
468481 130 17
762639 8 23
900466 215 23
707559 190 85
141910 32 195
947641 3 2
853042 28 26
422256 124 194
440711 121 15
317147 72 18
626102 152 74
779573 26 9
251411 77 28
217414 33 193
126913 20 31
140681 32 8
70421 4 33
894435 235 15
485761 143 19
225041 37 28
561885 21 193
10086 2 47
923521 270 6
173825 34 18
942613 297 7
842271 28 11
281141 47 9
916956 101 77
914626 61 86
493901 56 78
313609 8 7
219737 10 113
363097 65 145
138128 1 21
201601 2 120
299511 86 3
228046 32 37
314031 29 42
916753 277 31
259178 47 49
651121 48 1
708069 211 9
810808 133 22
160042 39 7
200400 65 4
251129 24 52
24134 8 39
496510 54 26
566376 80 54
148729 22 20
102221 21 38
940124 244 22
228846 24 38
593358 22 59
927601 103 3
786921 195 16
466507 59 243
890003 223 55
931722 173 48
340532 54 60
187984 42 422
332705 67 32
255661 52 7
726375 168 8
308953 85 13
372751 56 5
555817 130 44
655581 75 34
661933 16 62
834685 151 12
946105 101 118
925689 41 2
463487 102 51
39755 3 4
352638 54 332
564953 78 40
811573 25 31
494553 90 39
801220 116 33
198481 66 16
521369 160 6
35081 6 53
821081 156 15
132355 18 3
632534 205 32
228588 17 26
940094 300 146
924751 294 13
600697 47 32
471529 118 3
252281 82 178
771777 206 19
950461 76 7
643329 140 31
230049 61 11
415246 116 1
152740 32 4
203674 29 308
497743 153 59
341548 44 15
181011 7 18
656241 146 29
781508 123 76
767151 38 10
80921 18 14
1000 3000
468746 135 69
930767 18 32
560741 16 53
699386 177 642
937447 114 11
570420 169 31
285445 8 33
665789 152 24
870736 105 130
624275 184 38
72840 10 24
58587 16 177
294241 84 13
506561 139 8
433104 27 713
590392 108 13
526939 170 12
445901 31 740
972725 33 34
710561 188 44
105974 26 150
521665 114 108
364018 86 59
717249 137 43
399479 37 1
620160 149 27
209013 55 31
678696 141 15
867701 201 58
386077 35 52
887450 185 24
371409 16 19
425161 116 7
721601 103 63
231016 74 104
405139 53 11
951549 293 78
368289 8 10
544121 24 76
848417 68 141
395621 96 22
664899 161 33
21236 3 22
819885 119 27
802899 31 7
982513 325 15
943721 198 33
910445 163 35
624441 141 10
718198 97 30
974477 43 35
462569 25 23
532993 68 99
42041 3 40
312074 90 638
111287 4 76
780037 23 6
173785 19 36
681331 105 62
467796 46 111
871777 148 29
970801 193 61
989221 12 6
53581 13 36
556287 30 28
363464 4 11
560051 84 67
607796 104 55
911629 221 20
639431 91 73
987839 230 38
250145 41 88
441781 107 60
560601 163 6
832055 276 30
389185 53 25
978828 117 32
111161 4 2
335041 42 920
322061 88 21
557787 86 27
315660 43 22
902428 176 5
983188 23 2
492735 114 28
606188 28 80
854492 15 22
335696 45 6
362139 41 318
414852 5 42
838001 135 133
469373 120 374
395634 61 53
623903 159 34
977001 124 69
214851 6 28
239253 50 57
101369 5 4
101366 19 55
970129 59 36
451249 27 29
492846 11 22
309885 26 109
761485 204 35
454613 119 17
373921 46 16
82421 25 50
82593 10 151
115931 6 6
453415 17 41
634608 41 47
802885 112 3
922261 37 130
866441 146 91
948881 5 35
132711 25 28
271434 58 34
886576 58 8
63051 6 7
158038 48 2
584898 8 29
836141 209 6
411221 87 5
421005 66 154
511711 128 69
3601 1 18
900397 27 75
335041 83 23
737718 79 38
816366 160 192
694400 59 218
650529 207 10
305606 17 5
318789 82 19
955712 235 9
819829 245 9
810601 132 36
547948 173 11
138510 5 44
402931 4 50
77633 2 188
630299 28 106
764721 120 68
768969 138 26
581075 89 16
585225 72 16
959641 307 37
396211 83 2
685431 190 15
150641 16 61
479481 150 957
750761 141 27
841661 228 13
410453 84 9
472019 104 10
538957 134 33
39881 9 17
258903 32 22
653999 193 13
715649 187 265
452977 59 6
190067 51 133
502761 50 56
124381 10 16
260747 35 28
205521 60 2528
760187 187 141
649039 123 171
569789 113 1017
871001 218 2
422201 100 9
944056 192 89
37145 5 43
570963 122 455
45301 15 110
461571 55 1578
130268 11 26
37641 10 20
971409 147 303
795561 68 23
652245 45 20
116825 12 20
962508 111 33
711350 141 23
965906 88 63
848863 244 29
820329 47 1635
313116 84 12
204385 1 17
762403 106 60
985225 97 23
939881 313 11
673191 174 20
566670 21 22
716555 206 10
883821 103 267
515443 95 56
965239 227 60
103417 11 86
544879 167 13
289525 32 56
919401 171 84
37845 1 63
5651 1 324
776989 230 42
884804 107 62
567468 79 76
244161 28 22
198369 44 8
341333 13 19
488478 98 41
545745 9 31
595873 31 36
173678 48 33
578228 87 18
846101 121 159
233683 23 74
183235 23 4
414511 99 17
12283 2 58
936991 227 48
601451 114 30
382691 26 8
48233 14 3
423669 87 56
262341 76 9
9797 3 2
451353 96 33
720705 57 2
827003 67 4
63753 19 112
156263 37 44
251277 31 28
637641 166 15
792488 35 47
481423 153 3
322061 46 18
722601 236 13
82301 24 20
386633 126 16
331796 1 509
499466 13 22
481825 29 15
692019 19 33
991996 208 559
533250 16 39
300905 28 52
243833 64 45
504551 92 40
833801 233 24
989133 301 219
391953 3 14
508681 168 104
229621 26 31
937129 271 79
623756 52 27
985278 263 108
142781 25 43
219767 46 31
797513 137 188
585105 39 21
935917 300 19
817352 22 91
591771 73 30
786451 70 26
577601 111 17
425553 29 544
841569 5 26
917541 279 64
82995 2 1
53248 1 139
40286 4 64
999489 140 49
184881 36 322
230705 67 6
894225 240 12
27845 4 19
344641 66 65
390220 12 3
900033 35 28
114848 37 17
117345 2 24
995291 16 325
644401 24 15
373794 44 68
540741 99 40
714729 4 29
205473 16 28
308822 79 67
619625 153 123
8006 1 92
202791 56 13
419273 93 38
854155 2 16
894609 85 31
376260 107 60
291876 64 133
778998 22 14
628941 95 28
716461 5 1795
60606 4 130
602105 159 3
39905 4 16
718321 77 62
500377 99 29
833183 179 39
110510 12 122
120379 1 5
362209 8 45
494401 147 29
399941 68 45
186746 60 93
349151 41 40
97485 7 84
76131 25 27
617523 67 29
306499 46 2
899825 28 32
238993 19 50
451955 124 34
986783 178 29
199781 32 14
503489 163 22
308517 47 5
454960 39 29
609669 24 193
384044 40 9
490486 106 56
485217 26 40
114023 15 9
72629 5 24
252184 52 60
577041 158 103
164201 10 27
340502 90 84
807841 220 31
290023 76 20
278561 77 19
242241 64 25
189669 33 25
94361 17 28
681721 168 18
611861 101 1
649181 186 33
873425 96 118
143480 25 2
582126 121 34
405481 95 182
964681 55 29
364301 75 61
393658 21 27
133959 16 57
851561 168 4
322731 82 17
133930 31 1
804468 44 15
626921 22 15
405977 76 80
788838 121 28
371301 108 90
547769 62 25
870433 191 14
213197 16 21
608701 124 16
795293 232 53
512252 55 11
499473 3 47
399309 35 432
552615 12 12
774688 133 19
580945 152 7
792785 150 2
422457 82 4
596427 190 29
635900 101 13
179901 48 46
655449 38 2
616641 72 40
690347 51 15
93911 10 17
758145 171 224
906688 217 5
484799 17 20
358131 2 36
353921 25 19
702497 61 16
342725 81 6
906775 185 234
971254 55 12
306217 65 72
179934 44 13
287141 51 16
596401 54 9
731718 190 5
595115 105 109
271784 28 31
837242 78 38
45697 13 140
574684 150 40
3909 1 45
734491 160 17
547852 16 8
843102 132 24
768153 192 2
737474 163 56
506006 13 28
913519 214 444
25351 5 28
984486 193 27
837315 139 4
373941 26 174
742794 108 12
380121 40 75
267171 32 23
846397 57 19
623427 84 3
280528 17 4
574395 7 482
411682 48 23
658918 54 25
536990 17 4
945322 152 3
235159 77 42
351658 58 61
334975 63 51
601857 87 45
835121 204 203
413531 18 5
484351 108 83
116151 25 34
147880 36 33
394801 39 58
541749 145 57
810449 16 14
45104 10 52
162401 18 12
446062 36 239
371905 50 4
290201 37 28
206184 8 23
104756 24 34
504061 146 16
323273 85 14
413361 46 31
59899 10 14
602221 48 94
572971 173 21
544089 21 17
362576 79 36
327565 108 31
320094 65 86
783757 221 2
10935 3 6
866521 235 86
232625 42 10
77601 20 86
982491 199 19
921657 240 78
893193 45 80
624016 196 55
300191 22 3
342646 18 19
35505 1 71
374795 3 5
418041 96 80
890941 246 29
885661 31 111
723389 191 49
316614 9 36
887621 266 115
598626 180 20
455419 104 14
651281 102 22
855259 58 3
349323 66 18
193225 28 109
395081 52 2745
413461 53 64
530001 63 505
966453 192 70
983619 228 22
673671 195 78
891814 203 16
562801 55 27
3871 1 18
662445 104 6
583293 132 11
740297 143 22
958001 62 25
508737 88 47
347799 85 701
582679 166 20
494133 12 446
264775 4 76
837617 90 19
70785 5 79
380594 68 12
714295 156 53
974421 99 256
247954 36 29
452413 128 30
112989 20 63
776961 19 54
799516 95 26
396871 112 21
26445 1 2742
45555 7 88
439391 67 176
321781 107 23
179265 56 3
132971 18 108
261220 62 50
139071 7 129
220318 56 17
116760 4 115
260641 75 7
797441 243 122
28404 5 28
440918 5 7
377934 6 1
985985 252 22
129456 22 5
353185 114 45
830417 259 67
798801 101 4
288950 2 1
924161 79 30
303177 64 8
370933 105 37
515345 99 13
209216 17 37
35637 7 14
631155 188 9
183487 4 43
19917 4 31
974558 215 107
385285 117 8
899747 101 35
971267 151 388
557341 23 32
808301 89 95
879321 160 34
527686 145 84
372055 37 2
699246 218 77
691451 20 25
529019 123 31
447663 1 155
490017 41 31
243779 81 41
798601 163 19
953512 182 159
462251 72 22
899338 145 34
93510 30 34
130461 18 54
269849 71 23
126699 36 47
854447 51 11
820489 235 23
876105 45 25
473210 40 227
742851 156 151
681326 110 9
128155 42 21
676021 93 34
24249 5 15
549797 55 14
996081 135 25
763373 161 257
653817 78 37
865323 207 15
473465 47 22
533531 77 231
427125 68 14
586745 89 79
181592 49 41
291573 13 332
176321 25 10
13566 2 39
607679 146 20
82137 15 14
556146 13 49
190251 58 42
442081 39 20
390933 130 20
178751 13 2
964917 258 8
74661 15 28
181497 29 31
310707 82 17
887626 49 12
215621 46 4
111853 17 51
680729 62 219
679565 12 16
219924 67 482
272529 85 25
109367 30 4
560661 79 4
987833 148 44
995974 151 4
946335 147 384
997965 91 86
518979 14 36
276385 48 25
751667 87 8
600396 114 53
796226 88 1456
441486 108 26
709520 52 9
796653 209 35
434269 12 151
424209 110 23
419889 87 66
534939 29 15
980885 76 113
325409 11 8
418856 69 21
866489 209 26
223041 45 23
511233 49 5
280441 91 493
775694 217 52
225621 36 12
305333 90 31
415003 6 87
360789 90 30
547231 8 8
801947 2 22
470089 29 18
50742 13 56
325607 96 9
131331 26 393
116697 37 48
547289 63 20
370497 12 25
290753 28 15
572963 174 65
904186 50 2
287510 86 22
778497 183 13
732641 77 1
59245 11 287
49837 7 1
747056 122 24
556519 54 70
705247 59 35
348577 9 88
998625 17 25
406021 89 12
201386 38 213
737197 140 41
91864 23 15
857096 206 20
105901 7 31
253873 54 9
111779 15 12
531770 26 8
580043 113 17
658689 71 19
771777 178 15
587661 64 72
414081 53 6
249377 43 29
370549 66 9
610713 108 38
690956 163 13
889716 177 14
131621 31 69
639128 62 24
361333 95 158
528126 88 36
904533 254 104
940067 300 236
627751 32 57
177491 46 31
458331 36 28
901251 138 28
183311 35 84
296851 84 9
538458 62 18
114075 2 103
646798 145 24
410013 89 43
222709 16 43
553209 59 39
51409 12 43
912807 270 118
442605 77 9
382068 87 6
216901 65 4
598613 197 15
845601 87 40
575521 33 1
313201 19 19
258075 51 4
299671 66 27
526619 75 10
523066 64 119
641189 142 17
442249 63 20
125913 15 1442
811873 156 24
173312 54 23
664889 54 19
92615 23 17
21133 7 83
986910 105 47
693091 44 26
338163 45 18
24109 5 2644
836465 254 14
747714 203 37
346861 111 200
751113 23 198
88133 7 55
592310 140 151
404175 85 33
755721 138 84
472016 108 21
771617 248 243
483411 28 186
432116 96 61
548577 178 79
340961 69 2
180436 33 200
893231 237 10
232113 27 13
286595 52 2
121233 12 74
821313 246 45
158412 36 9
916822 162 26
821699 98 26
888398 281 102
953897 18 10
272190 18 2
447849 141 10
489367 150 19
663513 18 10
797329 58 89
427651 16 5
739454 195 12
742521 218 1
867805 133 269
119237 15 23
422539 58 33
70821 4 160
672609 126 112
655179 155 162
862689 270 153
370994 49 27
356609 102 12
509022 97 43
477441 58 29
725021 51 46
237308 17 26
485270 158 11
980793 235 35
170910 6 13
157585 1 56
740449 205 13
286277 78 33
867321 220 31
460729 23 133
153509 1 16
347442 58 71
861897 31 2
184901 38 1
784025 25 2
884435 197 41
538857 20 20
21191 3 11
109900 17 9
11145 3 19
338201 63 13
900071 133 71
331585 57 525
87101 2 314
187498 21 27
33940 4 5
988444 43 25
921457 224 38
916321 242 23
745751 1 2
63449 12 186
991740 241 168
637709 60 54
167386 47 221
184229 36 43
510513 27 502
733165 237 24
967161 188 221
514273 102 97
808796 172 3
63711 7 15
885901 258 51
163255 11 13
363041 115 11
714301 76 1
533325 116 34
657669 191 35
117661 18 16
893320 181 4
830881 124 15
28619 4 17
339445 63 79
748451 199 9
384501 78 10
219925 4 97
5713 1 64
897353 178 19
986024 266 67
277609 36 30
618884 1 136
175443 48 60
646624 27 33
357065 7 31
758624 92 32
193430 39 68
958225 79 38
156755 30 7
944851 231 34
295026 60 59
590917 93 9
550887 109 9
367985 8 13
405601 56 26
560703 139 15
174315 34 27
18492 6 8
983376 316 36
941297 231 33
887287 109 424
534762 37 96
967307 98 33
773223 194 10
834096 49 289
668231 9 60
757386 179 45
248913 22 28
123971 19 523
833351 94 15
183142 51 20
422312 95 24
564231 131 11
989329 258 57
131581 10 53
433191 70 16
752722 23 28
41976 13 58
322746 1 36
846776 189 118
445217 97 23
172961 39 34
17351 1 30
904609 196 10
592987 117 47
725682 163 59
873289 206 11
856288 106 31
792993 134 57
440087 100 29
584533 91 239
255946 42 21
469493 20 6
370944 21 26
59893 10 36
169345 18 33
780038 179 22
506646 72 40
316954 52 42
445797 92 32
479685 86 13
10557 1 6
103901 8 29
566420 56 29
792057 150 43
432619 79 3
541969 160 111
415271 19 91
44529 9 33
812606 262 45
826219 13 44
217963 25 41
773364 171 40
9600 2 39
674609 153 53
455080 74 40
805479 139 1
177062 14 22
331421 57 19
672993 105 109
679081 163 30
263113 35 2
453377 1 19
620055 11 12
817328 248 57
837875 22 12
21707 5 687
726861 165 7
223115 38 68
873713 243 5
169712 14 79
638723 10 4
320435 2 30
419766 23 67
393493 125 27
334372 22 19
565877 20 9
829221 101 31
66405 21 1445
18241 5 5
836528 107 44
126365 33 24
332021 20 4
396461 46 51
611182 147 18
142799 43 89
809065 163 120
959737 52 8
991123 157 359
215659 43 81
331833 95 239
325121 17 14
794993 50 12
306836 20 33
320976 66 9
47319 5 25
737361 229 20
442296 82 10
65302 11 23
261890 29 2
584773 14 29
856333 75 32
756281 235 19
828285 89 125
566361 162 8
852505 12 13
109271 11 20
244183 42 38
800754 44 8
815713 212 140
174761 19 9
850406 20 24
655420 216 26
281325 13 15
263265 41 9
563751 179 17
108601 18 27
395441 61 36
144076 30 37
150272 14 2
435741 98 9
681711 133 2
614901 119 51
919277 124 63
149529 41 26
82501 5 8
461555 88 44
489709 126 72
665033 14 30
119159 14 52
466226 35 29
814966 135 15
488965 74 337
82915 10 45
586151 62 332
735036 47 4
150585 33 20
375761 106 136
300697 56 44
487053 22 11
176483 4 33
38332 1 8
506691 48 14
653198 33 1168
230329 30 16
664303 181 57
560552 27 115
64670 16 136
948217 307 1221
546476 69 57
815601 154 26
766292 167 25
807186 216 324
520637 30 9
415491 67 487
345615 6 24
922729 233 32
602879 67 9
471117 20 38
616393 164 10
485898 111 23
257436 38 58
900585 103 48
195973 57 16
130665 28 45
683972 43 2
1000 3000
979488 175 27
457695 132 13
712736 219 20
595474 170 23
723637 30 12
889889 35 39
850214 203 42
686449 47 540
883501 190 18
686721 20 55
810989 1 49
179447 6 14
219224 22 21
636862 31 40
33865 10 11
672961 152 15
974563 101 30
754473 248 15
672563 13 160
292065 1 34
396423 100 47
846423 220 141
169633 4 2
30541 8 30
22636 1 15
273584 59 94
114225 29 18
896059 57 43
54385 17 24
999246 323 22
358193 37 24
239951 3 38
779000 194 9
148684 44 14
443337 55 7
934145 10 10
375227 94 48
854636 44 13
872421 207 178
673423 85 85
88986 17 14
249851 11 10
802463 218 2856
370793 79 37
444093 33 226
117687 2 37
150017 31 131
367201 102 100
209977 54 38
988061 100 257
743567 112 95
114737 20 241
257457 82 40
126930 31 35
186929 62 4
696969 162 20
50485 6 6
560133 127 18
870731 140 39
57101 5 6
196194 8 19
712641 155 3
743229 174 248
82441 19 24
625871 78 8
825877 200 52
880401 125 18
990841 152 15
492609 59 623
275737 54 112
121036 25 65
670951 7 16
887473 174 13
655553 21 19
933065 12 11
17683 3 26
509191 106 10
66383 16 45
358089 91 7
365856 37 43
16756 5 220
497077 142 24
85541 23 45
143031 15 5
820417 225 73
426585 43 88
476413 72 511
831006 162 3
248000 66 18
662705 87 157
158593 40 3
917349 24 17
656627 205 1
732393 100 121
529517 29 29
903615 211 25
108240 35 29
979905 273 17
250149 29 17
900439 62 27
172613 34 326
39825 6 16
857147 90 5
623410 142 2
574261 157 10
793762 47 17
566452 168 116
568844 39 33
152897 27 7
980937 230 189
143726 28 6
150249 47 37
771383 175 8
250261 6 9
521346 40 259
590771 6 28
735539 170 51
173582 45 1
435969 50 8
453805 8 29
420737 39 39
430065 72 69
219622 30 10
115186 23 200
560469 70 39
350009 9 276
264626 56 27
18443 4 49
502856 133 2455
472641 58 34
162377 27 26
692976 69 113
376439 104 60
924486 135 18
827969 142 73
456573 71 420
536681 4 19
761901 61 25
781908 105 79
960696 114 8
595617 134 47
455077 90 27
446499 42 42
262413 11 16
526336 68 8
593621 155 19
896626 3 23
341466 53 68
426581 27 268
271224 7 28
84381 28 11
804979 227 30
996598 262 4
878817 181 5
325531 79 17
429159 23 30
508732 128 27
497601 1 22
754425 128 120
957801 313 13
498787 65 45
532775 110 2
889485 44 25
588810 35 5
517061 2 23
864880 158 35
959111 265 3
689795 41 10
893138 172 50
799793 241 6
545025 117 36
28846 3 15
745377 76 240
668177 182 33
910138 9 24
692201 225 102
347918 64 31
510081 100 69
696999 218 4
337590 37 30
972298 302 13
640961 144 9
352825 74 92
290261 13 20
999185 180 53
435943 99 34
131243 19 42
567481 103 993
783572 246 142
925361 178 21
962781 34 1380
495841 84 51
690624 84 85
781841 23 20
979333 173 3
156709 29 39
895101 7 51
990191 106 47
512259 163 39
46221 3 17
245397 21 405
491707 142 21
62578 6 40
251457 23 166
535001 91 2
122162 24 12
266254 71 131
571873 153 5
308535 31 27
615491 19 12
176856 6 34
103611 17 79
751990 115 285
632321 201 42
784146 110 38
716189 87 69
471154 22 58
873153 273 21
430186 36 6
618153 102 121
813065 127 85
872609 111 17
823730 244 1
750032 64 30
995713 6 7
910234 276 156
713605 105 25
848220 115 23
425827 127 3
917529 10 11
309681 26 7
142947 17 26
261373 26 53
516513 109 72
341121 2 29
803365 6 42
938161 2 47
856891 156 75
138245 16 29
357923 95 58
603141 138 34
764421 78 33
216227 56 1
663253 74 517
805221 5 13
280921 29 40
658697 55 18
290001 6 68
29341 7 23
484491 38 37
153961 2 25
862254 199 20
89085 1 70
529857 25 32
140750 32 65
206913 30 23
722721 229 47
510491 49 16
271481 58 8
861979 139 33
951581 63 32
507860 48 9
20008 1 226
343937 109 42
283866 52 20
221164 42 35
835449 173 36
544776 155 20
732692 7 24
593351 121 85
832091 218 10
662586 95 19
228001 18 28
879737 257 33
405051 16 13
164201 49 62
961522 58 12
940801 55 18
813505 70 21
439445 127 15
933210 67 56
871505 97 2
953679 285 59
381201 24 29
504981 167 25
311961 15 41
687830 81 48
295904 22 118
476713 148 22
379891 30 28
29021 4 74
919921 76 43
916985 50 29
642789 135 185
60891 8 31
902762 66 209
745152 81 142
8401 2 36
318501 98 10
980886 123 10
198409 19 6
441251 77 2
93096 11 189
432545 123 6
617533 101 22
61801 17 16
941772 288 4
86495 20 6
753291 136 31
68743 5 17
96490 18 13
129736 11 19
402931 122 90
656961 177 36
526017 12 30
941083 79 146
946557 189 34
495210 81 60
595739 170 3
345425 88 1293
272879 38 150
388657 97 23
731541 46 11
514329 113 27
8545 1 35
646001 61 67
397341 8 9
943378 76 30
985389 211 35
488365 109 49
489235 15 49
991627 314 36
209910 53 15
395671 67 8
373657 40 12
779162 21 49
339977 19 38
699256 154 12
20550 2 51
94511 7 16
847191 144 2
804461 24 56
668301 98 40
330001 80 1
555419 159 13
176015 52 44
955358 2 27
812590 102 52
888463 102 294
813129 25 12
731871 156 2
147091 26 147
382825 69 67
948615 113 11
10569 3 43
224391 67 28
427278 89 6
119439 31 24
691537 148 33
791958 215 50
120221 6 48
928969 246 4
252076 79 49
981519 223 60
255773 15 8
844671 239 29
803113 202 32
733291 118 126
319239 91 125
452224 26 20
371677 58 36
23451 5 67
741473 236 102
70493 14 4
637989 176 31
279827 24 1
107316 26 16
755124 110 19
113601 1 670
354171 72 96
14353 1 43
891393 288 2
307371 87 30
214801 64 142
744276 153 25
184201 30 187
478475 149 12
429377 103 31
761078 210 20
892130 228 76
639249 39 122
906291 237 13
380246 26 53
806913 225 134
600600 86 35
698643 40 19
523201 80 5
182345 45 27
537447 163 22
189315 20 29
146624 20 55
250447 8 12
126985 2 116
69281 2 22
496831 57 119
463781 146 26
962227 227 24
510127 167 561
745433 166 22
238401 67 8
679941 116 23
569193 139 19
80790 12 24
572633 85 26
598710 69 23
267566 68 37
804629 222 40
665841 98 17
317243 61 21
301265 2 129
559186 57 8
684814 157 20
898911 156 587
250391 68 267
535230 118 138
775891 192 23
821074 92 4
880501 280 180
516309 79 16
568985 157 47
531076 142 29
449135 109 13
948565 122 12
78826 14 43
469441 89 77
860698 253 8
298626 47 25
70001 20 39
433827 139 20
199105 43 6
191997 26 1
489413 34 18
480971 145 68
122874 27 30
100107 4 12
187312 50 63
417377 51 68
485644 10 51
666985 192 18
912361 210 37
284793 32 45
795507 182 21
683809 70 36
360715 85 83
940929 158 34
645271 19 1
804649 26 339
728637 145 27
942465 272 41
378264 59 44
212102 36 21
975061 317 143
562476 13 46
79231 14 87
228673 2 3
805697 257 260
658115 158 154
843266 165 188
865485 115 60
863654 14 22
953302 83 14
443339 91 12
238961 77 94
494689 158 29
646101 133 74
645348 54 617
953143 64 24
725829 86 38
396313 58 327
729169 64 44
517905 170 5
737210 209 67
893091 188 108
276231 73 30
164109 35 678
855401 223 12
851425 264 92
742109 48 4
677473 144 77
940169 236 104
7361 2 33
154306 7 15
72591 17 17
672203 220 32
344792 35 54
170417 45 20
264544 14 2
633945 138 1
737249 185 18
521577 13 10
870793 250 271
513841 3 60
365601 93 6
669561 35 22
921001 239 138
633201 71 33
750529 80 32
82316 16 95
935586 233 18
149665 21 25
469873 43 28
37239 3 48
956791 249 5
934851 17 44
780734 34 43
216661 28 36
664135 206 10
323976 44 107
223211 31 6
802215 201 41
263705 65 110
244616 30 23
904833 12 23
60661 11 112
17115 3 53
654363 193 39
529421 101 44
472175 109 5
563073 151 19
116702 24 41
915721 292 8
717701 144 28
82745 4 74
230703 68 138
220145 20 3
262359 82 19
885353 110 14
184501 22 11
791093 86 11
572641 176 10
395865 104 35
305086 71 19
438441 137 6
443591 133 30
388625 43 44
99305 24 13
526949 46 24
691397 182 24
407321 17 2
979691 247 42
885515 131 57
109364 13 3
581681 158 313
766686 133 3
950861 206 10
790259 28 36
395549 92 3
778189 24 16
422153 67 25
778309 141 38
166918 22 666
247566 11 23
471789 76 252
85073 19 12
536381 108 196
761449 202 31
877691 17 27
404073 18 19
952305 46 141
572061 124 65
189844 28 77
228681 46 25
195661 25 54
149319 20 46
262385 5 33
896176 284 98
287738 39 48
827466 200 23
264567 45 30
636551 193 26
306557 41 16
899486 5 25
123191 7 20
711529 225 3
902017 167 38
817167 187 34
981911 148 39
286585 37 34
58809 6 129
694085 140 3
904823 180 53
834193 13 9
167041 19 38
509061 114 21
224947 41 3
664220 82 95
466770 118 55
234917 54 12
402851 110 40
5493 1 61
599825 108 447
441281 96 10
433912 62 5
844120 77 51
441714 20 64
197941 35 40
860537 106 84
863535 91 34
249717 28 1
973080 116 27
772610 136 30
630223 33 20
984580 80 4
670345 118 50
589569 68 4
149479 25 24
206017 68 9
960918 291 18
258071 49 62
752340 229 24
74995 4 28
657911 216 25
789852 137 52
602965 60 50
318151 33 14
677579 5 582
569146 25 10
320625 100 39
195147 12 73
296491 39 62
835727 260 14
220996 42 25
363126 47 53
950762 153 37
253105 80 463
511329 60 22
679361 60 33
178901 34 86
486797 152 46
775293 108 28
571782 167 28
726194 239 98
651355 35 26
453841 82 30
32577 4 42
572250 143 20
311441 20 20
186369 15 40
780313 120 18
543185 132 13
302331 10 23
404865 36 35
329153 98 57
915841 168 85
713540 125 3
456241 133 13
44139 7 17
164677 3 7
785921 237 13
732741 236 6
455367 65 51
617137 39 42
995929 56 578
89638 23 26
938081 71 21
235762 62 3
874681 93 28
734785 121 27
733726 122 25
581441 42 457
608785 149 22
859581 126 2
416673 64 87
724968 65 334
801345 240 47
995337 228 4
559493 153 39
712356 176 44
692753 171 44
499819 165 22
630681 210 243
723486 154 30
192411 37 40
294944 28 14
79865 24 750
67905 4 2
155893 43 19
424903 120 12
211801 52 17
899454 264 19
502639 110 13
368319 85 6
487797 28 8
740013 91 3
221713 15 462
650661 122 24
416394 116 42
493909 126 16
234346 56 30
7541 2 28
715701 44 29
720749 133 50
800285 183 83
817876 179 86
740609 183 14
965846 232 32
308717 88 817
10046 2 25
571331 78 47
205159 53 22
785908 167 26
220253 14 35
990180 237 19
340961 25 10
936601 40 67
964599 239 10
187488 12 2
185833 53 37
500641 3 61
742213 223 10
243046 67 51
550951 23 44
803537 139 86
54209 17 507
951401 286 4
786211 218 20
561099 40 20
102977 9 21
407281 7 36
615456 41 982
203751 17 79
466912 40 1
279769 12 65
212061 62 12
961201 310 53
836284 65 176
97823 4 82
434333 10 88
424505 29 31
941619 8 44
633137 58 87
405839 34 6
987841 181 196
963793 301 32
37909 1 96
164726 24 46
535269 139 15
306745 26 51
24767 4 17
976210 316 22
115963 31 59
977337 248 12
398776 50 1
525816 88 181
207889 55 124
39735 12 55
802381 32 35
918249 46 36
821391 222 1
612021 49 24
689620 161 33
869918 96 10
102931 30 53
464609 43 26
124925 19 48
31222 8 4
311745 79 44
940257 24 691
578771 167 697
789125 46 359
939721 229 50
197816 32 44
667101 148 170
946636 219 30
677789 203 25
694121 185 6
94678 11 85
407147 109 13
835057 196 38
936128 52 66
928944 188 8
732277 71 10
12135 4 1
437201 37 2
665305 127 25
317499 27 54
553676 118 171
93383 29 72
921515 1 29
785923 12 29
823089 256 64
338117 54 7
718596 197 50
831741 148 268
530659 68 4
716473 194 33
749901 13 130
623201 45 58
49833 2 6
223089 70 112
897050 165 26
123421 23 153
856209 116 32
491908 95 31
555825 77 84
800833 178 22
791715 71 156
562853 80 35
345286 110 136
355126 27 35
260841 47 8
350771 52 50
59928 1 11
323913 84 1
625541 93 369
203769 13 57
965754 229 27
909361 197 93
269001 50 96
169249 30 1
160169 37 18
39935 4 297
780801 29 6
89353 24 22
120985 24 8
401581 132 195
765894 186 28
654625 44 107
49137 3 41
761553 218 36
500493 122 30
82449 20 155
843682 65 44
980853 29 28
212773 2 91
412387 42 9
349912 91 11
210831 1 174
710153 184 164
748208 141 12
398051 116 71
810307 184 59
198681 52 53
99906 21 1742
6141 1 2
129957 26 587
487416 30 409
870089 224 83
413221 115 54
972620 6 21
13863 1 17
574361 1 155
982651 261 19
663241 185 42
555328 59 37
715236 27 23
352317 61 14
557508 27 29
940381 227 34
803169 52 48
773934 14 1
320653 22 201
760324 87 2507
891761 265 230
272351 3 33
809629 10 197
467086 23 28
174761 45 14
206973 47 47
93105 30 47
419955 129 51
463393 154 29
610701 117 77
667191 121 5
751483 74 185
175537 41 23
419244 7 7
152651 13 50
350293 43 79
241861 66 16
636145 66 16
157571 1 53
277457 64 14
708577 200 92
648765 111 20
786177 190 8
235443 11 32
403085 106 73
250425 76 21
936405 180 29
860306 41 6
788041 31 31
641341 105 17
235598 57 62
583061 130 42
320100 94 8
72861 7 47
931107 136 4
474537 60 2
228285 36 29
626007 5 233
239578 42 6
717369 1 26
355671 106 8
801785 208 375
20664 4 19
829377 111 112
512900 3 46
228521 1 32
579425 56 22
837231 261 15
85501 28 11
133022 23 14
750255 235 15
399196 61 30
626225 54 20
173645 54 37
247209 19 27
634273 49 76
387019 98 46
620239 73 24
220545 72 35
348779 40 665
511881 40 24
593885 66 26
921088 107 75
355719 105 4
747985 76 6
342174 16 79
979421 50 36
872164 266 28
605271 153 66
737625 134 40
107380 17 73
164865 35 36
378501 105 60
71481 1 2
176209 21 24
421611 125 95
646984 168 6
909085 258 22
242101 40 55
779909 205 354
219137 58 74
454313 1 27
705143 11 38
513177 37 27
321426 106 361
428656 42 11
761549 44 43
691681 230 26
548120 109 15
186307 3 10
938005 71 30
527051 32 28
87161 19 86
889304 188 21
817872 68 3
914203 145 391
740721 58 42
262137 17 201
671853 8 128
77736 17 29
534562 119 8
232161 18 22
564884 6 11
656809 83 22
504936 76 19
908091 174 8
933583 51 37
216241 20 32
508971 120 25
148109 36 34
737365 16 128
652914 88 4
747897 242 30
627946 167 14
186145 54 14
986661 314 26
820985 230 14
524109 48 59
922226 104 25
840089 58 17
766570 77 91
658301 205 6
437378 124 26
124349 18 87
531269 84 64
167669 33 63
246714 52 33
281127 40 8
325348 102 11
23578 6 30
97024 22 62
29216 1 136
90503 19 15
349986 21 52
918017 199 59
913361 220 28
912796 53 22
1000 3000
472968 136 136
131773 3 37
576849 75 899
750159 246 25
469820 65 99
894921 48 16
504708 34 31
33339 2 9
394079 19 209
423329 97 2
627001 171 245
457818 50 445
47817 6 32
398226 104 43
446847 73 35
165429 30 8
900721 160 2358
567553 170 27
842171 124 10
453515 53 51
389565 23 1778
993211 41 4
181126 49 2651
684136 194 122
654323 200 9
561229 118 44
127081 5 30
91833 15 5
247241 3 15
401783 21 16
356313 70 455
43376 8 2
854491 144 24
866571 204 89
485273 22 16
498748 79 73
665555 41 18
710151 6 34
303517 99 33
437319 137 29
956657 87 21
867601 169 12
994996 12 786
828156 59 19
479577 60 17
99187 25 2
953065 155 18
264553 50 32
188326 38 59
866738 178 13
334401 72 19
646620 50 115
820453 171 7
569271 8 16
223281 14 43
543177 11 17
690251 15 28
557117 61 147
817621 224 15
624424 208 13
904877 277 15
899577 111 22
732439 112 63
871482 124 6
668507 211 69
149589 49 9
713625 145 52
464601 36 322
97708 11 957
152131 36 27
376105 125 44
997793 246 116
248756 67 42
233484 58 36
979126 4 62
779395 7 32
102566 26 20
873587 270 28
964989 237 9
636326 86 12
62719 8 190
86801 7 14
885317 184 6
546852 138 79
466887 3 107
749001 209 32
976526 319 16
957993 78 99
528951 79 119
521974 74 11
333489 12 12
171486 37 35
97325 2 17
887926 42 125
678845 38 31
618117 117 42
36412 3 20
929541 293 19
31231 2 1
431715 21 55
439121 56 13
821637 269 12
833481 90 50
157881 28 57
971024 66 68
482009 94 35
859301 197 43
727341 136 563
311501 99 6
313829 46 16
221952 71 47
396921 86 52
356989 68 39
9809 1 17
493729 123 12
257797 23 42
788098 66 10
252935 71 45
707615 233 5
826728 251 36
144383 8 1
424206 117 119
890885 225 9
668775 2 4
256884 17 9
220821 3 21
398189 13 29
333661 5 49
932826 214 14
459578 122 26
480847 52 5
235557 74 17
103571 11 29
991443 13 7
235274 27 20
342345 6 12
840049 232 44
105008 19 3
254251 54 3
689562 11 5
498585 100 9
97415 15 2
316704 90 6
13803 2 40
42201 14 30
525031 122 16
904335 7 31
345741 1 118
499384 149 10
852129 25 34
375311 73 77
138753 13 13
930675 217 257
161014 33 81
937141 64 139
643429 55 35
123019 7 69
565329 68 94
997764 48 15
427804 79 34
533428 137 43
556516 31 41
69755 15 33
235489 15 82
664137 143 23
607697 15 18
118013 31 6
672795 214 30
726767 12 65
831077 269 2
868620 166 11
368307 5 32
782118 240 33
466817 92 7
839221 266 54
598869 188 32
963845 126 9
91197 20 56
802683 242 23
278309 70 66
465343 106 1
747667 70 21
516976 130 12
44097 11 30
871377 18 34
89103 24 23
919319 159 28
319034 91 71
396735 49 120
671989 57 36
824305 141 7
235969 74 7
822569 129 28
293219 45 30
571171 26 9
309669 96 10
116001 10 18
415341 91 18
982556 202 18
52577 10 26
694181 34 198
828483 24 14
538053 30 28
341425 17 79
454341 98 116
77405 6 50
932780 185 83
963189 188 11
739459 142 531
63121 6 7
51061 8 29
950513 76 11
102296 3 5
98798 7 104
260609 79 34
630087 175 4
825321 244 10
54707 18 27
378301 17 5
541646 5 15
493081 108 16
311962 99 1
596616 57 98
918161 39 3
263979 29 428
953695 102 22
698381 56 15
394072 68 9
886565 228 36
58475 4 17
543996 118 78
486321 83 448
943601 191 63
884702 192 256
579951 148 94
805825 165 5
441561 20 39
266673 67 86
96011 24 49
902331 127 37
783477 12 125
385427 81 20
697321 54 14
837127 60 7
199202 39 7
225697 46 11
546633 166 70
31951 2 86
211881 21 55
571609 72 4
561089 77 35
493881 81 33
139285 43 15
679623 42 42
862425 269 21
613835 133 12
938121 142 2
658552 66 33
537724 101 25
943367 314 33
739079 3 459
456035 30 24
354897 50 17
563258 137 33
779277 55 16
147280 19 24
786872 30 38
397248 55 46
106710 28 92
106806 5 54
681322 40 54
868961 288 29
446541 108 64
926688 265 112
419985 44 69
487084 137 68
312598 81 21
749092 126 58
768177 135 23
712217 172 15
245533 54 17
374289 19 12
283929 46 45
973620 112 18
468161 14 18
835311 143 4
913521 215 1634
778908 48 63
724265 194 32
352523 97 11
573545 68 13
652873 201 59
452777 83 105
638602 73 22
511229 5 41
312751 4 6
513917 105 76
70733 23 35
246252 57 56
349503 64 36
964297 240 16
79757 20 79
393027 51 60
80342 23 55
337576 72 42
927259 54 43
463519 53 128
665067 210 730
75551 2 56
862497 201 38
319258 63 8
506881 95 22
108001 3 231
753024 8 90
23787 3 19
794351 170 78
755687 75 37
811509 208 3
95836 9 20
826976 145 44
649573 17 37
609382 179 40
674819 119 9
391425 57 13
539417 14 13
455365 93 150
502777 137 55
136669 15 12
758977 86 10
560941 124 96
845955 142 43
216895 21 43
334511 65 9
266366 34 25
695785 84 40
439887 81 106
413658 125 147
137814 38 38
951965 221 38
734073 235 741
210579 59 45
591608 120 27
486457 111 4
612241 75 27
996061 240 6
697611 227 119
662969 185 21
646226 127 1
639101 206 26
585388 42 22
225734 57 8
377106 69 34
87765 3 498
704575 76 8
874103 271 30
925789 133 31
979775 11 20
710306 213 7
314503 52 51
744262 247 23
63657 17 28
816284 234 35
769531 53 208
943530 78 47
556089 5 9
194780 50 21
312497 46 20
812325 132 30
357345 69 40
83923 5 59
756561 177 34
141001 1 71
456732 47 8
975520 20 112
551784 155 52
363125 15 161
747841 109 11
665459 37 34
890191 136 86
203540 19 91
52593 2 42
431585 65 33
740945 26 10
785797 30 14
222501 22 84
447652 92 29
254848 67 3
117152 17 6
976290 15 28
881771 247 92
878401 16 7
356861 106 38
447361 33 86
256491 28 31
403157 106 493
345597 66 13
647126 178 9
143262 18 105
708911 9 140
442311 121 53
154721 1 13
228140 51 30
608055 177 13
450701 87 6
784073 218 6
535509 177 33
475076 70 2234
113026 21 30
952801 28 56
588378 149 356
354269 62 55
120386 38 403
142581 14 226
56269 1 2
140208 45 13
628251 165 82
349826 38 70
3387 1 4
865065 83 2
100641 2 37
745209 118 86
245353 58 25
129893 42 29
574631 164 16
920383 295 18
749653 65 70
422291 51 22
727577 32 396
290493 26 10
352891 13 12
781737 63 43
164175 17 952
950178 197 3
686876 20 37
947099 121 54
545473 85 40
899581 175 171
720739 141 11
615231 150 48
728765 216 24
603012 136 88
797420 199 16
241377 11 7
488913 88 56
292503 12 16
713861 52 57
653553 28 8
188297 11 5
320417 91 13
949397 82 86
630891 80 27
575429 188 1
234235 11 22
299825 53 32
330301 52 2
376191 115 16
662709 22 12
191843 20 33
529836 94 21
298457 53 31
998282 225 28
221481 45 2
513827 152 53
550173 156 19
329697 89 51
561376 146 81
611891 64 3
129639 7 1
526992 148 22
143225 2 14
855133 268 140
836497 248 72
134097 21 37
773401 256 110
648801 187 22
185266 45 4
916405 145 18
560281 79 31
474641 65 12
23900 2 76
559419 47 82
319413 6 26
221225 68 8
50905 11 158
770533 186 58
63446 18 38
45849 4 145
176665 47 40
127186 22 209
143981 10 18
8351 1 6
718238 28 1
204481 56 2805
246093 12 6
280629 48 5
11757 3 82
529313 78 101
748441 165 34
590066 94 13
617516 205 29
442661 142 31
375089 79 27
34499 10 12
121150 5 276
819251 158 11
6522 2 67
983169 197 30
214523 50 2
35833 5 28
195656 59 27
471190 61 29
143935 10 7
556623 44 477
371299 56 6
4955 1 26
690313 133 27
382985 69 17
130953 39 205
527840 148 13
356808 80 76
616345 22 2
281107 50 154
383391 50 36
699259 98 30
334093 52 471
76874 16 29
542544 5 68
605467 89 40
988791 246 421
342491 30 50
229781 41 59
948852 112 26
833665 234 12
922465 196 24
366411 14 38
282652 40 52
798446 107 110
399415 41 8
855881 29 59
100985 12 30
894189 121 67
815489 37 27
5513 1 31
175720 36 3
802027 146 39
231967 73 8
3235 1 56
69865 2 83
659694 38 2
809087 18 29
776847 247 81
248297 5 29
316433 101 25
313479 18 17
769191 70 13
612785 161 44
470676 117 3
510858 87 22
724167 21 25
140305 40 9
848303 67 34
199884 33 73
968678 312 13
825121 63 59
232645 46 27
432751 80 7
389299 29 13
208149 57 12
238129 73 17
820401 121 7
854951 124 26
571845 15 39
905672 240 16
459029 52 44
383321 52 36
230145 20 87
29508 9 330
560225 41 16
61985 18 16
649267 106 919
395969 26 17
266885 2 13
398873 92 2
399694 118 208
763041 109 59
141409 27 43
780120 223 40
364141 61 19
740917 159 7
374049 90 31
38002 5 11
811232 112 117
605389 105 58
669803 174 78
253365 84 55
261743 5 37
448243 128 43
666885 73 32
174092 25 6
832321 205 18
485538 158 20
460505 131 10
543193 109 37
73126 4 16
287041 40 61
707473 114 13
272761 9 57
993681 18 57
58433 8 75
42047 13 19
72717 6 35
267093 78 51
867659 238 27
48045 1 2332
548944 21 23
11042 2 169
355396 67 584
896089 79 73
134348 7 11
454422 7 10
891065 211 19
762573 107 13
992989 12 32
613555 133 47
862981 235 31
989357 279 3
665976 217 55
106266 26 20
649025 181 8
197156 35 20
385905 112 214
10239 1 21
68686 18 35
710308 24 8
595454 173 10
272609 61 54
504081 94 28
523905 39 22
832251 163 79
350663 60 46
227819 29 4
475565 41 18
131521 3 156
523267 168 4
310526 50 8
345671 110 24
380626 38 23
471915 65 3
608239 11 52
696681 88 57
48049 3 96
373364 77 14
338761 47 271
514323 96 36
551851 2 53
371449 13 24
479033 50 1
62441 6 25
752477 216 160
269751 25 60
577196 73 122
713725 139 10
921325 176 341
217365 31 38
100996 5 51
681573 109 25
727083 125 138
56461 4 461
400376 128 872
355301 99 2162
876940 63 34
674997 122 33
792993 143 12
959901 298 46
245830 59 26
951155 189 47
539951 156 28
751617 230 9
96708 29 38
295645 41 184
215883 29 137
131729 42 7
326291 73 8
821496 50 26
154014 23 1
979761 69 487
267913 47 9
876881 139 30
980723 271 205
716516 204 30
110719 34 25
678716 72 45
200741 7 238
491400 117 57
965831 299 562
670201 14 15
403346 30 27
37617 12 5
526865 126 15
563501 41 12
638961 203 31
557047 121 92
543094 110 5
974809 208 36
201249 14 51
209136 9 77
589521 149 27
242766 18 24
469743 24 90
555715 51 31
471365 83 49
914911 281 1
970817 255 32
742686 143 39
427233 52 23
14521 4 14
872452 42 2573
68576 14 5
44414 7 66
161117 42 95
77085 9 26
446541 104 79
361509 106 40
772263 183 59
447104 96 55
901741 218 1
353985 90 38
659525 98 1
114821 10 128
708502 89 89
921493 202 15
78622 3 48
812537 200 8
882848 163 33
128625 8 14
554593 110 33
705047 85 10
144001 39 57
246917 28 4
737605 53 23
152521 38 8
479287 17 7
377881 8 20
519521 7 36
535125 38 27
135126 36 33
872561 225 71
51425 1 323
126907 25 31
260741 65 30
101565 21 38
506814 90 21
431969 89 81
598601 5 83
3744 1 154
923021 280 36
764481 138 201
265323 47 7
973901 242 210
189369 5 16
180113 9 39
130591 42 63
412801 64 44
630960 123 7
125000 27 22
922913 185 8
905216 38 2815
197423 52 17
730621 100 13
83873 26 40
895642 114 20
425134 73 15
219583 39 8
370907 89 30
880281 74 135
636901 93 60
694145 139 28
11761 3 16
590867 6 88
635286 111 12
342121 46 60
421661 57 27
610771 40 18
649425 163 41
555729 77 15
972782 75 40
675551 18 14
244395 52 30
546998 36 2
251029 4 20
983403 132 8
964213 21 7
103439 27 43
545941 127 14
662844 41 304
624933 25 17
634487 79 28
274923 76 32
116303 2 18
261540 79 9
34629 1 106
466039 114 77
578001 40 27
901701 140 102
278520 34 26
739827 115 1
802001 179 3
214089 13 7
639751 73 40
613233 116 13
950362 224 26
569431 137 31
985601 128 33
167241 17 60
113608 6 8
205422 33 13
681321 222 24
646553 207 22
281455 42 70
511665 78 34
272449 29 58
889601 42 22
691931 178 174
994224 145 364
27925 1 10
99705 21 17
354151 115 25
747352 147 32
245201 10 27
946971 304 23
362941 52 15
304213 56 16
380441 113 20
156301 32 7
606745 54 58
510906 119 40
704381 22 197
15961 1 2
102866 15 274
101733 4 28
11785 2 6
156563 34 44
817950 80 25
619602 71 1370
664969 53 33
177861 48 38
51908 17 18
422704 94 5
354901 95 4
411897 26 80
645295 114 32
845671 192 23
272925 70 23
487153 64 40
730501 34 123
395942 24 6
24441 8 50
858933 120 225
352594 105 92
943481 167 19
810401 113 31
973275 48 65
594421 78 17
833205 72 181
701841 151 26
552609 30 40
855479 145 51
929857 300 10
839874 76 121
89237 24 53
806017 259 203
625364 122 2
282300 52 21
382289 41 4
624781 63 25
523491 1 14
946716 243 25
272746 25 15
527361 126 113
965763 165 33
6565 1 16
904589 259 18
97092 28 1110
738405 229 1
442011 24 16
81331 12 8
92646 28 28
122385 33 32
402505 13 40
497881 107 24
179854 46 6
431139 102 63
741063 64 102
700808 189 50
778330 24 21
794496 119 16
590789 156 56
214070 24 1
105416 33 37
730211 90 21
550433 161 65
536957 90 38
406111 55 8
830014 275 14
946299 244 30
15809 1 35
533251 124 22
209105 52 17
407474 10 7
676697 163 42
625305 198 23
956558 126 92
479297 120 6
663545 35 56
494801 30 31
220801 56 9
988963 196 12
622284 187 10
957546 196 1732
294795 13 41
217841 59 73
637718 158 18
368225 90 9
714421 39 21
341023 80 65
522455 60 29
989895 281 40
4945 1 13
162847 24 20
46332 1 17
888543 97 1
576463 185 78
206175 23 42
791377 187 16
719005 150 9
338157 6 13
326816 29 48
301524 45 44
160776 32 16
218849 66 88
896888 242 38
235961 19 6
337081 84 40
504576 49 2
74874 22 20
699167 204 26
382946 71 75
450693 100 121
209291 52 26
993351 24 8
914016 1 45
116309 33 30
836874 79 65
374183 26 40
677083 152 47
156150 24 368
859585 4 40
342860 62 27
229969 65 81
522447 56 186
748068 166 13
693536 70 590
351840 79 50
679911 19 6
888011 238 19
617233 6 34
587441 174 95
908760 161 8
830493 256 25
328395 9 73
145501 45 5
13801 2 20
40355 6 15
226366 22 43
459374 35 46
146746 20 422
554537 126 13
852001 38 23
606251 167 99
625401 194 52
328301 3 51
467505 139 38
587742 116 41
438521 100 23
913022 188 4
84694 20 7
127968 11 30
621094 55 323
76068 13 23
111686 19 23
693116 157 29
913441 251 41
502185 34 64
441261 26 87
276281 42 11
283739 21 5
89249 26 370
291411 42 17
85937 19 31
624397 187 29
1000 3000
206881 57 30
661721 102 1
128001 40 964
577281 37 35
485798 133 4
170461 16 870
605729 34 13
834793 252 13
376269 76 20
216091 30 111
79651 12 38
637647 178 33
781401 18 76
245299 66 3
813869 64 16
945689 221 42
497686 112 220
565671 110 49
680321 71 10
107941 25 199
688325 210 33
855425 222 6
123071 7 326
197815 64 5
734691 36 134
386120 92 119
803508 98 36
85513 28 25
373761 76 14
596746 4 33
229251 21 35
861861 156 30
447210 106 74
602214 198 70
711433 68 49
399533 1 24
302533 53 48
331501 25 136
491817 99 13
695501 3 1
577726 120 31
204621 66 6
944193 159 69
191417 27 49
589299 119 59
573852 153 125
740751 213 639
575727 111 46
459440 20 21
420262 110 1
533601 95 4
630880 114 260
350433 78 23
300439 62 32
324443 45 534
120333 38 5
771657 43 22
13373 4 28
581526 132 68
683013 207 25
499005 54 112
519278 143 973
713993 102 37
842303 51 36
77171 5 17
211673 63 123
760245 123 33
827391 152 15
759297 169 19
157979 20 354
780470 8 31
932101 72 137
215485 10 105
505889 57 68
890701 12 36
260676 20 176
744256 220 17
707177 78 46
629381 27 7
852319 35 20
271457 74 34
186285 41 2
10353 3 14
773821 167 17
350191 100 35
638600 21 45
974591 3 460
725675 1 24
920537 49 3
45641 6 11
900641 290 11
376001 124 19
478979 140 1
689341 164 55
719953 58 16
791690 93 7
231951 23 7
746718 201 25
854081 234 2
120201 29 39
843986 227 125
22755 4 32
750857 216 39
744921 103 20
151098 13 19
581711 160 73
59998 5 56
835311 22 10
663260 106 55
479426 72 8
582557 120 42
715493 71 12
833289 266 3
195083 20 10
40511 1 10
852562 227 16
701633 83 10
743233 74 87
670473 123 32
352633 48 97
784665 147 93
858168 82 37
838037 109 49
553939 174 156
43220 13 3
690271 177 134
311040 74 278
38826 9 27
859576 42 53
544901 132 63
213522 23 21
563341 88 33
364641 97 29
721496 191 135
834765 145 12
301730 86 68
799577 167 79
87073 3 24
498501 9 18
643201 124 8
62773 19 17
360153 86 7
619042 106 16
563473 137 20
988903 139 7
147751 2 44
862593 167 30
872985 45 1
556825 151 72
7889 1 150
505856 74 16
181421 47 7
158428 40 31
285089 64 11
463909 41 57
631889 132 22
559365 1 43
597327 28 2
784594 87 43
577690 190 6
548561 3 71
561358 109 10
429557 48 7
314869 28 23
317471 96 65
180329 24 64
200501 63 9
155402 29 14
154677 14 14
904461 243 262
933626 36 20
968541 303 35
949343 181 24
550751 34 74
870476 252 41
281195 36 31
568717 88 38
584299 57 12
145231 45 32
381498 4 32
904049 200 187
161281 36 26
431057 122 50
531186 76 24
723757 68 29
488887 74 423
101593 21 32
66329 3 9
743181 42 12
337417 52 25
45629 10 25
277315 30 125
343117 28 155
892065 185 110
343759 18 5
888789 53 34
784848 57 21
960470 60 11
797281 259 7
352845 116 42
684961 206 297
162605 44 25
516921 82 477
689418 164 13
339201 106 56
264657 16 27
578049 150 30
704701 189 68
862742 194 46
717033 39 21
593227 124 4
664876 79 7
537276 118 23
44824 5 24
907411 55 40
825694 52 12
548749 12 10
569016 26 10
704226 21 63
612177 53 6
214829 36 38
212175 4 139
444461 90 17
291017 26 787
573076 35 139
102049 15 23
143051 46 1056
708116 217 46
167097 25 39
72282 1 83
771896 23 182
474341 40 5
547589 142 18
63006 7 215
799297 56 152
721002 203 11
869009 265 27
689029 83 68
299487 13 51
992051 127 30
121369 2 93
658371 198 698
309261 1 3
6205 2 2
873885 228 4
806483 179 35
746357 241 55
409025 125 1
993947 146 273
438850 73 142
875011 239 48
809699 47 16
105275 13 14
906529 90 26
889098 201 2
885483 104 34
966501 188 25
474436 94 39
300545 16 24
292153 78 56
341825 3 25
219075 4 5
43321 13 26
951793 210 556
791090 106 76
903224 106 25
439277 42 14
565568 59 40
286725 75 37
192827 26 57
787975 121 29
100874 14 37
573095 6 30
690135 193 224
156812 26 8
690476 131 53
805540 88 33
611254 72 6
791230 216 66
880126 78 328
197185 41 26
930761 205 70
721189 113 91
964609 29 50
575381 86 5
555310 99 29
876670 278 217
220161 4 17
248038 9 39
666706 39 52
952891 150 16
58977 12 6
823251 271 38
570807 21 10
461753 49 9
230981 57 27
486802 50 39
946568 265 14
784781 222 63
497284 81 17
885646 102 29
30529 5 2
411846 134 30
991857 293 37
781690 241 6
88801 1 37
606552 10 50
679295 193 2
91441 10 95
56445 3 9
494885 17 1
439191 123 2
244795 47 2
22199 7 45
83986 12 101
403314 61 1025
122757 34 5
952839 157 14
156197 23 17
26636 1 6
68577 16 2
634921 154 26
693561 183 33
557493 166 14
892901 33 4
177499 27 14
895901 214 167
303757 72 44
852976 279 168
337807 76 95
656550 1 132
139745 22 20
209567 29 136
876781 52 21
94211 3 87
776169 43 165
739013 30 9
568446 134 30
179615 29 27
367733 85 4
381534 125 13
773965 230 58
751283 75 43
938517 228 26
191757 62 30
26937 3 20
161765 43 24
159408 33 25
941551 268 14
998741 316 18
847629 129 2
712317 78 85
487837 97 70
694145 20 20
17856 3 76
119661 22 13
171620 27 14
635107 128 35
111041 34 23
711460 178 29
373865 94 12
233306 49 16
918842 48 4
443414 15 10
242376 27 15
796979 136 12
281856 63 17
186376 8 11
54947 3 5
996986 205 39
419495 9 303
904382 72 28
62091 20 23
393576 112 47
768150 180 1
70051 23 79
986665 196 39
206866 26 6
806529 256 31
159092 5 23
825547 67 167
93891 8 40
848809 178 15
993801 152 56
611939 115 89
485495 106 11
132961 3 181
297731 27 50
677080 138 103
327733 18 303
135773 39 30
282971 84 45
832437 23 62
89649 21 60
283283 5 11
189751 21 16
106449 25 19
923986 34 65
57893 17 47
623537 159 7
55711 17 6
237441 14 36
342731 48 90
424761 56 111
679783 106 103
333671 78 27
72881 18 286
245121 74 64
128561 13 1
711766 226 20
95586 6 533
824471 83 221
63585 3 24
901391 293 9
74776 20 14
535614 142 19
414901 103 2
582458 110 38
418643 129 84
375425 112 21
333761 88 3
428221 127 24
293729 82 1
102689 33 51
230749 71 1315
933682 233 70
317975 57 57
383983 71 45
903121 242 22
745246 50 975
509135 106 56
955145 175 26
145891 18 29
605756 176 40
31291 1 275
407473 77 37
466983 110 5
754001 117 25
478097 37 35
324009 76 17
706451 223 147
268369 62 29
278099 72 15
582599 1 83
68436 18 1
379638 15 96
120239 9 41
905821 300 183
652886 124 27
865721 164 28
191921 30 79
506911 84 31
813376 5 20
460811 100 75
353646 103 35
526225 147 2
290024 49 14
50135 7 82
678913 60 54
407489 76 228
780814 220 27
489641 67 11
693687 156 17
955183 55 33
488714 59 8
196911 25 43
531135 27 4
496557 6 28
45931 12 24
581675 51 18
76733 7 17
839365 167 20
639061 139 27
597448 164 11
792307 113 26
575345 32 18
733197 182 722
541852 90 77
495121 124 20
413523 1 163
780041 26 13
663236 84 13
114271 32 17
997383 305 30
404863 38 18
344731 90 22
906713 123 47
99361 21 85
701693 156 19
526098 49 76
843807 176 42
789467 182 20
313753 21 85
714037 210 42
608791 113 186
374661 88 34
319525 9 11
129731 11 45
989097 2 17
695237 226 82
758069 131 2
830936 22 12
830661 132 18
705271 164 13
368205 84 27
103113 28 51
814553 107 63
943601 105 34
131192 37 58
10335 1 22
398261 104 26
662038 121 2
182861 20 1410
291759 37 24
94229 10 489
43097 3 6
661526 103 100
349721 60 36
330306 69 31
46228 5 148
754996 189 9
943646 37 39
495732 124 6
79196 26 32
578315 67 30
650343 140 19
940825 192 2
208121 42 10
934093 149 19
686876 136 55
387555 45 25
924031 201 23
693717 24 5
199655 6 77
875009 139 3
815026 248 109
609513 164 243
711276 189 109
638521 24 20
320756 13 117
130153 33 23
683298 50 2
536871 79 78
514357 112 36
514609 135 24
814765 31 108
835409 78 123
732717 237 37
95249 30 37
101387 17 28
592541 154 28
341611 52 10
887641 287 528
314113 56 11
35545 5 29
978231 326 25
426977 20 88
204929 27 60
600841 75 39
353563 15 46
373361 84 98
887789 134 13
107282 28 23
597178 84 8
822271 107 34
316025 42 48
240366 5 33
922521 100 36
663583 202 38
325157 43 14
853967 269 12
163691 29 25
530906 120 25
596936 17 49
180021 3 11
823801 243 35
858492 73 8
858529 208 5
770209 193 6
610689 23 3
184605 28 36
487652 13 71
257651 59 18
244986 32 98
598609 163 35
608812 100 14
439280 25 44
797199 249 5
30138 4 1
537627 41 26
996033 275 126
841284 204 19
610561 136 5
273921 53 1492
435921 50 30
857759 255 32
697413 143 9
459147 46 11
357857 90 46
577839 47 20
417705 76 177
206861 67 52
465185 127 52
828895 53 10
209836 67 19
938682 88 9
573096 70 34
85975 12 19
137631 31 1
897086 91 53
727042 63 4
425216 8 66
739301 160 51
299089 79 9
27298 1 75
993741 314 8
670495 27 134
95891 16 53
583486 99 12
782121 227 20
293961 38 24
158493 19 33
374311 55 23
124881 10 282
911829 268 18
168376 41 47
418213 43 7
437321 59 45
111585 16 27
874806 148 29
220707 1 353
341421 42 73
527718 150 70
287681 32 810
701066 61 23
666449 210 24
613929 154 106
738727 56 14
701892 23 3
669601 182 8
122438 15 20
857873 267 93
438908 11 18
77253 11 103
19913 5 62
35206 4 31
514777 113 13
294512 96 20
791779 138 401
188125 28 32
855665 81 34
509505 7 28
67567 13 45
431811 66 62
975889 308 65
264852 84 5
954253 210 30
589953 160 16
129471 29 64
381218 8 26
110277 23 208
521298 145 69
705281 116 61
318651 46 144
661507 71 33
986557 29 73
517305 111 181
342014 82 8
445740 8 29
233963 13 70
412609 110 28
936698 305 10
162260 19 79
268462 84 31
439337 120 4
168739 53 4
628581 92 122
536522 117 2
382405 53 119
907503 152 10
183251 34 27
75839 18 11
758061 162 63
967687 275 38
569300 177 4
220617 2 28
974733 241 159
244195 50 56
674979 183 18
791993 258 41
251457 30 10
519017 100 2
167579 36 33
766767 38 49
491306 151 2
974177 190 50
602945 102 50
429481 9 106
830079 143 58
783849 85 25
928131 173 6
730306 190 127
677006 171 46
527269 89 13
833601 193 34
679121 151 35
342343 17 40
371337 88 2
770321 58 47
991093 66 122
117262 16 51
203158 13 45
935751 106 182
367601 35 4
548813 60 97
469269 30 189
740801 199 54
692471 22 10
848009 84 28
986281 48 277
505621 42 5
761401 158 28
488741 155 6
673297 53 26
782691 201 17
26075 5 45
214713 51 44
235935 68 6
90049 2 34
906176 174 25
300071 5 128
536094 149 112
557777 57 43
37047 1 381
95001 5 9
470057 6 12
310664 84 30
885297 215 17
703451 55 7
67401 13 11
346209 47 22
696202 70 7
939400 110 6
400781 108 19
636669 36 85
696422 29 16
890876 226 16
800616 117 74
438465 87 35
90051 20 61
197679 4 7
58816 8 294
24537 4 31
43429 6 25
726965 189 35
834259 196 79
12701 3 168
677921 129 44
447817 71 22
34097 9 38
265625 85 65
559738 81 48
41393 2 32
910048 25 26
108217 31 7
655176 92 32
273187 25 116
232079 11 53
563061 110 5
762897 93 47
74271 6 132
737961 58 14
988081 232 7
965594 166 4
589037 63 30
965902 7 2
18582 1 8
956454 316 162
864081 170 1
986001 238 471
510041 159 21
522916 77 91
248355 64 61
418787 39 47
679609 135 22
351693 14 67
439117 35 1
410155 42 35
971526 319 203
5009 1 57
382617 94 24
518721 52 458
760001 71 7
977529 109 33
896988 273 24
58007 17 10
710319 28 14
506041 96 4
642602 196 19
688087 42 239
860553 196 4
521883 153 137
902441 81 3
887413 230 18
413460 64 72
377954 124 37
863249 113 21
539941 27 3
831399 207 150
421203 31 22
987391 259 25
104875 21 41
462461 133 122
362838 34 19
40353 4 4
587737 90 4
329473 53 62
165591 15 28
403009 1 19
576221 29 61
197641 42 54
692083 178 11
453677 39 77
830987 21 107
847825 120 44
562560 133 47
580981 30 7
449236 143 4
209552 21 12
450865 144 40
589239 18 26
701811 2 19
720345 222 23
816133 193 5
817801 131 479
379441 54 2
538288 35 32
428366 93 28
198117 21 21
697619 174 12
106167 26 6
997681 62 27
446549 28 23
927581 160 30
797237 147 79
267026 55 3
373881 110 21
11177 2 106
995099 122 87
637115 183 200
662977 31 42
660705 166 207
172885 55 39
493341 129 20
568821 168 26
5267 1 19
181317 46 55
915411 59 35
674217 3 12
44881 13 21
907685 181 4
880876 192 104
775339 219 39
576242 108 89
58467 10 97
355065 100 72
615592 175 1
363177 4 45
913975 29 39
624465 175 11
752406 111 30
983240 255 101
90206 20 42
30110 5 291
128241 24 21
280634 65 13
198021 56 2
731695 189 11
14801 3 39
873967 287 380
739027 192 13
723569 12 7
773389 152 1
334701 17 7
974913 211 28
46015 14 23
366041 9 80
466434 132 16
645571 213 8
148962 28 4
846430 19 49
850341 261 10
476745 65 65
181981 51 3
943191 301 43
541675 109 221
822533 90 72
639073 89 18
897246 172 41
4999 1 6
830005 76 46
514456 163 628
957765 37 13
114133 19 34
264609 52 6
330441 87 52
399801 12 97
990093 137 18
609890 120 519
145389 28 37
871146 179 4
369745 111 1
308121 64 31
671269 1 2
489687 76 30
43532 14 296
341265 76 86
382877 58 100
999361 233 55
390370 130 460
380786 33 21
281929 26 331
238187 20 169
810338 246 19
622295 132 7
955681 241 136
982191 286 28
721818 165 18
869631 140 34
928844 125 127
978493 13 14
644885 171 24
490191 94 72
229801 5 42
647825 69 29
925481 211 1
115591 5 5
975881 309 111
592065 170 320
643211 202 65
570077 90 28
371351 39 8
848876 36 444
660908 187 27
158221 21 108
411191 55 1
517301 142 16
192801 29 30
389347 126 16
343237 19 94
919097 23 41
794241 6 20
873082 73 22
216965 30 86
641057 191 35
750561 139 37
221167 56 7
791357 115 34
336154 7 44
210327 60 41
358200 15 10
414073 81 27
598193 192 359
268107 22 41
127009 1 19
685687 154 20
321041 55 4
584437 136 41
90051 13 3
856557 220 94
985515 250 3
565256 12 31
798782 166 18
882927 170 26
223927 71 30
573876 186 30
598681 179 1
250585 68 17
943093 281 29
833664 244 7
453331 35 16
231996 22 26
431919 66 620
285169 83 11
492861 152 6
907616 202 41
329721 97 86
48705 7 14
61891 4 44
525551 3 53
293785 62 29
164427 31 1
429738 112 23
60302 7 22
121326 7 24
259041 62 8
141009 14 12
270065 9 30
11127 2 10
715581 215 25
