5
1000 3000
50351 0 15
332871 0 10
121935 0 28
944795 0 33
916992 0 52
601630 0 7
360778 0 19
692841 0 27
281315 0 21
837136 0 25
536529 0 1
530921 0 16
486207 0 27
277369 0 35
242169 0 13
34078 0 24
12553 0 27
697095 0 107
437881 0 31
595985 0 63
35251 0 20
787933 0 1211
252959 0 38
919625 0 14
41091 0 92
541281 0 32
306561 0 6
630728 0 15
808368 0 46
259713 0 137
4301 0 18
665281 0 77
607782 0 30
793947 0 31
769161 0 306
516190 0 45
714008 0 173
361503 0 11
465201 0 29
684169 0 59
432057 0 24
930873 0 18
430813 0 85
12369 0 37
678925 0 22
318993 0 4
789851 0 7
64431 0 1
772571 0 38
932579 0 7
923905 0 60
228285 0 20
969001 0 65
84197 0 15
122771 0 110
986641 0 42
406228 0 60
271861 0 33
982023 0 27
470465 0 16
982383 0 6
345171 0 13
283800 0 42
108698 0 61
12493 0 66
419177 0 38
804080 0 28
122306 0 37
79971 0 272
611361 0 28
615201 0 19
777649 0 42
196279 0 36
297855 0 13
671815 0 14
445137 0 20
940473 0 9
573056 0 67
380710 0 30
948129 0 27
378541 0 40
28851 0 22
776501 0 14
283847 0 1
527988 0 87
955581 0 2
861613 0 36
250781 0 30
607377 0 22
260057 0 21
624897 0 795
826089 0 22
639484 0 6
795990 0 49
483049 0 1
532297 0 33
773195 0 36
992891 0 556
432707 0 19
785221 0 40
732976 0 20
932771 0 69
285964 0 24
861257 0 13
479441 0 20
777465 0 58
48626 0 32
89179 0 22
714207 0 20
394653 0 9
951054 0 43
639111 0 325
987038 0 39
5033 0 53
595995 0 23
421241 0 17
552127 0 165
77512 0 3
579736 0 30
203550 0 18
133953 0 6
135463 0 4
828294 0 7
127775 0 46
298973 0 318
455451 0 205
399377 0 125
795929 0 4
170574 0 13
121585 0 109
671451 0 40
490633 0 81
234369 0 4
947026 0 114
599301 0 151
271643 0 46
8493 0 25
905589 0 53
540681 0 5
768421 0 18
601561 0 48
180701 0 70
45489 0 26
42971 0 54
566459 0 10
911809 0 35
575756 0 48
934145 0 20
126016 0 24
511190 0 15
655153 0 28
784241 0 30
299387 0 28
468756 0 17
286481 0 18
858737 0 91
390894 0 14
408635 0 38
474161 0 13
284065 0 35
540729 0 49
147137 0 16
950619 0 13
488657 0 10
462655 0 17
805537 0 26
856401 0 45
834676 0 27
507158 0 25
371011 0 34
230473 0 5
22209 0 1782
299098 0 59
313281 0 24
272281 0 36
902477 0 22
615658 0 110
357928 0 20
636889 0 22
876063 0 125
866526 0 11
407263 0 51
641313 0 9
11035 0 74
60737 0 19
995755 0 81
952791 0 36
741392 0 4
442869 0 61
681819 0 121
642781 0 55
831404 0 70
256569 0 33
120641 0 31
103791 0 25
417621 0 53
456128 0 32
67407 0 151
689585 0 7
413777 0 80
235137 0 24
775053 0 4
446181 0 36
152940 0 3
509557 0 9
919194 0 135
347930 0 27
959989 0 22
738161 0 5
791971 0 7
307223 0 22
175446 0 379
248682 0 247
600935 0 731
764566 0 11
21945 0 8
330929 0 185
43726 0 15
481234 0 24
245691 0 28
492411 0 31
646441 0 22
420205 0 34
48433 0 59
957757 0 20
166241 0 106
857952 0 494
797761 0 1
969649 0 57
343399 0 11
69526 0 26
961506 0 32
634871 0 44
996806 0 5
129767 0 68
703857 0 30
385526 0 21
346411 0 20
768371 0 2
865921 0 6
72260 0 21
312955 0 2
518997 0 41
227336 0 31
91667 0 29
732481 0 4
771441 0 6
194480 0 34
724481 0 30
40611 0 19
405541 0 54
425672 0 37
958965 0 53
105377 0 27
231324 0 94
453126 0 115
36991 0 6
133896 0 27
119508 0 11
760204 0 1
799106 0 21
213658 0 1121
239385 0 15
163446 0 22
244479 0 25
765673 0 44
53498 0 52
760051 0 33
23605 0 43
163921 0 44
595029 0 62
400887 0 9
719021 0 22
266362 0 26
371137 0 13
21816 0 29
448725 0 13
318201 0 3
682177 0 2
784905 0 122
581643 0 46
280488 0 12
547246 0 25
91225 0 2
686481 0 43
276013 0 1
923141 0 35
146935 0 2
963777 0 40
421282 0 30
984191 0 17
839421 0 17
222541 0 11
968735 0 48
657721 0 38
25991 0 21
416082 0 57
346859 0 9
854581 0 31
411925 0 14
500867 0 17
790953 0 45
591175 0 14
570905 0 28
448131 0 77
25811 0 43
921151 0 56
177827 0 166
618156 0 7
34761 0 63
954017 0 611
446170 0 139
769909 0 44
319001 0 17
840281 0 1
780891 0 214
489693 0 2
581761 0 28
622811 0 14
820283 0 54
432311 0 56
383991 0 20
138675 0 19
95447 0 16
811635 0 59
525505 0 19
238841 0 109
513185 0 1
796259 0 15
259769 0 293
826937 0 35
356377 0 61
776561 0 24
521729 0 388
828810 0 66
751416 0 4
83701 0 26
988481 0 20
711636 0 280
166473 0 1
816785 0 23
356699 0 44
338634 0 17
10758 0 18
798913 0 39
873197 0 59
591693 0 184
906261 0 197
751140 0 34
51435 0 20
848709 0 14
21025 0 180
441905 0 5
918923 0 66
361541 0 21
835021 0 26
116271 0 25
559593 0 1
680561 0 366
901144 0 166
483398 0 51
342288 0 24
968199 0 21
304945 0 1059
684800 0 18
697936 0 399
468532 0 127
880169 0 46
241181 0 59
540703 0 15
460281 0 7
465385 0 17
357381 0 23
651282 0 5
601749 0 24
750771 0 2
741077 0 27
870799 0 96
533621 0 15
895199 0 2
778812 0 83
356036 0 81
290441 0 71
757445 0 4
535105 0 51
984513 0 56
268016 0 14
264195 0 129
305057 0 18
390086 0 101
38389 0 31
753191 0 16
914655 0 22
875409 0 183
474001 0 31
128815 0 8
123451 0 44
569087 0 38
361251 0 18
690646 0 66
129831 0 31
385593 0 60
660501 0 2
344461 0 74
614301 0 40
773306 0 36
891233 0 25
169777 0 44
933570 0 71
771077 0 278
672548 0 193
768627 0 448
607361 0 41
165409 0 22
744376 0 35
203457 0 38
112205 0 66
277181 0 19
363444 0 79
724356 0 9
372621 0 5
94639 0 17
156297 0 41
437705 0 12
301372 0 22
634192 0 54
334201 0 2
281681 0 10
268961 0 21
456051 0 60
241350 0 90
101082 0 31
668174 0 42
809328 0 137
439921 0 33
84988 0 27
992797 0 24
775821 0 21
36260 0 10
362465 0 215
491913 0 72
961395 0 588
984207 0 13
390109 0 77
938001 0 44
299495 0 37
116779 0 86
777665 0 929
404235 0 29
399101 0 44
279655 0 21
845287 0 33
977392 0 46
604887 0 23
132373 0 116
672201 0 41
273851 0 48
751999 0 28
529618 0 36
421189 0 10
134969 0 4
55105 0 40
398166 0 6
423677 0 1
279721 0 29
904057 0 259
928016 0 13
951889 0 28
684761 0 29
904477 0 39
526417 0 32
727141 0 26
123793 0 37
890699 0 12
370822 0 32
843525 0 7
260960 0 45
307343 0 90
194521 0 304
763247 0 31
155373 0 2
279447 0 1163
338882 0 29
407381 0 89
580135 0 10
731269 0 39
597773 0 20
919813 0 2
348587 0 3
214605 0 60
185786 0 31
891588 0 15
627127 0 19
915982 0 16
813527 0 418
107579 0 73
270137 0 18
413333 0 11
922233 0 27
734413 0 115
926585 0 106
645301 0 23
459961 0 27
9285 0 29
859179 0 69
761681 0 45
114236 0 70
390730 0 2
350923 0 8
738161 0 39
110845 0 105
411437 0 22
313377 0 25
953438 0 8
994692 0 25
594081 0 28
898693 0 39
525927 0 67
70051 0 126
184529 0 301
605841 0 30
173529 0 12
429486 0 3
151760 0 23
939669 0 37
761841 0 273
635191 0 3
912144 0 51
811056 0 33
173547 0 21
871369 0 49
954146 0 9
16321 0 17
803194 0 33
318001 0 3
176751 0 1332
799943 0 42
66077 0 14
389981 0 41
872529 0 17
357156 0 36
687681 0 63
378393 0 207
502795 0 479
242665 0 61
831998 0 14
521501 0 16
171391 0 19
135409 0 1404
294404 0 62
286205 0 36
926793 0 6
653173 0 106
160104 0 14
611601 0 27
30069 0 68
383904 0 34
489216 0 328
664421 0 16
365868 0 47
572291 0 13
463431 0 7
185675 0 3
872279 0 17
132025 0 31
53781 0 5
247694 0 9
361791 0 197
820161 0 68
79321 0 17
679271 0 41
426285 0 112
338019 0 111
664569 0 18
565301 0 14
984513 0 68
453265 0 69
913894 0 17
213263 0 128
460993 0 23
864597 0 125
713135 0 20
987493 0 29
95936 0 58
489235 0 35
991501 0 15
331055 0 4
971569 0 69
587882 0 19
859732 0 24
142214 0 26
238831 0 27
5729 0 70
630695 0 30
578993 0 17
521801 0 61
230406 0 38
429816 0 2
779201 0 197
271556 0 1101
728170 0 47
465025 0 17
111233 0 106
757401 0 11
966074 0 39
90453 0 8
808080 0 4
613561 0 63
671087 0 22
29199 0 21
395321 0 11
411400 0 129
686076 0 39
405033 0 67
422121 0 234
193673 0 4
311614 0 20
370381 0 1225
261635 0 95
619061 0 4
37273 0 50
691201 0 21
690401 0 96
753269 0 37
128543 0 102
123217 0 32
497591 0 97
649657 0 52
945251 0 25
861641 0 37
974509 0 78
255737 0 17
785636 0 39
393201 0 7
530301 0 24
977641 0 37
291864 0 4
422211 0 33
646351 0 75
998401 0 16
470186 0 13
425783 0 40
551328 0 48
763285 0 4
500541 0 26
86462 0 75
392385 0 18
953816 0 35
58499 0 28
365616 0 87
53435 0 52
570923 0 55
266385 0 10
133846 0 64
610044 0 3
674752 0 41
882799 0 219
149245 0 48
158673 0 9
794217 0 102
777801 0 28
638321 0 70
942501 0 88
693677 0 37
727751 0 6
836249 0 38
34201 0 25
412511 0 39
829157 0 28
593025 0 46
253295 0 17
71965 0 15
357273 0 36
414659 0 34
966389 0 19
936723 0 34
906791 0 26
219645 0 11
597857 0 55
970601 0 39
768951 0 53
881505 0 51
886386 0 7
647001 0 86
793971 0 33
609019 0 2840
931856 0 19
996301 0 238
680895 0 27
132411 0 26
677908 0 106
786771 0 26
361139 0 63
912609 0 40
474368 0 156
338462 0 7
209057 0 8
663949 0 8
183963 0 45
132835 0 1
898248 0 6
759264 0 1
702049 0 47
383336 0 65
565611 0 10
342273 0 26
601996 0 161
428300 0 30
265769 0 35
224644 0 10
319756 0 19
249605 0 133
660809 0 26
452409 0 5
698077 0 131
288955 0 27
653965 0 43
667029 0 47
830482 0 54
412961 0 29
744275 0 2
24826 0 25
340565 0 51
289592 0 29
336449 0 4
284481 0 164
529273 0 24
596806 0 4
704646 0 138
764757 0 32
326485 0 3
849601 0 24
376161 0 75
764643 0 25
665873 0 78
472229 0 94
336693 0 59
743109 0 27
984353 0 103
373737 0 17
890257 0 6
198267 0 14
430081 0 26
507862 0 20
911709 0 7
291105 0 7
387801 0 14
285429 0 13
150941 0 28
156807 0 60
89096 0 92
368326 0 61
312489 0 7
531173 0 83
678376 0 9
10666 0 3
825395 0 58
4171 0 451
445109 0 8
15265 0 11
781139 0 94
218911 0 26
827551 0 43
943745 0 50
283690 0 22
539906 0 18
227317 0 57
209065 0 79
315528 0 11
312456 0 7
229126 0 42
752415 0 108
841057 0 22
592496 0 11
188471 0 24
413032 0 39
343820 0 11
164161 0 4
853251 0 126
766401 0 21
204641 0 5
162531 0 154
51961 0 16
911692 0 31
348313 0 14
519137 0 32
108289 0 60
581851 0 67
881096 0 4
952271 0 120
854553 0 30
543001 0 28
863474 0 12
105085 0 13
632179 0 19
724451 0 9
860021 0 28
391518 0 243
381067 0 21
822566 0 74
98626 0 334
675175 0 39
606865 0 54
919475 0 48
778631 0 19
397121 0 8
234011 0 602
223033 0 21
611126 0 58
866104 0 5
664863 0 6
842049 0 2948
550365 0 105
152526 0 8
450009 0 3
346971 0 3
51327 0 12
603120 0 160
618526 0 99
689429 0 4
687201 0 23
976281 0 266
781197 0 12
270811 0 35
753338 0 29
833951 0 41
702796 0 3
441623 0 82
530241 0 25
455009 0 80
835865 0 6
833247 0 10
117271 0 42
285753 0 15
283761 0 12
61998 0 18
699061 0 18
81384 0 41
521383 0 1
570521 0 16
192865 0 58
816001 0 95
830801 0 66
806378 0 8
436277 0 6
147340 0 24
557443 0 49
111246 0 1
484421 0 302
422633 0 42
430385 0 26
267473 0 10
703325 0 5
474857 0 28
501121 0 114
82392 0 49
722028 0 37
344509 0 9
446587 0 585
904564 0 26
616926 0 61
93183 0 77
182791 0 18
418552 0 133
285789 0 143
491277 0 30
167547 0 137
398671 0 32
795849 0 20
145733 0 1
849922 0 79
784065 0 19
847226 0 4
752233 0 20
525611 0 55
876690 0 51
431649 0 29
508787 0 22
242534 0 91
301583 0 489
910393 0 5
998457 0 139
17245 0 23
689293 0 21
139681 0 240
993361 0 71
194013 0 42
715457 0 101
886615 0 107
366213 0 258
462303 0 165
457217 0 8
384415 0 12
424111 0 19
354855 0 39
640001 0 28
502081 0 16
653895 0 14
589385 0 42
878336 0 20
988817 0 23
151621 0 39
965101 0 17
887876 0 27
234593 0 10
540121 0 28
855425 0 474
367787 0 28
325889 0 68
148458 0 33
460242 0 16
578336 0 1075
500033 0 7
486847 0 20
313019 0 2
912881 0 35
926399 0 53
646337 0 104
796397 0 1255
623205 0 28
759701 0 419
826796 0 4
770877 0 5
725124 0 108
614829 0 44
458177 0 27
894892 0 90
202937 0 16
418565 0 6
359526 0 15
175666 0 34
62001 0 42
33597 0 40
387471 0 71
767185 0 15
553490 0 12
117808 0 2
140527 0 9
340342 0 17
884448 0 15
394618 0 27
821736 0 50
452676 0 39
413561 0 28
564813 0 28
155362 0 63
415869 0 5
466577 0 75
495805 0 103
389640 0 7
778126 0 47
546353 0 18
482541 0 34
891025 0 18
402671 0 30
354268 0 12
414261 0 8
56115 0 78
428165 0 24
218899 0 37
970338 0 12
904451 0 196
983188 0 477
682891 0 33
698501 0 28
43957 0 86
769344 0 11
184701 0 22
864401 0 21
850513 0 44
780141 0 18
850233 0 217
423921 0 64
923026 0 18
544161 0 30
879616 0 48
656875 0 26
422977 0 63
514681 0 16
875371 0 11
634977 0 9
229865 0 6
606396 0 8
228993 0 24
580321 0 22
919123 0 42
348565 0 561
633573 0 45
796326 0 12
712941 0 26
414886 0 33
991753 0 1443
542833 0 34
765105 0 18
774851 0 921
936751 0 167
218495 0 24
144686 0 24
327901 0 666
999264 0 3
1000 3000
212303 0 4
227296 0 15
742891 0 13
372630 0 18
766067 0 52
363401 0 12
491089 0 30
36121 0 33
520217 0 48
787489 0 31
367456 0 3
438566 0 43
940539 0 459
406950 0 63
663881 0 7
761770 0 423
774993 0 33
329881 0 12
481577 0 12
224701 0 26
933592 0 4
507851 0 9
763561 0 46
173135 0 31
282865 0 117
427088 0 20
955233 0 25
566681 0 4
845800 0 24
672917 0 49
404113 0 24
840272 0 154
409331 0 785
9066 0 22
670861 0 19
136347 0 19
749365 0 35
517519 0 41
533051 0 40
223840 0 5
52243 0 36
815765 0 1
227861 0 32
124661 0 35
331205 0 25
86386 0 42
371886 0 150
465051 0 192
642958 0 15
107065 0 35
459616 0 22
674610 0 22
636451 0 26
725769 0 13
326721 0 165
469713 0 19
502064 0 45
338681 0 25
265361 0 16
83597 0 28
299976 0 22
514259 0 70
901561 0 50
724983 0 9
947101 0 37
494946 0 2
178241 0 194
633521 0 37
690033 0 136
891241 0 44
94581 0 34
553729 0 236
46006 0 6
444251 0 11
162211 0 5
168379 0 20
751873 0 100
461969 0 98
29098 0 92
939301 0 33
380566 0 30
473041 0 30
910181 0 15
83073 0 109
654607 0 73
435631 0 10
967721 0 40
865485 0 28
101302 0 12
567217 0 445
514850 0 28
115321 0 28
292841 0 9
800969 0 36
331479 0 169
278271 0 150
331761 0 21
525159 0 4
155138 0 25
211272 0 17
956593 0 36
62503 0 27
809841 0 63
159856 0 21
276430 0 39
304461 0 9
335298 0 32
179010 0 281
221913 0 17
474529 0 38
532321 0 15
366851 0 22
940114 0 123
991201 0 33
85645 0 5
366576 0 370
524813 0 40
152623 0 168
7991 0 6
167855 0 8
797191 0 13
336509 0 4
507151 0 83
848961 0 15
390741 0 10
657773 0 138
942464 0 3
259396 0 7
249052 0 42
505451 0 11
416213 0 23
353679 0 14
496377 0 27
864853 0 347
199418 0 60
693961 0 143
661917 0 46
271933 0 28
184793 0 14
262121 0 13
655803 0 33
683126 0 30
473851 0 28
347001 0 45
522421 0 96
211006 0 30
950039 0 53
962633 0 8
493278 0 17
350386 0 12
83545 0 3
216280 0 5
516697 0 86
623709 0 27
147111 0 12
56877 0 9
636249 0 25
214343 0 213
171851 0 52
393465 0 142
33396 0 75
591045 0 12
874206 0 187
913705 0 4
646781 0 29
837121 0 47
240868 0 403
115282 0 62
251581 0 32
132093 0 94
95436 0 9
955753 0 7
492315 0 48
384961 0 1
333761 0 71
511239 0 31
562151 0 44
447855 0 64
351281 0 31
38493 0 86
976817 0 74
675821 0 13
280512 0 32
800957 0 96
372443 0 43
221861 0 27
201466 0 29
573353 0 48
141561 0 11
156406 0 26
902161 0 5
275745 0 24
598790 0 12
755743 0 34
29449 0 2
769147 0 17
728282 0 92
272756 0 151
704301 0 88
185293 0 13
836186 0 15
566361 0 29
757371 0 101
495389 0 33
63622 0 177
676241 0 3
42825 0 32
69681 0 6
398349 0 10
849221 0 54
679897 0 38
280545 0 4
434332 0 672
914413 0 5
436585 0 5
160397 0 19
905065 0 37
136785 0 4
670537 0 45
848481 0 10
120521 0 35
687442 0 6
596097 0 15
304317 0 1
850891 0 183
600411 0 14
812029 0 65
707729 0 19
67073 0 28
614745 0 64
539137 0 16
392223 0 42
450638 0 164
899097 0 11
304929 0 381
124429 0 168
272865 0 5
414120 0 12
307750 0 17
299446 0 167
190429 0 29
844438 0 23
651321 0 4
550992 0 20
420946 0 81
674301 0 35
575781 0 111
404878 0 50
956355 0 63
493327 0 28
416001 0 161
972481 0 30
362315 0 194
77257 0 58
932481 0 34
744347 0 82
296599 0 6
562051 0 43
659256 0 71
346607 0 1688
260990 0 10
281191 0 17
500001 0 187
899553 0 14
415897 0 525
616507 0 24
506451 0 71
432631 0 32
67282 0 108
666841 0 137
336172 0 34
237677 0 6
102572 0 17
81321 0 49
131929 0 78
596791 0 3
834509 0 4
385346 0 25
451425 0 32
591742 0 273
47896 0 1
390943 0 29
841128 0 239
719751 0 47
757219 0 43
662306 0 15
206201 0 13
803877 0 3
773083 0 723
367673 0 1678
248756 0 127
411409 0 61
274689 0 13
890583 0 11
35705 0 2216
585941 0 42
912101 0 55
640288 0 38
793249 0 10
415873 0 27
891601 0 42
550785 0 3
734041 0 9
362694 0 13
52865 0 32
58853 0 52
108781 0 20
279875 0 32
101081 0 8
22573 0 34
365136 0 34
988661 0 2
326548 0 13
646322 0 25
306912 0 6
186947 0 53
753711 0 12
5174 0 8
306911 0 16
614583 0 210
809839 0 14
220565 0 57
401263 0 23
214733 0 33
846183 0 32
821235 0 180
788947 0 825
787245 0 36
120511 0 1
834769 0 3
18096 0 17
487241 0 52
156421 0 20
965975 0 2415
830081 0 13
702557 0 23
264441 0 197
212605 0 7
538501 0 7
18034 0 57
896020 0 78
573281 0 49
759289 0 407
799781 0 33
20413 0 43
504873 0 67
993083 0 26
938965 0 70
955474 0 25
469233 0 16
386029 0 16
413003 0 20
24769 0 37
289792 0 13
123345 0 12
236749 0 8
647804 0 8
289616 0 14
451172 0 61
221223 0 14
327533 0 68
291334 0 25
82781 0 21
460171 0 11
11431 0 14
803446 0 107
335167 0 37
517739 0 58
768510 0 69
430581 0 41
276959 0 10
658024 0 44
774639 0 47
223861 0 203
433088 0 123
456891 0 64
118716 0 64
541019 0 22
380963 0 1
824061 0 9
514047 0 44
182752 0 3
531673 0 38
927041 0 23
725921 0 15
234505 0 115
525486 0 144
514529 0 52
703076 0 48
544216 0 27
411915 0 129
37500 0 42
738976 0 1825
699762 0 4
542416 0 34
654166 0 15
201332 0 58
544939 0 19
106443 0 61
963698 0 23
303617 0 29
983091 0 22
379259 0 43
170475 0 16
323021 0 26
458180 0 34
368162 0 46
548073 0 1
164501 0 97
464737 0 22
792002 0 32
416091 0 15
289924 0 19
320646 0 19
893974 0 83
328103 0 22
726053 0 73
552802 0 85
792141 0 44
748477 0 730
197063 0 10
208867 0 158
901204 0 70
604797 0 36
566231 0 31
57771 0 13
935832 0 19
97486 0 20
486377 0 39
803417 0 13
8910 0 28
640401 0 300
17498 0 59
521727 0 23
21141 0 222
808449 0 64
799122 0 25
14007 0 78
894126 0 79
612701 0 29
893299 0 10
540801 0 15
266481 0 47
65121 0 66
165887 0 137
102391 0 16
381249 0 7
189436 0 27
754537 0 23
903990 0 28
38216 0 68
687409 0 40
765899 0 4
932489 0 14
371554 0 1
178901 0 35
931033 0 21
464415 0 35
633631 0 39
648671 0 37
172635 0 6
351899 0 5
952560 0 10
522624 0 121
403837 0 9
572073 0 56
246891 0 36
38961 0 28
3769 0 23
485667 0 16
899201 0 55
250363 0 23
197292 0 91
116058 0 13
14628 0 9
529806 0 14
886813 0 5
19601 0 32
555953 0 40
555557 0 75
794601 0 240
322799 0 19
566485 0 24
200502 0 27
188829 0 32
358089 0 51
642174 0 5
23158 0 118
467465 0 28
499016 0 55
763071 0 168
554227 0 412
929553 0 38
692521 0 23
21569 0 17
229751 0 4
948031 0 46
601511 0 46
723550 0 12
907493 0 7
69601 0 5
201220 0 9
930659 0 55
615979 0 6
428178 0 59
269415 0 9
463115 0 72
960876 0 40
590445 0 35
85778 0 65
278222 0 24
228351 0 11
309091 0 46
826011 0 57
356993 0 23
603139 0 7
161256 0 33
674897 0 49
63126 0 402
911534 0 26
987794 0 28
694731 0 13
760170 0 93
829841 0 15
908417 0 18
351611 0 11
501131 0 25
942344 0 26
858183 0 25
221694 0 24
18167 0 17
758806 0 58
468525 0 180
656281 0 15
114312 0 26
683841 0 5
404856 0 26
318179 0 27
722063 0 16
248841 0 20
993500 0 19
761751 0 44
520445 0 5
933151 0 11
664118 0 14
873705 0 23
26027 0 28
471253 0 27
480097 0 51
405133 0 8
773501 0 23
906629 0 50
676063 0 30
986796 0 5
709445 0 1
354028 0 60
409167 0 41
349635 0 24
349155 0 14
852016 0 42
57529 0 77
687731 0 40
625111 0 81
857001 0 7
832991 0 4
481721 0 35
53177 0 9
899401 0 32
126203 0 66
221182 0 808
240711 0 31
797535 0 37
322513 0 10
9714 0 13
349113 0 36
876553 0 33
790276 0 4
228468 0 95
92135 0 130
92777 0 33
625123 0 26
932161 0 1
261625 0 35
186385 0 44
873016 0 32
80302 0 47
912725 0 16
502749 0 43
620006 0 185
339502 0 7
644261 0 137
620739 0 85
737049 0 82
690884 0 6
804501 0 668
554876 0 39
358789 0 28
595857 0 49
213001 0 70
789320 0 41
401976 0 47
61761 0 27
672574 0 40
551196 0 288
863041 0 29
339617 0 22
470491 0 60
990601 0 60
126393 0 153
440238 0 23
5161 0 52
724637 0 3
506228 0 93
173481 0 28
819560 0 60
964991 0 33
719641 0 21
665193 0 284
536247 0 3
971265 0 42
984281 0 62
641551 0 13
968554 0 9
431437 0 59
829481 0 203
238521 0 20
866212 0 50
166401 0 34
642461 0 45
711777 0 59
578641 0 20
207371 0 26
76651 0 51
642825 0 32
415181 0 83
914466 0 27
154561 0 109
800549 0 195
802025 0 31
878113 0 872
49153 0 26
704193 0 28
224529 0 7
17951 0 57
226573 0 17
803021 0 6
155431 0 40
651305 0 14
473799 0 45
284337 0 5
939503 0 22
370081 0 2
367297 0 20
29326 0 28
452109 0 7
946244 0 13
520041 0 7
14316 0 9
313749 0 15
252937 0 222
208041 0 33
502904 0 10
781090 0 32
536854 0 49
305520 0 51
238003 0 91
360051 0 22
403809 0 27
278035 0 47
753830 0 99
698619 0 152
423168 0 16
774008 0 40
890049 0 89
86021 0 164
552357 0 18
173376 0 46
878401 0 7
898201 0 2
331542 0 4
852509 0 166
803315 0 20
109998 0 130
124961 0 16
358995 0 21
620737 0 3
547249 0 23
370681 0 35
781470 0 2
929221 0 215
610373 0 25
99311 0 64
455870 0 56
718635 0 2
464820 0 14
591149 0 15
3225 0 76
425030 0 125
854501 0 21
336347 0 12
130993 0 205
776313 0 17
765705 0 96
165410 0 9
785455 0 9
376021 0 13
897642 0 34
435872 0 35
29581 0 10
75392 0 36
539561 0 110
554600 0 83
466751 0 107
631886 0 411
638751 0 406
98171 0 7
28833 0 43
864309 0 44
748156 0 9
885072 0 24
39841 0 25
471871 0 36
141418 0 30
183233 0 34
164279 0 1416
130245 0 79
725441 0 16
427338 0 6
972348 0 7
234481 0 57
159509 0 16
637703 0 6
140201 0 29
96801 0 90
942398 0 93
641061 0 37
104400 0 9
611065 0 39
625759 0 158
355351 0 93
805085 0 29
715941 0 12
947305 0 30
69985 0 40
358393 0 111
800201 0 1
601491 0 27
266044 0 38
544677 0 34
765909 0 31
706950 0 40
305575 0 32
552376 0 37
923681 0 39
433825 0 20
802488 0 60
607733 0 27
920001 0 30
461215 0 24
587161 0 38
577209 0 39
770276 0 29
554739 0 2
428787 0 75
70207 0 488
327133 0 12
718473 0 15
733585 0 51
811613 0 738
594669 0 61
730625 0 19
860514 0 31
220681 0 38
552067 0 55
141551 0 143
709021 0 2
202800 0 10
405864 0 35
744570 0 69
600108 0 9
260693 0 58
201401 0 7
639817 0 127
130736 0 19
784209 0 26
978673 0 17
783709 0 55
874028 0 61
988363 0 4
664126 0 1
115696 0 291
921646 0 953
842243 0 35
486111 0 54
108801 0 130
449263 0 107
121445 0 3
23218 0 4
645533 0 19
246198 0 35
291854 0 35
698417 0 19
6953 0 135
204801 0 33
735557 0 3
26978 0 32
419744 0 596
79288 0 33
905007 0 2
676571 0 47
649751 0 34
461993 0 7
531297 0 47
297143 0 54
529377 0 12
899008 0 125
369963 0 59
852581 0 35
948085 0 59
641059 0 240
632771 0 32
425990 0 96
652041 0 2
835482 0 31
842455 0 3
598225 0 55
547265 0 33
693649 0 37
968019 0 234
922586 0 11
338132 0 23
105147 0 28
796705 0 13
172306 0 34
829434 0 9
121981 0 6
825665 0 16
480157 0 64
640556 0 51
408487 0 74
879041 0 15
993461 0 87
181772 0 145
300555 0 27
508899 0 100
284561 0 17
817865 0 134
834986 0 18
803247 0 3
17345 0 23
856501 0 70
130251 0 223
207733 0 22
77587 0 11
679009 0 75
700793 0 17
812849 0 98
609231 0 11
275589 0 270
60071 0 43
981082 0 43
455021 0 35
112993 0 84
565121 0 27
878516 0 12
963009 0 49
41905 0 48
553329 0 38
759520 0 72
696001 0 4
132541 0 18
9510 0 3
758993 0 38
73601 0 35
825321 0 148
976414 0 152
859623 0 16
399797 0 22
873902 0 4
923909 0 53
996879 0 28
195616 0 351
498481 0 69
928185 0 28
836267 0 22
795051 0 73
835801 0 5
301741 0 19
878487 0 17
314321 0 1
73144 0 92
186817 0 785
116023 0 11
423457 0 242
58437 0 17
599198 0 24
832056 0 71
901185 0 151
881721 0 45
394690 0 63
297785 0 156
446935 0 15
919627 0 23
368417 0 32
62793 0 156
999543 0 202
735357 0 191
918853 0 1
890109 0 142
158787 0 2
188016 0 50
981953 0 109
246071 0 73
853009 0 3
108647 0 90
277609 0 38
63445 0 10
27673 0 15
288057 0 39
475353 0 19
429293 0 55
840697 0 36
719494 0 47
949457 0 14
935327 0 1
478825 0 20
324993 0 32
983753 0 21
920697 0 135
260137 0 10
487871 0 8
862124 0 32
603436 0 25
193071 0 35
403203 0 12
644600 0 27
501327 0 21
603773 0 72
188189 0 112
748849 0 37
553421 0 16
620364 0 24
303943 0 1
773846 0 64
674921 0 49
955587 0 1
386981 0 65
8941 0 32
232128 0 15
242938 0 18
879155 0 875
914093 0 5
100939 0 149
204963 0 26
828439 0 19
952892 0 146
605889 0 131
506758 0 12
225817 0 112
573553 0 17
603133 0 16
902824 0 8
343833 0 424
857320 0 24
557665 0 53
641764 0 205
215701 0 35
614728 0 70
121853 0 54
189061 0 28
972903 0 12
626169 0 8
808221 0 41
333921 0 1039
451666 0 2
380229 0 11
69441 0 25
466665 0 8
608245 0 24
797351 0 49
452997 0 878
101219 0 39
515928 0 42
604523 0 22
396105 0 37
861825 0 13
937609 0 13
871553 0 12
430747 0 9
668043 0 40
126551 0 2
493501 0 36
401971 0 2
864721 0 13
702831 0 1
692573 0 75
831126 0 24
219895 0 28
754241 0 53
24863 0 134
1000 3000
643522 0 140
934127 0 5
611365 0 85
614953 0 28
650285 0 19
566253 0 27
652682 0 16
696827 0 65
718661 0 243
130961 0 45
708121 0 8
873747 0 5
190493 0 5
852089 0 66
180401 0 14
763403 0 8
380027 0 34
89892 0 3
86568 0 174
357173 0 97
803621 0 66
659231 0 104
597648 0 47
136421 0 85
294603 0 40
333174 0 65
725185 0 266
285317 0 47
128601 0 46
698345 0 4
174369 0 21
855337 0 11
22653 0 17
225368 0 34
658751 0 6
645941 0 254
699163 0 48
816033 0 5
465467 0 30
625669 0 360
425607 0 32
783893 0 47
879053 0 14
699382 0 150
738126 0 9
974669 0 21
966893 0 2
852161 0 1
749496 0 2
410431 0 321
687645 0 49
971573 0 51
293985 0 713
749457 0 13
836379 0 26
928267 0 26
471329 0 29
84357 0 19
804265 0 49
704746 0 23
165185 0 13
799600 0 224
494661 0 18
959860 0 31
824113 0 36
612877 0 12
70508 0 8
71347 0 6
688751 0 7
369738 0 16
967967 0 119
320689 0 44
921793 0 26
459679 0 28
710633 0 335
39981 0 14
941445 0 17
809436 0 38
734165 0 9
306161 0 85
941901 0 8
648529 0 34
581551 0 19
422783 0 32
695881 0 44
956067 0 124
175221 0 33
411847 0 1
457125 0 34
606599 0 78
818411 0 11
487873 0 63
828473 0 6
439841 0 3
427921 0 28
268421 0 15
850001 0 17
198697 0 28
789556 0 30
230101 0 12
406976 0 93
864181 0 29
969563 0 18
454109 0 126
63121 0 5
271601 0 20
259061 0 27
507401 0 35
453068 0 61
119559 0 30
796686 0 25
195633 0 72
123941 0 38
284026 0 40
324846 0 37
558961 0 26
51443 0 65
624159 0 33
411981 0 21
756509 0 73
822811 0 30
272070 0 51
295991 0 51
281953 0 281
192217 0 113
780481 0 14
365321 0 108
554511 0 10
996956 0 113
782661 0 149
191817 0 110
605921 0 103
783936 0 14
299032 0 19
909746 0 88
663521 0 10
345941 0 92
194021 0 20
911546 0 35
770121 0 79
204633 0 7
501929 0 40
852349 0 182
489461 0 22
190176 0 45
604376 0 337
201689 0 3
975361 0 70
48901 0 8
426995 0 51
932885 0 21
853023 0 13
954770 0 35
830451 0 42
173511 0 19
836153 0 20
547578 0 92
925121 0 95
853465 0 126
172437 0 11
715356 0 15
584749 0 182
692491 0 4
591171 0 179
51717 0 411
463264 0 73
654701 0 5
561313 0 17
96207 0 24
536239 0 1
346513 0 11
225645 0 39
961049 0 55
406888 0 34
380769 0 119
455816 0 275
527551 0 373
869281 0 54
460465 0 161
3443 0 38
517657 0 52
787952 0 28
589403 0 391
77501 0 15
707181 0 122
783793 0 12
469645 0 22
467321 0 11
33396 0 30
771585 0 31
830533 0 133
706267 0 18
17347 0 9
193897 0 15
71153 0 12
373089 0 97
297410 0 18
752030 0 10
677803 0 25
598093 0 21
922565 0 3
787057 0 30
474326 0 5
933713 0 37
647949 0 23
30131 0 40
326605 0 31
204065 0 72
70687 0 117
670301 0 42
195399 0 19
699611 0 32
532713 0 31
131827 0 19
448953 0 14
90041 0 247
427631 0 32
606450 0 41
592674 0 32
45037 0 8
259543 0 159
359783 0 41
313389 0 29
466702 0 165
881845 0 162
341583 0 10
542816 0 32
244501 0 2
686721 0 10
577663 0 42
9472 0 21
584743 0 21
245218 0 7
963367 0 16
355937 0 62
28833 0 26
299084 0 13
61949 0 193
306681 0 39
599686 0 4
521599 0 6
651243 0 26
539743 0 471
540961 0 19
974624 0 39
22357 0 46
592345 0 21
532517 0 1
52226 0 16
875713 0 24
794117 0 5
883477 0 2
689985 0 23
406771 0 251
432936 0 20
595211 0 3
874583 0 57
343034 0 10
952872 0 64
614616 0 76
574551 0 31
340657 0 71
963646 0 25
730515 0 65
656625 0 109
767493 0 39
902621 0 30
914547 0 16
653003 0 30
628510 0 50
21893 0 64
569306 0 22
399089 0 8
864780 0 291
18216 0 18
301395 0 14
95441 0 17
145271 0 232
504103 0 28
685932 0 14
241065 0 5
402674 0 20
385293 0 34
706748 0 37
79803 0 1
45778 0 44
418051 0 20
461973 0 4
108654 0 29
83861 0 105
634359 0 53
607817 0 12
949961 0 205
123422 0 32
892845 0 8
836017 0 3
784726 0 47
257783 0 25
439971 0 20
851251 0 14
436409 0 40
4774 0 12
880449 0 13
240185 0 19
52001 0 36
117281 0 3
28185 0 27
251713 0 45
726897 0 22
239738 0 50
34285 0 64
942891 0 30
892761 0 50
567405 0 61
285329 0 28
186917 0 30
733249 0 28
598441 0 40
334471 0 43
51063 0 6
360925 0 66
767501 0 6
211978 0 9
774849 0 10
181305 0 167
22299 0 27
576459 0 29
654132 0 58
753011 0 11
169887 0 78
666812 0 645
506782 0 39
762097 0 29
218833 0 44
315480 0 80
345593 0 475
716353 0 6
600096 0 54
373243 0 4
977151 0 12
214435 0 48
477761 0 85
344929 0 30
227396 0 19
617652 0 32
364385 0 158
41121 0 38
499481 0 26
233210 0 32
748601 0 822
9153 0 106
458641 0 25
779493 0 8
364305 0 18
619364 0 23
795641 0 12
861033 0 109
309686 0 54
914793 0 23
929537 0 24
4456 0 149
355049 0 19
747417 0 31
509495 0 47
542023 0 126
271823 0 13
27271 0 15
963921 0 13
602278 0 44
267409 0 22
110677 0 3
822736 0 48
825581 0 164
264088 0 5
77985 0 58
589813 0 46
774999 0 44
935627 0 20
534515 0 18
964289 0 34
221988 0 36
459241 0 14
426125 0 55
82304 0 299
228286 0 34
254471 0 155
16419 0 13
57245 0 47
14013 0 15
439051 0 41
653505 0 78
812455 0 21
541497 0 6
179499 0 21
268580 0 77
996303 0 53
333831 0 119
181805 0 39
830536 0 9
302835 0 77
156029 0 4
690561 0 61
608171 0 93
208259 0 16
19161 0 1
351046 0 4
225681 0 46
791985 0 6
176852 0 65
808771 0 19
221313 0 33
6653 0 24
707746 0 12
487036 0 121
71351 0 26
499557 0 51
574209 0 17
596625 0 101
300765 0 31
277655 0 34
972688 0 11
581817 0 33
317074 0 206
422209 0 2
404937 0 109
319758 0 7
158441 0 21
610421 0 21
36851 0 5
63317 0 61
721217 0 11
140505 0 8
125303 0 39
238907 0 29
746141 0 58
443227 0 36
853036 0 11
288802 0 2
215304 0 21
411641 0 214
944672 0 43
901822 0 14
907551 0 27
43217 0 14
7416 0 246
580397 0 59
250477 0 8
224273 0 27
845637 0 8
786957 0 7
117345 0 37
749733 0 33
8935 0 17
868794 0 31
202756 0 366
653181 0 58
619361 0 43
247181 0 9
388809 0 2319
528457 0 123
446337 0 62
47980 0 13
297601 0 31
259585 0 25
614001 0 33
197101 0 8
889937 0 33
159937 0 3
380057 0 56
590333 0 126
937193 0 32
997003 0 19
776801 0 52
329071 0 27
189449 0 10
391811 0 92
19765 0 137
233445 0 16
824561 0 11
331863 0 8
77106 0 29
898306 0 124
896003 0 6
532755 0 7
252891 0 67
482401 0 37
652011 0 8
169529 0 33
666037 0 53
754321 0 6
334257 0 58
558565 0 13
56657 0 6
649936 0 16
168629 0 9
917051 0 105
748435 0 2
894689 0 51
826225 0 28
976861 0 56
725333 0 52
605065 0 894
436871 0 96
709129 0 23
276271 0 1186
940897 0 19
461764 0 26
643191 0 22
621177 0 6
884593 0 34
365273 0 39
802079 0 38
933976 0 12
358826 0 5
677857 0 62
309416 0 30
859206 0 14
978730 0 1063
194694 0 19
772150 0 75
419049 0 39
561629 0 12
80001 0 27
372268 0 19
150209 0 36
246221 0 39
555905 0 59
386076 0 34
558263 0 12
297135 0 7
957505 0 2
367231 0 2
751853 0 68
939051 0 35
904195 0 19
271265 0 357
985036 0 50
316425 0 14
7895 0 20
321977 0 4
890941 0 17
199515 0 22
73716 0 7
932376 0 6
796259 0 50
538017 0 33
297901 0 73
498807 0 87
614703 0 35
229260 0 10
716524 0 45
327891 0 15
24602 0 19
442377 0 102
180115 0 328
999121 0 29
74009 0 27
174035 0 233
853113 0 4
925441 0 27
877575 0 105
623561 0 27
811401 0 92
69106 0 43
258067 0 31
330239 0 51
439553 0 14
444477 0 32
907419 0 12
407697 0 11
915233 0 2
827529 0 55
785765 0 71
923246 0 19
976188 0 82
511877 0 29
793931 0 29
865697 0 220
154307 0 30
632233 0 13
692721 0 365
405621 0 46
978781 0 21
854614 0 378
37636 0 29
547085 0 41
928826 0 36
146686 0 49
436585 0 32
542345 0 7
903871 0 4
825441 0 21
651819 0 22
980601 0 45
762629 0 127
386166 0 7
627201 0 6
792333 0 17
74561 0 266
454941 0 127
14108 0 29
372416 0 16
573281 0 1
844343 0 138
184607 0 20
195009 0 65
149713 0 13
774325 0 3
961476 0 24
150487 0 12
499319 0 45
97196 0 272
619371 0 26
127618 0 29
951277 0 64
428139 0 10
228887 0 5
540651 0 116
878016 0 34
936946 0 37
316450 0 15
689161 0 44
553291 0 27
839681 0 23
263143 0 36
62981 0 64
781636 0 85
577313 0 20
761299 0 95
197329 0 8
556337 0 37
701157 0 12
157922 0 92
632157 0 24
497425 0 19
315249 0 120
784276 0 51
100550 0 39
608187 0 60
704345 0 26
785313 0 31
441921 0 239
155669 0 174
916477 0 110
776817 0 34
415580 0 27
357889 0 42
577057 0 25
78421 0 55
6676 0 16
776119 0 26
548817 0 82
256705 0 37
741919 0 116
332727 0 28
588551 0 464
726399 0 63
43274 0 34
46311 0 75
33811 0 27
124586 0 2484
775873 0 14
663601 0 29
501901 0 19
52862 0 57
993554 0 86
357425 0 25
907761 0 59
632056 0 7
155564 0 7
971649 0 35
659609 0 2
567441 0 142
641561 0 18
293825 0 12
236037 0 107
277627 0 60
625126 0 20
796683 0 26
161423 0 33
652650 0 15
365491 0 81
149361 0 79
253589 0 17
381611 0 14
221137 0 19
433289 0 62
767501 0 43
712481 0 62
750701 0 9
495186 0 80
414571 0 40
462937 0 21
357256 0 1
84208 0 19
90229 0 6
967851 0 14
562141 0 29
802880 0 14
528314 0 2
569189 0 17
308837 0 12
277703 0 228
501191 0 33
403576 0 186
369777 0 132
835965 0 49
118733 0 59
175318 0 281
642649 0 7
700017 0 89
578371 0 42
606766 0 54
527001 0 15
766549 0 9
620436 0 87
449978 0 39
469820 0 237
465393 0 5
246206 0 11
331780 0 32
231021 0 18
839277 0 16
778721 0 36
281929 0 55
741526 0 2298
158613 0 2
888871 0 22
967461 0 30
692455 0 42
185066 0 15
507619 0 33
30771 0 19
223654 0 130
912589 0 42
411465 0 26
195541 0 107
190811 0 15
567113 0 17
341344 0 18
103058 0 28
881105 0 7
934911 0 3
693686 0 66
983039 0 154
135441 0 293
498117 0 16
937893 0 32
633757 0 51
190591 0 34
911545 0 121
241312 0 26
323233 0 30
800781 0 39
38649 0 26
552597 0 32
674401 0 3
111771 0 8
506364 0 56
726152 0 78
339220 0 63
401107 0 9
578756 0 11
317531 0 14
825063 0 25
528876 0 108
887010 0 1
433653 0 154
476826 0 168
593841 0 6
675557 0 37
258541 0 258
993916 0 9
252801 0 24
279058 0 42
323665 0 29
174029 0 69
830454 0 20
217839 0 75
523776 0 35
124245 0 6
271805 0 71
800696 0 26
782124 0 46
484924 0 110
869301 0 32
318985 0 12
892051 0 133
190937 0 36
61876 0 35
74787 0 10
272317 0 53
605151 0 18
654847 0 43
361169 0 20
792182 0 4
445430 0 53
361610 0 18
613025 0 17
929111 0 343
282389 0 15
784337 0 632
372499 0 102
884897 0 22
688646 0 98
95635 0 862
289182 0 282
606206 0 402
972508 0 176
129806 0 76
57176 0 43
494606 0 23
559904 0 19
993889 0 59
415153 0 19
599083 0 91
721879 0 23
471989 0 21
872843 0 781
178489 0 1
846277 0 33
369051 0 11
889951 0 2
984311 0 120
458013 0 13
291081 0 20
999734 0 31
138209 0 29
766061 0 97
798041 0 39
266047 0 16
342797 0 23
396125 0 34
122265 0 23
659121 0 39
171161 0 29
176737 0 113
458313 0 116
188678 0 10
823029 0 5
52001 0 65
660519 0 74
715687 0 1654
772461 0 42
164693 0 3
168401 0 216
343701 0 41
332548 0 44
627432 0 76
647371 0 35
406701 0 37
305050 0 61
644117 0 36
163953 0 27
963826 0 36
424934 0 16
504135 0 18
102331 0 344
992143 0 31
479227 0 9
490035 0 28
461153 0 47
543334 0 23
593355 0 23
988361 0 22
901235 0 60
697621 0 27
441712 0 15
823109 0 19
866301 0 146
60700 0 6
972686 0 77
701789 0 26
392524 0 5
985335 0 35
386669 0 20
526105 0 14
500545 0 27
637471 0 11
246007 0 40
526990 0 57
708499 0 43
28897 0 21
249190 0 28
372483 0 45
716481 0 31
844961 0 97
845121 0 4
621761 0 6
536633 0 44
18601 0 6
185873 0 56
662086 0 35
369191 0 65
849377 0 8
169415 0 21
296583 0 24
771496 0 409
115356 0 10
116481 0 24
303041 0 3
714029 0 273
16029 0 144
691233 0 12
625951 0 12
241079 0 40
866401 0 28
46612 0 28
898713 0 35
707993 0 354
59935 0 1
89259 0 2
380649 0 133
223567 0 10
183697 0 1
948131 0 113
961251 0 19
325570 0 39
546557 0 15
398894 0 93
150751 0 26
138321 0 94
43010 0 4
345473 0 197
532897 0 72
255961 0 31
864826 0 10
26137 0 49
558790 0 20
779849 0 31
75584 0 19
738538 0 28
624051 0 21
105403 0 51
956951 0 18
327517 0 36
96985 0 12
207186 0 40
829151 0 77
199413 0 35
737431 0 11
741857 0 1286
783753 0 6
135396 0 24
676003 0 35
164101 0 8
588152 0 10
623961 0 32
134796 0 22
345954 0 38
859444 0 39
922455 0 63
351466 0 35
752919 0 34
191001 0 29
968276 0 11
354391 0 7
714114 0 26
790921 0 31
321309 0 24
56763 0 2
222743 0 13
101713 0 112
31891 0 16
371026 0 12
801367 0 12
679977 0 18
890849 0 45
674525 0 36
959119 0 3
988289 0 21
656761 0 14
883724 0 30
523905 0 97
52112 0 58
16621 0 15
527751 0 63
972533 0 271
21617 0 4
811877 0 17
365546 0 38
459370 0 291
890043 0 87
814054 0 4
250129 0 209
160751 0 592
873965 0 5
766529 0 78
739281 0 116
749186 0 29
131153 0 33
321719 0 15
770626 0 41
637537 0 20
768889 0 23
735501 0 92
603856 0 124
92137 0 8
778771 0 59
803605 0 2
1000 3000
788901 0 9
485394 0 38
451507 0 105
980131 0 36
323925 0 130
202970 0 39
362747 0 632
382977 0 37
82619 0 34
867577 0 7
642177 0 12
734777 0 159
230671 0 288
726877 0 50
593083 0 447
368503 0 69
726421 0 6
684851 0 28
920940 0 33
218814 0 107
272369 0 26
909051 0 45
747283 0 11
702625 0 11
675119 0 32
776706 0 33
124945 0 61
51125 0 4
947737 0 29
705603 0 33
899814 0 1
306849 0 39
238965 0 108
925232 0 10
842368 0 2623
206916 0 3
665125 0 31
501102 0 24
794775 0 71
4900 0 63
95258 0 50
595541 0 2
348167 0 74
945077 0 28
899839 0 18
967097 0 1
593496 0 139
712225 0 47
106945 0 9
187192 0 337
652473 0 25
244882 0 18
872868 0 14
843313 0 113
95063 0 73
750326 0 544
519525 0 36
672226 0 13
300793 0 15
867755 0 20
190853 0 19
362081 0 11
506001 0 30
41681 0 199
683841 0 58
89059 0 31
249441 0 63
741453 0 14
998403 0 2
377157 0 38
867013 0 18
346242 0 17
918781 0 194
173909 0 6
390577 0 93
936461 0 4
74442 0 25
289461 0 48
960987 0 63
346376 0 53
499093 0 384
666889 0 15
942301 0 9
335081 0 2
703131 0 10
574149 0 74
390186 0 245
956644 0 12
874081 0 252
711756 0 22
349007 0 14
159289 0 4
946453 0 43
155906 0 132
45993 0 39
950381 0 67
384992 0 34
701056 0 928
829848 0 59
656950 0 156
704222 0 62
995414 0 49
941221 0 22
489473 0 17
996849 0 59
744483 0 16
644615 0 114
217854 0 30
568766 0 15
886589 0 91
418166 0 27
711986 0 73
357169 0 20
792433 0 48
674649 0 4
308681 0 47
427291 0 26
890225 0 46
640770 0 129
691780 0 53
718671 0 11
42696 0 48
834158 0 64
818853 0 24
172150 0 35
791785 0 6
936122 0 370
582313 0 94
199620 0 25
945669 0 35
568677 0 149
88671 0 1
117231 0 46
649661 0 35
382149 0 30
180421 0 22
528290 0 8
7386 0 28
340923 0 151
476065 0 22
689159 0 13
472224 0 101
742937 0 4
909715 0 16
563255 0 25
524371 0 2
425127 0 28
694417 0 30
109959 0 19
887611 0 242
493356 0 11
351405 0 36
282390 0 107
812873 0 15
155561 0 21
490191 0 400
779029 0 46
746843 0 7
721665 0 302
22550 0 15
603773 0 70
355601 0 16
153054 0 16
455051 0 86
238133 0 188
491183 0 127
610433 0 14
525619 0 26
878215 0 89
462316 0 8
240145 0 316
144385 0 34
997633 0 25
332051 0 286
278145 0 5
281229 0 831
568460 0 28
829857 0 5
898216 0 26
417401 0 22
692725 0 40
289240 0 33
346107 0 8
23826 0 1338
524506 0 14
806486 0 24
227540 0 56
520201 0 8
608268 0 36
371044 0 121
733441 0 32
445546 0 18
410541 0 50
266318 0 36
346617 0 71
397636 0 59
775366 0 30
796825 0 65
903425 0 1
95834 0 82
625637 0 57
931176 0 6
714429 0 81
322557 0 21
525401 0 59
543361 0 11
606949 0 22
816137 0 1
466343 0 83
612493 0 63
990484 0 56
410315 0 22
195803 0 16
839953 0 31
160803 0 17
754817 0 91
858689 0 13
384941 0 35
144161 0 57
738866 0 23
965671 0 4
126373 0 13
446429 0 34
946269 0 70
769398 0 22
402670 0 100
861150 0 34
983701 0 927
245843 0 6
917729 0 64
982897 0 5
823089 0 54
896780 0 50
495873 0 126
479841 0 14
939285 0 45
513924 0 56
987465 0 31
685713 0 14
601387 0 2
890790 0 11
188426 0 18
514613 0 25
63761 0 33
784889 0 52
438641 0 47
157633 0 472
254093 0 119
878396 0 5
883465 0 27
793153 0 19
349541 0 12
885401 0 25
590515 0 124
920781 0 43
404596 0 3
548977 0 21
717329 0 57
537057 0 2
626993 0 160
83462 0 23
322504 0 22
828437 0 8
141523 0 14
210336 0 6
974691 0 89
624157 0 26
242165 0 65
60217 0 39
380060 0 27
943000 0 31
605281 0 6
192185 0 16
518616 0 18
61585 0 27
460405 0 12
772449 0 55
258081 0 31
599269 0 19
257385 0 61
466505 0 31
658693 0 7
826564 0 696
921483 0 6
258381 0 57
59391 0 8
369547 0 18
884670 0 373
269375 0 1
320715 0 6
170596 0 27
525621 0 16
28326 0 28
113441 0 47
779816 0 37
159925 0 28
712485 0 41
646957 0 42
596547 0 1
22951 0 25
549401 0 29
37741 0 52
574509 0 8
809462 0 8
936897 0 189
513137 0 44
440766 0 50
168129 0 215
390136 0 118
705371 0 3
957286 0 8
855041 0 46
59676 0 7
503325 0 17
610801 0 475
482653 0 16
414981 0 673
979513 0 11
507297 0 27
876313 0 55
622075 0 16
944161 0 5
794557 0 4
274499 0 32
107766 0 47
25991 0 22
11750 0 42
165297 0 41
264041 0 311
965816 0 1064
810881 0 93
630181 0 42
457288 0 62
620457 0 16
460116 0 55
360413 0 158
597597 0 24
173521 0 36
771843 0 37
916099 0 73
322977 0 139
752292 0 4
16288 0 15
410152 0 18
939452 0 46
17116 0 16
458730 0 298
718521 0 4
558701 0 8
935546 0 44
582830 0 177
413725 0 51
219746 0 172
123713 0 18
632001 0 38
956769 0 194
943156 0 34
355481 0 98
885816 0 37
102635 0 9
406506 0 93
471439 0 58
951332 0 20
89745 0 28
138589 0 46
732761 0 10
142923 0 36
131095 0 1
673631 0 395
410251 0 86
476489 0 28
432007 0 32
220289 0 9
715801 0 138
617617 0 22
338551 0 33
807749 0 132
130959 0 94
725771 0 51
968253 0 23
733737 0 3
645401 0 44
402751 0 26
299776 0 949
580406 0 45
559926 0 21
287543 0 23
527968 0 43
639201 0 17
319625 0 21
101635 0 61
370071 0 13
153116 0 22
547719 0 19
62278 0 60
995807 0 6
453335 0 4
733814 0 166
396521 0 25
952983 0 34
594419 0 1
451749 0 23
159256 0 95
334785 0 26
54376 0 11
795627 0 215
845010 0 34
59651 0 44
176501 0 22
20678 0 18
940661 0 39
872205 0 29
267620 0 4
794319 0 22
280542 0 122
291341 0 107
846121 0 8
434413 0 6
449740 0 77
202423 0 32
429661 0 31
756290 0 30
883493 0 20
707861 0 50
304577 0 42
45867 0 29
791432 0 5
984521 0 6
921278 0 14
808433 0 6
641195 0 109
704827 0 7
158676 0 247
43034 0 3
885161 0 31
653696 0 34
529589 0 3
668501 0 27
220557 0 15
655505 0 46
143265 0 2
996125 0 27
231361 0 195
94241 0 61
613253 0 19
26221 0 4
674375 0 8
365281 0 88
951983 0 22
409675 0 363
613866 0 11
588569 0 38
393617 0 48
90827 0 13
487755 0 175
960030 0 37
510783 0 34
533291 0 51
301676 0 8
429071 0 63
203785 0 72
337501 0 145
201421 0 15
525541 0 147
463001 0 8
629513 0 287
226773 0 27
646423 0 35
922966 0 9
642001 0 58
672731 0 143
877857 0 43
804849 0 287
109121 0 47
492377 0 39
119001 0 8
770168 0 372
753051 0 41
957439 0 85
989601 0 6
632626 0 182
674529 0 25
267686 0 5
223373 0 111
798894 0 53
947981 0 48
266009 0 18
513665 0 146
758176 0 20
250386 0 41
428387 0 12
764137 0 27
27991 0 16
956301 0 5
140829 0 19
90267 0 20
942911 0 27
769040 0 34
583491 0 38
744821 0 89
39766 0 95
587314 0 62
574019 0 1
245983 0 23
249281 0 9
212356 0 15
615263 0 33
291313 0 6
557067 0 24
481365 0 3
353301 0 230
501271 0 30
949155 0 20
205115 0 7
106191 0 118
283899 0 230
67151 0 57
802731 0 96
618005 0 66
740513 0 36
639993 0 20
848556 0 56
84500 0 7
474094 0 26
578653 0 32
392391 0 81
701381 0 71
703051 0 35
9141 0 34
316423 0 27
804743 0 12
573158 0 14
435539 0 86
897833 0 73
662797 0 2
111121 0 54
40593 0 98
450649 0 20
678251 0 15
631153 0 12
168729 0 15
682007 0 7
459401 0 42
267094 0 20
237883 0 313
529642 0 30
326553 0 21
88703 0 28
283135 0 61
522431 0 28
174122 0 224
948301 0 666
795951 0 10
619951 0 159
737601 0 30
816029 0 9
4689 0 26
169481 0 19
746941 0 93
118225 0 78
970679 0 21
306851 0 234
502631 0 38
369894 0 10
272821 0 323
455777 0 371
345333 0 30
722124 0 13
367982 0 3
997079 0 420
318263 0 29
798985 0 137
24864 0 6
793433 0 42
168274 0 35
342963 0 44
261038 0 5
794651 0 32
692452 0 95
671969 0 2
889405 0 24
164911 0 59
942230 0 36
270221 0 8
620731 0 21
675125 0 83
672250 0 35
893601 0 107
579048 0 30
128848 0 67
719441 0 52
992357 0 74
685569 0 13
725793 0 61
197933 0 9
832385 0 64
524985 0 6
851047 0 17
63206 0 111
794813 0 5
602651 0 26
932221 0 15
184736 0 43
797673 0 21
834806 0 45
776301 0 36
442356 0 27
37443 0 26
903161 0 13
422396 0 46
654115 0 11
761201 0 1033
332233 0 3
364119 0 48
668917 0 30
868939 0 78
323461 0 38
840578 0 67
984047 0 15
797436 0 25
871550 0 34
840403 0 26
200657 0 100
720921 0 35
786528 0 29
464321 0 163
421660 0 57
733621 0 26
632774 0 53
520283 0 1121
187121 0 17
172921 0 14
231266 0 23
499185 0 14
423409 0 11
653176 0 43
751251 0 36
226501 0 148
746977 0 40
309029 0 34
229581 0 51
647243 0 172
878387 0 23
265331 0 4
769617 0 7
566921 0 52
592258 0 26
160541 0 36
461581 0 18
871955 0 36
782575 0 36
671446 0 61
196251 0 39
205240 0 68
882791 0 38
601239 0 14
705281 0 985
420586 0 55
535731 0 21
369037 0 43
411621 0 27
317271 0 49
59961 0 300
161642 0 32
254418 0 37
584653 0 13
730036 0 25
406291 0 12
725664 0 331
506617 0 27
803769 0 35
337245 0 1
199081 0 19
715247 0 87
429443 0 39
314091 0 121
853077 0 28
719759 0 14
694581 0 67
424077 0 27
375201 0 25
359529 0 36
457801 0 78
526032 0 29
277405 0 4
119442 0 61
307289 0 139
352126 0 6
723607 0 3
611049 0 64
72477 0 13
211629 0 33
79601 0 13
923419 0 26
394340 0 647
803687 0 134
973576 0 35
420091 0 54
910886 0 28
379285 0 56
256161 0 23
855264 0 34
569603 0 77
678825 0 30
772536 0 4
895082 0 105
625553 0 116
801852 0 28
446177 0 59
823292 0 16
955633 0 20
921869 0 8
400041 0 37
389009 0 42
920041 0 8
953665 0 617
556129 0 28
995669 0 23
246630 0 8
677937 0 110
557241 0 58
989996 0 28
782495 0 14
691716 0 34
812467 0 7
789463 0 31
205031 0 30
53581 0 189
750645 0 14
622561 0 34
424195 0 25
467197 0 232
970561 0 89
852073 0 26
307223 0 19
73923 0 20
830901 0 13
258143 0 35
235339 0 81
364871 0 20
201633 0 19
87080 0 20
788349 0 8
164101 0 12
662349 0 52
885699 0 68
195507 0 58
619929 0 16
519622 0 18
493011 0 24
870405 0 113
680653 0 58
797153 0 24
684273 0 92
432161 0 124
555357 0 168
971154 0 8
447473 0 42
294915 0 92
536234 0 34
393337 0 139
327691 0 113
364205 0 16
795001 0 201
822606 0 8
838601 0 27
848531 0 1132
241682 0 15
942702 0 65
586045 0 3
482930 0 13
423661 0 358
935311 0 18
783166 0 19
440225 0 70
785618 0 54
379923 0 22
378997 0 12
306913 0 57
680018 0 1
250441 0 14
668468 0 133
762081 0 56
495325 0 46
707719 0 433
751393 0 26
507539 0 5
731347 0 932
236501 0 203
908889 0 97
745531 0 1
118525 0 31
491063 0 19
779996 0 9
107701 0 3
605798 0 33
314737 0 38
789976 0 26
997499 0 60
292138 0 46
944057 0 276
849037 0 43
957185 0 6
626161 0 6
871046 0 25
515501 0 87
827086 0 25
856839 0 17
38377 0 855
307505 0 15
377794 0 18
372250 0 23
685999 0 25
882941 0 43
207331 0 7
211509 0 21
265045 0 14
297880 0 948
806573 0 18
872157 0 362
244321 0 1
901697 0 43
346806 0 29
136495 0 3
799661 0 163
103516 0 4
940297 0 37
720789 0 16
420931 0 47
413069 0 82
920174 0 2
522546 0 127
952025 0 32
29090 0 39
821369 0 50
911054 0 107
855553 0 5
97711 0 17
952316 0 174
566445 0 41
849825 0 88
8003 0 39
957805 0 237
190685 0 17
757505 0 13
428329 0 38
214044 0 36
492949 0 28
728649 0 5
938654 0 9
766677 0 14
69890 0 8
984763 0 511
502551 0 89
373786 0 777
210321 0 3
426081 0 10
118401 0 39
637986 0 26
444771 0 9
217001 0 70
650561 0 85
981331 0 129
164591 0 24
272523 0 25
524811 0 1
92114 0 31
558094 0 28
34407 0 26
810380 0 51
425977 0 9
46671 0 9
110835 0 88
421374 0 35
807005 0 12
790205 0 20
816130 0 184
773701 0 18
994943 0 33
561853 0 3
675986 0 9
185183 0 6
755069 0 190
515463 0 19
9217 0 23
5521 0 386
807695 0 91
570045 0 27
343454 0 249
543903 0 25
152496 0 122
874196 0 30
96441 0 34
298053 0 7
275521 0 12
508281 0 80
272545 0 29
330701 0 19
916021 0 107
79907 0 31
730679 0 167
772737 0 165
700241 0 28
87665 0 94
944889 0 7
185141 0 121
730813 0 33
686317 0 2
807185 0 18
74036 0 40
912715 0 26
845657 0 741
979401 0 78
990926 0 36
978085 0 12
237785 0 21
232921 0 16
663761 0 33
951473 0 1
644246 0 15
646596 0 15
974094 0 22
716659 0 67
438267 0 6
456876 0 67
490148 0 8
554581 0 25
738147 0 26
975065 0 6
423277 0 22
592317 0 454
665220 0 15
803026 0 16
294305 0 79
467161 0 1
14111 0 37
539777 0 80
947921 0 548
417790 0 22
294590 0 9
797783 0 510
900509 0 34
822781 0 21
708751 0 6
435017 0 16
831791 0 7
820554 0 9
913813 0 37
922153 0 7
50541 0 141
453160 0 97
386571 0 242
283201 0 46
531033 0 563
724600 0 104
965683 0 10
784577 0 25
968304 0 9
71189 0 594
85357 0 33
373021 0 109
416229 0 39
614927 0 40
918621 0 33
424301 0 2
447681 0 47
716153 0 62
593413 0 61
532257 0 56
500251 0 1
180817 0 118
421549 0 28
341210 0 21
220054 0 12
995309 0 410
19127 0 100
954049 0 30
399209 0 61
494081 0 96
331681 0 37
356961 0 34
236538 0 13
129300 0 59
158937 0 76
372493 0 13
474043 0 103
88701 0 34
634586 0 8
871005 0 18
766513 0 67
755487 0 465
76227 0 1
740823 0 409
586234 0 26
64910 0 14
580441 0 202
438354 0 42
497803 0 53
578709 0 12
458101 0 29
1000 3000
725560 0 65
307373 0 117
505223 0 22
949098 0 24
736689 0 10
955049 0 34
968006 0 57
765053 0 38
662795 0 1
281197 0 87
497013 0 25
25577 0 46
435785 0 8
773661 0 2
343160 0 26
389021 0 34
280117 0 68
132737 0 44
980913 0 20
994977 0 7
390273 0 175
14371 0 3
403571 0 268
415501 0 66
273935 0 21
194677 0 148
295601 0 82
925133 0 28
25162 0 242
624643 0 24
111444 0 81
698574 0 41
177955 0 357
447561 0 34
512447 0 16
784946 0 53
274445 0 22
599841 0 7
530019 0 148
975231 0 5
612821 0 85
934033 0 72
982553 0 27
607269 0 71
513161 0 63
25266 0 3
785297 0 53
175181 0 8
667229 0 25
737222 0 48
818816 0 159
883175 0 51
19942 0 20
973493 0 117
541789 0 118
765113 0 14
680281 0 4
236477 0 44
755714 0 24
299111 0 37
508680 0 40
672436 0 136
338655 0 27
430353 0 35
540634 0 91
812881 0 24
430361 0 174
705346 0 13
103471 0 14
352791 0 15
974753 0 21
202676 0 68
998857 0 1
727257 0 31
247751 0 3
650609 0 98
763735 0 39
486499 0 21
815521 0 108
900175 0 3
871293 0 12
264387 0 21
532064 0 27
795029 0 16
590745 0 29
913443 0 42
655455 0 12
914529 0 20
776009 0 333
23738 0 36
818531 0 8
690379 0 22
957521 0 46
412609 0 184
607061 0 15
155198 0 32
714819 0 30
311489 0 32
273218 0 1
923985 0 54
220741 0 50
278451 0 17
367510 0 2
54521 0 36
45421 0 19
153633 0 57
44151 0 37
755177 0 30
994879 0 75
725429 0 30
976251 0 33
64743 0 5
952099 0 287
666483 0 25
937657 0 3
130415 0 39
79189 0 49
497765 0 27
427881 0 38
264841 0 2515
296946 0 55
286767 0 58
610116 0 14
132657 0 8
360441 0 61
498135 0 17
172681 0 49
932113 0 50
321865 0 38
986579 0 12
852475 0 53
993619 0 23
70849 0 20
767544 0 29
182713 0 28
105441 0 19
662097 0 2913
581083 0 31
488707 0 20
225541 0 96
921909 0 12
192641 0 30
512502 0 15
320741 0 79
712585 0 93
735911 0 115
245743 0 14
971031 0 79
563586 0 45
673506 0 66
920517 0 23
581206 0 3
779841 0 29
337813 0 147
165467 0 11
306884 0 11
444486 0 93
741533 0 17
971449 0 19
28065 0 97
831025 0 27
18047 0 55
104149 0 13
24183 0 33
758371 0 13
769793 0 31
196247 0 37
108429 0 14
574501 0 72
605233 0 2
182865 0 1081
509057 0 4
854447 0 29
336267 0 117
420593 0 23
374601 0 69
257303 0 4
792941 0 3
832435 0 101
166401 0 44
803751 0 47
989684 0 66
78691 0 240
978625 0 39
898707 0 15
68816 0 22
291450 0 23
505761 0 20
796007 0 1
12485 0 36
988433 0 34
311201 0 47
185909 0 51
498411 0 196
39051 0 199
427441 0 387
172401 0 3
406009 0 20
315459 0 27
402671 0 285
130325 0 704
251625 0 49
367251 0 20
267275 0 19
467881 0 19
892182 0 4
699481 0 64
267091 0 3
457104 0 78
21081 0 22
655073 0 12
136455 0 54
498319 0 7
136031 0 58
331527 0 13
608907 0 319
57401 0 15
830312 0 22
649345 0 3
876497 0 3
273841 0 33
871867 0 28
678676 0 63
495781 0 15
647440 0 71
66961 0 3
997876 0 42
760376 0 20
575057 0 10
434072 0 30
691961 0 8
273661 0 2
388623 0 48
423875 0 72
790194 0 27
49727 0 19
593216 0 20
101261 0 11
428518 0 10
252577 0 58
540761 0 86
432961 0 7
450239 0 45
966056 0 35
959423 0 1285
411121 0 186
478449 0 18
388501 0 266
554938 0 28
859031 0 31
740627 0 31
875791 0 5
876161 0 3
135641 0 77
58733 0 41
107624 0 7
286758 0 10
815188 0 18
151993 0 23
847586 0 24
627921 0 58
63233 0 30
91023 0 51
50061 0 44
513251 0 26
923945 0 75
502481 0 86
497113 0 4
590039 0 65
376691 0 40
888381 0 191
456079 0 3
448826 0 19
874151 0 6
694417 0 33
534236 0 59
641305 0 37
542944 0 8
611737 0 69
98882 0 66
278816 0 28
329373 0 51
524521 0 12
612721 0 19
562095 0 57
708941 0 482
455021 0 21
212443 0 123
88917 0 16
702445 0 24
945509 0 129
487029 0 17
242671 0 29
530936 0 13
680461 0 48
111517 0 9
68757 0 24
103081 0 33
962613 0 6
508116 0 31
374473 0 94
66401 0 158
648641 0 9
718839 0 333
953689 0 108
582011 0 35
867441 0 30
55856 0 25
70882 0 10
862751 0 30
346177 0 27
723825 0 18
53851 0 139
843126 0 56
911361 0 5
215709 0 19
840006 0 47
694626 0 123
687566 0 618
918751 0 19
200217 0 41
485849 0 20
650381 0 35
457885 0 20
785101 0 31
479313 0 42
749281 0 5
171571 0 7
778759 0 30
399821 0 35
447847 0 46
279871 0 43
26531 0 18
556313 0 46
290901 0 27
755071 0 210
161017 0 22
884181 0 2
41321 0 368
763786 0 53
799507 0 96
998845 0 43
895085 0 12
626056 0 26
743837 0 12
593238 0 28
570161 0 12
32043 0 112
885793 0 20
454261 0 31
941088 0 114
296251 0 20
4495 0 1733
268289 0 76
222281 0 32
841889 0 25
579774 0 28
849111 0 47
310001 0 537
132337 0 1
654161 0 26
511727 0 17
229649 0 11
265161 0 57
548457 0 32
13601 0 18
85565 0 11
38657 0 1
15776 0 73
510601 0 4
160439 0 23
319813 0 33
922863 0 20
167026 0 146
166944 0 79
347869 0 16
258801 0 1
527489 0 12
757322 0 18
153495 0 37
316945 0 58
697025 0 16
389121 0 3
912541 0 34
757501 0 42
227321 0 7
142181 0 26
809437 0 91
609121 0 8
554826 0 79
726049 0 407
317395 0 54
646717 0 12
552127 0 17
881768 0 24
79684 0 11
92256 0 100
675081 0 5
356241 0 22
185985 0 37
491251 0 43
757087 0 213
524468 0 23
161861 0 31
656781 0 46
83000 0 170
103473 0 25
978951 0 571
648017 0 1
261343 0 28
924153 0 10
710937 0 92
110513 0 138
208750 0 26
279561 0 52
644705 0 36
582866 0 29
270449 0 8
320961 0 4
620226 0 29
866001 0 42
282112 0 180
619947 0 27
563141 0 4
50867 0 29
84121 0 775
81026 0 9
82373 0 900
263563 0 23
360417 0 121
446757 0 4
373705 0 14
467137 0 107
180195 0 29
665067 0 123
377436 0 49
315606 0 13
656531 0 174
662990 0 29
167664 0 347
668469 0 32
533089 0 16
194861 0 9
554541 0 17
620193 0 4
896661 0 31
921929 0 14
116070 0 19
861951 0 85
335776 0 22
311427 0 16
496245 0 4
821937 0 85
215343 0 59
571048 0 6
589096 0 120
992025 0 12
442001 0 82
191871 0 51
915709 0 31
89632 0 10
64349 0 16
383635 0 70
965441 0 24
822491 0 38
374732 0 5
39113 0 6
870113 0 227
73119 0 26
29501 0 72
39295 0 71
266841 0 3
166847 0 43
592481 0 4
694821 0 11
982425 0 125
882049 0 459
209509 0 4
972565 0 1
776196 0 8
819197 0 10
163381 0 31
729441 0 69
46001 0 36
229801 0 40
885477 0 29
223481 0 1
507974 0 25
980629 0 568
796995 0 318
773001 0 29
887353 0 17
553012 0 130
542641 0 118
462545 0 59
105921 0 4
502001 0 192
4689 0 19
302731 0 59
209041 0 53
71169 0 5
373176 0 52
839265 0 10
572641 0 23
585821 0 6
711713 0 15
284083 0 19
867877 0 18
448806 0 489
328928 0 28
293206 0 37
866867 0 33
703410 0 45
978950 0 30
295417 0 47
788863 0 31
941914 0 623
412032 0 157
146613 0 9
599233 0 55
775633 0 154
560811 0 111
356139 0 51
556201 0 27
355659 0 308
262446 0 2
509521 0 13
713496 0 8
586460 0 1
652537 0 32
835215 0 28
698691 0 49
467724 0 22
861081 0 45
913231 0 23
173183 0 20
153136 0 282
869051 0 29
715083 0 86
630634 0 74
693481 0 71
245989 0 99
835925 0 45
691225 0 25
412535 0 75
575499 0 3
36513 0 559
228545 0 1391
940165 0 38
850461 0 26
628689 0 38
835188 0 56
606529 0 25
950863 0 20
146665 0 3
198717 0 191
160529 0 52
795626 0 28
598376 0 44
533448 0 15
130276 0 9
292897 0 21
591892 0 19
684029 0 197
509983 0 26
535201 0 8
452209 0 57
361861 0 22
428991 0 8
159297 0 59
128877 0 16
849565 0 5
515129 0 103
773068 0 9
129683 0 30
864841 0 23
434206 0 46
489669 0 2
74377 0 4
130281 0 3
149769 0 11
619237 0 109
578501 0 59
728441 0 106
566001 0 31
200711 0 32
451048 0 16
358360 0 72
823147 0 38
78956 0 6
937821 0 40
481084 0 33
388555 0 57
42269 0 14
362353 0 31
476659 0 36
699201 0 18
431791 0 17
245446 0 13
999673 0 88
880631 0 42
21155 0 4
572729 0 36
454716 0 87
611853 0 15
913465 0 41
691001 0 6
523217 0 33
243534 0 13
979680 0 25
341633 0 58
308035 0 29
34438 0 8
142034 0 34
962385 0 58
339806 0 25
581921 0 24
230845 0 25
768741 0 47
569901 0 21
422476 0 23
585044 0 52
630043 0 146
92199 0 15
549409 0 75
375001 0 31
110475 0 15
63341 0 57
398074 0 13
52161 0 40
885873 0 11
601441 0 14
56245 0 38
634481 0 110
35749 0 73
83509 0 48
682338 0 32
412361 0 13
549691 0 95
768341 0 15
708045 0 78
728356 0 14
562357 0 56
151173 0 12
572075 0 4
605219 0 74
212601 0 54
829577 0 12
851360 0 116
582573 0 42
113629 0 42
288681 0 13
67441 0 31
377573 0 62
119201 0 6
208181 0 14
376568 0 21
431936 0 47
683617 0 24
464641 0 18
169425 0 23
698325 0 26
75713 0 42
275511 0 20
510113 0 124
673789 0 49
262891 0 55
665907 0 19
732421 0 20
155743 0 11
796439 0 20
198411 0 36
534261 0 55
561438 0 50
138471 0 20
223460 0 35
513074 0 4
844034 0 6
736644 0 254
999503 0 11
71852 0 36
278213 0 12
471107 0 102
962751 0 1
823568 0 62
141971 0 25
989532 0 27
534142 0 17
899170 0 13
481021 0 30
878217 0 32
77209 0 2
33279 0 35
998248 0 21
680891 0 48
796377 0 4
723384 0 23
889078 0 3
641978 0 1992
862911 0 18
662891 0 26
66177 0 6
17373 0 46
735389 0 32
466551 0 30
390593 0 3
389561 0 37
47237 0 23
621426 0 100
469033 0 98
157227 0 265
733141 0 13
751861 0 28
409825 0 23
153490 0 200
129989 0 9
456620 0 81
370626 0 32
514585 0 43
115806 0 1
599281 0 6
457545 0 15
933279 0 87
195131 0 32
329983 0 164
698477 0 15
403246 0 46
868898 0 4
928542 0 5
703756 0 1
239501 0 30
463055 0 23
674871 0 65
908074 0 61
630557 0 100
686063 0 25
103967 0 136
833230 0 21
438828 0 28
183373 0 312
978593 0 174
347581 0 48
786305 0 18
832331 0 35
30881 0 30
553409 0 5
507333 0 34
638582 0 764
722081 0 6
750481 0 6
927317 0 25
657757 0 48
562815 0 77
418385 0 44
125659 0 34
607104 0 53
908927 0 236
137403 0 56
588651 0 10
579947 0 4
307540 0 18
386251 0 19
942919 0 41
170435 0 10
855843 0 226
702129 0 28
709637 0 21
834233 0 24
736121 0 87
744929 0 32
213809 0 59
533467 0 31
413661 0 33
353971 0 53
984129 0 24
307363 0 13
653735 0 25
822081 0 25
699850 0 12
148141 0 6
39806 0 92
588113 0 28
621256 0 9
540681 0 14
687657 0 26
231671 0 44
502387 0 19
315051 0 30
660633 0 39
364757 0 8
982361 0 4
715691 0 66
469465 0 94
119693 0 45
427903 0 207
803776 0 15
737797 0 23
198559 0 7
739766 0 34
347807 0 11
375052 0 94
67409 0 3
55015 0 173
307766 0 325
573896 0 15
124027 0 91
268225 0 88
378487 0 62
218401 0 12
714701 0 45
569051 0 99
521925 0 12
434493 0 89
488510 0 26
910470 0 45
877217 0 15
412077 0 70
27977 0 31
36946 0 99
591025 0 93
661441 0 16
397366 0 9
764241 0 18
215465 0 820
449567 0 20
596959 0 88
956329 0 99
891724 0 23
218537 0 34
189091 0 13
639809 0 51
924969 0 8
989509 0 16
399813 0 55
378213 0 56
193706 0 18
289205 0 77
226627 0 2
939225 0 59
473955 0 36
834331 0 11
227184 0 66
190715 0 26
329056 0 58
719265 0 41
390571 0 25
713976 0 91
81177 0 15
62721 0 23
306078 0 20
592361 0 46
524397 0 66
474156 0 9
947249 0 42
675497 0 52
292389 0 32
423729 0 19
44849 0 176
412896 0 14
296487 0 18
631635 0 74
323701 0 420
879819 0 4
231267 0 32
444439 0 4
381003 0 3
51856 0 55
780321 0 46
907781 0 23
34281 0 36
453287 0 9
910377 0 7
502265 0 30
961146 0 100
376875 0 39
711705 0 22
349357 0 13
751003 0 43
548442 0 36
543641 0 14
497376 0 87
493598 0 310
105189 0 5
773151 0 4
171899 0 58
440056 0 37
920581 0 22
907785 0 35
943586 0 35
197185 0 40
815907 0 24
586431 0 494
422281 0 14
234939 0 53
502801 0 5
932197 0 37
301610 0 12
631581 0 27
245607 0 32
825112 0 72
917441 0 10
420135 0 12
180871 0 37
171005 0 24
901509 0 38
381301 0 8
422459 0 9
834821 0 618
845561 0 6
757945 0 61
870857 0 77
502673 0 8
71793 0 49
264597 0 46
127997 0 17
993425 0 28
171169 0 20
938825 0 22
75355 0 10
746894 0 50
488941 0 26
457437 0 147
453697 0 60
558419 0 40
557399 0 11
857601 0 5
882253 0 39
531688 0 7
742261 0 131
649761 0 44
979601 0 9
365634 0 14
650723 0 16
48033 0 44
307676 0 31
924801 0 22
562545 0 134
12890 0 90
488776 0 1844
409921 0 11
449318 0 22
351761 0 459
86569 0 265
903849 0 173
258193 0 18
722587 0 50
47209 0 44
333192 0 87
124637 0 179
913237 0 37
850001 0 55
145357 0 42
352814 0 3
4821 0 229
15521 0 48
701860 0 2
330134 0 40
913625 0 53
556901 0 17
645058 0 22
763011 0 30
853825 0 81
265625 0 49
653218 0 40
366665 0 37
828917 0 21
953923 0 1
412079 0 10
790202 0 11
457368 0 55
921191 0 11
888514 0 2
657621 0 92
165281 0 109
326451 0 20
127521 0 28
916649 0 15
142675 0 37
173739 0 77
526357 0 8
13825 0 25
559777 0 35
757905 0 5
940312 0 3
195841 0 98
416530 0 19
56381 0 39
423520 0 9
284326 0 1
825195 0 18
869249 0 81
557601 0 84
832911 0 31
283421 0 62
705191 0 47
146141 0 42
293161 0 136
413741 0 147
333251 0 7
724441 0 30
