5
1000 3000
848085 225 17
280647 37 3
813905 145 7
248917 17 220
583038 173 27
791015 239 11
313377 103 35
620441 68 60
389697 116 27
377800 113 32
30639 1 28
926713 76 60
517431 2 596
385804 83 150
14465 4 16
647477 138 49
547801 178 29
776089 247 119
362771 12 26
820273 60 5
239725 32 6
256561 22 10
655953 2 36
190361 3 32
19913 2 114
353784 89 32
356123 2 54
164685 24 24
584997 184 26
841960 3 46
934177 8 14
41020 2 45
197419 33 38
667501 103 24
713639 124 27
620999 113 372
752871 156 25
155565 32 17
128473 24 1
703201 150 35
512105 137 16
40593 11 97
969241 211 17
824317 68 16
80059 7 6
738309 155 5
16251 5 26
324367 23 83
431851 97 33
257471 61 27
860011 191 93
245485 11 18
628761 8 14
152741 26 23
207341 26 78
209678 42 6
395369 72 33
19112 1 30
879041 78 20
777748 103 8
358481 53 16
231719 23 7
667133 170 12
763591 75 8
530491 116 66
208545 17 29
511055 157 2743
587173 70 4
841905 76 26
9545 2 20
401170 47 16
101969 14 33
528086 86 58
818612 170 21
141221 36 122
230940 64 20
501081 125 40
71836 15 41
602044 72 95
545781 25 394
555925 17 39
603213 30 10
537057 101 221
182356 13 20
425585 131 2
398001 29 30
721401 69 4
732180 93 14
90251 21 40
579461 27 392
274929 53 15
16152 3 211
159501 28 46
208507 48 28
418201 36 37
378996 8 29
23153 3 12
707524 128 5
698096 11 15
870890 210 13
179731 44 28
29291 5 25
637881 26 5
176138 20 19
162529 9 69
532937 80 18
222751 62 45
845801 112 278
778573 72 13
79981 22 371
429126 45 24
467080 104 316
695537 80 208
903356 140 22
28450 7 19
660496 101 115
949346 68 14
61228 14 262
647391 120 64
734451 159 16
633049 45 41
879617 46 30
594793 11 36
980681 298 31
738213 145 59
999665 96 68
82878 1 40
217209 5 4
243524 81 26
576449 143 48
347284 38 7
115632 12 9
584001 43 21
881246 225 41
480631 24 25
342553 56 93
894245 247 52
517937 19 32
585021 48 8
524951 96 10
26611 1 27
168497 5 8
156476 33 39
559059 89 31
841643 49 72
107797 30 2
672637 88 25
271241 62 2
218357 20 6
652865 115 23
260485 68 404
828745 262 32
308398 70 11
48001 15 55
500375 131 14
597434 134 1020
391349 64 11
262079 38 17
869441 17 8
587669 120 7
753051 216 29
879769 131 42
288451 71 99
781368 184 1
514285 158 9
774196 150 260
874469 288 12
162937 37 12
409086 128 30
409009 101 83
893713 66 23
250945 63 11
184157 14 37
856705 103 517
452256 58 25
787792 127 41
163309 28 58
450241 43 21
846913 255 9
310107 15 72
709246 133 24
834131 5 69
84724 7 28
260869 73 22
449927 148 3
314456 44 2
766983 74 104
65313 10 56
793645 179 10
335311 68 300
877249 160 10
767569 35 49
318293 28 4
403862 91 33
223407 47 43
666967 33 72
218551 6 48
36876 3 1
275050 23 34
713161 173 29
355801 84 66
650436 135 30
947443 144 8
553141 141 53
812251 123 217
852219 64 40
740505 79 12
924597 301 26
864769 140 18
440958 137 40
949857 258 135
602265 146 33
150171 36 114
808267 54 5
142281 10 67
950405 283 24
630986 157 26
463931 71 1
962339 20 20
550682 30 42
70335 15 62
878021 215 34
804791 207 13
593695 111 12
277130 6 15
691425 225 24
949601 272 20
4897 1 19
788001 233 55
438296 68 9
437863 106 233
970151 136 26
129617 22 23
99201 5 18
36705 2 46
270184 54 42
650783 85 14
459401 34 14
502001 3 134
568212 55 12
919751 182 6
675317 103 16
143263 22 101
105621 12 52
95669 19 98
258970 32 23
612833 78 4
538074 71 17
924801 174 38
71819 8 45
86441 19 111
329109 74 16
800368 168 328
324921 91 66
389851 25 28
221176 9 6
72065 24 273
204015 13 66
556541 22 23
513866 106 6
488026 70 151
457884 56 11
166913 52 14
915625 188 15
394231 98 28
371561 79 11
589665 118 23
987169 109 73
616356 75 26
441651 102 53
637326 138 34
904979 282 7
773293 46 49
645040 179 11
742235 58 13
999595 70 11
58776 16 38
585925 3 87
552693 137 42
42811 12 29
615844 1 41
918825 56 4
923525 167 6
735586 1 21
538051 147 7
624485 24 224
976159 142 44
216197 44 20
889766 242 35
276526 74 62
104472 14 91
751521 221 53
114435 14 76
733985 136 32
245966 2 323
782150 213 14
927481 79 14
509185 21 16
241545 65 11
178581 43 63
839961 16 11
562331 88 38
35621 7 72
936827 85 48
270349 6 22
41742 6 15
105937 29 24
790760 152 8
54241 7 48
834701 180 21
273073 76 39
17413 2 36
58301 7 145
661675 169 13
604073 21 33
307734 51 27
23397 5 62
282399 14 11
979324 92 507
253836 1 38
223551 74 24
801547 16 346
567043 7 12
560605 111 3
45823 4 376
288225 15 133
303575 98 42
968946 21 159
175629 39 75
981496 34 7
888399 172 16
969225 58 12
696828 227 45
732570 36 82
390856 35 12
962139 91 63
146525 27 25
968385 40 45
481539 114 17
283724 28 10
727339 107 118
120995 38 28
86573 23 20
411857 88 65
366451 72 44
32097 10 15
828000 14 154
969065 105 12
730521 182 2
486676 3 779
32027 3 70
191581 24 157
964335 165 3
797093 32 6
777093 144 5
220593 51 6
259377 35 37
938989 94 32
961673 97 387
318851 13 17
673125 29 53
649954 145 10
235447 4 66
177231 12 4
884581 286 57
144923 42 17
251116 41 54
313150 82 15
459831 16 2
233529 64 5
408197 92 454
581199 138 65
367389 113 15
883081 24 40
45791 15 111
224491 14 40
897241 168 6
586437 31 17
714391 236 114
598816 152 35
760893 142 20
768817 64 46
808249 138 22
456805 41 58
907046 149 23
648531 84 53
241116 36 59
265553 15 39
646863 59 4
282863 22 9
251883 38 8
742819 170 85
775257 234 3
169251 7 10
861617 152 21
911431 298 21
657905 6 23
570836 184 19
367107 89 27
661601 76 715
68993 19 511
77522 22 40
745233 31 28
579192 169 7
939109 95 31
895345 201 74
162905 31 16
180801 7 51
312605 29 36
374690 21 9
838888 255 18
283067 14 21
690501 67 4
209281 44 59
161528 31 34
820805 226 5
836003 97 67
400068 35 25
925276 303 28
914213 276 20
663825 104 32
836959 122 78
17202 1 4
153285 22 76
421191 109 24
433861 45 700
589865 12 55
261424 81 21
388529 27 6
219477 72 23
507701 10 39
94107 14 55
403121 71 130
849601 251 27
235413 62 81
418141 114 9
575723 174 32
735525 105 259
376723 55 8
601270 17 5
48563 15 77
939117 6 509
949815 274 15
473151 20 4
629001 198 36
166849 28 77
396742 4 9
309520 15 11
812961 110 52
723073 92 32
781047 48 35
425521 12 55
45585 13 25
540377 40 6
512793 143 1
708932 171 1
764840 74 13
906476 21 2
532481 126 57
930801 288 11
342405 20 7
805551 114 79
963561 97 44
694897 216 35
733441 191 55
988546 94 88
797737 127 1
776701 221 31
805071 7 491
328961 81 83
359197 25 35
93506 27 25
638190 52 125
455565 42 610
818481 268 39
237867 43 116
504112 60 7
442319 4 10
569579 3 22
187914 28 21
712436 105 29
151873 22 222
550531 118 4
463836 95 20
494010 36 82
410575 29 28
945069 54 45
765433 175 47
703701 141 13
765727 144 31
442501 32 49
223741 69 24
616901 41 31
292787 7 31
861037 135 85
327407 47 47
213833 62 38
153565 38 43
29138 7 22
301624 4 145
69149 15 31
995749 155 110
798181 123 10
70269 6 40
916545 275 4
895545 36 20
163206 40 35
78531 1 50
128566 41 147
876477 283 101
411700 45 55
852265 172 41
495272 19 595
693026 153 19
895565 282 81
207561 19 30
527534 26 20
484411 118 40
212669 68 7
12657 1 40
344948 91 33
175469 28 30
944079 240 23
149961 31 21
879426 102 430
265790 44 47
151627 49 26
821751 224 85
932761 202 6
413841 46 32
268841 47 63
222373 3 17
59943 18 58
842974 237 26
638984 150 18
964917 45 28
889737 126 55
60675 9 4
662261 8 114
190163 45 26
587625 62 32
424379 33 12
270401 48 115
323441 92 37
779513 257 34
198901 38 32
849845 37 29
435801 121 1
778181 15 52
281809 10 116
624850 142 4
4829 1 1
367977 1 4
186723 20 27
260407 42 26
34401 1 47
381721 105 4
128315 29 22
112488 31 47
202237 44 12
859581 59 49
864803 243 4
326526 68 21
108091 7 145
801701 210 29
603601 111 37
473245 127 11
766092 248 28
657901 142 43
375838 12 99
706201 72 47
207307 37 11
339823 72 21
234891 30 26
851219 56 177
129376 11 37
210059 36 81
752145 130 22
951189 144 7
208151 9 118
116045 4 17
218945 41 81
381200 66 11
29317 5 16
278351 53 20
331401 63 28
160286 39 5
45907 5 17
911951 71 147
599825 59 23
661476 202 44
764881 171 20
224131 34 22
200093 41 34
177718 41 2263
20972 3 14
299378 73 8
713836 102 198
449296 113 47
481729 142 42
79059 13 12
629121 191 73
172396 22 37
762485 103 988
699342 67 6
10509 1 24
775526 26 85
715315 23 19
862446 254 10
843387 270 234
584185 72 33
406681 109 77
646337 42 23
98273 21 35
687107 19 80
275105 76 23
72681 17 2
409767 84 6
552561 38 92
735045 207 25
520301 30 26
467471 107 32
966341 190 31
127697 33 87
817979 12 47
215321 29 627
618040 29 75
47718 11 46
194348 50 8
56136 15 8
420595 73 11
121896 16 35
352481 107 8
651926 63 95
638129 44 619
86327 13 30
455643 83 10
408559 79 18
512923 62 52
194041 16 75
755101 116 33
150060 30 27
203212 8 95
54341 3 245
140841 13 265
157767 27 8
173902 55 24
608945 94 1379
984081 132 8
762623 46 232
675274 20 32
628819 189 13
626664 60 1
535058 128 12
566071 25 4
727709 194 19
199088 19 18
132021 1 28
194081 59 19
753001 69 24
508557 99 20
290482 70 28
284246 58 30
927681 57 12
969302 28 45
317039 8 145
670807 13 30
903560 119 6
765889 100 12
885196 28 28
679532 25 40
790865 220 16
296580 67 23
853966 87 19
117401 26 3
72599 8 29
992467 34 68
271681 52 21
398686 33 107
524155 14 17
832535 11 35
795725 159 10
10626 1 17
487618 27 14
425014 41 21
711973 30 90
44253 7 34
933921 40 30
304723 10 22
126251 39 64
181301 58 2
751150 42 21
897900 272 226
263843 1 4
620201 156 148
305871 28 10
296401 5 49
184585 38 19
32164 10 189
379051 100 7
842341 66 24
970277 89 46
730559 26 32
26527 8 45
422003 12 4
815377 255 14
722821 26 27
318851 88 7
980369 268 47
762181 60 214
980361 242 30
138633 7 21
102033 7 20
804531 47 36
661076 68 19
411465 25 11
457146 43 11
58247 12 106
408323 33 37
53506 17 7
857990 137 38
552350 119 14
395333 28 27
991333 228 23
856002 91 13
806753 172 612
477865 15 84
715001 222 24
764274 101 2
554483 31 26
728812 219 29
479517 47 25
851041 233 25
53531 7 7
515449 24 81
270905 88 43
369371 110 86
849169 115 17
528378 111 95
428581 10 40
579636 96 3
895317 259 47
108487 30 85
131681 38 98
297389 33 73
349744 71 32
639997 119 28
57553 13 3
903431 52 117
911604 74 104
862737 93 29
72486 21 38
894663 290 34
751567 140 5
34321 7 7
239662 63 76
409166 79 26
936826 225 88
734657 111 9
423605 111 22
243905 29 59
749631 114 48
698721 94 65
822502 192 30
764137 82 899
130117 41 4
790977 62 14
167361 36 110
326365 5 6
700941 134 28
488785 126 25
157921 2 20
406186 92 23
225766 48 25
355377 74 44
919073 56 12
341573 56 57
625629 139 14
530245 163 25
830897 245 15
402933 68 79
833516 145 4
795411 220 27
440041 59 36
378043 6 25
878007 216 129
22745 7 28
757785 23 108
249542 14 314
980249 242 160
185581 52 57
117221 15 20
236400 15 7
75349 9 39
391051 94 7
528465 18 27
305625 46 10
432081 125 15
204201 67 13
785796 82 31
118761 31 117
946169 60 138
637561 71 29
442561 96 18
359111 92 22
70486 2 24
926051 60 6
387413 112 7
979749 58 69
436289 6 22
86641 27 13
268105 89 35
74580 12 15
287649 55 12
889235 234 53
680293 114 21
444051 123 21
96933 12 2
621090 43 16
76113 2 1
376587 91 27
251393 38 59
635631 65 7
772522 257 28
574293 34 26
139651 9 21
208321 38 24
704764 110 100
525166 97 134
943781 121 22
236451 46 61
970045 142 37
50876 2 17
31857 4 89
395981 32 38
791391 194 5
238006 9 14
417085 87 79
343321 59 4
647577 83 58
112341 17 209
346577 16 166
114693 23 13
666943 72 43
314245 20 36
336637 3 69
918976 34 21
291213 68 10
110123 33 6
368321 97 20
524357 40 169
188407 12 19
513887 19 31
722501 131 145
274603 33 74
630703 169 2
412191 13 2021
314049 5 35
49247 15 10
798977 208 64
379789 99 18
108981 34 9
415809 80 123
100905 21 194
752553 165 12
227145 63 61
276441 73 20
338929 82 42
703135 136 10
878592 227 19
802905 237 12
982037 212 31
192193 25 50
517069 35 23
220617 5 31
966739 166 44
883303 132 21
261441 84 11
428577 69 42
715221 231 14
282859 86 22
392861 40 5
360591 89 41
789572 239 15
93765 6 114
345329 9 39
138283 32 7
626657 45 322
588372 45 5
213647 60 17
544832 67 63
883473 150 44
24794 2 3
809716 180 3
85921 21 15
758144 251 8
995075 15 94
986185 288 18
493156 124 238
901458 243 32
964047 161 22
394809 8 538
60121 1 49
786493 41 199
786817 61 20
588312 97 10
494347 152 7
917844 220 36
169091 16 12
214205 23 21
455881 118 6
446591 31 490
74046 24 45
803343 22 123
654126 14 14
978235 51 32
765812 43 38
630989 168 41
274737 13 37
443026 48 8
296657 9 165
185055 26 53
130551 41 205
710736 206 28
41763 12 30
607371 49 51
192791 51 53
389953 31 9
215593 19 26
748119 121 42
43857 6 12
436476 26 184
47062 9 44
431714 134 7
812993 229 21
32694 4 30
6881 1 6
294578 88 5
391566 108 48
116089 2 56
432429 28 44
220548 62 13
854291 86 12
417651 102 5
880026 272 32
944970 264 120
62025 7 83
727332 185 58
96468 21 41
91853 27 20
279301 81 53
528131 17 2
646234 121 276
384882 94 38
897673 99 16
538154 131 1
919431 218 53
352161 68 16
370217 90 7
550513 115 87
10380 1 26
960035 47 142
315601 81 41
511576 123 7
785276 68 18
652481 216 395
123945 2 29
422283 35 114
584457 11 2
447553 12 33
243162 81 13
605103 123 44
240907 3 123
629889 58 6
95729 27 6
497566 147 589
210520 3 25
100066 10 49
662828 55 608
659649 40 38
839441 169 18
578086 51 7
552926 165 169
428453 108 83
312219 13 6
342386 17 31
954508 58 19
407907 26 79
529396 56 178
776909 20 9
965340 96 49
667949 95 147
932630 19 47
289877 16 31
827059 83 35
852389 87 1
413601 38 17
322591 97 9
641205 172 25
23641 5 19
1000 3000
308617 63 160
838321 260 24
333139 56 35
863761 129 24
370201 6 1
635007 175 17
220084 71 55
582119 16 25
245377 77 247
299258 71 34
191431 28 24
49501 6 595
425416 8 18
597521 189 72
869301 254 24
882901 253 31
299155 80 9
166259 54 1
266356 41 27
87626 14 19
877741 116 10
300546 91 19
684501 124 142
53377 11 243
676781 198 29
495373 54 9
525561 128 1
92709 28 41
413790 67 2
610601 6 207
48937 6 411
836055 27 47
597719 4 17
482551 33 45
617048 147 41
978489 185 29
211876 40 48
590849 196 716
640673 117 141
777681 247 12
327471 72 7
815819 235 6
230465 53 84
665453 131 10
892340 119 35
866501 128 653
672877 100 716
724193 72 290
704489 199 165
340581 25 40
34748 2 55
244329 50 37
617945 194 40
315138 26 2
932282 37 16
767007 14 25
717261 167 79
608909 114 77
105245 20 904
208075 26 73
721917 30 6
429909 22 111
123324 23 14
450483 88 33
293437 38 11
828293 202 40
283349 30 2
233876 2 63
226830 58 31
570441 153 23
806201 75 49
94042 27 94
348060 22 27
492289 37 2
217611 48 28
822379 214 27
893199 266 15
381069 61 1
747935 120 25
525377 54 420
14062 3 257
122789 5 38
603003 94 21
543986 121 109
698161 36 32
526771 76 30
600996 110 17
371546 52 28
694536 69 534
325978 31 21
139475 8 1412
377291 36 64
756321 84 66
469740 14 20
759677 54 8
852448 116 3
393636 67 39
323606 55 24
160373 39 24
475553 75 46
154841 35 13
460597 67 3
101685 30 18
453169 45 37
212619 22 65
214863 22 20
965197 158 63
510369 153 28
390376 92 63
632961 86 37
513449 148 43
877122 27 34
966951 192 56
717809 143 25
702111 118 22
16391 2 22
647509 48 35
3444 1 97
949655 61 37
906646 71 31
578228 139 31
767393 233 17
899355 257 28
890716 125 46
965230 36 14
181111 10 1
715556 51 15
131537 17 641
87505 14 38
323121 12 8
50976 2 26
112939 35 2
816351 178 96
13809 2 29
490893 36 2
366955 102 54
385911 64 23
953751 267 492
731233 194 24
798165 98 71
800909 186 15
300844 11 54
988421 97 41
339809 43 23
633770 33 21
644869 24 17
639987 85 84
57395 12 29
686776 131 13
704121 183 25
440148 43 49
609037 86 15
574449 109 39
235471 28 53
773700 51 36
787813 152 1
87041 5 29
947157 66 59
839801 189 67
574351 102 38
938101 101 18
350287 109 21
812483 103 21
835480 247 47
363349 11 25
411184 45 945
189313 4 28
603615 86 7
512961 98 41
70096 3 65
55601 4 46
562325 94 35
799417 252 48
499965 157 1757
714314 229 30
859192 270 16
477017 41 18
220857 42 118
669411 209 24
673911 26 18
255626 1 162
805276 114 6
445703 137 42
317173 94 47
249388 54 32
80465 17 63
623378 32 106
798674 200 11
85041 16 15
988293 246 207
649601 107 2291
933276 223 4
172735 29 130
840710 83 24
11517 2 4
359332 58 22
180065 39 57
348870 14 27
427905 6 25
702892 62 26
484605 75 5
818701 144 28
485801 35 61
601113 73 65
812221 239 18
842899 148 72
965736 316 32
826111 146 22
60103 19 95
856929 172 16
717761 47 17
370191 19 24
689057 140 47
856519 58 42
520769 64 35
101451 4 11
702267 109 349
468876 56 150
487160 48 51
117127 15 22
303197 25 53
621043 131 68
917624 57 45
109473 11 16
151251 34 50
651861 114 13
323021 77 22
372109 12 44
520099 142 71
416399 130 15
40192 9 15
284001 54 25
425406 97 64
806444 238 20
626945 157 13
997305 132 20
849521 119 147
4281 1 3
406089 31 71
519471 26 37
75098 2 111
203681 55 11
697953 85 197
282231 56 67
779186 47 27
689127 63 159
679519 171 16
475024 115 10
984113 208 226
181161 43 33
826353 32 33
605409 201 292
749481 42 28
953063 316 24
76316 3 185
472492 3 51
427371 68 35
32027 9 30
817002 204 261
697121 117 30
231405 50 15
141701 24 82
149249 40 115
59921 17 26
933180 212 14
354530 95 247
855178 212 28
321113 98 24
467492 89 7
332121 67 25
616285 55 25
601627 55 18
664275 81 36
121671 34 370
16641 4 43
113259 11 38
207801 42 13
828311 150 54
532523 166 43
493477 75 180
737446 183 17
430477 127 132
298400 72 22
234626 20 173
695001 144 41
371921 17 22
980158 85 228
615190 141 91
717684 162 16
615093 143 7
972353 309 1
674975 12 107
944933 109 27
375261 20 51
248779 46 10
224349 42 71
227893 5 8
209504 41 9
555881 141 25
395765 113 1
450910 37 15
47073 8 103
36938 5 13
661953 152 1
839526 279 155
167593 52 30
381425 95 39
761081 241 161
264829 24 26
592703 186 21
349239 111 1
577072 27 23
688173 46 486
470472 22 33
563633 18 23
11265 3 30
717591 147 1214
973873 2 230
50145 7 15
456870 5 13
288433 80 4
263921 29 46
538216 40 87
502689 120 29
325477 75 979
896647 292 23
490758 33 38
277295 36 177
172994 40 56
671751 161 83
703033 50 61
152938 27 39
801534 126 30
453809 50 10
313966 74 190
936152 297 179
226677 61 96
423333 2 22
145815 10 43
325831 54 30
908071 208 11
962935 160 18
188794 25 11
82561 19 3
241091 78 53
279041 88 72
512077 41 3
752025 118 45
191051 12 4
428452 12 61
485403 5 36
181009 40 53
411271 34 47
528914 23 24
803296 225 33
458384 102 50
555736 92 90
946699 294 257
820167 118 1284
69199 3 164
95922 17 63
577544 51 72
994131 39 11
117505 12 36
521692 20 3
282250 74 367
473145 141 25
915969 75 12
925049 181 14
571953 185 6
954204 21 168
753518 18 25
902865 204 16
475210 136 3
58009 14 25
900544 260 1
378179 58 711
121866 8 34
656011 86 21
232788 34 10
879201 133 60
483248 101 42
886881 102 3
267697 14 18
611517 129 74
350437 106 119
663215 218 17
106209 14 38
348767 4 40
177793 46 205
343829 41 35
64095 17 2
434791 115 23
837549 278 92
797651 81 22
414281 135 32
827011 171 31
628373 38 36
419085 8 35
809491 228 16
326113 27 20
468379 19 9
355093 6 1
435075 140 112
371729 43 23
107543 9 350
651925 90 708
503191 65 87
451078 29 40
187982 55 67
360495 52 45
381135 56 224
734961 118 14
46433 12 34
206829 8 22
466689 56 4
295761 92 44
873581 94 29
150387 44 21
460847 140 68
483843 44 9
211486 20 25
880230 93 3
919551 214 103
681329 99 1
514156 81 13
145985 6 47
864951 117 10
121981 28 43
411521 29 66
819201 252 89
753628 27 122
507201 74 37
727865 135 43
443996 117 38
546241 164 33
400721 69 37
674778 194 35
784901 245 15
552507 12 13
343931 45 25
868301 72 70
283341 32 33
388631 67 9
959617 253 22
860613 241 92
399887 22 361
15361 5 169
940032 3 4
937303 48 170
828106 139 30
114382 26 4
69625 15 38
42404 4 75
186933 40 24
964033 5 44
895062 295 22
86525 13 35
892761 100 380
190649 56 12
826325 111 7
508916 5 35
818281 130 73
440001 3 11
537065 61 26
417471 108 29
767908 165 35
433601 82 27
288801 66 7
659897 98 58
832356 3 31
739048 20 5
427229 122 46
471461 20 4
925375 69 26
504680 168 20
411937 101 71
631466 152 33
427953 119 103
900076 118 28
360940 7 4
286839 16 16
690801 71 70
946753 201 25
37621 2 3
258301 27 41
383495 76 58
697561 172 369
935946 201 23
379429 114 100
977337 48 17
444180 27 47
607780 181 11
249641 14 94
104953 16 48
997521 264 12
564515 79 33
647031 213 27
249954 42 46
886829 274 31
537793 53 28
299823 86 20
473239 49 6
682469 47 193
661686 165 38
536561 34 46
648549 109 39
355073 25 29
273508 5 35
913817 287 172
409808 5 31
713315 142 168
185841 61 36
755759 203 11
95649 10 56
836053 68 117
105892 22 2
285551 47 20
885281 164 59
868433 250 30
288541 91 16
140806 22 1586
256042 52 19
554148 103 32
599297 5 89
827553 236 19
899353 139 40
790417 224 94
899781 93 240
447061 82 14
652729 190 1
271073 84 38
633222 163 6
301601 46 6
395333 116 64
880811 177 35
233944 47 22
293566 85 32
993205 15 233
776279 212 21
592567 116 12
106347 5 3
234622 30 34
562200 169 30
373965 61 6
525163 165 28
973501 179 122
808855 126 30
229089 74 17
284621 34 98
547966 134 62
505116 134 120
548901 129 56
986526 268 94
99888 9 145
478145 121 1
800201 98 13
249985 6 81
471365 79 8
453057 15 8
627521 156 37
71841 22 17
294550 39 9
89333 26 31
521985 11 16
298879 21 19
667775 160 91
148977 36 120
471313 60 284
853893 283 39
864001 207 7
281709 60 14
40599 12 14
377090 52 28
769776 142 2
498140 123 12
772586 52 7
675756 211 1174
614178 26 29
53018 14 52
110526 36 8
970733 291 204
721203 176 18
951821 10 37
592400 173 31
501117 60 29
619761 132 477
767506 175 146
394749 109 10
232461 20 33
825466 114 6
708582 122 40
96161 5 53
318283 16 22
643349 209 45
163021 28 10
274391 22 22
771865 256 14
512465 153 8
534176 37 116
694601 143 23
131605 14 517
20797 1 16
371291 34 92
63505 1 43
344148 68 79
69393 13 30
338953 4 75
767276 196 5
831239 205 24
353519 112 88
244887 25 40
901221 180 38
981329 178 53
736422 232 26
83359 15 45
231637 34 88
542221 123 42
147891 31 69
796304 254 13
936557 92 8
524381 166 17
215865 5 83
868345 44 43
505402 107 54
188165 1 23
466585 47 10
486777 53 24
910719 267 30
460288 81 40
138981 10 18
807791 255 214
762291 223 47
431229 116 10
904239 249 426
570460 89 8
932033 280 29
545953 124 18
274833 85 13
892793 290 21
522686 83 20
595191 33 24
489681 103 7
35373 8 37
347725 61 23
41675 11 41
518987 17 13
970045 82 34
744621 60 7
161665 1 251
798730 44 15
938177 120 10
769753 37 8
418554 45 32
539551 87 93
410640 71 7
111641 29 24
666339 50 177
3313 1 40
473821 105 40
745001 125 148
284075 79 28
909717 72 83
813561 141 24
72065 1 9
427873 128 66
725801 157 35
63589 13 71
91981 2 31
566041 136 10
69754 4 66
124267 1 81
623756 51 1
193641 5 10
519136 61 32
335951 104 13
210629 61 36
895741 179 11
894055 12 108
356699 6 17
732231 64 55
100481 32 3
29825 9 7
411271 71 8
265097 42 45
56145 12 15
71791 8 5
191609 27 21
758081 28 295
423291 107 41
545931 107 8
485881 100 24
151305 29 243
174911 23 7
948395 224 91
59882 15 19
57665 18 111
493849 160 35
329550 92 24
821601 221 11
198045 29 5
942001 61 255
969161 146 1213
153613 7 3
890753 285 27
366034 99 89
8653 1 22
806201 202 19
562701 152 24
579345 143 32
729542 83 32
478901 40 32
877254 57 18
127121 32 33
39833 12 34
771652 221 37
105681 33 32
413535 127 50
191144 45 16
996341 187 45
338241 92 8
68134 2 179
816980 11 26
518841 165 12
791577 175 3
816831 12 78
335946 24 68
931739 208 66
585065 74 4
264153 24 46
470205 57 15
325061 76 28
785587 88 54
827645 140 27
745289 223 43
903621 264 31
724462 220 29
634101 179 5
34309 5 73
557237 14 51
464861 148 20
891151 102 13
921883 110 130
892381 43 112
952541 100 27
910426 119 2
605743 129 35
763626 51 249
849497 136 71
218705 55 29
344493 67 13
622937 34 6
402706 106 20
352917 40 27
199741 64 80
999397 78 93
785387 219 40
138461 44 5
36396 9 24
415961 124 251
846990 2 9
853100 257 61
827805 100 29
953033 296 31
491789 74 67
275832 82 3
320113 62 20
976238 145 66
787489 68 9
356881 95 7
427931 2 143
457243 27 20
352147 117 31
620985 34 63
662578 201 2
629777 14 70
6671 2 17
786880 108 8
464625 5 32
622137 120 28
230485 72 13
659276 113 36
652651 145 7
800306 231 38
598613 15 45
552776 110 47
701590 165 20
444415 62 35
965318 106 59
194141 48 20
187681 41 36
367168 16 65
900122 111 3
22129 2 9
524649 172 147
304833 48 54
857001 279 4
187741 27 10
81231 3 39
464809 78 223
455101 109 22
141503 41 94
610191 62 30
805816 151 12
631974 86 232
984015 149 51
197336 23 185
380395 49 103
607705 60 48
229720 65 146
856853 278 76
6623 1 3
127771 33 37
614417 166 6
657156 31 10
512959 15 9
249901 15 40
356306 82 131
373811 73 59
340978 16 9
236624 30 50
76033 14 2
323523 61 14
15881 2 27
728513 168 22
313431 52 98
82001 13 52
549285 32 39
205441 64 211
391577 18 26
490767 21 13
912385 267 36
284137 7 1000
209643 39 107
509761 101 75
226385 22 1
411161 85 15
153591 18 371
514929 5 71
176076 28 20
31165 6 32
853215 283 64
898644 142 263
831444 51 328
207651 14 46
617943 109 23
518079 22 25
785953 85 10
94451 26 171
513883 49 8
998809 127 19
964681 163 50
278138 44 26
585128 189 106
504545 116 11
523700 171 15
25355 1 33
975121 61 27
528083 57 17
270481 37 14
529458 57 16
407199 89 29
23151 2 131
555669 6 87
186977 60 48
402021 74 16
27289 4 52
774129 244 27
852561 142 35
731881 23 11
494051 34 12
5177 1 53
222611 24 18
974197 26 25
703480 26 48
954613 145 1
447825 23 78
371331 33 1
368148 115 35
475301 142 45
350764 63 283
746411 61 16
703194 132 17
998865 172 7
771067 167 166
736691 101 89
570484 59 21
274841 65 914
143216 38 30
550193 179 7
213397 4 87
677538 87 11
938369 175 3
28133 5 326
565761 153 2
996416 21 97
379418 71 45
240577 7 43
328037 53 52
59501 15 23
118677 23 1
183535 7 33
453323 78 19
186255 25 50
20881 3 66
189625 39 26
325233 88 32
331890 84 42
166166 51 56
920257 300 90
823937 241 41
479473 91 42
866251 165 40
373621 52 9
807589 183 47
392705 94 126
213480 42 56
115833 38 38
928339 217 41
574203 129 16
770428 118 10
453632 52 25
889438 160 28
781180 225 4
353561 18 28
829180 122 24
286181 52 23
890197 40 9
615407 24 85
334397 84 15
892030 24 31
978701 219 11
13651 4 21
196209 27 95
937313 217 48
821891 142 35
904281 272 22
46083 9 41
526109 40 30
401581 122 42
258501 16 26
146585 7 40
697921 182 4
899791 230 125
477421 93 24
165123 27 830
971273 19 30
500651 107 83
700148 59 1
233901 61 358
570527 26 11
3949 1 50
565641 182 873
428269 44 129
861827 245 36
617881 171 24
43257 11 8
607274 193 126
205184 34 2280
772023 8 7
140213 31 13
96672 21 108
164906 24 88
467607 60 4
853441 72 6
240957 36 10
970737 314 254
310419 24 38
420626 56 44
614609 15 70
371509 15 6
673697 49 21
232590 33 165
506481 167 87
468441 119 83
350823 14 14
111569 8 9
179601 50 18
929689 177 16
277341 84 18
502437 163 18
362601 9 8
397438 86 8
881181 223 12
241336 12 48
148029 26 25
48341 9 31
216631 54 31
225001 75 28
177001 48 67
528861 67 8
697329 91 9
917086 239 10
640634 3 81
971296 178 29
71601 7 59
591012 53 51
111290 16 58
898986 89 54
477605 86 62
1000 3000
551697 6 10
805577 182 21
352141 47 33
883573 217 18
74251 10 1
491716 108 208
257630 2 7
413133 47 96
952443 190 17
988216 310 32
685705 115 97
265953 3 11
543233 151 32
877447 291 278
75287 23 6
569793 88 17
110907 24 95
426151 137 26
134245 31 472
857901 60 32
672235 218 69
248289 9 13
789817 177 599
400373 132 17
115179 35 83
760744 134 34
259145 65 22
368101 112 81
326640 60 14
112766 1 6
3036 1 36
351058 55 105
231871 73 63
672500 58 57
723953 14 33
254743 59 4
965889 14 2987
76203 5 43
767821 81 29
25228 5 277
207386 2 50
503165 156 33
247049 31 15
898061 207 3
765255 101 31
499722 103 13
882449 11 50
208353 10 36
486598 108 11
137615 8 15
267601 34 211
327297 84 20
212323 65 66
345309 109 110
825546 47 3
883185 93 19
669883 221 30
721677 144 40
327713 29 88
232941 51 41
407459 113 17
660331 31 22
674908 6 39
582917 143 23
110987 23 18
620901 160 33
367881 6 36
203990 41 20
857355 53 25
678145 174 18
688715 45 7
440317 15 141
569931 188 41
819078 24 26
480147 146 32
158193 45 49
583441 120 488
724082 238 30
942081 203 27
988611 313 15
294855 88 56
49681 9 30
922662 90 26
436711 131 3
495537 123 19
694081 84 369
121905 31 4
593746 21 10
950328 241 102
143175 43 3
868520 188 26
390822 100 125
124113 29 16
307926 35 27
681233 5 3
984314 65 75
149402 24 28
306078 76 19
548410 122 15
311609 52 14
588218 127 6
525453 14 30
552181 36 52
249892 41 207
66821 2 12
890404 238 62
375865 25 18
125941 1 5
606510 124 15
687885 98 15
513342 5 19
751575 69 19
606827 150 2366
51985 10 4
57145 4 17
638707 57 34
778331 126 39
714624 109 205
219141 12 12
623321 184 14
258709 34 79
935473 275 26
7561 1 61
103351 21 12
855001 96 18
544881 178 1
761488 140 18
338097 36 1
953126 296 25
730493 2 25
443965 32 8
165158 16 59
658481 120 29
897601 197 16
310518 32 55
418353 89 10
822377 130 26
291218 37 25
188669 49 26
47161 12 13
92129 21 17
463189 29 18
698121 209 1262
814741 78 16
174316 50 72
597883 132 25
217281 49 153
255521 8 41
827770 132 19
229281 23 76
556444 185 23
620547 13 17
463451 134 54
110821 21 652
454017 57 456
617538 195 557
461162 102 2
859376 216 14
386145 44 30
10261 1 47
352857 84 3
724531 67 34
51317 15 15
548257 52 8
837560 70 451
482037 157 60
871481 244 40
142549 7 7
59963 10 62
434596 122 18
565647 21 431
596889 8 32
144729 38 8
607467 4 89
845153 79 20
175911 37 15
691093 30 43
302928 76 87
773901 16 34
794633 216 25
63553 17 16
57617 17 34
487695 142 70
700351 198 295
425831 27 29
100671 19 44
911409 2 9
408185 6 21
914183 146 36
695931 8 353
979163 46 25
12929 2 25
217551 5 47
600535 145 121
605122 37 5
481095 22 32
385486 2 39
187345 20 23
913441 136 125
758301 211 67
887069 44 18
945521 100 32
718325 150 78
647332 210 134
950801 148 26
450985 11 38
608561 122 42
177771 45 12
161395 47 3
113904 22 100
551649 175 21
856489 104 32
840941 237 79
46173 8 153
659845 33 13
303941 42 66
772881 63 489
626861 100 64
685141 31 33
853386 240 29
765875 88 37
171310 9 24
278561 87 46
478445 158 25
943686 141 22
804971 148 35
120141 3 21
349401 70 64
191720 1 41
601201 186 27
667909 108 16
21121 3 17
109713 16 28
336535 108 15
990126 227 50
842620 30 16
621033 17 1
614033 169 22
578755 27 58
598633 33 10
968589 245 40
898759 295 37
493125 83 12
836264 142 65
484691 138 18
41006 6 50
165118 21 27
198273 51 21
344227 88 21
664071 167 43
502823 99 23
977147 255 16
650749 29 6
466136 105 28
32653 9 17
802416 43 127
41285 5 24
57340 6 42
490855 76 47
617221 187 2
465679 6 32
854465 103 65
341617 44 36
591093 150 36
764485 254 6
254171 8 28
118350 22 31
626945 172 1
203695 11 32
548546 138 19
842361 237 37
110631 9 36
290241 77 7
996216 104 109
375001 59 14
423229 91 193
41021 4 36
833129 216 42
368577 45 8
865385 104 30
161898 38 823
319767 63 34
324467 108 53
44377 1 33
626817 196 70
572271 48 9
50953 13 20
498306 84 51
407881 59 11
983501 249 9
157729 49 330
908641 293 11
877994 41 9
91555 9 100
487069 86 94
96871 19 13
688105 67 13
643745 160 23
908949 207 28
800701 220 8
45949 6 10
108041 21 24
381796 65 27
932545 310 24
397281 50 11
154871 37 39
924369 59 31
645149 141 20
677461 45 16
197691 42 82
505328 160 52
692809 27 5
362862 69 18
219997 1 35
727100 175 28
908646 53 28
995793 262 31
456473 41 9
75611 24 45
543079 152 229
418217 10 4
917929 111 159
691629 52 210
605179 79 32
94186 18 658
519015 59 311
492680 8 66
954985 200 44
44962 12 39
396332 56 457
275231 51 47
984813 232 20
386597 72 725
284055 34 15
380669 96 18
143551 37 13
718846 6 17
910213 173 5
991704 207 157
912151 157 7
908651 91 45
809457 21 23
325921 30 1
84209 1 32
672838 51 9
512051 142 22
961186 264 98
828702 20 68
251474 49 66
985421 124 6
616826 178 41
186004 55 14
35615 8 584
867740 115 23
507190 60 152
15725 4 12
305143 77 10
581071 29 30
197636 22 9
526477 149 60
654087 60 2
144839 28 4
649567 63 52
920815 138 151
956219 275 115
471905 54 20
994557 137 5
441929 12 1476
811113 216 30
316036 83 38
702385 86 44
469169 17 24
425531 107 61
886067 286 3
353833 38 47
63049 15 14
481876 19 7
74498 19 5
693961 142 29
592041 42 45
773957 179 87
21224 2 10
843487 235 20
607252 197 33
881235 61 52
819682 240 84
430281 126 72
622081 12 25
165151 3 26
891278 254 45
856039 199 35
589962 9 55
50681 16 8
927817 248 31
743068 182 24
964175 263 55
251116 18 18
583776 110 33
641334 65 41
680679 117 22
716411 129 20
569125 6 18
771773 163 30
770510 239 30
545903 141 20
941059 212 14
967571 155 28
188681 32 29
865025 124 34
783240 74 4
999856 303 56
787667 109 12
664688 58 38
73139 16 44
963541 195 14
531309 154 48
328569 6 55
125157 7 1
859418 283 55
680353 186 7
785273 208 18
739636 234 35
168236 38 5
355194 102 32
694451 145 12
406813 113 25
40551 11 2
777153 108 7
876683 67 1
861603 165 34
13681 1 43
460385 134 36
162346 42 89
224041 21 27
125255 4 415
906933 140 141
660596 208 39
826239 196 183
427149 22 183
35217 9 6
640331 16 10
521728 155 28
551259 49 24
128028 17 94
8716 1 72
78471 17 19
145177 30 1
245241 59 13
792918 88 5
651482 205 33
100001 29 20
461778 31 41
670121 70 31
975547 312 106
642401 31 7
526266 142 28
375861 67 101
774326 256 5
866561 191 1
414627 137 78
183019 29 25
617601 197 720
941850 306 4
836269 222 3
114331 11 628
827816 148 26
728833 74 41
620641 31 28
912415 143 17
362070 110 15
860376 160 90
436762 83 73
567956 170 118
100879 29 40
646049 74 41
399076 103 38
538599 75 18
585353 183 111
716296 99 23
503054 142 9
896713 234 10
239235 42 11
922149 6 24
819354 32 66
141837 20 12
743888 189 28
126549 18 22
667953 40 246
26808 6 25
377777 21 6
214476 3 32
323759 8 4
669410 198 7
870841 211 868
564779 154 723
604357 32 10
134225 26 35
320961 45 1
845161 131 45
478580 107 22
650617 23 86
876737 160 149
552871 134 30
513946 155 8
279500 11 114
722485 235 34
367333 37 26
972599 198 18
396219 85 25
667726 33 50
226373 60 26
300646 54 2
262001 25 4
429025 139 70
196445 11 24
578269 41 393
796561 38 140
282933 3 37
914901 131 14
118141 14 49
62138 7 26
841022 187 24
470337 65 69
829699 27 15
549817 179 7
291841 51 1
562164 169 75
680667 109 5
929897 283 12
55533 18 9
972950 288 164
443525 108 12
791825 112 33
567171 175 81
376876 17 8
439025 91 38
134829 30 215
47113 5 39
61401 12 6
551573 69 19
175447 14 9
544561 119 41
734733 214 58
602533 61 11
813353 149 42
393785 57 11
202483 14 689
164307 9 53
928213 150 115
136088 2 10
444267 93 6
365889 31 4
582463 21 23
777761 30 6
598558 81 1
486116 21 19
609045 79 14
993362 329 1
203602 61 2
172365 14 37
553820 162 56
376757 23 13
562785 151 117
85211 22 57
991601 305 1
705300 235 17
843612 189 11
571869 113 14
130467 15 27
724641 157 12
109146 10 20
21949 6 44
612961 154 1
386851 18 52
164125 8 48
830737 12 39
251893 54 86
753931 165 46
914358 20 31
959721 56 30
149529 35 2
779226 180 24
839626 104 9
238232 41 15
254726 52 29
323569 55 18
794337 67 48
871395 243 77
4389 1 23
222165 71 43
54641 4 10
997793 216 38
3096 1 31
325717 43 16
792281 89 35
320993 77 114
782015 48 26
352101 57 30
911913 141 13
165772 19 906
929581 203 81
829961 138 43
653941 142 6
959259 215 18
845268 63 322
296441 73 28
111105 18 140
722939 56 9
287607 26 48
265537 41 14
125674 24 10
249326 50 32
119531 27 80
854517 216 255
693767 179 17
974657 309 4
158081 41 2926
860857 244 49
990245 194 40
800417 134 37
670982 193 160
304541 68 161
544309 10 45
526877 136 71
258953 7 75
134002 43 26
385054 113 20
637525 2 8
421193 17 89
775468 243 101
59361 1 85
232705 27 3
560441 97 8
530853 76 8
930401 127 17
554011 13 303
530817 8 196
639365 55 12
347561 27 82
623591 53 126
371500 111 175
717432 170 32
735143 15 32
423751 3 9
512061 81 26
208543 47 27
269022 30 41
633281 84 31
324600 11 89
66538 22 236
186889 45 18
879761 212 7
380241 104 131
30401 4 29
8787 1 13
726337 200 23
786253 159 9
714691 225 17
361633 109 4
189337 25 33
779633 64 20
600451 179 28
590617 143 61
842001 127 199
841388 276 11
425484 6 1
566767 6 21
492001 97 72
660001 74 61
7781 2 34
944501 110 25
366623 100 81
805505 236 25
890253 250 28
285421 29 59
40149 12 102
148789 9 25
707029 186 5
201315 8 29
384782 30 522
549151 118 2
988595 148 4
407673 3 25
973446 242 68
991329 21 58
301443 3 49
953021 292 2
686777 154 30
179097 58 5
106905 32 9
603669 108 6
711747 128 77
339723 6 9
193816 1 173
4457 1 467
712427 212 158
455126 55 32
104029 33 23
64476 1 83
443097 116 2
346844 45 99
245690 65 19
904103 193 643
430916 100 44
707303 18 46
148673 49 2
783593 141 240
289041 51 44
564028 48 22
37060 12 30
488072 84 89
980271 320 56
772381 129 13
13245 3 43
540897 123 60
673598 46 120
42204 2 15
636641 29 12
472526 100 111
928497 304 28
200329 62 21
884664 122 26
355059 88 18
466541 1 225
607377 139 298
206893 48 32
917269 12 51
824001 214 16
139711 43 10
228279 72 30
654823 92 102
353101 57 38
984415 194 8
811185 6 60
354009 19 20
696241 215 30
792377 194 1
899613 40 27
698937 41 30
9077 1 62
130881 22 20
423311 78 13
314303 65 144
589876 5 7
98142 9 19
699077 162 15
309701 63 197
849125 16 16
552615 157 95
930846 151 146
198196 25 39
150117 11 592
200968 39 139
911815 222 172
782956 135 27
848576 150 11
777989 180 84
841621 102 97
151531 25 8
530357 49 9
428001 117 235
345641 19 55
110945 34 62
62535 18 26
947358 38 28
416869 25 38
795165 67 12
627369 36 1
100801 10 134
622721 172 56
528500 17 101
716651 200 148
906923 99 34
809152 11 5
26033 1 4
539705 99 90
490177 83 4
81946 4 294
640894 108 32
703871 7 2
524270 53 4
67530 10 25
36898 4 26
780866 153 23
856233 240 7
746907 109 134
48933 11 17
523185 124 25
125281 6 61
209209 67 73
36818 10 1286
984321 127 46
944729 98 2
329369 76 34
290615 49 118
405201 70 3
586881 13 46
593601 92 74
788149 1 472
854461 185 27
805467 62 8
483276 114 34
892435 172 104
559857 63 128
589523 18 9
970561 286 62
647641 155 32
385071 94 14
199428 50 87
524736 128 159
759985 248 30
479963 18 232
988241 120 35
837071 94 15
198997 8 24
360161 62 6
192769 62 3
464051 128 36
569193 46 30
716561 120 21
695181 123 32
882406 31 28
705000 159 216
429468 119 5
706736 123 61
913539 133 24
527361 44 21
474915 47 240
323433 54 27
239451 26 278
603744 111 45
564141 161 48
745396 102 20
712993 74 177
735936 189 68
62208 8 6
151279 28 25
161457 33 27
986357 318 13
689355 137 38
377642 90 14
687863 202 45
418575 50 120
83233 19 68
183237 51 27
648497 196 36
772285 164 107
121971 4 54
424769 50 197
784689 172 6
608170 34 25
560421 146 135
923901 47 23
26471 2 52
993573 117 15
239201 39 23
458915 14 20
911101 147 534
228145 39 53
366161 63 35
818881 150 16
535249 67 43
56969 4 3
491589 10 7
321085 62 44
568467 177 108
815798 205 24
781897 252 29
642565 91 97
489207 133 19
313173 92 71
780651 214 13
791521 43 49
165575 34 37
112109 34 20
635997 185 1
328651 96 1
119045 38 10
785369 215 20
648449 90 40
764141 80 46
748177 158 26
739901 187 23
301251 19 1
504889 76 9
839345 244 132
655851 25 40
317267 41 119
730246 41 32
478191 62 41
907346 143 214
803001 122 162
323945 20 19
78198 23 60
958922 164 30
309521 91 40
672941 58 16
165963 22 51
558521 168 5
910081 191 86
759199 58 58
365075 44 14
725213 64 11
296955 73 13
955009 172 13
301141 94 46
499176 75 95
77603 10 35
457166 79 34
685780 2 8
230081 52 7
841587 224 19
938936 144 251
639415 22 30
727592 221 111
746329 206 79
219607 49 21
88407 27 9
199835 34 27
396753 11 12
517572 32 68
281731 80 13
905486 105 44
103629 32 34
101577 21 24
509426 29 111
526139 37 8
751901 213 67
701397 81 41
232510 13 99
678159 30 2066
215041 48 546
758382 212 367
755482 28 33
518751 79 34
953951 225 53
203539 35 21
862433 173 45
703319 224 26
447667 121 93
945905 230 12
108653 18 125
152325 11 17
736473 132 7
71037 17 39
826781 237 160
735763 229 12
193781 14 37
633313 7 36
205793 26 77
142623 36 9
504221 49 1
813057 232 51
931025 208 37
788233 146 50
673015 187 8
321876 78 89
575565 150 1
549877 169 4
673047 111 14
57136 2 101
567359 2 97
440414 71 32
656026 43 101
182045 2 14
243137 46 65
557111 131 60
328400 108 33
371589 24 51
107819 12 126
82149 27 128
420801 55 245
135081 9 11
276121 44 201
386329 93 6
636561 171 2282
256434 22 56
733696 18 13
380325 84 44
747307 30 26
285671 84 29
391501 27 11
538921 102 127
54411 16 60
275711 15 1240
463478 107 138
352861 66 117
16257 4 19
713128 6 26
876541 79 39
923791 283 9
176279 26 12
518241 164 42
321131 42 13
874259 17 1
471835 1 34
915803 302 41
477626 27 33
485121 85 85
85305 23 95
1000 3000
108609 3 36
941877 136 20
356627 43 25
982731 240 31
577933 67 54
780332 208 20
83244 13 52
241161 80 345
68956 19 52
18731 4 19
226732 46 21
112593 32 207
985517 55 168
646136 1 2
171883 6 27
216983 5 11
753911 62 34
399206 100 37
904712 57 47
662841 217 38
201453 23 230
945081 147 116
899931 48 114
786279 92 44
392753 111 265
966393 261 27
558651 145 16
619065 194 144
731921 112 27
71609 8 18
43710 6 8
280839 82 681
576961 136 36
822370 30 20
777651 183 37
566701 147 22
565521 184 24
532555 14 79
835560 205 40
858626 104 32
156037 37 58
276541 76 45
805845 69 16
78571 20 33
140113 27 65
66001 11 33
487239 136 11
15589 1 35
939224 277 41
844772 170 24
335861 87 50
211436 33 4
465262 106 36
959751 6 5
737337 244 14
441836 52 58
92961 30 6
167505 21 11
693291 14 11
667411 129 61
388665 41 56
630361 149 74
681001 200 63
464995 4 26
178494 42 45
740957 223 43
523321 133 25
619982 126 18
194576 49 1199
601565 73 41
59785 15 13
679361 105 19
389321 52 39
685771 14 1
209955 13 25
226740 68 25
855101 189 14
725764 211 60
401825 53 20
617589 77 12
376631 3 49
922662 280 5
900186 240 61
239372 10 867
18759 5 23
607297 24 72
430680 93 1
996406 224 11
239816 10 1
605925 134 19
703965 168 33
115477 36 30
103940 17 36
219161 60 10
693001 166 2
908041 176 24
945220 29 32
709421 131 33
949787 12 34
835389 179 32
429581 87 13
69217 8 27
886401 266 8
151741 21 27
615696 109 42
907731 1 11
329386 9 25
251712 72 64
305101 45 69
9081 1 10
27001 1 8
420932 111 29
175681 29 19
634376 145 23
469057 90 76
445474 49 45
358113 8 773
316106 13 23
729561 38 33
335295 84 291
942889 254 30
323741 34 24
228649 65 2
13038 1 156
17800 2 18
867961 146 18
605124 152 28
917426 287 8
894311 124 19
213549 3 95
694321 60 2
23163 2 227
273021 89 50
955812 171 10
194797 35 2751
628253 15 6
232385 57 15
644512 108 84
35505 4 9
858014 49 23
66726 10 34
532408 34 911
209141 57 113
803529 73 43
801236 108 8
783545 101 13
768267 168 3
343469 65 32
688501 163 18
234737 34 25
74099 1 40
957001 142 70
395940 3 95
543641 119 38
248669 22 1500
488635 89 37
171851 18 26
800665 203 5
191027 57 931
953270 50 197
32785 10 23
988937 142 159
49439 6 42
21053 2 4
219393 66 14
688837 62 237
798775 131 159
980706 114 24
850342 242 153
883885 6 27
46863 4 40
983789 75 2
281921 89 31
243821 64 19
94625 24 153
901881 158 47
552993 124 257
589501 141 4
601491 94 3
66615 9 10
295051 74 26
688807 157 54
129723 38 102
277982 5 39
419073 84 82
287884 85 21
526980 81 12
88511 16 35
630475 50 18
200301 10 55
551137 21 20
39337 4 19
132305 19 50
306396 84 66
731495 205 9
752681 194 26
4347 1 27
900713 122 5
532165 121 35
913953 99 50
60161 7 80
570433 178 10
824325 35 13
128861 4 30
339095 93 40
64467 14 88
462915 125 30
908985 131 71
877205 170 59
261361 26 25
725401 200 20
612926 185 6
437122 88 230
969913 277 46
604957 83 20
79952 6 2089
292046 2 37
133053 30 2819
802841 150 10
868889 261 21
730325 187 73
649534 147 23
377214 92 66
439500 74 30
495504 159 52
700421 142 14
107368 25 72
741125 63 5
834201 40 18
952231 100 30
716206 121 7
828625 49 513
659431 27 4
622801 53 9
602774 147 106
212487 41 11
914726 12 6
975758 278 11
131841 36 76
979135 118 72
985624 45 37
726857 225 26
539021 107 59
342491 51 281
515912 14 80
360373 5 76
737688 38 22
434966 72 100
602001 180 28
443747 96 30
967687 196 171
416853 23 19
745935 234 7
73798 13 101
12875 3 26
524973 52 28
290041 14 51
196635 60 68
582921 113 32
385889 61 13
908653 233 24
460683 89 2
634729 62 10
819869 33 21
359089 70 26
7475 1 104
931381 309 19
673296 171 10
565305 46 17
786696 197 21
805248 211 80
699171 231 51
748881 138 13
129325 6 24
196488 42 23
188549 1 226
699833 99 22
831201 256 20
806304 212 33
930251 237 14
216149 18 52
518901 130 3
142962 1 22
588481 136 12
521165 140 86
329025 36 12
431114 22 26
796151 184 41
424680 86 5
811583 245 87
863301 20 216
411125 35 17
15712 2 13
417221 47 106
72365 17 61
13397 1 20
471951 2 29
687331 68 1
788895 14 31
533299 87 28
339601 64 33
313765 44 193
934926 147 41
666713 209 56
589616 160 61
751897 41 118
389448 19 530
219965 27 334
350589 62 76
240670 66 63
234543 1 2450
376166 38 19
593681 82 20
744626 3 52
434793 48 28
745474 8 10
199798 61 9
495673 2 97
965946 68 42
689161 192 14
845583 77 28
907526 225 47
133918 38 22
702465 109 56
724001 123 150
444029 96 57
887877 127 33
115946 23 43
956537 46 1347
716113 141 26
113324 17 109
354536 6 36
767121 22 54
768197 85 35
657621 140 64
184031 28 4
521253 100 78
950024 174 1
994341 294 17
210793 16 97
901835 75 15
48461 1 12
563641 57 30
787399 190 17
158013 49 62
492915 32 20
131683 42 23
627377 179 38
447457 133 55
514244 120 31
374428 7 34
204699 10 83
164044 30 29
965131 270 28
48873 7 39
520157 94 11
339849 96 33
257833 60 50
924323 215 203
417649 7 20
296833 28 10
388120 7 27
567589 32 11
324421 62 19
757981 188 19
492308 122 9
798802 169 43
717525 223 36
968234 201 97
412156 11 18
647481 36 23
864987 210 74
113518 4 45
7904 2 3
713725 43 7
967221 230 85
576889 164 275
535285 146 345
743591 242 56
541421 1 50
145802 11 53
781517 246 25
657055 2 28
696951 139 1
517670 144 41
922905 283 6
283531 1 32
552411 154 6
151976 6 4
399013 51 72
460606 45 14
224481 69 25
422150 139 17
945121 255 5
97169 12 6
707617 83 26
93281 25 60
219991 53 5
199613 46 43
410025 52 2
744701 36 24
792553 233 25
264369 83 1469
614991 75 73
542911 176 10
330369 69 73
489652 10 64
181051 39 198
382731 109 24
114661 32 82
736953 98 18
557041 150 47
549099 60 25
114721 1 102
975701 283 77
583945 22 51
342146 36 61
712363 79 19
561597 91 37
632280 66 11
110585 15 44
201366 48 34
535635 135 60
321817 44 120
190985 29 31
556777 126 17
298049 1 87
671835 34 56
26317 5 30
541466 155 2
968028 180 58
275462 11 35
227685 18 27
904429 41 37
150329 24 8
249273 8 43
534799 16 23
662889 108 35
3392 1 9
124448 25 57
339630 108 12
598801 5 24
523712 86 27
552951 123 10
65981 15 47
260271 4 74
365229 17 63
732551 44 13
460250 7 134
5099 1 71
33329 8 5
622175 193 42
610691 82 13
66770 16 20
862721 153 39
128761 19 29
520511 102 16
591813 62 82
381701 108 76
215852 39 13
6473 2 30
18469 5 6
211447 54 39
634501 102 1790
102641 20 28
324901 67 11
829056 221 22
60929 12 30
302971 61 26
299189 50 29
703641 95 35
569271 5 52
559101 110 2
159872 8 14
527410 132 9
859145 93 4
465258 113 9
837101 279 32
241569 40 2
313701 10 27
47513 7 40
359236 93 70
836756 209 197
667210 85 32
59417 14 166
408365 135 6
13280 4 163
888881 94 41
918795 175 10
406513 60 64
40137 6 12
200502 39 91
172443 35 29
829088 59 20
670465 28 3
96213 32 9
632915 83 129
453801 47 311
522486 58 5
249664 82 55
625225 150 8
381489 108 2
182221 12 20
692041 102 31
972285 300 9
744517 198 1
57079 16 10
294694 43 19
997739 86 71
75167 22 56
237793 54 25
392001 78 6
714763 193 277
907421 244 6
289030 57 296
9525 2 25
679997 173 48
767482 125 32
706728 148 13
276343 69 22
16920 1 35
609826 142 159
860501 12 62
564569 133 62
451492 88 61
890451 231 43
58970 1 40
639277 29 1959
39198 3 7
522461 154 112
31040 10 34
177157 42 4
453994 69 58
541825 158 61
39149 10 22
248011 40 28
207345 16 27
570671 42 3
835636 61 616
441906 132 17
606065 59 25
88137 9 48
138310 30 37
625102 121 194
708869 88 42
542237 111 17
591652 145 14
226128 42 14
674447 68 76
892819 253 16
490641 31 97
851132 204 26
84161 20 54
18749 4 81
476549 147 15
538915 174 1
843701 91 35
801011 40 2
868161 214 37
901489 152 105
672003 132 7
943169 231 18
394435 49 95
318345 18 48
245283 7 237
188736 14 15
749761 71 18
372555 48 83
317613 22 20
49445 14 151
61457 2 47
304273 7 4
534276 108 29
139472 16 30
497501 135 24
251841 51 112
538964 82 7
616201 63 136
62671 3 110
173433 12 17
851038 140 28
36299 2 59
815461 202 143
811749 204 106
269261 2 8
28071 2 22
780721 199 136
964652 269 23
438248 3 149
223910 26 27
175648 50 25
240877 68 6
908265 246 156
660475 160 206
997258 161 37
577365 75 9
143803 9 2
757591 1 30
387161 55 21
869253 78 535
393882 69 20
875982 110 46
586871 169 33
642531 119 290
381936 71 31
848105 21 31
459031 139 16
632517 40 15
359228 19 105
149201 23 17
405529 38 33
715576 90 28
395431 7 146
318061 5 36
566219 54 66
414039 83 123
307401 85 46
494956 11 10
958888 126 36
331515 9 112
240001 51 287
539686 61 29
871406 152 47
759525 68 3
46843 9 38
887152 47 18
416051 97 35
613191 8 64
103117 10 213
498877 107 20
106469 4 56
510943 66 30
316630 64 42
765161 114 21
858051 158 30
48668 13 10
814501 122 21
723084 122 42
991186 318 11
182960 58 11
979105 55 37
836401 136 133
29801 4 58
521063 164 16
795916 25 45
790213 16 32
227457 70 33
55041 5 71
984445 240 18
206269 49 1
427138 107 11
887931 121 11
291521 7 6
15126 2 66
361207 84 171
85206 18 22
14355 3 49
89941 10 31
424969 59 28
172821 51 17
752899 165 80
446081 35 11
360193 42 1
946714 77 27
787509 119 42
127888 31 82
420373 68 66
937900 83 293
228671 72 64
259751 2 64
49325 2 12
996785 103 14
147892 14 51
535616 82 23
522278 109 25
31244 8 5
477897 33 68
959981 298 2458
546151 124 52
869013 142 23
175317 55 178
733196 46 41
765836 23 37
800243 56 7
922745 127 91
131891 35 13
225841 24 3
442741 131 39
85729 23 49
150016 39 137
304606 18 18
239005 23 24
250751 64 14
172669 26 68
559713 86 316
233665 23 66
807439 176 3
595352 139 24
903116 106 12
873816 188 29
488218 88 53
386181 75 20
79128 15 42
689201 70 32
931388 30 65
367985 84 17
953641 164 35
309081 66 30
755537 3 65
752451 114 133
374453 109 27
371912 106 10
822441 159 23
416825 89 218
149568 8 27
983791 141 49
24841 2 11
498651 146 16
662912 80 10
319101 31 156
188963 18 20
180251 19 36
760001 38 17
177149 20 37
928161 6 15
313927 47 2
855517 226 34
162689 8 164
45016 1 55
113162 7 26
461532 149 977
230231 30 54
803697 235 40
151126 14 26
293711 67 14
474353 88 43
280605 4 23
11941 1 7
446053 16 20
342917 91 31
140050 45 25
263257 79 107
430501 98 12
169097 34 8
8297 2 12
36963 7 188
801401 199 26
835945 253 25
669019 140 79
943765 217 52
588237 45 49
515697 87 18
160249 2 45
21931 5 29
913032 161 28
48133 13 28
174956 45 25
169321 7 146
576994 30 149
649553 109 15
956137 298 15
358419 7 51
919769 279 29
694672 35 2
178056 46 72
378796 22 1251
907743 259 24
532838 61 16
52596 3 22
63192 19 67
821591 210 49
915741 106 169
65027 17 60
586613 169 143
206145 5 39
729281 134 13
568393 174 377
958126 91 145
864801 85 88
56171 13 18
45243 10 16
739345 94 42
997031 326 81
558537 51 14
826415 88 10
74909 24 3
295152 79 30
304905 23 23
776256 209 26
298061 46 19
582327 98 265
774682 233 6
579641 95 13
584135 25 19
716029 7 19
125351 6 25
236733 43 58
831107 218 43
177801 24 7
453761 121 29
556245 48 43
98566 3 24
205273 3 25
845131 249 44
545415 1 14
783335 21 11
88674 13 828
125221 14 46
244191 13 3
752878 121 135
516191 68 8
440340 24 21
818317 167 45
603616 160 319
999934 289 44
669221 200 31
883001 227 62
445298 119 45
432067 38 20
267973 86 31
864301 177 25
636549 78 42
596755 64 14
222004 63 29
393173 130 52
69890 9 27
711585 149 259
774265 250 30
531277 129 51
789523 156 6
367952 15 31
59541 2 18
974234 256 47
6817 1 79
931341 64 26
704921 207 5
355149 86 34
121809 12 73
725689 221 2
925267 62 22
673397 112 8
119425 18 411
538287 141 30
917053 133 7
836119 9 10
354451 3 30
907101 243 9
244255 81 2
537785 44 15
147914 30 6
952057 241 65
285151 7 16
587407 22 20
313671 86 30
395752 50 79
723356 26 22
302748 8 428
888547 251 32
666631 149 36
196697 58 71
758761 126 5
397632 80 72
388265 64 43
861325 148 40
970793 39 45
798446 213 12
866006 194 23
322851 23 62
582118 87 63
932041 302 20
345113 108 24
485505 127 51
266861 48 20
61441 13 23
953092 198 17
562225 48 4
784049 96 48
222951 62 1
291178 60 15
944798 216 20
55961 4 62
199457 61 14
708261 220 20
822573 218 152
466006 108 30
507041 161 27
44261 14 94
218209 10 17
689295 179 50
140105 44 695
307441 11 75
162698 19 37
196769 5 21
800749 250 13
593447 72 47
299246 60 7
80259 23 9
939681 92 39
787021 37 24
420681 118 17
700727 54 41
302441 90 69
948734 242 18
304857 2 33
367502 91 61
707121 112 23
502387 106 24
622599 180 350
267867 2 1
313786 73 24
783250 32 28
159597 7 38
459681 121 31
325589 92 12
628569 3 89
368895 64 8
731811 151 5
169337 20 26
878081 232 22
884806 254 19
94001 22 8
233827 12 16
78631 22 30
942201 186 903
866823 200 40
59311 13 9
482500 136 47
717621 132 143
790761 177 30
462525 100 6
352015 11 12
996973 195 10
753729 212 33
172041 40 23
22211 2 40
275385 2 63
200864 26 5
84881 21 4
56569 10 41
728443 149 685
191233 47 11
732316 193 160
514072 169 1
944593 83 34
995201 285 16
922945 183 20
631997 55 140
264656 53 1
918507 303 90
804571 88 60
769931 217 7
492897 136 26
610684 91 41
500905 92 21
662328 171 1303
343221 73 43
787201 152 42
675937 221 75
43065 2 3
664771 48 22
691081 95 13
49890 3 137
957841 230 20
572086 97 9
695141 52 224
506625 115 42
792993 106 105
491371 106 8
752095 24 77
351828 54 4
295065 90 20
361269 29 63
778599 142 20
423025 118 27
458817 23 19
189441 33 66
893863 213 6
194285 16 195
927071 172 33
614447 107 50
858380 117 22
26375 5 27
696833 119 158
240486 68 34
628722 205 21
990601 148 65
964513 29 29
305986 1 131
449170 113 29
563681 94 8
762715 225 11
437335 95 33
618757 64 44
917586 5 19
662777 62 13
975583 146 113
837971 199 26
879965 291 7
919953 285 51
793801 74 94
1000 3000
995375 172 124
755841 184 417
882877 77 27
482817 124 75
208001 52 25
470962 6 8
141525 41 101
141446 25 424
4261 1 15
570561 64 22
38917 12 32
7817 2 4
419961 101 476
890565 242 20
234697 71 138
115301 1 30
248441 60 491
666061 20 152
177696 37 35
975331 240 75
612001 3 3
557461 58 16
420321 50 27
543552 53 27
350561 10 110
51339 1 30
71745 4 1
781721 169 1
281658 25 31
587999 66 12
512812 34 5
317671 18 3
797852 114 32
559303 70 6
853369 91 16
798690 83 18
381535 12 182
332231 66 45
99164 22 40
865036 224 52
986377 157 56
973033 321 10
149671 9 82
436225 131 24
393473 119 40
523669 27 10
907626 4 10
432694 87 19
328399 101 32
574143 116 11
802471 60 2012
585271 148 29
17173 4 6
22781 5 70
815551 207 28
423323 134 32
170594 1 35
211891 46 29
242513 19 148
666103 58 1
535565 25 43
366657 51 27
952977 120 12
887013 55 7
23879 2 9
933086 280 25
882729 129 3
762201 196 9
86961 19 20
172875 5 22
670319 216 32
216231 37 76
848786 122 37
399953 53 80
274032 72 117
530506 18 20
586169 182 40
930506 18 557
494659 12 62
353607 11 4
59295 16 125
513993 56 50
789983 96 4
932953 1 19
669945 200 32
85966 22 21
904115 181 3
875846 240 14
287661 66 26
658601 159 14
260537 48 55
904289 245 25
580260 104 26
410884 124 19
549061 183 714
329945 97 7
237221 77 21
793791 194 16
578208 175 7
572450 57 7
703861 2 39
684009 203 47
822481 250 37
240858 23 1581
199081 26 25
374849 46 32
647169 51 1
901003 4 85
503257 78 8
127523 7 14
413906 1 156
486265 31 372
390540 67 61
960159 297 16
228946 35 19
883383 265 23
404417 13 42
865213 200 18
220009 58 1
335678 51 11
16621 2 20
323542 41 24
74455 20 9
30957 8 9
272305 40 29
515101 82 1
228679 58 32
298153 87 74
46116 7 47
15341 2 407
832225 44 21
481601 103 229
801293 263 42
452871 26 174
186536 37 29
639607 62 48
364857 103 40
919096 98 35
396481 63 56
619040 173 5
755901 77 1
48569 1 1795
211729 67 27
592897 169 9
152174 31 18
580953 91 26
268529 44 77
297033 51 18
437295 51 94
595830 48 539
945966 102 21
664691 40 105
830993 127 30
722202 237 32
235781 41 67
902562 225 15
954775 57 23
110001 18 156
627403 126 28
777411 52 22
339815 14 38
246881 72 25
837956 211 15
217850 35 24
35571 2 116
887562 231 32
561281 72 18
599322 20 6
620737 120 4
814595 205 84
81993 24 236
630332 82 23
964581 281 84
808216 160 11
774160 252 23
587659 164 3
182741 41 19
728865 189 23
54662 6 20
403251 29 13
792241 115 32
963105 93 61
680953 149 46
790381 157 2
833871 82 59
264053 35 6
725780 105 85
157857 48 64
577598 169 57
402781 108 72
949041 281 21
385825 27 15
122026 5 6
22379 6 72
525416 123 72
161229 30 23
160645 40 8
17631 5 49
704821 172 62
458929 66 91
268729 57 29
996105 226 24
518261 52 67
738208 211 26
176795 42 119
819678 241 29
452556 44 55
600011 1 20
156751 5 8
461463 73 2
388143 68 40
595779 92 45
82319 27 25
171905 8 10
573985 93 19
389539 3 9
901461 220 74
677617 37 25
966492 45 164
638133 63 304
360699 34 72
622167 126 7
493861 108 7
36444 12 10
920738 127 39
88353 22 55
756251 72 24
774201 241 6
899215 193 5
551521 66 6
782177 3 15
141314 12 14
513940 44 2
427247 138 75
421845 90 37
375813 113 7
573855 55 61
11811 3 12
973295 103 505
714796 149 10
844163 160 25
355497 81 57
427876 31 3
949565 7 1030
3503 1 19
159377 4 70
502149 124 51
959935 271 5
542135 108 36
521516 107 76
499251 92 19
379806 96 52
107819 28 24
447201 21 40
849505 40 376
641476 22 38
683249 67 14
260147 4 82
567975 21 25
21391 7 89
456355 26 155
844181 73 37
256909 57 23
507977 82 18
368602 86 35
477221 77 29
808223 84 36
674816 110 80
422486 50 17
369473 95 20
926425 177 16
822017 218 25
183553 46 28
943097 96 49
611662 102 17
818259 70 37
988597 191 13
715061 170 37
21871 6 104
850249 159 43
388135 42 19
697456 137 5
319397 100 68
68177 22 11
871088 95 70
337911 64 60
191663 49 13
861875 83 8
421535 39 42
24691 2 45
625355 81 1329
527531 115 99
364084 53 11
603730 199 33
936529 159 20
563945 108 27
860825 174 32
938531 141 169
549219 34 78
850971 29 125
346081 51 30
706794 234 110
103851 23 31
298941 90 25
679715 180 37
56736 3 7
134969 24 9
175476 52 21
979633 122 14
243207 12 11
516081 151 75
680935 199 136
751689 195 22
579688 85 31
19009 5 59
126201 21 42
505189 34 11
867011 132 39
329971 25 93
245870 23 36
32158 1 21
550164 14 65
812893 112 350
287001 51 42
705201 35 6
549025 136 76
564969 92 50
458766 104 15
104097 3 3
919989 105 9
998173 291 456
574205 139 36
601666 118 274
341822 14 85
467961 50 22
368788 34 45
210793 28 58
829131 42 9
748145 42 13
956451 136 46
496234 15 171
57441 2 66
124537 13 356
998881 37 17
49533 2 8
708141 56 15
812293 96 34
685052 100 10
399741 43 3
150401 50 17
149901 13 40
232201 42 32
532938 155 28
256461 62 42
149908 42 20
296001 8 25
175799 25 35
195116 24 5
710847 90 33
295078 57 99
376109 106 5
112080 1 28
709220 21 15
316053 80 326
431378 8 52
965297 25 40
483836 138 70
380249 94 17
701629 100 211
907940 233 22
977729 145 27
408393 55 35
724277 41 19
167231 32 21
359055 18 32
205130 26 2
35081 9 146
449984 29 5
913317 288 35
642157 190 9
401224 82 4
374185 56 3
846381 134 53
403911 24 276
488889 143 13
598311 92 4
409765 82 3
786000 38 6
816561 94 98
672085 5 69
467841 97 23
512995 11 34
651674 165 67
77655 6 19
806522 162 15
227232 70 22
40996 4 3
186712 28 5
844883 32 64
893243 240 41
341842 86 51
558629 130 1
794355 110 360
69317 11 9
828894 116 15
253530 41 37
904715 95 50
852893 179 7
270306 27 62
674101 23 50
404545 18 9
90606 24 23
296080 97 25
346285 24 3
432217 13 9
19157 1 36
492659 22 13
255468 1 24
301783 56 9
926041 1 14
767885 7 21
16741 1 26
549993 179 31
574531 44 10
904609 266 176
138409 15 46
990841 330 17
532237 113 8
304029 100 21
208663 19 27
866712 271 39
77466 4 114
248455 27 41
848796 122 19
170386 50 63
607901 17 29
395302 102 3
497416 3 19
371717 8 74
133877 3 21
902901 37 41
587085 112 7
905041 183 178
361036 55 1
58479 5 143
949415 186 55
493220 163 12
217512 43 4
244261 55 21
794490 77 130
138857 43 25
298718 34 163
970021 289 26
420317 13 15
727661 212 136
211835 39 9
553015 158 34
91161 15 38
549493 158 81
959447 41 21
839397 99 98
900834 297 451
455046 131 18
941626 26 87
429785 77 29
73051 11 13
468264 98 6
797361 175 112
396004 37 468
930908 60 158
81697 11 43
394596 78 1
774147 241 56
921511 154 27
969985 25 4
875250 55 16
357661 105 4
679293 1 46
981123 159 31
795905 237 400
409669 94 954
406937 71 42
556701 31 1029
822441 38 83
81376 12 56
100707 5 30
975407 9 6
348586 35 5
868318 240 55
982606 312 19
926093 180 60
144603 19 170
396321 1 46
869301 43 42
281736 39 103
541564 80 22
446747 136 4
361934 97 27
720639 155 34
855326 40 92
99913 20 28
690979 123 84
666121 182 84
625459 34 22
382991 47 20
193105 12 14
454547 73 19
53082 10 64
845277 47 29
729258 116 16
78683 23 34
767281 132 22
102951 24 80
116253 5 2
445480 107 40
730122 80 46
813185 226 4
896833 183 20
648437 37 121
317071 5 22
106849 14 24
811401 71 11
841957 46 48
598209 101 41
591027 178 168
452937 150 20
712202 97 5
784161 27 2
483106 124 59
256856 74 9
756041 98 46
690607 158 23
662038 35 4
70593 14 11
896456 116 27
213261 9 1
160749 49 119
97201 6 23
938081 301 21
780491 204 97
873723 271 6
934052 171 72
651666 154 166
842806 37 11
653345 38 32
242049 35 19
616120 9 123
449696 118 114
292033 21 35
482905 86 13
736246 169 158
504139 154 192
319409 47 53
845785 116 10
769951 7 20
299521 29 6
429941 9 24
555029 8 9
452961 131 8
149470 18 34
85416 14 29
923511 77 6
918346 280 41
433462 47 18
707854 43 31
78953 20 30
159549 2 58
927161 180 60
682825 108 29
332234 51 12
893987 192 25
564026 84 1
771074 220 485
49841 2 21
90481 26 26
820601 214 2
115233 38 61
977661 232 21
506501 13 27
448609 122 70
920511 182 109
341210 86 19
784001 238 45
243329 55 6
474388 145 2
573825 181 10
618536 95 13
673467 103 29
929691 159 129
851970 278 28
280029 88 16
613073 22 20
856171 264 31
122841 17 54
385577 39 39
532261 113 426
90631 12 4
81761 4 20
775247 17 64
69599 8 28
783071 24 53
267047 38 129
195121 38 79
893146 63 22
526669 151 31
728105 122 99
739153 37 43
979057 189 32
129364 39 368
56477 3 1203
322469 10 3
551440 55 5
858855 14 189
140560 43 40
293991 82 19
569553 101 40
414400 93 1299
966839 131 52
257281 74 187
741271 3 67
971791 124 11
549777 58 7
737165 45 19
579411 134 46
797845 254 59
182679 50 23
425191 97 1
701817 177 24
376083 103 22
448175 74 274
786373 226 79
107727 32 37
456107 18 86
240993 46 29
143237 22 21
944749 148 16
237187 58 71
999497 293 917
809547 232 29
837315 43 46
427331 42 49
878561 232 19
904521 184 249
882285 226 16
397506 4 29
110251 14 26
567525 122 21
651313 107 1
985797 201 538
678725 11 22
265147 59 11
565471 174 10
512251 105 66
868239 34 20
189779 61 18
580993 151 132
338543 5 561
973506 145 1413
389717 99 26
797671 235 2
463577 5 42
730561 184 23
77841 23 141
95772 13 22
184149 35 21
22265 4 10
380267 120 18
668885 42 9
884989 100 14
480321 18 67
739635 141 30
37993 8 42
421929 15 2
340991 108 59
694956 202 22
625273 190 19
708568 126 8
433854 4 28
246869 22 47
307500 48 18
711665 214 14
770684 15 80
612947 10 17
371617 65 104
475925 141 2
329703 74 50
812561 35 38
208509 15 11
640167 144 4
808765 123 26
313877 48 113
916735 154 62
977902 102 10
964049 257 38
800991 36 28
655293 144 24
558551 27 13
553885 135 32
758591 94 26
436594 75 32
902801 281 247
17110 4 10
568625 164 34
613606 110 24
996865 42 15
251901 36 24
892403 74 158
288705 48 15
924811 182 29
963736 83 27
772533 7 33
894794 60 10
888897 96 29
661113 165 61
966861 202 46
649716 84 40
581928 44 189
507113 117 15
128536 30 26
219509 63 23
370446 48 17
563029 118 29
938305 298 3
609046 180 17
894621 179 31
697819 91 10
808051 98 55
598086 112 39
830629 226 21
767726 68 25
444601 46 33
262501 12 42
842233 75 9
188733 3 4
842342 2 26
536291 48 164
564041 83 31
434311 135 12
392376 36 48
909105 113 7
306145 14 111
565021 145 20
780926 238 32
398405 102 30
512592 104 789
310603 102 22
648449 191 31
343979 16 2
306929 93 36
198741 29 31
907069 178 50
21177 6 295
351394 58 54
996662 320 44
13201 1 110
146705 24 22
240001 13 62
308919 36 5
112285 4 36
518753 24 44
299953 57 27
811510 252 72
987891 210 36
571099 135 4
220664 46 1
809049 210 161
848939 234 8
691481 60 23
878399 130 9
529009 120 15
793025 88 16
244597 32 389
420012 117 38
773921 50 22
682713 210 1
764405 89 447
870281 125 76
738845 56 14
234011 28 227
194525 27 38
566981 113 33
438961 103 22
643721 138 41
606661 128 2
716617 111 36
417101 61 310
616597 2 25
725841 158 10
948657 272 716
528065 70 13
115126 28 21
282606 33 20
916567 300 14
639041 103 365
855207 266 7
288017 62 15
342751 107 33
770209 220 211
272941 89 125
678006 25 12
612001 138 42
171593 43 5
39801 5 42
820105 160 6
209776 18 61
449877 70 32
559981 152 15
695171 66 153
780343 74 10
87767 18 24
472941 15 50
416346 13 82
105965 17 26
960321 294 93
328702 90 29
435731 120 8
253807 21 42
389361 124 61
51361 13 1453
589611 23 86
722551 151 9
513421 171 30
245785 54 7
207239 9 18
936526 152 20
605189 72 48
63301 8 55
358461 6 32
223781 74 61
417112 101 79
167581 22 12
576355 99 2
463881 137 11
888360 168 95
185329 16 1
149537 11 260
761777 134 15
80398 14 33
177159 10 29
172719 19 24
181001 44 15
880540 225 31
875541 172 13
202911 4 35
45267 11 237
93635 28 37
601477 184 113
846031 8 5
725376 210 1182
414921 76 39
337827 95 51
54695 15 19
728954 52 24
501021 31 21
114292 3 745
11726 2 23
124471 15 46
430233 103 76
43101 8 86
784855 24 23
998958 82 155
77450 6 18
162656 34 48
529381 6 214
768941 76 33
801900 235 7
688769 200 14
113934 4 45
784991 19 94
585011 84 12
699932 165 26
743041 131 2265
550501 44 3
637371 58 689
172691 57 82
191663 56 69
630462 109 276
364551 9 12
740221 153 398
246015 52 385
489641 61 20
542545 86 17
78985 25 37
129067 9 73
147197 11 8
492596 72 1442
856778 78 27
46938 2 4
334536 96 10
88937 8 9
278041 21 205
765787 9 39
366673 71 66
545355 9 37
849998 197 1220
62859 4 8
439493 77 39
560246 55 29
30764 3 45
980687 188 93
378606 111 31
896097 139 58
578521 87 60
762641 59 47
580268 137 32
136129 17 8
388969 124 65
85245 18 33
660765 204 151
612394 15 13
48858 5 9
150001 47 17
587329 90 1889
792216 73 59
999361 183 67
378547 88 237
846441 49 17
404993 111 52
627501 45 46
578217 186 521
446624 78 15
506177 142 6
237613 75 42
900825 46 30
913441 266 57
139792 4 57
686307 184 18
123526 40 38
88793 5 2
558541 30 20
60406 6 62
427341 85 140
644653 54 12
198946 21 7
229526 27 48
865930 35 39
39981 7 31
92825 26 32
611279 3 384
792251 144 42
341503 101 10
417729 9 25
915701 270 6
874233 177 36
507061 62 1
344305 36 5
107589 18 44
468783 46 6
68346 16 22
620276 111 26
638391 97 114
607200 145 14
525863 62 1
942981 244 126
810897 144 377
765801 3 162
751901 50 108
394380 72 3
76625 7 10
636911 142 33
237251 34 15
637593 169 23
993468 133 25
25435 2 37
159916 26 24
227105 66 75
838936 278 34
969489 275 19
34166 1 53
861817 138 27
489137 100 44
203169 26 53
929470 253 29
246939 72 107
424769 28 19
462262 141 43
157189 32 15
271775 74 71
650857 17 22
64937 6 36
416657 58 81
547714 103 2
370775 16 634
477391 36 6
82801 14 31
236189 59 17
346963 18 51
8241 2 12
573451 109 35
241835 6 37
223263 40 37
216561 33 58
891996 44 25
208278 61 60
952671 202 4
312217 85 4
490901 100 4
899323 218 32
926531 1 23
200628 63 10
