5
1000 3000
566475 0 49
323129 0 379
527673 0 29
267009 0 29
689679 0 29
961749 0 262
500269 0 38
263809 0 29
108405 0 103
178763 0 4
610571 0 93
564081 0 229
439727 0 13
453689 0 10
91740 0 82
101813 0 14
322291 0 27
23617 0 45
209596 0 33
472729 0 31
130545 0 38
236001 0 31
180083 0 94
60355 0 38
354420 0 22
502977 0 39
397761 0 39
638305 0 40
141325 0 162
224720 0 68
417127 0 34
694929 0 93
375959 0 29
147693 0 36
843169 0 27
736357 0 288
231273 0 3
30445 0 36
946807 0 90
602781 0 4
421253 0 904
631073 0 29
120911 0 17
499945 0 20
409181 0 37
206961 0 25
174601 0 48
585441 0 28
534319 0 405
663331 0 25
595457 0 156
99750 0 13
626191 0 22
750939 0 41
411619 0 5
987501 0 74
70289 0 42
879425 0 519
550836 0 137
568126 0 12
599832 0 53
125526 0 85
404484 0 41
503093 0 22
208081 0 11
690221 0 43
25562 0 34
806936 0 2
25984 0 5
791260 0 3
274997 0 26
880363 0 3
746285 0 21
819914 0 33
59086 0 14
783457 0 47
258513 0 12
32149 0 66
532963 0 86
405881 0 3
915961 0 28
143691 0 40
59181 0 41
432194 0 21
137951 0 25
150236 0 30
356448 0 14
928257 0 57
224762 0 21
826564 0 20
292262 0 44
143507 0 22
322357 0 27
410711 0 22
635161 0 5
78426 0 17
108621 0 26
820804 0 11
549625 0 15
678817 0 37
471228 0 7
86075 0 29
575197 0 20
711231 0 13
561116 0 24
485514 0 71
257395 0 18
294113 0 44
446414 0 16
573649 0 18
11777 0 18
448809 0 19
160209 0 3
586973 0 39
954118 0 58
67489 0 8
693025 0 16
892853 0 42
63459 0 38
104479 0 20
247867 0 10
454229 0 29
231748 0 25
707629 0 80
100384 0 24
77052 0 40
542997 0 9
638261 0 11
825945 0 159
298544 0 10
567515 0 19
458601 0 31
143930 0 20
837585 0 42
343712 0 56
598713 0 53
596979 0 13
46081 0 21
836993 0 31
565622 0 38
746201 0 32
860966 0 77
688112 0 10
211073 0 187
661194 0 41
783441 0 7
38269 0 17
345371 0 158
319683 0 5
95311 0 231
67251 0 16
458601 0 21
680151 0 20
689476 0 16
632511 0 41
599294 0 70
148833 0 95
776348 0 33
164577 0 14
287201 0 97
977331 0 38
773531 0 73
400376 0 57
267736 0 66
622129 0 27
929907 0 25
42269 0 36
14487 0 9
561640 0 22
305695 0 1298
847010 0 15
990423 0 24
278701 0 51
401126 0 14
130961 0 71
228787 0 23
486435 0 5
512312 0 33
320365 0 30
485292 0 9
862041 0 109
398561 0 28
500497 0 22
615819 0 39
930577 0 23
47129 0 35
460818 0 9
955481 0 7
104613 0 32
224881 0 9
328065 0 30
192036 0 10
715530 0 43
663223 0 43
127033 0 51
180481 0 31
886081 0 27
936099 0 49
918263 0 42
367229 0 1
374102 0 23
805881 0 5
539301 0 8
704939 0 59
92096 0 555
474637 0 14
383747 0 112
107377 0 180
274758 0 346
642059 0 11
610505 0 17
713151 0 107
463287 0 97
189419 0 29
144601 0 280
87651 0 5
722793 0 81
791073 0 184
765826 0 10
533177 0 29
927633 0 10
419925 0 206
193763 0 27
605521 0 24
111501 0 76
566239 0 30
985537 0 63
132001 0 11
34041 0 133
44820 0 42
44038 0 41
264221 0 79
103149 0 28
29819 0 59
781713 0 20
295817 0 28
140949 0 134
474495 0 326
489659 0 24
235541 0 23
519923 0 25
816449 0 21
335243 0 166
927431 0 31
887231 0 90
317615 0 38
375141 0 17
823438 0 14
795262 0 34
605889 0 87
242741 0 32
729447 0 43
323161 0 102
387059 0 22
483901 0 23
172343 0 1987
316809 0 22
982305 0 45
232017 0 14
471511 0 87
596673 0 3
338079 0 9
838601 0 53
735303 0 26
30127 0 5
231937 0 148
577055 0 10
287607 0 89
61253 0 25
893117 0 2
358871 0 19
79507 0 30
615009 0 28
245551 0 54
853339 0 49
309339 0 30
975797 0 1
142074 0 22
330125 0 1
62471 0 5
871921 0 24
123071 0 121
317735 0 193
659259 0 27
389337 0 146
169371 0 3
716997 0 21
180387 0 13
226129 0 17
647213 0 20
116101 0 53
564482 0 7
716677 0 24
927613 0 56
783617 0 26
314069 0 43
912047 0 14
565171 0 2310
937933 0 32
285537 0 6
605981 0 45
278305 0 1
766701 0 41
103281 0 23
844886 0 5
597251 0 45
293899 0 291
50195 0 6
183917 0 1
607874 0 176
682041 0 63
663141 0 11
178506 0 7
853317 0 13
161369 0 26
900113 0 34
98423 0 35
330389 0 28
586245 0 78
784073 0 13
598275 0 424
868003 0 5
771573 0 5
873191 0 16
868479 0 19
503171 0 35
575591 0 42
257671 0 6
164506 0 4
881541 0 3
604745 0 49
502551 0 16
416851 0 617
764577 0 30
745761 0 22
782401 0 6
866465 0 4
177301 0 3
679697 0 10
543901 0 26
446241 0 1
742567 0 17
513957 0 7
138017 0 49
889021 0 20
601987 0 9
390357 0 81
762771 0 52
572181 0 18
121697 0 31
29241 0 25
494757 0 33
821521 0 86
897647 0 53
424053 0 7
130381 0 64
416251 0 20
764985 0 106
632001 0 610
931961 0 29
94746 0 15
220188 0 34
452001 0 42
569742 0 36
534459 0 35
369271 0 32
914211 0 54
554656 0 5
543713 0 9
895771 0 3
271815 0 198
575539 0 57
564307 0 122
900401 0 49
471231 0 19
546246 0 10
149641 0 12
889643 0 57
869277 0 37
919697 0 51
850529 0 16
679613 0 3
752739 0 17
69741 0 115
812810 0 81
606068 0 2
982876 0 32
876626 0 28
562341 0 2
985281 0 10
162992 0 46
47186 0 27
439809 0 38
433793 0 6
217648 0 29
679725 0 39
345583 0 22
439165 0 23
431569 0 23
777969 0 69
253985 0 37
286331 0 95
692714 0 120
744289 0 187
779641 0 26
619201 0 8
499609 0 38
267803 0 3
775759 0 63
483469 0 14
25726 0 27
337103 0 33
897537 0 58
645703 0 91
131761 0 52
476511 0 1
290757 0 25
647309 0 82
857355 0 32
358251 0 100
555017 0 87
964984 0 33
24658 0 1
848997 0 5
32577 0 15
420501 0 16
262017 0 21
366188 0 44
464525 0 36
307171 0 37
265025 0 80
782776 0 36
822743 0 78
107101 0 185
314357 0 39
474765 0 28
322933 0 23
21244 0 1015
562681 0 24
128416 0 5
90414 0 5
845819 0 267
810641 0 12
380501 0 11
192081 0 15
670829 0 123
237986 0 33
206181 0 28
854280 0 4
521715 0 8
539164 0 38
499840 0 27
284623 0 8
563868 0 122
859133 0 5
650801 0 62
482965 0 12
222393 0 11
4055 0 7
8295 0 11
223931 0 35
475201 0 60
857399 0 645
142581 0 210
147116 0 94
324821 0 20
342251 0 132
112776 0 53
896497 0 1460
587294 0 11
83881 0 23
915021 0 90
889274 0 7
903713 0 24
578401 0 137
201386 0 146
342122 0 9
509521 0 14
477865 0 27
268241 0 37
226476 0 55
179287 0 38
348727 0 44
950721 0 51
576884 0 233
152551 0 14
88077 0 366
130491 0 560
72009 0 10
350643 0 187
181548 0 77
816366 0 15
745701 0 22
210701 0 47
866716 0 6
959089 0 20
566384 0 7
884281 0 15
40359 0 12
217691 0 14
823845 0 18
665301 0 5
728005 0 433
689060 0 89
498984 0 4
657025 0 23
394306 0 51
416368 0 11
109042 0 81
117505 0 22
615481 0 18
605003 0 10
63423 0 32
418346 0 18
337001 0 85
211126 0 50
130480 0 1
776801 0 53
856995 0 41
349123 0 24
203523 0 1
915181 0 15
149145 0 540
955041 0 63
59613 0 198
421366 0 54
234627 0 336
954740 0 42
53921 0 35
55201 0 34
973957 0 11
196241 0 28
951841 0 60
695095 0 252
756111 0 11
853327 0 78
607169 0 110
844701 0 1610
960672 0 106
104926 0 15
312245 0 51
194033 0 36
457581 0 79
531085 0 2
913549 0 6
987201 0 15
867746 0 34
383388 0 32
333666 0 10
349279 0 3
484541 0 11
857186 0 33
769365 0 53
502751 0 4
596885 0 19
447855 0 529
748489 0 1
18009 0 9
998366 0 4
198977 0 72
369849 0 11
820788 0 36
184059 0 50
769215 0 39
906472 0 20
690531 0 37
195295 0 1
180496 0 59
884633 0 1
57301 0 31
654107 0 205
334267 0 7
163891 0 4
670971 0 97
348657 0 9
866450 0 31
188461 0 107
175101 0 39
217292 0 45
206596 0 27
96491 0 9
79419 0 1341
154106 0 37
389673 0 2
212563 0 98
470626 0 23
189081 0 35
623967 0 6
189647 0 32
951411 0 11
298103 0 33
941620 0 7
835301 0 3
351321 0 46
734771 0 44
807709 0 37
496920 0 14
111925 0 24
121351 0 50
468424 0 10
510626 0 32
813187 0 4
436641 0 48
104759 0 31
426929 0 12
123799 0 1
40409 0 298
625263 0 257
373941 0 15
627265 0 14
920260 0 55
53465 0 28
100297 0 43
694793 0 8
978273 0 24
963201 0 1166
881462 0 328
321841 0 33
280786 0 48
475521 0 150
415374 0 22
678153 0 1705
531424 0 113
716996 0 17
922769 0 23
265348 0 9
318579 0 3
788086 0 86
667205 0 5
673871 0 32
719784 0 12
13537 0 49
147469 0 16
679281 0 1379
60641 0 7
153471 0 22
385601 0 148
898003 0 76
538638 0 22
52714 0 139
187691 0 77
875213 0 15
378404 0 5
876937 0 61
556569 0 15
62295 0 270
105347 0 20
87371 0 29
986569 0 19
367571 0 24
686465 0 9
91057 0 31
298322 0 23
415561 0 23
136535 0 30
990951 0 62
831299 0 408
30887 0 28
662417 0 25
43469 0 36
785249 0 77
18242 0 1
882722 0 139
598801 0 10
904021 0 32
827594 0 33
928929 0 23
63708 0 112
18151 0 34
395421 0 49
894231 0 20
266089 0 84
820391 0 15
741764 0 94
307441 0 16
28516 0 5
63379 0 33
900781 0 9
928965 0 187
484058 0 52
106909 0 31
691991 0 26
164831 0 256
178789 0 7
221531 0 11
585773 0 449
98121 0 29
596179 0 81
513930 0 71
937985 0 21
978208 0 25
52369 0 2
237786 0 33
168442 0 57
657671 0 33
370201 0 21
6809 0 80
11339 0 23
397246 0 15
951791 0 251
376031 0 10
222954 0 12
808071 0 15
884745 0 13
864265 0 47
405825 0 251
354792 0 36
645713 0 25
850355 0 233
408545 0 31
561072 0 326
674781 0 26
521374 0 7
510038 0 30
590225 0 208
70930 0 6
23361 0 1727
227617 0 67
736076 0 16
388054 0 113
524769 0 25
841245 0 40
726357 0 58
124506 0 16
686759 0 47
925627 0 51
146617 0 154
256905 0 14
810239 0 7
39593 0 3
602855 0 32
796292 0 30
506133 0 144
173977 0 118
89626 0 55
129673 0 40
798641 0 6
691447 0 5
408201 0 4
995394 0 24
678001 0 13
802561 0 140
231721 0 33
925729 0 23
380027 0 28
686229 0 10
78023 0 148
685901 0 9
907961 0 78
882811 0 14
478591 0 38
617853 0 79
43219 0 32
122026 0 29
116466 0 20
548144 0 27
947721 0 43
219003 0 24
686160 0 21
319509 0 9
134817 0 49
548621 0 67
898477 0 35
421391 0 22
324033 0 34
803365 0 18
112376 0 329
676926 0 19
12449 0 105
578305 0 165
701481 0 47
356705 0 25
747925 0 404
914431 0 39
671979 0 40
636911 0 60
977565 0 23
88001 0 10
31883 0 22
112289 0 144
483828 0 100
194713 0 80
420895 0 7
734869 0 1591
778957 0 19
964026 0 13
731681 0 140
468701 0 142
498595 0 30
623963 0 43
578077 0 103
663217 0 29
221791 0 8
998023 0 71
841507 0 35
758880 0 32
695411 0 44
341947 0 38
955413 0 33
448583 0 256
539009 0 2
440761 0 27
472316 0 24
886809 0 55
227626 0 18
140512 0 20
872949 0 35
689763 0 25
634910 0 58
412003 0 209
477501 0 78
436926 0 60
553992 0 1025
325126 0 584
200211 0 20
35435 0 562
910050 0 20
18103 0 8
918623 0 36
419881 0 36
945459 0 27
548047 0 8
115433 0 33
742469 0 78
37671 0 4
652800 0 47
741443 0 31
595102 0 43
228142 0 36
566149 0 6
7681 0 20
770321 0 40
173311 0 14
538101 0 54
623777 0 21
867961 0 41
571118 0 155
888691 0 121
878264 0 59
348353 0 51
84167 0 7
769761 0 48
845309 0 7
214436 0 11
999991 0 38
12662 0 144
204052 0 855
369585 0 263
627913 0 44
307785 0 37
28411 0 22
734809 0 23
807246 0 108
879753 0 16
293216 0 170
603431 0 2
813857 0 8
530329 0 7
329401 0 7
767805 0 70
510637 0 11
997582 0 12
716128 0 30
414401 0 48
289021 0 32
307177 0 28
199861 0 22
959661 0 3
468709 0 25
252863 0 11
63595 0 170
298921 0 27
167561 0 35
693552 0 154
547542 0 3
700581 0 20
362107 0 109
228822 0 13
476939 0 18
170685 0 62
693681 0 28
740673 0 287
388750 0 658
978411 0 688
27351 0 52
481239 0 31
880456 0 53
518272 0 33
448035 0 13
504381 0 11
461379 0 72
737261 0 182
994131 0 35
623689 0 10
667089 0 19
449933 0 40
417761 0 146
323869 0 69
969941 0 61
450721 0 9
535427 0 39
505601 0 35
887496 0 20
184541 0 39
135721 0 3
170015 0 6
458925 0 4
463489 0 4
153289 0 25
735091 0 107
967071 0 27
647773 0 103
886867 0 9
386551 0 33
500817 0 57
879646 0 52
43515 0 42
251151 0 99
356802 0 80
576426 0 4
576409 0 37
402911 0 55
143579 0 197
20473 0 201
61871 0 7
550409 0 206
994521 0 26
653176 0 133
270441 0 12
914313 0 32
640240 0 30
561441 0 2815
918913 0 23
423601 0 53
326313 0 39
122457 0 13
964414 0 35
851001 0 66
672715 0 11
366331 0 228
295853 0 52
343449 0 156
58631 0 32
702809 0 27
364251 0 4
80481 0 13
705585 0 15
949041 0 190
978539 0 4
490111 0 71
413507 0 74
355459 0 95
422016 0 17
482821 0 17
988062 0 312
92725 0 65
29789 0 180
648113 0 32
548464 0 68
218173 0 324
503561 0 15
37253 0 49
676001 0 19
487425 0 28
412933 0 8
22529 0 29
684081 0 36
403621 0 13
765033 0 60
547873 0 101
576291 0 8
7771 0 22
491555 0 28
757432 0 30
167139 0 282
601149 0 1
680577 0 11
555533 0 78
941076 0 13
627003 0 30
769031 0 10
913000 0 26
546909 0 17
401123 0 24
781761 0 13
933252 0 3
673965 0 69
519005 0 9
690397 0 15
83093 0 16
755315 0 12
743525 0 8
102421 0 73
347125 0 23
671381 0 38
555606 0 19
376257 0 81
417369 0 21
939473 0 13
894610 0 35
1000 3000
102669 0 37
876517 0 13
612081 0 63
473561 0 46
242813 0 8
655079 0 24
601141 0 73
532121 0 57
828166 0 8
848767 0 47
364596 0 28
901001 0 14
860899 0 2
442196 0 466
639501 0 36
91569 0 32
691201 0 17
229835 0 16
549656 0 4
751017 0 34
637928 0 53
684611 0 92
444565 0 12
418983 0 126
297793 0 147
665626 0 31
827598 0 585
123382 0 18
744816 0 7
67261 0 19
25856 0 71
717727 0 14
185441 0 36
446785 0 19
391691 0 35
174469 0 60
451001 0 27
213457 0 43
864513 0 124
11921 0 21
474151 0 38
67901 0 39
352611 0 4
875219 0 47
917471 0 385
104511 0 24
677391 0 26
927102 0 6
252039 0 16
421011 0 37
201723 0 71
250727 0 354
68467 0 25
76428 0 62
162099 0 45
894427 0 28
398051 0 55
584567 0 13
965885 0 118
730953 0 9
682797 0 69
383670 0 144
602755 0 19
363291 0 222
894210 0 47
944261 0 25
873013 0 8
150769 0 86
374116 0 86
665220 0 80
288451 0 23
289829 0 38
640897 0 27
765967 0 146
271485 0 35
454631 0 60
817308 0 53
236092 0 39
388817 0 15
403507 0 17
135981 0 44
450896 0 95
923001 0 39
149973 0 30
776056 0 29
74804 0 81
671044 0 205
606045 0 122
570887 0 9
845197 0 36
429201 0 311
590109 0 33
160585 0 28
521360 0 44
747140 0 100
938549 0 59
583769 0 14
617801 0 34
932817 0 41
819313 0 40
423735 0 200
549379 0 25
997252 0 27
473191 0 35
190157 0 19
561173 0 27
169036 0 1
236016 0 33
749194 0 4
273151 0 31
607025 0 20
584422 0 5
608531 0 31
455786 0 6
534577 0 12
717541 0 5
984233 0 8
865669 0 27
210181 0 8
740609 0 144
317572 0 34
140569 0 36
152358 0 39
77765 0 19
345879 0 1355
216831 0 95
571054 0 42
416931 0 92
760205 0 19
627849 0 17
973085 0 36
439702 0 55
531085 0 73
746337 0 26
98121 0 24
273601 0 24
139461 0 30
553243 0 31
115518 0 34
544921 0 95
959081 0 28
837059 0 124
981215 0 13
851056 0 97
643355 0 6
621171 0 64
265739 0 520
294447 0 16
946279 0 199
15056 0 84
551641 0 9
322001 0 39
119045 0 22
598743 0 6
890823 0 117
846381 0 6
482477 0 24
927271 0 40
282514 0 40
411625 0 27
182556 0 506
425599 0 23
423028 0 1
472966 0 23
684829 0 118
177276 0 23
42835 0 7
163129 0 16
516017 0 108
311236 0 76
952931 0 25
622137 0 11
71701 0 26
297321 0 1
433851 0 132
596598 0 14
909857 0 27
869643 0 23
158156 0 8
472958 0 28
333445 0 23
61367 0 17
394679 0 13
257381 0 37
713006 0 56
851757 0 13
324594 0 55
622591 0 21
664921 0 32
545784 0 38
673530 0 71
973561 0 31
577897 0 31
908711 0 19
36081 0 63
595141 0 107
642176 0 44
309025 0 9
656321 0 9
757492 0 12
781055 0 90
242941 0 56
92101 0 67
795717 0 21
62007 0 47
793951 0 76
915971 0 324
411833 0 54
380105 0 120
843904 0 1
676643 0 28
909055 0 26
298939 0 25
698509 0 285
409426 0 38
394131 0 6
222019 0 39
959291 0 15
616113 0 1
972090 0 117
451691 0 13
850295 0 41
173211 0 11
442693 0 36
664146 0 45
293825 0 59
215351 0 10
994536 0 54
220017 0 4
407099 0 54
446401 0 183
476159 0 47
83841 0 57
66761 0 30
476686 0 42
836001 0 15
346677 0 2
19601 0 33
477999 0 52
871961 0 25
606640 0 151
130201 0 254
564351 0 35
707861 0 138
803315 0 143
805951 0 31
284365 0 11
418959 0 2
993601 0 18
895737 0 10
581593 0 6
424585 0 17
757223 0 28
967381 0 26
726595 0 8
877301 0 59
24213 0 13
454423 0 10
366866 0 21
571361 0 203
889197 0 18
777517 0 48
925163 0 61
653111 0 8
751246 0 35
688311 0 41
265917 0 31
658873 0 63
373769 0 67
8484 0 9
70701 0 28
861650 0 37
606171 0 25
482466 0 67
298126 0 48
191046 0 20
925750 0 9
744121 0 36
997596 0 64
736693 0 10
434593 0 18
575940 0 109
325585 0 33
471850 0 71
733349 0 20
760937 0 1
386457 0 17
266599 0 5
96625 0 42
940771 0 24
169761 0 27
437389 0 39
939501 0 15
789841 0 32
329252 0 36
242561 0 4
166994 0 59
207109 0 40
7147 0 58
958705 0 6
294601 0 11
39597 0 46
890775 0 3
634461 0 28
203251 0 43
849191 0 20
551931 0 88
592049 0 16
254834 0 42
159912 0 13
396607 0 44
731523 0 12
561489 0 35
901377 0 22
773044 0 143
821487 0 18
647629 0 472
366146 0 21
179042 0 6
626001 0 58
247611 0 46
864111 0 71
947516 0 2
111838 0 47
993195 0 64
597263 0 24
328880 0 2424
731865 0 28
968084 0 40
25745 0 1
158131 0 21
78707 0 228
870001 0 27
572367 0 99
134531 0 7
411217 0 28
80391 0 420
952097 0 85
169191 0 42
582876 0 46
137730 0 113
908483 0 72
967593 0 68
394207 0 67
85979 0 37
630148 0 17
957795 0 13
928257 0 30
747653 0 94
498361 0 17
479161 0 95
482346 0 29
848015 0 8
574176 0 31
891070 0 11
925852 0 133
537052 0 2
582964 0 13
400761 0 10
596931 0 35
756135 0 40
197004 0 19
265158 0 14
752065 0 36
388586 0 34
599553 0 55
45655 0 42
176617 0 6
505811 0 54
233051 0 60
31778 0 76
611601 0 19
923471 0 784
612563 0 56
386040 0 4
255165 0 40
885163 0 27
768797 0 41
507981 0 65
953913 0 236
520675 0 56
352121 0 30
160629 0 45
826709 0 19
873827 0 1910
969833 0 61
84273 0 17
156400 0 29
803093 0 67
450549 0 28
154625 0 45
769872 0 79
916585 0 27
413465 0 25
845422 0 17
967207 0 300
297852 0 10
83579 0 21
242939 0 11
368417 0 10
240491 0 120
815911 0 39
199552 0 15
887441 0 54
615331 0 12
364381 0 4
346918 0 35
219734 0 791
928509 0 28
913631 0 19
328927 0 98
402215 0 2
975363 0 87
331826 0 20
555704 0 12
4915 0 131
385124 0 43
525885 0 2
977719 0 352
656905 0 43
94721 0 3
246711 0 9
164545 0 251
388515 0 13
126009 0 34
353889 0 22
115576 0 10
575935 0 23
482743 0 14
238761 0 33
832870 0 24
604001 0 6
483067 0 1
988144 0 204
221797 0 36
5841 0 44
12505 0 15
91026 0 42
115055 0 4
979313 0 69
299862 0 36
370561 0 72
469813 0 8
875961 0 163
504921 0 717
454651 0 70
587565 0 9
613849 0 110
533606 0 6
23749 0 38
314849 0 3
620073 0 55
8051 0 48
280623 0 14
309759 0 46
407641 0 199
876055 0 7
866346 0 132
356671 0 126
527761 0 39
841281 0 81
348051 0 165
859462 0 12
836229 0 6
652850 0 69
586001 0 5
194537 0 5
418717 0 10
725955 0 7
459266 0 18
998548 0 68
738647 0 21
141679 0 35
739261 0 158
202981 0 57
161329 0 54
683141 0 37
201618 0 664
573939 0 40
710001 0 33
38383 0 3
270535 0 73
401641 0 53
170601 0 31
103581 0 23
681201 0 31
182969 0 106
940719 0 8
474833 0 8
949921 0 140
185261 0 27
887489 0 41
665473 0 67
129776 0 57
653847 0 5
309106 0 1
511323 0 1
552028 0 27
158808 0 33
852409 0 36
32864 0 30
166817 0 58
412393 0 25
721385 0 20
912673 0 26
411506 0 233
102601 0 1
747151 0 315
104591 0 85
497520 0 128
148013 0 16
19762 0 15
141115 0 65
426382 0 45
936521 0 35
248681 0 49
613135 0 79
125695 0 66
31140 0 4
792403 0 21
995821 0 54
371945 0 8
188441 0 2
381073 0 14
109288 0 31
489976 0 43
426591 0 81
890639 0 172
888513 0 13
439471 0 2
759531 0 49
468301 0 26
47457 0 30
839041 0 2330
580841 0 5
946235 0 41
282881 0 27
159633 0 24
146907 0 20
635475 0 19
860477 0 21
714301 0 20
160657 0 4
857127 0 6
233182 0 37
836990 0 44
924121 0 20
272075 0 10
493743 0 20
625409 0 42
686536 0 25
922519 0 6
44481 0 571
311771 0 41
467296 0 6
6801 0 10
944481 0 45
648849 0 176
996697 0 39
773085 0 36
696873 0 103
94192 0 37
35386 0 695
513511 0 79
289957 0 29
129263 0 36
231998 0 1
19801 0 19
989835 0 111
949329 0 21
60514 0 27
885201 0 2
535228 0 29
153321 0 12
116839 0 96
983601 0 28
881879 0 13
471926 0 5
607067 0 9
371993 0 9
321666 0 39
995819 0 7
967921 0 5
176701 0 59
636136 0 1945
324021 0 35
313394 0 160
212709 0 23
186501 0 1
135751 0 216
600939 0 57
176241 0 5
278401 0 26
627963 0 773
692737 0 441
193337 0 23
595772 0 88
557081 0 76
393955 0 86
579291 0 11
613227 0 26
866159 0 80
443101 0 19
219318 0 29
705251 0 36
799761 0 27
8053 0 3
340955 0 26
255387 0 32
604195 0 79
9891 0 87
28976 0 131
983451 0 68
450866 0 135
126813 0 59
754891 0 20
745843 0 127
825121 0 18
473851 0 201
666100 0 18
320797 0 28
104321 0 23
335893 0 24
886889 0 117
814191 0 322
175157 0 68
991765 0 31
927659 0 25
91371 0 4
590465 0 31
896943 0 68
25126 0 249
79731 0 96
496240 0 15
420423 0 100
40337 0 44
632251 0 25
959485 0 8
826741 0 32
139341 0 32
105585 0 9
514633 0 3
945165 0 26
501271 0 80
355257 0 56
620193 0 9
47495 0 87
258753 0 7
782017 0 7
142053 0 138
994241 0 15
839007 0 140
909916 0 22
491401 0 83
975955 0 11
772413 0 61
431271 0 38
75654 0 39
37910 0 14
222081 0 248
937252 0 28
537217 0 26
948767 0 21
753313 0 26
64393 0 32
729422 0 30
143949 0 25
673489 0 6
991415 0 24
412929 0 24
347159 0 19
576759 0 22
995841 0 46
883641 0 5
87001 0 16
927761 0 40
337481 0 6
657647 0 133
606277 0 41
188415 0 35
367196 0 30
130248 0 181
840024 0 14
21611 0 15
727410 0 24
443685 0 11
947248 0 35
515465 0 32
773901 0 11
314800 0 4
64801 0 141
62619 0 29
890305 0 28
97747 0 16
254033 0 12
843427 0 4
163444 0 18
662667 0 76
466121 0 46
762181 0 36
257032 0 78
582886 0 1
657161 0 59
421851 0 44
66860 0 24
213795 0 13
836409 0 40
28505 0 15
880038 0 22
71631 0 32
863605 0 17
845325 0 20
297185 0 320
646523 0 8
899239 0 184
121137 0 77
247401 0 32
953043 0 134
944978 0 4
990049 0 12
680572 0 12
155623 0 29
627263 0 13
987502 0 13
885874 0 35
949377 0 61
685121 0 76
153308 0 19
910186 0 66
645681 0 1
734909 0 375
343880 0 23
55442 0 27
689521 0 37
56980 0 13
347225 0 121
80609 0 5
859187 0 831
133912 0 175
714769 0 29
169932 0 17
835379 0 16
545797 0 39
577101 0 2
240678 0 27
67486 0 38
676491 0 1
779137 0 7
309001 0 9
534757 0 2
461011 0 18
710865 0 8
654491 0 11
276593 0 38
765695 0 26
12337 0 30
766471 0 878
818249 0 256
226897 0 30
158161 0 88
115759 0 17
800565 0 20
11263 0 37
73637 0 32
827641 0 169
41983 0 29
27239 0 40
952247 0 64
683803 0 431
553213 0 55
700161 0 4
933501 0 29
296751 0 35
986499 0 46
534109 0 15
443857 0 24
418039 0 45
211183 0 4
867281 0 51
980080 0 24
928991 0 4
21276 0 63
121327 0 51
751476 0 54
148192 0 12
409277 0 30
119101 0 82
800704 0 10
520179 0 26
62269 0 19
307949 0 252
25092 0 54
506937 0 3
89141 0 27
678555 0 16
332039 0 74
889171 0 22
657713 0 42
29334 0 50
60005 0 88
276701 0 38
72338 0 153
981041 0 7
191015 0 28
373416 0 38
171797 0 34
694396 0 24
794145 0 5
787553 0 96
998997 0 4
707813 0 422
71329 0 8
397478 0 24
702677 0 20
742079 0 7
855955 0 27
246809 0 50
976876 0 39
940998 0 9
333851 0 89
809705 0 95
807675 0 28
329633 0 24
243578 0 41
801410 0 14
156649 0 21
868401 0 69
502286 0 22
750061 0 34
713209 0 11
17928 0 121
785673 0 35
490821 0 35
282113 0 29
256399 0 28
615317 0 5
601998 0 124
472725 0 75
817607 0 23
770560 0 36
579052 0 27
725060 0 44
561281 0 63
306241 0 372
929526 0 57
836749 0 26
619706 0 2
353585 0 45
989833 0 2
742817 0 1975
167571 0 47
411059 0 41
322277 0 10
429960 0 34
239937 0 25
760081 0 12
707473 0 17
414477 0 2
522987 0 2
939001 0 31
174041 0 25
806311 0 12
701092 0 51
373317 0 25
628357 0 104
759183 0 22
223556 0 27
380889 0 3
846033 0 60
458859 0 102
838496 0 29
572257 0 39
961315 0 40
295937 0 14
336041 0 2
171518 0 46
419665 0 96
91801 0 20
201573 0 55
78417 0 11
492965 0 2
919305 0 22
597228 0 390
869849 0 109
158438 0 30
29976 0 38
246145 0 15
458771 0 11
915245 0 16
112434 0 61
643261 0 31
608542 0 45
244787 0 64
424606 0 14
731241 0 33
618941 0 345
934811 0 45
925005 0 18
905721 0 31
245257 0 56
582507 0 2
394207 0 542
94241 0 1
808645 0 57
408388 0 28
718791 0 26
932730 0 55
296039 0 42
25131 0 7
376495 0 14
20501 0 104
619631 0 90
349608 0 61
786821 0 46
631721 0 89
179521 0 13
613007 0 69
17209 0 50
768837 0 32
730597 0 32
240852 0 69
364465 0 37
456737 0 5
471066 0 106
526763 0 180
73724 0 6
594433 0 63
846015 0 15
385305 0 418
629531 0 14
908895 0 1
420348 0 34
453001 0 15
727663 0 62
436821 0 61
928817 0 4
743026 0 35
274456 0 1
828091 0 21
457739 0 12
188501 0 65
415303 0 9
906431 0 18
379233 0 40
964918 0 127
425353 0 90
69589 0 7
406404 0 16
690657 0 1
143478 0 128
107633 0 291
646909 0 90
474685 0 21
786026 0 21
936271 0 23
598551 0 31
997585 0 148
850610 0 18
687883 0 194
635393 0 23
890537 0 24
662177 0 6
51806 0 30
628648 0 3
584533 0 144
717126 0 17
690972 0 82
165953 0 67
361385 0 16
465536 0 25
273012 0 62
543152 0 79
811596 0 20
619436 0 40
71760 0 28
732825 0 6
805018 0 23
298696 0 564
994843 0 22
817009 0 10
437975 0 28
958501 0 30
942997 0 27
247269 0 3
954999 0 10
975561 0 121
306481 0 15
700691 0 430
636589 0 24
265473 0 161
681975 0 45
484422 0 55
55845 0 21
10923 0 21
25261 0 10
627412 0 10
872769 0 14
454563 0 32
686721 0 18
32793 0 89
1000 3000
308103 0 43
442657 0 19
910535 0 20
4289 0 22
911041 0 133
149581 0 30
720961 0 32
757953 0 28
186426 0 20
572112 0 1
144425 0 421
283258 0 25
767898 0 23
972916 0 5
310107 0 28
941503 0 25
385445 0 34
126399 0 95
147631 0 25
549664 0 24
211603 0 6
90541 0 25
316891 0 8
769236 0 2
618593 0 37
912505 0 9
856169 0 13
971545 0 39
257695 0 57
781515 0 22
335821 0 1190
884033 0 41
57703 0 55
409627 0 10
609069 0 386
696166 0 40
81863 0 31
773562 0 8
173679 0 20
399499 0 12
312961 0 36
81013 0 321
610276 0 26
116921 0 10
646971 0 33
625480 0 29
638383 0 23
373017 0 12
981521 0 18
202950 0 8
529016 0 20
436179 0 46
430977 0 7
654871 0 151
805905 0 17
674324 0 72
629257 0 18
335871 0 27
415211 0 9
771353 0 20
237207 0 1024
282217 0 48
997531 0 33
306234 0 25
878413 0 12
366241 0 8
757953 0 13
23650 0 40
745717 0 30
127115 0 30
361110 0 86
44157 0 30
971193 0 105
35207 0 279
177257 0 34
35346 0 59
105630 0 20
520136 0 1
890926 0 130
668117 0 115
247793 0 36
897199 0 25
914369 0 35
694948 0 28
192756 0 12
214001 0 82
396393 0 51
858357 0 415
295139 0 20
75993 0 14
584899 0 19
724767 0 18
276131 0 65
739132 0 269
828232 0 20
129228 0 137
547614 0 18
798841 0 200
569041 0 29
976971 0 8
68025 0 66
379576 0 1
539333 0 133
686486 0 32
511225 0 2
730963 0 22
124081 0 285
86391 0 53
257847 0 281
862276 0 28
490317 0 26
218011 0 806
725521 0 21
785596 0 30
586272 0 28
520331 0 59
84896 0 60
133226 0 734
386715 0 23
402151 0 159
863556 0 60
814465 0 26
204355 0 1061
369405 0 16
330465 0 28
843999 0 42
208633 0 43
336100 0 29
107525 0 33
666085 0 46
247121 0 74
503591 0 13
528380 0 37
939226 0 22
898041 0 69
594096 0 93
127105 0 7
110381 0 147
288340 0 26
426309 0 5
359300 0 47
929156 0 127
863403 0 23
677067 0 109
312917 0 51
258376 0 39
861471 0 24
933537 0 70
770893 0 102
609882 0 13
910007 0 37
206662 0 197
813225 0 20
462625 0 5
920707 0 42
425821 0 31
361001 0 27
292989 0 55
662441 0 16
730201 0 15
32381 0 25
623181 0 28
604221 0 22
135055 0 1
926721 0 244
253121 0 63
207767 0 28
322476 0 6
925000 0 26
683933 0 34
752333 0 24
363649 0 124
922521 0 38
343131 0 8
169273 0 39
511081 0 29
710481 0 3
612192 0 28
124705 0 29
976905 0 99
441955 0 20
491459 0 383
299974 0 40
468621 0 6
915329 0 26
874731 0 30
344973 0 121
691646 0 8
408277 0 77
75809 0 8
709601 0 8
365987 0 35
67230 0 14
308825 0 435
88496 0 39
733211 0 59
141801 0 28
311845 0 29
930829 0 21
636837 0 26
232341 0 12
361041 0 135
36163 0 18
491601 0 17
378981 0 34
626765 0 30
904104 0 33
502791 0 31
385522 0 41
54376 0 7
653776 0 32
605305 0 188
327898 0 29
269573 0 13
144421 0 35
682753 0 34
604171 0 44
852002 0 67
56354 0 27
361445 0 123
561626 0 25
44949 0 77
758495 0 43
532003 0 57
488201 0 30
485057 0 33
520125 0 10
791009 0 119
28333 0 5
84606 0 10
726304 0 655
130931 0 28
83281 0 165
633780 0 13
838092 0 8
77217 0 9
631443 0 32
318561 0 39
206615 0 3
600181 0 20
424725 0 51
253777 0 72
848074 0 12
38856 0 7
125001 0 19
661541 0 48
770186 0 395
726919 0 31
271375 0 37
659853 0 16
863871 0 30
445921 0 34
307561 0 84
505656 0 38
437530 0 43
865097 0 54
507947 0 262
212361 0 34
80203 0 1
973967 0 46
412622 0 21
844337 0 191
839407 0 36
991414 0 60
875715 0 3
255590 0 40
578361 0 8
324510 0 30
887693 0 20
662156 0 33
664299 0 13
724730 0 2
629871 0 63
375431 0 61
321060 0 4
524001 0 265
295687 0 33
419525 0 33
607881 0 6
757231 0 61
545206 0 19
266319 0 9
497231 0 46
110745 0 2
205921 0 22
560841 0 88
355805 0 71
281116 0 5
746817 0 15
265992 0 13
548353 0 33
101501 0 33
336425 0 19
723705 0 110
704083 0 81
353954 0 89
694801 0 32
700456 0 69
388789 0 655
74547 0 28
726551 0 10
667317 0 25
605001 0 28
543030 0 33
819619 0 89
114081 0 94
316857 0 9
936800 0 1
862277 0 53
641691 0 69
44373 0 31
942949 0 24
718071 0 40
649649 0 6
42305 0 28
953601 0 16
903876 0 17
157385 0 40
545246 0 34
408811 0 36
167027 0 35
927841 0 9
728838 0 44
184430 0 117
166241 0 254
729599 0 29
918693 0 25
490661 0 59
579345 0 14
593665 0 31
121911 0 7
128593 0 35
252857 0 9
979409 0 1154
316753 0 572
430747 0 153
779953 0 2860
548769 0 110
13441 0 37
464321 0 102
219961 0 8
808516 0 47
119976 0 136
706463 0 29
882783 0 283
74325 0 22
524082 0 142
221216 0 30
805530 0 29
724526 0 47
252085 0 23
500541 0 53
76545 0 35
675045 0 17
508235 0 125
124514 0 50
605926 0 2598
989673 0 44
341656 0 33
77401 0 35
990471 0 14
324685 0 23
647443 0 31
518171 0 77
82865 0 10
184382 0 24
418884 0 40
774622 0 96
441591 0 166
670492 0 70
931793 0 1304
38241 0 9
702571 0 47
23125 0 24
654188 0 30
471301 0 20
438677 0 27
932437 0 179
424701 0 7
663005 0 39
721623 0 146
833204 0 34
252500 0 2003
233556 0 51
14597 0 123
505685 0 10
478801 0 3
62371 0 23
671409 0 49
187286 0 25
677121 0 174
875961 0 2
118428 0 109
689529 0 74
423437 0 6
620550 0 26
715923 0 56
468754 0 26
759906 0 70
914843 0 22
825601 0 15
69633 0 101
97025 0 17
751561 0 6
620216 0 14
917291 0 99
946124 0 4
931732 0 31
427145 0 71
907431 0 41
83393 0 29
113039 0 41
180326 0 141
387672 0 162
725776 0 33
128667 0 79
22918 0 35
634679 0 122
675937 0 18
250219 0 5
422176 0 25
123649 0 6
13347 0 23
821075 0 39
416752 0 37
201941 0 555
226225 0 45
768366 0 24
955777 0 116
691641 0 45
836101 0 34
678477 0 148
735999 0 89
306920 0 21
906011 0 237
59411 0 98
249857 0 23
409665 0 18
992041 0 78
677146 0 11
924121 0 11
354804 0 37
985469 0 53
853061 0 12
286177 0 18
738408 0 71
52485 0 21
176009 0 4
728866 0 2396
380311 0 18
586399 0 17
408059 0 122
273411 0 9
363628 0 11
873352 0 31
197161 0 43
341729 0 547
169481 0 30
989758 0 40
624593 0 26
442849 0 1040
110866 0 52
718551 0 23
886505 0 5
91841 0 15
784901 0 1
700081 0 6
99589 0 8
411701 0 13
103989 0 23
697356 0 40
396861 0 30
552876 0 74
993881 0 14
332573 0 142
945654 0 7
341617 0 4
199931 0 34
602776 0 42
557270 0 3
764819 0 8
745101 0 37
341237 0 14
159974 0 239
295927 0 21
87818 0 8
523431 0 3
129925 0 6
373793 0 44
890853 0 189
228756 0 16
256979 0 31
274969 0 39
15333 0 30
699085 0 130
695401 0 10
349810 0 36
409569 0 110
645233 0 1
979592 0 31
646213 0 66
861794 0 15
311386 0 19
664715 0 28
981490 0 21
800918 0 1
70941 0 48
556231 0 51
296801 0 16
705011 0 38
740008 0 24
847899 0 6
981601 0 9
236497 0 27
854609 0 31
228263 0 47
887081 0 4
326279 0 24
967461 0 19
999653 0 236
88297 0 158
599337 0 16
3685 0 32
941771 0 29
310947 0 39
19852 0 8
48567 0 40
368101 0 65
470315 0 50
49293 0 24
325651 0 24
790861 0 34
537913 0 75
465151 0 31
102908 0 48
90483 0 46
181173 0 37
841621 0 6
972097 0 26
840925 0 34
153615 0 13
415096 0 3
989151 0 63
784171 0 13
807057 0 19
211774 0 136
910531 0 13
505754 0 14
995511 0 10
528201 0 39
709571 0 115
392917 0 33
992251 0 11
101037 0 6
254511 0 63
111071 0 41
806585 0 1
607265 0 10
459107 0 62
558361 0 39
562230 0 235
160310 0 12
165451 0 74
274346 0 13
202094 0 40
483626 0 20
236460 0 70
339667 0 60
721870 0 57
809334 0 57
24962 0 199
456886 0 59
313173 0 28
922218 0 31
368849 0 5
511829 0 37
901825 0 11
98638 0 46
436896 0 27
397921 0 34
10476 0 76
50833 0 23
211475 0 47
102141 0 8
994217 0 83
582537 0 4
766746 0 44
332849 0 29
336001 0 3
29301 0 25
270056 0 2
278009 0 98
98657 0 70
823748 0 13
671013 0 150
948951 0 41
554881 0 38
785665 0 10
180169 0 18
877946 0 56
426665 0 241
459479 0 791
467757 0 15
88034 0 24
160575 0 110
964555 0 101
893571 0 28
995171 0 22
95233 0 4
888081 0 36
226017 0 42
59346 0 59
81574 0 52
730711 0 264
23211 0 25
29541 0 3
258481 0 27
803822 0 55
857121 0 17
766336 0 84
364217 0 30
570686 0 27
958322 0 10
833308 0 87
772377 0 155
414835 0 483
431217 0 303
510313 0 38
704839 0 77
720601 0 179
795811 0 32
904241 0 13
964001 0 16
310545 0 24
60325 0 3
461201 0 55
613439 0 59
690869 0 30
145867 0 24
114311 0 39
159741 0 32
636733 0 34
313685 0 26
302975 0 21
413322 0 34
688883 0 31
563921 0 10
561051 0 27
236681 0 20
214069 0 223
108801 0 29
903433 0 42
839618 0 37
201406 0 2
501436 0 22
581437 0 218
64753 0 61
515187 0 26
729017 0 20
466504 0 49
96599 0 17
919411 0 100
661857 0 358
650277 0 174
104042 0 33
513425 0 34
147520 0 3
879091 0 799
348306 0 102
122223 0 17
407949 0 17
39857 0 48
929792 0 454
15041 0 19
845969 0 8
758761 0 30
454351 0 34
548001 0 39
537409 0 16
863321 0 24
577625 0 63
778774 0 33
199371 0 39
716007 0 9
405213 0 30
91043 0 3
845065 0 26
937045 0 23
317921 0 4
383865 0 49
251603 0 107
615287 0 36
527211 0 12
856376 0 22
8621 0 35
480638 0 16
808228 0 29
329069 0 6
88559 0 46
129111 0 130
250497 0 53
731580 0 12
971457 0 14
697603 0 32
290305 0 22
640226 0 53
381949 0 18
114003 0 69
745871 0 52
447229 0 7
549427 0 3
395975 0 34
943089 0 529
12509 0 6
636301 0 95
912129 0 36
45997 0 59
299086 0 12
346833 0 86
367468 0 8
92547 0 38
741487 0 32
576516 0 36
926721 0 2
125183 0 194
61800 0 902
803711 0 14
783953 0 13
946079 0 5
239141 0 404
471668 0 23
638689 0 16
247581 0 195
735931 0 11
246551 0 55
508334 0 17
226421 0 27
146340 0 50
454675 0 6
116127 0 9
693899 0 14
117951 0 36
979117 0 888
129397 0 45
852895 0 831
235313 0 43
392733 0 1
467435 0 25
177382 0 4
928169 0 44
375291 0 43
416374 0 52
641949 0 28
840162 0 43
370418 0 35
402454 0 55
795181 0 38
33884 0 19
332766 0 87
651346 0 19
214693 0 41
302031 0 11
453094 0 86
857661 0 12
821563 0 15
816626 0 56
248399 0 31
168959 0 1
344321 0 36
886764 0 27
74961 0 35
555079 0 205
204216 0 131
813925 0 25
462382 0 16
18473 0 335
783351 0 66
483184 0 11
875227 0 84
13525 0 239
305651 0 12
55753 0 43
520753 0 34
159310 0 30
254301 0 30
726417 0 38
152569 0 33
830051 0 975
406006 0 94
886222 0 23
403537 0 4
291744 0 136
499351 0 9
647390 0 111
480266 0 59
728361 0 4
765083 0 117
426501 0 9
697171 0 165
868596 0 1
396540 0 34
920833 0 291
751099 0 90
758636 0 173
134137 0 26
638114 0 33
12225 0 20
332233 0 16
623182 0 27
107569 0 14
849719 0 17
474843 0 55
738355 0 10
444121 0 79
767760 0 8
25111 0 209
322359 0 99
233569 0 70
227799 0 15
439336 0 32
717765 0 60
942433 0 572
679061 0 24
76445 0 26
157341 0 4
951107 0 124
490403 0 24
799993 0 26
224385 0 56
632996 0 67
532381 0 592
678644 0 181
451881 0 6
647691 0 22
265665 0 248
912163 0 1000
231817 0 9
371475 0 3
996651 0 23
941889 0 8
159575 0 20
240605 0 16
446631 0 41
885152 0 26
848331 0 39
997025 0 5
427221 0 60
145504 0 241
594231 0 2
190104 0 44
31839 0 33
293100 0 413
725011 0 38
836841 0 44
885143 0 195
493005 0 8
6095 0 16
676241 0 22
61839 0 2
697368 0 311
375393 0 154
396317 0 29
821385 0 120
173297 0 6
824609 0 34
438122 0 57
37185 0 13
436593 0 54
971066 0 45
767663 0 29
480990 0 36
671837 0 14
159121 0 30
690011 0 163
798017 0 33
507371 0 64
909951 0 11
502846 0 31
905673 0 541
748316 0 84
341451 0 2
641801 0 1070
498509 0 67
597581 0 7
147239 0 2
938227 0 53
485483 0 4
204527 0 109
925351 0 42
165057 0 312
375284 0 37
432565 0 13
152299 0 6
751484 0 67
962837 0 31
864837 0 329
139955 0 71
904974 0 2
124009 0 32
57304 0 1
415097 0 9
791906 0 8
563257 0 151
497615 0 67
537423 0 30
526185 0 20
957270 0 32
177441 0 77
109553 0 68
623096 0 28
418712 0 20
496492 0 4
763066 0 147
258941 0 102
852846 0 17
868705 0 10
275506 0 300
783701 0 85
6985 0 19
81601 0 2
340702 0 20
67014 0 68
47705 0 27
361353 0 22
890760 0 157
459425 0 11
782031 0 11
904535 0 45
346325 0 55
419593 0 28
640885 0 57
759771 0 268
328241 0 49
169617 0 9
924505 0 54
530826 0 32
88463 0 24
402848 0 21
27528 0 9
770853 0 117
681190 0 413
459749 0 20
47961 0 74
500288 0 17
260677 0 40
542379 0 33
120917 0 26
193529 0 31
115221 0 8
326701 0 3
640521 0 236
695274 0 133
70179 0 123
758731 0 9
260021 0 6
390639 0 33
304581 0 6
874536 0 31
35921 0 4
91031 0 80
12601 0 6
725806 0 27
103535 0 25
934241 0 9
932033 0 25
682321 0 60
102609 0 15
788241 0 48
152493 0 93
72691 0 7
177199 0 112
567013 0 28
531777 0 40
171545 0 25
714535 0 23
252035 0 13
855790 0 21
712297 0 68
160961 0 37
289130 0 37
988231 0 20
748101 0 34
777726 0 14
515291 0 85
146441 0 14
826731 0 34
145565 0 60
996582 0 8
891141 0 19
997185 0 14
778649 0 29
975016 0 201
830077 0 27
862594 0 880
762553 0 60
357645 0 23
352989 0 141
684801 0 20
305033 0 35
664149 0 2
1000 3000
50441 0 5
169177 0 68
925781 0 8
770761 0 1
844445 0 152
928156 0 29
447454 0 88
289825 0 105
907477 0 18
713761 0 32
585054 0 96
399196 0 51
485575 0 41
295467 0 54
874771 0 7
130753 0 7
861256 0 22
276101 0 22
30531 0 11
201851 0 19
822269 0 38
449169 0 17
254203 0 3
540351 0 37
535795 0 13
412961 0 17
862266 0 42
278193 0 73
356651 0 36
748097 0 27
748281 0 1
292573 0 40
681681 0 536
788993 0 5
277245 0 138
344079 0 68
592456 0 250
922741 0 11
695839 0 4
724993 0 85
514136 0 33
799548 0 19
983761 0 33
72658 0 396
718451 0 56
419317 0 45
85901 0 146
935073 0 32
314641 0 156
559256 0 11
762503 0 21
507006 0 29
417361 0 4
214315 0 97
995565 0 15
652865 0 30
157077 0 297
665572 0 46
296245 0 131
562096 0 32
385727 0 40
938451 0 21
723377 0 41
116289 0 26
878536 0 45
154305 0 26
392417 0 4
951251 0 14
463465 0 31
156497 0 24
842927 0 30
244632 0 55
499421 0 14
679289 0 208
942555 0 37
476076 0 137
191257 0 19
596423 0 4
719217 0 15
990373 0 23
536461 0 33
248605 0 32
760061 0 23
997355 0 20
700417 0 130
667252 0 560
217551 0 24
193228 0 29
101462 0 31
644761 0 8
745769 0 56
684740 0 2
91981 0 13
672986 0 185
747043 0 2327
468801 0 19
449323 0 20
292401 0 123
965413 0 736
950867 0 481
965394 0 32
350389 0 118
934256 0 2
192989 0 39
427301 0 40
539256 0 2
874967 0 16
222856 0 36
924985 0 23
550551 0 20
580518 0 42
576011 0 67
783566 0 133
524376 0 25
776232 0 4
943921 0 25
302913 0 10
929865 0 31
285746 0 28
119869 0 53
443789 0 31
196782 0 74
246122 0 41
293841 0 46
532401 0 2
654137 0 69
915215 0 23
133465 0 97
431823 0 20
712501 0 65
294001 0 41
360259 0 83
107641 0 34
101326 0 25
590513 0 2
29007 0 7
759456 0 36
68841 0 12
385776 0 17
560891 0 18
879261 0 21
557535 0 59
808912 0 4
616705 0 6
274495 0 8
902625 0 40
535650 0 20
646776 0 14
405985 0 7
50809 0 17
870980 0 25
454275 0 196
38307 0 74
700193 0 18
10765 0 31
400291 0 2
530785 0 30
382242 0 12
868465 0 131
466457 0 233
605585 0 9
438629 0 486
201121 0 23
363600 0 13
579541 0 17
802965 0 56
315601 0 11
201596 0 27
415731 0 52
927447 0 524
114332 0 27
819417 0 10
775161 0 75
874637 0 25
351489 0 8
539057 0 2
148189 0 13
226351 0 540
522076 0 27
106789 0 16
951501 0 2
447393 0 36
788805 0 14
41601 0 1105
132310 0 10
970759 0 50
433297 0 44
5926 0 2130
229775 0 19
370548 0 60
698361 0 69
781257 0 30
531081 0 162
722251 0 973
146127 0 31
482963 0 33
500185 0 30
943711 0 92
18519 0 6
323007 0 34
649601 0 10
811437 0 16
827381 0 53
626697 0 27
863344 0 7
147019 0 17
557665 0 12
499947 0 119
950191 0 99
947132 0 5
987685 0 42
162785 0 13
440938 0 612
136471 0 7
806895 0 75
359351 0 43
830506 0 18
664181 0 25
879390 0 68
841388 0 41
236708 0 20
845009 0 138
190089 0 256
441123 0 67
392444 0 12
198761 0 9
300917 0 31
406980 0 61
518471 0 35
863001 0 49
825989 0 4
727803 0 72
150156 0 85
289099 0 37
289104 0 107
206643 0 10
516656 0 59
660476 0 2
62389 0 132
331615 0 3
669731 0 24
301285 0 30
575726 0 39
564113 0 82
670177 0 28
547934 0 65
217185 0 19
916958 0 22
784087 0 16
549177 0 97
580449 0 25
871881 0 19
109857 0 22
539651 0 20
879211 0 435
411249 0 12
470357 0 56
763664 0 50
473606 0 23
433726 0 52
984100 0 59
788177 0 16
844822 0 105
34465 0 31
761607 0 18
217233 0 15
80299 0 28
911851 0 117
187525 0 43
142271 0 197
982293 0 24
465503 0 8
367016 0 22
246965 0 23
373606 0 52
68919 0 42
726725 0 1
811494 0 10
120524 0 3
948849 0 47
893841 0 14
458304 0 1476
314228 0 42
798664 0 26
690512 0 30
420356 0 47
232912 0 55
252507 0 2
199324 0 47
779181 0 4
689949 0 4
674017 0 186
23357 0 349
302597 0 25
455585 0 3
664089 0 27
183687 0 49
811987 0 52
659437 0 31
300405 0 295
147195 0 215
425381 0 1894
587561 0 24
886081 0 26
378071 0 76
557510 0 25
290855 0 46
983673 0 89
866945 0 12
778521 0 20
58246 0 24
496472 0 20
594721 0 32
860059 0 39
977024 0 8
942141 0 45
446256 0 7
131706 0 120
118985 0 14
579497 0 64
704624 0 23
807649 0 64
715903 0 21
793471 0 12
330709 0 61
299808 0 18
532609 0 62
854433 0 24
854161 0 51
601173 0 26
622514 0 61
873747 0 67
829773 0 56
544025 0 158
695748 0 12
552070 0 32
343113 0 31
181580 0 67
265145 0 41
835189 0 499
766126 0 31
914731 0 169
531491 0 66
928723 0 18
762933 0 75
65417 0 54
730057 0 6
594743 0 103
994194 0 12
989669 0 6
481881 0 156
214093 0 12
789331 0 42
501841 0 12
300115 0 24
217605 0 7
236653 0 81
306155 0 7
625462 0 45
869887 0 32
456206 0 9
629361 0 11
120126 0 5
190189 0 33
117358 0 81
275435 0 25
573733 0 26
724481 0 13
742943 0 67
617391 0 1
85121 0 4
892456 0 27
880321 0 41
620251 0 23
816745 0 39
322790 0 4
408109 0 26
7831 0 12
230751 0 19
63374 0 55
317213 0 43
810769 0 38
187390 0 181
742913 0 37
466066 0 31
955841 0 3
622017 0 17
349049 0 14
130329 0 72
558805 0 34
604161 0 14
198476 0 33
712883 0 711
599241 0 4
281376 0 8
906606 0 283
644607 0 22
449166 0 22
638576 0 13
778521 0 19
591489 0 20
825501 0 63
232377 0 3
354637 0 32
550100 0 37
641735 0 23
173425 0 22
191678 0 3
353698 0 329
778096 0 6
380391 0 29
790761 0 8
66892 0 55
107233 0 37
222221 0 9
923741 0 179
271826 0 6
220709 0 68
48411 0 30
76791 0 26
942569 0 1
563661 0 27
413137 0 98
653601 0 476
914401 0 1
362117 0 26
107721 0 12
157921 0 5
518794 0 10
145433 0 13
741350 0 22
758430 0 64
312893 0 53
545929 0 136
401692 0 360
498806 0 1701
999354 0 61
698833 0 19
61161 0 4
954097 0 31
559427 0 71
834139 0 19
20347 0 43
965609 0 11
84391 0 64
452575 0 138
131057 0 28
338309 0 17
456227 0 20
326983 0 13
762890 0 30
321681 0 21
483949 0 351
77115 0 44
479939 0 4
904865 0 15
322866 0 54
172666 0 77
880151 0 22
714587 0 58
43314 0 89
37201 0 31
918986 0 23
44848 0 7
998192 0 5
875114 0 31
40301 0 19
195969 0 52
449777 0 23
143088 0 120
865346 0 548
69049 0 15
998759 0 2
539880 0 8
986654 0 11
673073 0 22
277761 0 34
952877 0 17
527870 0 59
446317 0 28
644499 0 23
491891 0 28
518649 0 63
84449 0 7
3883 0 31
729389 0 34
721745 0 758
239485 0 75
363539 0 76
469319 0 2
978857 0 36
978609 0 11
804156 0 485
491177 0 6
313561 0 2
884934 0 33
21265 0 25
797921 0 37
305721 0 35
892031 0 27
380487 0 48
746369 0 9
438979 0 12
391486 0 25
131614 0 39
794501 0 15
788840 0 91
927476 0 44
361626 0 2250
264144 0 1
694881 0 34
399667 0 4
32891 0 102
414265 0 83
279761 0 196
638745 0 106
727577 0 25
636133 0 37
272978 0 9
400273 0 11
323659 0 80
555871 0 39
582601 0 23
770817 0 7
636195 0 316
514817 0 14
194537 0 38
447265 0 33
464085 0 41
455613 0 112
143076 0 10
53294 0 29
541941 0 16
341461 0 52
348401 0 13
754406 0 1223
948109 0 9
951105 0 333
191226 0 5
106611 0 2
565857 0 28
266871 0 21
246479 0 84
874147 0 2942
537210 0 61
668021 0 92
634460 0 120
687811 0 25
824121 0 62
43491 0 5
930444 0 363
574601 0 35
773043 0 38
15601 0 31
565623 0 48
68955 0 87
601045 0 119
844661 0 158
735952 0 27
139001 0 45
828915 0 23
878145 0 16
747274 0 22
991251 0 4
938299 0 6
877881 0 3
110641 0 33
192626 0 15
621831 0 37
422414 0 3
335635 0 18
66697 0 84
232114 0 20
834021 0 28
44683 0 48
221589 0 13
88961 0 27
136843 0 43
163044 0 28
323737 0 40
468926 0 101
957226 0 43
594686 0 23
626379 0 9
68261 0 95
164623 0 29
282308 0 23
554939 0 10
723729 0 921
915721 0 19
170070 0 6
742947 0 186
330773 0 63
950721 0 10
123336 0 18
449831 0 5
404021 0 31
579139 0 9
542769 0 52
109121 0 73
44720 0 5
856401 0 91
502769 0 45
541969 0 25
788851 0 44
58229 0 26
200905 0 37
314183 0 12
807437 0 34
462147 0 25
184653 0 11
886926 0 110
452041 0 159
526161 0 9
405313 0 35
713167 0 27
244809 0 45
196987 0 8
434101 0 27
752321 0 30
189403 0 27
135945 0 27
241256 0 13
88895 0 32
985715 0 38
875865 0 84
282519 0 12
825009 0 46
799146 0 411
531525 0 51
175173 0 27
344907 0 11
488954 0 19
737869 0 74
738923 0 38
301431 0 14
225505 0 49
705502 0 541
442479 0 141
602381 0 24
600133 0 14
673614 0 5
782073 0 36
100645 0 14
361431 0 10
99251 0 100
970506 0 26
25206 0 12
152671 0 181
173217 0 45
696187 0 25
457775 0 117
326382 0 58
222855 0 2
422921 0 274
564213 0 8
758863 0 16
258681 0 35
787653 0 31
129281 0 41
628921 0 30
598905 0 42
142312 0 24
784811 0 63
853081 0 12
378111 0 29
941001 0 49
304307 0 5
645916 0 43
201411 0 181
894293 0 40
366343 0 8
787601 0 110
894711 0 2
87202 0 24
570705 0 15
702897 0 18
19361 0 6
780638 0 10
166776 0 87
842278 0 11
925400 0 2738
260873 0 56
496280 0 901
307441 0 35
904881 0 29
807721 0 18
987701 0 48
121301 0 53
247297 0 28
637656 0 38
713730 0 7
752779 0 223
201318 0 73
8279 0 11
832737 0 22
675383 0 10
659521 0 11
269755 0 8
424559 0 79
430801 0 210
688091 0 27
23631 0 255
21333 0 31
144981 0 7
590197 0 40
329090 0 19
7802 0 136
596893 0 12
932889 0 8
540501 0 3
621756 0 40
620431 0 14
677575 0 11
970306 0 68
914433 0 546
112493 0 45
83836 0 5
321211 0 17
186577 0 28
130322 0 53
837191 0 18
952497 0 280
286444 0 8
872195 0 19
966219 0 4
609092 0 6
896273 0 90
292866 0 13
277161 0 99
900941 0 37
257534 0 50
952605 0 2
139070 0 7
947145 0 79
165474 0 32
153969 0 1
159065 0 6
352295 0 16
441921 0 46
395001 0 58
934751 0 18
372709 0 138
853544 0 18
986536 0 66
207558 0 14
91809 0 33
627113 0 24
722290 0 12
412471 0 37
169077 0 19
53099 0 10
577539 0 374
805501 0 43
4993 0 17
43132 0 47
781495 0 13
513046 0 189
869837 0 66
310367 0 269
539214 0 50
711051 0 6
203611 0 31
688338 0 31
456311 0 241
901052 0 50
661308 0 64
343918 0 104
176137 0 52
901126 0 4
318411 0 42
9653 0 35
627325 0 15
286901 0 4
729853 0 4
28041 0 3
512018 0 28
414021 0 115
973581 0 20
756559 0 110
940663 0 43
998349 0 44
385225 0 2
273887 0 110
75073 0 65
849221 0 25
479541 0 13
79242 0 35
243769 0 14
288979 0 67
439133 0 18
885247 0 122
261254 0 35
901649 0 61
733668 0 31
895029 0 34
492945 0 21
400210 0 32
366429 0 64
821991 0 85
447817 0 42
24299 0 24
309297 0 164
373150 0 10
630295 0 370
753861 0 6
760099 0 9
271260 0 31
336241 0 78
695489 0 40
823297 0 1
251521 0 22
958511 0 107
829923 0 34
598176 0 28
763790 0 29
135748 0 1
936047 0 72
415513 0 28
759601 0 13
306552 0 5
259896 0 61
165057 0 10
321457 0 31
106513 0 45
24060 0 7
213701 0 2
335691 0 31
141727 0 26
636945 0 64
707845 0 98
383797 0 33
934862 0 23
19911 0 19
198841 0 299
443913 0 7
408647 0 40
257617 0 34
268083 0 105
213351 0 19
809531 0 17
694937 0 33
886179 0 20
756903 0 44
953195 0 9
552081 0 42
340237 0 101
806685 0 10
184049 0 142
600057 0 14
188249 0 9
232883 0 37
808805 0 48
77125 0 6
952464 0 52
925400 0 53
852981 0 55
81881 0 30
384513 0 129
846076 0 85
275039 0 21
774945 0 54
778501 0 28
446537 0 10
888461 0 57
459041 0 61
636009 0 284
827801 0 77
195073 0 106
741321 0 2
990461 0 14
697827 0 29
595321 0 40
66025 0 22
196306 0 113
23461 0 22
388251 0 65
717793 0 13
350183 0 2
711989 0 14
140451 0 127
405115 0 10
251271 0 67
35183 0 25
400001 0 29
465599 0 7
878123 0 279
352669 0 2
922571 0 13
264019 0 13
165845 0 26
230124 0 73
471393 0 26
283573 0 9
608153 0 25
243612 0 34
436656 0 135
956649 0 187
690758 0 55
826607 0 46
934235 0 40
153240 0 63
811931 0 28
960296 0 76
973261 0 190
254861 0 44
719663 0 47
563969 0 15
769669 0 57
367045 0 23
215999 0 70
903537 0 35
481996 0 19
351225 0 18
691659 0 146
101129 0 21
389915 0 153
328921 0 4
327034 0 6
76466 0 24
407173 0 11
670745 0 29
346990 0 18
564897 0 14
318017 0 3
246616 0 51
500986 0 32
383149 0 29
661403 0 22
986604 0 35
785861 0 93
950929 0 39
969615 0 125
11604 0 27
839493 0 18
594101 0 32
511516 0 7
418765 0 37
125787 0 10
221510 0 42
538478 0 2875
704186 0 104
951193 0 25
667281 0 232
974905 0 21
381369 0 19
53843 0 32
676365 0 35
41048 0 38
611290 0 67
672189 0 26
331511 0 48
626969 0 33
20434 0 17
699658 0 35
485717 0 3
7791 0 3
599376 0 31
141696 0 229
68985 0 876
966929 0 50
273387 0 34
949589 0 24
937459 0 44
532651 0 45
425459 0 113
333681 0 29
286375 0 42
450729 0 9
414123 0 198
550220 0 24
705961 0 55
494953 0 58
985881 0 13
515441 0 19
513796 0 3
26713 0 1
967889 0 17
882758 0 17
433647 0 4
619919 0 95
594379 0 81
184317 0 10
985440 0 2
413297 0 53
955889 0 28
370168 0 26
548894 0 42
131616 0 33
9443 0 48
607721 0 25
19624 0 116
668861 0 235
86185 0 15
271701 0 94
210573 0 11
965339 0 29
878370 0 50
959265 0 5
103216 0 32
1000 3000
987113 0 57
396289 0 15
967985 0 50
60331 0 31
200289 0 53
325861 0 15
859001 0 7
887137 0 19
255370 0 22
992621 0 49
455353 0 9
962657 0 1
382295 0 42
958154 0 19
821151 0 26
986785 0 56
368697 0 11
938751 0 24
873215 0 7
52626 0 1
379029 0 11
95481 0 30
116299 0 1
128227 0 1
52941 0 71
81351 0 20
18849 0 25
824091 0 10
460601 0 42
658369 0 225
529859 0 418
484215 0 25
452695 0 36
754899 0 187
333846 0 22
848849 0 2073
734849 0 50
306951 0 11
152513 0 139
53039 0 119
638817 0 24
92665 0 1
649986 0 22
142042 0 170
180865 0 19
536869 0 15
29753 0 13
572758 0 80
365733 0 21
707827 0 29
211551 0 42
891425 0 29
490206 0 17
74293 0 25
679501 0 9
379057 0 117
674363 0 114
739547 0 180
132776 0 86
805529 0 29
406279 0 5
515578 0 48
573386 0 89
677561 0 13
181841 0 39
947921 0 18
650421 0 44
204525 0 22
700936 0 63
638959 0 28
200727 0 349
219755 0 29
53601 0 17
443649 0 33
149403 0 26
52682 0 84
912865 0 121
17137 0 22
401294 0 57
999583 0 70
29459 0 56
821461 0 10
579053 0 49
19210 0 39
444744 0 893
939679 0 37
899287 0 30
770686 0 22
432291 0 18
579491 0 49
856051 0 62
628032 0 35
953031 0 27
429068 0 136
835194 0 31
896930 0 299
178681 0 5
973851 0 15
117121 0 4
170842 0 859
787359 0 27
534921 0 15
773818 0 216
849506 0 27
998951 0 68
56639 0 109
403288 0 72
57435 0 4
423601 0 48
918276 0 3
601292 0 343
470406 0 40
574252 0 87
552632 0 37
549785 0 137
136441 0 144
578729 0 4
533640 0 20
20903 0 41
310374 0 27
734615 0 63
417515 0 101
202497 0 34
657015 0 7
165022 0 39
130354 0 82
534967 0 21
415970 0 193
604964 0 8
910873 0 51
268075 0 17
872189 0 37
863974 0 82
275161 0 844
767854 0 117
684609 0 7
12169 0 17
357931 0 26
537959 0 4
16995 0 7
101216 0 8
427854 0 16
300031 0 161
636696 0 30
249351 0 47
382277 0 25
773681 0 207
846313 0 991
121181 0 33
998209 0 35
301601 0 8
284049 0 54
483106 0 18
489944 0 6
305121 0 307
168161 0 16
724778 0 23
210257 0 11
194401 0 18
587041 0 968
697967 0 157
742265 0 34
932450 0 18
110081 0 19
103772 0 20
574641 0 20
110513 0 27
806626 0 25
832155 0 33
443626 0 2695
255419 0 7
850091 0 16
931761 0 13
967177 0 32
145601 0 391
739198 0 49
583961 0 29
406890 0 271
608601 0 16
156771 0 4
720071 0 5
73643 0 323
947165 0 8
100901 0 82
406015 0 38
541166 0 1
469249 0 10
908081 0 86
443122 0 31
113562 0 25
125426 0 29
971115 0 12
384215 0 210
38268 0 12
776768 0 3
478021 0 27
938489 0 3
66547 0 156
579609 0 39
483211 0 32
392458 0 10
776180 0 17
720763 0 32
70677 0 19
541079 0 997
242161 0 16
379641 0 19
531221 0 8
227710 0 3
811702 0 32
231897 0 11
171873 0 16
991376 0 98
573136 0 24
614967 0 155
511701 0 62
169729 0 9
29561 0 13
998109 0 85
656887 0 4
598368 0 42
687703 0 31
444376 0 11
650361 0 6
331133 0 1
576521 0 28
780886 0 132
173741 0 48
329437 0 41
339451 0 43
47681 0 40
406761 0 40
565519 0 9
454496 0 5
754149 0 47
721141 0 16
330987 0 148
822602 0 64
631743 0 55
258337 0 24
116493 0 13
733977 0 384
440212 0 10
739777 0 36
322169 0 10
963326 0 77
707617 0 56
473969 0 25
322805 0 10
974203 0 92
859019 0 8
976777 0 24
305409 0 1900
219241 0 274
113169 0 151
190201 0 13
715379 0 29
86410 0 35
999283 0 65
510625 0 17
258645 0 5
723070 0 237
259891 0 41
866093 0 17
639789 0 3
588846 0 6
165065 0 139
414197 0 4
984189 0 4
53054 0 3
152198 0 33
765915 0 61
583191 0 32
197693 0 154
328171 0 324
106309 0 165
93472 0 86
957913 0 9
886021 0 632
531004 0 2
409065 0 27
154216 0 47
350579 0 12
604319 0 88
256529 0 42
899506 0 5
886218 0 11
785169 0 28
515776 0 142
260750 0 34
391277 0 14
67921 0 68
77731 0 251
427979 0 34
452007 0 3
605046 0 15
376931 0 117
652823 0 23
273479 0 54
9900 0 11
523361 0 38
764457 0 28
695712 0 21
595946 0 9
98947 0 52
528807 0 46
612919 0 11
855896 0 64
596465 0 23
70911 0 35
720481 0 2
652365 0 10
695121 0 21
434683 0 49
318263 0 46
427590 0 141
793876 0 29
569824 0 10
642471 0 14
372311 0 33
534840 0 9
544436 0 21
493780 0 7
868876 0 7
116121 0 26
592769 0 214
479347 0 12
193281 0 163
917370 0 26
721526 0 26
111585 0 26
495305 0 43
722505 0 20
207112 0 64
65019 0 82
725018 0 49
615285 0 103
87451 0 115
722667 0 11
101806 0 77
437183 0 78
793551 0 43
878077 0 11
508891 0 336
969607 0 5
339502 0 23
720065 0 11
961984 0 49
702976 0 8
246251 0 115
882881 0 40
513203 0 10
955687 0 27
416595 0 11
652857 0 58
703414 0 10
332555 0 94
674262 0 20
201412 0 32
522983 0 116
423681 0 6
997843 0 50
703189 0 65
420381 0 51
267215 0 357
353545 0 5
359647 0 2
125787 0 39
964294 0 322
649781 0 28
174341 0 5
213707 0 3
84969 0 4
306214 0 5
902821 0 1
522721 0 26
438269 0 21
916474 0 541
765269 0 5
827913 0 69
190861 0 28
114391 0 34
29746 0 9
327685 0 92
209857 0 101
364576 0 9
460065 0 64
443529 0 5
313914 0 9
871000 0 59
954994 0 27
595697 0 135
232295 0 67
663247 0 45
295550 0 3
184809 0 10
474534 0 89
792210 0 28
161525 0 7
336741 0 74
167237 0 23
173800 0 17
131126 0 97
629497 0 30
46923 0 71
802346 0 17
34689 0 69
850121 0 15
762577 0 81
466191 0 27
80121 0 35
98721 0 63
662001 0 17
35666 0 20
814717 0 28
319101 0 15
525337 0 259
505684 0 10
427941 0 20
679868 0 373
12878 0 38
388059 0 11
268507 0 18
195553 0 17
524453 0 116
839056 0 4
627337 0 48
608917 0 288
943018 0 12
384808 0 26
657371 0 4
566101 0 12
723841 0 81
173965 0 46
58281 0 6
384517 0 15
190041 0 56
987905 0 39
919587 0 34
260109 0 24
720057 0 103
439795 0 10
196957 0 12
349953 0 15
920249 0 174
429421 0 54
683641 0 31
538436 0 52
222095 0 5
608767 0 45
593276 0 61
72480 0 28
789555 0 36
170839 0 23
652406 0 13
841591 0 41
693271 0 12
692771 0 19
96113 0 35
61616 0 23
516069 0 71
715506 0 197
970239 0 84
272717 0 4
765338 0 9
604362 0 17
348449 0 154
708261 0 431
518241 0 1
137221 0 76
6169 0 3
120773 0 7
392820 0 70
734336 0 42
81529 0 48
187916 0 99
648580 0 15
134529 0 162
867499 0 166
620011 0 72
692189 0 1
733777 0 2
788061 0 46
635857 0 52
9756 0 63
132126 0 2
367951 0 17
814737 0 16
603661 0 46
611790 0 3
161876 0 6
596199 0 39
102488 0 15
45999 0 2
920547 0 3
860433 0 24
762745 0 4
120321 0 15
139280 0 2
597657 0 12
633139 0 32
184535 0 57
48809 0 47
959676 0 26
298424 0 43
481731 0 26
124911 0 379
529546 0 7
618704 0 14
174057 0 9
303081 0 17
863061 0 18
165633 0 13
657436 0 79
453640 0 24
595923 0 10
743809 0 191
540651 0 182
732137 0 10
623617 0 70
413565 0 56
312026 0 38
174326 0 12
947434 0 74
814529 0 4
810426 0 38
114596 0 136
746592 0 9
571077 0 14
32754 0 31
554745 0 23
964621 0 2021
589305 0 582
676761 0 36
791033 0 76
81829 0 38
727809 0 64
95844 0 4
794226 0 3
277025 0 18
115197 0 28
347851 0 330
686478 0 23
832720 0 24
601693 0 1
540061 0 93
598276 0 37
817511 0 105
578159 0 791
260177 0 29
994318 0 9
78117 0 262
767713 0 124
194471 0 27
770519 0 5
916473 0 61
455857 0 87
943109 0 31
383735 0 34
185214 0 44
965271 0 68
731293 0 22
334685 0 44
974474 0 98
329049 0 29
869001 0 24
223305 0 9
265041 0 14
447837 0 87
905294 0 18
795971 0 59
120693 0 39
192074 0 20
94651 0 63
637931 0 511
708521 0 11
640261 0 59
999379 0 2
518743 0 96
846789 0 93
829691 0 80
904097 0 221
398496 0 10
795229 0 895
786921 0 4
824499 0 106
85726 0 11
368308 0 18
296961 0 62
357561 0 28
94101 0 939
140351 0 56
945923 0 295
147135 0 14
211227 0 589
801386 0 84
384717 0 12
212451 0 300
769511 0 19
865861 0 34
773153 0 1815
133121 0 14
350901 0 10
354808 0 5
144976 0 2
639233 0 13
34995 0 39
679441 0 17
848304 0 21
971833 0 19
168977 0 51
996701 0 87
683759 0 33
390349 0 38
855617 0 64
658707 0 23
929139 0 31
721976 0 2
37837 0 29
883793 0 41
797645 0 49
386585 0 199
177209 0 41
823371 0 13
852881 0 30
186393 0 3
369207 0 36
639634 0 76
693173 0 37
605905 0 52
607401 0 13
931766 0 29
517991 0 31
103961 0 54
444961 0 390
255528 0 16
354819 0 24
826501 0 5
269971 0 23
194061 0 7
307301 0 18
520262 0 182
62526 0 10
415001 0 62
914470 0 34
193385 0 6
323166 0 44
507821 0 1104
877971 0 857
655653 0 11
586786 0 63
192232 0 8
22969 0 3
444870 0 27
289277 0 28
509846 0 7
868759 0 76
583633 0 160
314232 0 59
240473 0 88
347571 0 158
831171 0 151
73785 0 40
95062 0 138
691933 0 97
467121 0 1
114920 0 268
193016 0 4
101449 0 31
799726 0 7
521561 0 26
370209 0 53
581825 0 24
294935 0 3
588341 0 36
35065 0 24
591857 0 2
562145 0 14
950497 0 167
133453 0 37
77565 0 54
549665 0 40
564219 0 21
874297 0 127
775686 0 177
12339 0 447
937011 0 48
448673 0 74
525625 0 19
617213 0 25
953151 0 18
445329 0 54
319829 0 27
130251 0 16
874755 0 26
647509 0 28
979201 0 80
716168 0 11
678360 0 6
851400 0 1
698435 0 58
555011 0 8
143937 0 19
822672 0 6
319428 0 24
529835 0 3
805573 0 82
837309 0 107
185027 0 45
346280 0 49
919069 0 27
938331 0 21
989701 0 13
486123 0 86
21271 0 41
974596 0 374
575939 0 37
373109 0 10
224873 0 63
16489 0 111
161646 0 303
540846 0 17
987345 0 839
511033 0 13
321329 0 35
608087 0 16
656665 0 34
400857 0 75
194315 0 78
45721 0 94
381201 0 76
322072 0 333
179337 0 9
522008 0 1870
39537 0 4
584792 0 1011
890262 0 155
625646 0 33
85291 0 40
17560 0 25
133986 0 12
567049 0 22
247646 0 153
802403 0 51
994297 0 42
825481 0 12
642266 0 44
503301 0 14
800521 0 9
652161 0 38
934861 0 5
79311 0 81
820064 0 369
793497 0 5
848220 0 66
811920 0 66
541884 0 36
483701 0 45
223594 0 38
577713 0 59
416036 0 2
353376 0 23
853367 0 32
741841 0 14
684735 0 69
983201 0 30
287353 0 37
848070 0 87
463236 0 48
562353 0 28
176283 0 14
126051 0 12
138501 0 285
446449 0 206
905307 0 48
791456 0 42
464518 0 603
78662 0 43
856197 0 31
752873 0 24
334489 0 300
322318 0 34
441331 0 11
443394 0 18
815661 0 23
720213 0 71
512865 0 619
883177 0 24
931826 0 35
229369 0 88
826961 0 32
978241 0 240
729271 0 146
379897 0 2
259601 0 111
424001 0 263
397767 0 36
902781 0 33
671882 0 53
940115 0 126
820845 0 3
176357 0 148
19815 0 54
232175 0 35
271001 0 1
612699 0 40
277855 0 70
549129 0 20
578531 0 115
615162 0 47
689985 0 16
789190 0 108
948233 0 48
669804 0 97
537621 0 22
103391 0 40
229074 0 12
516097 0 19
340153 0 51
751767 0 183
581389 0 26
835889 0 117
573751 0 47
664029 0 32
60615 0 181
504425 0 22
821297 0 18
875825 0 56
675265 0 18
129398 0 36
908241 0 40
597481 0 12
18410 0 10
703873 0 147
223934 0 61
191046 0 73
691899 0 344
504913 0 96
36537 0 50
60321 0 83
338177 0 20
421031 0 28
488448 0 33
66196 0 31
836489 0 21
858252 0 7
805035 0 45
65943 0 89
432418 0 2
275919 0 66
386219 0 25
685550 0 154
622318 0 16
336427 0 4
715229 0 26
804217 0 19
156751 0 50
984145 0 21
613249 0 21
462120 0 23
330175 0 62
625071 0 108
578515 0 15
862566 0 29
485669 0 210
873445 0 89
883933 0 6
117316 0 3
238921 0 61
254096 0 101
64353 0 42
275451 0 88
30301 0 22
256409 0 37
785192 0 20
565189 0 57
423126 0 20
443721 0 72
407431 0 40
880337 0 202
393079 0 4
428486 0 14
560397 0 15
976775 0 8
917573 0 112
541728 0 167
729840 0 35
765693 0 14
794933 0 67
773569 0 56
187675 0 50
348911 0 3
716781 0 3
808401 0 49
318896 0 12
222560 0 2
534761 0 2
473241 0 49
529608 0 36
225601 0 33
982586 0 23
405539 0 5
552034 0 17
621153 0 27
878417 0 31
315655 0 29
484799 0 16
750431 0 86
41277 0 60
409706 0 64
960740 0 2
167137 0 8
388401 0 16
133916 0 26
906583 0 25
486263 0 93
795276 0 161
364625 0 26
692292 0 35
791056 0 16
151569 0 4
495102 0 22
17569 0 16
353417 0 6
644665 0 9
688969 0 34
164567 0 57
245462 0 25
904694 0 14
172251 0 69
772453 0 46
321918 0 1
34649 0 11
873727 0 145
323665 0 9
660148 0 131
649415 0 35
443601 0 22
952587 0 7
918388 0 34
980386 0 12
333569 0 17
60513 0 3
248489 0 30
948587 0 16
844493 0 72
130483 0 9
784086 0 36
536994 0 22
629885 0 44
83821 0 18
251149 0 95
492271 0 71
147346 0 232
691882 0 38
982626 0 33
357062 0 18
575001 0 36
994569 0 9
919340 0 5
315001 0 52
544487 0 7
352417 0 20
898777 0 35
982513 0 13
95257 0 53
492542 0 16
246220 0 24
975617 0 21
722897 0 65
371546 0 20
981137 0 21
548577 0 13
315355 0 24
182780 0 26
994297 0 153
623594 0 3
226338 0 20
819426 0 26
7995 0 38
287517 0 21
584657 0 42
697729 0 16
170459 0 143
375201 0 281
700777 0 63
900329 0 28
6676 0 34
372325 0 23
195251 0 6
185413 0 13
853669 0 11
238341 0 37
800111 0 12
456239 0 8
588520 0 150
520361 0 23
492791 0 22
639127 0 30
83505 0 21
