5
1000 3000
822860 0 1
987471 0 3
925257 0 210
496666 0 51
593244 0 44
820029 0 40
85125 0 21
505686 0 10
383133 0 67
389188 0 79
106376 0 16
552127 0 45
189233 0 14
567689 0 52
172939 0 31
189720 0 26
631632 0 33
46473 0 41
538432 0 40
152701 0 183
98897 0 419
902431 0 134
236204 0 13
902957 0 20
742111 0 39
19075 0 4
744757 0 300
29985 0 290
171809 0 607
359021 0 23
951209 0 55
746154 0 20
492925 0 20
930951 0 13
581377 0 27
871671 0 14
326118 0 25
554986 0 48
796977 0 47
720167 0 27
704405 0 60
320850 0 22
812166 0 2
671211 0 34
486583 0 515
81061 0 6
517795 0 37
615937 0 39
838306 0 25
77025 0 17
126026 0 54
412482 0 140
570154 0 2282
506904 0 5
282001 0 32
40290 0 185
687902 0 12
993541 0 63
634095 0 28
171176 0 8
208519 0 3
544739 0 63
912373 0 3
732691 0 16
277332 0 47
635513 0 64
73891 0 7
61488 0 28
186937 0 34
140143 0 18
124769 0 2
109457 0 8
386416 0 59
574497 0 80
104403 0 34
148851 0 37
420289 0 90
305685 0 14
276869 0 22
641841 0 45
974231 0 55
102737 0 357
934843 0 28
74951 0 40
189004 0 48
88501 0 12
80801 0 15
628891 0 31
377796 0 9
628047 0 19
815578 0 8
139969 0 36
378001 0 29
536579 0 57
74676 0 16
841929 0 14
481773 0 22
182305 0 34
474249 0 14
564077 0 44
245841 0 25
985805 0 9
97621 0 5
406401 0 40
329430 0 21
411771 0 11
397660 0 101
330506 0 19
579049 0 28
401685 0 37
298782 0 218
122294 0 27
833080 0 167
225323 0 32
392901 0 110
377645 0 6
859137 0 41
202251 0 61
615025 0 23
323311 0 144
914291 0 4
240636 0 15
819265 0 16
87943 0 5
364646 0 383
341005 0 2874
322034 0 75
100077 0 203
335550 0 97
270145 0 39
767603 0 58
43603 0 67
255521 0 57
578009 0 33
138701 0 28
711244 0 69
401727 0 11
901908 0 35
131271 0 85
647517 0 47
77021 0 21
194103 0 5
259215 0 21
337902 0 17
614631 0 136
12901 0 9
42244 0 93
711937 0 2
134843 0 21
210785 0 10
918526 0 38
15673 0 61
976026 0 12
824669 0 2
891657 0 122
54106 0 24
569318 0 31
560165 0 26
485838 0 76
838580 0 64
300595 0 2
183499 0 14
777517 0 33
780377 0 27
76501 0 40
373825 0 66
419330 0 116
575557 0 10
849129 0 166
613041 0 10
450763 0 31
812891 0 21
420021 0 30
883672 0 29
411421 0 17
625621 0 533
780677 0 31
673818 0 16
51324 0 19
418956 0 30
312292 0 1
447501 0 149
223441 0 24
918429 0 181
172074 0 123
340388 0 35
18965 0 10
578717 0 67
379728 0 41
81058 0 104
30601 0 37
593245 0 16
276881 0 9
141097 0 2
884976 0 96
315390 0 6
88601 0 21
104802 0 50
805513 0 24
950364 0 155
472937 0 83
959450 0 13
340285 0 61
303016 0 63
268205 0 6
26851 0 24
872873 0 25
500169 0 30
834733 0 47
967722 0 32
734402 0 32
281189 0 29
446105 0 49
308391 0 20
267845 0 25
111933 0 27
813537 0 3
655035 0 9
70401 0 247
173601 0 2
681793 0 139
954007 0 73
628001 0 35
287001 0 29
893521 0 54
385253 0 47
427411 0 29
799829 0 308
957111 0 27
968378 0 223
284193 0 23
164537 0 12
54721 0 19
185861 0 25
700851 0 22
113489 0 19
296324 0 9
939493 0 18
927419 0 3
519658 0 50
839235 0 213
686986 0 20
217669 0 35
406621 0 11
453128 0 20
472080 0 2
760667 0 339
91069 0 20
664007 0 32
153913 0 3
141899 0 40
750829 0 36
297863 0 51
982640 0 33
484157 0 52
793776 0 32
664720 0 4
105513 0 33
783001 0 27
835676 0 4
612030 0 58
517065 0 142
272011 0 38
376102 0 24
689955 0 1
674941 0 16
316253 0 29
140116 0 85
142601 0 11
752617 0 14
356673 0 13
541926 0 1
553919 0 1165
475362 0 5
100257 0 133
31148 0 16
382420 0 3
890996 0 4
491162 0 49
746787 0 14
182881 0 26
728331 0 24
155440 0 8
262614 0 57
519656 0 4
267768 0 9
12611 0 52
426061 0 34
989613 0 47
526133 0 18
113693 0 8
957091 0 3
678060 0 140
788559 0 90
948973 0 58
599426 0 14
903025 0 5
882351 0 17
156191 0 18
413426 0 29
8853 0 24
504311 0 101
139589 0 258
980201 0 3
935041 0 19
810833 0 29
344833 0 15
206585 0 21
831427 0 37
702545 0 81
123945 0 9
814296 0 54
994363 0 54
510102 0 1
717795 0 75
578840 0 34
224216 0 3
479577 0 15
715663 0 40
670241 0 24
691917 0 18
897845 0 65
91890 0 9
413015 0 57
906221 0 10
723261 0 155
962345 0 26
14195 0 3
487758 0 9
789253 0 3
947905 0 120
449801 0 141
148968 0 21
927345 0 80
29628 0 29
991589 0 24
286371 0 5
922153 0 20
459703 0 154
467723 0 20
534824 0 32
83697 0 27
252157 0 26
832617 0 2
887471 0 151
842022 0 9
301514 0 10
221416 0 110
509237 0 12
847955 0 343
967083 0 29
491681 0 19
629057 0 141
278979 0 8
340471 0 18
95991 0 2
321470 0 284
259281 0 51
455815 0 88
787509 0 419
101156 0 33
866838 0 43
346727 0 6
700197 0 29
982441 0 46
35257 0 32
193502 0 26
450068 0 14
950259 0 14
973677 0 31
561643 0 4
70781 0 8
716701 0 21
754817 0 4
166270 0 60
448176 0 16
128751 0 31
981558 0 5
948876 0 22
312855 0 5
206489 0 37
867605 0 77
44017 0 23
469501 0 26
991789 0 36
847731 0 11
988302 0 6
228609 0 106
164507 0 373
3765 0 11
102269 0 3
857605 0 50
132553 0 9
93057 0 66
85581 0 78
671703 0 190
377421 0 1
500898 0 31
279276 0 379
627696 0 250
133650 0 75
942368 0 20
189178 0 68
763666 0 62
772094 0 5
5811 0 7
457901 0 8
901491 0 72
430924 0 29
736599 0 22
429189 0 39
627890 0 78
765479 0 56
10651 0 7
136674 0 16
516806 0 41
44441 0 38
495741 0 25
443601 0 46
667361 0 19
596681 0 21
916342 0 27
769464 0 102
569153 0 6
137518 0 34
631649 0 331
375106 0 54
531210 0 31
820132 0 42
797162 0 74
986188 0 55
100957 0 363
6376 0 16
744489 0 681
69001 0 109
724391 0 23
255491 0 290
882453 0 1907
379511 0 168
361716 0 14
405899 0 14
751705 0 91
627861 0 42
341609 0 2
327169 0 17
30501 0 22
53093 0 17
791561 0 36
846941 0 23
490423 0 46
785396 0 27
35176 0 41
45201 0 85
198814 0 7
791449 0 35
393721 0 2
276481 0 1
306261 0 6
934449 0 237
793326 0 5
619255 0 59
414411 0 2
16065 0 50
816969 0 12
392361 0 97
767893 0 15
467945 0 14
656189 0 9
465127 0 28
273601 0 25
525021 0 11
217427 0 63
564061 0 61
359569 0 27
626573 0 4
455466 0 30
967271 0 80
236453 0 141
557145 0 159
802421 0 10
147165 0 8
249401 0 57
594258 0 18
891203 0 69
144169 0 1
105861 0 9
465985 0 82
490539 0 74
826185 0 22
626755 0 30
312527 0 42
719081 0 25
724364 0 69
125583 0 10
372411 0 80
539656 0 48
279205 0 32
344071 0 31
576037 0 38
958364 0 22
948113 0 36
406545 0 262
549561 0 4
531221 0 7
525470 0 57
745572 0 146
748617 0 38
176351 0 100
174497 0 3
844019 0 35
529803 0 53
707241 0 20
907665 0 13
479246 0 154
116961 0 22
10377 0 97
497794 0 33
735253 0 34
47361 0 34
452893 0 88
605096 0 34
900081 0 16
903526 0 25
483796 0 7
630977 0 28
45105 0 5
90785 0 10
756653 0 20
739331 0 38
672501 0 11
362821 0 67
820457 0 24
99015 0 4
818157 0 38
889937 0 50
655065 0 227
8461 0 19
129431 0 555
788431 0 100
570778 0 6
292928 0 29
791589 0 7
238881 0 23
851724 0 147
485161 0 23
795681 0 5
600726 0 6
446137 0 1
115973 0 26
241990 0 218
700801 0 30
159981 0 46
164289 0 11
767471 0 9
757553 0 15
310955 0 32
362754 0 13
242551 0 22
42395 0 36
392913 0 60
803518 0 26
39230 0 29
877114 0 90
468771 0 27
188266 0 33
557481 0 5
295961 0 34
98546 0 13
433042 0 68
844501 0 4
107743 0 26
733982 0 32
841593 0 12
628365 0 23
990489 0 54
850321 0 10
39581 0 26
263768 0 28
539733 0 11
182727 0 88
939926 0 35
757105 0 13
488560 0 33
242627 0 21
450185 0 24
531944 0 44
548023 0 36
742384 0 46
10971 0 19
152533 0 7
286936 0 21
461595 0 67
903303 0 11
739835 0 64
523601 0 4
531261 0 143
716633 0 30
988173 0 8
821744 0 176
631319 0 11
614251 0 28
24890 0 19
366670 0 119
461753 0 3
227161 0 13
715428 0 21
867651 0 6
157329 0 71
845369 0 30
795937 0 142
672372 0 30
131662 0 15
694401 0 21
491717 0 18
523616 0 14
22317 0 53
40406 0 64
313461 0 271
533347 0 48
764611 0 19
461891 0 64
127961 0 4
965401 0 50
315329 0 38
789876 0 10
206140 0 62
702529 0 9
706978 0 14
666545 0 3
54926 0 53
28281 0 167
355469 0 2
904001 0 27
695275 0 15
192183 0 219
756044 0 78
632549 0 31
593979 0 2
848552 0 35
467701 0 16
573363 0 1
883576 0 10
648994 0 16
983339 0 29
969017 0 13
464336 0 1
588253 0 113
554345 0 245
80801 0 189
751538 0 10
286409 0 22
541699 0 25
615737 0 37
783599 0 27
810565 0 65
828861 0 47
851792 0 24
431089 0 178
517111 0 6
117482 0 6
794491 0 232
407577 0 109
772161 0 17
748255 0 27
401749 0 39
983845 0 10
590345 0 20
265991 0 40
473101 0 4
442051 0 53
269840 0 4
228129 0 76
473821 0 62
550817 0 84
602567 0 3
998408 0 15
62953 0 9
195935 0 23
317959 0 39
305077 0 29
818126 0 32
643482 0 22
889126 0 16
164669 0 34
734166 0 16
946057 0 32
586730 0 1
340351 0 331
465601 0 20
612889 0 3
308932 0 22
782485 0 13
621281 0 24
341921 0 7
438217 0 107
454611 0 2
557301 0 616
452845 0 27
233231 0 2
464005 0 14
332264 0 25
631936 0 21
309817 0 41
730659 0 27
482206 0 41
374233 0 43
970484 0 41
663285 0 40
543301 0 40
258176 0 9
824916 0 17
393875 0 12
392453 0 7
328777 0 40
213811 0 15
72049 0 63
354521 0 96
640190 0 30
691011 0 17
982530 0 37
657631 0 28
897013 0 80
181238 0 37
118052 0 56
630721 0 47
276949 0 102
499409 0 4
440281 0 74
49651 0 60
250433 0 9
785436 0 1030
821257 0 8
187809 0 17
999003 0 7
559181 0 51
831005 0 11
663791 0 133
405547 0 44
721256 0 33
978989 0 36
535745 0 4
625721 0 16
848495 0 37
463713 0 40
622552 0 19
889036 0 49
889929 0 9
973476 0 8
566711 0 27
959378 0 36
58920 0 30
648353 0 21
843566 0 45
413880 0 3
226393 0 34
753673 0 62
871095 0 7
151101 0 98
420223 0 148
633241 0 47
879121 0 12
473665 0 108
331765 0 8
147753 0 50
820383 0 7
789012 0 34
248473 0 428
438099 0 26
590031 0 20
254801 0 9
152641 0 333
484641 0 29
216961 0 53
387986 0 39
821326 0 16
676801 0 338
627457 0 4
96243 0 22
93622 0 17
428641 0 31
71777 0 21
650361 0 23
173933 0 32
371783 0 44
913886 0 20
407449 0 148
416379 0 23
910064 0 15
676429 0 69
624451 0 13
611876 0 316
770746 0 13
992784 0 13
346152 0 26
492689 0 43
539216 0 47
259917 0 177
818811 0 229
59789 0 30
296141 0 41
332405 0 7
587625 0 300
809071 0 196
516513 0 30
671579 0 10
506793 0 6
832713 0 2
596637 0 49
24715 0 73
614287 0 476
42386 0 5
254313 0 32
189408 0 45
833608 0 114
15621 0 599
989013 0 17
341343 0 1
889828 0 4
941301 0 16
572870 0 17
890661 0 83
331555 0 59
664599 0 83
861669 0 8
269297 0 34
349623 0 4
244449 0 11
850063 0 5
502209 0 46
824880 0 4
263459 0 85
16698 0 161
555207 0 29
584125 0 25
44066 0 56
850801 0 14
323905 0 17
353149 0 33
199825 0 15
99149 0 3
857472 0 8
597461 0 12
483697 0 7
806449 0 64
979790 0 23
206261 0 3
89289 0 24
863009 0 90
46697 0 119
308091 0 25
772587 0 25
780125 0 23
820261 0 4
740704 0 42
272521 0 45
776619 0 55
346002 0 23
413901 0 35
666736 0 28
838356 0 31
141681 0 41
261441 0 44
606013 0 31
210955 0 5
470551 0 5
749574 0 15
807636 0 9
909713 0 39
689501 0 6
587049 0 153
87661 0 39
193061 0 39
774095 0 18
530932 0 15
339945 0 69
918781 0 6
169735 0 36
438241 0 74
30871 0 184
379044 0 229
936533 0 30
893834 0 13
346827 0 140
667897 0 1450
855097 0 17
32737 0 26
105617 0 16
939150 0 7
602477 0 40
498385 0 34
344078 0 13
715228 0 59
386869 0 2
208848 0 33
307436 0 8
801761 0 5
937561 0 39
991670 0 77
146687 0 43
142060 0 20
358317 0 28
267117 0 77
395391 0 41
942877 0 11
297241 0 17
646860 0 6
898757 0 87
624382 0 11
606605 0 46
381109 0 31
180871 0 19
710393 0 38
458740 0 10
801739 0 13
78852 0 7
833394 0 13
124328 0 14
209405 0 72
458895 0 143
141009 0 23
735291 0 36
749425 0 35
759120 0 718
246476 0 104
915381 0 24
753497 0 29
854114 0 22
733235 0 28
909926 0 91
619329 0 20
353910 0 40
700993 0 2
133795 0 471
283164 0 20
482865 0 93
792731 0 13
352487 0 16
769361 0 11
411905 0 6
125665 0 27
903443 0 57
587336 0 86
908701 0 86
241227 0 21
712861 0 21
706810 0 30
739160 0 40
375471 0 1653
777621 0 28
81585 0 31
123921 0 46
665188 0 33
314783 0 52
402677 0 35
271341 0 1
549594 0 4
399965 0 36
21751 0 40
295321 0 25
345994 0 22
61699 0 6
902943 0 50
537438 0 6
968911 0 9
868873 0 23
96561 0 9
36821 0 15
32221 0 1
136606 0 41
923544 0 51
590881 0 16
771461 0 4
811759 0 11
264631 0 39
63761 0 36
945551 0 11
951566 0 12
881561 0 250
503129 0 22
364587 0 32
370637 0 16
417199 0 6
107772 0 14
115175 0 8
57185 0 6
92935 0 35
315506 0 52
645681 0 85
992064 0 8
940842 0 65
330137 0 26
574971 0 45
670369 0 82
731589 0 125
549751 0 36
754468 0 38
101339 0 71
598643 0 156
627713 0 24
127333 0 17
1000 3000
221259 0 7
176753 0 1
601100 0 48
644917 0 44
985373 0 88
622733 0 37
719905 0 9
998266 0 24
92985 0 628
41313 0 37
173633 0 39
630589 0 31
780521 0 311
911974 0 15
411245 0 12
599865 0 9
755945 0 718
784281 0 14
434765 0 632
345721 0 47
444153 0 268
979336 0 147
363999 0 5
695259 0 23
517957 0 14
748885 0 88
727163 0 13
721870 0 13
130325 0 7
434521 0 57
322113 0 22
276892 0 9
472521 0 49
950145 0 16
27536 0 18
667581 0 162
814807 0 35
340511 0 27
110397 0 159
544560 0 60
426081 0 9
293553 0 66
646177 0 36
585473 0 78
762430 0 122
359326 0 5
879821 0 1
383141 0 202
18501 0 90
99566 0 8
805001 0 31
933616 0 17
343191 0 11
771801 0 35
604725 0 42
215219 0 20
254843 0 3
660821 0 10
162221 0 81
467201 0 145
120987 0 52
885420 0 35
580761 0 10
456601 0 70
826769 0 3
743081 0 226
584785 0 15
987582 0 69
349462 0 41
746032 0 120
446616 0 511
315448 0 45
732853 0 3
930585 0 29
981329 0 90
839121 0 5
197481 0 855
957406 0 59
765251 0 37
822629 0 1175
192941 0 18
149747 0 37
401646 0 18
477249 0 8
318577 0 28
449493 0 219
800737 0 24
194344 0 8
175401 0 29
971321 0 317
707182 0 8
338351 0 22
711553 0 765
791517 0 21
508694 0 31
575979 0 69
811233 0 21
787109 0 65
363948 0 36
712879 0 2
626831 0 21
309071 0 143
397417 0 55
599179 0 22
616467 0 38
90182 0 44
995537 0 2
687233 0 39
279665 0 40
317371 0 13
864609 0 25
145230 0 14
287460 0 34
576633 0 8
355001 0 9
442905 0 22
51749 0 78
174996 0 291
956114 0 22
903601 0 3
739953 0 60
319977 0 207
579605 0 5
536132 0 14
692671 0 21
866817 0 50
730251 0 12
580761 0 7
541587 0 36
471101 0 14
522529 0 25
951823 0 9
760355 0 67
510745 0 19
981437 0 1
705693 0 34
400089 0 19
650902 0 22
225489 0 76
669594 0 10
411639 0 22
293841 0 31
958273 0 69
830157 0 13
357006 0 49
364747 0 22
676052 0 81
957815 0 33
447503 0 36
131206 0 36
551509 0 74
684385 0 24
239887 0 29
789602 0 61
557855 0 32
736299 0 197
6401 0 13
720726 0 70
720097 0 43
201771 0 1234
513270 0 63
661275 0 217
55867 0 36
681666 0 25
38375 0 25
323329 0 22
964471 0 10
389929 0 55
831273 0 16
612871 0 33
575433 0 31
534629 0 32
877153 0 7
779337 0 30
39521 0 112
889812 0 39
499738 0 58
70029 0 7
919584 0 22
713120 0 31
485550 0 18
190817 0 70
343510 0 15
355784 0 8
10695 0 17
772295 0 15
237936 0 25
858990 0 23
519061 0 70
120332 0 79
858601 0 675
53601 0 73
867721 0 46
352590 0 32
17380 0 215
632917 0 52
357729 0 48
104871 0 16
6921 0 76
605609 0 519
631211 0 45
954755 0 45
839511 0 119
215309 0 18
139323 0 20
711423 0 41
858030 0 99
742481 0 601
148401 0 19
810849 0 3
195405 0 401
726736 0 91
953179 0 48
527815 0 20
232950 0 94
87431 0 15
193126 0 11
817363 0 29
696042 0 7
210802 0 4
878921 0 170
38189 0 28
664623 0 195
264559 0 39
243131 0 28
516529 0 77
520583 0 996
760867 0 15
863465 0 515
712101 0 24
697401 0 95
384021 0 39
381511 0 131
909631 0 10
951976 0 42
353722 0 69
336277 0 313
676832 0 100
447214 0 86
919937 0 117
853883 0 5
541761 0 18
129317 0 68
491682 0 2657
404343 0 33
947377 0 24
301972 0 59
931451 0 4
86638 0 7
909256 0 1
460756 0 45
164164 0 177
837915 0 24
344337 0 767
648993 0 4
647661 0 17
289761 0 40
63006 0 17
809381 0 115
359918 0 20
70121 0 1
848878 0 6
361548 0 10
585767 0 23
790446 0 47
791873 0 36
150505 0 56
282265 0 324
273834 0 36
813433 0 17
74818 0 109
555201 0 35
67731 0 18
426471 0 8
382827 0 29
351461 0 15
353751 0 32
218461 0 217
570561 0 45
18467 0 31
322411 0 7
75201 0 2
846691 0 14
763115 0 20
908573 0 3
364449 0 13
582121 0 23
100174 0 30
473094 0 17
304911 0 69
721034 0 12
168711 0 22
755308 0 10
45681 0 9
854331 0 113
75121 0 14
578126 0 21
296317 0 50
530926 0 20
533171 0 194
990277 0 22
545877 0 29
732779 0 30
967690 0 16
413523 0 33
683857 0 20
551993 0 33
594381 0 46
966626 0 85
693153 0 28
578543 0 15
750921 0 15
129953 0 35
258040 0 2
545991 0 26
235388 0 469
129671 0 8
664240 0 55
438281 0 38
972536 0 38
600097 0 53
465041 0 29
847691 0 68
892011 0 75
825445 0 43
939083 0 16
349374 0 3
473545 0 17
189772 0 36
213941 0 25
223313 0 11
628263 0 13
876640 0 11
944667 0 22
278179 0 41
983401 0 3
355826 0 115
50807 0 58
435651 0 39
367881 0 116
916961 0 355
658205 0 27
824357 0 36
785505 0 30
595653 0 36
902566 0 18
422362 0 31
706346 0 23
748855 0 21
811841 0 75
900051 0 6
593451 0 16
656382 0 12
5414 0 425
19681 0 4
442931 0 114
923301 0 45
799757 0 38
821105 0 58
321740 0 24
271061 0 3
724791 0 33
44321 0 27
632401 0 35
915361 0 21
635783 0 19
755722 0 22
387685 0 17
406337 0 19
632726 0 102
692401 0 34
640556 0 34
528161 0 41
183109 0 3
701993 0 35
403363 0 8
430889 0 45
847609 0 6
530932 0 62
904513 0 4
294145 0 17
953249 0 27
871321 0 19
256075 0 7
151951 0 6
93745 0 32
699076 0 264
773912 0 22
253785 0 34
163311 0 28
747517 0 51
949337 0 180
140939 0 2
128326 0 20
857609 0 286
839737 0 63
196110 0 45
459081 0 22
203605 0 71
326081 0 18
463155 0 31
557797 0 35
287967 0 6
994308 0 37
180097 0 67
403961 0 320
679042 0 75
282756 0 150
371984 0 7
392251 0 32
314751 0 15
488841 0 44
882771 0 85
777087 0 13
68464 0 35
652335 0 11
808961 0 11
598929 0 404
755851 0 6
631493 0 25
983681 0 34
940993 0 305
73081 0 21
809591 0 162
833361 0 84
390704 0 23
313361 0 32
115911 0 43
156301 0 20
804651 0 16
67841 0 22
798604 0 2
366985 0 47
635401 0 480
459578 0 4
40301 0 26
93487 0 34
14347 0 97
706261 0 148
267517 0 66
964433 0 23
113071 0 487
252901 0 6
801119 0 48
714476 0 22
78193 0 285
625030 0 5
604059 0 28
143225 0 15
464449 0 73
640446 0 30
621383 0 21
692501 0 18
410561 0 793
168399 0 49
326655 0 10
768081 0 44
945225 0 7
454717 0 35
700907 0 13
704331 0 34
610231 0 16
593541 0 12
159879 0 46
861965 0 29
884609 0 66
788521 0 28
461217 0 83
281462 0 55
403399 0 666
438632 0 57
583091 0 17
473101 0 22
210652 0 82
272575 0 564
97059 0 38
600369 0 22
611871 0 47
669011 0 63
141271 0 23
976164 0 31
762071 0 102
877025 0 52
619136 0 12
47171 0 19
478861 0 16
780993 0 44
200610 0 30
103809 0 4
668537 0 8
823206 0 14
512711 0 1
350901 0 27
411401 0 22
31321 0 1
78276 0 121
66685 0 113
562675 0 66
698747 0 10
616471 0 34
758726 0 180
339313 0 54
221044 0 30
184687 0 27
599149 0 10
397453 0 145
171049 0 18
723649 0 33
956344 0 41
784295 0 48
711852 0 57
807315 0 29
873524 0 16
74753 0 1
8768 0 38
708969 0 15
274193 0 28
301785 0 101
158341 0 34
112631 0 9
651076 0 11
885089 0 17
732341 0 3
122827 0 42
481272 0 1408
876541 0 754
87567 0 76
670690 0 13
901881 0 13
850247 0 15
924716 0 39
862689 0 22
745724 0 85
777411 0 190
317697 0 26
898607 0 22
390821 0 109
48722 0 67
201119 0 181
578421 0 65
330878 0 67
173757 0 15
938521 0 70
657801 0 29
170803 0 171
26729 0 29
618181 0 17
748393 0 20
722796 0 27
283676 0 27
607741 0 117
455239 0 49
261489 0 30
369397 0 68
965601 0 14
864033 0 46
61611 0 44
137929 0 29
562473 0 55
967249 0 11
835761 0 418
890121 0 40
524493 0 16
540183 0 59
738761 0 14
874801 0 3
365005 0 57
359045 0 33
131617 0 1
723011 0 22
942035 0 19
583159 0 30
614045 0 34
654833 0 6
961601 0 36
501985 0 71
196177 0 11
695097 0 10
326343 0 3
85761 0 38
29250 0 28
266289 0 10
653105 0 25
368058 0 18
406420 0 5
493601 0 23
205421 0 63
471110 0 172
469525 0 75
977689 0 31
798081 0 2
136255 0 101
13901 0 14
560089 0 18
602955 0 30
379791 0 118
489933 0 413
863891 0 27
553633 0 15
54481 0 65
793301 0 43
950635 0 17
511086 0 15
948393 0 11
209749 0 92
19845 0 32
145166 0 75
28712 0 4
989761 0 132
958849 0 149
458443 0 27
325845 0 32
436705 0 24
307217 0 39
619296 0 18
820969 0 59
652288 0 27
215433 0 33
327753 0 3
85771 0 55
416767 0 63
756081 0 50
868119 0 27
589023 0 77
820025 0 26
617056 0 29
696121 0 62
840303 0 3
713653 0 41
326989 0 29
567713 0 6
378617 0 196
525272 0 19
427820 0 20
806321 0 10
51817 0 16
543643 0 9
247061 0 23
363771 0 73
900145 0 21
545411 0 28
777593 0 24
57519 0 27
772913 0 24
575463 0 344
984462 0 7
78020 0 190
588496 0 28
85692 0 89
411581 0 25
807877 0 12
708853 0 97
54121 0 14
824761 0 33
818348 0 25
153121 0 32
967624 0 19
150945 0 97
963644 0 39
908268 0 13
582693 0 12
157381 0 101
274049 0 78
474649 0 30
242354 0 28
44393 0 95
887017 0 16
786689 0 25
356751 0 47
323121 0 39
583075 0 31
104065 0 52
113701 0 40
90521 0 6
936746 0 7
103985 0 62
486227 0 25
970049 0 76
727063 0 2633
250145 0 358
407741 0 25
228027 0 10
284459 0 5
675957 0 26
282861 0 37
591409 0 29
432227 0 56
379931 0 59
227451 0 33
590553 0 12
722118 0 5
850249 0 35
262641 0 99
801057 0 2
383166 0 80
15751 0 90
193685 0 38
288542 0 473
349105 0 63
278932 0 53
270459 0 189
342495 0 31
40118 0 40
490856 0 48
713694 0 23
182933 0 5
385497 0 8
860993 0 41
521332 0 21
178784 0 25
799361 0 78
225893 0 16
70121 0 45
594679 0 42
246485 0 55
764065 0 39
148867 0 72
386209 0 3
83482 0 43
229897 0 22
596296 0 41
393479 0 21
814900 0 150
920254 0 19
813109 0 17
450489 0 38
637581 0 22
237357 0 30
968002 0 65
466381 0 23
57745 0 206
490498 0 18
628761 0 46
42861 0 91
873851 0 270
562947 0 198
343536 0 56
576480 0 17
819623 0 31
377889 0 11
715985 0 73
182301 0 16
735843 0 41
62993 0 120
496601 0 26
613790 0 391
842591 0 3
119776 0 24
61577 0 45
174865 0 28
250475 0 348
96827 0 4
645681 0 18
599969 0 53
495844 0 109
200305 0 27
284726 0 48
987137 0 8
465225 0 28
425389 0 30
532669 0 18
115361 0 130
431036 0 16
433409 0 27
148574 0 142
771868 0 11
319197 0 3
589301 0 35
216665 0 41
825593 0 148
892835 0 249
753381 0 34
143133 0 11
230626 0 370
15521 0 39
117503 0 194
863509 0 11
545041 0 30
446456 0 35
654017 0 25
933897 0 12
456777 0 53
49118 0 11
484169 0 119
783361 0 2
414041 0 31
525089 0 28
26165 0 83
187730 0 36
453919 0 85
610945 0 1
759376 0 19
520833 0 26
10571 0 26
68801 0 70
961581 0 17
50077 0 122
982896 0 16
839001 0 23
458981 0 36
489171 0 21
223770 0 42
681826 0 9
42181 0 216
854751 0 14
907311 0 71
195557 0 67
924174 0 26
54297 0 361
826521 0 36
868357 0 26
585257 0 39
788857 0 453
345285 0 22
393368 0 16
731551 0 371
461956 0 1
827415 0 48
378061 0 64
97569 0 21
595786 0 5
627753 0 70
58231 0 56
872001 0 13
496732 0 42
309675 0 5
722001 0 7
352231 0 158
720881 0 60
9250 0 7
316251 0 53
724504 0 52
198991 0 34
692825 0 242
648117 0 18
68319 0 18
616305 0 8
644321 0 6
511193 0 77
494009 0 80
369447 0 6
57927 0 199
687273 0 42
132333 0 77
227276 0 251
527825 0 10
515971 0 81
474845 0 88
740921 0 46
612413 0 14
914443 0 80
40908 0 21
579825 0 21
10755 0 65
644302 0 68
255041 0 107
830242 0 60
276597 0 29
577881 0 25
245217 0 89
791261 0 2
808479 0 8
198441 0 19
837185 0 63
247529 0 8
414228 0 154
607477 0 35
986067 0 8
667529 0 30
741385 0 177
713561 0 20
653111 0 72
853981 0 5
687211 0 56
654550 0 2
489955 0 40
846614 0 24
206914 0 36
143440 0 28
198041 0 56
286893 0 17
468820 0 31
209861 0 25
953683 0 29
974975 0 49
969513 0 38
869377 0 7
423526 0 13
617107 0 9
845981 0 55
639783 0 33
93050 0 131
934205 0 1
750363 0 144
627681 0 40
299851 0 19
401521 0 45
864131 0 42
346321 0 13
563807 0 68
872001 0 4
35633 0 25
348781 0 26
608301 0 24
864825 0 100
125784 0 12
720855 0 122
896961 0 3
138029 0 24
245646 0 19
284801 0 18
786374 0 145
129717 0 13
653471 0 101
747905 0 11
768167 0 17
571321 0 7
475995 0 22
372157 0 158
246118 0 31
613719 0 152
529905 0 6
534916 0 2
400791 0 73
75241 0 7
172362 0 34
915751 0 3
939777 0 41
892423 0 5
629417 0 21
133914 0 25
656039 0 20
14059 0 26
516047 0 19
109876 0 44
844481 0 14
692209 0 12
48791 0 1
690046 0 33
526601 0 41
907057 0 195
378265 0 16
9701 0 2814
740461 0 14
244511 0 27
990428 0 81
368001 0 50
469943 0 4
637343 0 381
463825 0 29
440129 0 15
563911 0 27
442702 0 205
984165 0 196
519565 0 46
254479 0 27
398646 0 20
265039 0 4
855233 0 1
282042 0 7
57511 0 22
722107 0 32
777721 0 8
303879 0 37
534323 0 37
714124 0 12
597459 0 48
642269 0 18
456393 0 60
448876 0 56
363581 0 77
156643 0 14
528085 0 25
919848 0 7
783971 0 10
924563 0 4
421964 0 13
767586 0 14
698461 0 158
896613 0 5
596839 0 130
218801 0 73
801437 0 69
129811 0 8
878233 0 14
330821 0 108
384135 0 5
728457 0 27
718539 0 38
309138 0 3
576401 0 14
873346 0 119
814807 0 29
119174 0 8
95265 0 217
364883 0 47
164385 0 127
42607 0 35
891967 0 7
783400 0 62
1000 3000
642788 0 156
56991 0 346
800282 0 481
129231 0 66
344871 0 32
152919 0 16
532933 0 44
385759 0 1
75827 0 27
869889 0 37
311603 0 43
572909 0 63
635299 0 34
240278 0 27
122322 0 48
278371 0 26
504069 0 19
912426 0 254
526541 0 28
680384 0 149
534665 0 18
461973 0 44
523041 0 18
403617 0 23
930401 0 6
946491 0 108
17471 0 70
102681 0 40
514557 0 26
362033 0 120
985065 0 22
127997 0 84
61151 0 38
609076 0 64
678901 0 24
271131 0 53
332209 0 28
697351 0 2
186235 0 22
524375 0 14
877593 0 77
197937 0 23
473381 0 70
771041 0 91
646105 0 21
926081 0 21
144390 0 37
927021 0 16
787269 0 17
727079 0 44
67829 0 118
514937 0 79
177769 0 11
655945 0 64
302017 0 11
931965 0 47
408429 0 16
333385 0 13
753041 0 7
770049 0 365
108153 0 14
484713 0 7
317761 0 18
466692 0 91
849085 0 25
631077 0 219
117293 0 41
448735 0 28
738429 0 7
181669 0 104
111321 0 26
927144 0 3
419526 0 2
130631 0 67
876881 0 24
107505 0 34
786334 0 85
717759 0 42
416561 0 22
713733 0 25
921666 0 1
837317 0 34
840073 0 31
822071 0 23
78469 0 8
135851 0 16
78209 0 23
749651 0 28
602087 0 81
422401 0 172
255297 0 56
759841 0 43
743684 0 125
115073 0 11
769041 0 21
218339 0 2
546645 0 188
219117 0 96
269345 0 36
764595 0 28
211251 0 5
391367 0 17
803999 0 172
693971 0 9
96821 0 167
407984 0 19
529231 0 96
336295 0 44
737416 0 32
569349 0 110
693711 0 175
685605 0 47
396078 0 17
486997 0 158
188907 0 118
981470 0 5
379796 0 24
692761 0 82
847025 0 21
871001 0 3
195881 0 19
960721 0 119
672866 0 23
289099 0 30
539881 0 24
683345 0 8
917171 0 42
860721 0 12
99285 0 22
606481 0 26
903785 0 50
990021 0 28
562521 0 57
633902 0 23
998361 0 8
118561 0 5
714691 0 32
520945 0 3
819308 0 16
542209 0 29
987821 0 9
746763 0 15
728696 0 156
635249 0 1
160049 0 40
314731 0 26
944936 0 77
684561 0 35
775742 0 8
839402 0 9
459937 0 43
317761 0 25
651068 0 26
248521 0 22
159057 0 12
53677 0 42
882651 0 1354
25291 0 6
696165 0 79
784285 0 21
24918 0 29
12489 0 137
642571 0 2036
358153 0 60
859549 0 21
367087 0 12
580066 0 33
423399 0 89
647001 0 50
889542 0 101
740229 0 22
414927 0 23
230251 0 12
728493 0 24
126685 0 29
201382 0 29
209481 0 477
724305 0 7
993187 0 56
535943 0 25
740913 0 27
374212 0 40
640247 0 57
148321 0 17
42177 0 24
741926 0 69
788161 0 12
50513 0 24
585808 0 161
24017 0 8
854057 0 390
464838 0 22
488815 0 60
801363 0 21
915184 0 43
16139 0 62
485006 0 6
154841 0 148
845121 0 46
362933 0 64
227357 0 6
219649 0 184
172991 0 76
811338 0 134
467201 0 109
845681 0 60
115401 0 17
438183 0 22
888657 0 14
947511 0 1
142443 0 8
929102 0 6
427625 0 29
777541 0 29
694757 0 9
987808 0 68
980186 0 61
825390 0 75
465265 0 85
206647 0 113
315774 0 17
955533 0 39
682283 0 4
297701 0 18
445149 0 9
330761 0 5
369757 0 26
233633 0 39
178779 0 44
24635 0 13
987981 0 1
798846 0 27
50301 0 119
968125 0 25
131937 0 18
923489 0 12
660913 0 41
929441 0 28
315196 0 37
281681 0 12
66985 0 144
859303 0 29
398111 0 4
780817 0 4
566137 0 23
515141 0 188
147621 0 10
451089 0 923
615483 0 39
568921 0 21
374846 0 6
362645 0 31
635922 0 99
923976 0 23
651796 0 140
933231 0 30
918505 0 66
923171 0 37
804439 0 23
661571 0 45
758903 0 27
600278 0 38
287220 0 9
912626 0 8
944747 0 30
38596 0 29
908954 0 46
955703 0 30
891246 0 8
731773 0 12
15381 0 41
963983 0 262
283465 0 5
395351 0 229
252914 0 31
738206 0 38
812355 0 9
602881 0 80
112755 0 27
462948 0 100
889712 0 40
241791 0 32
6654 0 64
380481 0 46
777915 0 142
609926 0 28
712289 0 45
589005 0 100
409617 0 23
694045 0 44
60499 0 54
813061 0 14
718681 0 18
836281 0 322
622545 0 6
713291 0 227
742666 0 9
702053 0 1991
218881 0 43
699395 0 13
784417 0 22
238877 0 674
21017 0 67
851001 0 20
322500 0 25
779447 0 26
554671 0 41
516097 0 17
560289 0 8
16626 0 27
246051 0 567
33353 0 1
981235 0 75
608293 0 19
174586 0 99
988131 0 46
193169 0 129
90891 0 14
949921 0 40
800241 0 25
151795 0 1
428478 0 27
855845 0 29
88761 0 2
676291 0 5
374195 0 21
477981 0 112
531393 0 37
227255 0 41
383071 0 796
330559 0 3
271767 0 243
833149 0 31
940001 0 33
694113 0 7
823126 0 43
238635 0 44
501726 0 40
423881 0 184
925958 0 43
63280 0 23
726025 0 56
790785 0 511
249041 0 2
43475 0 33
429764 0 19
741075 0 33
240118 0 30
260805 0 11
758286 0 76
995478 0 15
412051 0 83
218521 0 19
884989 0 35
552144 0 41
637093 0 34
395915 0 1
375625 0 8
906009 0 47
240411 0 44
695345 0 34
29092 0 70
995022 0 15
883195 0 3
38547 0 41
734026 0 52
57806 0 52
835056 0 17
816551 0 48
709123 0 15
130551 0 14
544181 0 41
987617 0 78
12831 0 600
288572 0 13
661087 0 26
675443 0 10
431041 0 34
53585 0 31
892456 0 35
224093 0 69
25881 0 75
411913 0 40
94334 0 24
596651 0 80
226312 0 36
991195 0 47
145453 0 46
601969 0 53
350703 0 103
726281 0 7
245149 0 24
741337 0 32
416137 0 21
576229 0 78
448320 0 35
366956 0 67
838978 0 80
495897 0 32
315084 0 28
114549 0 25
759376 0 8
573213 0 30
361601 0 6
709771 0 1
610820 0 3
960633 0 43
792978 0 17
910329 0 80
991001 0 73
441859 0 43
902136 0 1
5060 0 29
674886 0 48
460891 0 1
685369 0 18
118701 0 10
540590 0 487
426615 0 180
662037 0 25
597982 0 38
944391 0 133
607311 0 69
47093 0 28
641917 0 379
318773 0 22
475333 0 25
962573 0 49
261621 0 7
228893 0 37
414005 0 36
362666 0 77
590689 0 39
524353 0 40
755394 0 313
77893 0 92
194365 0 59
687457 0 374
981573 0 33
618961 0 157
937501 0 7
228914 0 15
121537 0 175
649207 0 19
805903 0 28
373065 0 40
509501 0 31
644105 0 198
206812 0 190
297905 0 20
397629 0 50
627197 0 38
195201 0 17
503129 0 54
857965 0 76
341891 0 40
923979 0 6
72861 0 8
451947 0 29
529951 0 183
426353 0 34
841776 0 27
751617 0 15
810936 0 4
650449 0 3
965689 0 9
955841 0 16
939568 0 48
303621 0 43
313639 0 15
284621 0 76
638617 0 12
541153 0 8
520023 0 45
640499 0 1
548409 0 30
913312 0 44
460761 0 29
401538 0 8
311261 0 79
553031 0 23
69441 0 30
973411 0 24
132788 0 21
839785 0 11
800675 0 15
658435 0 4
769931 0 45
168187 0 25
838781 0 35
118951 0 31
66565 0 6
406826 0 37
482089 0 640
404457 0 7
102002 0 4
6523 0 35
976295 0 16
849206 0 31
285001 0 18
241887 0 39
23545 0 31
249313 0 73
509825 0 109
478541 0 15
565104 0 9
990415 0 27
294401 0 19
37198 0 50
700681 0 33
528219 0 8
621707 0 29
220462 0 31
832074 0 27
468033 0 46
257893 0 23
736619 0 41
361721 0 80
373883 0 26
605441 0 1114
134475 0 6
491337 0 20
45526 0 74
665661 0 14
890301 0 1
451222 0 51
207157 0 5
431851 0 39
844311 0 35
366901 0 9
472961 0 3
993359 0 73
380402 0 184
951409 0 1160
82171 0 5
138129 0 92
760353 0 16
397058 0 1
687801 0 16
120601 0 39
664321 0 13
360618 0 79
638615 0 55
222553 0 29
111451 0 29
363393 0 291
164579 0 31
732311 0 43
710836 0 51
187794 0 30
824905 0 10
314013 0 80
279028 0 42
437647 0 29
621569 0 31
252079 0 44
436136 0 32
76841 0 67
356689 0 592
217469 0 33
468855 0 35
615551 0 16
104001 0 66
438710 0 17
5590 0 73
966661 0 18
576561 0 19
38963 0 645
16921 0 33
899521 0 418
106581 0 112
637013 0 33
679307 0 45
582493 0 13
423496 0 3
248256 0 294
188289 0 62
317522 0 23
118261 0 9
907823 0 64
126505 0 110
945836 0 61
713355 0 2
533817 0 368
724806 0 15
601465 0 7
142130 0 41
689701 0 6
827131 0 33
179054 0 28
798061 0 6
749608 0 188
333216 0 32
147481 0 14
68535 0 115
718499 0 163
663755 0 9
171147 0 243
397715 0 45
247973 0 40
485866 0 53
61511 0 3
797678 0 23
294129 0 3
685431 0 43
6657 0 10
860771 0 21
634376 0 62
206029 0 86
585733 0 23
275988 0 40
643606 0 70
410663 0 24
153482 0 10
33044 0 106
486031 0 27
409371 0 16
240153 0 14
517993 0 33
290381 0 34
762649 0 17
847956 0 54
736541 0 30
550721 0 88
698252 0 144
541545 0 7
723888 0 28
320001 0 35
80609 0 9
783408 0 66
808881 0 105
925866 0 55
900473 0 8
251966 0 52
34769 0 60
978569 0 12
706551 0 38
937730 0 8
313027 0 92
984104 0 53
411530 0 36
286161 0 35
326258 0 41
193309 0 10
537881 0 26
151948 0 13
236002 0 79
893121 0 79
282579 0 237
638561 0 16
559269 0 83
367789 0 204
636257 0 10
747246 0 1
294147 0 56
17722 0 22
350031 0 36
262797 0 20
825801 0 270
288017 0 22
46821 0 10
516312 0 453
989557 0 12
41791 0 30
116309 0 1
860817 0 52
298042 0 133
677554 0 20
375002 0 25
209217 0 38
624425 0 25
600801 0 107
590300 0 37
685295 0 73
865313 0 48
390846 0 162
289121 0 40
598299 0 20
932819 0 19
715214 0 15
200006 0 34
9633 0 11
143387 0 33
524857 0 92
276416 0 33
630712 0 25
91689 0 5
330926 0 1742
839476 0 10
672201 0 1
595125 0 60
610754 0 20
499043 0 229
603033 0 10
133213 0 30
218503 0 35
59017 0 62
118966 0 123
303001 0 35
943957 0 2
917549 0 16
874332 0 866
722374 0 8
781596 0 25
890027 0 50
307127 0 22
97073 0 32
990810 0 2
817589 0 2
846435 0 35
225366 0 81
833122 0 147
43751 0 78
193531 0 39
559956 0 7
178061 0 43
56985 0 23
966013 0 49
793039 0 48
991941 0 45
628073 0 18
684637 0 76
702525 0 55
763105 0 38
172881 0 3
791951 0 17
408981 0 211
467961 0 14
846173 0 20
794835 0 13
230481 0 3
880745 0 8
62509 0 943
643736 0 651
911521 0 5
418221 0 49
924501 0 62
412361 0 68
607421 0 77
700593 0 32
656019 0 77
172625 0 58
195198 0 15
440041 0 10
893687 0 21
649422 0 3
199219 0 14
601309 0 42
295956 0 28
718881 0 32
368920 0 2440
126181 0 4
743179 0 36
65613 0 125
978241 0 32
352653 0 12
594113 0 14
739005 0 30
128139 0 36
306981 0 30
828133 0 45
613241 0 11
145345 0 12
68137 0 88
600594 0 25
855646 0 262
638219 0 96
337669 0 36
969401 0 3
636461 0 23
825653 0 4
987324 0 10
499913 0 52
605159 0 41
764277 0 7
592941 0 25
187889 0 6
124286 0 30
444746 0 226
728161 0 8
743321 0 180
74474 0 39
143979 0 165
483839 0 70
142373 0 14
924017 0 15
749773 0 32
881993 0 26
506113 0 22
393747 0 218
357806 0 203
199737 0 68
803174 0 73
815658 0 12
93771 0 248
272707 0 62
134488 0 8
656857 0 2
613965 0 32
538661 0 14
895588 0 32
247121 0 23
70785 0 13
606651 0 111
68767 0 2
739161 0 164
922286 0 8
77895 0 29
726591 0 24
127121 0 36
719886 0 7
212702 0 3
948345 0 137
833801 0 57
647162 0 10
600027 0 11
292651 0 46
789675 0 72
199097 0 43
159841 0 43
956331 0 9
814381 0 23
131883 0 11
516465 0 134
231185 0 27
806521 0 16
477191 0 51
846457 0 17
287366 0 21
692336 0 321
830843 0 2
87045 0 29
676791 0 9
934429 0 35
837077 0 51
980561 0 33
665796 0 12
978625 0 95
195371 0 22
586251 0 53
243391 0 147
374694 0 17
375579 0 10
764345 0 393
755876 0 141
101531 0 33
937867 0 11
751874 0 1
293561 0 14
796945 0 11
715907 0 38
85722 0 37
373647 0 10
444225 0 101
717641 0 36
625360 0 37
790305 0 27
929309 0 27
936147 0 51
694621 0 344
557331 0 8
882413 0 30
247641 0 27
744657 0 1
658798 0 5
952101 0 24
517341 0 6
548142 0 27
425575 0 25
339073 0 17
30170 0 11
390825 0 240
244015 0 48
383155 0 26
601293 0 92
411185 0 43
648151 0 44
625489 0 17
56658 0 44
59729 0 131
582593 0 16
519265 0 19
742901 0 44
627935 0 51
358001 0 21
162961 0 31
690923 0 58
610793 0 64
282011 0 123
645393 0 17
314779 0 119
991441 0 44
310761 0 1400
22489 0 16
107721 0 48
700786 0 54
970141 0 10
741799 0 4
374080 0 105
798291 0 229
291916 0 41
534720 0 12
456076 0 33
217968 0 8
352867 0 48
75149 0 23
147013 0 48
43815 0 2
229374 0 5
875501 0 8
120098 0 27
262305 0 22
841425 0 46
102805 0 43
622051 0 21
42651 0 48
972594 0 31
613441 0 40
396379 0 300
662527 0 2357
31426 0 56
136781 0 29
809611 0 14
744031 0 83
397401 0 22
906676 0 45
531981 0 219
907355 0 109
923931 0 33
967843 0 42
455865 0 896
170179 0 20
752369 0 56
3921 0 78
553509 0 20
630035 0 67
744137 0 82
495201 0 381
288097 0 42
680797 0 6
813451 0 55
551148 0 4
18406 0 30
203400 0 23
107571 0 2
143253 0 2
249525 0 22
664078 0 51
647481 0 25
726133 0 512
745787 0 7
917561 0 32
296955 0 28
312999 0 31
665737 0 19
921593 0 12
793225 0 23
498001 0 38
336273 0 41
327421 0 79
151736 0 321
762557 0 94
600925 0 33
586888 0 32
768641 0 25
602197 0 63
379881 0 15
84711 0 140
592151 0 70
822041 0 10
638666 0 164
794781 0 10
355352 0 18
532577 0 16
933475 0 18
319001 0 35
690163 0 29
14025 0 7
800103 0 5
85857 0 1
9789 0 124
993815 0 21
229825 0 9
659701 0 887
355243 0 48
95696 0 36
730713 0 31
198625 0 15
370881 0 13
235385 0 18
469504 0 26
489351 0 35
777341 0 46
982797 0 150
448348 0 29
51867 0 40
890687 0 44
621926 0 9
907032 0 9
887573 0 32
1000 3000
530121 0 91
952398 0 4
739809 0 13
432017 0 30
638415 0 7
659441 0 12
283296 0 41
113801 0 63
606945 0 54
812952 0 23
164544 0 2
500935 0 525
107141 0 18
689363 0 9
236961 0 96
791643 0 29
12133 0 32
210568 0 15
401616 0 44
311010 0 1
16513 0 78
3339 0 8
123051 0 30
71506 0 82
245841 0 27
987018 0 7
888151 0 58
397334 0 49
96949 0 19
870976 0 44
798951 0 32
527155 0 135
425766 0 25
380897 0 237
984593 0 8
196300 0 194
848617 0 20
567831 0 4
50713 0 7
295195 0 43
636241 0 325
862613 0 4
127841 0 46
441025 0 5
569099 0 90
251451 0 8
672926 0 1
421421 0 6
702551 0 37
475288 0 165
285881 0 13
866566 0 151
37979 0 15
40385 0 60
14780 0 60
234840 0 14
693401 0 15
556103 0 110
183821 0 33
222410 0 28
171341 0 78
942017 0 17
492075 0 84
563006 0 11
43741 0 24
902951 0 92
38101 0 205
409546 0 32
66885 0 24
745601 0 7
662049 0 1968
243090 0 27
90031 0 164
567236 0 86
511000 0 35
440321 0 85
88949 0 25
32435 0 8
774622 0 37
830316 0 21
930396 0 33
802796 0 185
788049 0 59
187581 0 26
20047 0 9
783457 0 31
402521 0 291
208112 0 12
910076 0 9
925938 0 16
529526 0 2
733992 0 18
786645 0 40
595017 0 35
522427 0 6
749961 0 12
782111 0 32
722732 0 9
542630 0 78
848993 0 33
437011 0 29
519233 0 19
363061 0 24
264281 0 31
624515 0 8
750924 0 753
772983 0 26
426181 0 40
801836 0 13
686791 0 221
893562 0 25
355329 0 16
309725 0 67
275377 0 30
559289 0 22
624351 0 862
173055 0 56
85129 0 8
657287 0 15
796831 0 15
75051 0 24
751189 0 7
941326 0 77
700771 0 16
429443 0 256
11713 0 73
244771 0 19
208812 0 7
89801 0 21
666262 0 37
475060 0 310
970061 0 51
716508 0 100
928705 0 121
186113 0 26
289505 0 203
699334 0 24
286993 0 16
413465 0 33
277581 0 48
312833 0 2
670721 0 39
764250 0 29
286495 0 32
861656 0 39
883085 0 14
942063 0 31
36461 0 9
681419 0 24
763631 0 24
159178 0 12
118025 0 137
138401 0 6
226977 0 7
350515 0 2
413728 0 19
485781 0 59
413801 0 15
917000 0 38
171355 0 30
688376 0 52
544192 0 7
93485 0 185
356508 0 24
311107 0 127
78217 0 49
100001 0 13
454072 0 8
858940 0 10
567753 0 66
993560 0 2
218518 0 2
422743 0 21
508301 0 52
569656 0 31
119886 0 8
816070 0 16
197611 0 59
854587 0 21
128961 0 25
472981 0 145
638901 0 26
513493 0 23
405306 0 10
939372 0 26
418619 0 1
762185 0 17
61387 0 48
377701 0 27
836547 0 25
773356 0 677
71925 0 62
842111 0 2
629713 0 21
326985 0 68
72961 0 51
88067 0 350
471725 0 112
884954 0 149
191129 0 12
699164 0 63
284691 0 76
302226 0 80
375162 0 3
669553 0 12
187250 0 10
999045 0 29
579657 0 42
155185 0 14
61353 0 153
417300 0 14
522147 0 464
519829 0 59
299521 0 311
310563 0 30
593886 0 17
989842 0 31
789766 0 498
789693 0 18
583060 0 113
557672 0 34
252370 0 26
405695 0 72
100028 0 35
992635 0 14
914881 0 23
777902 0 31
444306 0 391
681735 0 25
180725 0 96
685229 0 25
126721 0 11
913501 0 270
797275 0 20
194252 0 23
24125 0 27
269393 0 10
795757 0 1
278513 0 7
889901 0 19
322906 0 61
615464 0 13
137797 0 1
734601 0 27
648091 0 61
265117 0 28
865412 0 56
567331 0 15
13649 0 26
995587 0 5
786967 0 34
508078 0 19
426572 0 24
415349 0 6
59930 0 9
576617 0 77
456354 0 6
517890 0 87
623705 0 63
109046 0 28
882956 0 20
766643 0 16
674889 0 28
437061 0 15
437280 0 31
351031 0 36
716141 0 28
232785 0 307
951020 0 54
171141 0 20
55897 0 913
812255 0 416
460687 0 20
689601 0 27
842392 0 29
459326 0 26
174433 0 29
376299 0 53
664065 0 35
399446 0 43
226151 0 328
421593 0 76
231293 0 11
905025 0 30
806223 0 14
367657 0 18
117388 0 566
259703 0 33
135841 0 2
951666 0 40
588799 0 9
999883 0 8
171150 0 5
40631 0 25
222457 0 9
318881 0 26
630508 0 13
130921 0 16
313214 0 23
986996 0 69
998721 0 10
937009 0 91
105037 0 21
366895 0 3
183785 0 50
665837 0 14
349651 0 29
411744 0 32
209565 0 44
507177 0 15
165463 0 35
908706 0 26
881546 0 94
997395 0 51
295505 0 139
105681 0 80
505925 0 194
567016 0 16
52033 0 73
564513 0 64
83651 0 100
845113 0 123
573697 0 39
894845 0 20
569017 0 3
425501 0 7
322494 0 23
654401 0 20
552126 0 12
380993 0 33
103923 0 109
492725 0 3
821441 0 42
652993 0 14
683011 0 41
420008 0 13
743821 0 2
170597 0 108
174329 0 4
392771 0 683
765001 0 22
971061 0 45
985793 0 13
666613 0 15
391933 0 22
356016 0 11
889585 0 72
416938 0 43
953967 0 26
141410 0 7
86485 0 31
524223 0 14
733096 0 83
970476 0 24
611367 0 283
198746 0 27
486653 0 10
111618 0 48
503907 0 4
610401 0 34
298105 0 65
767358 0 58
847049 0 237
236033 0 15
845316 0 2
245312 0 29
924596 0 24
16605 0 65
675173 0 11
388490 0 117
480095 0 52
574641 0 19
473553 0 80
426212 0 19
49775 0 114
123131 0 12
569377 0 20
761024 0 9
176727 0 37
807117 0 87
438871 0 78
740851 0 160
31294 0 98
800407 0 18
221761 0 19
120345 0 51
80163 0 35
419191 0 269
995012 0 7
927909 0 20
702393 0 5
905631 0 158
435501 0 77
614291 0 4
20950 0 18
386042 0 28
742201 0 1
503387 0 3
83321 0 68
736101 0 16
466103 0 1846
833915 0 49
706437 0 22
80001 0 23
54195 0 240
728377 0 86
877961 0 65
442919 0 5
894348 0 113
660610 0 5
377841 0 41
41921 0 36
101562 0 11
899245 0 58
549329 0 16
118721 0 7
693649 0 5
220031 0 2
684001 0 22
518969 0 21
590225 0 117
992706 0 29
298929 0 46
229093 0 6
26457 0 18
625509 0 17
143587 0 36
616609 0 28
293519 0 269
838051 0 216
571271 0 38
878441 0 239
931301 0 35
851447 0 3
975698 0 2
119213 0 58
589991 0 26
332091 0 65
945601 0 28
282022 0 39
92709 0 17
499493 0 67
591921 0 36
236776 0 22
934775 0 40
287841 0 22
182625 0 59
832646 0 17
849433 0 21
784661 0 5
943799 0 14
868833 0 18
904345 0 16
529811 0 39
713321 0 15
167355 0 45
596641 0 16
482193 0 956
510401 0 192
732521 0 36
456251 0 1
269121 0 94
576521 0 35
923841 0 112
889301 0 40
447661 0 101
259545 0 32
525735 0 53
129481 0 33
415421 0 60
332974 0 81
138943 0 26
543353 0 15
125939 0 69
528993 0 11
664507 0 16
988662 0 17
512513 0 1
964229 0 1
556945 0 41
943506 0 2
703182 0 52
951894 0 49
435061 0 16
245941 0 3
201569 0 120
34650 0 8
363853 0 8
271765 0 11
316481 0 88
551385 0 60
998771 0 55
820189 0 162
975601 0 86
299425 0 20
552733 0 21
577441 0 146
780663 0 3
764049 0 34
954241 0 12
3566 0 525
396646 0 36
191116 0 18
197529 0 125
974982 0 161
156060 0 27
658497 0 186
43930 0 34
109909 0 30
577911 0 36
186311 0 45
12960 0 5
798513 0 146
666281 0 25
738880 0 439
530366 0 127
861375 0 10
742976 0 1
936631 0 1336
132541 0 66
182587 0 9
862486 0 15
499275 0 128
253901 0 8
549411 0 88
64159 0 18
592079 0 166
156529 0 136
693617 0 37
572701 0 16
917261 0 304
956241 0 107
726125 0 19
802441 0 57
819627 0 24
15539 0 24
926361 0 8
917821 0 125
492148 0 133
379944 0 64
366628 0 6
284081 0 37
554901 0 38
651508 0 5
481363 0 35
860703 0 194
861291 0 22
189713 0 13
138161 0 18
610833 0 20
43663 0 671
193033 0 33
975411 0 4
146241 0 47
78399 0 47
542001 0 38
935361 0 12
407335 0 9
511732 0 16
386180 0 176
351477 0 68
898385 0 21
506149 0 344
237411 0 49
310170 0 10
991701 0 170
743597 0 350
421658 0 25
27330 0 25
233889 0 28
339229 0 68
23526 0 51
110331 0 56
132147 0 64
177485 0 192
717378 0 327
892415 0 13
14845 0 36
93383 0 103
951673 0 53
289531 0 2
440546 0 18
248506 0 3
945420 0 16
469009 0 82
743121 0 49
552891 0 21
709313 0 13
361381 0 30
648803 0 28
925146 0 1
976695 0 131
7776 0 22
417090 0 32
978478 0 28
286206 0 193
743241 0 118
980392 0 15
46001 0 23
509321 0 33
197501 0 43
906661 0 40
7536 0 28
592961 0 13
202125 0 14
987961 0 72
129451 0 15
469213 0 18
427817 0 39
763947 0 4
489675 0 52
134449 0 30
743453 0 140
133648 0 56
851341 0 17
564613 0 16
367651 0 186
98163 0 30
152005 0 21
458736 0 14
636049 0 6
157585 0 26
993417 0 6
174769 0 13
360176 0 72
594033 0 194
406788 0 21
233481 0 6
245111 0 27
624161 0 48
247465 0 22
672067 0 104
871235 0 7
826492 0 98
99376 0 25
166629 0 458
143841 0 26
947127 0 18
55475 0 65
581167 0 47
151571 0 34
123311 0 51
217325 0 34
869109 0 42
530589 0 93
219162 0 69
387181 0 214
613451 0 41
794285 0 22
587153 0 11
685716 0 1
670358 0 9
44682 0 12
220596 0 13
369667 0 18
196481 0 98
751485 0 54
75537 0 11
680281 0 176
423101 0 12
623549 0 10
363266 0 1
33513 0 115
974711 0 1
205551 0 151
893957 0 29
910603 0 45
582331 0 81
321499 0 1051
861897 0 3
782977 0 24
875186 0 26
199105 0 23
181330 0 87
69913 0 14
993785 0 15
880298 0 101
341271 0 15
713865 0 30
323557 0 73
538006 0 299
517817 0 14
317458 0 24
634851 0 97
654379 0 4
399883 0 10
20711 0 37
78382 0 27
427880 0 45
139074 0 8
794235 0 5
224883 0 44
604276 0 24
120685 0 27
888401 0 24
664599 0 56
68188 0 45
942242 0 135
915015 0 30
745721 0 7
543767 0 47
730993 0 65
534401 0 35
642775 0 45
497509 0 39
880516 0 17
760541 0 1
531521 0 10
177001 0 26
45178 0 30
843807 0 23
847761 0 68
685720 0 5
11615 0 45
805351 0 16
50972 0 39
987049 0 304
600571 0 62
120829 0 30
56262 0 19
529537 0 25
668291 0 4
338569 0 13
242256 0 17
376001 0 13
68463 0 28
203457 0 41
797475 0 25
13961 0 29
655937 0 4
44601 0 37
837326 0 8
363499 0 94
211073 0 18
477791 0 10
437321 0 143
80741 0 280
563467 0 18
870953 0 24
836889 0 19
806801 0 450
22081 0 21
632449 0 35
583811 0 15
838793 0 27
505197 0 54
79889 0 33
411916 0 94
257766 0 412
975269 0 61
922689 0 135
298163 0 31
96401 0 27
129631 0 7
530730 0 239
706157 0 23
505884 0 266
926465 0 1165
416641 0 40
571529 0 15
76986 0 368
987652 0 853
996605 0 73
883326 0 15
681146 0 60
11049 0 16
550900 0 20
950659 0 19
559269 0 6
678076 0 34
415812 0 2
791554 0 2
407723 0 19
278265 0 7
655807 0 53
484165 0 22
336418 0 242
368649 0 24
53085 0 5
969062 0 39
537417 0 5
592055 0 51
147457 0 4
39668 0 7
570989 0 107
297741 0 24
557607 0 19
713819 0 23
828291 0 27
860102 0 16
405001 0 14
607547 0 139
36385 0 21
659835 0 6
303491 0 24
436033 0 41
232849 0 6
587677 0 166
648606 0 86
919383 0 765
236921 0 3
576989 0 34
190101 0 22
720047 0 15
695639 0 25
17097 0 1
211769 0 164
609601 0 129
660817 0 24
695781 0 237
387129 0 67
940657 0 19
52101 0 64
727756 0 30
738533 0 85
201758 0 6
157711 0 44
928101 0 35
163417 0 70
478005 0 20
997593 0 61
314355 0 110
70129 0 41
67353 0 24
188269 0 48
592345 0 69
22119 0 41
930397 0 38
561058 0 6
595567 0 25
537277 0 188
140569 0 64
134710 0 30
255550 0 257
521715 0 24
454469 0 10
51187 0 552
930229 0 62
552246 0 48
226341 0 22
956121 0 47
305001 0 76
89981 0 12
621661 0 27
848111 0 4
928001 0 95
894649 0 28
750636 0 26
466881 0 16
793376 0 31
92941 0 40
899326 0 13
670904 0 39
325355 0 33
685940 0 1
794613 0 1
176745 0 15
470761 0 2
545401 0 36
862819 0 79
109953 0 149
960308 0 41
146431 0 39
188721 0 12
377917 0 70
628976 0 27
62457 0 97
194749 0 25
514869 0 32
940649 0 26
849067 0 28
197352 0 43
671289 0 8
792682 0 50
436239 0 27
608284 0 45
772717 0 30
200339 0 115
701687 0 13
708881 0 31
669681 0 32
760971 0 1
90191 0 14
828043 0 20
101473 0 251
138294 0 76
843441 0 22
104322 0 155
884261 0 50
442281 0 94
684425 0 37
109301 0 254
895857 0 6
413869 0 52
559201 0 6
238776 0 43
703629 0 43
157857 0 13
857897 0 23
990115 0 1
527801 0 346
482821 0 17
202861 0 34
497841 0 5
204742 0 16
803882 0 66
26241 0 30
794988 0 39
975305 0 14
4049 0 2
291137 0 24
755651 0 277
967145 0 14
952541 0 31
401399 0 3
24571 0 4
432069 0 19
481921 0 463
745887 0 16
736265 0 68
551721 0 33
815857 0 89
676703 0 393
552539 0 40
991419 0 7
442289 0 14
403307 0 65
76797 0 1
3486 0 47
643565 0 9
470420 0 43
122833 0 19
808682 0 24
537281 0 252
751216 0 89
613627 0 36
471073 0 30
377217 0 19
242689 0 7
584979 0 13
297768 0 55
991637 0 44
45222 0 37
56737 0 10
565146 0 436
241825 0 35
644203 0 6
353601 0 10
292881 0 18
434547 0 8
29889 0 80
319601 0 13
135601 0 5
501286 0 11
204540 0 1352
197401 0 98
106549 0 22
756153 0 25
317761 0 59
158545 0 62
376627 0 101
403015 0 10
862458 0 27
452608 0 31
135997 0 49
814127 0 27
699910 0 8
812776 0 2
817145 0 273
733371 0 8
321791 0 544
134968 0 16
559925 0 22
903319 0 3
483771 0 16
914051 0 3
342241 0 31
316861 0 258
617981 0 52
426765 0 16
791225 0 14
707911 0 16
256161 0 50
774313 0 37
965505 0 47
811228 0 7
10197 0 46
55316 0 7
63351 0 18
373979 0 14
817337 0 6
296351 0 89
827915 0 67
231401 0 15
757149 0 9
776609 0 39
838981 0 28
637791 0 71
467701 0 46
157529 0 35
1000 3000
738895 0 143
357319 0 19
969077 0 27
605601 0 66
184649 0 27
372617 0 20
641180 0 37
302611 0 16
543961 0 13
367856 0 20
495001 0 52
641321 0 14
167685 0 7
191172 0 3
402625 0 29
114202 0 5
584181 0 22
302806 0 38
229536 0 29
471051 0 29
647829 0 15
875329 0 27
441249 0 10
553086 0 8
557857 0 31
189060 0 30
267404 0 33
60342 0 6
36937 0 20
353901 0 44
378194 0 39
626425 0 13
304476 0 33
832983 0 17
748580 0 457
732625 0 153
643793 0 120
52113 0 17
130257 0 7
434440 0 139
925491 0 65
14349 0 10
157553 0 40
268967 0 32
405499 0 78
334241 0 125
327035 0 27
165187 0 30
412501 0 40
495799 0 1
304493 0 52
591296 0 82
132471 0 48
130001 0 3
162433 0 791
142915 0 29
527169 0 70
286652 0 110
452233 0 281
121386 0 37
576176 0 1
998567 0 150
702541 0 413
360681 0 43
200721 0 107
628619 0 108
939949 0 48
665257 0 93
691747 0 178
235846 0 42
24225 0 8
430540 0 2955
73153 0 19
801651 0 100
25436 0 46
481345 0 45
727033 0 11
620163 0 763
816206 0 48
217601 0 43
48169 0 38
972343 0 23
207074 0 1
703489 0 86
59065 0 27
804029 0 27
309973 0 5
755335 0 36
890257 0 33
557367 0 122
518505 0 23
117809 0 18
843436 0 60
309953 0 77
648896 0 12
839486 0 7
655725 0 17
469021 0 27
305026 0 122
159117 0 34
646379 0 27
387481 0 1
979293 0 26
475623 0 18
3109 0 33
923352 0 988
975490 0 25
892920 0 47
909279 0 14
921509 0 19
831066 0 7
93728 0 17
772576 0 152
432545 0 4
314237 0 357
774273 0 29
954113 0 177
731876 0 18
126301 0 49
940011 0 8
159876 0 5
345906 0 38
488810 0 38
643831 0 53
298169 0 20
428655 0 41
428575 0 49
717132 0 2229
50215 0 106
156349 0 229
677769 0 48
767569 0 143
836248 0 57
840651 0 10
608485 0 18
345203 0 116
929356 0 77
472905 0 12
86219 0 68
745697 0 30
572991 0 15
75997 0 80
541066 0 96
864559 0 28
175446 0 22
7746 0 56
778147 0 77
471331 0 226
407799 0 1
459601 0 44
753026 0 12
566325 0 35
402636 0 436
309927 0 26
865865 0 7
216065 0 83
73441 0 25
788297 0 45
286773 0 20
968688 0 20
391744 0 19
343201 0 41
640835 0 6
434633 0 19
725656 0 58
551098 0 29
154496 0 17
654917 0 297
222201 0 31
423089 0 27
688861 0 23
961462 0 11
569691 0 26
308269 0 62
217440 0 20
39347 0 39
362733 0 28
15501 0 29
950241 0 40
303455 0 38
568913 0 24
242340 0 40
766305 0 14
282609 0 40
857121 0 72
343749 0 101
484247 0 96
975591 0 27
329501 0 17
158855 0 150
909821 0 16
355541 0 47
720941 0 27
172741 0 4
653979 0 27
994407 0 214
11937 0 25
485581 0 69
857546 0 3
243161 0 41
664967 0 1
652198 0 31
561701 0 26
719266 0 22
903543 0 172
953925 0 369
116677 0 127
972885 0 61
140687 0 50
463501 0 220
204053 0 24
775410 0 36
150629 0 45
664031 0 47
307094 0 125
753116 0 36
214601 0 68
366397 0 26
365575 0 29
670229 0 320
351901 0 30
970521 0 16
772477 0 343
104505 0 16
339105 0 29
80624 0 165
831186 0 39
392697 0 94
181091 0 195
330402 0 29
601441 0 695
783256 0 14
458985 0 43
984910 0 41
569591 0 50
765432 0 8
546626 0 210
33276 0 69
777697 0 24
451031 0 149
762771 0 15
687207 0 104
954591 0 64
531499 0 100
986777 0 35
164499 0 36
463751 0 2
524881 0 14
517599 0 58
796659 0 11
419126 0 18
219154 0 7
490355 0 205
620473 0 27
267801 0 27
936785 0 21
364607 0 97
826241 0 18
923137 0 4
190482 0 62
318841 0 32
123845 0 6
753289 0 6
139254 0 50
797681 0 5
813343 0 1757
555501 0 8
212417 0 24
308537 0 2379
149029 0 186
255947 0 99
271635 0 56
251251 0 3
4916 0 40
552541 0 32
352162 0 28
969361 0 14
257164 0 37
94209 0 7
40036 0 12
143281 0 1
69111 0 31
242925 0 666
314849 0 49
817951 0 11
580781 0 8
702109 0 19
790293 0 17
191617 0 344
809257 0 26
779078 0 33
539773 0 24
785008 0 14
113881 0 10
172821 0 145
435141 0 31
686315 0 49
688201 0 17
658201 0 29
202413 0 41
779051 0 14
204233 0 99
251975 0 27
348239 0 22
954070 0 94
347143 0 3
684574 0 15
4601 0 48
787939 0 15
191323 0 15
12897 0 2
751961 0 20
574591 0 11
445501 0 3
878353 0 14
990155 0 93
696126 0 1
39213 0 24
671936 0 7
352935 0 26
177941 0 43
453513 0 191
719361 0 30
292715 0 17
310971 0 291
770001 0 19
621911 0 14
754494 0 15
523201 0 19
90796 0 19
512753 0 48
889773 0 107
98097 0 78
587201 0 18
783197 0 1
386383 0 256
655761 0 685
886286 0 4
477292 0 71
790083 0 79
614045 0 7
360963 0 172
176462 0 22
361356 0 37
44682 0 218
526854 0 12
456701 0 1
383103 0 32
103873 0 36
468315 0 20
528651 0 5
237909 0 85
762497 0 29
979288 0 10
458098 0 2
421769 0 43
516259 0 22
107641 0 31
946571 0 6
215769 0 13
215005 0 27
402444 0 39
312601 0 220
288493 0 63
978749 0 27
410513 0 8
385151 0 4
339017 0 13
354631 0 7
372335 0 338
957433 0 33
923961 0 56
109581 0 7
523100 0 214
246561 0 53
229412 0 23
222445 0 17
983737 0 54
711578 0 171
540243 0 11
668744 0 45
330170 0 21
10284 0 73
705921 0 344
901315 0 31
432476 0 33
852001 0 774
864193 0 62
9321 0 22
113845 0 61
768221 0 105
296086 0 33
297628 0 10
393426 0 49
47305 0 53
746236 0 386
458381 0 54
636079 0 11
566177 0 26
780081 0 38
203977 0 9
728190 0 42
428043 0 29
265861 0 10
812314 0 6
23283 0 39
127519 0 110
760667 0 63
91749 0 1
630911 0 20
85497 0 51
174285 0 51
779951 0 12
426743 0 12
916576 0 45
825753 0 47
686087 0 27
365566 0 110
441284 0 25
698230 0 45
116869 0 26
449717 0 50
746169 0 878
759537 0 64
794441 0 34
343089 0 52
679910 0 1276
787417 0 37
776645 0 84
446052 0 8
582019 0 72
57561 0 75
242707 0 31
741141 0 38
481269 0 26
532801 0 86
131762 0 35
652341 0 102
635829 0 18
660465 0 26
316393 0 995
263566 0 18
871835 0 136
182212 0 31
430765 0 41
275341 0 159
638545 0 44
304617 0 239
838772 0 151
902785 0 62
176962 0 25
437285 0 51
841369 0 57
790403 0 20
670605 0 13
562791 0 28
698965 0 9
291471 0 1
127633 0 37
669577 0 22
494428 0 26
962037 0 20
571016 0 32
678677 0 50
24561 0 48
915041 0 27
208010 0 83
297349 0 19
6832 0 24
644108 0 90
667361 0 3
538801 0 79
71843 0 49
180433 0 38
219501 0 88
359523 0 688
697115 0 4
87489 0 13
290348 0 69
94001 0 28
373677 0 45
566776 0 4
493149 0 5
924745 0 28
394529 0 84
138149 0 83
384311 0 12
512842 0 117
316385 0 37
415614 0 29
348267 0 33
915375 0 13
204306 0 17
6761 0 36
555091 0 71
521403 0 32
853605 0 17
181749 0 30
524022 0 138
959745 0 94
74753 0 41
363097 0 20
263271 0 169
844589 0 143
937101 0 7
203344 0 36
143379 0 34
806997 0 25
929813 0 46
471377 0 77
900289 0 24
145723 0 48
772201 0 36
889361 0 38
615927 0 34
723096 0 35
281361 0 34
981677 0 2620
696783 0 26
658090 0 26
748635 0 99
52163 0 101
189894 0 15
417071 0 38
185869 0 190
856217 0 55
878788 0 101
795797 0 29
680905 0 18
800043 0 103
477996 0 30
243953 0 310
573633 0 17
339791 0 5
52558 0 6
410475 0 12
929793 0 16
269377 0 257
179705 0 9
145278 0 37
825677 0 11
378963 0 64
978678 0 68
148950 0 24
350196 0 89
210284 0 775
199683 0 29
860013 0 19
815355 0 45
624668 0 36
498000 0 57
235077 0 28
775413 0 25
293077 0 34
34719 0 46
49301 0 14
975070 0 53
137961 0 73
405389 0 166
12001 0 2
499631 0 14
661427 0 8
626866 0 51
143222 0 95
33133 0 1
644481 0 24
841384 0 2
480561 0 1
176897 0 217
230721 0 27
770001 0 3
580883 0 224
511383 0 51
330437 0 37
33281 0 16
570341 0 36
513522 0 6
251201 0 30
427995 0 10
606941 0 8
145325 0 872
734959 0 23
617253 0 2
657777 0 368
824257 0 14
865461 0 15
18349 0 140
110951 0 132
267397 0 66
903761 0 2
864453 0 22
889641 0 370
502717 0 71
310833 0 108
772677 0 31
511481 0 57
455304 0 44
969777 0 40
529409 0 29
309681 0 41
987007 0 19
380881 0 78
688370 0 12
856193 0 34
300545 0 35
658973 0 20
78691 0 152
558069 0 26
604005 0 188
695428 0 18
920550 0 32
134532 0 13
302873 0 33
425531 0 7
782596 0 38
409719 0 73
142359 0 11
277393 0 151
549436 0 1
799053 0 46
820784 0 73
454282 0 25
399163 0 37
516269 0 222
585996 0 184
324417 0 59
200376 0 478
406586 0 6
911701 0 1363
747813 0 55
345927 0 58
148481 0 44
238201 0 9
472257 0 210
316471 0 28
19777 0 20
309127 0 32
963873 0 11
807511 0 42
230862 0 42
958528 0 74
198721 0 2
516136 0 29
242679 0 34
75951 0 21
488566 0 228
618847 0 20
796525 0 2
456198 0 80
541571 0 46
711452 0 5
94421 0 23
419298 0 39
725012 0 170
729063 0 188
626441 0 21
517507 0 5
520111 0 6
886831 0 58
910504 0 104
9604 0 4
936453 0 24
803126 0 150
878291 0 2
226796 0 33
347054 0 101
376305 0 2
361597 0 157
10903 0 7
462258 0 44
595065 0 58
532461 0 27
219697 0 36
844909 0 31
438242 0 41
183045 0 3
601089 0 30
580626 0 10
272044 0 14
35735 0 13
283674 0 58
346783 0 3
462681 0 2
450075 0 15
232499 0 41
325671 0 36
458181 0 18
772716 0 8
374097 0 26
26201 0 28
212721 0 5
141761 0 33
688665 0 68
236531 0 9
738562 0 48
515064 0 14
651805 0 161
244045 0 32
32013 0 68
28820 0 9
354356 0 46
891084 0 22
929251 0 32
720337 0 17
936161 0 5
949425 0 60
580547 0 35
960683 0 53
353141 0 20
223109 0 57
780801 0 71
636379 0 33
602369 0 5
564041 0 22
269501 0 13
662811 0 17
343273 0 30
130349 0 120
7862 0 49
192601 0 24
490017 0 38
586568 0 3
826361 0 100
599673 0 30
98325 0 10
680911 0 13
619242 0 15
345809 0 9
45201 0 21
93187 0 36
748681 0 24
673761 0 14
270273 0 22
233336 0 32
425908 0 90
70096 0 15
921818 0 116
245751 0 45
440841 0 31
455757 0 40
994185 0 123
944546 0 2
65609 0 20
711833 0 472
616961 0 6
671809 0 18
19971 0 211
676416 0 11
854177 0 65
224360 0 10
698801 0 92
679761 0 14
303139 0 37
930833 0 10
339173 0 14
316617 0 283
696121 0 7
149319 0 20
314651 0 138
175261 0 33
464389 0 32
237419 0 3
650992 0 6
861716 0 39
296917 0 33
600277 0 4
231312 0 19
722570 0 12
442491 0 7
365238 0 1
157699 0 12
566511 0 28
396311 0 201
207926 0 36
63519 0 128
183925 0 1432
950021 0 20
791328 0 36
429121 0 263
571505 0 110
659329 0 29
454699 0 41
237085 0 247
340915 0 163
733605 0 218
785286 0 33
763917 0 2
64737 0 16
770535 0 12
210522 0 30
351516 0 19
49057 0 6
990309 0 4
656597 0 92
705835 0 144
955337 0 50
802249 0 91
500670 0 1591
392449 0 33
59247 0 20
635304 0 13
878151 0 166
967041 0 33
661863 0 44
598377 0 13
852905 0 32
394221 0 183
244835 0 26
715723 0 707
538901 0 17
888861 0 111
879379 0 29
456897 0 4
871869 0 16
264839 0 270
875665 0 113
314241 0 13
844778 0 50
810029 0 51
499026 0 29
825731 0 247
608995 0 587
675097 0 17
793961 0 17
757181 0 75
681296 0 9
992405 0 43
152573 0 80
529973 0 29
386409 0 13
577721 0 104
775863 0 351
375877 0 62
132214 0 1
12737 0 138
969201 0 101
980291 0 53
94644 0 877
990717 0 34
101701 0 3
637036 0 33
618713 0 32
177041 0 3
440186 0 29
997409 0 28
4151 0 31
832332 0 63
637473 0 4
724021 0 46
279432 0 15
267309 0 205
26807 0 45
338261 0 133
411570 0 136
843941 0 1
569413 0 57
231941 0 33
16101 0 32
714629 0 23
533691 0 15
118513 0 14
299998 0 9
619791 0 6
513722 0 4
277033 0 207
30891 0 1
584601 0 29
451321 0 4
380729 0 21
78945 0 20
765409 0 33
613342 0 21
570251 0 13
821521 0 54
321939 0 30
292103 0 44
989554 0 15
237593 0 4
629351 0 39
348627 0 17
383769 0 539
187944 0 39
592481 0 12
199367 0 64
437695 0 81
601335 0 14
710605 0 8
854948 0 2
189881 0 45
666408 0 211
603371 0 13
620177 0 295
120801 0 88
74951 0 41
187921 0 7
680339 0 26
627021 0 36
98237 0 40
683536 0 5
844225 0 23
437421 0 39
90191 0 26
964901 0 31
682176 0 14
769904 0 1
243688 0 33
280493 0 4
794960 0 2
108336 0 5
180540 0 18
93789 0 31
690696 0 36
587993 0 5
767215 0 40
109098 0 14
591281 0 34
95775 0 42
442805 0 19
202065 0 38
127369 0 59
99110 0 117
881531 0 18
361683 0 9
56318 0 28
90241 0 41
898451 0 10
688327 0 54
754065 0 12
725495 0 7
201069 0 1
745097 0 27
971201 0 105
780716 0 199
188967 0 46
615313 0 20
314191 0 149
799413 0 116
662125 0 10
217258 0 490
808012 0 11
176701 0 16
645782 0 21
136026 0 79
305633 0 4
888075 0 93
640865 0 12
614337 0 40
591107 0 21
301799 0 48
181013 0 20
960526 0 27
116966 0 476
791036 0 28
357547 0 23
587990 0 4
949111 0 16
964748 0 152
472263 0 33
215273 0 4
142528 0 2
883670 0 90
744753 0 32
158979 0 41
449745 0 32
582867 0 45
529339 0 34
181673 0 20
620209 0 1
16739 0 18
952325 0 52
609621 0 3
412261 0 744
900691 0 20
495833 0 39
949697 0 74
307585 0 16
127141 0 235
572129 0 27
254553 0 27
76673 0 50
644913 0 6
913317 0 52
301263 0 141
643069 0 92
348057 0 11
278295 0 33
381693 0 807
626485 0 936
996369 0 28
967673 0 232
190491 0 19
11953 0 387
169767 0 23
801316 0 8
889705 0 84
38913 0 29
770491 0 22
251325 0 17
944384 0 39
779841 0 5
