1000
595389444 692470
424798881 288162168
461901905 63721259
526763419 325243078
960313706 835408525
476178687 151932619
610934120 208024163
498269419 430890650
590794721 171428891
604775299 246009952
741313372 503109513
394433213 285150409
676556391 188190733
750977061 168271194
831182100 521616301
325038871 10879462
574309940 519685577
760649306 257137339
424856502 76246511
536187045 244918578
995076596 480791353
848452122 571857747
838979408 343420230
303619194 79468274
915832042 561638591
689658872 180471726
832891733 602527820
681579638 128327914
820678052 708722115
190223511 176290225
827123298 393109312
657006771 256704402
972274521 31684483
339439631 5402244
783193237 410838385
839139811 359869346
622807833 618481453
358672069 315464837
384469219 161097919
671293055 299563838
700381570 687777995
968189114 920393576
399655352 57410946
549220116 69468130
942234889 135886517
893057362 217466995
856194395 688196214
561964426 264133829
750545583 183926097
864865911 455270055
916819755 550226833
397359973 393671458
379276552 20046759
957970212 551989904
833729559 248665190
572269435 428982023
525408049 137098809
632263906 290612002
597145563 418756644
759510918 678557691
475415405 347095992
824829038 182773942
826525167 140188198
424154596 282706658
896748718 185982617
397469974 364630296
904297480 817739466
798475111 699992899
570221683 384906782
467926117 371017876
432535958 315632580
551588166 343457195
809269290 298120712
399094383 28033883
814005702 58946273
557396560 241540870
734894218 531518861
856328846 120046808
956274875 329740662
383466809 51432595
182363430 125088427
981992319 335758731
698969103 183630467
698232994 693017027
343388385 172484451
918027481 916274335
993118864 40358230
936020321 904594656
874317037 769798693
562583204 253348906
647309419 308481542
768571423 294668060
952408088 147717843
829248278 669842066
692878479 269808812
710424068 644815370
855785915 208123061
459296826 426732891
290666445 188194826
655909488 111106712
930687234 620098232
702832346 63794316
537331429 533329489
431554870 219430626
944911978 162202792
919836000 829182526
908966468 259744540
866067530 251280948
380711604 374834733
909580465 725117049
539706148 401962514
574057600 225878515
811015000 121615017
888192366 525756748
813968474 196392891
921232514 634396858
432683857 240345166
694257906 148205745
717100164 523973468
498281089 105055517
592889788 126878891
344006060 125975733
545930187 429171150
855408545 792524414
957923085 118669876
991831291 273108761
235669995 173024906
827407410 642578381
508196393 432988039
801660564 675630966
383812560 315490538
929587547 315321839
770455449 288804017
562951633 170502402
502936614 34879051
925891208 456740980
499122883 358419429
753004358 613543738
806169376 8395013
849985823 55463249
604466743 455376546
804574001 521743912
933505518 794148986
577135162 292588562
890816197 136517813
418566988 193610506
989196495 516262614
757445760 282597675
833272424 340156491
728270103 206870932
889140944 53199746
941577835 26195153
756865575 678655004
592799348 528341065
658742855 124851943
124047284 85821294
711257869 324736224
853160508 422938883
285171560 260689557
729877872 475587049
475258979 339392930
534348897 354954294
564422376 517154778
639520283 568556414
827518523 576786780
698443344 549409869
551230575 295902643
697209389 312514810
247006092 91604132
933394728 167437531
307620146 132657823
909155338 7415839
971210968 4080092
368966494 89234211
454778311 271679747
779253640 188516278
758485156 323569983
886238088 784070984
765750570 395444963
470901084 103620084
540245088 416949083
771115016 642551599
304234547 77157632
603970751 431860479
765324601 675173068
590214424 84689802
642790533 383049702
483967803 87760748
699752274 667739780
207745150 200381971
804465260 91750175
380570273 65497277
794525226 721009798
982555693 233384139
936127450 172852522
934318240 408310074
600653016 483903703
421251756 5841487
457028620 220346454
631963256 577983664
803541048 262859712
750246858 25526792
480388325 184827730
694144200 15948068
941437824 348665799
948815069 625528197
858946680 387465799
905375223 500700543
878731151 75360839
699219658 595090378
247281491 86368389
607927954 376160800
997057600 959873909
665572887 185619505
804750801 415974280
558940042 189802421
847058845 449665084
553793711 230647291
706069210 71393199
876532093 129960490
460726461 237242125
552715601 494133221
890388474 692571302
524350732 403037473
436214038 81502890
530647409 13439541
676689060 142867601
520059192 33257502
656854010 184901850
767374641 450108113
655476099 499500735
732814951 606705044
975627000 927234112
847898627 498280508
880978359 744157804
591944720 266194395
890461480 186124788
921427971 617204690
922334565 237982373
472855171 47856111
666956561 140089605
804892098 230340448
742201297 701110170
573068319 123130053
586875229 277569541
638057550 438381084
829647659 163480563
449011698 262842725
739203921 155235710
814792535 268226221
372240324 251609202
666655456 13876582
849018838 3787840
851895687 371277318
348589163 206160229
796799911 230710074
444996349 385752827
728049700 187898395
552121845 227294500
396966885 217407651
924833386 3956712
798032103 405195070
928931007 856752291
267261883 186788277
504979204 207026346
297409747 207825244
915892551 402101799
928328666 268133585
467305749 461063015
925406227 404462339
900331225 251060652
517530391 127344206
839599038 7321977
732913546 141463445
475212272 202300162
844394349 718961449
577024479 50632915
488450604 141512119
458704951 242315493
376231175 272229323
360960080 274345722
326102377 79913901
374734793 107648458
307984253 247432907
783138139 41032634
342306602 103318344
820754009 49471151
855807720 755185800
657897772 154916938
465270101 127386293
836924787 330234256
375915562 14618443
551847075 54231569
793921533 452329209
673038579 347989533
892369874 646512284
794970919 355344620
528447242 313179390
531110528 374768346
621970245 238913018
508366730 190635150
947874471 409692860
901059128 13545204
780858544 605294879
624450186 7553257
515133795 176753617
884586008 751311345
901789909 609522743
749879405 714700818
288579321 63090753
791092806 362005901
756494079 211736554
967263415 289226194
857321955 282025264
411801974 216284228
647293325 351878585
654321430 353731709
829992714 128497940
991584462 450206528
979304560 144297966
901699136 736392016
483510223 359151645
733692483 589103910
621076934 61666864
374018564 246445760
113527346 59833788
510825651 221776151
524065263 318202173
853304335 770806346
508671808 77553153
855057278 778392967
348163742 103631274
417501808 356206772
127637055 83769624
795853690 221069293
987965046 789115365
739857068 283702215
288897407 126318600
740966109 92088971
856983628 686935821
796462026 729037177
700099786 15007884
551180668 322733756
521256529 360364885
528497598 268411877
875607615 696632282
592007284 140137136
336943344 333179422
731677655 444749074
861028043 556691394
988164617 908529524
507851193 208528863
988692905 399605630
626559949 18548470
637059245 360932740
642665443 132289442
477818141 119361295
276892613 202044014
748339993 450096148
947006717 737059985
692210348 199171241
965104245 139339
971504543 462871403
775481232 422567087
809286244 519576626
669535935 265022982
968322334 767198480
930265313 520951399
903149130 393744759
641507667 220652233
921348115 27201653
481442673 324188835
242798101 96338763
904808827 820148242
232873322 105616396
944902273 753511536
658466897 649573759
583883561 332332439
424972727 370351288
330649247 326083790
893735848 476280229
808336463 670401771
861736518 440641635
833799883 480480982
632193322 105560119
841665846 742827742
546964824 275353521
636155479 382876951
923038818 891068911
662094681 58023836
845766797 514389962
748603659 697869476
287790387 98858920
567388364 251961753
122421900 31233256
553019952 406781434
342473307 76318036
975720814 11897138
808310141 755389296
920255359 768252504
949864060 199532988
164527371 155030514
707496211 569703660
789430251 253359152
820737313 542831554
396826986 266528302
891111976 146221222
497312092 188180063
882370782 755152609
164886667 40071832
587563445 127598512
707583346 638072358
927421644 672571266
790909853 472094472
890402347 174053898
271629608 123267153
395487368 269828648
919420111 100252456
790935150 605990723
161778201 155793851
892434728 760108682
118829076 97667625
439332851 68190214
720342615 658973722
748910777 111379618
768724479 206680968
756652476 378835789
351589420 86993208
905409450 835002052
995370490 789147368
674853362 600555635
928365164 10521088
993154056 444892701
789677296 297712702
990894464 262267158
610469831 74596035
916888205 673504631
414362664 22915247
516855827 443081574
846734723 499239950
351452898 250138471
544488265 215619397
372954034 171991099
325093675 131219088
907178500 490106705
218759719 9908050
607095019 330362821
461379974 32801699
796879751 228567840
310512103 67466276
872693317 687083639
638424836 352585614
844426044 735936828
891432088 546616898
519287116 38071849
259424676 94416338
261648040 42457491
962130526 865398438
448401255 265079606
798007943 484612744
548352360 405467184
726312719 313816966
615169933 72421455
888921642 683285734
827630563 321678713
384420920 179580296
695163694 55441152
406997242 63570364
512333914 62584456
828946250 145676954
740022122 362471460
727868947 144707685
993559247 61991690
759271119 591029392
788686074 234774043
913018838 878157260
705334481 241886691
934464440 644365995
998968405 253631348
407904797 368735684
496288688 315502650
707133738 231496183
224649877 190578892
651904064 293629550
473662461 62970259
792305130 731968345
992196669 164821810
875601136 700197674
222690510 27413890
963904256 945262561
978489947 644122770
831389180 788258669
970569667 188444491
980327001 332491175
600979033 535246469
812900002 734352237
857308993 8490146
572389316 484973609
847395289 620929469
578677013 191540279
469945072 119769910
840229652 555260667
979241430 527235732
892938977 104761857
628532712 172168908
727449753 343470156
565415191 88193311
675432508 162592632
893404839 629147141
672021149 294840467
704600727 547609873
688384176 146865600
695733085 520223927
580101790 473709686
891286969 456744777
514752855 378890255
740608361 78243019
703909227 382071943
916017901 213371764
242640843 217315870
657061131 17887431
931488033 449878221
828751801 619971847
502080695 19223107
935309872 3567168
619067311 281671460
825331376 653152505
729674986 400086829
425089504 239762282
749846361 649625101
706579128 540084120
138191660 127774949
394963555 217495108
842217480 409612958
217307021 154302172
589575209 544787337
868312146 528676381
891833925 477981555
394515543 349870888
794828751 645413020
949587250 755641398
597999474 364603856
415752761 376621831
958540094 938081873
442547624 204418042
789790440 655612268
876444771 707896242
451599005 348250893
291464267 31941123
799905442 310663878
855265438 116258709
820800999 572454161
710138750 110543509
821706053 552498425
382124347 341192237
696978926 61316928
944819266 578868745
998334099 798037986
818328653 64159692
608893551 8796570
235314264 227146675
804561882 193771665
796166846 706988495
167787992 65332622
553946510 26689688
713152270 399918503
532288408 379116378
608956430 476154822
936983366 787599671
535672697 271299696
624064735 313947423
735680755 87139492
880198142 80642429
707453138 575275186
171385007 158631741
963634240 680272513
78285678 43313950
502773850 468053875
718889318 337512555
216810443 189363156
826455900 1412743
896902800 118241197
860174461 653053098
249123998 155484801
674354390 250357110
504740089 412198321
703406201 647059141
770798193 104758592
329093916 300466513
284661246 195749205
418139802 340311547
160878936 858966
941740893 385425992
888541183 743978046
801605555 380135793
714282705 239276799
978178693 118892655
663239405 292145324
660395030 419470457
525684239 468001271
508985820 325042987
566018971 260493632
835194116 26311057
692841040 504576452
835995799 175328718
597659931 590840068
616129015 291742627
494550613 456489390
696768485 128822670
841268174 211569378
746322101 451292089
695267880 623112727
876560340 633480197
979919889 979579230
842996743 186865508
391884495 305477322
399469003 267179474
715113711 271921655
638333185 347921180
297224029 184145651
681643089 47679429
600210666 274307915
620810804 320448612
785665597 443817964
947226542 588388479
407545304 397257610
730925365 248776288
829915209 370327625
968762002 769307442
784370117 241974665
678919124 157996603
927093740 450570812
275194693 232216395
439089942 400501734
817484782 460476022
914236231 881073811
910083566 188305357
743333366 71715020
211755764 133762668
689129127 150792959
388766493 96586980
503674022 345065877
770634553 218893199
946272857 388392996
780798686 127002206
475713695 366883700
749276363 737107316
923529804 762001016
728067311 281965298
962989399 392280803
861015083 553657540
439267584 19537771
552333614 337231774
593487251 80572976
752121092 421332391
684999284 672105420
820325956 17740013
80398489 43306404
648039572 384726414
385825516 205198419
895255974 677555191
613771906 565045191
12894813 9634854
992017797 968009949
526469290 278567284
813671650 790599242
976448373 329541490
619895754 472153832
395202223 273921902
470906915 180905350
433616129 13574239
468074396 229846460
802570678 617115947
878467623 340109750
581369499 114260075
925727821 142695725
348062712 144938610
636215053 75281944
473981326 120729998
288603124 245268114
727434355 596339770
904785848 155924508
759999088 679210472
759185350 123808966
607233184 297247785
947802971 101919734
729365391 289854537
164264519 137012505
446799591 121636133
757259027 691262462
857520090 151987884
890111407 360716327
918628937 213982288
632117446 10039727
931857542 149396693
907792568 406268624
594909042 30862700
821687443 126258794
822911535 97198741
882356185 791586151
468565982 169136613
661761685 359957028
233487021 38873212
874586901 88231466
978861403 684742142
767682068 15714593
893334586 486477041
933965495 169194711
429162813 163033664
819296705 405371855
866457262 470751850
778024231 486008361
803201287 407885305
879398998 688885401
704284881 282588252
964003146 28687409
722847974 507046116
408026086 151157112
886246172 662364983
894033560 874882915
868948153 406378076
773358605 313995808
456306034 37373195
584093314 334078243
866618684 639787852
146453490 102881618
504281187 198487759
865178954 604886694
877866880 275276748
810000207 495608747
454234612 163925851
839874003 673176532
923512375 192985574
928665899 54705361
674863384 283876411
822272469 464313829
888570423 870772102
591001471 271350905
997730270 428156557
944997051 837655402
809581358 622362339
974601152 260831864
718596610 196579434
757235704 199249566
885668038 226894432
515959550 113985949
707592780 286026493
922406976 172385031
891670372 877545570
828030357 456557621
713904861 465095448
996750490 312464633
918598098 83773169
843093069 208394664
672076686 201132592
743301860 236194360
785717622 162613837
601263785 293990043
716420360 58363441
976144330 831643435
725269307 187246041
728515619 612433263
743823940 609876748
945328736 362127117
701952422 282496472
835510214 337809473
615345123 513051382
753648624 201052653
726447712 441977312
607440192 244815190
882567789 247250525
269293169 87019298
891757363 618015667
667673231 302248070
934143223 854202264
717066495 230350577
683575411 373994217
397071898 304164382
841079445 287158624
625004027 69402166
795115582 698942635
901998076 439767046
353988275 79387306
756608658 640016778
422610100 1988267
763495288 590183894
298270796 213678762
826458475 5646407
893338728 636791243
671129292 602979527
549004910 365729836
896733831 642372394
964888555 634222741
286899437 103184088
760215228 536185982
353863914 291995347
323898130 256397538
457618128 307729191
334221120 295064154
532556419 295156030
636329035 280411826
432005104 261408127
503163024 317220084
960967010 945157558
851644321 808013022
736651372 198784620
270860506 167803210
996462601 789579616
715367196 19272658
984432735 448677208
767502993 450169763
753056174 557224934
992952185 137556278
661705337 107648905
703975682 407449476
758665466 368189861
579564672 188799928
774294895 216873794
460539423 138144760
965635560 419276129
932359520 657691238
776692995 608802498
426780765 354413423
753078850 150449099
864585444 353405910
930520002 541339407
242248228 116669036
803178321 66144598
382978077 42099537
889714890 6894575
991532770 928893350
745334001 88615225
423030220 207828052
640896823 410650138
722546529 554112252
531285974 283228565
976096259 357946761
940458916 257017602
799817105 34526227
214953372 143691245
873719419 831509070
989098630 106700983
477662408 187411351
168537869 69429543
943925571 921033220
668140032 313102426
734286285 555138407
485490821 208224245
534081404 503896140
558236495 471325094
398184471 44157956
936822503 773013854
262527799 104423885
828885169 717136421
911588974 521003400
620934017 384596357
427874513 143894581
757023909 39785889
779895075 279846590
915423154 860939924
980618125 187272445
836188804 562325931
303490006 136828164
975186785 137173703
589816183 353941528
378354878 270075028
976838548 402261343
960748005 8502142
950361395 909508207
865289074 225234492
843531620 450521085
902103554 429374000
739534768 43817407
783418076 673178919
629669987 538693164
929260396 198846026
238977677 10472963
787064543 586908723
212979045 161000820
843673750 184902933
875639528 335630153
341949219 307131539
666631098 380837221
964367527 209784283
512787951 330211581
717712975 641152390
633125069 42964250
948997557 483026604
807755305 15434942
308074406 207165322
668024118 416294590
810217915 537839012
838256925 623262072
262650767 156787519
868572770 88501649
492746450 111771096
991477854 549888700
756828243 380060767
989950035 137273287
387375097 179285652
787585852 367476898
543722408 39160987
714142877 530820384
772594865 17405100
843673039 428452296
757120990 127814445
553869191 387463698
277883679 43411815
472444405 96142832
754742939 340960636
177221298 59050314
915710079 258437222
934589525 204491548
444765910 114451086
599204461 502823993
111515044 11741585
227988245 170926414
875598870 208845640
933898143 768020489
977332414 219731466
573747257 301174875
646629645 264637761
614492183 373881546
385482026 109706497
884125099 523137084
872385142 205492979
994156418 368336014
280829825 246061993
256070430 160930776
305817533 6542520
277632560 4020373
433765861 128663632
977281642 847130246
584689960 546456321
762062354 182636981
937185063 572182690
697168478 609870982
542125516 183385464
832562178 207374403
864232930 278650289
296495825 2631990
828844143 796262720
750253528 634626930
464702101 154681898
917213326 829322499
896844806 709274269
835543928 107561165
946102919 87311391
475637591 156324878
875698514 831877817
664071710 385475467
902811747 377674170
850015644 626258840
931374021 310469645
143861117 42836449
315203593 250344283
821002654 72226346
769968380 377152801
709020879 95017959
475268911 446073547
991242732 718651613
741972997 20632335
516754972 408514390
838983185 535460450
863955465 708296094
601913852 414028535
734211713 72227480
797250886 126607522
328545310 84952862
622891118 336940320
294559803 227198679
233901069 15662600
785163416 336757860
643837398 324086134
358123322 26984770
966332695 352454155
914972326 448110623
900361446 253983760
685388828 508002808
786315524 533821486
846092204 261979969
313751826 144644098
378178227 121045241
974147749 570147070
710466002 312886697
940935497 37371344
705420984 75544210
874587202 581788989
780787521 392497322
695014997 419627173
704390083 47518426
985021481 557655409
545342817 314284289
898871241 569719985
175804565 127895728
418446239 121987149
905726248 150845134
661123593 87854547
566311523 95360075
483759056 77635230
