3000
5764193 351308
9824592 962943
5708824 354958
638431 357656
922808 354963
6203641 1429334
1336493 698291
446965 431575
1282063 433797
828530 651268
347336 341099
3066499 700286
407892 365139
792068 610126
720386 502748
1163262 660033
896725 571910
83565066 677276
6805841 388930
520979 495240
795655 400360
22099128 542844
1402256 892317
1008907 672714
2508787 2085722
1727205 358146
1061255 1007591
2812112 675032
1058661 426052
617366 353742
6778805 380328
78897593 1761961
1251579 346172
683579 423742
2314149 1187883
1402928 380105
1347919 1291294
864996 356262
1089713 696675
690350 549928
485095640 401904
469968 340412
40219098 461241
783620 764170
6605608 913575
599370 581141
452798 369220
1368701 448514
2684078 887918
483563 361997
751924 405475
22236160 793468
615796 416988
822565 583483
6843630 454151
1127070 552792
545394 364214
1578982 923336
3399181 333684
653403 377972
1766518 699845
1928967 744505
1455214 341963
529953 351373
19020807 599195
3838452 428737
22882378 405615
397424 382539
377786 333908
3469592 760159
1434484 662745
1571316 377363
561573 348282
762942 477672
10756546 509441
539935 375531
591514 502599
852777 518190
1497376 413449
1113801 409757
507537 483557
1179640 1118165
460978 361290
735070 442056
1449232 610551
795818 398948
519575 498328
7864814 643420
7305178 584205
560621 349259
1120417 524052
25931540 2323070
1756014 765648
1956704 355390
1532715 342427
1495656 374027
2847955 369639
756713 564591
3647168 474883
3221402 1302589
5150208 1327558
935738 425584
628399 413465
4658320 362617
474508 435922
3052758 1508646
611983 393507
1723070 341262
772002 583070
542957 433106
2184462 1064457
702327 521118
1590642 714490
1190384 812070
1318072 363485
724491 447401
2488017 1242885
772015 737969
1346693 666401
608022 335316
1241774 899379
409153 404520
1420630 425757
513100 383663
891219 835300
3545922 355253
2881288 816761
2023383 371943
1505024 833071
1642141 1324065
534696 337780
534663 444433
8003079 659271
7242248 372201
777888 502932
585344 450277
1218999 622392
481495 383516
1571668 406442
2192324 436556
2521823 437059
1040133 363608
1424759 375830
2223498 1434870
934671 894241
2876922 1089818
500792 456893
4139746 2807582
1887643 845487
476088 342107
784690 485085
8076626 993627
1100927 520176
3247422 440102
3506232 531008
12718157 1317513
2315983 733616
2380698 1636909
751183 433180
1525655 550136
601858 545272
520654 361790
1269609 357435
1033767 343182
1170097 666484
1357136 672117
377489 364454
947312 393232
2850055 387092
702159 388900
11277519 1897812
5409412 1299567
27941124 493002
481603 450454
4460858 1157771
644070 400568
1764040 460209
646537 334848
824064 346524
458894 400538
355472 349898
2663308 1772087
884869 632097
741370 591461
9466468 7190952
473562 335776
1239365 434289
529504 348778
420065 393263
669108 627838
5832181 3978838
1163321 539826
889441 497816
639204 406709
839242 357654
1353014 725310
2062175 657725
883566 455195
796936 342141
654679 604077
24386678 472154
1902509 356420
1333736 901941
1475941 406245
1476206 408425
723063 445318
557820 441249
1764012 509612
6261991 1829015
945600 380215
10356564 1150297
1042237 376346
1487284 577840
37882783 1570471
10171208 350716
668471 646237
607257 348324
532776 455228
1035135 935929
5234440 421821
5855600 1066900
586152 338254
94022636 613140
2842126 1388976
753008 353239
788087 358401
849745 424923
3082906 371161
724716 497816
852019 335349
918673 337079
492220 449819
7331909 746894
3102403 592691
4156782 945770
558095 555174
546699 364730
972750 533173
953298 504477
427949 360261
711484 360355
846450 666306
2385324 412236
1854872 387057
2017912 951371
2696177 599903
553097 419326
442438 366198
454021 401022
1268448 595391
2877714 378033
933991 343197
1093863 527925
715669 703968
3168586 442132
7833861 846462
1312237 1102479
6242782 1532803
23583471 454695
698128 472957
568423 344436
2334033 1240596
8442629 363534
972078 747772
951926 341485
1877456 339120
3685602 3398942
4381457 462071
651421 336073
2077343 373382
803389 754928
1166479 603626
52685326 1206309
459600 368461
20084259 2220774
3106799 960527
775471 513061
237003984 409828
987777 344326
1592263 347720
1409780 400031
2277187 1610288
26080281 1489592
1353482 1068804
2439833 921631
1422591 912835
3636140 416677
959376 441485
1015520 345085
1922287 360544
856575 385690
2667802 456350
1077421 667372
1638761 512341
430096 364771
662495 391272
2082513 1848979
1354713 358229
16660154 408223
1442918 490773
450405 412760
1820243 415292
693577 371313
417128 370064
1849003 1747171
1155348 356992
2511492 362192
1077056 586656
1091538 442513
2107912 346959
5805612 901425
694340 584798
7309172 353273
1212412 1016572
619665 511545
604793 486428
766329 359386
630612 343291
1463563 373057
572458 521560
7910935 643860
1760042 391356
4085942 709947
522429 353844
1598879 460604
2809401 1076846
788315 341922
1858700 535936
1160376 512475
4816817 443118
1385842 348951
2637812 343060
2218656 1154879
1315433 417231
7166859 2068374
7605713 394599
655481 443728
27714622 4180704
1740258 1675802
1933567 509905
3788682 1484983
2995252 1434379
16091656 1220954
10096513 686469
832463 365018
700159 602854
16061871 607954
2934537 995244
808623 485421
807911 799367
597681 375249
513335 386161
343704 336951
6163906 865556
798190 628188
1284877 531279
760055 358412
749532 438137
2715588 708855
975805 350026
529487 386690
548638 359021
824253 410281
1180073 912517
490673 379645
2467678 347468
816668 583542
681399 341031
565668 438232
1185155 545710
1423693 720295
580536 356096
1303068 412074
428254 370545
1914231 1637215
1415304 397676
496002 333433
1517947 373414
736450 335192
2273783 619979
930673 399543
438642 388998
10100709 683426
1511619 545719
2238410 875541
459603 429026
1037188 423766
19980174 551654
986888 601782
8411335 3587569
845606 764315
822398 396114
685456 607392
6674711 3580532
3358129 618056
399782 353604
8178056 593082
470676 438901
522022 383110
2373653 372392
1976094 865365
3798371 504305
553537 389912
3373457 2325310
1228135 562071
744848 541394
1394603 344370
1925636 728952
418664 370966
2851006 616168
889236 489854
907061 689577
652469 546732
14091467 522408
2586873 610290
777778 455706
8856613 1415366
2624949 454565
436821 343577
1044432 528703
2982622 523203
3958293 784605
1337028 425346
2163225 597315
3434475 826324
713564 351815
618035 558277
1071770 409187
1112564 636023
535516 426572
5254523 335879
1052908 537219
458091 434333
610977 407304
914757 387168
664231 623803
1947059 814253
947211 573197
912289 348407
5077276 528679
9268368 352962
395902 371156
1183735 340639
913233 405006
32457499 592598
4821912 372076
1343570 491155
1282710 372493
659811 449870
1513555 1172556
640755 390799
1762892 530952
2404753 444038
1780034 503841
1594931 736924
2915076 348433
3186179 694407
5566517 492480
1113858 504731
1043600 384173
592461 577969
484052 364769
1133494 495974
562899 392580
1856488 366175
696506 601738
410344 404362
9398274 537524
2514724 995291
74297407 582831
405490 349829
1077299 446677
390996 339848
681781 403975
746006 341026
471927 333555
1996335 964015
589241 584878
970075 352529
2824834 2177549
498449 497150
591860 351352
6544741 409759
11738898 558280
897075 383702
651496 518119
700368 487927
866785 337434
3376867 498153
1031665 346262
1273955 834924
945685 551719
5406241 1071123
599889 467123
1552489 443474
7209403 783585
1247897 725926
1296561 749013
5317791 355684
782124 454346
506492 481605
1100417 638246
764989 734420
1122395 434012
714708 680597
4438880 1192170
1053129 384520
10835401 2552279
3255723 333536
678701 575041
767778 468096
1340594 473194
2610442 751547
409730 382354
1689078 469025
940059 495179
513729 399375
3441270 1863750
1823489 780958
15705700 1411216
1244016 398022
2973348 365910
814306 414368
2725656 372200
722520 515269
542555 375849
484822 397996
430825 383964
876260 863102
22025474 594521
1848116 631710
762119 393724
897219 432654
726174 486815
11873397 6788369
565551 370695
608794 400931
1244626 888487
1883092 712105
2075311 464845
1143219 630244
580630 341626
871163 610427
639019 440515
442672 378738
1331558 476175
4438227 1115064
2794394 726868
1010138 406257
19192474 463225
1385680 415102
957869 417843
6315908 351155
3562133 420493
995244 367710
977982 427706
1240546 767303
860180 341313
1572152 371333
16099080 7384376
10648697 793731
457989 386299
2024503 625129
756743 374679
442919 342242
619658 513063
593093 349823
693283 481195
1199629 700753
479756 386580
1287813 654629
2704407 539834
882125 527750
414214 387749
4603715 908176
1275886 784801
2856620 795825
396249 378542
1536729 497562
4353006 569413
416627 341707
1043065 947027
2849489 483813
584646 492212
702250 447173
9044468 857077
424460 416573
336680 335660
1636599 642855
1019621 678179
20615864 410692
38995342 629396
7105266 958700
1342487 628308
4067400 2263015
456161 454021
3681704 567516
864024 519574
1715453 463696
2283475 637580
7926701 645928
702343 367830
796162 411067
706849 493634
1409546 536297
697266 398709
1312506 538601
16154152 737555
1050360 334704
1284088 388039
688865 518457
2551386 959664
785684 424367
395231 342011
2279935 633066
2086976 594153
4122130 2320445
7803921 1686033
10072486 849670
68941558 403625
464999 363059
924426 537663
1167595 404221
228770434 2863274
532831 445278
5141350 444715
692109 509621
462670 427971
988888 475901
553911 539432
476953 361651
1231835 791987
505237 394296
719634 447352
529381 415467
504664 344460
4030094 583558
2755046 486064
11098787 555839
520993 349730
1241215 564470
863410 627430
2459130 661104
361205 338555
563727 346617
384277 359674
837820 573438
409318 362514
3068975 444766
693835 489182
424340 333674
714711 466533
1572893 410540
602029 532531
1361354 420428
377826 357006
1297293 379169
3508344 980831
13656915 840607
712267 581300
863904 365930
521458 451210
976595 912255
25935784 627003
10488201 1897926
349128 343651
542694 360248
627979 513646
1046383 421981
727176 515507
400370 379950
406938 350623
1100875 376026
570017 346239
799665 367895
592334 408167
818118 775663
3494786 841047
2873684 616505
4151901 721018
751763 462291
2678741 439127
769609 583434
8658799 664307
2637453 355200
432573 428197
794155 436539
885824 368078
9767908 5039757
935493 727862
1405195 759719
361377 338793
2806911 1046430
581113 359793
534252 336289
674871 566958
1028551 530859
519077 369945
560586 460557
793852 402708
495644 382973
1559686 730537
4160820 679779
8664546 703977
696886 529850
424753 341587
1415720 858336
1432603 527610
515152 352544
1275271 492097
1128971 462563
1993659 426193
1762584 1223581
828749 570817
861883 436206
598960 385779
514140 505229
466384 336750
604219 339391
908968 787998
5829854 674122
754604 341675
1185503 1148833
740009 454671
469378 333619
5012960 468909
2742539 418291
590573 357689
390076 333459
707185 367500
517247 390047
723781 417578
447775 410363
1959509 334292
743714 347318
565679 476932
1432367 436030
535389 523046
895306 800275
1706064 693014
1105615 489194
9432476 6246364
1911019 1267838
734179 596666
996068 471847
6956780 1857760
1023398 621648
978643 335379
1392797 578200
15533081 704018
932774 560461
2131067 473463
568270 568109
1861748 772944
4136437 424824
1548382 686818
511374 424146
591886 511649
423236 408005
408329 350714
6889884 476781
1974969 362978
2490508 372853
6819235 360960
1215906 1172279
434181 341014
3105631 683429
6777857 951591
1681716 522308
609369 368386
1057331 757038
612937 566697
1518623 376557
2439867 364890
889971 591470
637678 426067
762360 594637
1325953 1262172
1125698 636841
9069794 3396149
4383838 581231
511838 487802
1140924 465437
546995 362007
5602984 477213
1520210 386925
574803 410872
609697 365537
811973 792926
1581108 509392
975512 446885
481281 347451
781854 371871
1341647 344461
601523 346211
998433 626501
7310946 940193
646854 385372
2615743 954880
5868259 549495
954895 488111
5493726 1091601
692411 424801
15970212 6551866
994509 987851
394836 357659
755201 491873
882432 568071
736674 513419
691356 367972
3005732 739674
1181709 627082
712334 338875
1100161 524001
2030544 536747
2792209 539204
545312 544444
682137 343601
1457562 338406
1188183 768975
7130616 466531
10108174 357336
4395414 2730556
641091 362457
1274348 401196
3051001 354188
2182040 593412
1087701 451713
2422978 471167
944822 391847
874166 480475
2595555 705841
854744 801858
24483238 917841
1598773 483682
500785 345463
1233722 413913
832248 345081
511663 411574
507349 345150
479267 392836
1788413 395681
2038814 516444
871730 429555
585669 398535
1899041 657642
4670353 871241
2378201 762037
1271221 852333
748125 589215
1117718 380581
1087501 401720
3920509 544198
1137040 645292
1250399 354997
1182980 507003
616103 399098
2121433 1444547
832087 464643
388725 348471
727960 666478
788606 459152
456331 388300
2649274 622006
497646 466348
1599478 398461
431664 424315
468106 339077
579770 367817
3659156 2651062
2498027 2167371
656314 343940
5632164 656490
24791087 449904
906228 644327
522023 479718
510012 497800
1372768 455701
2431927 716628
878509 665767
619849 554218
788149 335742
1254216 489390
758528 552566
2230344 363984
352258 344918
4737163 424345
1350047 583879
810504 366751
630056 496733
1766804 357429
4704583 444539
2096296 341101
460925 395028
1610980 951265
534856 358141
737806 443327
735315 341017
641359 625782
641056 606017
532886 480044
9141455 3930697
686658 383975
1909406 662510
1993334 384675
1622105 1336490
1325705 669721
917930 661095
1380087 335833
2033760 539686
23904790 377149
1941351 619081
2834290 815658
1106535 351864
863220 734404
2828504 1521900
469903 366152
575627 357862
1830284 352574
6906415 402822
587816 395572
653656 455129
4319197 1727158
2281002 413278
1604165 1424985
3420254 440184
1342427 379735
660693 567434
698464 676796
3004562 493754
3522905 984270
109233894 911390
5375023 1995729
774156 439369
1757616 777264
494274 343613
802142 423156
1006468 465327
6038199 3430404
495538 395376
423590 366438
535746 337104
64280956 457251
515968 405946
603534 537546
485140 370076
785560 594789
2328656 415814
749103 388647
36885402 670399
2367142 564311
1540669 1486294
431984 370043
3724586 366148
8584802 517941
1566155 1409330
776894 389834
1102950 764546
3654410 2626623
24266391 2845002
2116950 348803
351038 349088
22497248 336882
457878 373017
1241122 514943
475145 424262
455155 411867
1036747 709504
477173 357502
25810856 388578
389172 338557
2501561 437703
438866 391997
1195919 458991
5366046 358209
887499 341196
436020 359689
856937 335127
396048 389516
553914 456383
1125883 670979
687070 472326
4944832 352421
17794994 403183
1705276 358470
1524669 1520543
609565 592918
7709313 395099
3752861 1310564
2604261 492749
2884586 384761
3121166 729075
3809106 3364129
1924855 988907
16232702 1656078
561074 351250
2003233 342637
5295528 2251439
1193790 534476
718013 371130
763773 618182
728110 359240
581329 517182
2228439 545887
731654 382145
3714174 544703
1976360 1121275
1007692 771038
748227 439278
509348 446383
807186 744673
552668 390616
474649 404988
405847 346297
1302880 364890
8479418 443163
341437 333837
2938546 420518
2292725 411043
915561 418818
583550 471555
1285414 831507
1476201 705451
1385224 374872
1197863 512063
803651 406038
8074231 376449
1235875 881695
912599 908965
3765755 392569
1970168 367873
708049 665347
578417 567468
1009994 782085
910829 450704
1153080 335746
3830323 536573
866184 355960
5478761 491213
12954930 338010
1848344 504779
1963414 357895
4317356 752700
9006415 2513643
539034 348009
979607 347261
13937186 1156670
54492655 340285
584662 422551
1489831 381468
6661996 853485
1275849 434447
1228982 339114
2042136 555015
1033847 416099
1056694 382217
1047461 893750
1343660 420151
3759171 3118741
638890 610952
6927840 1180197
531093 530062
347576727 389141
3775868 460322
19645104 588204
650746 422480
6955357 499919
10854322 369195
1133106 644809
1975738 551580
5186628 397435
2693290 361827
934142 474221
3000005 979151
5355767 722775
2036652 438960
6584916 450318
667110 486801
423063 389833
11618987 3171686
903314 827645
7070208 4893630
1599061 592941
721855 558510
368657 335341
701704 572671
800998 623117
13085932 411311
1648922 1429675
838557 335286
1793993 353448
1078028 413584
417500 354810
935847 489510
1726365 664932
702774 528594
3969376 378478
1899323 365435
831257 672710
1377019 435618
798162 725787
12147748 1238239
11222499 439697
504340 390778
635509 336314
5385633 418996
2568119 1136875
4370874 1170931
453578 383580
557452 457462
1053953 447153
2795923 565750
4284796 482641
843123 469790
2500429 970976
1229092 593202
638203 419488
841094 341488
4499347 539170
442509 346307
101578994 8478253
624963 515467
1610529 503922
1081804 543739
1752394 534987
3141652 876499
720945 460850
1997669 390904
2021121 1127434
2492944 559066
6739431 586223
1463484 528508
489082 347844
1194664 338268
418286 417967
426553 344071
356335 342633
478268 369571
1822326 420295
351767 341467
1733003 430693
6373006 2543875
3919190 1283694
998406 463655
1898843 334002
104100846 759674
1583968 995231
384184 349696
668562 348360
713500 349169
613797 367161
839589 397734
526357 445417
15729413 354757
551691 436787
72728657 419732
3408782 924639
2468223 1954212
1155131 345754
1216435 478975
650826 632361
1260692 767526
1519894 358345
1290439 931891
870934 723810
11713369 517345
5216591 576245
5484014 354152
3309865 1313168
2660114 395884
2992910 469561
812948 392641
678714 535026
827942 548272
2439234 659069
393833 335867
991573 773860
1018896 468286
580218 561805
4065165 2742063
555909 436262
367241 360992
1035891 431571
872103 370510
1472468 1396474
1056134 560696
885643 474152
486637 379151
19564368 341357
7783151 435180
777674 395267
549604 388410
1509298 625159
956922 484405
1927502 1717724
605791 468384
760618 469893
557762 379127
436701 395505
2439531 353841
461419 341903
2341228 390721
3386332 1443281
2104344 426289
3581734 597561
715090 346482
1435315 732722
12018861 1594942
2204816 483198
2837859 494838
8871342 2657213
1167587 445969
1266780 710836
2489847 473317
504528 438904
969844 752455
464598 343869
1814857 937406
900583 501703
3682557 1134496
632035 554420
1161149 380186
1146820 768484
531813 341640
632881 385868
9300575 371348
452960 416065
600148 342564
947821 373359
431564 406412
597530 438079
2100145 361504
1060910 555067
1067651 684194
1113159 376097
5641992 720372
473313 403054
577520 361212
1252834 466347
811221 489349
1014492 736535
1168715 426105
432890 333910
6223596 549423
1756418 674203
979554 837566
1204371 769281
390957 360827
2321800 941162
3444886 361618
1419282 348144
1766566 549625
21284702 357032
374945 355027
2179844 342127
15807563 1048516
1346834 493804
536116 376969
3347790 2912427
1030161 802858
1326537 721948
2437075 719118
1048145 422455
804912 519993
427959 346333
1302504 469469
412638 361809
1223872 484460
4002795 403405
986469 509320
4311236 786478
8730886 985658
2377521 1854184
7304574 1694313
7360043 769627
109569258 420326
1945516 367055
1156762 375185
5459891 614154
2721498 493142
983672 389310
20576445 638185
920870 752169
1085576 473267
381090 369895
1804482 1149376
1192634 888875
409423 349432
812633 670896
502378 403021
1411069 1006233
1592733 1162609
986330 756470
3303175 1386697
520232 394633
438688 360386
719261 345269
1677154 367527
564132 483801
1292844 700122
693417 613039
10020078 381457
2257609 977598
487946 381546
512552 405736
391068 333408
1131954 1062290
1152440 415927
1906758 559136
554906 376509
1651638 1132522
1003571 389914
498245 438693
2154580 1275827
2670402 364259
1318749 967380
414577 375227
1110469 395824
24986099 674150
1129921 827878
2834566 413077
730692 510145
4860855 461877
2133252 517737
685213 447081
1873787 403086
3672518 428664
14600870 442052
1275362 428160
1163003 371545
2117517 422972
1525146 349624
583058 394437
2270108 1882054
108207969 544320
3660190 605510
1874591 446844
877426 431706
464881 344632
6345034 862245
5156180 3846572
732403 446630
1828401 371218
2506596 1338644
1160818 453034
696499 378409
1853040 899986
955493 345886
13131280 536859
2187229 480467
683158 351750
725483 341287
449985 362818
1370264 1001802
871203 435928
957011 422828
526716 410804
4735355 655964
624970 335848
963046 698929
676359 334099
503884 403577
5952129 386703
1445615 514376
12295017 544879
2960303 2471279
1289389 1132805
1876922 433100
523626 466040
1072644 503025
578196 397092
31808531 774794
765951 568858
1409614 567349
2125139 345812
800273 705175
34849423 1130709
1065013 455857
713975 372728
587230 469798
1062356 481129
2177905 378642
742814 381931
505840 382998
963387 504474
4278779 3114592
663613 511400
10039258 345016
2710434 2578827
1304556 348102
1151766 394693
8415645 464040
1306879 563043
430284 336184
1244775 1084230
13509993 2071662
1769932 716464
899405 353182
604040 427068
1722237 581358
826924 339395
615039 470021
19549988 449217
490678 333478
1024567 371155
2695426 379426
4446096 454440
1754954 497839
2701874 489607
11835877 527474
630633 406990
883611 368645
11715524 1033015
1165167 623846
996098 760326
1606535 571261
537832 364303
4035482 534177
1473002 623631
468375 397444
1007423 727880
473842 368317
1477881 967001
1565357 381877
3053408 425444
816433 355328
5195039 566680
1810372 405942
4133447 546153
1637745 435509
983498 487721
441392 336358
449029 344507
1000000000 399809
920075 445601
1260179 496044
1520457 422835
387952 369320
624727 354407
833079 780560
810423 666850
683894 415865
369354 337704
1867601 942926
27019700 849973
711582 429947
8318246 2972890
8135199 376374
1069004 746241
6024848 658874
1184729 344062
845349 349272
94576510 1048669
1480524 543479
1211317 639114
2389720 1171326
763377 358574
1586683 426996
1309488 1098900
685458 443609
475145 430901
6783086 551693
424029 363486
527254 353968
765788 629635
2038282 673751
3268057 351286
545318 352882
1007331 334356
2099683 1631147
1262628 1002022
641656 614753
634900 359343
3613757 1871817
509190 393963
688424 619766
1636738 1390244
1399385 346784
421181 360053
1541558 838817
1094848 732903
5245770 1071388
503311 349799
1139166 1059044
643676 408979
1381814 687160
2759816 601096
1480427 415456
2122878 345658
9081262 517247
1753463 333977
3803552 1064685
9446398 971967
414899 348932
571522 497592
503725 478619
627957 371495
727007 494029
1677200 457469
629202 545282
121114544 3055110
5203304 389434
935731 391779
2643816 578454
515268 485281
7940968 465047
974184 642529
5062946 1436937
423083 366366
22068065 10306379
1524149 715093
898594 379113
3734799 745541
522726 398395
512163 464019
2029111 872701
1980617 510530
11177559 839223
877670 446409
1917897 481075
1044456 686739
711753 536336
614251 528032
3948049 687154
1014620 378203
5631406 589776
467447 467173
10677095 669518
2640805 395672
1962277 1016297
1220714 912577
381318 336657
887265 416592
1431272 457810
653864 339825
640779 339962
3015824 395813
3038231 1537108
642274 340711
4919915 354370
369068 363940
5728226 444754
635157 353618
1283423 828522
1079977 775909
4306804 822498
731710 397661
2691547 1860875
1832229 357069
912509 532868
566191 477977
619176 425386
370538 360668
571568 336497
1237712 387835
5772054 492854
765025 345273
1016043 368551
573882 422718
784218 713723
1011127 789662
524433 436287
1146775 707696
1339658 1063241
2292997 385368
4530201 627923
1567273 620024
540831 376451
484685 411185
2094376 348340
704547 458482
1406765 456611
526053 504099
873945 591712
2650331 434377
465400 405586
1948290 490547
383023 344884
2295141 374118
451473 382206
694499 453974
2307450 487650
2727482 512536
2905879 373271
5030747 912354
657990 616594
665891 470374
520572 414398
2823767 374393
1649530 369657
408596 384108
1257145 545977
4958678 1441430
1289387 886001
2446318 464236
12923012 531009
1356671 435080
465467 434646
1140067 773322
830874 827092
3567875 375355
390667 342114
1161110 592975
942888 351553
11668772 2119904
5385119 1313930
2793796 942235
6685503 938865
367137 350964
1074476 401603
2253391 421448
836140 610313
1246430 705202
437155 427229
674029 468082
868278 400695
536432 480156
555116 403148
703584 376459
385653 361583
3593186 488757
490942 394425
713332 353081
5341272 749497
674896 355795
1641377 976989
1228474 635294
527499 346497
813466 410932
1522367 339192
6296893 1805275
12992677 769276
1292879 402266
1516409 559511
1084653 424216
779727 429236
1123480 798080
1165192 618707
459945 377065
1216359 879705
670379 350038
488894 478597
3146969 570976
908705 857977
642954 499632
444668 409036
551283 333718
2234510 528757
2146636 510563
3579499 364485
562403 362076
420157 349251
438985 348531
2654976 579685
14682559 1695962
1305918 366187
680137 415037
2997739 470258
527398 445315
5679872 2124105
3054343 387819
2660667 348169
10508799 8890081
451465 361497
1036859 369803
444803 366156
639906 607310
781318 428503
20133862 753559
381408 354437
1124002 501928
442241 359652
4115339 463365
675528 650367
3098177 421526
616154 371281
572218 374595
391740 338387
1185068 849542
568192 336793
11777932 601449
1195131 336247
838033 537286
584036 339271
785415 401263
393889 355459
1394104 397044
1566249 552957
856208 443411
994822 443719
15172024 1146233
2251434 2115085
908410 360072
1497167 364069
431540 414096
1773243 1194518
7194278 335983
4742217 351269
480456 363037
1321464 860836
985486 507306
2656058 676504
716279 448991
625638 482013
4452469 440216
1104840 414601
16342980 498604
727596 375477
21047623 621036
918964 554109
516326 346729
727316 478462
505921 358986
1970927 1091709
1469885 336412
4313537 365521
1128124 514201
1033032 643821
646038 580697
5618878 368112
1177387 502875
897133 469355
1292469 768518
1218389 542727
706020 457955
1161780 1118079
4728349 559712
2630887 521734
2179610 1250611
1142945 418023
1373825 469192
47369395 362606
1512468 399400
1432364 467565
766656 676273
2527938 525439
2150936 536246
1370186 1318151
1763996 378285
1458330 494998
692904 521749
3313106 725703
2760416 389693
4841077 2380975
702434 370783
201964582 6835098
542934 451056
3449186 543189
705730 509272
912920 351524
2194529 739711
1383071 413805
2452898 1071533
14241394 1077890
623385 475085
1218273 589373
1010355 799994
2424143 1199340
2526533 566041
1549681 350228
2344856 462425
1030932 902954
354905 350760
701408 626156
1310072 465851
885257 815299
1041518 862953
1220528 572057
543359 390343
400704238 1818130
2199755 398637
1749596 341082
1843144 615748
5588638 635485
413637 369449
585850 464120
556136 487393
483575 335038
733216 630049
634190 456315
539562 436207
8960760 443567
1829206 1493230
4005212 437456
3532817 3178232
386343 333366
1075803 946378
2915509 597320
1678386 1561797
667367 484789
1734451 991897
757853 426239
1918098 486854
26706093 1028312
2040389 686241
2813966 341245
409208 391838
701359 411098
977421 670367
724871 439835
612589 338929
11730578 1111301
612693 504562
645673 494104
2464576 628027
995087 514717
817961 407355
3463169 483833
14211090 1129218
4588296 953952
696438 379643
397380 364620
589837 423399
1275024 352636
2248564 1011110
21091814 1444924
1734211 1029050
1252532 458288
441680 345766
912884 350317
1118849 371319
439493 364054
630602 396623
401346 347036
5209194 662007
374513 337254
411006 379043
363156 342669
11117988 386155
5028446 411246
1209429 689538
394396 379436
1546195 631346
824523 554660
4222462 540432
526233 483084
1807568 360924
1154435 681200
37198712 1498509
1239362 814893
1306421 852678
2442396 397895
1140243 383511
7820587 391020
652432 509379
1213886 879857
2914609 789878
1217494 402715
1024749 635835
1317483 470845
437331 349950
1277209 396068
3277737 696224
462265 431490
558159 499204
769062 446959
564879 415619
1160374 634826
395047 360947
437806 363932
589173 452214
1947647 409646
844754 460767
1337993 894755
6333840 795783
8022134 431571
1117582 390933
734076 441047
373776 346584
1514318 362420
1983077 864480
404995 395340
2661451 338807
472263 413123
1716553 688226
1765188 336799
1896914 419404
15292370 537533
482204 358395
9053100 384400
1226401 593021
563763 409804
920769 888301
1154852 788717
1754940 346870
679014 438440
1156964 355666
1069678 769601
824604618 392905
867066 374962
1270325 337800
351506 336035
1434749 685359
793630 778178
737179 355364
1324579 1131398
987459 870613
481798 375166
1949146 1938261
877760 398571
1427833 410869
10472547 349564
2601774 833566
1056246 612776
745938 516313
644088 333635
754435 614544
1078557 561991
368761 346186
942523 423056
5998136 1111818
399013 363361
610997 357991
1404217 457574
1221679 405162
3342825 3309978
462094 395569
534103 464873
1316854 448599
1276074 519895
1886863 356085
5920755 553383
1064050 443257
1195451 834532
21516432 944488
1334443 979324
1490817 357622
1371662 339725
917423 365479
1289747 470411
760069 404451
1232226 416693
7689682 636598
3301739 1009643
556770 393456
627435 341035
437932 397674
590682 380019
1648976 422033
7592082 3070909
435086 397553
684125 611018
2327279 385543
760471 554133
3831964 989733
9514611 394201
442610 387389
915502 393496
1106426 356918
1263169 475919
1361539 947968
585329 350929
246069964 623850
3336221 339395
452907 335640
592538 378053
1155962 1128004
2123030 810585
5214111 2570230
628618 413120
686147 654941
4807612 1331542
1294056 486554
2183250 560252
733829 710078
2664798 491056
4277738 1277976
6453964 4342353
909549 887360
94953358 477144
507489 374251
24414118 634045
791501 394244
551446 478928
3934751 536483
2328452 1668786
950992 930105
83623015 350166
417221 370177
521563 484593
437153 346512
663047 525751
1845851 403624
806634 387190
728200 356146
878152 523169
572121 414069
5523349 722180
1150148 407667
1433491 443663
2303133 444586
2097603 698285
992119 410897
1699817 390205
875880 453433
688127 346426
953729 809966
14674666 469052
1065863 375127
1650257 484571
585931 412312
645698 366235
693634 341879
706073 664373
2254513 1910339
1113382 513825
3111568 2175407
1048856 458870
32734433 358341
1037651 442310
658031 413384
13712240 3242772
1874722 466497
469969 429179
727130 412210
841271 634449
5005056 464441
1266600 537673
4573883 622253
1123791 831180
671108 446045
749136 735065
493872 459824
473918 358515
505926 495838
1326641 954138
567385 536718
1328643 640467
1071861 350271
4165452 588083
627316 488408
496006 421609
1282087 725072
627182 549243
3842350 2407506
1533630 795206
1283244 416262
752007 363328
779026 470606
2125627 383743
1575868 951122
443477 391784
3429576 356484
600795 370935
1736522 1044135
2399870 401026
91294566 1147571
869115 360420
383705 336824
5260575 1813612
2786025 1578447
471979 343416
2823173 424379
749698 489918
3601608 458765
2373572 397653
552986 386965
2407704 658827
7175927 405805
3164444 564554
538940 395180
580122 578339
559554 370026
2936660 850340
1745446 752948
422840 345338
1020038 861602
482807 333877
727443 441379
605654 440242
842063 340296
1588332 551555
634659 383145
3411875 383119
864502 474806
766127 406685
610240 367708
717714 442480
10569066 341487
25349345 502428
614437 371696
1259205 736698
1222075 413350
5645200 838404
800173 571893
3191186 1966927
840137 711538
8813264 337166
509312 421899
580688 355891
1696177 555433
1585416 462881
409635 389772
1236721 579077
572907 507527
482578 479261
1239216 1072729
1671763 449539
611205 336097
593697 582178
541681 365161
2365098 2149159
1473401 706042
700838 499339
911807 889656
833910 377989
31527821 12285843
785781 690369
1284156 482492
939053 716431
2358531 363371
4283250 536840
984633 600668
2005187 1701278
1044733 540070
687883 346919
511613 367874
828319 476993
968608 403030
1394916 512289
1121315 919503
4249167 499692
540333 382734
937889 371405
663727 621720
378230 359588
566843 358079
674846 345950
1412438 633449
609262 380120
1824440 1230822
547758 333349
1659245 337632
7521168 521165
4554184 390298
669703 516010
478474 354495
1056420 727108
1346137 894330
1098655 459791
713543 521632
1535519 850391
823521 447593
460224 352876
453700 416326
9084100 410594
2126059 480678
693160 491575
508275 393274
1446367 693331
2553010 473442
1169042 411001
363557 356987
423656 399811
2399642 1510814
489935 352616
6907696 613134
773904 427808
773711 402725
757007 531419
3748174 727206
375478 365288
1678184 426989
797745 341050
625068 355014
1166468 790048
2208449 925012
622355 385318
1198839 533305
609381 372252
1417274 707920
542392 423792
2815521 581218
1349045 445161
13196529 1459014
1761758 1083854
631443 362866
2971416 340992
1833723 1407149
7987248 483718
583623 348722
1707671 486330
823068 396112
2085780 371644
596802 548015
4445772 1944201
2487668 745681
795925 440243
978607 646406
836811 457739
589294 575312
692596 357205
886083 498989
14687060 556312
817588 562319
561957 389467
7908409 880517
628930 348836
3106163 1316886
809352 499351
1493768 550393
14469671 343544
512280 392888
1524061 462008
3823278 503672
4256073 597270
1223985 597709
955035 362087
349490 344401
460540 374037
13807624 364819
2036761 650245
560788 400511
1382525 357572
1596573 708553
579846 507212
2124310 499871
481727 439762
734462 365948
525595 400767
4211526 1512358
4214717 469125
1457153 603130
560961 344402
1728279 507462
928810 591722
1294534 425725
451479 416531
966906 638475
571048 562642
2858264 538106
118333244 1105126
906694 655688
1983808 391951
2119834 1502209
1557651 556552
437935 403125
1922611 424469
3674529 384927
744098 653477
416199 374847
559787 336047
1063476 735821
1548752 334843
1646627 1261101
844757 754088
487446 464030
1058844 402025
440401 382614
45440160 758259
31512045 985041
1811761 355449
1690401 337499
581773 570918
407258 370246
16641790 530142
492430 446413
486725 373381
6149970 655784
1123990 337521
5815720 730828
2472281 1919708
554162 397661
547590 425992
2012714 1534224
713083 666100
589304 580688
14221755 385328
923860 789826
5485174 605937
1853409 589151
1888493 344993
31210170 363374
2205467 1070539
1433798 382346
461144 370126
556968 335643
780390 406865
2786176 612131
1228644 637227
1558839 911402
1267354 578635
2290216 449080
1078999 389468
849721 520491
27784315 385636
12620674 5035598
526064 368883
1859487 1190211
2985493 667447
826219 430672
1366208 1105759
921751 473658
3922007 531381
624648 530381
2197677 339499
562314 432675
436616 345215
1190218 690086
2809498 467924
3897087 509038
6086047 789582
1667792 919799
2127436 386826
842886 366199
1956828 944305
525473 350416
5315514 2694969
398251 335883
771940 676343
1680611 1616414
625895 547455
390266 368160
88144556 1157573
1121554 751863
407952 382772
797606 412571
1069091 539596
2382127 1745052
1051065 488899
606004 420638
738823 518345
522205 370460
1287562 455671
2605746 388241
1940192 1169763
2481067 438496
967005 488244
479485 430063
483507 399505
1433908 462961
47671319 579707
5431552 802367
813098 373315
1294522 451158
1544072 1454534
401822 369746
596418 465100
780775 381886
595689 469472
1284001 345185
3844031 797265
959512 382211
647726 447839
392791 372176
2716983 449813
4443254 388765
1416662 345692
3869384 504044
815290 368805
602733 478785
2619430 348721
1500207 642377
534044 374479
676367 529506
4872361 777620
909990 334164
359633 333697
1497527 479212
1028855 872101
2556051 503531
1413373 516430
4584708 565393
1907007 824931
562663 334622
11755361 1053030
496214 419027
1536695 742759
14392597 471918
4444885 420754
4553503 495380
2818578 378076
1790002 548695
480712 395064
1300307 1203971
1032253 717020
543437 474900
3929447 521205
23499859 662975
853027 794998
2387834 848671
1223078 879911
2268629 344128
721974 370832
527549 401498
1011678 691046
679093 478354
1244959 338272
395342 333963
964380 546673
18198559 356284
795647 572937
12341540 362662
1729850 509855
2611543 880212
20615651 405446
980199 376646
1389900 717883
410874 337284
4674479 643769
1622597 585614
1318440 367809
2358690 2206718
430323 373080
38278942 435953
1516294 652201
5643302 385473
2158366 948049
859288 485492
455275 389932
1095993 581271
679459 343808
1179918 397343
459269 338638
515896 381794
712201 498836
5456085 377421
18435831 482854
898370 401689
1389681 340500
11906553 412505
664261 559337
3834631 368250
623169 595698
3330021 1088626
3714061 609306
680339 591181
1156155 442204
1477473 348358
465049 443132
2535692 660989
2278501 360508
1208097 363735
1804753 374153
1064802 730838
1079861 338119
637801 466248
818861 644589
2842518 743464
1121890 785148
7628047 416197
1553207 398103
556597 467554
723609 368442
393654 357676
6361045 795411
849553 626795
610688 364439
2230509 401388
1079008 915101
1980246 966302
1491983 393892
987667 398596
1646998 554982
482113 361455
453772 446334
1194984 399101
789105 342552
2467467 1081484
3007533 461434
1215825 718313
4878734 3852492
1840916 842637
1615451 356568
1540020 1092601
2622125 1128336
618853 616394
2659308 1483347
1139411 598863
1166636 416248
459857 353205
875072 584769
866612 766796
577709 568774
753097 339220
1787609 849397
1109662 441548
107325854 1255442
770886 484710
127799825 2149851
2332417 570221
37447952 874593
626242 504547
516156 399198
4341024 626313
1487671 522101
1089929 400863
368222 365237
1102661 371425
1370414 375043
654120 627286
1799408 538555
1383190 1033727
395790 358498
488228 486887
1985222 1456967
1677664 351506
9318983 399841
1135064 697479
748609 446190
836487 364788
413102 380108
73845774 1234710
2074275 728355
501251 349426
365569 353219
5990323 736692
520425 362770
735516 512527
409392 344379
6881261 4707095
1020551 447479
652186 556138
7674136 827704
1974859 455960
372345 337178
10590313 870583
397598 375733
1516310 1378165
710924 408489
3174659 393412
611009 380357
11530727 1840669
477447 470837
2712442 434896
8060359 690751
4792284 616116
4292120 791076
4886226 4493208
1855201 344059
459120 349273
1017088 443624
613997 527064
1100172 355484
1455337 381197
6305697 1208832
500272 367761
709463 352764
368863 359974
586393 335018
475460 382543
1280865 364375
393132 369497
721184 458720
514691 362611
1097773 514898
646955 451210
2236641 853271
7079771 658315
1838246 336908
1135834 537793
539947 383852
2308796 341520
7416185 567844
470650 349452
1281322 561317
2973150 735389
624050 431422
668682 362662
3573213 411958
696077 416253
1623291 339828
2970755 438981
815119 363799
450705 358309
482836 404910
2212635 354673
2616865 451765
2968296 544946
1061561 349710
448295 395999
1390289 355967
6035321 366128
2808670 1165417
1091325 1051935
4715159 3031406
10042519 457473
2031367 455216
2066046 647079
1855674 343710
2116133 1407562
3899871 1253056
626400 514687
12927001 2566025
574368 436522
610376 399982
349425 345828
5677269 1256184
974217 403445
524320 380229
22349024 1216442
577852 397149
678547 402273
684947 482152
610948 521537
1101541 740876
589383 370579
10725994 668912
1341076 860486
341839511 973091
13437124 649968
1044445 782993
513621 492059
604895 362984
689596 343670
429881 358910
443449 346789
4739598 555636
10951070 560555
1717797 539051
443065 412838
2679677 707523
416365 409360
607701 404721
2119682 443552
657564 524105
1145746 482799
2120114 436787
1600096 1168711
1182581 1163313
931862 583040
959896 404587
379918 337007
1007000 412466
1464844 1349687
2349090 417781
1018389 371150
643120 333388
3195012 399189
1592595 672380
741042 368437
741165 569343
1992941 1794317
2384533 377817
31140568 592145
10702218 2115618
389359 368666
427564 365088
49240375 477848
1441096 455337
418233 355358
6028163 675631
10899902 4956819
863521 703233
707865 390646
1885151 1091181
464129 420048
1213619 351819
843362 453356
13293770 928765
478906 403185
2158284 737671
914032 588565
6630278 1213329
5808214 652862
4228441 2066964
388641 336861
6164949 514712
1202905 941201
9826320 2036752
1516824 1028910
1151033 333552
617159 470186
891316 337512
4584218 352312
1277506 554476
3082470 404427
510648 426142
1155698 423853
496686 484523
463750 456356
935939 378066
496170 335320
9953657 451474
2054283 628950
14972523 362895
2415440 1586884
837338 345277
2563912 938493
583477 494085
896903 773041
446767 388727
1743283 798367
482770 466162
3302087 336320
707369 359905
2923015 549205
695210 401322
886389 658463
416845 400871
484614 391398
5189091 528565
1050805 462598
901780 417780
815962 635634
442658 398528
2660722 984140
426099 395095
405371 400287
4887551 334577
729115 375160
1026797 340438
4598464 675036
1075138 402459
1529691 484321
1306354 433492
1332995 357843
1075793 422370
846313 720873
949021 426083
605525 377249
6707697 2685192
445570 404576
558908 544921
3042573 1053108
603629 377051
1898795 435251
1412773 643636
1248249 397331
634458 338486
570146 344656
1410352 459293
2088989 414275
832933 369493
637742 429504
483038 357671
2721425 353859
1013687 709917
464082 385713
580873 445742
450324 392809
828957 359638
409110 375662
29658328 15793533
793769 521353
2085119 489025
1262539 815352
1065486 646928
3260866 2765868
754855 383877
453247 355737
20443486 370998
4154933 2313694
656361 477740
1281831 486718
1083841 387446
3740264 997144
2157662 419322
1519184 1266842
1016899 555231
758768 361192
396644 351045
35872134 342966
1479534 442024
662059 559376
1274984 369947
9182991 533897
566295 536955
521275 515087
15871766 396368
643735 569276
2220589 1642469
1058561 452016
5869114 454334
481339 464162
580648 357103
829757 421254
1006997 362456
483165 432408
420365 335100
1353376 1266026
2074220 663406
3962102 764423
447452 440778
3936760 1434487
861652 560157
650093 487638
402988 361919
845888 557434
1016574 367888
2499514 633583
1184954 349326
36722501 470563
2350706 654661
39701852 390389
661359 455646
3581664 505231
1999885 376163
1168986 402102
671209 433062
577030 373524
1397441 357140
2048689 661455
1284180 399046
750835 344646
1903337 522807
1645681 1024703
6269868 553074
549813 366736
886400 395097
2257411 495582
960929 529249
11656560 558269
1910595 1215165
1154309 352923
1117678 368438
2947826 738682
913205 509086
1185392 371992
2461207 469070
1203865 464696
1091044 931269
5776351 1367692
831793 542902
5212429 423526
1536155 757892
1494255 1069431
1402520 1004303
5201926 856235
592028 409853
973422 404978
1798242 877833
1996311 396059
607869 466366
413227 410415
418716 376809
21153325 584623
2373080 1230561
1667576 1009917
992682 602273
4387371 550138
661090 470553
642077 441389
641975 558022
752330 336352
1325209 503736
469388 349702
1432762 945750
1162078 904922
430189 428624
1019885 339265
559451 441280
463244 368998
2796333 1092498
2349880 435245
2737313 1448551
690983 651105
25824726 512471
4679084 1541112
2080089 384415
6142122 1131472
877531 784150
554840 408319
572104 570994
1618668 581552
706027 541205
428626 383624
601360 408974
378328 369703
2012422 629974
961661 576166
9477056 405133
1320665 350112
5408085 435723
8810864 2006736
3266122 437399
2190481 893955
9318925 2010162
4203602 3120913
3098989 1440241
1062198 600378
1466193 1143301
892816 363226
1283448 809428
457419 399037
386766 361493
2326792 688892
625513 615381
1400962 465201
2907998 377594
1881558 1484237
1399787 594768
3765301 870827
513126 511517
953729 673462
675483 510666
1938202 808931
2561282 668655
1306925 431888
913085 701342
442482 350725
831491 356408
1347646 732814
2276766 336698
1708684 538163
833144 370587
7938417 1057755
10778239 974347
8577736 731988
1007765 403303
842848 588242
539867 426383
542660 362120
869558 346430
1218780 348047
511244 395381
1401831 370773
1213179 648537
684203 615818
555109 375407
760037 470635
1083704 948369
502469 350021
1781343 1327539
3992148 814739
782491 436357
457347 403084
10007970 475028
132531333 394329
1035861 621572
619021 407663
401896 399807
540414 394936
4218631 394907
651483 413462
1303456 406589
2166462 1512338
686907 524687
7480818 1377222
660165 397235
18173705 421910
371431 369467
697847 350732
787842 562591
1480587 664748
1520170 363874
3344748 343759
338848 335743
807853 589243
1205545 341865
1199797 549702
989051 402100
604513 570069
2496957 356145
507394 346404
1490739 705527
7024024 1078146
514604 410511
961774 381191
2950223 393906
1603180 737177
1272213 896040
515750 448076
367492 357423
1793277 337066
1581107 541046
20793184 639064
1064215 430560
2313491 1061222
1623391 337581
23544093 753304
740569 346365
777628 514517
1583944 472346
742549 359325
4801454 1030470
639431 425547
2024850 889141
504292 371674
863321 438149
15242663 6837747
9361501 471635
9497767 358476
958875 541377
583141 496508
874604 493742
914712 676967
4483217 685077
1542079 943270
3440684 801652
745498 340174
2084393 515664
1553518 1413970
1019470 742937
578746 532694
8062817 370983
1248027 614129
438584 338742
560662 550188
1081582 453128
669314 572024
678945 457398
397592 382561
3160589 449354
968780 851068
1247939 546108
1130690 427969
636095 378456
597921 333430
1799654 773588
