3000
498570 367303
465532 452276
969956 405996
1750844 853463
13511469 502437
520370 498450
454225 444739
769413 518035
4556323 505346
521065 353864
736849 726025
864407 369209
527477 366912
397104 369955
498756 342133
764505 626707
9225536 667066
611635 363407
8111061 333596
5208808 669423
1214214 612315
469158 364696
936285 662556
1163443 609746
5064616 1075746
7504599 2432981
684963 370851
525886156 402582
431896 394672
14886734 1050425
915471 525250
395685 333801
793909 591578
612947 432674
466199 445257
1814172 820478
1661484 351968
1279749 448837
1421199 439845
3969987 598247
442513 415427
765464 360808
697913 508187
4900295 336861
1620035 365793
7790899 5170037
914387 403651
1295183 608349
2782446 334307
654751 514664
440989712 592012
1871795 424237
686964 417799
1822962 1820152
649232 340446
1883318 362369
1072153 341738
4916122 373392
797835 342292
840222 350540
1071214 351512
633827 342197
580879 335153
2820993 390294
2325355 1780971
903201 833609
3135865 1773904
1933149 454584
2538529 337526
4721034 1165574
604422 361502
498439 493259
5605006 664068
3916355 1179382
800989 615968
743956 585669
786737 424579
2082445 484902
467616 393757
1844974 982781
819343 734764
390108 379533
496567 383544
1267470 561161
606008 433814
595008 563635
2611894 528505
372782 333841
829221 492490
1050563 916781
570522 406399
1285009 1278527
654572 334880
401766 398559
1278869 682433
502969 484353
752981 687573
872513 479673
1346799 396179
2951759 887186
1643632 1441823
382755 364738
2319875 357593
2280687 357552
1670954 382459
352601 341865
753687 364230
1838951 737077
2688659 1308163
925982 397890
1081755 431900
436728 421952
1180075 537244
953852 350381
718813 428073
1287142 951320
726209 366697
3599318 990025
701757 607569
426523 368937
529114 342208
827759 388933
2838595 1006454
54628250 675015
470817 417647
14570318 461584
3409444 1228109
445813 407769
1377705 1143864
3248699 715614
5505589 624426
2000936 368458
2060064 955137
1733829 366993
475514 355218
1393823 1035046
3461929 340919
500623 351996
602260 355455
2650512 484104
17592108 435898
5720462 841984
367080 363819
1211382 483260
721982 675696
513414 365118
1176418 388858
2813233 1126216
499652 369470
2172188 1045524
933525 633499
1335629 604009
2080383 1441074
699280 481643
393989 351270
779855 350486
2224742 747284
480910 359148
16346322 567907
2029031 1055614
3081525 2463618
587048 406266
1949582 361043
500879 335917
4250478 847179
14729006 1014792
1009111 568857
2753021 627924
600656 476491
1103752 708934
673635 357872
5241582 526098
645821 628228
671199 445779
1788116 416456
362999 336370
2105536 429160
907638 571502
3345823 1541758
3647154 540027
1471190 465596
452547 370397
498187 377686
3301869 392864
1882167 765963
673843 414602
2603265 601396
7054603 350080
1481204 384378
5606333 410189
872779 687908
1108444 362651
498802 432076
1866864 555499
1088925 536699
2050168 402738
1128696 506976
3148132 958857
507318587 578944
1095497 380148
1734622 444420
9583675 1936353
1703503 961961
1936331 770404
1112141 401037
1205016 640446
10956546 1017237
3094414 342947
915006 771959
2620008 450128
487811 464224
703115 601394
1554668 374577
413674 373899
1852548 654437
490340 379305
644729 373887
403340 371981
738257 502658
8366152 463215
477468 384240
367133 356412
544198 460224
1797352 646364
499763 486424
549639 379023
853311 383673
827296 554360
4083363 402975
508070 368660
2519155 402297
18786458 382548
1495743 1435332
1702765 588562
556921 443059
4139157 888752
517656 440146
669591 459491
796226 689158
4751414 653127
540216 431106
1008165 358941
694564 411511
2205053 362237
462963 402236
530300 378582
712627 676105
1659228 778869
851632 470473
4413191 539851
474654 358462
844232 343946
2080780 1022832
1057138 809251
1833228 513781
895174 375229
1218790 354188
833313 644677
1483787 414141
1186753 642627
1473361 1080453
479823 362162
2330790 547858
985662 369952
685306 341535
1412650 397771
679926 384896
713725 406555
3062252 479339
699436 398175
692427 368324
604367 474817
1113240 469994
781044 377271
9282928 867182
1286077 333601
1490526 459264
2030413 1030455
4153529 1301582
10114795 1266441
760781 338048
875514 335330
3924395 484638
498030 410723
2055818 442979
2142058 1458303
786981 723998
631797 590166
10530990 2066278
1024966 570465
4581710 655639
475742 440021
2665849 2288992
672274 589100
5763117 2750539
924996 508390
610017 485373
8143303 1921457
1274374 978342
610368 373147
1089422 1077976
1350468 843548
5679892 647698
1942883 437282
4260314 625443
519303 347011
537997 482141
838407 644225
8052394 974160
513650 348152
611533 589259
1808741 1748033
1365822 519867
661267 400144
17909100 447465
1013823 804622
3300637 421170
10279673 417632
906669 573693
1287121 692859
711978 606646
415293 363533
745579 447334
7180367 354631
2234822 1077432
481166 341665
3093434 821170
5315185 734539
1445821 606009
454645 435170
3205145 563588
452744 416564
510296 388991
3915893 1070068
549103275 1354944
211651741 399897
2048290 384902
2075269 418718
2627220 381486
1106231 510437
1099007 372866
1922183 746692
10667403 568101
31774336 774930
1650158 572562
16762530 573274
1332591 476558
435219 389137
1152014 366936
1686535 551173
1593326 625400
4134639 443099
532850 391670
1163591 363184
646258 406554
501669 447956
2659999 350676
971775 376752
1473649 355881
2509631 473052
415748 342052
994136 382442
998530 463936
753165 337775
738940 719400
1455988 638351
2552041 342852
893226 428158
484705 393987
838910 761173
1221877 558796
830409 769975
789029 347222
380346 338201
1635822 427829
427446 411183
1090306 672040
417593 360673
767232 364946
1318564 714534
30862817 1277870
541281 520849
39361773 924426
1465096 715537
456514 348296
618117 564015
1430849 785594
4601612 2107658
656661 558898
647458 354678
5952350 548132
1424648 561531
1336312 419625
1383784 396840
17612432 387647
942026 362337
822894 339222
4368888 435141
3924413 878737
399060 378688
369671 353404
744703 395173
13881118 1553073
3965470 345960
646552 570607
3992022 521172
550670 360780
8605572 803545
5131471 348396
869735 578210
2097591 464302
1374203 348735
1070737 452921
1745378 490987
2528753 630970
1858001 1649981
1414265 762348
649363 571522
1459355 707935
2476104 344834
774892 480659
1703016 1607774
1369183 367692
2220301 727574
760956 539283
7313339 404404
1296615 829770
578903 395226
1126654 554646
3587771 495579
1351845 377845
1117342 786225
1386472 654281
423604 337691
2163862 640678
3754108 571039
3630855 338211
425040 388357
530667 350821
664215 399521
2784268 396592
6095150 1876741
23452028 381010
617380 374725
1171499 973630
445787 424214
728738 522732
762680 682212
6790473 1028441
847856 795807
5227093 1363591
454574 419631
1290791 491553
1138521 347993
1203448 635159
2119669 448324
37648964 725874
1458495 539449
6374010 369887
490470 366959
379395 352867
12195185 917296
31385014 575249
797126 365066
630945 377780
54071770 392447
659752 342522
766139 449977
1627574 433168
21312178 1640224
1486376 1247636
3138897 1174517
688998 502000
418552 368044
514897 452094
21223644 463916
1259110 552304
3599025 699451
697700 423155
937125 664712
807444 396768
661326 369668
4621633 768353
1353641 862547
977188 667145
601620 394529
549784 429450
1448755 356948
16541303 396348
1976874 850905
4723131 560352
4212552 1086861
608498 417351
531289 496988
1734640 383557
3217178 730280
470596 440065
2472962 798976
6678792 2495849
414868 347984
5275276 590591
6178035 668639
359911 351460
422131 372986
443331 374254
425048 367243
446555 426975
5704321 562471
2128721 1126780
568666 444830
3362769 2631272
702404 420593
674958 510834
5972358 493737
460626 406484
552338 524528
422505 363256
1064100 632651
2593414 528278
16124680 3116885
1276294 396565
581053 355162
2103480 392165
397476 367065
1833593 664742
1099703 696482
3630037 646586
1181112 419701
770382 398087
351497 337248
662508 449464
869065 626859
649617 392775
854976 351463
3882063 394717
10995726 1630397
905315 350234
10685860 1025367
15674054 1897423
922047 891161
456682 343112
641713 413817
570864 340736
1005866 523721
1018535 427294
3313881 821356
7730570 544439
689407 393424
4141094 892509
515280 398955
881227 553043
523160 478618
781237 682665
6861707 336270
2965667 1270268
894789 416475
706882 700139
2424946 933878
568695 501530
3650561 1586281
496212 358845
1378139 420915
857623 421432
1028074 815904
899384 346498
1129201 989256
2334789 446241
555898 510126
868490 472684
640614 636272
205784746 1313168
491470 393383
34820206 500624
777850 435208
806446 379636
2147292 347951
791708 525088
618343 434426
5841112 502039
4165061 493993
6532001 2569456
1294099 355456
497933 448234
447580 401758
17491525 469509
661661418 480447
8388407 897870
531568 336423
11204100 2638714
687996 659018
1090718 373631
976650 468580
2276120 1851497
489425 365756
1053003 621116
436781 423183
2679235 426669
555077 340109
490742 386276
528793 478963
2536461 764696
1036255 515894
923847 540566
7003497 378479
748310 360391
3478008 1307846
1057883 345771
4026462 1003643
162690909 1076200
669063 658048
2213258 762241
593926 428574
941649 777746
3734813 1091087
771087 594244
1778702 351832
6482350 433163
820267 576664
712315 350053
1193220 762608
6248681 563895
770825 348750
470571 433895
539710 377307
872440 583482
549926 366333
1154761 386839
977922 567638
429981 392913
6098406 603945
1041199 346582
2116692 517635
521489 347207
1125832 380472
2578615 908808
1055960 425152
750828 557642
1387421 967750
2022850 1539636
2119856 1102868
413976 375596
3007421 422065
1268605 415257
1632134 693444
5998658 1400178
683456 346396
852299 357256
1762170 696426
979032 468091
1362844 477643
89024528 1108847
1614891 609194
961262 710503
424447 372747
19713901 1648426
555562 521658
29374400 2835556
393092 336592
471171 335926
453349 410813
190803445 2212680
535239 343950
987517 336506
808968 640756
703792 481924
962011 447725
4921356 618208
738799 360932
603084 462510
3633475 648691
2209900 396228
1369185 1138570
1534562 727064
1933184 425982
1232612 407930
6641621 406236
615886 356177
517656 451620
7989074 1940118
516239 343324
1349501 801897
434705 367034
7256265 3443009
902353 367172
1395829 446082
23434018 1050926
3161568 513290
7148343 1256337
557476 438500
1503931 582434
2439786 385181
7651394 391250
809186 497473
720294 518228
3904387 1033800
3777190 618849
3554597 1205414
1771298 848401
9840797 484878
22566303 350322
1253889 577951
1258863 544020
2789406 607977
6047754 578239
5679786 762385
1481787 554559
5164174 1054174
807428 760376
2974849 2468757
812841 407075
1061160 507251
1384503 426336
1279523 953153
1934799 452226
687324 402147
1073176 497208
44151335 532636
2635294 573990
1208937 450031
816972 804013
495241 447828
479519 402998
2463653 613400
1377188 366496
3908675 1588427
3923611 704796
320494907 718447
700344 352504
675873 384275
2659718 599886
474974 413340
1519736 562027
441460 367969
810574 685945
540149 399699
445969 406174
88148993 654811
668546 415744
2510293 767130
2618311 966600
13036437 970834
6271004 801165
13536766 1044484
32878963 875200
1741903 348369
1223377 1042459
1584868 410509
4595949 846688
7097961 427704
2078657 1207173
645388 338875
439768 381628
784798 354833
625177 456185
859173 679693
1286225 831554
401058 389823
546427 355509
4594930 1299531
434357 344536
4851308 828247
1123275 415639
1430321 446196
1080416 669143
2476270 696682
499925 339257
1233994 884380
4033144 450963
1322751 462254
1658345 425928
900380 448971
966733 530790
3595446 397193
772444 376867
785888 484647
2163321 864033
488846 407790
4367793 595813
550396 360680
758627 409908
751756 381794
796795 471018
610185 446889
932871 538069
4694584 881415
2318093 1309527
418966 364231
863473 668112
1591668 402366
1163004 747848
1013786 337775
713695 414316
1128365 873632
488319 404253
1067707 413267
427935 341546
619750 396395
1301653 878986
832947 484878
740921 535356
2119148 417334
1917868 348154
3709464 2210096
1028422 666675
1363240 722026
7745280 536916
384787 369472
1281493 335923
1017332 740342
2549383 781431
4413127 430682
1099613 921044
587749 445126
592276 390172
491290 386537
660981 420152
1953956 375950
701170 356114
1782180 851033
1113300 640602
1022815 413648
2937766 638360
826390 334428
4698464 3850400
3320630 699970
1867260 401346
1778545 511641
635274 429397
3871393 372299
1355843 363197
2690376 482151
2735576 626987
504838 420900
683468 563543
1169803 403634
671991 375058
517316 360967
1732086 629338
424989 406398
400501 377375
1019073 565032
3648634 373797
1239679 488948
626599 377564
565785 342090
486380 439703
466533 335191
826466 352503
4381188 389769
1205150 473424
508223 438359
2982333 469775
729418 619976
5751872 496848
933635748 1075854
2914727 1025656
2036778 712205
894503 771106
671415 529833
479635 378372
15806543 1233796
480571 450754
1530460 380716
510137 364253
654643 350476
868377 559360
956261 344718
811610 415949
1595204 452712
412024 357406
2543735 1081596
1515977 419033
16391239 334741
411206 345104
1599996 892900
1370084 757400
467504 338624
643149 451607
621404 354385
482494 378550
4270306 2811321
702845 396176
10932984 1751537
3829324 3514308
1516254 347077
1175547 1133598
1016919 746819
46830626 847337
564386 343276
1140291 455836
555863 418942
959081 840675
3911674 2113587
1019695 425198
913955 700082
6970435 515668
861236 588252
818046 352050
1818101 585990
2624359 668661
434459 422110
951699 787758
12276447 354091
1855782 1335438
4803209 439216
861550 382849
1417524 876762
3894321 519148
2342083 688218
486233 415964
663842 366982
2109198 437697
842011 337133
460913 341897
516520 361357
1692882 454631
465513 386898
1209811 763620
1279271 637639
853798 406619
17967945 664410
1510070 551107
1370377 780314
7839362 513263
1426740 448150
424123 389013
740497 358307
585518 367179
12156133 2962986
1281831 895954
700689 653564
658519 512724
4862314 377835
588426 363288
381952 366523
14757509 482067
401934 340209
1607105 1576627
4433394 447385
928214 682079
7378720 2255603
1489363 1255843
22680284 1667601
1510622 338836
1218743 843482
1174082 1063894
813395 567621
914202 519984
602049 444829
881946 634137
1161639 655223
438391 376555
1978952 542986
597390 490606
615877 485635
2120106 383942
1616699 707210
375560 336010
1664824 1272197
2374405 2276299
16922193 4332464
553439 387422
69176841 1957310
719416 374607
686911 446965
632364 574450
16643278 634395
29420570 661014
1304652 504292
389405 334728
1088938 940537
1243231 643258
6732226 2907491
493305 401216
4833337 982941
358326 357329
4136238 1339538
3600324 453861
1096768 399518
642336 447595
1073309 584456
595427 461835
2286246 488569
11127183 433051
345152 336946
422535 375847
1438590 448412
779527 437904
9026168 368631
7225704 4401002
3114208 1379514
423684 343951
1647117 1404336
542029 535352
592855 411656
5143718 835264
19298830 1178373
806572 392964
867293 413813
3300989 860934
456664 413251
1300148 339639
26304784 406333
11460456 504692
813312 538178
8620614 3090507
2753571 744891
735112 441480
766581 373873
8586917 653167
562975 519126
759815 378465
562774 495751
935144 929484
737326 388460
1292748 796737
551586 468284
4147790 642080
555941 335390
4736806 455652
7758871 862834
755282 409103
2561777 680126
433339 350368
2086242 465310
713413 552723
5403588 1297532
2727686 1560511
870692 409589
866241 373345
1925144 419458
353258 341591
2917375 1051774
8032279 598711
984209 552181
1238266 335358
2070641 924581
1206735 811113
579495 355154
986433 600085
632404 456776
356285 353854
1705241 1080166
920978 838607
3933506 806823
1763787 345292
1859171 986757
455755 381917
1508859 903769
662455 432639
551691 377773
982375 494055
1028932 617161
1814276 905723
2373382 481644
1300386 471317
1781752 683371
1262366 702321
473119 388252
1322124 960584
894788 574963
3339906 1246307
725348 419337
813741 359135
474564 452647
1789395 397595
21923494 547749
2935349 2800811
436832 334779
690003 415278
5228595 361752
23459261 796019
1439804 913063
887008 658226
1000000000 983615
1530196 820582
1129308 408824
2318620 672977
526915 513400
960567 846328
792250 596658
1208430 516720
2376443 391138
950041 441794
697428 625357
2867369 632234
426467 337006
1146330 753754
1125668 639499
950339 391251
785673855 463568
8634467 442429
622341 516071
902562 377155
990080 444011
1364916 513825
688065 346927
489310 404315
1563083 518678
490249 392296
472362 418843
1961362 489516
2483737 550242
956971 926326
351092 350320
1369919 399569
1417841 532877
2525943 529425
717647 337889
1832883 565376
1730861 384959
788914 333605
1870195 380919
3311874 394007
1069150 420460
750995 470208
927328 503244
5661104 1141084
668162 375832
2166033 395116
675368 598394
814187 573362
2942110 2223623
379436 378112
801835 362034
747306 530667
2333058 1081522
5019767 1400719
3916302 409596
2704733 629835
3040679 526300
648194 402065
799273 439890
12563302 862248
23332587 2123269
764521 530281
32205785 1000290
383008 340782
2023589 355418
949062 496890
84164766 3551076
5236941 653110
4608554 744160
2626867 353072
533867 504675
556440 443003
644612 479083
735196 608289
1576037 899681
1817401 541504
7144083 436917
2982547 499406
514617 354924
5346681 1104582
6055090 813517
477279 378533
695074 408120
1869980 1377891
11646150 355272
1004325 471671
501073 453429
1998433 458069
1605023 374129
622209 463354
884963 497871
631207 335751
700301 498009
382540 376840
801503 783076
617175 454359
6138986 438685
2140253 353131
1374429 495749
609608 338305
462489 443063
3313812 431549
3710138 454061
505735 395619
6235197 1574678
756413 595942
1810401 386925
524784 458208
405840 334002
801134 571151
456330 410240
1034798 416213
1526652 383785
2091965 389080
429518 338262
1256099 406214
2406569 409209
3598857 759127
656490 538750
664780 492339
699074 497382
1343599 472883
805976 548100
934710 355523
2900497 339726
2295631 463103
1233811 440969
1459573 369346
487023 350141
502487 497627
454942 352278
463017 345492
750869 499730
1808276 508082
3683620 2804776
4810701 892959
669210 356301
1418628 654089
1715724 1498793
493684 453431
1820046 610492
816415 437846
431262 386129
490944 357017
637467 563459
1777997 416913
1322834 829916
2241883 769916
1131373 450234
12231925 564563
6003999 402404
7043967 358052
925922 599660
560108 429337
1791429 507747
825178 653601
608186 546129
435887 435161
1085305 902879
478066 394197
705010 400547
392502 384053
493644 438197
727730 698663
5113656 508361
868465 673383
2614517 659486
9128645 1530609
4797934 548600
653364 510971
549790 337204
2652273 357408
1898675 452097
928445 510176
618185 463502
3670526 340895
7050684 2244117
8723565 351568
810818 411208
917396 493926
3982902 615360
432640 341979
4418480 837085
429800 409020
341487 341075
845496 545444
859990 850662
21072709 843546
444646 416277
1184835 344863
601013 376146
20427651 344525
874237 720177
1697953 1131679
966310 383481
49609393 5728367
834501 564780
8783044 356596
442992 404658
17720488 504034
1243479 487233
1032744 495606
1267107 455424
5373785 611127
7811545 378790
452321 402684
352428 335906
2583350 412508
1193486 468026
1185884 456411
29322556 349411
3055898 1574084
496436 351093
934272 483755
1930003 375154
590052 531606
536957 398134
633702 421629
2379714 490014
1233611 697988
998328 532683
3752101 723718
4288510 1624911
1777232 1012655
1217356 388438
960284 723614
2320480 342277
1715862 493530
12240159 357519
790540 454118
4001916 1088425
790100 521785
22228316 588903
367322 337159
1839075 500862
354711 351686
12588300 2381326
1023207 633761
1098528 569559
1174940 440044
920370 428695
1089210 1070005
16798982 999635
2187227 497082
2917688 381523
2668525 483937
2622358 395379
11005573 404023
774259 397263
1584082 591765
1039699 865690
45662214 644035
2990779 933658
63889093 799781
762575 731176
908624 486106
2116668 838838
839419 657385
2357655 649332
902485 406968
538877 498413
1578729 614497
2880074 612366
1032920 372545
647253 351600
493107 381130
1301761 344150
1807457 621823
1323186 1045418
3101740 887921
1494168 387142
410300 390350
4155271 457587
1970739 744822
630306 424635
475003 381451
673336 384063
1899518 1283972
105577424 1986433
546743 483998
375483 335674
4958282 662499
8359269 558416
3421785 2436358
1271449 571421
3538853 1054121
665656 358025
673212 385673
481965 339101
6061623 2468543
1439326 807303
544285 504297
429868 361020
49012231 714050
10543059 422975
1784869 359640
2141515 692768
594385 334315
914313 367154
1023656 422651
444265 439057
103191454 3373179
4485455 709037
752943 338437
22715432 1913538
535615 370378
874210 759534
456171 367420
2513729 420447
619741 455607
443246 338743
1843834 461218
584691 408419
1224658 699208
7257239 1520353
3542850 346788
4108727 1935129
2935465 788888
1493180 1187633
420392 408215
1027874 929048
984900 585162
1758051 456085
1532731 620407
3345879 383698
995050 336265
3039885 435854
1984491 383776
1045623 662751
1381955 378793
1968354 408837
1969507 714311
813336 355086
5029531 1013348
432711 389590
2989260 429803
3114919 396846
8767850 505437
1152477 1120937
377470 336360
1647934 1369438
3016459 404638
2583043 1023130
413630 388362
542508 399366
9430549 944403
523911 497239
812717 446667
4978301 848867
3916371 430474
912360 574413
695416 456038
370041 368824
729833 462324
8643364 2190181
2389456 868028
999447 361128
4584906 492365
10467697 546801
4151963 336570
9481545 432506
433649 346344
578752 564830
2419586 625784
27114990 418775
562588 493546
1593513 572713
3783505 436401
494834 424870
989615 907314
1301838 543806
741375 711911
659919 432897
1138587 1074250
423982 359747
455734 345587
536429 524302
1004307 843325
1199019 621036
864246 338479
11564547 619556
1437932 882739
653850 397443
637492 368738
1148811 1035101
1387564 917827
5371621 333498
3336477 367333
2511345 474064
2040484 1116385
612720 352259
18594023 356487
824312 427078
1840651 428962
1133317 706828
2265134 768072
463068 336609
1852785 678195
371683 360497
8728686 1658027
459711 351221
504719 347077
460664 343276
1385489 800040
3062319 630657
363236 341491
443270 344860
526963 393182
7410135 516022
2289971 354249
2716377 827608
1977838 423844
1164938 1066743
1845543 488403
1030714 693291
5612567 392580
673364 474578
1485929 561599
658817 358297
450506 379263
499655 342021
601758 345777
974860 499688
4005101 567369
2354384 335206
7596302 684727
2220904 546466
557540 430332
1139352 845234
22407393 862918
455208 424186
1412012 343993
386243 381101
2662627 1000394
1759743 638528
510252 451985
499980 411198
1403192 883222
666571 374105
2652003 1892476
3072916 1872979
1451746 473639
1320102 462186
528268 358163
2725787 484534
764850 573590
1382460 573934
1081292 379101
620683 604597
651755 473358
681816 456719
468535 365687
1269953 1021308
10874188 7917525
1284611 421352
1505300 340042
6165245 670547
2414830 445764
2625548 1244652
521916 383663
1012835 336735
618779 491589
393037 336254
673867 336546
524418 496905
6413463 2236245
2680192 1276670
1150432 721941
683982 546530
10685816 380985
1151926 431375
1546035 726031
1312303 647738
5591356 385905
562424 388349
7485241 2206909
29795086 1935702
1046899 903969
1704505 589239
1189911 609628
11642779 381794
1614521 641173
2710077 1343570
560318 452524
1060475 813537
1911396 339055
862763 661380
588223 349364
268297870 353743
1286587 620809
690552 587419
563313 500553
2640556 848153
376490 349185
2064111 868187
365705 333793
513762 339473
2460650 439618
342558 338785
11147827 1596257
873872 356958
2428484 378422
574642 541274
3460734 1536511
1381591 340851
470327 365560
1741081 408169
896247 824192
699434 423399
3750615 732569
497255 368282
631865 334322
804061 377932
1493432 1139070
19395689 3663773
6340022 1129145
895599 343967
885398 584657
777057 544097
791945 578450
1481892 754202
2204892 1024563
1529046 609010
610864 404054
1035608 362543
715104 382448
542286 488837
570197 498976
3988052 446858
2476771 405911
1052383 414785
1520147 454918
456918 386682
1211544 405774
2191581 350894
417546 395816
571776 560323
1353749 509953
454860 395190
676278 384837
758706 728410
11638946 1053049
1068462 525740
22452933 2329234
1353263 1081290
455634 390367
507556 358059
2915769 878050
752242 614107
40783351 566282
3869525 492781
1373354 622596
542545 439204
1322679 367481
1139203 500943
1207336 1063825
2532353 1701608
9433420 1173849
346431 333983
865197 385919
1366917 565472
923325 456420
15870778 407908
435881 422530
2064292 398220
1046529 357385
1270485 696924
1096604 667852
1739807 425460
736983 522088
813697 432231
1041221 803575
1631643 555672
1285250 403237
548066 382621
853930 338055
1210710 975270
6341365 363107
2710884 2411548
927840 349927
6258845 2568672
437464 390115
662081 650705
1254533 481192
1976214 1048811
423592 402589
3357007 495078
1000750 840538
393267 357750
988821 821917
3522596 570775
2626216 801344
380100 378972
931894 506921
326893530 926819
651193 627341
1251534 592737
1156335 483127
1731559 337063
7333546 569901
648462 536878
22464912 735575
2588538 1403744
1611840 504048
1282304 659640
814666 492872
587277 471256
621989 340326
1312494 863862
604805 592605
613178 512160
570069 342194
2776451 1269523
1064088 542593
920536 895015
2736705 523973
1646513 1120768
9572030 921820
1526052 451328
351959 343726
2016006 640929
598465 412746
811973 588654
1895851 1119036
460046 356647
709366 590174
529936 483197
2068349 780727
33020293 550991
449967 384458
1028824 844515
2475518 347640
1204832 387618
8775961 919779
597451 525354
3045999 355035
659820 604453
5741024 1295156
580829 370446
3066180 554680
2021862 598726
6103509 562180
554344 477100
974216 343002
4098431 451976
1610890 498108
493487 343077
254124821 400351
789932 711454
1653472 965905
2367060 709031
671765 507102
2589801 825770
810662 362517
1532118 1399613
2500079 1339867
1132095 354586
992393 396402
1708628 339412
9526982 390221
1283663 406451
1097611 419961
659422 511316
1937593 1302860
348243 334231
485431 438952
7332219 467373
370831 348435
2164018 954797
3683048 1222143
8213439 492128
6745469 793575
2202924 397044
1836073 540474
582863 446003
695369 555957
1320453 420812
1618384 337903
443197 396245
59042239 664767
3507764 1496298
1011519 357299
2650692 868026
7204302 901339
2544580 718420
1456807 433297
1397263 403695
28637031 886222
778044 720363
1151836 575138
487438 378291
787765 543219
524957 421713
1196485 512999
9744025 933780
871655 374017
766906 368780
895366 743118
3075524 451957
1968676 518475
3816888 414187
699440 411193
955744 838548
1046512 359945
1141287 515910
1182025 343981
1061802 481575
603061 492978
7484668 407678
3254282 502627
378421 358073
568906 567917
795599 560958
630926 515996
1715746 801104
5754930 772408
604419 413702
980512 345425
1541414 732301
1919149 857718
616637 417147
1949323 625878
3851353 341417
1848754 693728
5823108 1624271
548864 341640
549902 346666
1198953 839029
1004272 384697
447158 368749
3150330 1674957
569289 505333
799646 343835
532817 470586
1472418 624679
1753052 715296
851100 387763
1955193 1027304
109946229 5018700
1070325 464774
454979 452990
705582 624759
6898986 599860
8938352 443527
1179751 409954
1198686 621744
444812 425569
804303 336515
2134602 407304
1456311 574690
1077787 704493
2258618 406440
445704 415810
683780 364157
594564 428930
623303 342167
828593 492117
2003069 930920
689932 472155
654541 484317
8469301 361760
7607016 876413
37351575 4207034
728377 615109
628269 611865
955435 364122
3217024 389714
2094125 578236
2847778 1154842
2527238 2216380
5961841 512277
1424695 428216
409794 374055
739986 427433
1397799 936960
2964818 1176204
894516 416753
681275 648049
802693 415487
1583166 447439
9701528 502324
1601981 393956
3217626 479468
419589 349661
9346906 344462
496936 333748
369791 342890
2407075 417028
968559 365431
1317412 349389
1196047 472804
1817078 1503642
1739157 538449
1463062 465451
444877 441735
3332436 1871284
527198 383876
679129 561781
424186 340921
1478891 339754
2864046 1167528
800270 447283
1256292 481248
1742357 732527
455208 430581
558176 522313
786348 362434
3401550 510575
1567799 725907
1825439 514544
913994 431005
4334023 431068
894658 723229
2485562 341190
6341842 1349879
1032458 806544
2466093 396908
608522 365462
1271275 568484
2565499 1436359
5733860 347292
2650839 420253
2032422 666155
3711856 365159
3757170 419526
17250663 442761
808653 797422
401200 364746
947811 392434
393342 367714
1358072 378445
631812 568874
1912235 416804
31894190 869803
602389 357987
1581552 459896
483452 402302
959336 335621
3048863 569600
422315 411639
2636321 431422
1071571 639082
3014567 346634
4061358 563487
960894 549238
774661 718880
2949608 1047488
602854 511895
660868 424140
1473314 443226
1642924 1068894
807293 377666
15758412 423232
826957 372697
2998214 459662
3771538 509532
639061 342465
1868729 476002
1285832 779068
1424417 383305
620627 590138
1437560 916873
21842047 568717
968718 354112
483350 390414
579149 350181
1538265 495909
4135845 418661
929535 391893
1996397 772807
487742 360521
733052 551669
430965 395412
1036348 664266
914574 439807
26516845 610884
484910 335206
1410578 788076
811901 390612
1946683 714975
1008015 485841
851187 440056
1658610 447410
686512 375943
2575878 1622476
696071 394551
981933 699192
33959614 9556718
1073855 687091
514609 512725
555808 492956
2038590 1102380
1801010 1027341
1121133 758681
3063056 2559578
701977 455241
730586 350871
702224 596229
808246 709382
2206202 1179915
1109215 544658
1597848 415517
6485567 1089638
2966364 1695136
2339866 737077
465430 385843
5014582 1251725
7703036 3460218
510620 396801
3045569 692437
2525522 539887
379414 333638
1111743 336286
519907 350166
3599231 607466
608168 436574
532085 335549
391091 377843
446981 398212
2526185 622611
962994 335217
1231683 926756
2356164 591241
1307292 337038
1157072 988498
1182959 640122
554831 478670
848537 395156
687139 382689
5068738 667177
390831 380510
800980 761140
1122162 1112075
1220383 398266
1357758 352633
2905201 700540
646030 543839
774024 711240
44184588 1017592
576584 398902
2997745 751707
2146821 562929
1667403 599708
438103563 823391
2511612 371816
532344 408354
1641217 501425
644523 528809
687374 522326
1312105 675673
373566 346546
1477943 448896
849317 375844
1162837 686058
1002574 493646
1540670 434006
647214 507906
1607870 652738
1468187 638333
708282 392766
1322285 407019
1104453 353623
24078263 9406715
547757 406097
101300536 1205145
2410519 423432
2385072 518221
2989923 398616
945065 509953
13741565 503521
920760 376442
11670080 1233566
1221969 376397
3542926 856477
713872 592829
1521598 717976
998869 348911
6399994 628503
3076575 783989
2396149 515300
1342525 1246071
3551321 454795
636041 363698
981232 559634
507674 385814
620294 477523
369911 369312
4236305 413406
407667 347071
564112 412333
11837506 429143
375646 359694
1276615 381486
665277 617495
21374219 1465407
23977939 387851
1947560 1546387
1577563 339301
728026 390868
10152436 1151607
2709735 1358003
4229079 948080
2712420 440614
544694 507752
4117279 1366014
401037 349150
7522011 549478
3379395 578859
1986096 792161
3393979 669662
473717 356409
835100 447605
2328593 342047
1472450 805733
460611 358732
611789 336254
1658932 1100010
3349797 558589
1621199 482119
1368790 344174
817343 456442
390049 370962
800723 386311
408037 379735
734486 444775
722811 590094
1041422 348761
361799 345673
748789 712565
469603 425806
956523 653646
1645038 1620685
4637668 974649
673320 548370
1422449 390675
544384 446693
1351154 367600
844882 333368
1099122 474816
1579933 918455
606639 507778
17005765 539114
481659 474656
5567571 370348
991419 617353
634203 590837
18833361 1193782
902200 685687
1049305 513706
595689 404553
2128015 796519
618024 378079
1655331 783262
800935 481338
1136697 748945
2388247 359208
2191048 1398011
387313 344502
1613721 382389
2966553 692792
86583547 502891
4360781 338110
1014676 517445
713911 414827
453845 366494
972780 378069
429038 380909
8352526 2627648
3860264 492296
4603986 699715
370367 337453
628179 362404
1000000000 454006
661642 400648
815083 438917
9221116 369067
1271194 395902
1837142 506024
1164355 943240
1270054 975894
968806 355827
2353710 634679
621292 356754
2805880 335023
892588 444813
2260806 1212139
2739812 715504
1750478 466175
390673 380807
5168816 777906
1299467 546889
20286183 529646
1908857 435049
1167488 858702
4949215 1171301
1245225 334933
553490 475409
953039 533802
518694 420766
879785 437238
409239 355486
4411380 496592
652197 392660
1148232 408866
3641545 497833
3683191 844370
612310 488669
5241513 529049
6022741 508076
1039251 761152
809867 633150
476135 412817
25248670 695619
438014 415197
1392321 382747
456772 336728
1820967 1043299
579076 375857
1254317 1194030
1656838 599244
456541 386723
783770 360277
1202655 361374
1142784 509087
578763 345974
5733562 447918
494525 357432
565919 496004
658719 338026
447081 387987
601658 419554
528775 357188
26923732 1030284
4049971 543694
1031155 335409
2638232 1787690
69640818 1190445
767438 489812
817200 397508
674895 362908
582089 436761
1103076 893851
3937692 463621
20905096 421212
2361695 1475556
1856185 474580
340718 335345
741093 447630
2416567 513945
685101 437310
2698381 996759
1837190 1092936
509894 374515
4930245 419054
777035 352974
2362014 740743
1518987 488787
1031277 723489
2909046 342058
1244666 985277
420261 383580
1174322 612937
684772 489239
3321578 828972
519753 443330
3841212 390954
5287872 4702141
729544 340508
610301 372608
866911 619812
860725 781313
1487055 925201
2175734 1453068
1421157 1074356
4888029 756361
649650 599265
628220 543703
909917 600989
1205689 382440
10841014 506134
45861860 981364
1514357 369128
679500 381540
1052058 400234
1086425 423740
1120292 523805
1614447 365922
12532245 8093404
5677492 333534
1577778 1116929
352114 336935
573071 405886
8600175 961154
17024867 413008
7056886 351034
1230469 424269
897355 552812
1632424 373140
609313 438355
46263517 696841
3228076 354610
4118435 428928
574248 464213
3120868 385389
4311173 629227
1542260 876491
948323 337277
2573622 394529
986038 447023
640516 490094
5120015 372468
1411846 724060
14767833 3556739
1445596 884679
1099562 418837
590759 337608
455030 411883
977123 400402
2398930 1278807
4278904 351846
25967872 334569
873954 338784
1817246 500302
56405027 798451
1281972 1045403
898363 658297
939107 508407
843716 466223
1126391 463693
3267148 1136378
904429 447336
948442 471317
571673 426219
913867 568266
590388 393067
735245 521302
749319 406452
1185435 365533
1424312 930052
10224057 2386341
677680 397280
1116309 800293
1439906 1423426
9066461 514047
907608 897847
468006 442638
1348220 550250
1304009 1150814
2635256 402623
640473 341252
906764 535378
430006810 629221
999454 419350
3779446 430375
1258118 413622
1087756 732286
4955972 559892
7512649 3205551
1002354 406431
649404 339491
567712 397387
561261 352661
2810990 361987
7436099 435024
1548299 356317
1276857 374257
2849768 1496325
580758 357620
2375949 334947
621335 396310
2727358 848672
2843353 694465
4394581 623224
2147148 606286
1867048 499125
17319044 435311
812946 554058
1023099 410951
15624064 811908
826014 355624
446105 427749
7048200 2578466
817189 339590
706327 340359
1040877 379855
392300 381397
620960 480696
2041075 732776
1951009 847303
767667 445933
1159208 358865
10569949 1063511
872096 746609
1255936 1102414
2111625 952644
1301438 1196439
758968 333493
498026 354031
768121 504798
436272 355551
641153 401970
1323758 550728
512927583 572784
1325528 467386
2450722 2348247
705013 333873
1793256 1773119
11446292 727589
15487953 4329044
473943 346429
1459338 376355
10829733 473102
452497 351593
1167167 537228
854309 381691
890774 473607
877654 746130
1569089 1029982
32002882 436632
344655 334995
3674133 421658
556761 460605
4800765 3557226
1086421 1082412
1916430 528987
24266720 2287657
781598 542479
565314 352520
17889053 775457
1321595 534943
603301 409496
1236004 654441
1370286 836388
855237 362044
374458 360354
863731 363786
519732 371526
975995 720806
863750 402143
13629420 495656
2944022 1069809
550608 523578
1514092 381582
852603 515458
525247 357523
3954863 711433
517826 491359
388883 378807
1414739 489496
591514 423956
457708 369419
7682636 2837565
1087432 344796
2141407 659996
1310064 364791
729091 611512
514569 465143
979349 400827
524734 381689
1921365 360370
2550171 990426
9604296 664698
586139 359945
757219 517100
2617340 390897
1599391 384285
776778 438256
2893569 1043426
688603 474045
576308 456495
1409409 1052992
4952596 658914
982240 829656
658247 338996
472528 400986
9829856 460221
445235 350582
658037 336451
366762 1
545963 365803
689137 571354
401289 388703
946793 335624
839942 375100
5672897 336328
905857 701225
968529 350031
721734 349145
2961367 455044
936737 347729
7676528 2065856
1988993 388726
751964 346877
4720067 1313593
363412 361652
8966985 599633
388678 350560
347477 343441
2294264 348540
1697575 530395
1275946 591299
1065964 853006
480530 345622
464045 383763
705645 509767
625631 452446
579744 510015
3061597 965463
5219054 391517
488183 378723
44881701 348099
2938119 445672
769523 367469
375969 363477
8326837 639969
549375 498927
890532 470792
3171597 375835
13426279 789593
1000000000 494701
3856430 2244412
5167234 628777
372980 340630
711211 599704
1911432 1338776
1989767 1833424
526131 396024
907553 335261
2999782 1932875
1079420 618489
484439 410607
3872294 466500
845397 700504
683220 335200
16972857 363696
6460217 474731
2886222 410514
504755 346632
536159 460978
6429351 1352392
645053 486341
1716901 1257411
1596729 762943
1243601 408160
12043546 679785
1201953 360983
2553891 412474
781139 395375
659478 601771
646030 351834
455112 431681
1665831 755208
2201074 705701
1923616 392734
1330270 701538
587581 411371
1445543 941774
2100852 674087
1582185 703283
780884 523659
1179917 647415
2304143 1546611
454679 365192
3378872 357577
615051 335703
524453 446677
990022 606049
638101 446563
425693 339955
1318848 385487
586536 470414
857940 432416
4496822 1597389
647172 342264
726551 581917
872975 595570
2684386 739051
693456 575045
828312 790398
3185534 458669
4748787 2739935
3998833 2628348
2617886 408613
725524 534485
2654508 674149
1012211 459248
380564 344018
5541098 416547
1143373 461090
4067666 507367
1193350 458656
8328414 829445
622307 335250
571086 488936
2804121 762848
986965 622525
648232 495838
1001029 468938
1940688 735596
665302 404954
14027570 559208
1066171 441443
934221 428377
1583634 1339581
1227023 407718
571820 361994
1163467 385121
6639945 1167308
1405711 1233453
346035 344159
4817930 376635
946820 784357
134233906 756221
1175138 872447
1151106 642470
388825 366732
2452294 488122
2688529 770631
8183947 554458
19512629 598806
660240 337231
2127591 1066229
3106760 792280
971552 541364
378940 346580
862658 340438
16081375 1722636
845135 355877
8268207 1969515
384996 377598
506635 473468
517747 434419
418863 361583
381033 363301
201575788 848461
827846 338377
2226421 601795
2050267 1480643
1338262 1058953
539059 392650
1095072 493519
624142 355996
7393363 1147096
470162 335461
473119 449939
3847961 674839
1377223 443906
2982510 696034
352786 333536
728308 480965
1164992 504252
461088 382204
508073 467000
859051 352583
3736024 3635207
1109456 343758
1297632 730009
412069 339965
6985076 658349
5378055 391357
11700901 7064093
913097 593230
476899 452136
493502 393614
882008 744115
746204 564276
1070799 403921
1935554 876150
45820178 497957
2657510 838260
3463451 554728
1272234 396229
799054 343874
753069 412742
2422693 1617324
2551427 382157
2479646 642576
964311 942148
898225 665271
1073390 501588
1930584 568683
810461 705876
2873959 1837067
3880133 339316
1425605 623701
4378758 602473
914221 590328
904276 401783
614663 367216
622295 394295
1350680 400565
819465 378869
79139671 557092
2728246 335236
834587 524710
2241883 1538939
5821746 532669
30127093 590150
2725087 335090
1224334 886958
731052 510778
1366982 349841
53583919 461148
566342 349500
1910161 1208482
777141 718869
3662989 662463
7407931 400617
1551472 361627
540744 333473
3703483 2086615
25092430 338335
7673152 625705
468567 337341
478935 457723
1487272 542748
11535378 7459237
419671 375230
760165 429658
2782252 2529910
685338 411785
482390 381183
1576657 736234
4581894 333333
2255644 956214
8888218 1053152
5210843 343480
679444 450935
991193 708529
1045793 659419
445730 424520
9433345 1181881
681112 391126
1658652 918598
1627520 584910
1997565 339577
9467655 566276
890643 339239
6193218 586104
2823620 1706026
857053 793487
9165943 623321
44217677 616164
1201880 505532
431289 377829
4571180 690869
397388 361907
1945843 757093
2037627 398528
714863 340873
584041 496875
879780 390659
1625456 501619
487820 402280
35653331 485333
534589 333589
10341637 1546148
1387487 648868
701600 627903
1602209 950251
457006 389300
619949 337547
12698228 483508
3442217 599038
1583409 580496
2168786 654835
768048 529134
2764376 1544404
648191 412834
730241 448792
363597 352349
363075 355221
572733 465825
700218 449535
780839 487583
604452 393950
655755 414793
2136764 2119614
1044292 372997
2165034 369770
745768 359724
1386841 411096
692818 437512
499082 455323
1700132 559002
503854 406170
1356920 791734
1564651 619895
1082574 401482
2852158 530866
21970534 634902
19257418 698779
786562 693938
85194032 345474
1939797 531967
1601168 537552
670136 548958
4420903 414641
1900074 683209
538853 422418
1630227 622486
359617 347645
1114564 466746
1449524 350277
5531965 501863
2915527 832105
416692 378223
5132218 345050
1292496 859003
157396131 4332415
1608731 354713
3009080 442007
4182301 815645
854320 440707
6063946 2509622
12240154 1516890
567858 341697
2182808 426863
907839 377854
1616574 964875
1203806 409863
947823 506606
673300 518028
1037524 380774
1057046 352479
569110 521106
2746159 590802
5305290 2521724
3077433 1113108
462403 382586
536369 349490
494357 394363
3999256 922093
719772 409183
1090345 358235
7348591 769084
465286 348609
1873532 1121352
1079568 535528
2014408 402626
4964651 610235
1010993 713165
1570484 691523
3849861 353414
22628854 520429
1041434 597450
26462255 590316
2172357 419014
439195 355401
2646108 382414
2240813 536621
87632590 565573
711184 605650
1012822 398809
981271 936680
13043346 498539
489928 334132
854119 427295
542006 498058
2347994 999695
588625 378080
1400262 439207
497743 426564
764407 476547
557529 377009
1570853 642675
384254 364653
864776 524849
509419 488892
3596531 767636
758282 565481
762968 409961
584329 417236
726113 602948
598774 393824
1170160 551923
1273428 1025622
888593 567781
2164449 375927
912549 885757
862674 778732
507632 498693
536045 419997
4127667 518422
1716493 447137
949706 371358
4236580 1301824
1053063 404180
4175047 925046
19645314 1582752
1267594 642188
6689075 405032
554346 422282
595709 537651
537877 403987
3322779 798760
1247136 532464
667325 444201
898193 659908
558049 497254
3885485 2186291
582975 400257
1675749 1605050
1443349 613968
1016510 559542
2830009 485755
489448 373791
6381639 745241
23843531 1149317
532407 430719
644851 403444
1405188 1171130
2588545 1544445
944782 388846
533740 531351
1351238 891423
733388 460843
6058885 913120
48410657 351839
666625 600884
658688 658018
407341 347431
547367 465487
8920782 580696
3065075 1317174
967385 339900
829599 339798
655706 440286
1149124 362072
972397 889771
445033 363058
5536771 2487657
1260615 369192
1460280 516497
669146 436028
347126 336249
24313203 2282822
652554 629479
1914629 335484
752835 423159
920808 610265
2242889 489688
486393 409721
1046047 344628
8231265 3958749
1187687 825641
796737 423289
2696672 353969
1810663 522055
1751709 1168637
1995698 470000
3246275 355974
535207 393997
3350202 1444927
551501 345023
409384 369934
1210686 803717
1223968 382687
2477880 391174
676797 414126
442617 418150
1449535 1196584
1235533 386774
11209039 540728
432008 344491
1187329 739242
1569634 555753
687066 534803
620912 405932
2966048 2288916
1221958 426513
1603469 702820
1726907 385467
15184574 6465582
1442712 425128
715622 335809
637494 336857
6299726 4028042
1003371 537324
410310 404674
452295 385637
477538 355796
911264 851992
2856920 1451530
872734 507224
2303101 611426
1078165 941179
767395 572713
1404769 542868
1161095 502050
578179 334873
522050 342121
19870009 469108
2543886 563646
709186 423487
36538235 372474
1816323 607607
719454 426567
1256197 1148439
840340 588333
1336406 594966
724269 615526
4377211 1211617
358947 356411
2389550 486608
794139 624611
1178224 587747
679390 454991
948547 754046
579392 472624
524759 338837
619003 337469
860005 856325
894118 419184
15032934 932865
2359464 1271852
661415 372970
2519853 383898
572981 536586
1143712 1023424
494677 445552
709191 566338
824072 708667
1897669 1320575
1162076 766726
758397 335584
