3000
730522 51340
730155 50973
730405 51223
730345 51163
731034 51852
730745 51563
729614 50432
729702 50520
728975 49793
729849 50667
729489 50307
728958 49776
730354 51172
729586 50404
729275 50093
729955 50773
729053 49871
731279 52097
730455 51273
730395 51213
730194 51012
731253 52071
730000 50818
729246 50064
731312 52130
729566 50384
730045 50863
731437 52255
730356 51174
729808 50626
731182 52000
729711 50529
730723 51541
729550 50368
730240 51058
729732 50550
730061 50879
729534 50352
729228 50046
731457 52275
728678 49496
729080 49898
730694 51512
728997 49815
729960 50778
730211 51029
731354 52172
728787 49605
728802 49620
730854 51672
730258 51076
728619 49437
728981 49799
730764 51582
728711 49529
729606 50424
729682 50500
731403 52221
728609 49427
730176 50994
728709 49527
731256 52074
729288 50106
731506 52324
730100 50918
729885 50703
730949 51767
729471 50289
731358 52176
729558 50376
730336 51154
730471 51289
728546 49364
729953 50771
729595 50413
730368 51186
729243 50061
729346 50164
731098 51916
728748 49566
730831 51649
730624 51442
729316 50134
731429 52247
730787 51605
731070 51888
730846 51664
730523 51341
729334 50152
730425 51243
729818 50636
728834 49652
730450 51268
731427 52245
728723 49541
728809 49627
729739 50557
729008 49826
729677 50495
730228 51046
728960 49778
731389 52207
730187 51005
730553 51371
728970 49788
728818 49636
730782 51600
729764 50582
731152 51970
730486 51304
730521 51339
728781 49599
729319 50137
729531 50349
730911 51729
730736 51554
730685 51503
729910 50728
730883 51701
729536 50354
729675 50493
728861 49679
731238 52056
729941 50759
729104 49922
730595 51413
730937 51755
730122 50940
729877 50695
729317 50135
730017 50835
730941 51759
728883 49701
729714 50532
728716 49534
730083 50901
729648 50466
728916 49734
730058 50876
731019 51837
730040 50858
729990 50808
729186 50004
728641 49459
730246 51064
730887 51705
729916 50734
728613 49431
730007 50825
729931 50749
730084 50902
728929 49747
728907 49725
729181 49999
729396 50214
729480 50298
730650 51468
728882 49700
731305 52123
731027 51845
729468 50286
729672 50490
729918 50736
731109 51927
728623 49441
730996 51814
730324 51142
729261 50079
728675 49493
729477 50295
730429 51247
728918 49736
729994 50812
729438 50256
728814 49632
728697 49515
729636 50454
731243 52061
729067 49885
730093 50911
730560 51378
730636 51454
729623 50441
729153 49971
729263 50081
728669 49487
729005 49823
729349 50167
729881 50699
730832 51650
729777 50595
729761 50579
729952 50770
728654 49472
729758 50576
729902 50720
730693 51511
728943 49761
728688 49506
731468 52286
729485 50303
729233 50051
730119 50937
731130 51948
730120 50938
730673 51491
731186 52004
731426 52244
730714 51532
730554 51372
730373 51191
728830 49648
730292 51110
729872 50690
730286 51104
729622 50440
729914 50732
730129 50947
729353 50171
729826 50644
731325 52143
728732 49550
731374 52192
731432 52250
731310 52128
729427 50245
730726 51544
729173 49991
730273 51091
730371 51189
731455 52273
730424 51242
730681 51499
729199 50017
731445 52263
729182 50000
729429 50247
729814 50632
730961 51779
730921 51739
729995 50813
730094 50912
728549 49367
730760 51578
730334 51152
729554 50372
731011 51829
729244 50062
731491 52309
730417 51235
730952 51770
730012 50830
728614 49432
731265 52083
730161 50979
729900 50718
730738 51556
730583 51401
730724 51542
730586 51404
729426 50244
730488 51306
729666 50484
730431 51249
728956 49774
728644 49462
730725 51543
729723 50541
731295 52113
728554 49372
731010 51828
730418 51236
730895 51713
731275 52093
729695 50513
729398 50216
729775 50593
728539 49357
731524 52342
730593 51411
731462 52280
731433 52251
729024 49842
731217 52035
728811 49629
729252 50070
729712 50530
728563 49381
730735 51553
730427 51245
730089 50907
729147 49965
730148 50966
729254 50072
730916 51734
731318 52136
731017 51835
730509 51327
730227 51045
728556 49374
728747 49565
731487 52305
729896 50714
729700 50518
731153 51971
730449 51267
729339 50157
730806 51624
730701 51519
730166 50984
728681 49499
730205 51023
731163 51981
730309 51127
729138 49956
729785 50603
729148 49966
731398 52216
731142 51960
730298 51116
730576 51394
728979 49797
728645 49463
730882 51700
728727 49545
730814 51632
730625 51443
731158 51976
729565 50383
731081 51899
730690 51508
729906 50724
730332 51150
730525 51343
728668 49486
729883 50701
730151 50969
729705 50523
729146 49964
728947 49765
729265 50083
728901 49719
729927 50745
730069 50887
730617 51435
730721 51539
730775 51593
729257 50075
728885 49703
730585 51403
730500 51318
729045 49863
730033 50851
730013 50831
731477 52295
729779 50597
730174 50992
728816 49634
731456 52274
731436 52254
730204 51022
730080 50898
731409 52227
730254 51072
729679 50497
731124 51942
731350 52168
728578 49396
729395 50213
729025 49843
730115 50933
730111 50929
729820 50638
730970 51788
729912 50730
730930 51748
728932 49750
730209 51027
730858 51676
730076 50894
728695 49513
729324 50142
730197 51015
731194 52012
731138 51956
730028 50846
728889 49707
729085 49903
730810 51628
729616 50434
729746 50564
731020 51838
730826 51644
729505 50323
731511 52329
731079 51897
730381 51199
730875 51693
729644 50462
729894 50712
731088 51906
729095 49913
731292 52110
730869 51687
729763 50581
729942 50760
730990 51808
729823 50641
731488 52306
731297 52115
730774 51592
730815 51633
729911 50729
729300 50118
730218 51036
730065 50883
729792 50610
731439 52257
729032 49850
731089 51907
728652 49470
731321 52139
730589 51407
730003 50821
728941 49759
730997 51815
728758 49576
729287 50105
729273 50091
731259 52077
731049 51867
730408 51226
729551 50369
731458 52276
728820 49638
731507 52325
730398 51216
729139 49957
728939 49757
730796 51614
731187 52005
729533 50351
731044 51862
731492 52310
730508 51326
728550 49368
731050 51868
731377 52195
728952 49770
729597 50415
729452 50270
731294 52112
730266 51084
729893 50711
729358 50176
731270 52088
731469 52287
731346 52164
728593 49411
730383 51201
729030 49848
728899 49717
728555 49373
728548 49366
731195 52013
731485 52303
729077 49895
730328 51146
730776 51594
731014 51832
730793 51611
729117 49935
730287 51105
728738 49556
730504 51322
729285 50103
728867 49685
730092 50910
729362 50180
730927 51745
729874 50692
728856 49674
730004 50822
729589 50407
730785 51603
730755 51573
730458 51276
731192 52010
730577 51395
729299 50117
730442 51260
730906 51724
729795 50613
728965 49783
730265 51083
729397 50215
730421 51239
729504 50322
731242 52060
729869 50687
730127 50945
729321 50139
730369 51187
730859 51677
730772 51590
728805 49623
731519 52337
729052 49870
730353 51171
729878 50696
731434 52252
731419 52237
729318 50136
730049 50867
729417 50235
729773 50591
729500 50318
731107 51925
731319 52137
731041 51859
730341 51159
730217 51035
729692 50510
730299 51117
730010 50828
728717 49535
730008 50826
729737 50555
730452 51270
728825 49643
729547 50365
729393 50211
729066 49884
731430 52248
729112 49930
728591 49409
730325 51143
729778 50596
729653 50471
730183 51001
729042 49860
730556 51374
729259 50077
730062 50880
728660 49478
731123 51941
730047 50865
731018 51836
730833 51651
729172 49990
731188 52006
728633 49451
730702 51520
729619 50437
731381 52199
730203 51021
731286 52104
730928 51746
729350 50168
728868 49686
729088 49906
731119 51937
731451 52269
729562 50380
729933 50751
729432 50250
730464 51282
730562 51380
729863 50681
729251 50069
730648 51466
729431 50249
728842 49660
729051 49869
731003 51821
729657 50475
729175 49993
728857 49675
730754 51572
729440 50258
730584 51402
731094 51912
728704 49522
729837 50655
730931 51749
730908 51726
728768 49586
728982 49800
730132 50950
728720 49538
728526 49344
731140 51958
729453 50271
728535 49353
730457 51275
731313 52131
730358 51176
730727 51545
730591 51409
731466 52284
729340 50158
730987 51805
731482 52300
730274 51092
728806 49624
730598 51416
728726 49544
729858 50676
730506 51324
731218 52036
728886 49704
729158 49976
729355 50173
730561 51379
728988 49806
728983 49801
730904 51722
730403 51221
729372 50190
729965 50783
729423 50241
731172 51990
729689 50507
728866 49684
729302 50120
731484 52302
730106 50924
730557 51375
730451 51269
730300 51118
731517 52335
729458 50276
728973 49791
730600 51418
731053 51871
729378 50196
729660 50478
730002 50820
728974 49792
728689 49507
730532 51350
729268 50086
729105 49923
729460 50278
731504 52322
730307 51125
730925 51743
731047 51865
729683 50501
730743 51561
728679 49497
729707 50525
730165 50983
730411 51229
730582 51400
730385 51203
731160 51978
729466 50284
729601 50419
731513 52331
731031 51849
728584 49402
728629 49447
731042 51860
728772 49590
730271 51089
731180 51998
729434 50252
731005 51823
730035 50853
730716 51534
729475 50293
731444 52262
730372 51190
731181 51999
730160 50978
729428 50246
729908 50726
730588 51406
730426 51244
730344 51162
729119 49937
730797 51615
729221 50039
730751 51569
729605 50423
729416 50234
729718 50536
729958 50776
731405 52223
731007 51825
729046 49864
730321 51139
730011 50829
731112 51930
730661 51479
731361 52179
730516 51334
730269 51087
730594 51412
731370 52188
730180 50998
731150 51968
730631 51449
730433 51251
729023 49841
730362 51180
728767 49585
730968 51786
731521 52339
730056 50874
730367 51185
728598 49416
728892 49710
728545 49363
729189 50007
731239 52057
730978 51796
730823 51641
729236 50054
730360 51178
730055 50873
730888 51706
729337 50155
729609 50427
728833 49651
729727 50545
731505 52323
730795 51613
731357 52175
730835 51653
729223 50041
728993 49811
729407 50225
729094 49912
729037 49855
730222 51040
730900 51718
730444 51262
730914 51732
731342 52160
729607 50425
729503 50321
728761 49579
728891 49709
729563 50381
729180 49998
729514 50332
731453 52271
731438 52256
728775 49593
729374 50192
730623 51441
729651 50469
729667 50485
730695 51513
729154 49972
728647 49465
730445 51263
730976 51794
729617 50435
729825 50643
729901 50719
730531 51349
730133 50951
730099 50917
728926 49744
729217 50035
730890 51708
729143 49961
728544 49362
729945 50763
729925 50743
730734 51552
731096 51914
730060 50878
728658 49476
730544 51362
729513 50331
730891 51709
730675 51493
728938 49756
728933 49751
729404 50222
729410 50228
730410 51228
728585 49403
729956 50774
730851 51669
730980 51798
730737 51555
730407 51225
730198 51016
731421 52239
729790 50608
730210 51028
729669 50487
729444 50262
731348 52166
729283 50101
730019 50837
731338 52156
728710 49528
729786 50604
729570 50388
728648 49466
729783 50601
729212 50030
731367 52185
730290 51108
731261 52079
731349 52167
730322 51140
729018 49836
729568 50386
731443 52261
729717 50535
729157 49975
730913 51731
730112 50930
731230 52048
729812 50630
728950 49768
730818 51636
730788 51606
729698 50516
730467 51285
729314 50132
728773 49591
730537 51355
729179 49997
728989 49807
728785 49603
728994 49812
728533 49351
729951 50769
728756 49574
728790 49608
728737 49555
730382 51200
728930 49748
731106 51924
729074 49892
731394 52212
730587 51405
731170 51988
729010 49828
730182 51000
730088 50906
728914 49732
729055 49873
729056 49874
731327 52145
729380 50198
730288 51106
729564 50382
730715 51533
728909 49727
730294 51112
729414 50232
731077 51895
730137 50955
730404 51222
730029 50847
729401 50219
730901 51719
729225 50043
730706 51524
731278 52096
730296 51114
730957 51775
730860 51678
730064 50882
729015 49833
731060 51878
731110 51928
729848 50666
730597 51415
730351 51169
730790 51608
728682 49500
729543 50361
730898 51716
730982 51800
728538 49356
731145 51963
730893 51711
728724 49542
731518 52336
729464 50282
730282 51100
730659 51477
730820 51638
731073 51891
729437 50255
730707 51525
730972 51790
729506 50324
729091 49909
729274 50092
730936 51754
730717 51535
731395 52213
728795 49613
730493 51311
729801 50619
731424 52242
729260 50078
728627 49445
729345 50163
730255 51073
730934 51752
730856 51674
728617 49435
729078 49896
731356 52174
729270 50088
730245 51063
729810 50628
729420 50238
729759 50577
729280 50098
731191 52009
730264 51082
731222 52040
730728 51546
730474 51292
730905 51723
729344 50162
730184 51002
730519 51337
730361 51179
730808 51626
729526 50344
729680 50498
730744 51562
728815 49633
730037 50855
729369 50187
730378 51196
731178 51996
731058 51876
730054 50872
731040 51858
730929 51747
728626 49444
729456 50274
731118 51936
731276 52094
729831 50649
729196 50014
729059 49877
731225 52043
728836 49654
728606 49424
729548 50366
728700 49518
729441 50259
729026 49844
731480 52298
729647 50465
731478 52296
729721 50539
730472 51290
729542 50360
730731 51549
729579 50397
730263 51081
729250 50068
728753 49571
729928 50746
728864 49682
729992 50810
730046 50864
731054 51872
730692 51510
730163 50981
729129 49947
730206 51024
731306 52124
731399 52217
730954 51772
729082 49900
731104 51922
730953 51771
729590 50408
730150 50968
730784 51602
729571 50389
730691 51509
731328 52146
729535 50353
729327 50145
730753 51571
730489 51307
730792 51610
730767 51585
728846 49664
730794 51612
730387 51205
728763 49581
731296 52114
728698 49516
730666 51484
729406 50224
731467 52285
730075 50893
729448 50266
728996 49814
730580 51398
731441 52259
730748 51566
729957 50775
729311 50129
730470 51288
730656 51474
730366 51184
730865 51683
730313 51131
730200 51018
729304 50122
730301 51119
730912 51730
729031 49849
731234 52052
729521 50339
730440 51258
729422 50240
729107 49925
730682 51500
729699 50517
730044 50862
728718 49536
729208 50026
728749 49567
731418 52236
728631 49449
729922 50740
730498 51316
729394 50212
729633 50451
728999 49817
728828 49646
729745 50563
730267 51085
729519 50337
729177 49995
730713 51531
729997 50815
730922 51740
728850 49668
728793 49611
729330 50148
728667 49485
731359 52177
728568 49386
730251 51069
730031 50849
729703 50521
731490 52308
729204 50022
729561 50379
730881 51699
731127 51945
730789 51607
731440 52258
730825 51643
729190 50008
730096 50914
730130 50948
730668 51486
729313 50131
730718 51536
729121 49939
729135 49953
730244 51062
729661 50479
728829 49647
729294 50112
731460 52278
729575 50393
730053 50871
730101 50919
729087 49905
731498 52316
729736 50554
729001 49819
730791 51609
730359 51177
728774 49592
731502 52320
729403 50221
729684 50502
730923 51741
729585 50403
731062 51880
730157 50975
730168 50986
728968 49786
728577 49395
729219 50037
730304 51122
731090 51908
730758 51576
730510 51328
731121 51939
729366 50184
729465 50283
729757 50575
728800 49618
729479 50297
729237 50055
730308 51126
730483 51301
729159 49977
730386 51204
729806 50624
729325 50143
731497 52315
730642 51460
730249 51067
730153 50971
731056 51874
729637 50455
728662 49480
730261 51079
729191 50009
728912 49730
730741 51559
729090 49908
731331 52149
729835 50653
729195 50013
731063 51881
729335 50153
730202 51020
731267 52085
730123 50941
728706 49524
729963 50781
731411 52229
729975 50793
731501 52319
729354 50172
731093 51911
729584 50402
728935 49753
730224 51042
730669 51487
729144 49962
730306 51124
731251 52069
731479 52297
729102 49920
729748 50566
728791 49609
729368 50186
730082 50900
729850 50668
729884 50702
731026 51844
730145 50963
729971 50789
730622 51440
731167 51985
730448 51266
731355 52173
730193 51011
731231 52049
731128 51946
730316 51134
731016 51834
730311 51129
730134 50952
731263 52081
730167 50985
730487 51305
729399 50217
731365 52183
728620 49438
730698 51516
730459 51277
730001 50819
729929 50747
729939 50757
729021 49839
728582 49400
730879 51697
730171 50989
728686 49504
730248 51066
728995 49813
728558 49376
730335 51153
730606 51424
730877 51695
731091 51909
730652 51470
729277 50095
729876 50694
729099 49917
730942 51760
729569 50387
731146 51964
729382 50200
731072 51890
728552 49370
730712 51530
729160 49978
728848 49666
728859 49677
729203 50021
729145 49963
729649 50467
729101 49919
730125 50943
730490 51308
731344 52162
728977 49795
731383 52201
728823 49641
730899 51717
730896 51714
728771 49589
730730 51548
729771 50589
729290 50108
728542 49360
731483 52301
728757 49575
728541 49359
729202 50020
729198 50016
731061 51879
728839 49657
729760 50578
729210 50028
729770 50588
730766 51584
730259 51077
730821 51639
731115 51933
728734 49552
730742 51560
730834 51652
730848 51666
728838 49656
730733 51551
729713 50531
729730 50548
731165 51983
731105 51923
730484 51302
730932 51750
730574 51392
729696 50514
729704 50522
730616 51434
730966 51784
729673 50491
729491 50309
730546 51364
729494 50312
729336 50154
728819 49637
728986 49804
729632 50450
730545 51363
730352 51170
729484 50302
729530 50348
731446 52264
728559 49377
729608 50426
731201 52019
730844 51662
728677 49495
730527 51345
730765 51583
729341 50159
729868 50686
729802 50620
730495 51313
730534 51352
731315 52133
728601 49419
731055 51873
728672 49490
730998 51816
728898 49716
729036 49854
728955 49773
728744 49562
729137 49955
729729 50547
731320 52138
729782 50600
729959 50777
728570 49388
731067 51885
729631 50449
729752 50570
729363 50181
730496 51314
731260 52078
731402 52220
729735 50553
729921 50739
730107 50925
730239 51057
729057 49875
729384 50202
729033 49851
729716 50534
730289 51107
728844 49662
729310 50128
730874 51692
728687 49505
731227 52045
729560 50378
730524 51342
728946 49764
728628 49446
729798 50616
729509 50327
728530 49348
730850 51668
729599 50417
730186 51004
730086 50904
730539 51357
731101 51919
728528 49346
729194 50012
729865 50683
728673 49491
731465 52283
729555 50373
730339 51157
730116 50934
731493 52311
730798 51616
729645 50463
728862 49680
729136 49954
729442 50260
730722 51540
730677 51495
731368 52186
730907 51725
728537 49355
729174 49992
730342 51160
728739 49557
731179 51997
729478 50296
728599 49417
729234 50052
729012 49830
729405 50223
729610 50428
730038 50856
729387 50205
731476 52294
730097 50915
728728 49546
730569 51387
731229 52047
730059 50877
730655 51473
730946 51764
730191 51009
731051 51869
731335 52153
729072 49890
731288 52106
731461 52279
729546 50364
729240 50058
729822 50640
728792 49610
729110 49928
729583 50401
730780 51598
730601 51419
728639 49457
731301 52119
729115 49933
730688 51506
729681 50499
729923 50741
729183 50001
731339 52157
730526 51344
729390 50208
730604 51422
728937 49755
729977 50795
730763 51581
731471 52289
731189 52007
730829 51647
729755 50573
730022 50840
728837 49655
729915 50733
730541 51359
730456 51274
730667 51485
728703 49521
730226 51044
729338 50156
730268 51086
729286 50104
731347 52165
729508 50326
729749 50567
730156 50974
729841 50659
731379 52197
731390 52208
730355 51173
730412 51230
731307 52125
729076 49894
729385 50203
729071 49889
729400 50218
729361 50179
730242 51060
731221 52039
729996 50814
729418 50236
729133 49951
728880 49698
730208 51026
728967 49785
729576 50394
729388 50206
729520 50338
729367 50185
729483 50301
729049 49867
730845 51663
729803 50621
729281 50099
731299 52117
731401 52219
731363 52181
730975 51793
728770 49588
729943 50761
729035 49853
728532 49350
729930 50748
731309 52127
729839 50657
731012 51830
729950 50768
730811 51629
731481 52299
730499 51317
729903 50721
729019 49837
730602 51420
728618 49436
729282 50100
729142 49960
729125 49943
730536 51354
729967 50785
729197 50015
729320 50138
730752 51570
729600 50418
729220 50038
728764 49582
728722 49540
730394 51212
731240 52058
730380 51198
729853 50671
730110 50928
730333 51151
728760 49578
730213 51031
730665 51483
729041 49859
731247 52065
729815 50633
729603 50421
730637 51455
730478 51296
730633 51451
729515 50333
730379 51197
728904 49722
728881 49699
730620 51438
730603 51421
728642 49460
729733 50551
730861 51679
730956 51774
730940 51758
731208 52026
729168 49986
729574 50392
729120 49938
729043 49861
729474 50292
729411 50229
730229 51047
728978 49796
731337 52155
731452 52270
730644 51462
731013 51831
729769 50587
729187 50005
729639 50457
729013 49831
729215 50033
730994 51812
730822 51640
730030 50848
729413 50231
729819 50637
729998 50816
728966 49784
728671 49489
730326 51144
729433 50251
728843 49661
728984 49802
731384 52202
729949 50767
728799 49617
729919 50737
729572 50390
730974 51792
729813 50631
728612 49430
730346 51164
731271 52089
728586 49404
730884 51702
730843 51661
728804 49622
728707 49525
731117 51935
729164 49982
730581 51399
729047 49865
730270 51088
730517 51335
731447 52265
728725 49543
729856 50674
728742 49560
731474 52292
729096 49914
731284 52102
728874 49692
729840 50658
728821 49639
728869 49687
729724 50542
730067 50885
731069 51887
728540 49358
730485 51303
730518 51336
729887 50705
730830 51648
730114 50932
730535 51353
729069 49887
730711 51529
729256 50074
729525 50343
731095 51913
731021 51839
731246 52064
729476 50294
728840 49658
731287 52105
728588 49406
729767 50585
731237 52055
730632 51450
730530 51348
730277 51095
728784 49602
731249 52067
729185 50003
730364 51182
729556 50374
729278 50096
731274 52092
731387 52205
730984 51802
728854 49672
729895 50713
729068 49886
730804 51622
729762 50580
730658 51476
730501 51319
731280 52098
731175 51993
729892 50710
730543 51361
729988 50806
730319 51137
730759 51577
731332 52150
729061 49879
730016 50834
731404 52222
730528 51346
729663 50481
730105 50923
730837 51655
730139 50957
731372 52190
731228 52046
728657 49475
728766 49584
729890 50708
729784 50602
731203 52021
730779 51597
730967 51785
731509 52327
728910 49728
731382 52200
729469 50287
729582 50400
729073 49891
729176 49994
730750 51568
730902 51720
729552 50370
730955 51773
730175 50993
730423 51241
728778 49596
730281 51099
730357 51175
731037 51855
729904 50722
729130 49948
730817 51635
728712 49530
729794 50612
730409 51227
731219 52037
728851 49669
731255 52073
729781 50599
729861 50679
728562 49380
729232 50050
730654 51472
729897 50715
731177 51995
728661 49479
729124 49942
730629 51447
731235 52053
731360 52178
730660 51478
729122 49940
728713 49531
728913 49731
729629 50447
730608 51426
728963 49781
731272 52090
728776 49594
728646 49464
730710 51528
730700 51518
730469 51287
730596 51414
729459 50277
728674 49492
728564 49382
731198 52016
730036 50854
728985 49803
729038 49856
728615 49433
731122 51940
730708 51526
729510 50328
729451 50269
729214 50032
729685 50503
729846 50664
728714 49532
729753 50571
729844 50662
728847 49665
730520 51338
728574 49392
730443 51261
730513 51331
729165 49983
730559 51377
730894 51712
730991 51809
729093 49911
730640 51458
728576 49394
729421 50239
729242 50060
729058 49876
729983 50801
728877 49695
730042 50860
729495 50313
729326 50144
728611 49429
729626 50444
729999 50817
729449 50267
728683 49501
731045 51863
729845 50663
730857 51675
729728 50546
728921 49739
728931 49749
730511 51329
729028 49846
730618 51436
729436 50254
728622 49440
729006 49824
731164 51982
729537 50355
731141 51959
731448 52266
730275 51093
730849 51667
730643 51461
729880 50698
729847 50665
729060 49878
728897 49715
730284 51102
730590 51408
731038 51856
728605 49423
729654 50472
730502 51320
731369 52187
730592 51410
729348 50166
730864 51682
730641 51459
728948 49766
730220 51038
730977 51795
731314 52132
729602 50420
729457 50275
730314 51132
730962 51780
731023 51841
729709 50527
730215 51033
729113 49931
729079 49897
728567 49385
731416 52234
730995 51813
728919 49737
730999 51817
729731 50549
730147 50965
730230 51048
729788 50606
731520 52338
731486 52304
731269 52087
731470 52288
731097 51915
728729 49547
729134 49952
729875 50693
730497 51315
730079 50897
728655 49473
730630 51448
729118 49936
731522 52340
728560 49378
729365 50183
729879 50697
730018 50836
729000 49818
731508 52326
729791 50609
731156 51974
729502 50320
728801 49619
731281 52099
730819 51637
729756 50574
730349 51167
730479 51297
731233 52051
730468 51286
729926 50744
729628 50446
729898 50716
729538 50356
728575 49393
729269 50087
730799 51617
730315 51133
730628 51446
728782 49600
730663 51481
730143 50961
731283 52101
729446 50264
729966 50784
730109 50927
729271 50089
729231 50049
729889 50707
730573 51391
731213 52031
730070 50888
731345 52163
730515 51333
731388 52206
729332 50150
731244 52062
729039 49857
731114 51932
728735 49553
730272 51090
728596 49414
731329 52147
729688 50506
730365 51183
730607 51425
729511 50329
729295 50113
730169 50987
731454 52272
728826 49644
730199 51017
729467 50285
729859 50677
729435 50253
730416 51234
731030 51848
729445 50263
730973 51791
731086 51904
729391 50209
730192 51010
728565 49383
729793 50611
728543 49361
731024 51842
730564 51382
729040 49858
729007 49825
728860 49678
731435 52253
731326 52144
731250 52068
730599 51417
729809 50627
730236 51054
729864 50682
729439 50257
728987 49805
728964 49782
730081 50899
728949 49767
729216 50034
728879 49697
729298 50116
731489 52307
729312 50130
731161 51979
730740 51558
728691 49509
731028 51846
731068 51886
729676 50494
729944 50762
730144 50962
729833 50651
729851 50669
728832 49650
730419 51237
729821 50639
729529 50347
731200 52018
730476 51294
729726 50544
729486 50304
730948 51766
728934 49752
731076 51894
730463 51281
730852 51670
729149 49967
729425 50243
728534 49352
730400 51218
729222 50040
730173 50991
729947 50765
731162 51980
730671 51489
729640 50458
731046 51864
730041 50859
730704 51522
728765 49583
728794 49612
728991 49809
728719 49537
730073 50891
729855 50673
731036 51854
729852 50670
731503 52321
729501 50319
728701 49519
730886 51704
729016 49834
730475 51293
730944 51762
729701 50519
731173 51991
729969 50787
729532 50350
728944 49762
731166 51984
729200 50018
731190 52008
730801 51619
729686 50504
728858 49676
730739 51557
730072 50890
729580 50398
730162 50980
729527 50345
728692 49510
730771 51589
729899 50717
730781 51599
729776 50594
729050 49868
728992 49810
730077 50895
728600 49418
730566 51384
729913 50731
730068 50886
730190 51008
730567 51385
731425 52243
729891 50709
730757 51575
729860 50678
729132 49950
729322 50140
729591 50409
729323 50141
729017 49835
730619 51437
730547 51365
728875 49693
729678 50496
728923 49741
729481 50299
731212 52030
731499 52317
728743 49561
729750 50568
731204 52022
730279 51097
730392 51210
730959 51777
729976 50794
731311 52129
729517 50335
729162 49980
730867 51685
728595 49413
730108 50926
729450 50268
730769 51587
728863 49681
731449 52267
730095 50913
731102 51920
729209 50027
730989 51807
731396 52214
730231 51049
730635 51453
730098 50916
731071 51889
731134 51952
729671 50489
729230 50048
730104 50922
730626 51444
728852 49670
729970 50788
728745 49563
729691 50509
731245 52063
729156 49974
730027 50845
728920 49738
731415 52233
731333 52151
729034 49852
728721 49539
730664 51482
730570 51388
731303 52121
730318 51136
730828 51646
730945 51763
730533 51351
730491 51309
730943 51761
728670 49488
730241 51059
731412 52230
729635 50453
730872 51690
730128 50946
731035 51853
730026 50844
730840 51658
730329 51147
730074 50892
728527 49345
729797 50615
728895 49713
730985 51803
729279 50097
730181 50999
729002 49820
730103 50921
730460 51278
730023 50841
730323 51141
729376 50194
730746 51564
730303 51121
730842 51660
728788 49606
728579 49397
729740 50558
729188 50006
729938 50756
729725 50543
729255 50073
729150 49968
730548 51366
729652 50470
729029 49847
730696 51514
729097 49915
729331 50149
730257 51075
731289 52107
728680 49498
729377 50195
729973 50791
730179 50997
730221 51039
730189 51007
731174 51992
731285 52103
729169 49987
729364 50182
730154 50972
731516 52334
730684 51502
729523 50341
730225 51043
730243 51061
728855 49673
730993 51811
731496 52314
729774 50592
729799 50617
728835 49653
731057 51875
730466 51284
731300 52118
730285 51103
729650 50468
731397 52215
729719 50537
730555 51373
728876 49694
731132 51950
731008 51826
729218 50036
729974 50792
730461 51279
731196 52014
730551 51369
730317 51135
728730 49548
730118 50936
731207 52025
729328 50146
731264 52082
730933 51751
729140 49958
729909 50727
730579 51397
730638 51456
730529 51347
730992 51810
730216 51034
730670 51488
729455 50273
729780 50598
728807 49625
729342 50160
729618 50436
729766 50584
729512 50330
730051 50869
730177 50995
729507 50325
730761 51579
729854 50672
731214 52032
728580 49398
729141 49959
729054 49872
731523 52341
730903 51721
731414 52232
728902 49720
729109 49927
731422 52240
729905 50723
728590 49408
730876 51694
730021 50839
728922 49740
728750 49568
729787 50605
730918 51736
729946 50764
731392 52210
728621 49439
731083 51901
731442 52260
729011 49829
730006 50824
728676 49494
730305 51123
729978 50796
729541 50359
728755 49573
729991 50809
730958 51776
729968 50786
730709 51527
730435 51253
730235 51053
730747 51565
728594 49412
731033 51851
730878 51696
729917 50735
728905 49723
730393 51211
729553 50371
731366 52184
730647 51465
729193 50011
728894 49712
731248 52066
731147 51965
729668 50486
729866 50684
729674 50492
731450 52268
729247 50065
728884 49702
729747 50565
729961 50779
730863 51681
729472 50290
730126 50944
730565 51383
728769 49587
731375 52193
728731 49549
731393 52211
729715 50533
730207 51025
728962 49780
728896 49714
730839 51657
731254 52072
728736 49554
731039 51857
728632 49450
729811 50629
728634 49452
729226 50044
728865 49683
728589 49407
728888 49706
729192 50010
730897 51715
729708 50526
731317 52135
730571 51389
730935 51753
730376 51194
730219 51037
730627 51445
728990 49808
730283 51101
731408 52226
728752 49570
728665 49483
729658 50476
730729 51547
729309 50127
729151 49969
729206 50024
729706 50524
729155 49973
729962 50780
730032 50850
730963 51781
729612 50430
729108 49926
728777 49595
729492 50310
728972 49790
729131 49949
728708 49526
729276 50094
729166 49984
728900 49718
730770 51588
730331 51149
729111 49929
731512 52330
729578 50396
728531 49349
731302 52120
728969 49787
729544 50362
730413 51231
729972 50790
729062 49880
729022 49840
730391 51209
731139 51957
730653 51471
729924 50742
731268 52086
730437 51255
729044 49862
729351 50169
730610 51428
730676 51494
729873 50691
728569 49387
729201 50019
731155 51973
731108 51926
730441 51259
730348 51166
730212 51030
728640 49458
731149 51967
728608 49426
730447 51265
729662 50480
730807 51625
729100 49918
728908 49726
730136 50954
729545 50363
729857 50675
730071 50889
730634 51452
730732 51550
729817 50635
729496 50314
728870 49688
731082 51900
730841 51659
729954 50772
729409 50227
728536 49354
729430 50248
729621 50439
729751 50569
730113 50931
728873 49691
729333 50151
728957 49775
730649 51467
728684 49502
728561 49379
729862 50680
729524 50342
731029 51847
730575 51393
729987 50805
731103 51921
730938 51756
728694 49512
729347 50165
729741 50559
730223 51041
729982 50800
730920 51738
731075 51893
729064 49882
730327 51145
729081 49899
730256 51074
729370 50188
730813 51631
729816 50634
729789 50607
730170 50988
730377 51195
730951 51769
728551 49369
730910 51728
729888 50706
730482 51300
730777 51595
731353 52171
729103 49921
728945 49763
729981 50799
730090 50908
729083 49901
728566 49384
729634 50452
731202 52020
731002 51820
729213 50031
731362 52180
731226 52044
729184 50002
728746 49564
729604 50422
729592 50410
729598 50416
730678 51496
729224 50042
730947 51765
728741 49559
729620 50438
728762 49580
730238 51056
728715 49533
728961 49779
730196 51014
730749 51567
731262 52080
730756 51574
731048 51866
730434 51252
730809 51627
729375 50193
728656 49474
730538 51356
728630 49448
731376 52194
730572 51390
730505 51323
731515 52333
730615 51433
729293 50111
731494 52312
728635 49453
728925 49743
729359 50177
730981 51799
729827 50645
729642 50460
731351 52169
729227 50045
729596 50414
731352 52170
731210 52028
728666 49484
730773 51591
730340 51158
729235 50053
731000 51818
729284 50102
730350 51168
730492 51310
730214 51032
729722 50540
729630 50448
730964 51782
728797 49615
730889 51707
731308 52126
730866 51684
729488 50306
730164 50982
729516 50334
731001 51819
730439 51257
731241 52059
731022 51840
729178 49996
729800 50618
730020 50838
730312 51130
728607 49425
729009 49827
730552 51370
731092 51910
730847 51665
729463 50281
729264 50082
731459 52277
730050 50868
729935 50753
728954 49772
730568 51386
730009 50827
729742 50560
729828 50646
728587 49405
728813 49631
731334 52152
730871 51689
730453 51271
730034 50852
731431 52249
729643 50461
731087 51905
730188 51006
729462 50280
730672 51490
730399 51217
731343 52161
730005 50823
729528 50346
729297 50115
728953 49771
731136 51954
730697 51515
728893 49711
730674 51492
730880 51698
730396 51214
729829 50647
730276 51094
729948 50766
730141 50959
730778 51596
728610 49428
731386 52204
729343 50161
728733 49551
731266 52084
731125 51943
729289 50107
729934 50752
730578 51396
730370 51188
731364 52182
730646 51464
730347 51165
730614 51432
730121 50939
729089 49907
729720 50538
729482 50300
730052 50870
730507 51325
729267 50085
730917 51735
729936 50754
729373 50191
731385 52203
729937 50755
731084 51902
731133 51951
729086 49904
729262 50080
729594 50412
729993 50811
729389 50207
730337 51155
730201 51019
729167 49985
730250 51068
728906 49724
731211 52029
731472 52290
729625 50443
728915 49733
730406 51224
728616 49434
729659 50477
730762 51580
731009 51827
728651 49469
731220 52038
730293 51111
729161 49979
729170 49988
728597 49415
729907 50725
731111 51929
729447 50265
730803 51621
730414 51232
731324 52142
730302 51120
730824 51642
731371 52189
730066 50884
730262 51080
729843 50661
730862 51680
730158 50976
728808 49626
730838 51656
731066 51884
728796 49614
728940 49758
730146 50964
729920 50738
730971 51789
731215 52033
730237 51055
728824 49642
729772 50590
730812 51630
728951 49769
731500 52318
728849 49667
730260 51078
728971 49789
729371 50189
729627 50445
728702 49520
730662 51480
731209 52027
730085 50903
731064 51882
730233 51051
730657 51475
729581 50399
730420 51238
728572 49390
730291 51109
729126 49944
728624 49442
731206 52024
731205 52023
730048 50866
730117 50935
731232 52050
728936 49754
729075 49893
730039 50857
729238 50056
731169 51987
731373 52191
729205 50023
729807 50625
731193 52011
731316 52134
729291 50109
731157 51975
729211 50029
730703 51521
730338 51156
730343 51161
730430 51248
731099 51917
730687 51505
729106 49924
729152 49970
728696 49514
729664 50482
730719 51537
728664 49482
730827 51645
728872 49690
728637 49455
729303 50121
729734 50552
728638 49456
731510 52328
729048 49866
729697 50515
729940 50758
729768 50586
729989 50807
730234 51052
729738 50556
731151 51969
730969 51787
730477 51295
729272 50090
729498 50316
728583 49401
730280 51098
728786 49604
730805 51623
729063 49881
731171 51989
728636 49454
729638 50456
729567 50385
729613 50431
731135 51953
728831 49649
731282 52100
728529 49347
729836 50654
729690 50508
728845 49663
728653 49471
731183 52001
731168 51986
728693 49511
730986 51804
731514 52332
728789 49607
729386 50204
730185 51003
730384 51202
729127 49945
729838 50656
730853 51671
730950 51768
730988 51806
729693 50511
729473 50291
731420 52238
731154 51972
731464 52282
729470 50288
731100 51918
730800 51618
730374 51192
730542 51360
729641 50459
730159 50977
730612 51430
730836 51654
730446 51264
731143 51961
728751 49569
729383 50201
729412 50230
730965 51783
728573 49391
729577 50395
729611 50429
728878 49696
729593 50411
731417 52235
730855 51673
729796 50614
729694 50512
729867 50685
728754 49572
729258 50076
729408 50226
728890 49708
731216 52034
730401 51219
728942 49760
729239 50057
729986 50804
729540 50358
729424 50242
729549 50367
728581 49399
728685 49503
729171 49989
730142 50960
729128 49946
730699 51517
731336 52154
729490 50308
731330 52148
730438 51256
730870 51688
728779 49597
730613 51431
728650 49468
728592 49410
731025 51843
730462 51280
730611 51429
730549 51367
729870 50688
730124 50942
729249 50067
731176 51994
729266 50084
730330 51148
729301 50119
731059 51877
729092 49910
729402 50220
729804 50622
730363 51181
728822 49640
730873 51691
731131 51949
728759 49577
731197 52015
729493 50311
730432 51250
729381 50199
731406 52224
730609 51427
730885 51703
729461 50279
729315 50133
729886 50704
730979 51797
728928 49746
729379 50197
730195 51013
728980 49798
730025 50843
728887 49705
729497 50315
731290 52108
729980 50798
729392 50210
731116 51934
731428 52246
730152 50970
730402 51220
731380 52198
729084 49902
731304 52122
730454 51272
731120 51938
728604 49422
730043 50861
729241 50059
730465 51283
731473 52291
729805 50623
728602 49420
730909 51727
728740 49558
729687 50505
729070 49888
729557 50375
731043 51861
728783 49601
730868 51686
730310 51128
730078 50896
731407 52225
730892 51710
729559 50377
730087 50905
729754 50572
729357 50175
729573 50391
731004 51822
731298 52116
728841 49659
728780 49598
730140 50958
731223 52041
729539 50357
730024 50842
728998 49816
729415 50233
730563 51381
728959 49777
731410 52228
730057 50875
729487 50305
728903 49721
730436 51254
728625 49443
730680 51498
730621 51439
731126 51944
730645 51463
729710 50528
728812 49630
730102 50920
729830 50648
730540 51358
730415 51233
730651 51469
729984 50802
729985 50803
729744 50562
730915 51733
731236 52054
729020 49838
731252 52070
731144 51962
730253 51071
729004 49822
731224 52042
731323 52141
729656 50474
730639 51457
730232 51050
728911 49729
730802 51620
731080 51898
730295 51113
728817 49635
730705 51523
729296 50114
730689 51507
729253 50071
729360 50178
730063 50881
730389 51207
730388 51206
731413 52231
729518 50336
730720 51538
731340 52158
731159 51977
729308 50126
731475 52293
729229 50047
730494 51312
728798 49616
729098 49916
729832 50650
729834 50652
728663 49481
729932 50750
729499 50317
731129 51947
730605 51423
731052 51870
731378 52196
729871 50689
730138 50956
728871 49689
731273 52091
729615 50433
729624 50442
728976 49794
730926 51744
730786 51604
730473 51291
729306 50124
729329 50147
731257 52075
730768 51586
730686 51504
730015 50833
729964 50782
729882 50700
729292 50110
731113 51931
731032 51850
730512 51330
729522 50340
730514 51332
731184 52002
729356 50174
730091 50909
730252 51070
729646 50464
729665 50483
730919 51737
730783 51601
729655 50473
729027 49845
729207 50025
728853 49671
728649 49467
730939 51757
731463 52281
728553 49371
729245 50063
731293 52111
730481 51299
729065 49883
728603 49421
730278 51096
728571 49389
731291 52109
728917 49735
728659 49477
730014 50832
730683 51501
728547 49365
728643 49461
730983 51801
731277 52095
731074 51892
729163 49981
731137 51955
730320 51138
728525 49343
728810 49628
731322 52140
731400 52218
731423 52241
728803 49621
731391 52209
729352 50170
730178 50996
730503 51321
730397 51215
728827 49645
729824 50642
730390 51208
730679 51497
729454 50272
728557 49375
731006 51824
729670 50488
729743 50561
730297 51115
729979 50797
731148 51966
729123 49941
729587 50405
730816 51634
729116 49934
729003 49821
729014 49832
729307 50125
731258 52076
730375 51193
730960 51778
731185 52003
729842 50660
728690 49508
728699 49517
729588 50406
730131 50949
730924 51742
730149 50967
731341 52159
730558 51376
731078 51896
730480 51298
728927 49745
729443 50261
729305 50123
730135 50953
730172 50990
729419 50237
730550 51368
730422 51240
731199 52017
730428 51246
730247 51065
728924 49742
731065 51883
728705 49523
731495 52313
729114 49932
729248 50066
729765 50583
731015 51833
731085 51903
