3000
3603353 20541
375921 92572
437319 106373
48590276 189010
1850029 299548
463956 156097
351427 61658
649798 115380
7173373 161320
603527 218039
344451 19567
470129 37855
437514 46005
532383 161365
1058292 8038
645660 115026
1553927 26429
712456 76500
655533 91141
977358 158687
377521 42297
963424 308439
431695 137812
1294732 24594
797859 249307
394355 270424
424277 208019
373911 238892
558441 269754
684755 278880
953410 326824
577504 13506
2403960 75006
1135474 281539
5357808 50887
448674 234071
983116 239042
409241 307365
687197 18466
504405 207396
1461109 306547
795871 19705
2197564 48131
1861063 50900
471717 300929
352172 77461
362205 216163
604658 204477
483550 326301
714344 261622
1053925 320227
600722 311561
743565 282368
370698 44002
661159 175861
715406 156427
1230500 106803
1015519 61656
592473 328303
2125440 326528
1648432 209377
368472 275933
5094549 210044
461607625 2640
468328 219425
388868 240546
1050420 61233
1926162 251395
1569518 260138
334560 219355
3310603 272282
1492653 92279
385178 323152
778914 303811
1467958 209989
761114 131292
956942 281574
1822430 182061
3298863 253370
1499807 221705
1024301 235387
1677921 52919
684268 282354
624970 240308
465501 54818
3972928 170369
348951 198281
368609 307139
1196189 241692
1528619 201417
5296576 294634
357331 62234
807950 158089
873561 65422
8262189 289082
809999 315028
1093576 46096
1133120 185952
658214 232520
885442 93322
819788 34187
489635 225841
4483717 223726
370975 72026
2374156 263102
1300089 228763
2255212 212502
1042331 238789
666178 156479
442896 18802
346498 94123
2106292 298134
640947 48103
1564287 137931
18853663 183717
345537 84203
1720460 263337
429620 135336
513374 332466
866470 299303
1217798 173695
6016842 281399
567400 148321
351799 175910
532675 214861
1091407 36128
722700 266229
1250493 138501
463736 188417
2575771 126254
354619 48291
539299 37106
1310938 51942
722158 230457
2486478 78924
1617698 32629
557335 246186
407047 302122
497718 212562
553524 89569
510046 299448
650674 265606
1432623 161887
438294 81764
1303686 47979
3906156 119566
780181 172004
38467302 288220
386560 18403
446365 254479
1083018 95472
824206 78636
467432 295389
7286340 149941
1504614 69613
583038 233287
391392 274458
830650 166543
681847 165630
356801 153614
633382 291021
638827 131475
388258 27988
714875 179245
1509452 252638
11843968 42053
627005 273047
1309118 107261
1110845 6190
560197 183471
468104 112682
1902672 9571
894842 5894
544128 25529
363417 75894
20076573 80471
341725 141937
2154116 123300
3220022 288271
361113 29432
933128 157890
979375 332788
499757 199409
1272432 244401
1336100 179151
504666 46888
972666 95472
342194 36136
588159 198231
363683 34152
2356170 187604
21477264 210597
3369464 151436
436736 277316
696919 138854
408733 43166
491700 129662
531098 71313
613859 284306
526916 324881
436155 149376
2266160 316820
1582752 159048
375494 220861
4808961 291584
381765 8428
7229415 185967
536621 131784
410988 65473
2238987 251915
950550 208379
486706 121486
845815 158445
899063 154660
437709 123802
897370 250574
771888 138266
425981 282337
51289736 217274
1894969 269475
541401 223487
495193 203497
406879 53186
981083 236640
1139213 153028
3548340 86521
451423 185320
438099 142178
499245 185627
616991 259196
363131 258226
388563 193266
564103 22591
10997970 84056
510579 95998
627412 27858
400005 21297
616205 98109
688178 47714
5615719 186303
674642 333291
525779 268777
895683 149656
411846 277536
1689460 48391
361638 41658
381912 126642
473086 271745
705599 299388
337857 105807
6908002 211368
446975 126731
660707 166121
609414 81184
4224354 175087
396879 180027
1006142 39905
357717 17153
6386065 7810
988237 327938
412968 162829
481083 304969
2074281 123974
1323827 23094
1472560 136863
370836 234840
691913 86837
566737 223475
1430442 72846
357459 22986
496958 256986
356397 23397
2038797 322495
374194 271591
766585 193969
334913 116175
1220948 108384
375352 130785
2184314 308591
495696 149412
692908 5521
499501 165181
520055 34789
359026 228923
1577432 185671
671568 204660
404339 14315
557975 255805
465280 210264
3345224 210589
581475 329085
395019 317710
851846 313686
750642 177819
994130 205535
1013346 166129
351303 16299
1224116 245754
411159 35464
390279 267960
894003 23317
710806 319386
6709996 123579
522959 102133
102579472 281132
410134 149336
513482 250618
450942 58063
353972 182275
483637 76151
756315 246198
363817 261440
989979 82325
2321004 223636
43962630 23662
461767 161454
905040 316309
1035496 85969
881351 57311
1161255 64390
597945 250389
893165 14871
410646 49974
397554 30937
392790 6956
356653 252022
585149 250680
389358 195989
6258693 246013
1213102 252959
418541 21990
1846380 63084
1614914 1650
1526133 240667
487678 233774
2506530 174695
24303220 267284
442298 196529
1449835 201625
369020 44199
2547621 116946
356929 135071
343266 299814
547596 210206
4205239 55387
1245943 317616
2087485 297985
424827 218427
691416 284063
533551 67426
385808 53836
490711 167988
385958 147002
535144 141810
490958 202539
833547 3874
479432 252475
466242 32454
527035 176916
407551 145482
489389 142000
453158 149976
419349 19342
3031226 494
3779126 172464
346860 330619
444283 76915
910793 116677
980070 221217
2218444 58481
491948 249629
1156986 185836
358103 239942
975349 221707
774380 138759
343976 41563
1343286 121960
340305 190087
932213 132589
1257162 247928
1639786 104387
355633 155547
381178 157375
334448 233211
605414 79624
465944 11272
478727 12931
927061 152794
1054757 182653
1296513 100834
443480 151758
2669957 95092
3288291 310502
855109 38207
610568 178259
1097382 213434
4759638 261025
393102 276112
17765952 256320
571071 307263
342547 311332
2309514 20888
449085 64476
1191658 20026
443096 221188
636722 28903
6567230 102
565088 72408
511221 262153
367359 101485
1345205 244435
454066 155024
9623224 153736
483072 114129
2350236 48195
1318272 106822
1263903 233270
788918 252373
898216 84123
3922637 56622
485890 325772
875967 292314
389972 73728
3733595 12803
589231 194336
387347 276812
982099 53131
361921 195657
1088896 149317
4150290 14233
365289 29384
1879749 248321
514295 225736
1735821 134513
644367 65097
665719 296610
1312764 56683
5827633 57012
702511 58337
3617374 195324
389511 293507
697929 280951
4398717 295636
527439 261167
3494981 89821
341714 320720
23088059 68096
1321970 232425
2292490 252876
1808357 61222
4958331 264348
2848648 205636
373349 196378
8189072 131220
1184182 184026
6758974 314167
836464 22810
485407 197057
8894789 326894
531388 239958
755367 168106
6301269 319481
4462160 233287
686707 32542
438744 143620
485078 273307
4527460 54917
502587 131528
634630 187961
521724 283779
662066 109290
367087 146616
1339901 280238
378991 288675
690425 131953
339831 11427
6856832 7017
2900937 184682
701488 303055
1205355 184969
693407 20139
951502 49826
939582 179095
957906 322646
719996 93466
532966 40481
360589 259187
419885 232778
380154 252081
486221 224423
413487 190204
383390 144245
441503 134578
573070 155543
353062 215579
345047 57030
448264 98862
14663960 175016
1742274 155268
344094 199499
508346 39374
1084258 225
420244 155506
606172 106346
475468 57640
2051536 115153
1078084 105952
1286319 215203
769412 144441
374052 30573
481320 15745
837197 256660
509779 147300
445960 189093
377234 65136
471489 152940
1094842 128377
629046 332540
13197564 258275
907906 257577
1025410 154980
468552 13136
426350 175285
879725 109070
1686422 169260
412751 27649
1654246 108899
492196 9693
457666 207436
1868493 238179
2202747 212999
627819 193064
581126 271945
516474 57231
562143 207455
415274 240994
759908 270626
381031 253780
4933591 307659
2815151 19713
891494 103171
340886 323995
2604551 201115
374501 71094
824917 298168
1891141 255231
437904 140786
460246 244664
1000422 118155
397039 18687
1366681 43867
498226 229458
1126367 70903
435190 125972
430750 183773
740935 288265
535019 327762
342676 89994
372507 5737
758707 16720
858678 230223
657765 22393
674900 97488
10264772 106014
403474 320406
440119 287861
473315 215853
721075 286049
708193 43789
630487 299087
869347 97469
612500 22111
5327016 20204
10380107 264961
595007 263503
364886 58581
395721 146107
403513 16862
655978 74542
2582906 156675
889829 266919
520888 82268
362053 324388
1158405 196579
360720 244081
669915 171991
578699 164110
365869 266759
549454 33827
336605 23474
613470 84259
1507029 263405
1623295 27520
380885 197322
952455 303581
916935 73853
340537 80433
2708764 40295
337173 276417
1857371 169338
724879 23649
412406 236047
2092155 111312
681365 273005
1174254 141417
468777 206935
425377 312212
584092 237917
497211 241944
745874 148782
359546 277220
773756 26267
343502 141487
943311 16858
456530 119187
497464 209014
20522719 291178
40139793 130283
379717 247526
1376671 204012
4834007 95301
5266482 167362
589590 303272
1347129 249363
477092 55470
475155 153917
908772 285938
1536124 285728
665260 61709
406838 309546
513753 272018
71016557 303461
471944 76703
629255 297864
402941 183782
512834 111015
6216688 124064
440514 6058
623760 62124
1007956 277255
477558 78396
1010105 12252
965070 171930
670847 176739
1628932 1278
8645402 244943
764143 69450
754180 215966
345657 206922
8117238 105071
456743 309461
545349 1427
380300 285347
466464 3297
1416750 32990
1279338 293633
615030 187844
365692 18917
969685 60206
353579 328217
402613 122675
368040 325586
508611 134862
1711041 232235
861001 40958
3081412 103490
339474 164865
391237 139184
340189 182521
335926 133198
379427 169795
835003 49936
495947 255741
5548465 262594
366409 225298
1036629 38784
347477 295725
511489 231996
10498062 161768
17107954 227299
451631 249834
382060 159097
736393 78408
451149 323777
340421 31521
342912 215084
690150 329046
1121022 244369
861778 124910
4617559 160012
798524 140728
153869208 287260
407888 141342
408394 28179
3112329 54239
333333 92566
483311 211311
400167 28345
388410 168053
603903 155726
454908 310375
530975 320745
904181 237894
350054 183105
3825782 10138
504927 84582
882983 126590
432074 223131
855876 142467
778281 244750
851088 193761
507553 267308
574767 183114
3186940 115499
605035 78238
445757 253809
465723 42186
647185 301275
510312 194533
404174 124916
878914 236949
976352 296016
384133 239850
2069692 147772
498735 73176
1012264 222499
367495 255875
424643 139274
453855 71474
820491 209907
334001 194844
581988 22675
352671 34924
412924 311471
856643 328531
480138 281493
3703845 247861
6959942 196942
656424 299226
561168 155602
442697 32984
346873 135246
352546 284863
1086395 196447
432645 29362
1080545 148239
1974926 159229
1729982 259848
392323 138042
1418887 307697
670381 262990
435962 1884
335363 54324
386893 293038
2303811 37569
2466744 151351
396084 3081
423001 252039
829929 53650
7012669 286475
390741 5725
888457 172517
444082 249294
615813 56081
614639 81678
450115 78503
365557 289838
478259 121223
508981 222332
770648 84473
918705 1847
435575 61018
532260 331932
1298298 96742
568729 228802
1134480 322581
992050 80864
826343 79884
362601 240505
491205 117129
966052 232682
414575 176580
417477 243933
1022091 224738
924656 239107
1164119 73493
764752 140591
779547 267242
1609900 140432
642225 162152
1497415 282769
1765242 166259
420423 50889
13788500 280327
6177291 328457
335814 229582
754773 64463
477791 90992
485319 322669
959531 302896
452531 99586
403678 164298
423183 14210
1829549 272887
3481892 249602
1717309 205853
882166 9954
612112 123363
899912 187735
2096846 251275
755962 325759
350177 328949
547287 21395
19655947 311348
557655 181830
348327 69672
61547683 130784
353721 278069
723244 212360
415099 174983
533259 228360
460680 119243
428258 244691
408226 67282
618569 26786
497972 132455
567732 124476
941443 7194
551325 132919
3430498 28213
443680 72316
376206 239613
707673 134461
396720 85801
1601659 235343
528584 3812
431506 159674
542610 233542
674171 253469
910216 332245
388715 233502
892329 3999
356525 90475
36928610 105793
307738416 163896
921076 27261
730150 92311
360328 306158
672504 70018
2249778 91483
1465668 132024
406169 242735
3071242 267998
472400 248512
1631765 271064
441702 162574
2533775 121740
1938126 70203
354745 261860
489881 235520
1502206 231169
580431 67695
1002213 319522
690920 287576
356142 270234
341480 130101
515927 262102
1291184 86631
417300 190284
11997786 224472
3534848 197544
2149164 257363
421683 226366
666639 275995
875164 7314
430561 79495
354224 219152
522003 293973
465059 155799
9152908 187095
680619 312648
344808 213438
496452 282209
1267301 124304
560520 179094
381471 34782
960501 38621
554156 230288
405835 104149
527320 317011
872762 71797
452949 301401
409071 292874
1533614 188500
1028750 40390
1151716 102858
585503 47048
1187161 151294
8336623 120015
369157 288127
403843 95538
368883 88425
3061140 160542
459024 115937
1514321 76963
756912 140517
458379 52105
1833129 36104
5939703 235474
776640 273593
491452 50359
916053 26827
400979 32386
473774 17704
488410 84451
399519 169534
575449 35813
619959 47723
597208 102374
446568 290488
360067 43270
537214 31409
987208 179433
410475 278071
1052754 296695
2655619 188352
1778640 301797
391702 58147
378268 16771
682330 295118
378124 126548
563775 82233
1320119 226944
1598930 15831
3589440 205695
350561 133755
372647 186687
1023195 262057
7402921 175645
338544 160558
1233315 327608
1284566 221048
337287 208034
1448075 313754
4357415 181508
600168 285306
1354882 103197
367631 101002
494190 294086
1910438 245612
738090 111108
555741 136964
1202284 117990
3841591 67908
834274 58298
745295 78800
659563 309678
472857 99080
469452 294059
819086 176185
1511882 58043
1211545 223540
1104715 261132
909640 323549
588873 71886
370144 29787
4572066 119813
1352936 169197
703537 198490
343620 241456
937729 127949
2008830 83758
378557 112629
4505482 198244
416021 149325
864118 226408
5649962 169428
1612667 308434
652873 62371
688670 260278
487435 105759
450528 39148
1437004 120884
625779 193066
481795 222445
1098656 320039
462859 240467
476162 181428
505450 259584
1574785 24134
431316 45033
800525 106768
13997417 88102
4419664 283977
632138 102387
416900 235280
417077 322913
2362135 281589
821196 277796
449702 55336
1559090 6486
479197 294049
3406491 259488
420603 99393
1364700 37533
993089 33337
14900476 304293
2955218 324154
1051586 294401
366951 164768
393727 123071
385358 8345
2004529 122691
751229 306469
362073 239041
2866178 331750
459958 201774
54306779 258864
510847 40989
554789 165226
3561935 61473
1289418 36938
704567 40608
351923 160705
790219 54187
668272 20972
829209 106519
3021385 143882
792178 217222
455892 247383
1420566 319446
514566 137542
505189 273369
350685 113775
967708 200385
484116 173396
862556 14115
376921 41522
689163 66901
401794 237155
2677629 37024
354350 25068
351675 53823
409963 111901
1922207 188249
366274 143037
7584960 39285
889286 332654
863336 232479
643509 293860
651992 112943
646751 85828
1329428 8086
1029868 275394
368746 109918
345897 214669
395404 118859
453645 58751
372367 125837
558296 323832
1153123 328199
427328 86114
695410 220475
464176 274638
610183 239287
429996 147689
503885 252908
3165260 50531
342312 95754
414227 4774
1074412 223451
803883 253147
787622 186781
1216228 137532
809315 78108
2213187 102981
870653 224809
1698642 133165
577848 313187
601651 143531
5388958 268032
476394 152309
1044629 270495
1073543 324716
635883 40810
6430413 55306
2315244 99020
353846 120250
565746 130491
1914345 26761
480847 198211
1019891 60211
339716 106234
4337053 11752
387650 55363
938655 156167
498990 53079
422407 211115
600904 141316
1194675 117874
422226 232094
934963 233996
391857 227218
1588108 62752
1382736 304687
534431 266436
4059673 283293
343739 172166
813606 231012
400491 290848
3143873 197703
775632 329307
1222530 98568
1388401 307483
1002948 279543
493690 61853
637562 222923
1117410 212763
644798 189502
585856 293413
623556 310370
345166 235217
1090150 176293
592111 199777
348084 234944
470355 151410
1096110 63476
599796 253328
2435343 145978
805911 160286
2611847 213219
524648 284106
672974 154773
1428735 312863
871964 124929
2286871 61132
596472 77282
386109 45708
370006 156217
520332 289180
919593 310575
477325 234386
507817 149065
382207 212
5209034 195904
614249 140516
628228 101196
5179933 265017
590308 262388
1983294 17249
2000245 79276
369845 330601
5864517 240799
480610 156540
184643050 226493
404837 60826
1370660 273302
591749 95860
599425 292256
352421 102573
5066710 251325
927965 49697
2479865 221752
1327556 233709
376063 240724
528297 23994
2973120 97683
411674 296955
2982649 290582
649361 264551
449496 193848
697424 244778
751818 270445
1037764 106678
2716662 291354
711105 318755
512564 156551
511758 240251
583740 186414
730704 102171
1165556 98096
3041132 146025
448059 174351
383093 68548
2270926 256438
571226 320169
434173 321355
678702 264526
2590081 142687
2540679 269562
362337 161225
527725 26031
1049257 118954
678224 222079
470582 106198
637983 241129
1112152 298080
8046654 7812
426535 100351
753588 175599
2228300 249281
2882974 187611
596840 91862
2874076 126336
694908 183986
2857386 108539
562469 170630
463517 88101
567068 235283
877297 211959
622753 271767
2326792 60033
692410 176054
609031 258482
608265 283316
742415 226703
404671 158937
431885 31105
1281076 202524
373068 238020
646524 307714
449290 123799
364217 131150
2513286 271350
782729 214666
3381717 225150
518120 181395
2992239 180532
420064 148042
337401 274766
1011183 36907
991014 102442
1125026 291794
373630 93963
558907 64839
557016 177023
2056045 96038
859451 10187
715938 282070
362999 225581
428072 90009
371392 208622
530442 314164
818211 312271
444484 135156
357203 268327
2025558 220232
931300 79476
721616 191667
802536 108376
1726797 165475
801194 274931
478493 240420
1898813 91718
27153389 224443
610953 90676
3001892 265756
454977 204403
467209 243419
423729 201336
517296 122299
1236145 279739
1674924 112600
459742 160498
390895 231669
383687 273120
420782 85397
900763 108304
352811 240301
1566898 234142
380009 234343
653757 149480
698942 153115
417654 252937
398392 222999
444685 256746
1495030 294942
1314595 267239
1930134 297923
661612 143758
694407 298035
676321 106169
458594 11540
580083 95133
1441412 68549
553209 303018
1045782 193455
559551 270009
556378 123094
1733180 317745
2493126 19978
428684 176527
570065 36511
395562 246909
1041185 203234
364351 94749
1275875 276964
443296 323577
634213 203265
5238463 317388
590667 136468
426905 124982
463078 71210
803209 256034
2460235 131557
516200 298017
439136 130873
1177182 27399
1487922 14495
635465 68095
13388833 76513
347962 261036
336379 1189
436931 278351
539898 127367
744141 109843
347356 51714
6661723 105890
561818 122966
518396 263106
416372 115983
15397158 169602
2134444 160133
583389 547
27976219 158871
771268 51196
1593501 89059
3989979 280721
732932 294317
1234527 138285
414053 1311
747615 139150
713513 322415
593185 52389
780817 143843
2129582 214497
823051 311797
375210 139315
397910 251376
344213 56623
986182 36336
403309 113122
391547 131732
427513 145191
399197 118361
2919124 82229
522563 288940
555106 148
1081780 303379
3208919 91024
418008 119952
1237768 4007
369868 120278
350192 191524
349318 128690
974347 236190
11130476 221083
947069 321001
705082 167492
397198 258710
428871 146942
467656 100426
615421 209537
435383 170569
1445847 215509
574087 286763
883801 2714
2244370 31993
543520 257372
1771916 102453
338086 279753
409283 200001
1182698 224150
2520079 23969
474924 192142
4711317 64691
359936 241896
561493 135250
334902 308606
523239 186852
5452358 90282
414924 75419
2042578 70175
752407 268738
401304 248024
6520982 169557
944248 253303
430184 35294
394704 7710
2963651 20040
398713 23423
832821 167875
347841 158977
391050 135466
1546247 96061
349563 23275
537808 274864
2789865 93489
767198 19
334896 315463
962448 18664
441305 306135
2740632 41478
1100857 51086
1372658 237267
1541169 239706
840608 178047
2083520 323309
1380709 235488
13585728 45042
1282819 62993
1068696 291047
341247 43495
460463 286574
890661 152912
947707 46671
362734 165824
546979 126729
356270 104690
757509 125664
333555 206462
2625696 93956
1061852 324648
854619 319681
362866 265329
767811 133604
579390 179379
3456004 246880
336266 10143
594277 14036
342429 253735
346994 209109
4859316 333199
364484 155281
870139 323817
587090 271741
374335 40798
3253799 296287
734939 10109
1270717 93402
929479 48050
8568196 311683
387196 190723
523802 56544
452047 231349
1043479 79431
361770 86550
445290 320256
3794551 130686
1839729 320519
402449 105540
3521458 91041
46160762 67495
553840 212628
512295 262861
2276465 179282
551013 255454
1452076 76194
775006 18560
370421 285495
1203818 123136
723788 296146
3242461 291411
804558 61928
955018 155428
333444 3246
425428 148559
373489 23865
15658127 254542
903324 19233
16796900 137970
389818 18035
410817 164193
373771 128660
407215 68199
406002 87691
654200 64039
473544 188133
493191 287248
1301885 95168
7711376 293030
622352 269133
742990 53375
341597 195136
346378 208273
404009 177153
718382 124059
469227 201253
580778 42942
1657169 146868
2429001 6451
455823 316838
32971973 211967
576132 17306
1166997 69154
4594700 282079
490126 327216
343857 81500
371114 35253
816380 197591
1434810 169596
427276 315133
474694 282519
1761924 299726
968695 99735
353328 23067
401958 74799
2416415 281745
474463 6550
1398260 83959
470808 131486
784009 318513
664802 176991
1439204 209851
439725 215588
1946185 229599
842089 254773
4907487 240919
606932 324936
349073 42557
1864771 128943
432454 145630
1995980 24389
635047 262115
1768572 180579
518948 53870
794806 245938
409623 247641
1116091 248703
997266 172408
339244 112476
343029 140700
390125 189348
439529 261432
2633113 49632
1745518 249881
617385 116691
398874 249046
673914 307946
434229 261271
1572147 142882
621552 111898
559874 285488
514023 274185
529734 215631
22524936 248834
759307 136773
1785416 322066
1219371 225946
372787 48342
864900 121326
405502 148982
810850 170240
643080 81099
430938 120297
346739 82529
637142 11703
442497 111712
398552 268153
827058 55930
853093 6717
335701 299391
1392055 104737
1034365 177232
807269 295649
682813 186059
1950239 295174
663888 91883
822608 325111
340770 255202
506500 270549
641799 8588
359676 228659
475386 318111
348449 122716
3468899 21570
1401970 227333
379572 7212
417123 177016
928871 324667
536029 148038
1107302 127324
341364 220975
617779 64213
789568 34777
452740 170617
732374 177017
814298 129819
405169 154040
871448 320839
348571 146187
490465 4669
4131845 207955
433790 44259
1239394 73857
396402 18471
1057111 131470
706634 898
3857531 90061
556696 89513
921969 114542
368335 104128
693907 78223
334224 221616
548833 142867
3133288 174525
654644 208217
604280 57685
409793 218866
591388 82486
422770 313370
1607144 184440
887090 331641
1144736 70625
640522 264424
376635 275228
1634608 328692
357588 94581
399035 14816
685729 283423
376492 299376
575108 193742
917819 61009
606552 286063
419706 147279
1040043 135438
429058 47541
351179 228124
1521684 212480
1408266 136084
9827973 48057
1154157 251838
1331306 321370
447446 160118
461331 169804
1001479 307562
2047047 260272
359416 248623
9724521 179558
505974 211402
341843 172773
1804873 36334
967035 326976
394512 159338
639673 197720
2115822 128683
503625 3391
728171 280724
341130 41552
2756849 113882
548214 77341
1479033 193082
338315 250866
361902 309444
402121 64810
10041625 8045
638405 173406
546364 52509
860225 243523
1853693 63414
1481366 233514
355252 117801
422588 302163
5515439 164108
2806672 67939
1791656 41026
1389998 186684
461985 132912
344689 130289
384282 306456
821901 112314
418186 228469
1162685 57538
700977 248558
482833 251163
2169110 106577
2078890 163013
462640 156407
2663206 309448
386259 142235
429245 181513
768426 43835
782090 238414
4007177 285051
365848 312249
727620 256477
511114 315691
1247185 70183
393884 182707
415624 191346
2700913 73484
668736 182032
457025 220043
552580 29758
641372 127955
3660099 53697
2029952 78703
347114 209245
815685 277334
519501 281293
29781137 257645
946127 31219
496705 183218
339705 329896
784399 2019
466910 309584
1458841 271347
793490 95898
1620492 152338
500013 303293
463297 133555
1038902 107474
1384769 332388
970676 222107
4042022 229654
376778 85155
645228 207719
3956021 97286
397394 3448
415799 229230
523520 89473
366545 79046
4984989 96198
607883 188934
411331 159664
447650 21233
868835 310617
1412495 227526
3763826 199567
400654 117105
456105 118866
1755325 240016
880537 153580
1103426 134459
708714 191193
535439 253355
594642 128912
914293 135089
839869 200374
393258 104744
706116 207365
559229 163469
350932 35134
389665 224187
1055933 232707
1072327 4307
1214663 125725
416196 217152
1316431 162389
1842746 205593
578009 147382
1076857 14198
586565 132558
525213 299464
57700953 31333
459455 307925
508876 313513
469678 266442
777269 314464
502846 286723
9429965 10115
418719 314466
1636924 197895
349931 156316
659804 9062
338659 325424
356015 132768
1141968 32792
717846 206661
459526 285760
896526 298516
408902 265922
4186297 217962
906470 332074
2840899 326461
945186 246993
2561619 284626
374476 318492
7523294 220402
558762 310817
392946 4000
805234 235206
424460 302946
887630 53744
569731 250160
416724 33644
2368131 160440
399843 125599
515654 211622
650235 41741
773132 110049
1146126 13322
345418 304845
1590800 166442
429808 198459
1456579 122771
1414619 53173
9063174 265486
6475381 31159
1801402 88596
16496955 96163
350315 120364
467880 275713
1190155 163391
530022 307139
466166 312117
430372 142030
435769 95229
786329 56946
344570 302057
2398569 317183
4687522 64282
526063 284719
584444 197492
5151155 20537
760510 33167
1113462 121207
592822 109575
1604396 291944
457239 280735
460897 30667
817512 115793
341960 13967
1307302 175757
1265600 243366
1171340 61027
348937 330375
396561 169306
338784 213772
361375 121689
791524 22881
1026521 105507
592647 324814
357974 268159
412190 318337
355379 44603
488655 118369
1531112 38045
339590 114903
1016608 203741
593912 147715
18114304 229711
387044 201977
342794 3744
562795 101374
7776178 96575
631725 3800
480374 195222
4377969 97406
1798534 331680
474003 64645
623154 157067
349808 45638
837930 142554
2392419 38650
832096 212344
412578 199358
1206897 167058
7462622 257522
335026 74113
1159828 157024
704052 140838
6614139 235094
14212761 219353
711929 66089
377809 311901
1970768 53726
1241025 113983
385508 82764
21988628 195341
2139328 43666
415449 32832
1260524 207249
2016827 102677
658663 302343
3154530 59752
713814 232807
3322426 310741
417831 294200
2233631 155093
619561 287393
482508 285462
552266 35754
433981 31759
3231203 38781
501554 241253
616598 218897
549144 7486
1122354 43234
812915 104284
394041 89899
2174154 173251
352796 333173
7066201 311212
488166 290275
337515 6635
395053 22877
535734 65042
729275 319144
335138 84011
472172 216209
537511 274372
765362 262868
2111046 79331
455611 220672
421503 85324
5901871 125772
345777 58153
389021 140335
517845 250997
495444 181779
675373 171156
433598 166009
521445 9799
354999 188651
458094 313289
341014 69089
808632 162865
348815 190818
725973 20243
1027634 104651
1683394 291149
720535 240550
503365 295070
542913 295042
475931 290901
625374 168156
373208 116690
2179222 273240
1748775 286748
360458 261919
369295 284096
3718660 279604
517570 160524
762323 133889
801865 282800
554472 201670
1108600 315615
812226 292854
11405302 144378
1185670 29214
707153 306314
357845 271255
1199229 177552
913415 30
386711 311421
1033237 231336
507026 228531
336492 141267
2732595 62155
582338 129112
524083 195332
413141 290484
630076 54815
393414 97089
2936573 88798
469002 39933
699958 168202
432264 187847
438685 310829
358638 307087
930389 232582
739225 242528
2648074 87374
5978024 22219
1875982 144177
936805 306570
5122696 301382
643938 163893
731817 42896
378847 35769
515382 153878
6056168 6789
505712 139511
1966628 519
626391 311459
6096011 299883
545043 147225
442099 117541
1516767 1220
354476 311764
454697 21034
725425 166806
370559 238614
640097 227051
501812 234409
10618730 108691
490218 162300
364083 233650
348693 79139
486949 68828
336152 104570
335250 201014
717005 323836
41964329 65179
746453 224880
935883 292451
402777 81853
2101558 154433
749365 326131
347599 245174
504145 234358
549765 12102
3748649 1343
776011 14771
1596211 218503
575790 27018
577160 193666
679659 253012
621153 104483
1131763 101085
1551359 264137
560844 164846
772510 51578
564759 218069
441900 306680
367903 78419
520610 150919
1704819 121409
340073 211411
383242 213824
3197892 274149
748197 41755
1360756 294808
570400 68763
1138210 331332
482746 328974
1123688 300408
406503 243607
790871 160330
3889812 92380
823496 227422
423547 52233
3575635 282357
509247 300233
399358 164689
2448127 314744
587446 128451
1005075 260725
478025 150542
964090 52835
12830965 93750
1979101 158843
2338455 233923
726521 291522
3276713 101092
728723 262034
1242660 156830
544433 193168
748781 294227
403270 319432
451215 125003
464838 30557
1277604 90642
1017700 170533
372927 92609
940512 10509
378413 86697
333889 182861
469903 88492
605793 23104
978365 104105
5684624 192339
2823682 185037
345405 322019
550077 189005
364618 145657
1422250 247230
500269 165845
738657 81314
448879 265873
799190 74544
543216 160535
672036 117608
531678 292198
699450 243028
368199 304832
445555 227806
621952 159611
508082 172505
1795089 230645
1954311 23629
355125 169712
334336 162370
5791211 17626
1168441 303257
1099577 110989
362469 101251
1114775 170320
632966 54857
1102140 15969
2013150 324817
724333 275672
735501 328956
659112 79933
958563 302751
593548 128515
1350995 57851
1349059 22438
428444 289502
797195 175373
346137 117661
542307 126699
457880 71636
502329 96152
335588 254131
443881 248511
462203 57517
454276 72773
30773841 253099
1109541 196687
1075633 152402
1087644 178017
2453761 232158
1474872 47297
868045 119047
1253819 140440
514838 65465
587802 154409
571719 31188
1374662 182010
744717 280390
563121 284469
3810103 215979
348206 217362
1030989 142590
4077478 150820
1106007 214900
542005 18911
334784 66248
2193127 322523
683298 204725
662976 53966
1825983 138808
462421 215666
445088 40126
2164089 292684
1020990 296533
382797 32387
342558 273659
427885 157562
355506 278474
984136 55730
611339 85358
571382 195927
397358 316629
408564 291528
2499810 136890
450735 228801
1680928 328681
825629 192913
479667 143247
1695571 23733
481557 213648
466687 101794
498480 161901
484597 301044
734051 271597
1232106 321842
596105 236095
788269 132970
539000 77833
440317 247407
414401 107815
700467 211420
131887892 229300
3508170 4952
1181218 227184
550388 239207
359286 119385
394669 327886
680883 118668
408057 62646
421142 95394
380739 39022
387802 27386
1368668 149512
2781537 253703
346618 15046
739794 98011
648053 14283
4883275 309483
1758618 20387
419527 55881
349195 126160
382650 63558
522843 317338
333778 103451
999368 227073
363264 155549
4095441 50568
631312 160896
11266213 254674
3419015 322965
418766 99168
230803812 10534
710282 229112
519777 205888
1169889 288124
1490284 186965
12155651 91200
1477191 314129
411502 72499
1671939 123292
441107 97172
536917 20856
1129058 306654
344332 132218
2473287 138492
434421 15881
448469 261480
452256 15151
343147 91735
418363 162357
683783 218227
380446 220238
597576 27104
1228897 252007
434613 262004
867257 240301
677271 273379
365154 117493
400816 149872
1062699 161946
4663967 227914
831373 98321
1292956 110457
1668964 34553
352048 289491
1645540 224276
2159091 190228
1707924 156163
686218 180068
486463 175364
749710 229138
1906548 148869
382945 183359
350808 27177
2120620 123414
425010 49613
421864 181607
1483706 330493
447855 116226
522283 128050
1470256 146852
363397 318325
1148914 167391
1485568 283673
1426567 115665
375068 223343
83928659 297154
648925 151500
602775 289115
632552 236025
5011935 274408
923759 25023
687687 303967
584796 297319
524930 302960
818648 313546
371253 163302
3176063 34647
392167 3166
534724 302324
20989145 284944
459239 86130
961474 180975
838665 84558
729596 272684
582688 158978
595372 249594
1200755 201353
1143350 263045
356781 308142
355887 199423
5581890 214632
703024 45690
383538 20027
901615 303092
727070 52744
1274151 26378
493440 241320
653315 10377
579737 154884
579045 33708
369708 241578
338669 92241
483876 12832
392012 45938
371670 79912
364752 231338
516747 98338
529158 253173
501039 195518
2298137 104586
848820 74460
1887328 202870
603151 111034
460174 324421
446772 64268
5719714 49833
607501 161246
814991 286930
353453 27972
366816 23358
395879 307365
1208442 74805
353187 313391
9933650 284009
1815366 263559
785041 143007
747034 86457
1585426 113518
1692510 20904
455188 13935
1085502 323113
378702 154261
1069903 9018
636302 154745
19246448 9962
1262211 25439
360982 28088
407383 170134
3101955 178546
501297 246731
2685346 270598
413314 302825
377208 321001
540799 271302
564431 9244
1066289 101110
512026 136924
581639 186629
395926 45995
1150314 82805
9334713 61562
569396 297446
550700 180685
5484620 326324
374784 54050
12484182 5563
628636 218912
578354 232668
679180 102687
482270 17679
4440810 6297
781453 1688
996219 52034
540498 209651
374643 193775
555423 186947
955979 234314
998316 150084
351055 199260
1406161 100368
386410 249497
4024524 224597
633797 268130
1739042 200746
502070 179745
358232 170611
783368 187507
377665 210159
423912 300252
4640647 188688
355760 251997
1092668 310729
4299739 311428
374926 186424
552894 62263
1225705 21743
453368 317730
817077 329565
3265216 186371
546230 321935
741842 250662
375778 189904
1378687 224109
506762 183681
524365 241528
1136841 202319
1325689 153687
368062 115740
539599 276636
905608 244702
942376 251981
4263110 313214
485649 237662
736958 79168
76934604 68287
1918268 229878
5755240 152325
536325 249080
363550 209670
494440 165863
436349 218370
1120058 326486
1872230 204850
397874 327078
598314 183658
7842078 217871
1175716 121690
973663 319616
1334642 318711
545961 327622
371949 215736
735829 56094
786975 219332
545655 4595
839402 311295
65943946 228336
334112 71782
381618 198829
344927 16157
389326 329293
671314 319094
1548799 161984
383835 145573
3631504 27819
359156 234376
811537 123644
365827 326817
360197 256085
1063893 231938
406671 62170
842832 50483
1714169 218859
420962 207075
379282 159153
346017 232168
482032 74144
358620 331191
576817 241466
409453 237837
601277 26906
1788237 109126
15928095 188047
2640573 134259
392634 57820
995173 244763
335475 244259
848067 122835
10868582 35222
492942 109354
1660102 64107
677747 159640
366004 170187
386742 41994
489144 253885
413661 286103
382502 253048
3357300 284896
2144235 196846
600540 310826
345285 120474
912539 268016
506237 110895
646092 34777
2065123 73491
402285 128979
350438 182381
12655199 306664
28850476 69420
1118732 192233
750296 329727
4549654 212267
18476590 82590
607120 85408
365020 130748
741507 313192
369570 153454
1651334 35956
1410378 201232
2619183 323197
1958399 246207
334672 270260
434997 277033
915172 12871
566407 182226
478962 91920
461549 205046
1463385 139408
985158 37016
7909104 231004
337743 53285
538403 37774
853855 205346
1155570 211281
413834 163241
3645745 129618
11547869 88584
988947 264582
948653 208923
391204 310750
440711 299111
387954 38046
624566 5001
922863 37718
1059476 208443
4243643 158947
696415 150042
358361 31263
667561 237180
1071114 149329
494941 95925
846565 52452
16207535 287966
701999 35545
709236 199070
1032112 70926
1356835 259759
911665 267893
806590 127847
380592 200088
336719 136960
487192 227990
11694044 232794
1305491 14625
458165 12198
4281340 323891
414008 330662
338429 68778
1269006 254273
392478 102336
673444 191709
427090 238565
1046938 28277
418944 241612
719457 27748
7977286 63123
2380213 173402
572731 32562
709759 92510
115401906 240415
1701725 215373
403105 188009
1255488 197471
1404062 14911
626184 312395
342077 12756
1009030 49700
1580087 117935
1561684 26443
599054 72194
586920 324184
758108 91847
769042 315055
652432 281078
372088 201403
412233 25363
639250 224050
874362 211293
763536 58479
827774 130449
563448 154767
433216 171399
399681 241852
379863 292552
336832 48378
436543 111827
716472 185584
543824 42829
406336 101807
23680061 250587
3394059 140816
3674565 245890
6342325 178210
358767 107133
401468 114864
920185 65186
1288076 325980
8412411 121696
2693107 223006
458809 266853
717311 111799
1991734 138649
369432 182327
1424405 33198
2773259 285152
2060574 45997
1752044 138573
1538642 7045
526632 282668
1004010 250222
3091649 17821
376349 154403
662521 149354
541100 278231
426720 267810
534137 201017
668023 318980
685242 28888
6136382 102988
546095 328071
4168902 326982
7647646 116065
573747 167333
2568676 63072
8726963 230436
425194 127204
660255 217283
857907 153194
3689147 49954
1836724 319318
647619 249407
2260673 107196
1060663 67758
530853 316330
1454324 38781
7344168 103821
733491 219699
2724605 248409
24960064 316380
1987505 55350
5039174 1865
339129 229267
472629 237240
796532 17431
354872 133878
3873604 290916
785685 304474
31835008 109850
1362725 126942
443357 311895
1227299 150489
949601 292901
530154 93565
572056 261588
339958 255412
347720 243609
648489 50788
1147518 18121
412018 68037
377980 225411
1209991 201188
2207955 208479
852332 10951
1883531 3059
10742203 87267
416548 131721
390433 39575
397714 108612
669664 330516
351551 53457
471035 147969
357074 91799
1394117 107244
336946 300138
548524 112142
517021 205920
366139 9081
680139 37770
431127 153645
2223726 307254
884621 195205
451839 196739
586211 251083
4735354 109307
8489589 140494
4113562 166472
461114 134779
698436 239073
509513 31649
711403 28021
449908 221022
765973 171783
349440 47294
439922 61190
576475 120254
538105 22526
609798 211061
1252154 188722
423365 242992
1942147 80864
618965 324437
349686 220351
387499 64801
1332755 185838
1782022 57127
926158 43269
925556 326600
843576 144618
1337998 245698
1007211 310790
675846 278740
619165 9091
398231 105934
426165 99717
354493 158479
393571 179104
2526908 7511
613276 328487
2188710 321502
455400 27522
496200 272396
1400341 326149
762929 246736
359806 106064
367223 143245
337059 234733
450321 152550
92321525 202035
466986 166443
1248837 191514
338898 83866
339013 81365
13011683 238255
934044 34444
5420473 291958
419170 237466
394198 66261
35508278 76871
547905 236621
565417 9893
2282031 316417
1543704 301246
476627 238376
479902 9060
424094 71302
752997 136985
841348 191602
398071 40803
620356 138219
485979 229255
695912 213907
395211 229698
1934122 193461
338200 170160
602025 85933
651112 31081
655088 249009
377064 292502
385658 237911
954059 204852
361244 189829
410304 270962
3011607 153047
799857 75387
1341810 331291
1663045 64151
1642658 3482
363950 115504
2945866 105330
795465 323056
405668 115782
1818891 153080
375636 248302
810424 332443
484356 72543
629665 276635
656871 164436
734612 320498
902469 66008
428631 326747
439332 75784
405335 52802
487922 33642
1386357 7100
371531 296995
612888 75922
538702 289040
26377578 237866
551952 255988
14434836 274921
740364 139257
651552 93359
663431 179812
847315 38022
2332609 25299
667099 156683
445353 84662
1665999 68507
336039 17910
9527182 314277
474233 93351
347235 251980
352297 236831
377378 64737
589948 221160
377836 286330
971670 51912
500782 158331
452464 321689
624163 38747
453436 277605
513104 261948
2034365 256256
2597296 273383
382354 125268
447179 300236
437125 54807
389173 266150
340897 129093
385028 84561
17430745 185250
414750 21925
381325 295829
530564 117336
1178652 308322
384879 44213
761718 101152
770030 157706
657318 30265
385208 16487
1018794 35628
669199 139224
438940 299949
2798243 169620
372228 152980
602400 43235
395369 314459
3443204 250055
1358793 2408
394861 65868
642653 210642
433407 57026
360851 242658
464396 218669
370283 204149
568396 254221
2422692 221560
519224 186285
556059 300709
446162 41095
1723622 186056
15144746 220787
1258841 212201
1065089 88387
425797 224186
2410171 210606
443418 318677
850330 247681
2441718 288307
689656 83695
1443626 183079
7118194 20697
2386301 1447
456317 69363
3333234 272894
876773 318129
515110 49985
500525 178285
8810076 199970
2765030 226347
447382 317674
2554601 23981
857136 223055
354098 85464
518672 50843
2832264 172418
546671 9123
608648 83418
493940 220856
396243 249110
533844 152839
618174 302204
400329 203903
1556504 264660
2928304 316513
475699 116304
1179741 74437
484837 192572
507289 281250
8978164 307956
886265 195412
844321 199684
438490 184458
353595 292744
626598 98216
529446 276366
573408 196872
777650 216792
9244438 307343
865685 300413
25644868 107525
1244299 136379
432835 300767
525496 40832
433026 277522
456812 191952
566076 169437
531969 100526
528011 192729
718919 130112
346257 183169
390587 85546
923215250 192379
731260 291745
340654 202155
464617 217769
737523 51631
570735 243302
407720 204602
3939259 132014
828491 14734
544738 62464
358490 46441
591028 295290
339359 215054
526347 236452
404505 84629
471262 204674
1172795 224752
339947 310568
353203 210312
4318309 314782
1079313 83417
333667 133064
366680 37217
1775272 133559
337971 216906
569063 154009
422045 42112
3051103 256703
664345 68477
1396185 285981
10151972 285715
429433 120601
595739 66028
503105 303099
551638 145013
401631 204567
488899 130437
835733 100763
630899 232603
3122773 298106
541703 111846
2910002 250391
2344330 284047
343384 302571
444886 156062
361507 29729
1188656 104037
352936 267855
427699 123233
611725 239815
2891928 73932
620754 6957
6806414 207146
425612 289428
492693 29816
1519222 229828
492444 233952
712984 258350
540198 282797
379136 182605
845068 96620
676796 58462
1067491 75255
568064 135823
1811855 19266
34193157 240831
358897 208416
419123 312352
794147 108416
365423 95417
907041 109090
849575 276397
1140589 26118
384729 256943
2021183 173513
1127711 252650
588516 2800
792833 122601
422819 240834
2748717 106267
434805 59866
405003 50706
421322 16572
384580 262868
440909 217602
878104 228843
367767 143086
1197707 41250
1524154 332067
415975 321396
4784172 295003
476859 143716
1626109 73351
454487 28323
494691 182377
401142 61699
1962505 88202
384431 237039
1048096 263019
337629 270802
598684 262371
12317727 219908
1130409 99973
1193165 147008
457452 94890
371809 116856
574427 153214
521166 167489
383984 273124
572393 191022
1014431 213884
388106 179853
357057 310842
528871 160953
