1000
10000819 9999181
10000396 9999604
10000441 9999559
10000504 9999496
10000605 9999395
10000820 9999180
10000804 9999196
10000643 9999357
10000071 9999929
10000562 9999438
10000251 9999749
10000880 9999120
10000747 9999253
10000202 9999798
10000720 9999280
10000492 9999508
10000650 9999350
10000670 9999330
10000953 9999047
10000563 9999437
10000210 9999790
10000986 9999014
10000695 9999305
10000970 9999030
10000479 9999521
10000998 9999002
10000707 9999293
10000294 9999706
10000590 9999410
10000652 9999348
10000315 9999685
10000246 9999754
10000635 9999365
10000583 9999417
10000428 9999572
10000220 9999780
10000614 9999386
10000700 9999300
10000754 9999246
10000912 9999088
10000470 9999530
10000068 9999932
10000449 9999551
10000753 9999247
10000139 9999861
10000168 9999832
10000714 9999286
10000365 9999635
10000671 9999329
10000910 9999090
10000919 9999081
10000663 9999337
10000088 9999912
10000623 9999377
10000570 9999430
10000668 9999332
10000685 9999315
10000784 9999216
10000493 9999507
10000178 9999822
10000556 9999444
10000901 9999099
10000123 9999877
10000017 9999983
10000844 9999156
10000757 9999243
10000106 9999894
10000829 9999171
10000072 9999928
10000870 9999130
10000140 9999860
10000082 9999918
10000997 9999003
10000490 9999510
10000922 9999078
10000275 9999725
10000191 9999809
10000531 9999469
10000207 9999793
10000990 9999010
10000213 9999787
10000589 9999411
10000209 9999791
10000451 9999549
10000237 9999763
10000495 9999505
10000639 9999361
10000426 9999574
10000673 9999327
10000600 9999400
10000640 9999360
10000625 9999375
10000239 9999761
10000551 9999449
10000421 9999579
10000502 9999498
10000557 9999443
10000938 9999062
10000723 9999277
10000622 9999378
10000295 9999705
10000079 9999921
10000280 9999720
10000516 9999484
10000962 9999038
10000232 9999768
10000090 9999910
10000911 9999089
10000192 9999808
10000120 9999880
10000374 9999626
10000284 9999716
10000156 9999844
10000513 9999487
10000891 9999109
10000952 9999048
10000864 9999136
10000985 9999015
10000658 9999342
10000576 9999424
10000602 9999398
10000774 9999226
10000153 9999847
10000245 9999755
10000223 9999777
10000746 9999254
10000042 9999958
10000271 9999729
10000888 9999112
10000037 9999963
10000994 9999006
10000145 9999855
10000603 9999397
10000067 9999933
10000281 9999719
10000448 9999552
10000955 9999045
10000725 9999275
10000686 9999314
10000790 9999210
10000486 9999514
10000485 9999515
10000488 9999512
10000380 9999620
10000322 9999678
10000748 9999252
10000942 9999058
10000053 9999947
10000796 9999204
10000548 9999452
10000258 9999742
10000579 9999421
10000005 9999995
10000063 9999937
10000354 9999646
10000333 9999667
10000064 9999936
10000427 9999573
10000718 9999282
10000388 9999612
10000840 9999160
10000713 9999287
10000904 9999096
10000312 9999688
10000529 9999471
10000823 9999177
10000762 9999238
10000705 9999295
10000957 9999043
10000609 9999391
10000011 9999989
10000852 9999148
10000148 9999852
10000406 9999594
10000620 9999380
10000512 9999488
10000468 9999532
10000679 9999321
10000405 9999595
10000471 9999529
10000847 9999153
10000458 9999542
10000540 9999460
10000687 9999313
10000786 9999214
10000849 9999151
10000967 9999033
10000822 9999178
10000127 9999873
10000347 9999653
10000539 9999461
10000183 9999817
10000125 9999875
10000235 9999765
10000350 9999650
10000895 9999105
10000078 9999922
10000903 9999097
10000897 9999103
10000769 9999231
10000030 9999970
10000527 9999473
10000272 9999728
10000906 9999094
10000278 9999722
10000150 9999850
10000949 9999051
10000923 9999077
10000642 9999358
10000960 9999040
10000561 9999439
10000225 9999775
10000514 9999486
10000824 9999176
10000121 9999879
10000308 9999692
10000386 9999614
10000770 9999230
10000517 9999483
10000437 9999563
10000633 9999367
10000289 9999711
10000323 9999677
10000151 9999849
10000439 9999561
10000149 9999851
10000893 9999107
10000618 9999382
10000279 9999721
10000980 9999020
10000049 9999951
10000252 9999748
10000802 9999198
10000507 9999493
10000882 9999118
10000641 9999359
10000742 9999258
10000793 9999207
10000435 9999565
10000022 9999978
10000697 9999303
10000954 9999046
10000086 9999914
10000028 9999972
10000044 9999956
10000412 9999588
10000491 9999509
10000694 9999306
10000093 9999907
10000303 9999697
10000587 9999413
10000627 9999373
10000118 9999882
10000027 9999973
10000865 9999135
10000837 9999163
10000242 9999758
10000292 9999708
10000536 9999464
10000511 9999489
10000577 9999423
10000853 9999147
10000087 9999913
10000461 9999539
10000195 9999805
10000111 9999889
10000004 9999996
10000733 9999267
10000339 9999661
10000833 9999167
10000429 9999571
10000692 9999308
10000812 9999188
10000074 9999926
10000968 9999032
10000766 9999234
10000704 9999296
10000344 9999656
10000369 9999631
10000496 9999504
10000805 9999195
10000674 9999326
10000515 9999485
10000767 9999233
10000055 9999945
10000684 9999316
10000648 9999352
10000132 9999868
10000381 9999619
10000712 9999288
10000018 9999982
10000660 9999340
10000453 9999547
10000478 9999522
10000681 9999319
10000764 9999236
10000843 9999157
10000046 9999954
10000727 9999273
10000749 9999251
10000839 9999161
10000533 9999467
10000680 9999320
10000664 9999336
10000335 9999665
10000446 9999554
10000616 9999384
10000348 9999652
10000689 9999311
10000040 9999960
10000400 9999600
10000816 9999184
10000154 9999846
10000532 9999468
10000362 9999638
10000961 9999039
10000212 9999788
10000526 9999474
10000459 9999541
10000410 9999590
10000133 9999867
10000157 9999843
10000276 9999724
10000065 9999935
10000690 9999310
10000146 9999854
10000056 9999944
10000834 9999166
10000061 9999939
10000750 9999250
10000607 9999393
10000973 9999027
10000379 9999621
10000965 9999035
10000262 9999738
10000224 9999776
10000390 9999610
10000218 9999782
10000636 9999364
10000399 9999601
10000349 9999651
10000710 9999290
10000989 9999011
10000389 9999611
10000015 9999985
10000393 9999607
10000877 9999123
10000887 9999113
10000797 9999203
10000253 9999747
10000811 9999189
10000826 9999174
10000199 9999801
10000599 9999401
10000066 9999934
10000781 9999219
10000785 9999215
10000791 9999209
10000612 9999388
10000501 9999499
10000291 9999709
10000850 9999150
10000763 9999237
10000709 9999291
10000945 9999055
10000543 9999457
10000101 9999899
10000958 9999042
10000867 9999133
10000768 9999232
10000940 9999060
10000771 9999229
10000334 9999666
10000325 9999675
10000564 9999436
10000113 9999887
10000878 9999122
10000114 9999886
10000316 9999684
10000809 9999191
10000931 9999069
10000424 9999576
10000581 9999419
10000558 9999442
10000528 9999472
10000353 9999647
10000508 9999492
10000423 9999577
10000296 9999704
10000974 9999026
10000360 9999640
10000304 9999696
10000329 9999671
10000818 9999182
10000740 9999260
10000480 9999520
10000752 9999248
10000217 9999783
10000691 9999309
10000265 9999735
10000595 9999405
10000909 9999091
10000728 9999272
10000902 9999098
10000003 9999997
10000592 9999408
10000810 9999190
10000029 9999971
10000186 9999814
10000665 9999335
10000368 9999632
10000959 9999041
10000227 9999773
10000187 9999813
10000162 9999838
10000260 9999740
10000688 9999312
10000158 9999842
10000653 9999347
10000274 9999726
10000387 9999613
10000743 9999257
10000588 9999412
10000047 9999953
10000838 9999162
10000711 9999289
10000808 9999192
10000130 9999870
10000739 9999261
10000285 9999715
10000472 9999528
10000305 9999695
10000845 9999155
10000293 9999707
10000135 9999865
10000983 9999017
10000538 9999462
10000578 9999422
10000899 9999101
10000436 9999564
10000996 9999004
10000555 9999445
10000288 9999712
10000523 9999477
10000006 9999994
10000214 9999786
10000724 9999276
10000886 9999114
10000586 9999414
10000846 9999154
10000341 9999659
10000250 9999750
10000229 9999771
10000794 9999206
10000161 9999839
10000282 9999718
10000773 9999227
10000032 9999968
10000057 9999943
10000373 9999627
10000832 9999168
10000900 9999100
10000541 9999459
10000203 9999797
10000907 9999093
10000943 9999057
10000582 9999418
10000932 9999068
10000297 9999703
10000956 9999044
10000951 9999049
10000722 9999278
10000575 9999425
10000395 9999605
10000377 9999623
10000506 9999494
10000181 9999819
10000167 9999833
10000580 9999420
10000554 9999446
10000340 9999660
10000778 9999222
10000024 9999976
10000096 9999904
10000456 9999544
10000597 9999403
10000012 9999988
10000913 9999087
10000317 9999683
10000031 9999969
10000908 9999092
10000574 9999426
10000869 9999131
10000777 9999223
10000924 9999076
10000370 9999630
10000862 9999138
10000211 9999789
10000779 9999221
10000975 9999025
10000572 9999428
10000476 9999524
10000915 9999085
10000052 9999948
10000972 9999028
10000163 9999837
10000568 9999432
10000950 9999050
10000169 9999831
10000261 9999739
10000007 9999993
10000629 9999371
10000866 9999134
10000382 9999618
10000020 9999980
10000534 9999466
10000343 9999657
10000889 9999111
10000937 9999063
10000760 9999240
10000617 9999383
10000038 9999962
10000971 9999029
10000206 9999794
10000425 9999575
10000097 9999903
10000510 9999490
10000450 9999550
10000179 9999821
10000874 9999126
10000205 9999795
10000717 9999283
10000324 9999676
10000914 9999086
10000176 9999824
10000058 9999942
10000306 9999694
10000320 9999680
10000069 9999931
10000608 9999392
10000184 9999816
10000783 9999217
10000503 9999497
10000416 9999584
10000048 9999952
10000188 9999812
10000469 9999531
10000228 9999772
10000243 9999757
10000926 9999074
10000560 9999440
10000359 9999641
10000352 9999648
10000290 9999710
10000319 9999681
10000115 9999885
10000247 9999753
10000918 9999082
10000411 9999589
10000014 9999986
10000706 9999294
10000860 9999140
10000026 9999974
10000062 9999938
10000520 9999480
10000376 9999624
10000656 9999344
10000669 9999331
10000537 9999463
10000403 9999597
10000407 9999593
10000737 9999263
10000930 9999070
10000122 9999878
10000545 9999455
10000999 9999001
10000708 9999292
10000806 9999194
10000734 9999266
10000835 9999165
10000789 9999211
10000979 9999021
10000433 9999567
10000611 9999389
10000946 9999054
10000787 9999213
10000776 9999224
10000036 9999964
10000703 9999297
10000141 9999859
10000155 9999845
10000765 9999235
10000085 9999915
10000342 9999658
10000204 9999796
10000442 9999558
10000494 9999506
10000166 9999834
10000726 9999274
10000221 9999779
10000013 9999987
10000050 9999950
10000194 9999806
10000440 9999560
10000825 9999175
10000418 9999582
10000927 9999073
10000780 9999220
10000630 9999370
10000170 9999830
10000821 9999179
10000831 9999169
10000084 9999916
10000089 9999911
10000894 9999106
10000112 9999888
10000626 9999374
10000051 9999949
10000259 9999741
10000892 9999108
10000287 9999713
10000366 9999634
10000530 9999470
10000647 9999353
10000466 9999534
10000741 9999259
10000655 9999345
10000328 9999672
10000080 9999920
10000391 9999609
10000851 9999149
10000033 9999967
10000751 9999249
10000099 9999901
10000798 9999202
10000137 9999863
10000417 9999583
10000385 9999615
10000929 9999071
10000948 9999052
10000800 9999200
10000136 9999864
10000222 9999778
10000447 9999553
10000857 9999143
10000398 9999602
10000601 9999399
10000978 9999022
10000392 9999608
10000593 9999407
10000547 9999453
10000815 9999185
10000683 9999317
10000346 9999654
10000413 9999587
10000444 9999556
10000565 9999435
10000917 9999083
10000500 9999500
10000025 9999975
10000701 9999299
10000117 9999883
10000744 9999256
10000585 9999415
10000801 9999199
10000521 9999479
10000977 9999023
10000415 9999585
10000372 9999628
10000654 9999346
10000104 9999896
10000238 9999762
10000422 9999578
10000358 9999642
10000696 9999304
10000309 9999691
10000505 9999495
10000383 9999617
10000631 9999369
10000356 9999644
10000842 9999158
10000116 9999884
10000566 9999434
10000226 9999774
10000884 9999116
10000484 9999516
10000144 9999856
10000105 9999895
10000509 9999491
10000119 9999881
10000939 9999061
10000159 9999841
10000549 9999451
10000073 9999927
10000799 9999201
10000662 9999338
10000916 9999084
10000241 9999759
10000035 9999965
10000598 9999402
10000330 9999670
10000109 9999891
10000200 9999800
10000988 9999012
10000646 9999354
10000657 9999343
10000827 9999173
10000142 9999858
10000475 9999525
10000147 9999853
10000559 9999441
10000409 9999591
10000060 9999940
10000573 9999427
10000196 9999804
10000876 9999124
10000174 9999826
10000905 9999095
10000401 9999599
10000991 9999009
10000043 9999957
10000384 9999616
10000792 9999208
10000313 9999687
10000216 9999784
10000351 9999649
10000165 9999835
10000332 9999668
10000091 9999909
10000355 9999645
10000431 9999569
10000841 9999159
10000270 9999730
10000553 9999447
10000925 9999075
10000300 9999700
10000606 9999394
10000126 9999874
10000854 9999146
10000164 9999836
10000264 9999736
10000632 9999368
10000307 9999693
10000039 9999961
10000182 9999818
10000267 9999733
10000249 9999751
10000596 9999404
10000083 9999917
10000855 9999145
10000301 9999699
10000675 9999325
10000041 9999959
10000775 9999225
10000345 9999655
10000397 9999603
10000489 9999511
10000584 9999416
10000677 9999323
10000569 9999431
10000131 9999869
10000180 9999820
10000872 9999128
10000430 9999570
10000208 9999792
10000745 9999255
10000759 9999241
10000621 9999379
10000856 9999144
10000828 9999172
10000698 9999302
10000944 9999056
10000542 9999458
10000836 9999164
10000613 9999387
10000525 9999475
10000519 9999481
10000021 9999979
10000102 9999898
10000378 9999622
10000981 9999019
10000871 9999129
10000432 9999568
10000045 9999955
10000499 9999501
10000255 9999745
10000920 9999080
10000152 9999848
10000367 9999633
10000008 9999992
10000732 9999268
10000129 9999871
10000465 9999535
10000076 9999924
10000756 9999244
10000861 9999139
10000094 9999906
10000624 9999376
10000995 9999005
10000201 9999799
10000363 9999637
10000928 9999072
10000219 9999781
10000336 9999664
10000987 9999013
10000001 9999999
10000019 9999981
10000419 9999581
10000649 9999351
10000457 9999543
10000487 9999513
10000936 9999064
10000795 9999205
10000273 9999727
10000567 9999433
10000699 9999301
10000702 9999298
10000266 9999734
10000672 9999328
10000185 9999815
10000244 9999756
10000231 9999769
10000863 9999137
10000473 9999527
10000110 9999890
10000518 9999482
10000715 9999285
10000881 9999119
10000404 9999596
10000268 9999732
10000402 9999598
10000434 9999566
10000758 9999242
10000976 9999024
10000992 9999008
10000314 9999686
10000947 9999053
10000318 9999682
10000898 9999102
10000667 9999333
10000550 9999450
10000016 9999984
10000414 9999586
10000464 9999536
10000615 9999385
10000302 9999698
10000375 9999625
10000875 9999125
10000993 9999007
10000966 9999034
10000321 9999679
10000233 9999767
10000455 9999545
10000634 9999366
10000604 9999396
10000883 9999117
10000933 9999067
10000571 9999429
10000921 9999079
10000858 9999142
10000682 9999318
10000803 9999197
10000230 9999770
10000731 9999269
10000935 9999065
10000984 9999016
10000738 9999262
10000782 9999218
10000817 9999183
10000175 9999825
10000628 9999372
10000535 9999465
10000095 9999905
10000098 9999902
10000240 9999760
10000873 9999127
10000830 9999170
10000034 9999966
10000885 9999115
10000070 9999930
10000298 9999702
10000645 9999355
10000189 9999811
10000644 9999356
10000128 9999872
10000676 9999324
10000735 9999265
10000215 9999785
10000859 9999141
10000772 9999228
10000190 9999810
10000286 9999714
10000477 9999523
10000497 9999503
10000081 9999919
10000254 9999746
10000481 9999519
10000454 9999546
10000483 9999517
10000236 9999764
10000002 9999998
10000591 9999409
10000009 9999991
10000172 9999828
10000269 9999731
10000143 9999857
10000010 9999990
10000666 9999334
10000311 9999689
10000177 9999823
10000326 9999674
10000357 9999643
10000788 9999212
10000234 9999766
10000134 9999866
10000445 9999555
10000075 9999925
10000651 9999349
10000982 9999018
10000371 9999629
10000337 9999663
10000474 9999526
10000438 9999562
10000552 9999448
10000659 9999341
10000546 9999454
10000198 9999802
10000879 9999121
10000092 9999908
10000619 9999381
10000361 9999639
10000394 9999606
10000482 9999518
10000813 9999187
10000452 9999548
10000107 9999893
10000331 9999669
10000661 9999339
10000197 9999803
10000256 9999744
10000364 9999636
10000460 9999540
10000023 9999977
10000420 9999580
10000941 9999059
10000637 9999363
10000248 9999752
10000963 9999037
10000408 9999592
10000108 9999892
10000059 9999941
10000721 9999279
10000257 9999743
10000077 9999923
10000467 9999533
10000594 9999406
10000498 9999502
10000761 9999239
10000338 9999662
10000934 9999066
10000138 9999862
10000124 9999876
10000969 9999031
10000729 9999271
10000868 9999132
10000678 9999322
10000462 9999538
10000283 9999717
10000544 9999456
10000193 9999807
10000327 9999673
10000814 9999186
10000524 9999476
10000964 9999036
10000299 9999701
10000310 9999690
10000277 9999723
10000890 9999110
10000522 9999478
10000173 9999827
10000160 9999840
10000896 9999104
10000610 9999390
10000638 9999362
10000103 9999897
10000000 10000000
10000443 9999557
10000716 9999284
10000693 9999307
10000730 9999270
10000807 9999193
10000054 9999946
10000719 9999281
10000100 9999900
10000736 9999264
10000463 9999537
10000755 9999245
10000263 9999737
10000848 9999152
10000171 9999829
