2000
642066668 551847964
257963877 130269963
826235169 198673800
399577946 127696465
786386436 246706166
390569289 198409876
561686028 507068957
77157915 41590701
60511515 56429382
923473640 235274215
982641161 960039509
972257923 840259451
635652238 540970
577657383 61194996
802246117 353061022
699521498 651276984
796358992 411799526
844625475 318817738
461977886 344022221
413824232 317629765
617780866 122230245
662133284 43776334
988453286 640501239
961331838 695798621
689547158 187574601
516393209 361791415
669448139 414636037
403935257 323036637
576008742 215317786
749786285 520486855
311285788 282431317
961357451 600042031
376542533 244407790
492227439 408259162
960151003 429881535
818581872 157249353
974595384 691053759
710649963 670566837
660785739 586778171
640509818 276742498
669996086 270455227
830520854 361808075
509786277 205919017
765807007 232595340
679951247 649425658
727274489 325854844
551017860 311589613
928139679 683036892
691315332 538440834
647444920 309555667
990845035 447158099
654407440 567702985
685514269 272095587
917913683 737512735
314270248 58991089
567673298 524258710
641774500 35379837
113410052 64712755
158081263 148111203
880808544 628500590
760474834 92601445
831182392 140802333
781105499 210409326
780206989 65370533
629022109 139587523
886367077 612954857
978078014 197475747
961258233 399390356
499233707 448493356
80920828 531184
731377872 87608572
303265249 166844642
684278941 28774804
767206024 255962425
754416308 353773612
675771708 439533981
982303062 527470267
960794484 548958168
385062166 141844945
982313825 170157106
273860131 263505413
790531821 741761836
577247998 250366146
939011121 121436707
618554666 112116937
760049278 285009692
841234067 240599223
758811186 219228633
814098322 38789875
760384125 394030488
611325786 543707524
263887822 109897478
520339895 396432899
517525451 108828684
991130198 529081026
490303875 38864135
844674893 234313461
387715971 326778403
633713997 455057946
611329624 26035180
800993253 620253762
532100471 336078987
803864953 328829065
815440762 9877661
423571086 297999740
576066006 256127569
171166345 47509504
677130544 150789805
691194210 94396025
261334260 185610068
983929679 469102807
935725242 561784860
609239576 95967144
246941759 74409691
661088702 249144535
855092572 536286424
676598480 595744860
791651616 433766697
324553033 244241956
253755796 89029596
348649753 281016299
830427970 172785892
869287816 95239907
768295318 178201168
387444106 352604373
346720502 291061404
806851219 164459931
988880593 881478932
864049072 32689243
562359246 460132638
847588563 334610087
770030690 541908239
797788559 443844793
402708637 157104080
870454831 499803525
592203184 170284456
717776683 45350721
937104856 665884874
972381242 519616993
327232666 99178140
705071832 509526844
968717126 19129268
944093408 238678005
906887736 304785624
759690977 199692416
472026488 282460966
936533837 849541020
870102224 25353686
225624678 44143073
824283263 432585747
589023074 490709677
465916599 333500409
982066849 243825913
437015694 208894201
515744809 468404145
657980464 169975833
784071183 726316284
787349222 660903117
982663518 696877732
964845031 672172794
685249451 334794370
529102518 389391980
863826328 739708861
755107977 630877961
885440089 710465870
955487699 388140257
983243922 60745851
683398143 494433873
908264568 609029252
373886302 220833360
684338819 533810791
800755780 61254871
704175364 301614842
565677235 118000037
894445888 244670336
698461722 87485972
952355522 77501566
293035524 88647702
541835944 210424113
304647049 228675115
753137683 740878501
255508954 76943457
802539959 154485861
703499785 293195741
721346026 156098443
549938373 158152066
927477065 608082238
541583786 37338876
277029889 91368195
398071018 306950525
469377895 353998083
554149995 380879121
849779374 183330157
247357035 71840463
903733142 796021840
309421073 149263893
435609393 263634632
824807408 560930189
810416464 38925322
919544051 780397243
576236647 35105092
465617526 109451754
769938363 429631557
777482574 91522851
854047775 764992314
598817550 93833488
255656295 3836524
485996405 297493923
819521260 512287802
650814796 177401411
579897454 322453803
612731807 309678897
868938547 458161018
229094509 220885340
893559950 420281878
956826254 568084097
334042573 263848700
659613833 282126731
960107980 167099998
785928595 390350990
978503782 619489785
869895968 358183298
967312857 745862550
345407712 210332858
741576005 48530724
405499375 126839996
524916232 342788287
896421243 702956075
216685196 75296269
214938145 107950802
174772480 133692210
765640090 764989254
867852574 322915855
998204681 79183039
614334326 149078527
274927911 84683850
520797263 198566962
780759763 32170710
502817675 468746281
662947690 204400520
968625655 513641803
553377435 169503100
969494417 65310629
624760375 527802551
951248667 927562253
296073763 183033054
953731147 778600674
815191716 213162393
627617005 345926999
768573962 201661048
832528892 118697783
572419452 436727071
635653797 432752807
842860601 715905650
747549011 138283529
560834592 192650727
664346574 656608112
242791575 7198451
767786766 463907913
260054120 19700012
654280945 343243697
931481100 502984433
586406156 54494245
659760557 271154565
902696215 686968052
709698419 520439509
677416320 625638446
936594150 158923458
869387211 586031432
347102102 174390072
526725916 452009846
259510236 188615479
416900737 7323096
397228564 298519349
397187705 159091100
850128494 832354977
703455783 583815261
427512839 357367656
876046531 501829090
685256803 373813744
584937604 133002409
936312626 428862236
920271671 504188949
946000976 618970923
714502176 666224391
650289680 206624081
925518766 685480163
584691736 264114095
903105074 26925861
353733944 88742481
191420020 91888761
433518836 118711027
727019956 298252680
637930360 297252971
802508252 85124454
456856892 158500675
457313087 311861562
827656579 272992377
324665445 198196374
745139101 480862608
812314300 700811049
209897558 54134979
798167136 272371166
659684022 213734518
648116915 606394310
876094423 636639121
804078237 272715954
897569281 610666040
913493597 80004868
405808577 300300173
154844379 143726953
911615325 846686619
954631000 844158981
171212139 128056300
883041056 206000507
669255044 318930151
881233929 111407123
846662721 701042162
439226016 175559998
455017071 89576760
457720320 276447696
605089923 328508533
610560528 555213608
451736533 116285080
762774299 63276025
980821916 538164963
734740353 431259272
523926845 310566524
606125184 33331927
631346802 142143625
677755370 513658600
777643872 726879503
971464381 178103247
953180478 840393808
400465965 156793885
615224177 441316706
551963241 227853282
983692794 313047342
742497771 624213523
490156291 173946264
825233274 325430437
856860757 658891726
457376600 82786218
408967513 116772102
276509786 11834140
592885286 109222568
908032283 877910744
591951020 478667164
856994310 359073107
311551397 163571732
821793225 671757646
489356712 240628879
794450485 334531715
659279028 214270379
795312736 784909227
536893023 25561207
596011995 513198213
754774118 513588324
959725938 94049890
587158488 117464103
856811515 279183489
777427225 489407967
596226969 376222395
751582887 575182164
639609090 192569505
633456916 326176385
887709250 97089334
492580917 55202799
896220142 41874834
656295838 321421485
942955588 422107199
393756636 118176819
899090972 464682212
526451392 59675704
895003034 781346182
846130029 410589262
606033351 146047511
608702014 396635135
644099033 431443288
960204524 547510998
227007329 134103605
421389008 192016233
477325122 366914788
725088696 544719195
986234430 169062058
681897388 61261785
809330109 623410012
799155274 280333720
323234925 227552931
42014853 19894228
635576217 553064122
528786131 97422161
558986926 480131683
868982302 666933832
829969563 704606235
671114947 193510237
921151717 739012675
621293666 490028803
252449739 223929368
840398743 298150373
906781892 528447983
495095730 371913941
861781923 195689842
881472811 139970860
321072215 94662741
741561858 222076201
448189189 333975406
660127593 171841269
963804815 390993230
937285762 393813200
785513470 554903200
897730268 69728736
344050086 284267656
661814295 279803255
474016363 272867661
311221651 306784643
648507241 483753367
813734010 741422254
982012812 903938364
685154117 648378618
910158646 644674317
886266298 557736071
556626424 460822903
963573595 296415328
998697172 799864757
857341257 354554882
820145995 439448213
348838095 300202856
951767461 611856937
781971417 454944753
877250101 147945889
516157067 164719097
762192945 354716553
641298281 236644909
758447975 167349633
796155283 600782022
696380957 533824963
179874958 25557481
970834306 967708710
818724770 236816643
951562215 885981737
909960498 796011843
703672030 443331526
661217824 523435890
284222109 12334841
994681997 644275792
992067451 576591392
793130256 425347254
933040180 299514985
847850734 483493072
123829878 116085835
467282392 60881817
979271169 506604445
957147394 186765772
998316735 167622960
492974405 394743696
810110614 294647402
677914136 65912282
583278842 19275509
965652485 790142371
575211485 512687671
635478768 465751027
805336385 335774619
768967940 636159112
866090649 864044427
376779895 8999422
876321242 707390349
786318064 407683301
735839914 21324868
841218113 227619243
706013707 519426729
515228146 326372299
832438844 154262304
829690028 329212104
402569969 82461172
978408360 806962437
374624161 50495720
682872409 546115350
706824946 419794987
862849789 627949324
486599444 312942514
684863461 646453273
908786104 193264793
825107651 260746843
759007933 393781513
508823105 164253853
557351736 328043920
788543261 573346484
809881950 578209714
846587378 429321503
871210370 40044610
568710762 150712311
701299987 593930174
755115858 59958081
695017272 132625823
106273638 58038650
619632506 600509548
998118792 755887692
254613811 44093335
696973633 568372808
660531028 187309086
884402159 396015847
654286922 37048314
795219537 733044926
358550366 255993235
775533380 251136837
559621202 477744566
623006462 239246113
778510938 658444761
623840991 578983085
674862377 568691595
324920461 169222663
897362007 291366884
755129411 411376290
693486949 630785941
310635312 140592343
984416578 366757640
933456746 469253315
928420491 489430791
589034479 395132832
711633633 260813192
784908496 645408840
646392960 520349178
896882574 87150936
793940017 325146486
702166396 209247340
882643447 59082074
722397732 620674597
836608396 597778423
946295046 887518198
939226288 67976407
486031995 402438096
512426874 262137418
808828937 350665126
943494804 876480022
884799435 343696708
804241910 119463332
938846343 780518973
565956917 453740255
150201492 81531152
757879794 375835293
278144761 203815337
744916560 410663871
821636075 1934732
719721185 635639634
460123515 109995529
919742017 6767420
957206812 628473400
584347008 296269707
530984703 79800015
954055430 883244906
459835672 198588032
197938754 44374178
740105932 300860305
322905634 234760417
484655973 413707686
911597743 502488107
736633395 588128665
670590287 136753125
372011050 356367154
630857499 613952066
380218569 151842007
771621237 38246529
967758704 769802173
883642396 472625575
703724231 515477760
693354486 197394545
422988394 187675636
941858554 133932692
895226396 577687085
890195279 717541603
766126689 605924878
692081790 539422857
995688692 529578910
840938263 63463428
788815441 694913547
958526702 826511074
862432293 120983851
786852208 188447646
69630529 64998954
271222427 52618799
901421313 689682563
445877269 245900406
244908243 244609858
685495261 181987989
913983820 499724517
363932529 306902692
987201121 200606449
570658685 187091319
928231785 868640201
865875258 640429308
845767730 302671413
619890721 120738094
909584626 307462336
432384431 21808493
998959409 435202023
857756580 591278673
726761222 528288966
803462702 101999250
747123387 404251891
988584852 733086506
945140403 623478049
439790030 340844572
984291047 894183094
548889920 359291851
878084022 864190022
612786921 510406623
354498832 115351136
264619571 11726525
349445909 119050343
874567223 506771242
854369159 563388994
901027470 121016136
849344728 277459835
785406910 312289126
658298015 539817405
393063327 369540644
977670282 183751745
910239016 793785597
817652012 333559781
594727225 401981494
971640017 922865473
966739310 621871944
647329415 433418273
756018704 755283893
988133724 380022832
814590905 670435036
825976399 723683309
995768570 324352028
159091714 134681778
472785751 426224625
865179478 52702567
736446371 146384188
534209478 95184345
888030675 302714495
960805718 853685923
884330643 271432381
927686963 507472191
822727247 116042611
789419755 214687768
732246538 307165496
676822641 583912405
878456154 559425458
884755405 615290304
46162258 44051754
852573554 94225847
458796669 79836014
516725050 35760715
476642963 370534270
895364754 320794359
583634593 310194121
762568978 398631842
236982454 223372124
504750696 10533942
689246632 473876784
707639342 499603125
826063010 103089644
912315724 1081204
966114899 243733426
998908841 895030460
881190902 429993282
634702655 182339158
782209161 455439224
293271409 205424785
878977689 413885584
551770592 312116364
180487371 32922156
922590872 237453760
788650029 561887062
492960863 66297782
169340500 60390648
994477978 362520581
797705218 690599044
525110669 115409791
928643966 289199602
55926983 17645380
981758541 590431548
348959691 98367422
564272025 533371469
907311159 700122367
853516515 477530510
780194955 374661924
612407618 200657824
979960429 367413409
679367543 65238729
796101225 236076580
473738028 472520995
405941912 29502912
938324538 519848557
205845776 161322028
762977586 590010360
679539030 419599352
553043060 412133046
819079062 666362295
674201311 422429619
613928161 565069303
738244163 22871555
624671715 191131276
981794219 896501245
823648101 164584756
558174807 32597154
537754824 374918497
974367997 434663550
526648049 358961961
501287976 324612967
603252033 244359663
977084989 835436253
347978227 257286953
285995700 24673321
773181453 637515853
618095958 68931884
712784224 221452365
546911664 248694769
843569306 468877879
779126049 445281981
544278338 361169393
853624739 341832133
545242397 530311329
389955801 93953650
990054121 138286377
549118269 149657120
199732503 31774567
754912559 60865053
391963311 242355377
426397381 15769126
550890344 517942628
259955908 14086797
649644433 82986175
632606833 133514613
727958514 334747475
404299742 246712222
475580170 249601826
593254474 47351947
723224832 120396024
709196997 417723740
474333248 347484423
229664503 4002952
723840477 636540512
417257262 414557433
668764176 235911690
864588548 130403527
570101203 305829285
921510054 665512138
559077994 510099372
656974500 258774327
552523949 398667444
965031323 719362531
979591451 843778114
303980093 260634092
718031291 596738075
941803504 676436678
818727538 209332308
593570686 141801312
624801743 166775536
728311301 709971388
860250299 4041047
798172831 283202565
923331891 31959963
432111572 264701454
273657341 108710395
979852196 250342844
365424126 166278497
903622451 107261076
849426164 835262248
868668641 738225526
838268428 664291042
602574535 438667024
957867898 590367968
760957622 453224603
383428233 138373993
848921945 511122036
980006548 581502651
526855390 250277691
496350981 83870642
805311893 781112392
501049019 455912213
280776447 10997263
524535141 348253363
529289457 254217602
828408408 86778216
493584420 220481569
917350082 707550981
974705341 938929241
81601234 68112417
956442040 363416621
834228561 802693043
436415059 73695650
653173460 112240866
987514082 420282563
929541999 72116428
553837825 104484346
613918614 9010975
644659595 114866877
666013828 109038215
507035409 100156192
971429084 202332987
843303192 814693899
939187326 393668518
810355491 339883839
971040139 856650744
698249964 586177328
923077009 843874952
286793668 257233911
409818195 34346137
528571303 294113254
769379348 651762727
439074673 343441446
943399194 426089395
421907223 256614482
557005053 115194516
186546577 152966458
417679442 287931873
823841923 217759217
512783641 364818813
860898833 366906802
320465555 176733967
842563793 182845166
984157401 686624474
391114847 191490832
938237834 484005412
431015654 146644871
816912055 206251755
243604955 111552314
905401785 461244821
584047251 261681849
473950533 213477903
338276958 168845836
848862938 33695318
361684795 336534691
707915298 293425044
896016080 443224650
595853968 140364837
793125580 444823914
529854145 179574041
711195814 254215325
701013862 562094508
441747773 365004403
373031121 367781645
864367647 850536460
655799435 490442925
474851396 196928012
802976273 270253078
974580572 962051225
827311525 48703769
889609112 749190285
254894030 106633793
812796419 393061250
319297572 120984630
646753885 637989399
818336512 307488365
518663221 468998064
288650084 127063974
904461091 5868361
356990913 49157845
411430311 121636355
370582293 170611883
775295769 655935725
98209729 68522125
982824564 357407223
857279831 308146220
910423157 783415993
817050703 267586237
557221405 220030420
565017102 400460037
720238637 199663141
402193196 128733669
941238205 655775215
800669305 734933663
661639656 104035631
920397004 367545315
675829873 22918625
932995156 830719301
867804834 444241295
641495180 157494357
142550405 65596777
440815335 199245992
512818387 159511358
553774397 358178520
989833918 191256283
447604324 123487938
934768981 816879224
903809087 806531306
794385294 288674048
292498842 229952091
688306314 454970157
870801028 226851621
887281083 411144565
462957399 177906069
137703955 74807518
722533378 159066937
967197607 614310530
948550120 280826961
808652629 464200454
922623443 446971014
170378323 89858225
367876410 76107343
670426578 156401128
393900498 42915566
793655475 340607361
806977733 380008518
644381021 513080340
384737666 114889428
720936980 665116793
566309024 224293998
549559698 121878278
863493899 128106088
719779421 342495702
530667015 331897282
695543137 42844692
920094667 388508583
490784431 141384346
901656254 877220069
658242720 640403970
597467098 214869068
457092647 52315542
706133617 236935878
841062556 185345756
704148452 479666694
884067772 579565141
603285345 323668780
613951376 143989946
808089471 341072443
537555124 26951355
641755340 205616223
431181606 156574241
683427491 457864
771446825 660191113
313593944 258024959
257957461 248004700
501928269 118162402
534789639 326856591
869511913 752403579
355682866 35118075
932089569 842123836
608735340 465901461
942341623 520831771
116471415 29816552
909137885 69276274
811501071 560120644
142796774 27267398
866379013 730582904
454688646 15520504
546407277 199512999
628522578 19686520
649468211 417532775
869122437 254815913
277256588 260559140
665946215 598244266
879955815 793032589
887402606 165113028
162400905 90207266
857358039 255058473
116023778 64265025
701078920 51216756
981170019 160167250
873401921 520995398
889985378 238909731
951966319 133875279
763038745 661126986
419387540 237347135
793567642 367539248
472225022 35698274
901728263 172595860
738594894 604608635
551685434 222962725
725441946 492278326
798654327 389623536
971975241 782396260
941414572 177694795
631256474 326992691
820418725 664665257
440441033 80150961
878456897 613465263
978071963 344412226
870011824 7432224
971542545 13027975
655072831 416720866
713799924 622678811
727801781 378465484
982669316 499616762
416253051 256539779
945135228 197534131
868712305 593146760
994549243 878993799
134704609 19770500
412739758 321599629
932950704 303689298
454640183 7597531
656330769 652897273
929136218 325100995
990594906 712738947
823961538 295448971
756588066 458714227
341180256 45887369
708494706 102431182
889906084 226611535
717425013 565097458
526529007 155395647
497131663 122542293
737138231 404185340
611491230 66826078
909003214 679401503
778417214 410900234
851498015 621271309
980302070 734640359
585099882 577483039
938699330 587654689
946145446 374760434
902328396 382752277
914079556 781973987
699169485 519115456
388287851 163182995
725255265 325431671
831317092 437239727
980053647 298610870
732400098 33658087
757836368 446040373
649631557 339097335
711580383 56572543
867099154 830685208
638239334 7561234
752637869 668786554
690106353 245913075
943485381 430948556
611941249 547049157
341648773 116186571
853361382 810873699
458988579 183497900
967381456 460306065
917932359 404922089
702404741 669580225
937546169 805640315
994926407 806223954
546802648 155950720
993550202 259618366
619917962 507794844
704073737 670046432
132377582 71189675
541240443 328651199
979491862 571453192
478665713 355757407
796625278 131388792
673175786 180550894
290618774 222277541
390135328 123833760
923244561 336115815
772724721 473119637
563475216 438250629
839361254 141179671
596272525 7925311
193239513 105055053
685982137 215284258
608371285 433208729
157006312 81123946
919491608 683721794
612005019 45520641
824532999 398580393
415355164 166343660
84562063 74345847
839325089 325796209
814888118 274837054
879001010 68534166
449655534 344107987
939990410 780560999
330190546 248073412
996365198 717866552
927996424 699258719
878490676 410290584
901703352 513629049
581879902 421937706
611668671 493257025
718699104 365859125
668039792 275359004
595966463 328079506
802375231 258451228
840260494 327494846
798642674 7193168
838762617 694623654
903214471 262401690
267844130 9895012
126966116 28024036
317760944 283207044
753212935 482864304
763370855 199080985
686409783 36170406
735372433 14926271
68098875 36422856
961707017 666328631
458181489 403077837
767986970 698142782
884808685 221555787
600164216 242772142
528157235 45138036
594865995 263723975
692461999 330825271
807284492 641972716
342783894 66557468
792869799 67479107
413139773 278041791
806864689 664314922
846401024 192509413
295785904 158331016
933039306 303896855
437926416 375164619
191286727 67105671
226863431 192504500
755219866 191037816
729590126 420649746
597151706 560418037
773593470 137388966
991663688 485627591
620215352 475213946
927368193 289010839
379091830 2771735
713785905 530846968
792858426 603008255
823489547 731647238
847457664 364051469
949732775 919723578
162139598 118687694
754380897 206219286
943962434 243918910
792567450 290302362
64351499 17957767
562526897 553707378
622184974 380308053
361818222 49859530
980686975 922702880
996995786 43212702
728652657 669170684
706781212 59181576
765964277 199552596
801181797 689221764
759029993 755587094
508927553 165895298
580335646 390599904
342000841 22682883
558937529 366902013
991770754 832214259
655689299 246147312
990427967 86323940
698163696 417664652
439204519 197455456
570792844 393485626
267453163 19611356
859596085 836434494
983815244 276946729
932522447 503267705
891560615 784456733
451059306 75548327
437765473 376908342
974983436 135730474
837220156 247492299
780605979 544917698
370508923 1490173
242820934 92095330
534459764 406448106
882551157 554009865
441931599 65285177
443274231 21261006
439447372 113185858
805318478 446900573
153672607 20960971
631412908 317141621
791575461 625231931
946004872 31542280
713541405 83942590
86597935 25067275
839669775 739816315
796745470 417970786
652826309 630390041
763842318 718261778
995054178 133565413
823084477 158904152
864541858 284402753
898746257 360676959
685177702 380406805
875590449 557524678
458284455 163129216
920913162 197608426
777466958 253202863
827811636 688992073
626261694 332377954
293848821 50156968
340802621 141656924
451038967 224211017
687465643 91163658
636000079 161436559
948494854 162297391
994979949 756012835
550983987 108494903
788238831 437383102
878039597 294604741
55485056 13433905
426405625 421451449
685291598 67803264
563202376 540325907
997846145 123045736
340171333 256648860
871880069 863576748
663614245 80207938
965270807 698667807
785323797 169114522
851601568 300444922
284740927 74365914
978716990 118850201
479487125 278417861
855509044 88510934
679483053 409882083
563212994 410562384
364602264 2568167
783019065 375109790
458158055 106581779
387957637 112755535
732658391 634946659
421648089 3206130
577025102 56439175
927359741 394323627
579055888 261998952
852498624 489727415
944363492 574780213
689855562 655326041
991345164 763523064
826730252 7531248
722552089 26513850
621716292 59708892
648846757 564378560
621337243 457465441
925374479 673224001
927584352 576212385
862331964 189813495
862727780 151580397
764872893 465167227
591924195 525340877
781980997 73757522
716078557 131622274
496291479 240447929
65689326 5797198
812942284 607509204
771939266 269692928
528682184 14334954
216073989 24527363
760300781 209344582
171548817 80826030
812097585 171747815
707560431 229454895
849396092 453797731
362614249 271339669
959196531 560777471
919204486 149700773
498318568 92738127
85478196 55001051
867314677 617276019
932851000 685100574
362482019 70913709
747311211 668667816
740218826 78950891
952238815 299200567
844672442 635701796
430429495 1606742
998787661 160773615
907026087 123327300
951837812 744764370
898552187 711574898
937122161 825035468
848538461 722477260
325745363 105305186
720027555 440815927
826569168 763675275
858912643 390403942
555580650 110542352
568678775 58897293
855661349 11633612
570250232 307350288
952795024 453126560
946220348 319610454
389634797 278130208
673232715 106130273
899945748 286373874
687377999 446858621
883980471 693019466
991884495 375518103
592709104 385139605
505095839 51240798
290779088 281507356
790534607 244044585
668291743 654496154
855523952 796575384
911608073 294636608
622647600 376932709
615092718 140137919
604940200 443119394
851221104 196071410
962713736 49869739
528053969 393127354
972937851 292582067
977368007 152928263
517106700 184567144
339231826 192883284
270451422 38440879
986176722 278821008
294388658 134186992
929808608 20148823
726605486 422105958
941456357 29850698
805286576 422116069
580697396 205935536
671411949 248134814
910191710 736899104
959177266 720312834
57850056 32070234
936429526 208153297
406031372 231344242
601321093 555102610
419211043 39425612
816626103 486213270
968968481 907425151
956904582 668977071
132014998 62137590
918862989 610548489
380877806 302108593
440800416 143915280
955007513 590234444
684935303 88725730
399806912 123057725
951851355 905808452
569623847 296567917
806359032 269578074
128692764 26463770
882041486 80424461
590668785 450936308
231986769 66180568
488537853 223975586
287886540 68805321
644298774 534196469
939722220 906296942
439687875 288605910
432891674 236696744
165715027 126682988
884034926 480018667
550369580 188954967
313405737 99686524
754780618 194568226
821607138 649900248
888952559 804659330
460389526 88621643
987937824 117313887
456753469 180021574
230632526 131158187
898115311 355739117
728934266 103717959
538582179 462591105
755313134 343093100
716607307 701334804
999694167 199922599
998853813 478888889
879833449 98542527
648517925 60410044
708880786 74366956
313815112 94715022
497000885 308283487
811951463 687621083
907893501 754804129
606122084 112631334
765353858 448369692
488175625 290385910
799307940 129081296
527125616 33128067
347011581 296830376
455622257 153101012
525730421 160585244
967206399 503740769
681033526 414118747
784165968 561065977
524871351 452445537
204757610 174421428
690829704 260461065
525090774 275846016
470426403 416717833
417166494 311242191
232507441 11021933
884566412 356989234
485231592 335884303
970923663 229844513
522246797 43225798
481778362 169411576
511513094 236489328
441474093 217987063
963675903 537499398
672359359 583840992
951551370 575529058
367923452 154891607
640329140 405724711
944428168 797263740
918151837 170004335
537107065 203293364
626381328 320302298
708544817 389202268
726353211 700556541
928146621 628670233
578571767 242614888
991530981 138194634
786800970 175362620
457218558 69288941
970717253 823383340
993314654 661814258
584833773 168475392
680705700 395948358
165958156 61959571
939897809 355957723
962851985 246572169
852337952 591066524
615725577 132831104
460160978 121341910
459309042 201702521
939443482 496185527
891870735 528798912
587657353 462044602
235729568 177280151
688051648 460857908
953011088 553648709
726638789 497722550
555456611 219949204
873260404 532646857
956218859 647271232
826271439 502909369
873276026 719895085
684189420 216989949
852986744 192334626
509301505 242558670
116348067 115282387
299525507 188192524
907915820 855008486
810310213 577548060
894118008 829461647
760213887 195831432
833967165 264656684
599455183 50513543
924155331 651468832
469760542 25992754
910954897 673570251
236047983 229288417
839342025 590916735
809069581 512553514
978262922 680563005
903834146 414044088
862094235 40614433
839459343 223056085
284157330 52149857
904896166 821531933
600959604 283909342
605252731 102325553
244467465 364912
364382016 75240913
961661385 395082609
691258803 664177293
749572275 129570654
634711433 260919973
635240367 586632424
829607550 595679335
383007371 279145323
349979662 340232799
663774524 542915535
505585950 309331107
754551014 21890863
239019221 61453959
742458958 328571982
925123333 497247223
748336770 743727701
977355873 565109202
824271603 422390307
852882049 287859704
797959892 60311580
717924756 553316433
732505866 344984722
970051968 892881789
693697471 315925015
611039264 25471675
853330029 183503532
456190008 115847356
374428984 178803940
664727037 50550535
849203395 82342197
332692671 139818795
378240918 357296539
85303603 27669535
840355547 515761770
662563198 64955584
440563349 185805022
949280158 291336973
591954246 191077661
874504962 827632401
994527930 721715063
845290217 465012496
898678071 573753912
654855298 11376285
452772241 48183238
753214847 359125394
913323232 697398901
644743371 177434165
393992238 242858649
799354660 190265992
765057725 700544092
854026015 64185403
459736668 279279303
566001164 511336448
804267407 781363805
713134739 529815725
541642904 501056204
122227732 23700561
203604400 76938541
587373662 543238106
946251322 712504781
557228930 186296717
301261669 209491847
944832468 196930264
889418820 633187112
972935288 319910458
387381061 19185530
909690185 145105911
648505670 425913923
918954663 689964978
867538538 520496091
965566594 873013585
578300656 4184967
318032251 211792494
559661237 156239902
861983224 841219514
619038397 236673765
692262190 187998836
701878699 610961308
904087678 629229491
761458156 348355705
517223983 487822127
852773717 523899543
923704253 718597930
742097609 246010166
771686864 64567385
963686897 34503896
772296793 185101856
651848317 510000425
623007014 67060787
945210445 923344207
879396664 357026152
93970527 29804732
593628551 53648663
724439823 290715459
583156167 49875728
696562784 98981493
747065595 111539857
865654328 616392512
501932413 442380600
392452054 166281303
291609362 195313612
759554033 303116911
416949166 370433870
315549324 250255479
392206465 128876088
692711567 11816848
343237132 176101938
335541887 235530577
837955247 756735013
513738149 96989166
933550429 380100046
527902860 498850400
173022936 37898713
883256085 732975694
951981152 489009295
685790229 203040757
680158424 468958121
937466210 364683461
200172010 143412306
554691287 490375940
929405183 917999017
911915651 648282695
211347585 174030565
639688189 476789928
954478404 232000277
416807586 3686414
578613765 571634124
822280475 273820948
369552078 226427723
537342426 532617001
978705055 974390957
869356600 816224848
257324410 115671100
498163236 15641421
281947810 278931948
751286518 643922502
499370751 215318226
926253400 422901644
993255042 468388086
737130812 640977060
995171745 902644266
969735703 93580873
654917026 634237714
759975000 617804268
750241174 491324375
939014288 172769588
632007718 40995191
874283051 460795402
619224028 593544260
278839311 157943533
637609311 78685784
864619285 383180765
276555976 85759001
891321331 148006642
880782202 687377910
902253907 878433131
613241607 254627260
668111198 250876020
917863748 217675047
392257999 86547001
694514957 520353334
679196584 165986938
887319491 104879515
203162848 182896131
715670602 610120150
761982084 244359728
847040224 627756860
871639133 328212213
306579627 39455289
705386161 687804827
550349780 16958967
904184899 530971309
868067426 493451115
756857647 584797058
347951589 89891397
401857042 161098261
567292524 145574901
915659089 504925989
398188256 149124071
184495048 62474338
859084969 765316689
879946738 206038745
943120064 377724357
724281303 416751226
638325219 41410066
790914714 751347556
893322725 451816865
834274275 722138072
820735429 379754444
560970071 46248813
930308244 206990775
255560745 123310755
886689785 875621144
531837906 126360410
710873415 426749759
818934100 127195120
535010607 437953111
890107202 351693047
496286333 91256778
697229539 552419737
132724396 37258588
737733998 418953478
764973226 731044457
501142546 411832314
641465657 438921292
65874513 54649325
639804827 156531855
313119804 227012543
869741480 354321892
861440727 448358889
411953427 171736111
706880329 335618774
307010973 172106243
940585649 926400158
908909895 732996904
206573801 120297913
846409280 475965218
616485852 513398505
844388866 720332628
595194513 303617619
946761726 894800737
869768634 325655503
551597544 39561061
328225508 200636416
658377839 251340176
377081167 296829702
890672197 249643431
768258400 70793106
745099551 332187441
901866212 86161599
627988080 443469739
948620620 787938092
704232195 545212331
993648940 976055170
526738761 18393039
821412829 785038850
167749979 129435358
512367835 280670113
789310804 182612650
693182644 507762130
311376909 246313497
798679939 228064845
281226457 114646392
448191811 198267253
879396004 56863388
917943414 186584006
807772985 795647733
694887096 690496033
320622429 202699133
447756075 46378655
509800144 132517552
115854449 29640217
574714881 68510445
738564728 227052819
291905305 191550680
839829626 287245925
653551858 446426875
41021886 16858328
598608031 230582804
754126026 564887703
778650012 177586279
294654180 126708484
588923304 547345695
878190916 85881671
841021851 800970649
849790908 608332816
963001368 894395440
340889749 101932100
952126009 58191647
453094201 192849440
878075345 122274381
773427742 450767168
552903137 75670915
952654583 733716906
598866410 440846
233690099 189984720
898095343 550955024
737972806 86525573
918971523 707672778
819166129 17771678
745305626 253584222
617846267 482237782
784655918 28639400
694831601 594892917
553096863 97688795
839380017 337421318
511802163 375035455
629460440 65208793
630541503 377763064
670944034 548143344
999464527 396631897
773987759 710106283
534422652 302885855
410240560 240730872
933886013 250357777
537454439 152251673
500414933 205760324
779789296 537290922
323742590 247652736
815355887 688041608
772226576 716139358
961243522 276456417
678522059 660892186
946584574 504577704
890365098 191310658
139703837 63301833
995176039 191036560
528532622 478785604
979030392 738479932
929600012 774865525
767470495 227040388
699413596 541137047
955007822 538054390
712710903 104718661
449051095 90056497
849645803 723795000
950599380 197995955
449689715 331543868
967444504 504232897
908514652 841743506
200396635 127410006
123242192 117593198
987146193 114891258
989072748 88579306
601116154 85625409
928342574 570554110
730854211 343612825
637291217 215877170
701209105 329298337
846928038 842125558
720953687 54880643
576860834 210185638
378389645 61829804
216681647 15096610
719879060 474836258
592581789 280491671
979715993 806258171
941697200 932481815
586344889 259623965
526959284 361709733
714967166 654567417
964381777 458290606
709513327 173993822
456683899 190872870
481372926 385733649
592333227 306465419
787270188 553501230
970369866 322034980
885500757 749620104
534855415 243167310
334907731 22625552
206610704 9204277
737223060 397586042
763247858 423469625
711426238 480977624
800865677 771876524
301868227 174323387
830838424 819684170
742297951 541988287
887259651 869186942
630876899 223297496
795974830 186000783
289158049 256968279
978993579 381399932
509550213 225326333
736511715 728372175
245722412 236337718
541345512 258575957
978020463 943416013
76100308 54793474
923572460 377528538
650806393 308008690
873137309 866092722
93795382 36127130
703104927 4642549
991391334 247795664
199490311 177361446
514378827 300727110
383651829 180720635
549660122 547203027
519174386 6359847
607150006 553707292
719957922 318806782
279978487 214932795
625629282 429866640
959340208 652351097
222489306 100857729
698630298 24256759
422466339 331026230
898289632 629769976
629291412 545490629
591013676 216680723
996999940 672616278
116783746 70660905
321945609 9598193
689514327 660099022
499153293 53212429
586954582 343166301
253445413 177705442
920728932 620534925
675257105 372700284
999116823 961130118
961804913 674878158
509279720 375732946
766454087 514078202
542332022 112116445
941355762 274079678
760408145 576672097
906857044 799887709
917796859 109964392
961594931 560371665
974874919 108320729
913578572 636998237
819583235 324506024
874081099 384056476
414535284 71441446
707007099 631001800
585330694 521053250
539567899 510025957
860484246 592060620
683326063 641377235
880833542 53456834
767717853 31615303
899283422 143139505
975758350 82706184
660169966 512883447
266941355 87733503
462380842 242393041
461106864 364993515
862281736 548325964
872172587 813231675
890352416 167061302
870015767 801830
634345920 554903250
900229612 434170293
867240504 122629838
626815600 16880369
911996325 204856628
582899219 140878648
555746778 335699009
496293830 348210805
487607681 314469164
343550504 257475753
695612046 106925021
787701267 487334441
342177656 309786502
862461126 454870641
955060254 777735636
366063975 147991883
850419433 477101464
927266457 771604665
250805123 246431201
269103297 2735854
330255426 295015415
571805164 307042232
698253194 172892182
754015602 277507226
895890395 871501018
959953708 893394746
581020307 115285524
729458586 482122088
991067952 551357595
637784846 574839015
866002186 327931962
424139202 364446373
825929622 458053845
802709277 752268987
705420549 261407792
473654537 225989713
967557261 865690995
633458373 279659190
632120610 99639645
806047529 503503005
463491635 300186768
364795253 135759677
297042143 254381610
905910281 561331812
931602623 24770960
831140353 581146692
951234446 460949580
969304490 209120927
783660288 324355733
919880993 782187917
560042366 497584430
801774362 36621216
448788000 108564669
554768813 137389332
270162886 170928155
790614265 183024839
607911255 129171331
787998661 708943569
522520818 400373663
857980540 416565974
890420622 591322890
771815731 689796456
852805583 227689571
844874494 475760428
947404407 577222230
811381758 249635137
609115144 329622747
682829560 243309455
505535062 478853069
334965566 113278328
941822056 422706110
951311401 793858608
625654264 29602994
695977955 276183805
877600367 677877480
997299539 453086358
834891684 338631000
986063043 461062688
771160412 121275923
988366314 929465256
955514399 467237683
886789768 34688651
362957808 225410894
817350253 718880961
852247236 812464274
431714574 267409086
444450739 170499586
831507188 436454618
975291945 81120303
673694282 514153004
579609515 569971238
746402358 639023259
608848790 235397427
503598449 150847896
409435599 70728626
741170164 522517089
598728878 477331449
405173146 158820297
963518434 906864809
740679260 224289483
605475994 405235914
644945121 307257037
207478620 106605483
748069687 235766051
192418403 186158037
175228061 34735419
467932589 170006905
759823206 276973477
194731720 13269959
878285256 467500643
958815570 391188952
357438681 161104659
803373149 508205621
794211085 127406117
