15 20
2 1 719
3 1 7222
4 3 5839
5 2 8123
6 1 3863
7 5 7882
8 6 102
9 6 1369
10 1 3212
11 1 9886
12 1 5770
13 1 1456
14 13 1702
15 1 5604
7 14 1847
12 7 6228
3 4 5345
12 3 9813
10 9 6859
11 12 1871
100
game 6 2 7 4
add 10 4 7027
game 5 10 8 4
add 3 14 3126
game 14 13 8 4
game 6 11 6 9
game 6 14 11 2
game 13 11 6 10
game 12 6 10 9
game 1 11 15 12
game 1 13 1 13
add 4 11 4565
add 12 11 8094
game 14 1 3 13
add 15 7 1599
game 12 2 9 7
add 2 6 7354
game 4 5 1 6
game 1 11 11 3
game 6 12 1 12
add 2 1 7618
add 6 5 409
game 4 12 1 8
game 12 11 9 3
game 7 14 5 3
add 2 9 6212
add 7 4 7964
add 3 14 129
game 8 10 13 7
add 14 9 2348
add 15 12 4713
game 2 9 14 6
game 9 2 9 12
add 11 8 2243
game 15 14 5 2
add 7 3 6629
game 6 14 5 10
game 12 8 12 15
game 6 15 15 9
add 8 11 9433
game 2 12 1 10
game 7 14 9 8
add 1 10 131
game 1 9 10 5
game 12 11 4 11
game 8 2 15 4
add 14 10 3304
add 2 13 1187
add 3 8 9101
add 3 15 958
game 14 4 14 3
game 15 8 11 14
add 12 2 7727
add 4 7 2767
add 10 9 2034
game 6 9 8 2
game 9 3 9 11
game 3 15 13 12
add 1 8 4200
add 4 9 2657
game 12 9 6 7
game 12 3 7 10
game 10 13 2 13
game 8 10 4 13
add 2 10 4139
game 10 12 14 7
add 1 7 1184
add 14 11 2205
add 1 9 347
game 14 2 12 8
game 5 13 13 5
add 11 13 1443
game 9 13 3 1
game 5 9 9 12
game 14 13 6 14
add 5 14 3556
game 3 4 12 4
game 9 3 15 1
game 8 12 11 7
game 12 1 13 3
game 1 8 4 3
game 15 3 9 3
add 6 4 151
game 8 5 11 12
game 2 1 14 1
game 14 8 15 4
game 12 14 2 9
game 4 7 5 11
add 12 10 9012
add 6 3 3861
game 8 1 9 15
game 6 10 2 14
add 3 9 1322
add 6 3 6660
game 14 3 9 3
game 5 15 12 11
game 5 8 9 7
game 13 6 2 5
game 5 7 6 4
game 13 5 2 5
