1000 3000
563 944 2888
666 944 5459
295 563 7772
197 666 6254
116 563 8242
633 666 7836
540 666 7914
507 295 9537
654 116 8708
678 563 1785
558 666 1417
595 116 4628
119 563 2473
728 944 449
343 116 7140
464 558 5854
399 944 8749
278 944 3071
596 728 1596
961 507 6301
86 728 2051
876 119 6753
291 596 2723
110 654 2242
675 961 3775
872 507 1866
448 343 8833
240 110 1664
748 872 6364
671 343 1554
779 876 6739
246 961 288
258 961 3080
693 675 4705
575 119 9958
517 278 9360
604 240 9731
958 961 1959
959 748 7809
14 958 2623
225 110 4964
382 958 6423
639 666 2425
808 961 4003
290 86 1252
791 464 4471
780 675 7114
890 507 2772
364 240 1681
631 654 5729
368 464 9876
299 958 9422
542 299 6988
339 343 7157
863 666 3339
344 382 9027
388 542 9915
904 278 2294
833 225 9239
537 958 5302
560 399 2136
585 675 6296
357 585 386
733 357 4929
455 225 1264
594 654 616
609 278 5661
964 595 8736
99 540 7044
405 693 6228
489 290 5083
651 791 5284
164 399 2716
787 585 9887
469 246 4692
984 86 1937
361 382 2159
976 290 463
676 361 5972
251 364 1104
686 631 3292
493 904 9550
215 604 8297
32 791 6109
304 540 4037
714 382 7692
655 246 7177
285 686 4554
849 110 3903
700 540 8091
741 290 4265
145 748 1307
913 585 1987
302 542 7809
392 304 7190
682 863 2200
247 99 2911
981 944 6282
374 455 7760
376 981 3070
414 448 4086
847 872 244
88 285 1051
586 595 2718
143 787 5996
696 339 9361
383 364 733
503 959 140
851 376 427
577 343 6585
960 984 1890
921 14 7378
82 876 17
707 594 277
312 847 7931
968 780 474
89 258 2527
501 780 4453
758 110 6506
755 791 2216
813 577 731
38 357 1867
55 714 3543
437 164 654
818 382 6575
794 678 5213
970 507 751
513 748 9589
39 251 2648
859 382 103
196 755 2752
962 278 1898
445 962 1144
486 675 5526
432 962 638
929 970 6511
709 654 6292
610 343 110
710 847 1137
916 671 550
380 833 439
632 82 1221
367 414 5589
435 851 7274
545 813 6365
342 39 38
148 960 6232
430 594 7478
64 278 937
211 545 6080
938 469 1679
370 357 4555
398 225 79
799 779 7076
611 818 5858
113 639 4095
498 517 1243
60 791 9546
50 343 8283
124 464 5432
868 361 3176
19 585 701
939 675 747
810 939 5605
531 575 2122
526 145 8906
871 19 2390
763 50 1862
335 863 3173
293 445 2085
57 540 114
732 610 2111
850 464 4659
827 312 5300
230 64 8011
479 791 88
69 890 1538
199 537 114
612 503 1506
674 686 5696
10 464 1363
63 376 8669
208 211 6665
759 794 2197
879 847 1404
303 868 1864
132 913 9145
888 714 5374
588 246 3879
461 863 5466
454 921 5084
292 921 2754
822 700 6353
809 545 6478
589 342 1011
996 225 3726
673 344 4540
785 464 1905
825 498 8466
181 197 7587
336 741 9821
457 785 7782
955 336 1023
797 285 1221
85 797 239
726 596 1669
456 382 2646
994 913 8733
224 247 46
652 143 2632
490 63 8440
375 63 5624
358 479 6749
171 872 861
281 797 7351
979 199 9382
65 461 4385
770 818 4151
427 336 9420
228 976 8012
231 871 9827
754 633 8476
496 633 3905
969 560 7122
722 496 3186
491 944 3288
581 962 9191
940 722 9413
952 594 9534
881 722 4121
638 335 2946
893 863 1654
182 171 5806
946 563 7154
411 182 8072
12 491 5130
518 246 2412
223 498 6792
390 414 4901
51 398 5272
56 380 8324
29 302 3336
450 230 8106
3 763 8606
920 132 9192
878 392 5983
636 57 473
423 833 5036
506 344 1246
305 164 2079
283 246 9083
341 251 215
685 638 2512
270 632 465
684 518 43
433 423 1560
643 722 9995
49 119 2302
396 700 1784
314 868 4971
415 970 161
900 498 4308
95 770 5222
772 638 5648
338 728 9848
839 290 2696
332 290 4621
58 461 4701
601 959 2792
942 215 750
519 609 1033
80 493 2617
184 299 6417
117 671 4354
239 490 5193
602 80 6835
391 655 4403
172 314 5443
173 709 3616
814 707 3401
688 958 1668
561 741 1874
31 920 9687
892 671 1042
869 501 8973
76 531 5239
26 336 712
854 513 1636
800 171 7789
731 728 3837
297 342 6132
327 196 782
564 450 7556
776 610 4833
24 398 9375
236 12 2000
418 69 1513
983 964 4359
529 561 4879
468 503 9950
79 601 2150
873 99 6
257 531 9217
990 772 65
416 666 7991
13 3 6967
326 904 771
59 181 1654
422 799 4478
425 961 2569
752 117 1819
152 847 636
532 24 7873
816 596 607
764 868 3630
971 671 5930
858 58 8170
115 326 4688
761 602 9514
993 10 7607
404 425 5654
708 29 7367
695 312 7037
15 496 3616
21 29 9240
310 396 1681
449 916 7564
408 405 2294
824 251 3987
250 285 178
36 526 2205
845 405 1741
812 416 9331
417 501 1872
897 12 173
975 808 527
927 290 3092
786 839 3301
203 344 6762
738 700 3559
860 432 5129
510 586 1537
957 304 9898
37 367 3750
713 709 4007
803 303 39
71 341 2467
628 676 3937
463 211 7144
284 879 4315
268 251 8128
623 863 576
723 435 1832
421 361 443
820 695 1842
242 367 2160
401 464 1883
104 182 7219
660 65 1101
276 405 4499
703 560 9605
896 872 1798
715 110 3575
894 666 7323
195 786 2336
912 785 8348
523 693 2077
477 560 6067
587 858 2618
650 507 9102
386 595 9774
94 338 1126
350 752 5685
864 794 140
35 124 7357
829 445 3365
617 723 597
988 984 7240
739 700 5827
77 421 501
407 722 2085
320 942 8777
356 390 7387
140 24 8031
554 864 5411
656 652 7001
130 196 2580
725 64 3183
263 3 239
765 561 7431
371 196 2146
27 386 7429
252 678 4319
919 225 21
640 652 6814
852 196 327
151 76 2782
974 794 6746
191 491 3953
978 640 9597
579 829 9385
866 890 6498
760 21 8957
23 631 2083
782 532 7393
402 12 5321
91 976 4549
460 975 2027
428 151 9020
120 940 1204
661 510 5263
647 633 4680
73 276 35
717 964 6344
296 50 7273
706 820 1076
576 404 7397
309 594 7361
999 633 9361
471 962 2604
658 339 979
550 859 7453
672 284 2012
129 415 3518
956 518 7698
832 290 6494
724 961 1664
62 818 8001
7 713 8668
353 596 3531
499 825 5674
334 655 413
273 356 4287
369 759 6767
42 988 5385
831 558 5007
756 803 4045
316 432 2105
584 417 3744
568 182 7591
924 251 7034
937 890 1770
704 529 3176
133 938 4682
806 672 9954
637 368 1674
614 427 5852
698 812 9968
608 450 6880
932 455 996
169 568 8683
136 623 1654
142 374 1623
179 975 501
204 717 2858
667 463 9885
440 739 2925
599 124 2017
331 369 1487
233 601 1210
394 199 4379
141 709 1550
4 879 9031
202 897 1428
186 370 142
260 299 9271
578 364 6513
887 714 393
384 604 9657
949 588 202
711 498 2528
313 357 2601
365 510 6017
796 181 7931
783 124 1117
294 186 6793
727 55 1648
646 832 3038
355 722 7571
481 414 274
941 999 9331
677 956 2689
767 12 6194
947 864 1792
409 104 6076
980 927 1712
17 3 5996
205 879 6195
842 666 5104
16 858 3775
33 356 4954
817 754 9969
420 23 5145
92 714 1731
536 526 3896
572 564 4705
662 842 613
555 411 2521
176 764 645
220 900 4050
649 82 8022
478 529 174
807 313 7637
241 382 7682
41 817 6497
762 409 9525
177 302 1487
899 202 9223
254 231 5775
323 632 5093
789 489 6030
621 418 2250
757 388 9374
626 696 1912
349 709 8388
484 140 9783
5 588 1856
248 970 9837
8 273 6354
692 396 6799
424 759 7419
527 879 4262
603 601 962
175 285 2374
522 493 2584
690 293 2459
53 76 2062
83 164 5925
821 631 213
880 608 1413
514 124 5238
569 292 3704
475 405 387
1000 92 660
823 677 2189
237 448 2609
165 12 9848
559 237 2778
562 263 300
30 65 8259
187 260 4910
178 35 573
269 293 2910
105 562 9769
340 626 9714
451 675 8985
337 205 5379
701 228 8781
218 15 2869
597 290 1708
482 278 2477
286 832 6897
619 334 2207
953 942 3432
861 27 3718
443 575 1209
6 365 7463
719 962 1893
992 872 631
22 424 8846
243 900 8140
470 58 4460
751 983 5826
436 974 3469
781 800 3312
362 971 4988
210 197 2922
307 722 8006
54 196 6600
157 595 297
11 944 5494
144 42 2110
598 457 2477
627 636 9672
600 449 4578
948 305 4781
118 401 7741
201 132 5077
419 77 9197
462 717 5553
951 561 9403
977 489 1613
862 436 9292
910 959 5305
306 451 9883
855 62 6548
766 94 1046
345 916 7338
691 51 8631
256 143 5649
882 60 6933
928 862 1918
826 409 1676
465 215 1021
166 491 2635
447 864 8304
34 246 8045
328 252 7335
930 104 2955
687 732 6417
190 479 5360
653 920 8306
743 433 5852
213 201 9830
801 294 1052
836 748 7893
452 71 2714
139 489 3928
70 204 3393
138 589 6043
934 242 7189
212 447 8787
167 166 2592
991 660 3617
591 575 8111
915 969 9991
183 772 5551
616 370 795
884 920 5458
126 86 8010
613 522 4086
494 748 7423
114 384 5304
188 677 4436
245 826 7252
154 332 9608
583 269 3969
216 938 9553
936 443 1147
98 60 8260
963 172 9024
889 810 5699
689 460 6656
901 73 9414
107 116 3774
716 872 4093
122 631 1292
997 37 7125
895 674 918
730 433 1929
828 484 4062
46 601 283
857 978 1384
753 110 2483
135 611 2726
226 658 2007
495 39 8327
516 432 7004
279 218 2395
771 369 1436
521 822 4778
97 806 4088
853 491 8214
985 306 63
348 294 302
790 157 2080
917 454 2149
582 772 2349
648 306 1746
508 803 2177
624 152 1097
533 961 1939
635 633 1482
52 696 8395
891 977 4632
25 77 7076
744 708 8045
657 979 9490
749 279 8540
622 353 8406
389 73 871
459 638 9889
538 963 5218
778 654 6421
125 751 4664
377 358 9794
222 374 3708
933 349 3615
378 869 4018
512 33 7079
163 759 2751
346 177 5655
530 964 3215
274 691 5588
620 756 3478
798 478 7266
605 24 1801
795 780 8611
902 224 7261
681 568 524
935 338 2576
750 195 7519
846 37 7223
322 42 8932
875 765 9832
45 484 2361
950 586 4281
439 531 6668
255 32 1064
267 638 5926
235 957 3452
473 902 3626
308 638 6172
483 283 5294
680 751 5951
718 597 2858
47 813 755
20 215 3023
467 204 290
747 863 7194
504 960 114
266 624 9032
410 674 9804
153 205 1484
712 484 6896
525 977 607
965 653 9798
509 513 1879
262 420 1592
354 626 2475
544 550 8174
746 423 3494
426 689 5610
429 631 3307
108 839 8006
497 649 648
606 98 4426
431 136 2909
865 604 2514
403 826 1646
207 270 4383
742 269 7991
319 380 5837
535 425 3824
106 497 1269
412 113 9250
566 79 7268
395 785 2681
848 407 8076
194 897 5322
838 776 1913
966 375 7878
819 650 2390
641 661 8064
48 454 3121
74 950 571
1 260 29
219 838 1927
366 469 6871
209 384 366
735 513 9547
768 866 2970
775 794 5783
18 941 2538
453 7 4688
607 37 8117
557 1 2772
131 142 414
134 658 2000
972 38 7896
500 201 1555
147 32 4619
590 920 3170
492 119 8359
472 341 1885
438 742 8121
515 216 9762
841 724 2012
249 562 5489
2 178 9826
159 671 7584
214 766 6227
347 575 3328
644 429 8885
571 838 8543
379 449 5757
903 863 4191
206 631 6485
580 915 3206
229 366 414
556 181 1848
458 456 2808
259 571 1923
287 357 3008
146 710 7369
400 116 4248
123 190 1731
67 698 2445
330 726 3
870 588 9638
301 52 5675
702 817 4328
549 57 1084
502 724 1810
867 785 674
161 521 6085
44 376 1406
162 688 7555
406 742 6100
84 959 1917
90 703 1623
729 606 7381
843 314 4929
699 604 6123
705 492 8439
573 614 5350
883 569 7115
574 52 7313
318 558 7044
373 383 873
720 718 6172
834 427 3316
840 108 9961
397 448 2900
193 357 9662
101 799 4651
995 465 2130
615 461 2673
734 861 577
217 831 2100
277 959 6258
393 894 1648
618 370 2185
665 595 1135
736 142 3326
441 502 8595
926 800 7598
815 31 6610
546 438 592
87 456 4016
973 483 8346
476 975 6451
150 50 4756
570 290 9283
127 594 9373
111 623 4545
697 662 7534
325 188 3258
943 699 268
793 35 1547
565 166 402
72 25 1767
922 496 3982
174 182 1495
75 704 2826
541 793 3490
511 33 3486
381 579 813
100 52 4580
446 118 9940
442 335 3148
906 946 345
668 243 2786
885 106 7852
914 48 1884
505 941 2557
93 213 5192
524 556 5662
877 765 7190
777 460 1756
234 55 3713
567 31 8543
137 76 3716
324 958 9488
180 651 3130
189 199 3083
352 582 1031
593 472 7413
911 504 1749
155 573 2208
830 514 2082
96 981 6428
835 270 3832
954 578 6352
474 545 9148
520 56 2201
275 527 1212
837 19 1042
642 486 8802
434 958 8021
109 999 1150
485 865 1793
874 717 516
317 75 221
683 155 6145
488 495 8811
664 274 4276
387 739 9216
466 609 1674
78 876 5620
528 56 7386
128 536 4197
551 362 2499
298 797 3025
185 207 5810
321 373 2979
918 578 8600
592 731 8253
774 537 1932
103 767 1496
907 189 1373
487 349 3719
931 874 1947
539 55 771
232 82 518
227 117 9890
253 243 2263
804 976 1833
886 550 3966
272 321 8404
784 127 7403
811 335 4723
844 751 1889
81 441 360
645 778 135
548 172 4990
271 439 4817
351 312 1468
280 100 9711
552 739 3658
238 577 6917
553 177 228
634 346 4203
372 465 5756
989 711 3989
315 876 5732
629 857 6309
721 661 6333
669 490 6639
121 725 2346
192 652 6654
659 373 2712
156 629 309
856 621 162
265 552 3945
909 206 2543
923 851 5565
630 733 9567
168 194 4765
908 548 4871
200 461 1856
333 963 6505
221 666 6392
769 641 7448
300 645 7691
359 151 4154
740 772 311
61 11 462
149 376 897
802 372 848
679 756 4927
898 408 9274
112 782 8679
805 898 3790
288 762 2807
28 1 1874
982 615 1607
480 616 1322
9 887 8812
986 506 8732
68 827 9102
311 159 2064
694 657 9995
534 278 7831
792 402 6077
543 399 1982
360 260 234
158 531 7795
264 991 2156
625 141 647
444 711 2784
289 898 4948
282 144 3730
385 736 8192
987 881 329
66 781 1874
43 325 1374
737 592 5301
198 531 5731
244 78 7132
329 243 7330
967 119 6661
261 874 5811
745 293 305
40 899 1106
413 802 8066
363 150 1984
170 966 8837
547 718 5161
925 3 5298
670 93 7767
663 940 6818
160 689 4229
788 32 7729
773 54 2070
905 530 4
102 899 2582
945 718 9853
998 826 2129
396 717 9859
694 676 4285
53 224 6542
222 345 8369
721 435 9086
444 983 3120
687 481 5083
542 439 7916
600 397 6210
237 267 3177
470 276 2909
722 28 2022
321 587 6902
279 885 7314
934 905 2317
607 116 1094
361 683 1108
55 239 2858
710 67 8768
104 510 4646
231 217 1787
349 453 9300
245 81 9364
487 421 9365
339 356 7815
443 436 4963
351 490 9403
791 97 1052
877 709 7440
326 527 2325
278 559 2375
496 489 9408
392 467 2609
66 241 2077
627 252 8983
310 881 73
706 132 4746
134 381 6676
74 340 1794
385 597 8418
14 881 4264
897 663 4081
424 274 482
670 549 129
608 245 2243
74 535 6279
46 83 3027
974 197 9064
504 260 7192
156 380 528
205 92 316
328 764 2509
206 871 4073
809 433 8536
734 120 2732
930 732 470
508 139 6978
471 262 4109
364 314 2617
397 260 8968
698 534 3101
879 928 3572
889 706 9382
649 817 5825
86 106 5545
967 150 3359
728 419 1444
159 620 7668
121 125 2599
179 253 573
575 261 2827
99 79 6645
342 131 9350
187 619 7713
271 321 9400
864 106 5124
927 58 6479
537 410 5224
551 425 9033
384 445 6254
684 925 8275
797 250 2868
929 547 807
60 421 9714
557 490 3012
944 883 5934
698 295 8468
215 226 3936
635 462 3713
838 194 8938
144 182 1286
558 676 2441
466 102 4951
361 185 5004
637 89 9027
712 510 2
620 615 2885
94 27 8028
508 353 8045
130 763 5241
20 990 7598
365 947 4741
49 238 5375
503 280 3037
453 211 6180
276 830 5491
633 694 3193
477 722 8872
140 630 9267
519 243 5116
144 931 1769
828 17 6559
522 987 1373
875 788 2927
820 865 523
798 286 1101
350 642 9237
231 723 8077
96 429 5123
369 807 1692
920 531 6381
506 404 6565
421 574 3177
967 648 7701
749 497 8100
754 393 5092
556 296 4324
946 870 314
35 539 1674
201 638 8443
337 832 8618
682 246 1152
355 439 9446
173 372 6882
948 496 4887
849 691 7618
213 347 9531
955 656 1293
44 290 2796
444 394 899
487 42 8407
647 170 7469
576 594 9226
561 2 1764
364 291 3565
456 407 2378
901 453 543
350 512 8551
901 817 8755
555 732 2094
626 705 5041
742 140 1857
875 669 8942
830 898 9333
51 695 9626
552 254 1414
233 781 4108
133 593 8387
913 344 1011
582 645 9185
861 504 4563
563 588 1126
398 308 9331
276 263 5266
331 460 4297
969 43 781
329 643 601
911 221 2765
405 214 2547
368 901 392
652 488 3785
246 764 6080
492 870 9218
901 808 4337
418 973 420
938 621 6003
233 444 299
177 750 2586
358 147 7660
28 210 7142
575 570 2327
794 16 121
871 967 1590
512 811 6600
646 388 8187
80 512 977
500 669 448
870 945 7283
900 700 6520
663 168 9986
445 928 5846
704 885 9695
243 80 4261
105 918 2291
91 967 2064
28 980 3414
68 430 284
119 598 766
83 276 7247
237 447 8741
308 743 5667
953 730 7756
430 193 9144
230 471 6948
408 62 3469
48 205 6625
356 353 8159
680 991 5767
161 323 7088
352 142 1850
3 779 536
283 37 6229
901 251 5464
424 923 1446
798 431 3626
281 721 8743
893 290 3740
130 225 466
589 42 9029
661 913 517
981 957 5328
721 201 5529
980 347 2151
290 268 45
610 19 9083
511 920 2315
228 402 5033
289 23 5701
259 777 6457
116 323 1708
835 227 3344
54 75 8162
669 555 7700
963 770 816
534 268 3729
210 105 7545
219 384 9375
587 706 245
924 539 7972
682 807 8197
395 895 2276
24 844 8161
567 772 8012
446 41 3897
385 730 9055
136 767 4828
83 278 2102
891 354 9000
265 531 826
387 441 8160
543 944 7232
325 926 6755
278 603 9739
987 566 9504
895 404 8733
269 749 786
657 959 171
248 811 4038
898 763 9399
80 393 8197
261 109 6616
829 438 97
184 796 8435
346 566 1533
201 165 286
630 538 5630
160 973 2572
491 76 8950
785 956 4369
596 716 4421
943 28 1945
716 48 23
272 907 9806
990 576 8134
521 614 5264
822 342 6972
50 379 1507
942 883 5109
244 44 5152
339 301 2130
117 563 269
706 498 8579
443 539 3257
385 687 8677
870 557 2641
369 379 1406
990 581 5423
677 800 7590
769 812 8733
385 983 8924
10 707 8192
406 965 8480
91 796 1008
9 471 9123
814 380 5858
924 186 1709
508 574 7895
23 155 7948
961 333 8113
333 752 2675
434 574 2330
310 327 7224
678 981 3191
781 996 5860
184 799 919
380 396 9154
674 607 3181
9 624 1013
458 424 7678
8 233 3207
583 780 241
417 234 9086
14 698 4652
771 143 1475
631 337 5480
58 383 7699
808 155 4444
332 875 6813
760 607 8615
362 650 1250
191 330 7115
776 774 3668
45 281 1853
639 52 93
950 150 6330
923 431 6363
840 420 4436
208 899 9434
248 728 5066
113 629 5987
391 161 1896
299 707 7272
464 18 1891
639 51 1735
413 639 3078
615 245 5444
865 314 3527
876 418 1693
186 802 7289
806 600 5852
160 590 1637
992 23 5051
108 309 8625
140 845 7635
42 525 6000
473 836 5223
465 932 9686
481 647 3974
34 541 6465
399 486 9075
541 743 7420
589 388 7677
895 4 4954
930 255 6360
289 67 8231
157 139 3621
375 174 4030
991 38 7169
245 532 6785
845 396 2268
456 593 4701
441 131 9355
490 404 8409
289 408 4494
285 302 5364
225 459 4347
98 644 9535
415 423 8096
854 578 4532
797 828 4223
264 222 2221
288 712 1754
273 494 1138
88 949 2649
800 487 4281
920 813 3433
594 596 8096
28 229 3432
294 947 761
342 647 6389
703 34 9243
463 350 393
844 241 278
950 850 7903
342 33 7492
621 718 318
998 177 7044
108 86 2847
460 15 3699
296 587 205
609 311 9313
676 302 3964
917 919 9769
761 500 4587
876 417 4012
353 37 365
523 691 1508
379 28 7530
895 3 440
274 84 1023
749 662 1977
272 792 9376
380 579 8322
828 478 8790
1000 72 8685
8 369 1320
265 554 7743
658 973 7257
149 588 3093
79 174 3870
158 46 9306
771 127 2568
158 403 5296
840 716 7975
409 852 8349
22 24 5313
519 506 2801
849 759 4719
844 255 958
810 172 3059
233 506 5217
485 208 1910
67 875 1148
796 111 2321
42 124 1605
395 592 7917
863 559 2474
252 331 9643
64 629 1068
276 716 1532
59 253 8539
14 121 9321
629 142 6732
436 508 1175
520 580 2271
499 724 3001
775 98 3230
564 460 9698
516 44 7805
948 289 2234
289 111 3207
276 534 5697
330 729 5026
280 313 7176
934 597 3592
764 341 7877
762 685 2121
106 614 8410
361 986 1785
809 461 3971
743 808 8971
714 892 1050
157 833 6609
342 148 342
843 574 746
448 522 3028
5 951 8842
331 140 5271
402 142 2201
967 258 5826
413 817 4003
872 703 7147
945 108 3758
994 649 439
733 637 9734
871 222 1645
26 757 3691
44 921 6393
84 648 7403
176 745 1421
294 157 7049
873 921 9380
825 642 1789
420 782 6073
661 785 2263
78 947 5308
412 413 2316
642 288 3930
26 270 4802
406 845 3586
535 669 946
128 786 9409
782 627 3029
347 425 2347
865 421 651
607 870 3027
68 911 2051
612 521 2428
8 215 5711
926 935 3970
616 433 9010
870 544 3913
925 926 6722
277 879 6781
657 245 891
873 896 1407
208 445 286
64 147 8666
156 535 4080
904 727 5248
149 902 1359
408 700 1746
880 417 3549
985 534 2063
162 119 3951
44 938 781
427 717 8306
312 302 3564
364 996 6100
642 582 3279
657 984 6160
408 91 6818
306 267 6855
209 7 6531
997 652 9715
780 846 1214
544 551 9334
493 385 4646
827 642 5567
983 530 3681
182 763 2045
795 616 1030
228 29 3358
270 971 4873
160 402 2080
65 510 5083
642 14 1913
344 14 2684
376 305 525
65 138 5350
660 938 5109
269 639 7350
480 464 3392
852 24 8169
926 590 1936
451 969 6004
109 482 1478
830 1 5303
463 795 9548
553 185 5585
834 742 8791
89 138 9148
640 538 6987
731 883 4736
976 891 1678
793 321 7759
257 969 253
391 929 7883
631 445 2795
148 602 6583
112 851 7286
512 152 7835
861 853 7739
151 280 3163
471 833 5876
826 224 3944
130 640 4918
959 473 2781
17 709 895
389 890 1539
825 361 9882
80 920 6201
330 328 322
62 19 913
167 702 2087
687 275 9802
35 431 5098
790 332 7578
181 391 5146
299 204 4813
381 541 2556
208 540 5442
764 77 3454
538 249 7001
762 62 3564
834 853 6327
801 972 3184
444 306 5214
591 633 3275
367 730 2395
701 788 4225
992 139 4605
612 307 6993
971 929 1059
310 896 8290
959 924 1240
428 294 6299
155 619 2337
345 528 9292
322 450 6683
767 345 7399
177 485 5902
948 282 6158
240 712 954
785 872 7903
918 399 3963
433 682 1403
396 231 764
668 836 9715
424 547 5514
739 970 2402
120 122 5880
5 476 1305
183 142 1479
781 206 5136
364 264 3918
835 475 1497
205 814 156
785 202 9204
351 652 712
540 325 4821
122 144 5221
237 961 7729
193 833 2258
396 1000 2726
928 177 4640
205 360 2026
568 745 3062
833 212 4541
372 760 5529
58 351 2937
878 874 5837
130 729 2008
32 73 6052
360 469 2752
777 145 7970
796 899 8979
358 245 492
544 654 52
397 623 4025
518 834 7954
916 158 890
363 194 5223
603 710 303
743 294 6109
303 953 777
592 307 7030
830 163 7522
264 407 9116
111 680 5449
500 696 403
662 336 1925
185 193 35
776 195 1105
437 427 1091
880 528 860
395 544 6319
855 788 2219
121 169 2874
50 222 6126
773 783 5153
916 434 2202
128 528 5573
434 898 906
245 681 6330
799 157 7390
375 733 361
544 763 5306
448 411 1017
746 190 3226
963 887 1500
26 267 327
307 582 5777
490 440 9908
322 864 3953
473 529 1276
843 534 5759
202 394 1919
232 595 2615
312 286 5983
180 352 8539
165 629 6549
864 270 5812
982 287 60
836 491 7005
694 734 3528
844 131 2382
459 796 580
204 109 626
922 167 5322
73 600 4827
420 487 2086
775 809 95
967 308 5307
199 940 3370
715 109 331
988 894 5765
216 986 7666
392 260 817
722 930 711
402 735 9958
633 19 3631
981 847 7352
928 857 959
876 84 5703
299 411 6656
463 166 1767
569 229 8917
436 973 5383
517 50 2225
797 836 6284
474 96 5243
121 371 5680
360 640 153
557 145 1760
723 316 9414
228 122 8459
517 748 4705
687 807 5050
250 284 2130
884 220 6761
529 833 5063
897 661 7476
379 468 9526
725 423 5966
681 466 9300
895 106 4477
268 172 8632
566 66 1201
720 586 2522
14 995 479
162 491 1636
798 433 5315
693 368 4674
250 678 1203
500 55 3288
405 992 205
775 228 7572
538 219 9137
314 601 3043
636 942 3053
781 515 4983
369 51 1645
150 246 2863
657 953 4705
551 347 5307
519 808 174
850 369 9516
839 419 8997
40 750 8357
973 3 2833
504 680 6765
478 517 9626
995 858 3210
762 600 478
206 489 2264
911 116 6776
623 393 9070
602 167 729
126 60 5337
32 296 2854
390 318 9950
960 807 4076
236 281 1384
100 998 6776
728 271 828
262 378 8627
479 671 5228
146 690 1081
354 126 4218
22 842 440
646 479 398
996 344 5945
748 473 7754
33 431 7057
777 929 4179
577 590 808
304 20 1717
346 64 1351
359 405 1284
354 93 3395
904 830 4170
101 856 376
784 703 9055
456 608 2383
9 74 3881
804 514 1856
326 459 7202
645 576 8404
24 965 2080
296 585 8708
529 857 8822
760 237 893
793 240 3061
556 346 1935
320 134 1258
191 132 4205
186 313 2531
775 327 6112
960 648 5233
325 362 8388
39 67 506
701 399 7348
125 12 4654
625 668 4179
359 704 4065
973 910 9024
275 124 2302
956 524 204
156 500 5903
871 160 115
191 891 870
422 365 3837
780 371 6106
506 170 1546
922 286 4110
456 264 1983
490 581 3550
963 209 9699
587 290 2013
50 21 9674
893 114 3458
696 538 5910
23 436 5239
789 659 7580
633 182 2855
27 537 4449
140 562 6723
40 187 9339
522 426 1730
460 403 7667
588 300 609
543 385 438
115 815 1002
834 991 1596
342 538 6411
373 222 9747
407 452 4485
974 728 8804
935 898 9194
174 354 2900
776 450 7807
571 974 9657
468 867 3052
227 29 1612
660 349 4093
372 979 2189
138 271 355
604 162 6402
925 761 6576
718 400 7694
878 202 5761
979 667 5747
968 132 8141
28 412 1816
475 245 9587
665 563 5132
692 883 2684
946 999 7609
726 675 171
390 848 1320
84 780 9102
136 662 8212
611 439 898
41 885 2104
119 297 9860
909 847 6057
634 106 428
783 891 2049
747 696 13
868 442 6866
945 990 4589
181 724 4394
516 530 6959
431 860 1537
183 815 5068
622 376 950
474 742 2329
101 387 1833
447 158 9526
594 897 9103
730 210 9672
742 319 9595
805 605 1670
795 820 7493
66 38 4264
815 669 5122
266 107 9107
542 225 7862
889 501 5485
669 914 4704
879 767 922
105 173 1166
1 132 9601
380 247 4650
96 907 7260
494 385 6512
460 120 3583
367 493 3666
223 945 6699
997 651 2357
613 427 8689
717 315 133
541 516 1536
613 362 3973
783 692 5239
437 958 9077
618 725 1087
610 730 725
877 625 984
905 622 4759
617 868 3903
420 6 112
52 589 7437
449 944 7519
450 517 5428
126 228 4889
50 194 1467
77 531 3739
595 37 9887
780 372 2800
244 735 7617
862 29 158
721 499 2456
673 903 67
486 759 8610
537 917 334
443 199 3097
858 378 7816
668 483 2100
609 2 192
894 925 1070
309 639 2120
803 297 1753
402 950 1971
23 692 1931
610 925 4717
837 740 7949
182 287 9498
551 528 9437
487 601 8911
862 548 6193
872 667 8927
803 854 9077
664 830 7708
246 120 4055
610 159 884
386 218 6882
385 350 855
286 706 8126
453 219 9259
669 163 1327
149 898 3540
756 395 7792
352 514 1226
450 495 3484
727 106 6625
41 380 1321
789 159 3367
752 243 6191
129 621 5654
531 405 2154
198 263 1467
214 84 157
969 237 192
62 662 1950
359 816 500
672 335 4373
269 522 5194
724 213 4443
336 853 7323
30 206 8142
669 734 6430
963 583 3901
544 438 8744
597 858 3954
960 588 3963
997 716 4367
560 361 242
470 447 2810
438 980 1880
855 298 4122
917 933 8028
379 272 7834
80 711 6392
332 302 1538
852 608 2460
74 260 1343
82 558 1310
767 529 3359
276 588 2766
896 746 6568
94 40 1764
482 372 8377
992 467 4458
987 2 3666
489 923 4534
429 320 9063
324 640 4753
511 300 7384
475 311 7764
915 803 7496
71 751 5438
652 987 2154
908 168 1609
592 925 3251
722 855 3370
765 124 5212
974 629 9206
159 1 2795
22 572 3440
425 246 2450
884 951 5698
644 735 8070
172 312 68
854 483 5434
882 549 9766
551 219 3344
62 598 9550
270 266 5833
890 628 2004
223 403 155
982 276 3995
484 282 7562
62 874 600
620 826 521
970 921 6197
530 705 2068
772 637 8819
189 146 3308
305 428 8514
907 70 8954
845 487 8580
417 920 9469
137 490 4027
93 444 3352
997 939 1879
388 497 2123
866 904 5647
100 418 5612
808 223 7555
679 537 4422
639 342 1159
686 566 3667
637 738 6383
732 877 91
650 932 7387
146 806 7925
764 996 2021
194 77 8978
154 262 2709
115 249 914
704 326 1226
423 90 4805
745 508 2805
633 693 1358
351 314 7644
234 989 691
661 204 3781
707 880 8922
861 271 5821
417 645 9174
967 930 9246
944 250 3156
529 452 6512
887 618 609
463 697 4411
335 780 7777
96 211 4850
852 553 2669
377 702 7628
88 552 8458
479 903 8619
708 485 1141
310 372 2447
72 356 6788
836 396 5413
77 160 6272
467 659 8442
20 655 6884
228 2 3612
404 89 4862
690 655 6060
590 391 242
227 830 1672
559 481 2982
943 188 3092
960 693 5147
13 943 4935
829 163 8878
595 737 2674
170 185 5789
35 408 2958
915 602 7116
785 537 3630
139 81 142
741 938 9761
492 840 748
840 83 2438
84 273 6702
654 538 2769
704 724 242
9 400 3356
139 302 365
297 763 5798
396 176 2738
470 577 9183
983 25 9071
94 433 8910
422 681 4205
301 318 5368
915 175 2734
545 693 4949
81 489 2542
651 968 8249
77 894 4400
240 829 678
377 835 789
947 509 7970
823 444 2203
306 844 1
211 801 7427
313 669 8403
134 627 1157
380 949 7821
173 239 1862
928 268 329
320 419 7840
207 573 4784
62 866 7607
931 320 2323
979 331 7252
981 98 8060
627 972 4465
817 158 7781
920 424 1263
674 214 9053
492 600 9652
407 605 543
672 559 4698
841 801 5937
879 613 218
568 879 590
658 776 3677
788 119 2999
672 332 5913
140 408 6292
186 270 8133
493 819 4684
361 164 5834
912 716 5300
162 876 9108
707 375 1394
210 387 3800
568 376 9329
263 44 2138
947 22 2641
282 251 4109
397 68 1688
549 674 4721
30 803 6291
328 175 9560
253 860 6651
903 57 4558
293 742 2251
20 625 6467
186 742 3375
920 816 8854
197 170 1062
609 973 6371
745 549 6840
216 987 4782
90 919 1894
644 297 7680
566 810 1908
750 144 3992
14 946 8522
932 506 9528
798 619 7270
631 55 5882
741 816 5842
191 884 7230
817 192 3861
167 12 7455
655 106 4226
293 47 583
282 592 2180
958 393 8307
965 531 7060
623 952 6056
35 559 2034
273 375 5339
385 542 5556
586 396 6265
800 104 9765
879 612 5139
718 97 9814
269 680 3342
871 936 3523
431 788 6923
18 706 5531
824 774 808
299 729 5682
794 757 7363
188 445 5124
498 58 4854
287 654 7409
834 200 5734
611 865 4998
424 483 1985
988 763 6631
459 783 9012
663 283 8176
512 699 5591
513 611 7178
848 743 7684
522 427 9097
273 271 5480
79 797 3747
539 27 1706
459 85 2589
554 114 1407
848 311 4912
259 951 7556
464 221 6569
293 66 6338
183 186 9914
373 707 5210
901 851 1557
613 244 924
452 610 6361
963 17 9798
262 669 5490
417 154 3226
930 760 3044
897 730 7409
804 667 5845
480 17 5348
747 70 3326
277 640 9808
848 555 5235
567 70 5310
58 145 7118
570 405 5822
313 570 7582
273 53 4736
549 525 2462
665 142 779
339 523 399
731 882 1313
418 561 3654
498 201 229
443 112 8148
758 950 2602
121 264 7546
778 328 4245
695 438 2652
509 288 2442
760 633 2641
833 682 2380
180 221 4000
95 738 9317
193 657 936
532 926 5119
741 328 9461
247 361 3473
734 962 7735
402 200 9584
644 373 4448
434 674 435
103 126 642
434 748 2126
449 172 7529
655 32 3879
604 449 9844
340 498 4303
103 438 132
953 631 2750
210 86 8903
122 388 3804
896 935 8012
873 619 492
630 23 7126
267 333 2541
689 586 2833
77 399 5282
940 776 9143
904 281 2662
644 595 2611
715 935 7897
246 716 9091
422 699 9489
972 771 2768
376 202 4591
398 861 3817
509 231 3837
277 515 1451
161 514 4822
178 472 5859
514 980 9943
86 468 429
782 674 1194
418 708 6790
694 874 1911
8 174 3969
391 638 7186
562 208 8752
215 425 3838
583 210 2074
120 235 9227
400 96 2141
733 310 6062
566 930 1144
415 2 6081
367 656 9451
646 529 7625
105 630 4844
325 614 4894
923 529 5360
540 702 6766
902 924 9048
516 39 8375
585 341 3240
389 460 3537
298 752 6427
541 247 4324
255 973 2483
784 892 1913
475 869 7563
475 149 128
29 846 1886
897 94 7007
369 430 8996
695 605 9137
845 935 8418
56 782 4469
484 850 7665
584 380 4314
412 171 7851
121 896 9044
754 275 3225
453 954 9726
373 773 4265
968 791 8474
880 174 4491
284 207 3494
390 648 1516
981 675 8003
163 761 5325
827 136 87
398 958 3836
153 243 4903
211 558 2818
323 742 1901
765 487 4663
821 760 5683
327 818 2650
427 397 4828
449 204 3631
469 117 9691
174 360 6623
275 382 4599
362 115 8659
941 354 3456
595 235 1693
848 534 49
638 98 1389
875 739 5646
284 987 9986
987 462 532
147 855 6748
873 866 393
156 440 4647
419 302 8544
433 193 2115
211 769 9736
952 565 3774
427 386 6037
508 513 9810
66 692 4817
999 237 7292
77 682 3779
233 246 8660
16 19 5959
743 28 8569
89 851 7154
245 954 5769
411 518 6785
865 674 9286
86 702 3917
659 218 8708
561 714 6987
382 195 1246
961 444 4100
729 488 776
190 924 4434
289 968 3009
79 144 8449
56 85 2479
499 79 1835
317 12 3325
349 475 2393
255 229 652
231 187 9125
496 805 974
33 888 4247
880 274 674
706 126 1856
442 172 8503
227 562 3829
556 532 884
572 568 6141
193 940 8402
236 117 2093
159 292 7599
893 661 3831
682 450 1973
240 884 5166
728 841 9029
226 179 7393
794 271 8821
465 519 2609
273 50 75
888 110 5233
230 990 5072
100 37 4078
860 488 9510
476 856 6477
652 198 9302
566 987 361
180 333 1521
568 562 2740
791 804 3864
32 825 7106
956 31 4834
617 346 2335
361 477 9780
203 118 1373
150 713 7983
48 451 7386
229 462 9216
430 650 3183
493 172 4123
558 950 2509
213 884 3717
666 359 2650
947 928 5942
396 905 1263
966 713 4190
319 257 6554
377 572 2516
723 482 9452
553 185 5617
896 154 1727
507 162 4844
157 84 3637
822 510 2765
980 768 7869
800 588 5124
290 669 5816
801 160 1573
115 659 546
335 880 955
594 417 1377
487 806 8813
293 590 2535
405 891 168
839 453 9585
714 299 515
734 692 8730
885 105 7457
919 227 4957
998 937 1935
545 844 1690
427 137 4511
512 905 3082
720 256 8478
956 937 116
433 873 2656
47 878 1542
685 659 5708
802 879 2589
380 364 9901
620 501 7370
390 872 6977
24 788 5296
188 650 1038
741 881 4718
419 56 13
709 887 1161
613 886 4555
915 143 2844
876 272 999
310 575 2499
483 306 6276
644 23 1305
382 318 3634
683 993 590
824 517 7587
791 230 7361
774 119 33
293 830 8324
489 495 4497
25 228 3746
86 972 6478
112 635 5902
205 453 2631
408 930 5019
213 916 7030
958 370 2354
237 596 390
687 635 8502
23 262 2503
433 241 9663
37 62 4921
365 887 9714
120 960 4844
432 226 8843
225 29 4202
237 72 4309
740 54 760
580 1 7531
112 197 9266
38 384 417
887 704 3394
348 920 1220
791 309 8357
739 478 9398
311 721 4817
144 262 3841
70 401 3629
496 142 9080
469 922 2600
359 597 3669
231 679 6487
800 898 705
415 308 9220
583 122 3652
703 471 9131
306 33 4106
487 304 1123
245 569 5964
250 432 2080
442 27 2053
11 938 1575
935 674 3752
234 300 4143
869 718 4750
557 697 268
294 204 3864
848 479 791
14 58 6018
737 21 5510
595 585 138
187 375 9090
69 863 5551
51 268 1984
74 855 4909
751 535 2822
38 151 3070
280 944 2641
41 291 9975
790 537 3198
62 26 2318
371 17 9887
56 976 2549
150 745 7258
957 316 1634
334 402 2024
100 773 6194
717 324 7492
5 608 5821
416 592 2687
626 221 9051
687 625 6037
288 932 9884
742 837 948
134 501 1489
125 83 5273
822 480 4900
814 908 8
274 345 8895
131 919 9246
741 218 9533
296 218 256
103 436 2799
855 419 3922
929 320 2190
340 561 9095
977 545 4343
642 223 7278
800 348 3050
164 648 5641
803 924 9033
989 68 5725
402 887 9883
943 676 9902
45 883 8714
599 891 9858
420 672 7341
361 254 2244
418 516 4370
963 479 6794
905 807 2573
191 630 8288
118 80 1222
889 197 8094
83 448 5763
113 734 5207
345 316 6321
753 118 7772
223 70 2285
809 628 9928
459 397 5673
121 688 4454
150 196 7853
650 941 2012
859 765 1680
765 946 2027
971 147 1206
574 347 2769
989 148 5193
199 205 245
441 310 3378
642 921 6147
969 384 3406
66 874 1779
240 899 3206
154 958 9133
671 370 4654
389 59 1016
904 388 249
851 113 2095
194 108 2444
732 363 8948
15 343 6466
329 64 6368
475 507 821
289 61 7762
469 420 1234
270 526 1654
563 20 5121
210 203 2242
207 213 3185
659 573 532
360 742 205
948 64 520
773 88 1756
86 866 1587
124 528 5304
25 152 8965
269 514 3166
749 221 7381
407 642 5708
445 899 2228
748 702 5869
245 944 1974
724 631 8910
340 742 9224
966 636 3416
428 273 3172
254 369 4361
13 670 9444
747 34 7792
241 750 3745
410 258 5959
405 558 8699
676 357 6532
438 815 2774
37 390 2160
132 710 6538
169 259 1152
431 105 1386
8 646 4344
628 452 4883
898 632 6344
272 69 8036
11 752 1700
958 518 6300
292 809 8096
380 301 3582
569 593 76
1000 406 8663
435 364 31
261 84 3018
96 315 4566
316 341 2947
152 591 1189
181 260 266
293 225 8177
313 805 1523
534 878 1337
926 491 5019
168 742 3329
413 999 5837
29 595 712
99 601 386
138 195 3883
514 785 6391
860 424 3194
768 322 3529
910 628 1056
911 545 2365
978 105 9222
771 915 9292
256 614 8334
964 270 6422
351 933 1897
204 209 4992
981 780 9172
142 283 6025
124 787 4274
851 889 5315
301 143 1990
603 231 5114
759 235 1761
882 365 6106
443 105 4721
397 930 1337
358 147 544
145 60 887
523 364 8960
422 178 7740
752 914 4721
336 986 2314
652 536 3024
882 969 4572
781 916 3066
375 518 4538
277 986 3072
911 683 9663
725 484 9342
764 349 6531
325 188 365
901 765 2404
677 594 1389
498 728 8514
339 195 8251
222 989 5956
530 322 9677
495 777 1360
200 11 2071
171 869 4215
136 40 1002
715 717 3436
835 418 461
95 312 5141
846 551 1404
294 459 6012
43 244 7861
178 242 15
130 164 151
613 940 7493
505 196 9666
941 307 9773
726 427 2712
570 468 7337
979 666 3645
243 543 2009
221 875 9454
230 179 1441
166 639 4431
786 516 59
178 106 7558
387 947 7083
165 707 3373
421 594 7495
346 602 9675
608 474 3222
735 39 1448
651 193 949
395 102 6444
343 176 44
699 462 1349
807 894 6303
419 275 9536
91 276 7312
828 551 1721
376 579 6705
43 731 2775
367 237 3976
238 884 4408
906 817 6348
934 436 5074
866 415 4764
402 302 2752
626 495 9579
225 395 6918
355 436 5312
384 486 2433
854 831 5419
418 751 555
314 987 2895
647 209 2287
964 784 884
700 242 9051
323 367 2361
55 159 4874
394 228 5997
307 966 2184
936 405 1375
829 616 2092
409 694 3392
139 419 8654
257 558 7516
265 587 2228
880 66 2473
812 37 1675
485 353 2870
917 443 9891
266 390 9525
174 968 8316
752 728 1414
278 375 6292
72 987 1385
229 421 3689
132 706 3941
300 55 9632
576 782 4721
69 801 8642
88 421 567
396 127 9826
314 349 9594
896 382 4827
253 334 3420
512 412 3320
826 46 6578
388 707 261
173 371 5253
485 922 1163
474 486 7183
896 568 7566
250 584 6421
700 721 2239
234 706 3645
291 236 6923
856 234 8729
7 529 5902
557 563 3820
939 183 8068
429 404 9832
230 963 4210
420 716 4458
569 32 7393
75 674 1614
637 807 4177
870 145 5389
864 391 2147
675 76 6214
324 902 3004
515 915 8356
727 555 581
648 945 7607
279 516 5003
231 126 239
880 529 6804
304 38 9633
360 927 6562
741 101 4412
625 186 1787
334 365 4983
642 428 7272
59 646 2308
786 18 9475
259 963 5599
209 697 6298
878 257 4901
967 429 8795
668 889 4969
188 824 2299
778 458 6193
107 307 4371
12 944 7869
984 222 6270
866 617 7959
741 202 1839
321 821 2504
611 933 7461
787 749 609
500 601 2681
376 319 2104
149 69 8988
446 821 6479
361 528 2359
558 155 38
115 802 1409
760 409 578
206 933 8799
39 77 868
944 786 6166
545 751 4491
234 68 8391
996 973 8184
16 64 2506
772 613 9077
454 908 3185
277 28 9943
190 830 3796
189 236 3184
754 875 8741
430 314 469
949 341 5617
22 388 1888
459 20 2320
123 760 8749
313 540 5551
642 992 1014
249 677 7646
821 801 4956
359 378 4282
330 140 205
543 568 8068
820 882 388
933 426 3286
537 51 2376
816 791 8832
633 384 7182
999 525 1230
328 320 4746
566 583 9204
66 323 254
254 239 6940
737 410 4214
311 786 7295
507 706 4430
57 37 3832
825 154 4409
566 353 1742
144 165 5972
794 223 2149
193 645 7349
171 709 3698
832 786 1334
124 233 6026
63 110 2416
676 536 4195
37 625 9728
866 361 3886
411 345 2972
906 722 501
22 70 1715
19 615 9815
256 211 4856
537 540 1626
402 996 864
940 632 9492
207 126 471
867 965 711
920 479 7461
433 169 2617
914 538 8864
114 13 4186
524 849 1944
59 447 506
663 153 4886
206 996 2652
53 916 9634
616 786 3563
457 679 7209
617 83 8738
609 935 6766
508 196 1126
930 938 4621
473 121 1994
987 225 3842
478 460 2429
402 602 2969
278 354 8356
732 510 9086
569 567 8226
387 706 1555
776 220 4718
61 777 4627
989 507 9669
371 807 8923
30 896 7219
871 656 4358
265 578 6318
165 914 8021
324 281 6710
308 572 6709
350 981 7994
595 525 2731
214 490 8763
836 437 1112
967 176 6378
553 702 5107
32 285 6
914 220 2652
272 13 1673
571 626 7292
98 767 3847
189 3 3661
559 588 2846
39 320 6751
302 74 8885
569 891 611
676 554 5235
789 122 6260
944 664 5402
584 535 8895
175 596 644
673 422 6243
914 886 5375
333 536 6789
273 902 955
970 490 5981
947 565 329
174 848 2716
973 410 2058
234 987 9578
3000
game 203 19 135 209
add 93 441 8522
game 572 196 69 728
game 658 499 454 395
game 303 745 278 326
add 128 715 777
game 375 477 675 661
game 216 491 538 851
game 859 603 423 544
game 32 108 925 583
game 995 700 995 583
game 86 791 38 428
game 435 311 801 858
game 448 677 42 132
add 121 565 3187
game 326 460 235 793
add 499 289 7825
game 369 76 302 951
add 218 210 6044
game 318 891 454 409
game 344 169 997 728
game 57 73 47 449
game 952 570 73 751
game 162 867 827 153
game 620 311 308 692
add 224 635 9132
game 770 868 830 514
game 801 748 572 313
game 884 736 81 579
add 42 201 2673
game 246 324 746 475
game 706 1000 921 831
game 727 945 501 387
game 456 386 336 506
add 328 9 3135
game 626 627 427 653
game 50 987 68 392
game 867 356 599 996
add 331 430 1005
add 955 377 9192
game 754 816 974 824
game 599 861 18 753
game 395 453 248 428
game 141 570 360 562
add 52 641 2354
game 138 915 158 638
game 191 378 881 349
game 891 75 192 366
game 751 113 61 733
game 322 545 731 797
game 163 936 401 821
game 817 386 486 682
game 20 577 495 252
game 907 956 589 226
game 960 414 616 531
game 211 432 197 859
add 273 369 8158
game 752 129 728 479
game 791 144 5 1
game 31 810 578 226
game 345 55 345 795
game 907 801 577 887
game 591 1 71 320
game 444 702 279 265
game 603 122 184 59
add 852 798 8213
game 653 102 690 442
add 167 52 9878
add 856 543 9900
add 357 977 1101
game 112 349 485 207
add 572 358 8597
game 496 394 423 8
game 354 79 771 373
add 186 118 7887
game 649 882 392 694
game 61 643 203 965
add 111 76 8463
add 15 642 1381
add 104 972 6671
game 748 854 373 366
add 271 710 993
game 575 822 27 449
add 689 223 3598
add 931 68 5569
add 800 968 5029
game 325 144 927 572
game 478 376 199 469
game 820 313 927 625
game 221 981 994 356
game 385 792 439 129
game 68 102 10 194
add 328 946 1050
game 568 123 243 359
game 627 412 119 129
game 595 605 896 960
game 388 210 792 669
game 27 895 561 120
game 713 755 100 468
add 149 621 8532
game 310 969 382 346
game 337 331 164 421
game 462 125 391 293
game 269 138 283 343
game 72 850 86 711
add 866 815 6412
game 845 39 335 685
game 814 41 529 900
game 423 782 312 212
game 284 529 838 689
game 54 847 115 937
game 17 37 641 713
game 884 279 725 738
game 807 392 386 418
add 938 896 9414
add 143 436 5813
game 738 467 962 830
game 141 690 891 953
game 773 498 552 194
add 258 975 5387
game 451 769 696 203
game 758 322 841 994
game 395 580 948 333
game 960 939 7 91
add 392 31 795
game 418 785 705 653
add 364 77 1397
game 650 259 856 124
game 795 616 733 452
game 906 247 635 708
game 102 33 65 333
add 343 681 978
game 884 692 990 234
add 146 159 5394
game 334 120 978 854
game 198 102 875 189
add 733 623 9666
game 966 89 133 883
game 940 916 517 492
game 417 627 722 108
game 635 852 440 104
add 437 844 3679
add 697 693 1414
add 926 182 5929
game 422 475 489 685
game 32 371 872 932
add 635 892 6640
game 692 356 826 671
add 48 939 1162
game 623 832 670 726
add 194 368 5375
add 799 470 8661
game 718 658 282 199
game 748 724 689 102
add 70 588 3713
game 675 72 282 343
game 546 645 990 438
game 580 492 725 388
add 15 273 6467
add 190 964 366
add 178 995 6079
add 356 526 5207
game 831 542 380 558
add 932 568 6770
add 853 312 5383
add 630 408 7760
game 348 100 269 635
game 901 749 883 331
game 591 193 262 289
add 294 98 7091
add 961 24 9706
game 396 877 594 938
add 296 898 224
game 21 838 680 137
add 650 908 8487
game 660 565 674 274
add 716 974 9974
add 481 136 6323
game 608 472 706 463
add 554 748 7657
game 789 10 185 796
add 231 103 5228
game 284 491 965 361
add 719 673 6073
game 269 50 626 278
game 905 855 877 215
add 57 954 7113
add 122 989 4319
game 920 645 68 734
game 929 965 580 410
add 805 45 7133
add 455 49 7735
add 588 117 7619
game 965 631 222 871
add 256 643 4304
add 39 283 845
game 558 268 20 96
add 855 105 5180
game 318 228 176 975
game 749 428 361 691
game 303 759 114 3
add 761 146 2025
add 459 239 7375
game 767 746 375 904
game 895 947 519 75
game 531 706 485 139
add 383 907 5828
game 363 595 730 243
add 670 473 2772
add 776 89 531
add 113 620 4991
game 677 572 61 844
add 200 490 2639
game 98 88 753 93
game 782 96 156 485
game 285 748 505 95
game 674 243 605 449
game 825 528 85 44
game 257 348 176 6
game 218 958 764 174
game 190 41 872 381
add 647 403 2484
game 124 999 670 687
add 957 423 9647
game 332 509 225 942
game 491 561 577 60
game 693 319 22 199
game 821 316 525 385
game 719 895 468 242
game 483 447 324 948
add 963 921 7439
add 494 368 1299
game 491 236 253 879
game 747 184 98 362
add 502 529 7376
add 803 595 1478
add 638 577 1065
game 508 607 554 618
add 406 738 9061
game 673 785 383 170
game 640 244 52 610
game 722 766 637 7
game 976 669 380 716
game 199 592 392 617
add 884 727 500
game 233 2 239 86
add 523 734 2964
game 772 102 396 964
add 375 314 482
add 439 298 3507
game 604 894 32 385
game 398 794 809 343
game 122 374 373 527
game 517 728 746 318
add 129 517 6387
game 23 997 338 993
add 5 155 7433
game 645 632 728 948
game 680 322 503 220
game 516 996 192 10
add 438 127 2757
game 65 72 569 916
add 220 735 2003
game 71 990 533 882
game 933 924 880 56
game 880 218 561 575
game 954 995 813 440
add 218 12 9875
game 944 382 551 863
add 609 116 5012
add 822 247 6834
add 1000 881 4976
game 614 32 545 241
game 9 716 940 124
game 732 538 878 635
game 267 905 502 715
game 332 193 637 239
game 617 429 500 727
game 564 42 159 705
add 44 719 2002
game 580 662 450 855
add 67 666 2022
game 123 154 98 365
game 778 563 253 792
game 921 970 657 604
game 67 301 323 730
game 223 794 443 210
game 977 347 543 685
game 73 237 501 235
add 851 853 7805
game 128 828 994 97
game 555 464 622 515
game 75 964 406 676
game 891 684 555 576
add 417 311 1163
game 992 223 411 972
game 401 957 162 171
game 499 891 666 735
game 630 108 733 327
add 734 182 2263
game 136 78 405 599
game 439 660 402 907
game 194 635 191 169
game 910 307 820 411
game 287 710 753 9
game 756 252 463 515
add 66 269 174
game 130 94 517 911
game 883 872 154 408
game 316 974 598 707
game 800 888 261 168
game 556 870 112 652
game 163 524 69 980
add 326 252 2051
game 359 874 695 885
add 717 479 1731
game 618 140 750 76
add 616 637 4934
game 828 257 533 667
game 158 414 979 84
game 211 84 46 290
game 116 599 774 139
add 904 284 2790
game 922 290 654 689
game 390 767 886 494
add 322 6 7142
add 496 432 1143
game 122 143 848 200
add 311 181 4343
add 892 268 6761
game 105 974 802 117
game 321 975 535 598
game 232 804 438 998
game 431 354 746 109
game 345 718 884 740
add 633 780 1222
game 821 368 772 941
game 295 206 661 581
add 343 310 1990
game 561 50 208 615
add 550 708 9866
game 360 103 784 644
game 468 801 848 529
add 33 178 5205
game 507 790 728 178
game 975 919 853 802
add 50 25 6172
add 623 827 6215
game 283 631 20 982
add 775 365 5510
game 51 208 428 825
game 272 62 649 38
game 539 959 371 950
add 622 371 1701
game 328 838 606 282
add 588 203 7705
game 558 894 368 774
add 591 441 475
game 34 4 839 209
game 494 584 36 637
game 7 959 443 944
add 565 75 963
game 613 130 64 649
add 151 298 1937
game 418 378 302 695
game 539 492 674 435
game 424 279 330 449
game 470 174 37 191
game 495 109 754 446
game 393 259 568 911
game 434 179 841 953
add 166 267 9976
game 625 976 988 128
add 292 452 6703
game 514 387 709 383
game 681 316 317 246
add 302 177 5948
game 121 915 421 589
add 820 777 6446
game 713 822 137 81
game 327 552 183 574
game 491 408 117 859
add 53 946 6222
game 716 387 994 408
add 96 80 1641
game 142 505 261 90
add 887 700 486
add 554 471 8885
game 226 710 838 796
game 524 211 294 801
game 739 716 742 398
game 669 611 753 866
add 743 445 4875
add 807 375 7994
game 369 347 439 754
add 82 750 6832
game 156 991 517 634
add 84 714 989
add 343 315 6141
add 904 565 1620
game 773 674 778 979
game 677 239 333 521
add 512 32 5895
add 280 708 6116
game 727 859 884 256
add 327 401 5519
add 203 180 5268
add 408 333 3158
game 719 587 118 792
game 960 112 987 751
game 870 341 672 275
game 39 124 490 393
game 794 418 616 810
game 574 141 629 200
game 197 974 836 530
game 779 595 149 856
game 838 162 481 67
add 877 270 211
add 563 695 7287
game 30 950 797 926
add 138 419 2408
game 56 873 481 355
game 238 653 269 293
game 436 732 970 756
game 134 810 85 315
game 623 993 742 328
game 382 26 92 405
game 987 805 712 488
game 119 75 123 798
game 542 407 454 864
game 813 449 269 436
game 900 591 207 73
game 63 589 167 734
game 469 888 426 504
game 671 855 624 627
add 491 199 2698
add 881 159 9652
game 236 430 697 405
add 672 905 1456
add 172 350 2782
game 57 246 922 436
game 890 187 127 351
game 455 727 97 214
add 264 668 8041
game 514 878 285 741
game 887 67 226 571
game 766 786 857 619
game 823 450 167 999
add 782 189 1641
game 357 621 726 134
game 788 410 71 9
game 5 161 926 51
add 431 764 3850
game 187 636 173 414
add 155 275 7820
game 68 571 70 186
game 910 898 106 372
game 614 202 738 334
game 251 738 879 27
add 590 282 9602
game 558 782 940 145
game 179 163 420 251
game 75 18 52 809
game 751 296 813 863
game 381 326 823 731
game 175 740 756 459
game 374 978 11 474
add 289 780 4230
add 188 495 3684
add 914 91 2380
game 339 621 408 70
game 73 968 342 356
game 393 859 33 70
game 99 961 990 97
game 357 872 333 240
game 342 751 115 673
game 971 45 945 492
game 846 615 259 875
add 946 257 8432
game 375 746 103 407
game 685 503 856 406
game 145 883 105 272
game 877 558 373 77
add 43 174 1300
add 123 284 4828
game 937 761 622 141
game 844 291 640 64
add 487 572 4684
game 43 566 501 194
game 93 378 37 647
game 549 251 811 244
game 654 619 488 736
add 742 590 5055
game 320 531 544 511
game 824 401 461 988
game 26 145 377 323
game 889 848 135 750
add 800 959 2322
game 923 478 63 653
game 537 139 797 158
add 480 906 3307
add 170 984 1411
game 799 633 281 716
game 288 677 367 916
game 496 10 557 95
game 842 722 767 962
game 846 392 162 922
game 110 601 425 921
add 389 559 5808
add 290 926 5135
game 619 527 101 368
game 750 123 682 818
add 771 558 2591
game 547 309 784 649
game 422 225 46 824
game 146 813 115 819
game 40 540 762 758
game 591 325 181 878
add 499 69 2786
game 460 63 667 507
add 213 982 1917
add 218 30 1608
game 335 459 389 343
game 408 622 966 213
add 312 361 2100
game 826 739 280 339
game 341 99 527 98
game 792 610 554 601
game 817 490 36 606
add 610 994 8925
game 705 240 491 72
add 890 176 2746
game 596 873 511 279
game 855 183 246 553
game 749 284 336 134
game 295 522 553 578
add 724 964 920
game 913 925 490 584
add 202 770 9764
game 823 311 201 525
game 887 170 931 286
game 720 537 299 45
game 378 29 752 670
game 543 655 795 579
add 525 536 5298
game 21 322 81 686
add 2 285 1665
game 383 968 469 18
add 50 332 5412
game 374 891 695 27
game 47 862 471 552
game 938 596 181 265
game 293 340 792 267
add 661 579 4071
add 185 953 965
game 939 594 860 493
add 108 885 636
game 305 921 618 78
game 326 774 451 416
game 519 613 578 250
game 877 813 873 176
game 62 94 696 494
add 952 104 7701
game 205 563 549 742
game 264 967 886 477
game 512 513 235 801
game 582 514 30 822
game 359 274 400 121
game 779 994 109 196
game 796 149 369 745
game 202 677 147 272
game 614 52 150 444
game 430 33 374 987
add 34 899 1523
game 305 580 964 613
game 311 434 301 45
game 715 147 999 137
game 630 910 708 268
game 882 177 285 20
game 886 406 844 489
game 992 597 665 433
game 901 272 297 611
game 755 326 383 415
game 40 222 587 982
game 995 133 387 193
game 498 36 186 594
game 942 821 52 539
game 891 893 890 334
game 753 609 237 645
game 877 996 34 24
game 61 546 848 800
game 140 75 412 137
add 841 320 2669
add 557 968 2483
game 744 542 859 711
add 662 680 5041
game 739 523 517 16
game 614 104 355 995
add 510 457 8748
game 907 800 945 50
game 873 175 275 887
game 297 289 803 309
game 820 442 795 936
game 463 77 338 77
add 330 353 1628
game 803 392 850 985
game 430 969 76 30
add 571 665 2600
add 951 329 3639
game 980 326 86 682
add 440 963 6485
game 585 874 726 228
game 782 366 679 321
add 45 4 1139
game 329 456 497 500
game 308 428 481 404
game 868 953 270 777
add 427 348 3872
game 386 490 929 696
add 639 458 3357
game 746 715 6 547
game 91 190 723 144
game 945 917 955 402
add 134 870 4063
game 533 460 673 218
game 888 772 346 460
add 38 619 4434
game 945 967 507 799
game 794 776 440 163
game 986 946 474 172
game 793 288 817 470
game 92 580 987 247
add 900 293 9989
game 84 47 237 310
game 897 822 121 313
game 636 708 686 92
game 842 852 588 547
game 491 585 232 709
game 767 309 77 348
add 235 814 3129
game 314 62 194 559
game 949 907 483 598
game 758 232 711 124
game 50 843 340 250
game 257 313 784 313
game 641 347 583 759
game 592 160 155 241
game 809 995 641 151
game 734 471 402 130
game 35 446 768 529
game 997 505 522 713
game 480 313 35 265
game 659 654 108 79
game 927 319 480 399
game 395 638 723 77
game 375 118 344 576
add 727 60 7852
game 859 738 70 985
game 773 417 162 225
game 712 187 263 587
game 162 792 630 544
game 605 797 472 724
add 252 402 9274
game 558 32 297 316
add 870 499 8775
add 835 363 904
game 418 367 68 765
add 935 442 7498
add 11 304 3829
add 27 504 7780
game 477 890 168 655
add 924 234 2043
game 386 5 549 778
game 773 868 187 804
game 209 233 936 784
add 151 314 773
add 337 675 4415
game 9 40 314 67
add 648 249 574
add 962 581 6278
game 87 658 283 291
add 293 971 1010
add 738 256 9733
game 133 188 851 879
game 402 781 884 802
game 156 244 586 238
game 737 425 991 963
game 229 1000 474 741
game 243 712 118 281
game 686 763 743 198
game 92 945 365 866
add 843 882 9637
game 25 383 680 177
game 332 108 903 431
game 450 642 510 939
game 471 29 522 474
add 592 409 6644
game 33 451 591 864
game 484 934 738 670
game 41 990 690 851
game 277 466 626 519
game 286 222 474 258
game 610 580 401 243
game 489 179 619 140
add 875 74 2484
game 451 985 784 305
add 508 97 3401
game 765 839 420 130
game 564 359 594 36
game 269 968 481 327
game 153 733 174 351
add 15 60 7995
game 891 186 984 268
game 789 886 509 180
game 452 303 747 934
add 1000 410 6496
game 553 970 918 332
game 96 792 680 883
game 469 309 659 1000
add 101 532 5381
add 156 806 2681
add 30 137 7507
add 314 542 584
game 321 669 234 671
game 654 247 968 396
add 818 199 7451
add 172 29 1694
game 64 744 585 777
add 861 167 347
add 429 496 304
game 855 384 574 852
add 891 674 8595
game 894 789 6 217
add 788 879 4779
game 757 631 12 625
game 525 232 164 580
add 754 914 4797
add 279 504 7447
game 983 588 345 28
add 220 201 2503
add 220 647 1207
game 138 754 47 41
game 985 38 703 889
game 969 357 396 520
game 453 597 135 915
game 268 258 173 305
game 779 410 449 108
game 830 54 239 129
game 715 532 247 197
game 19 670 203 791
game 110 365 941 739
add 719 915 185
add 583 452 7196
game 328 180 789 602
game 890 156 533 160
add 834 691 1181
add 721 610 1677
game 276 646 56 694
game 934 312 931 779
add 307 38 7586
add 407 277 6706
game 51 315 608 188
game 85 844 206 334
game 822 848 57 891
game 591 698 276 375
game 687 623 3 875
game 787 456 695 747
game 295 416 844 28
game 339 633 518 654
game 755 586 75 596
add 20 53 5645
add 849 96 6802
add 849 702 5321
game 202 674 423 814
game 275 272 913 413
game 990 731 576 11
game 478 540 384 434
add 458 321 6836
add 277 653 1650
game 746 771 629 707
add 619 586 4981
game 921 154 363 862
add 343 592 1675
game 499 428 464 921
game 451 461 836 87
game 6 273 45 137
game 696 922 382 484
game 100 74 890 843
add 30 203 3853
game 34 519 384 379
game 581 637 89 768
add 828 751 1407
add 21 291 9669
add 500 634 5284
game 191 673 630 424
game 614 334 91 397
game 756 279 633 260
game 496 139 64 297
game 973 738 458 636
game 494 238 677 776
add 128 456 5611
game 220 77 589 188
game 724 736 771 755
game 428 380 282 271
add 72 869 7103
add 236 415 8250
game 223 683 925 252
add 185 698 7228
game 536 877 957 928
add 87 115 7025
game 678 230 41 809
game 564 226 289 431
add 98 962 5352
game 564 410 832 166
add 626 571 6477
game 275 926 934 387
game 416 317 215 457
game 627 963 472 717
add 972 506 6330
game 811 112 709 436
add 801 390 5444
add 597 345 5973
add 674 417 7121
add 149 845 4276
add 164 798 2730
game 659 505 101 476
game 917 982 116 947
add 767 699 6953
game 243 778 439 591
game 869 546 569 472
game 914 226 908 233
game 17 472 174 698
add 502 497 3078
game 669 886 670 261
game 888 742 896 853
game 202 405 312 330
game 5 527 979 701
add 876 553 8859
add 508 384 1802
add 523 775 3485
game 680 552 51 36
game 593 519 164 181
game 714 220 923 221
game 354 698 529 659
add 388 691 429
game 156 638 378 950
game 244 623 389 881
game 566 168 459 628
add 986 440 3903
game 963 339 999 78
add 836 92 880
game 397 888 904 327
game 736 803 650 447
game 199 152 134 512
game 173 161 462 407
game 418 299 384 863
add 258 49 7462
game 889 940 245 136
game 503 914 851 613
game 984 468 138 762
game 6 525 156 178
game 207 66 287 523
game 765 115 600 38
game 568 848 841 777
game 833 997 465 638
game 74 748 730 638
game 237 512 360 444
game 464 804 521 148
game 877 313 433 388
game 659 702 5 901
game 114 972 521 842
game 177 481 893 63
game 319 188 217 102
game 907 200 333 950
game 277 457 391 673
game 352 422 202 585
add 232 636 870
game 727 80 182 520
game 155 852 195 991
game 44 335 301 352
add 387 656 4413
game 58 726 898 518
add 600 191 1014
game 460 384 351 501
add 33 677 7706
game 794 676 546 469
game 415 595 798 453
game 886 186 161 500
add 384 571 7474
game 184 963 211 888
add 527 826 1301
game 293 882 295 537
game 272 496 450 530
game 358 183 863 180
game 463 144 712 708
game 77 393 910 821
game 549 580 433 322
game 424 120 878 230
game 552 424 13 867
add 178 851 1638
game 613 261 896 991
game 858 380 836 116
game 185 180 497 351
add 927 143 9783
add 911 797 9381
game 806 97 641 102
game 637 123 916 452
add 470 472 7998
add 839 667 493
add 899 662 694
add 615 466 173
add 474 677 1409
game 704 282 399 150
add 355 187 1333
add 760 492 354
game 563 407 50 728
game 890 737 629 897
game 254 849 33 5
game 511 61 979 795
game 381 719 595 139
game 369 721 123 641
game 244 749 770 936
game 808 351 428 421
add 142 129 4992
game 593 231 167 562
game 695 811 811 982
game 971 803 569 951
add 407 379 9831
game 17 923 1000 82
game 739 614 720 668
add 277 169 2648
add 517 563 7512
game 198 834 329 699
game 139 851 586 458
add 480 551 173
game 76 222 210 441
game 248 247 742 433
game 569 950 912 539
game 70 771 643 226
game 259 749 674 643
game 479 484 266 522
game 218 635 676 977
game 816 230 292 918
add 675 528 8110
game 265 457 433 530
game 882 633 606 5
add 997 523 1162
game 941 341 694 831
game 304 380 415 692
game 985 431 637 707
game 747 188 787 168
game 330 987 162 507
add 526 22 5296
add 451 186 1329
game 683 992 622 975
game 472 410 186 734
game 1000 300 870 383
game 34 488 610 706
game 819 763 813 983
game 114 895 517 587
game 190 353 588 678
game 127 798 373 866
game 130 670 981 129
add 290 373 997
add 939 562 8492
game 956 595 486 80
add 689 184 9919
add 690 89 8395
game 488 370 183 446
game 744 529 245 620
game 40 228 127 518
game 26 881 218 895
game 915 949 215 77
game 664 571 596 749
add 556 514 1246
add 166 86 4989
game 74 981 997 407
add 466 534 489
game 108 46 486 606
game 417 983 686 416
add 522 415 1291
game 851 542 68 898
game 363 409 351 989
game 756 425 725 672
add 725 912 8446
add 265 550 211
game 748 731 804 283
game 195 334 693 591
add 58 478 7592
game 196 664 136 209
game 990 774 882 173
game 581 531 652 563
game 853 301 879 982
game 953 336 11 509
add 590 292 1655
game 855 297 326 247
game 45 24 205 159
add 433 993 7649
add 526 979 7704
game 196 512 129 1000
game 447 971 365 986
game 259 235 741 762
game 33 990 141 930
game 790 449 482 421
game 904 444 600 901
game 614 358 733 368
add 428 38 3498
game 799 529 415 132
game 134 29 64 221
add 165 234 832
game 498 905 696 334
add 484 534 2976
game 309 760 97 723
game 668 132 934 519
add 752 166 1331
game 66 80 940 769
game 916 478 203 297
game 180 849 301 572
game 476 348 21 568
add 515 2 6452
add 259 96 9168
game 122 425 306 237
game 283 615 812 665
game 731 947 468 746
game 925 984 254 806
add 48 922 4745
game 118 179 944 245
add 835 742 682
add 837 766 8596
add 658 494 2031
add 781 708 3547
add 586 588 2579
game 13 963 316 213
add 42 277 3084
add 75 924 6125
game 98 764 120 803
add 929 799 5909
add 742 299 5
game 785 660 223 103
game 319 140 122 146
game 710 408 213 312
game 249 786 274 356
add 389 609 1429
game 56 203 822 1
add 207 465 8406
game 538 1 215 916
game 987 582 18 206
game 574 127 46 470
add 475 143 6373
game 275 136 954 246
game 295 647 704 436
add 523 202 8134
add 70 578 8676
game 284 133 766 299
add 457 746 394
game 40 689 770 175
game 933 523 850 84
add 160 244 499
game 72 524 747 335
game 798 28 343 412
game 411 169 287 180
game 953 881 337 242
add 823 772 2331
game 737 701 924 479
game 639 664 122 260
game 276 983 92 648
game 999 740 379 236
game 577 16 761 252
add 406 185 5766
game 476 693 991 8
add 742 226 1512
game 130 110 510 222
game 477 276 324 432
game 922 561 427 78
add 659 918 3155
game 862 264 588 964
game 606 550 542 786
game 943 641 249 409
game 161 557 402 725
game 522 190 804 994
game 337 568 763 979
add 527 493 4706
add 325 263 925
game 265 580 879 719
add 402 300 3775
add 142 170 4516
game 229 346 240 653
game 910 140 838 409
game 806 207 580 597
game 572 631 357 523
game 648 103 1000 962
game 830 870 198 416
game 427 857 458 900
game 573 311 961 777
game 751 936 802 145
add 473 467 2877
add 406 859 2019
game 331 600 511 520
add 908 27 2946
add 761 405 2817
add 694 835 9007
game 818 912 215 155
game 141 372 506 588
game 929 762 924 427
game 412 373 393 391
game 80 266 448 143
add 134 342 9311
game 919 687 129 820
game 747 120 163 507
game 878 108 768 708
game 361 885 143 300
add 205 744 771
game 102 318 650 544
game 61 439 463 225
game 637 281 797 953
game 734 937 563 301
game 269 432 867 142
game 275 412 168 195
game 356 409 511 565
game 819 641 204 550
game 406 369 351 45
game 300 858 259 961
game 199 996 898 431
game 154 766 570 33
game 966 74 13 792
game 951 192 455 466
game 56 621 589 297
game 780 676 956 754
add 676 661 8977
game 448 223 242 297
add 841 107 2877
add 363 239 8365
add 3 736 5375
game 773 699 629 99
game 205 197 412 170
add 26 555 2543
game 40 284 355 502
game 937 841 291 577
add 524 608 5235
game 802 461 676 153
game 957 392 958 580
game 567 158 565 467
add 223 909 6685
game 196 685 468 905
add 768 619 7259
game 230 705 945 301
game 25 548 71 568
add 991 845 8788
game 333 752 730 558
add 865 201 2179
game 395 627 400 192
game 903 914 591 788
game 456 702 179 413
game 738 927 648 965
add 832 755 6194
game 989 549 490 93
game 74 740 100 563
add 299 204 6158
game 880 883 640 303
game 404 455 149 88
game 103 178 356 313
game 206 911 302 955
game 887 858 446 93
game 298 346 913 399
add 374 664 7683
add 357 736 8206
game 586 148 392 600
game 83 491 224 24
add 442 629 3161
game 476 857 316 505
game 359 518 107 303
add 363 294 4920
game 343 900 276 348
game 216 900 746 694
add 59 376 1112
game 662 673 840 431
game 297 469 256 910
add 641 860 4488
add 604 762 5586
add 311 245 2682
game 67 566 940 918
add 726 284 2711
game 991 539 948 338
add 537 353 3522
game 834 643 5 411
game 203 718 431 670
add 56 33 6633
game 879 516 723 125
add 506 790 7250
game 851 523 821 725
game 858 845 541 622
game 444 396 936 89
game 418 790 16 49
game 771 415 69 855
add 649 431 4749
game 879 911 366 188
game 105 637 554 202
game 103 90 302 325
game 1 546 394 809
game 901 199 667 960
add 278 536 2424
add 163 830 280
add 904 489 7689
game 815 324 692 167
add 988 159 3579
add 341 420 1907
game 330 490 355 170
game 470 898 506 572
game 893 802 313 988
add 355 298 3431
game 798 500 616 773
game 775 299 18 39
game 833 786 917 861
add 306 412 9733
game 355 873 509 645
add 966 985 5582
game 289 742 948 259
game 112 420 207 437
add 341 560 3203
game 218 223 339 848
add 355 982 2068
add 739 596 8601
game 660 527 608 698
add 305 835 2153
game 816 879 203 522
game 230 239 937 288
game 892 79 106 316
add 311 484 9990
game 79 135 298 159
add 903 306 9061
game 918 645 701 367
add 928 901 1970
game 461 93 803 411
game 671 109 380 603
game 157 940 352 852
game 515 918 854 592
game 296 91 735 994
add 131 156 286
add 30 571 5700
game 847 588 427 169
game 811 862 120 647
game 223 492 543 293
game 281 433 756 861
game 411 230 101 657
game 148 743 240 52
game 685 794 120 528
game 128 482 427 115
game 372 163 69 459
add 920 668 8236
add 482 200 9723
game 257 83 150 190
add 864 184 1366
game 524 284 115 383
game 211 467 74 796
game 714 711 633 641
add 486 250 3187
game 772 788 381 206
game 824 89 617 524
game 551 64 514 243
game 387 823 134 757
add 86 855 6406
game 648 122 441 389
add 6 541 8170
game 777 843 547 535
game 35 679 442 282
game 883 285 1 139
add 472 391 7663
add 940 357 7742
game 581 361 186 455
game 45 438 200 847
game 874 924 155 888
game 718 314 48 289
game 690 814 364 771
game 715 194 689 622
add 96 158 1665
game 465 924 263 51
game 145 314 566 340
game 886 296 88 919
add 700 325 1778
game 660 198 457 117
game 31 433 12 885
game 494 809 400 511
add 79 963 7693
game 251 668 908 321
game 880 174 930 805
game 635 844 775 928
game 539 22 810 537
add 856 110 7909
game 379 488 761 295
add 10 39 8717
game 274 77 345 562
game 88 457 315 488
add 575 394 2765
game 339 25 800 394
game 508 807 509 569
game 613 694 818 261
game 553 3 850 9
game 52 681 157 418
game 611 483 979 504
game 590 457 558 223
game 713 108 785 848
add 5 233 9118
game 155 662 838 706
add 487 533 9197
game 675 655 183 588
game 687 269 480 419
add 64 785 9358
game 415 725 739 31
game 735 669 754 694
game 643 837 403 141
game 975 213 434 308
add 406 897 7232
game 900 633 936 641
add 69 452 8972
add 614 394 7633
game 470 33 225 680
add 265 353 4601
game 474 119 832 831
game 616 996 936 461
game 753 990 910 633
game 843 469 116 896
add 615 183 2580
add 404 644 1155
game 708 806 562 955
add 26 64 2601
add 190 191 8417
add 251 421 5518
game 779 523 492 820
add 603 388 9644
game 276 331 414 738
add 877 751 1379
game 55 508 578 588
add 643 354 5081
add 8 478 3751
game 834 937 674 968
game 865 447 84 482
add 433 39 9710
game 231 154 491 567
game 977 499 996 38
game 53 221 667 540
add 201 421 2277
game 574 698 198 708
game 540 15 641 623
game 152 570 347 495
game 50 324 951 176
add 687 142 2230
game 679 256 917 704
add 351 141 6217
game 282 787 46 120
add 581 30 6812
game 84 447 929 156
game 335 455 335 777
add 930 407 6251
game 969 400 338 270
add 890 159 7533
game 866 208 319 297
add 302 77 5724
game 163 130 67 204
add 713 464 7690
game 706 610 693 912
game 842 673 847 594
game 421 199 592 342
game 935 107 474 246
game 928 687 850 753
game 2 1 763 181
game 179 938 162 576
game 743 934 639 209
game 53 957 609 11
game 803 366 862 528
add 336 709 5089
game 14 584 325 346
game 358 447 419 494
game 857 724 756 499
game 298 231 230 965
add 317 691 2581
game 169 232 458 675
game 643 831 779 936
game 534 469 353 730
game 671 103 965 486
game 493 59 111 398
add 521 603 9628
game 524 682 708 93
game 67 114 601 79
game 118 472 70 501
add 99 617 3534
add 472 222 890
game 920 587 264 738
game 492 843 497 767
add 87 919 409
game 673 179 183 936
game 793 193 898 213
game 389 975 866 890
game 538 872 8 394
game 748 140 140 305
game 87 821 457 73
game 343 448 662 168
game 623 122 127 581
game 237 523 61 135
game 87 951 193 293
game 832 117 566 263
game 801 462 739 456
game 486 859 385 927
game 733 870 772 921
game 788 202 972 606
add 434 618 6133
game 890 608 426 569
add 936 872 6464
game 644 823 725 695
game 182 256 895 483
game 98 916 963 768
add 859 21 7905
add 570 488 4929
game 430 461 215 845
game 334 698 103 631
add 761 258 4203
game 375 646 899 144
game 682 289 941 709
add 20 482 1899
game 48 904 650 142
game 590 509 164 813
game 378 236 445 984
game 716 123 377 140
game 910 596 748 631
game 893 980 596 435
game 535 981 325 531
game 56 637 478 290
game 179 823 541 451
game 733 923 259 367
game 481 567 857 358
game 281 479 120 146
game 366 305 750 914
add 361 192 7177
game 481 807 3 194
game 6 919 466 649
game 731 229 24 866
add 231 39 3149
add 75 276 9424
game 774 373 326 568
game 877 849 267 184
add 318 416 7678
game 52 493 955 206
add 534 528 927
game 690 410 351 198
game 903 744 700 729
add 377 560 4476
game 487 748 80 68
game 766 322 523 362
add 225 303 3511
game 782 506 384 49
game 857 43 207 565
game 33 723 575 561
game 32 96 757 675
game 933 618 11 255
game 729 819 960 557
game 45 282 865 152
add 797 21 2105
game 468 788 313 584
game 887 182 696 600
game 80 363 859 344
add 239 431 4042
game 902 956 869 225
game 161 976 81 130
add 741 636 8613
game 510 391 841 547
add 213 230 1758
game 171 132 499 801
game 568 303 974 425
game 276 349 260 518
game 172 518 250 334
add 839 59 2780
add 836 864 2132
game 886 115 482 801
add 395 736 8894
game 208 74 274 412
game 438 974 289 568
game 929 855 575 474
add 259 79 1265
game 453 433 255 765
game 281 699 926 625
game 761 259 597 201
game 40 545 544 555
add 301 702 8672
game 554 664 714 68
game 21 449 753 94
game 691 177 899 927
add 367 689 1093
game 391 353 643 662
add 349 560 1726
add 724 966 1805
game 199 358 184 603
add 377 959 8633
game 555 29 382 239
game 354 247 782 761
game 487 637 661 43
game 908 770 141 116
game 150 682 599 145
game 108 358 516 386
game 424 37 25 300
game 938 403 980 775
game 539 19 741 845
add 585 123 2870
add 792 777 5005
add 647 815 1450
game 184 982 245 413
game 958 962 497 788
game 137 455 554 761
game 721 70 693 824
game 476 572 402 108
game 928 901 388 644
add 511 236 3294
game 229 623 942 660
add 679 1000 9525
game 40 622 603 320
game 604 815 10 158
game 316 390 611 438
add 902 6 905
game 752 641 678 67
game 302 462 647 759
game 61 497 655 442
game 187 832 239 913
game 523 667 750 905
game 746 539 568 623
game 346 501 698 1
add 832 602 8860
game 649 930 684 197
game 478 966 590 141
game 497 918 610 143
add 397 946 7145
add 433 764 7082
add 169 824 1293
add 12 925 4817
game 796 413 427 75
game 672 872 609 805
game 857 835 576 384
game 194 925 264 292
game 230 299 880 583
game 34 398 359 163
add 526 44 1644
add 771 950 9924
add 127 746 9070
game 621 500 974 349
add 50 168 2464
game 988 947 722 216
game 880 368 165 197
game 498 370 554 685
game 613 890 117 484
game 154 411 33 332
game 635 475 535 567
add 551 505 900
game 595 883 380 579
add 880 707 2006
game 845 607 258 678
game 218 294 602 788
game 602 312 716 438
add 72 411 3489
game 33 889 905 118
add 578 562 1312
game 738 787 725 338
game 378 402 758 765
game 464 135 545 882
add 260 562 3483
game 703 458 526 902
game 642 977 835 665
game 997 294 843 455
game 157 252 705 120
add 139 294 9236
game 921 409 212 398
game 423 222 352 174
game 890 352 829 333
add 862 896 4045
add 225 631 8617
game 369 459 369 569
add 776 933 1222
game 609 847 954 808
game 616 432 945 120
add 75 120 7831
game 750 777 793 1
game 174 42 408 428
game 980 182 977 613
game 67 314 455 635
game 771 611 872 19
add 569 168 2139
game 35 86 294 51
game 447 68 344 755
game 38 15 757 217
game 129 507 749 980
add 991 588 6791
add 10 364 9745
game 191 261 854 206
add 97 562 9790
add 44 565 8691
game 599 958 477 757
add 82 300 4564
add 738 173 7854
add 913 449 1051
game 834 771 438 613
game 398 321 199 232
game 515 349 457 93
game 736 197 898 500
game 643 424 101 145
game 596 452 575 232
add 493 709 3007
game 771 237 260 989
add 41 854 48
add 977 42 3414
game 278 529 809 121
game 216 404 351 974
game 436 450 695 570
game 690 373 119 158
game 518 438 725 385
game 248 85 813 785
game 269 178 6 443
add 255 45 6714
game 270 845 874 669
add 727 670 2211
add 643 199 4938
game 801 814 567 328
game 971 314 899 939
game 280 997 46 733
game 894 39 117 140
game 798 152 295 729
game 681 255 387 339
add 313 63 2585
game 940 666 362 413
add 282 627 6437
game 475 491 750 53
game 667 601 88 68
game 93 493 685 326
game 480 467 722 488
game 47 63 52 115
game 64 17 386 15
add 224 171 2492
game 42 867 35 17
add 982 797 1743
game 911 359 435 556
add 863 580 2182
add 815 507 5232
game 297 228 34 468
game 576 878 523 680
game 732 553 693 936
game 411 822 738 985
game 382 526 458 80
game 630 587 487 703
game 732 760 476 198
add 732 304 2276
game 846 776 42 486
game 377 38 909 941
game 179 2 306 450
add 922 324 5564
add 216 308 4436
game 408 205 186 2
add 776 931 1194
game 768 13 751 227
add 761 573 1655
game 863 429 809 813
game 422 92 455 256
game 341 431 643 494
game 752 722 440 436
game 606 7 36 39
add 602 431 6007
game 995 137 678 663
game 263 664 837 458
game 831 376 701 38
game 720 175 685 166
game 623 285 295 60
game 376 970 566 692
game 114 99 724 595
add 729 263 7942
game 819 435 68 324
add 908 347 5005
add 595 64 2387
game 698 290 949 383
game 79 739 528 179
game 626 249 194 626
game 142 943 993 825
add 575 855 7191
game 799 392 389 75
add 484 136 799
add 669 359 8263
game 431 187 920 231
game 829 658 263 537
game 787 965 193 493
game 721 516 463 442
add 310 524 4853
game 383 421 796 635
game 473 50 541 386
add 270 642 5404
game 653 804 165 45
game 66 610 502 987
add 78 945 8559
game 926 125 921 388
game 133 437 541 190
game 642 867 536 822
game 578 13 219 298
game 96 640 970 747
game 402 619 609 824
game 782 600 320 157
game 510 583 243 874
game 219 682 254 996
game 71 234 903 562
game 176 205 809 968
game 249 699 992 658
add 149 840 6704
game 863 763 220 967
game 696 819 149 507
add 18 955 7618
game 229 48 851 559
game 3 931 60 594
game 981 213 443 734
game 740 613 68 417
game 462 225 296 543
game 394 580 546 913
game 882 186 681 833
add 108 876 1265
game 823 89 751 437
game 200 445 97 762
game 639 731 483 995
game 22 104 499 156
add 716 115 1266
game 887 795 914 14
game 815 796 147 928
game 563 582 377 460
add 605 575 6843
game 97 919 19 236
game 163 429 668 950
game 102 482 333 742
game 409 993 448 521
game 371 124 511 3
game 943 362 867 478
game 822 680 649 453
game 701 229 181 463
game 716 128 764 227
game 786 184 366 206
add 300 73 368
add 644 530 7651
game 847 730 570 160
add 853 555 8914
game 751 100 744 294
game 523 531 4 46
game 60 750 499 719
game 769 846 787 173
add 60 426 1516
add 765 884 3631
game 45 535 830 355
game 222 404 241 75
game 798 199 568 11
add 871 590 2621
game 454 332 682 320
add 420 416 1308
game 350 418 501 894
add 921 575 8075
game 261 176 491 149
game 241 382 117 473
game 891 832 419 218
add 821 775 4333
game 431 2 608 283
game 602 488 307 997
game 925 854 534 969
add 928 7 2422
game 279 872 771 884
game 493 732 653 390
add 716 446 8713
game 752 199 195 172
game 285 241 374 462
game 712 106 665 232
game 394 95 985 456
game 269 831 611 75
add 190 938 2699
game 435 765 773 571
add 236 993 2825
game 569 116 356 785
game 714 343 668 494
game 566 995 19 66
add 808 867 3274
game 71 489 458 537
game 271 771 962 3
game 529 68 336 189
game 698 277 351 871
add 952 445 3951
game 850 834 870 474
add 18 512 3004
game 975 477 893 799
game 211 267 374 63
game 873 651 28 853
add 369 328 733
game 112 775 864 955
game 940 770 741 753
game 388 198 114 826
game 882 333 371 75
add 862 890 2157
game 587 428 617 843
game 880 894 607 181
game 660 984 711 867
game 383 657 584 934
game 544 207 404 769
game 465 249 387 66
add 71 455 7364
game 299 394 259 448
game 231 630 500 629
game 85 66 418 699
game 12 944 538 422
add 800 79 7678
game 763 244 624 219
game 920 488 646 467
game 105 464 151 417
game 982 286 223 753
game 170 748 472 338
game 758 113 172 606
game 139 430 602 492
add 585 764 383
add 409 537 5827
game 273 298 966 803
add 902 882 7668
game 94 539 728 430
add 9 85 794
game 717 766 695 411
game 6 245 810 808
game 586 927 494 899
game 805 815 257 170
add 495 470 8165
game 368 170 568 419
game 118 159 150 630
game 386 504 622 574
game 882 35 796 951
game 9 279 993 404
game 408 158 502 390
game 953 603 83 975
game 433 962 572 298
game 666 280 886 780
game 106 26 737 63
game 137 846 679 590
game 383 330 254 652
game 761 741 960 527
add 403 443 1288
game 826 902 37 445
add 266 575 9801
game 441 390 337 348
game 294 327 982 82
add 706 658 2337
game 9 742 470 272
game 689 818 505 307
add 394 466 1523
game 961 169 867 602
add 982 217 189
game 736 779 756 17
add 553 158 9437
game 977 847 596 552
game 945 542 447 688
add 826 117 939
game 182 26 68 917
add 294 953 1676
add 375 830 1124
game 834 778 571 547
add 958 667 9371
game 344 586 99 466
game 255 920 227 951
add 512 281 3173
game 188 602 604 743
game 98 847 14 708
game 678 872 23 208
game 935 814 688 428
game 175 84 205 204
game 675 799 387 915
add 771 800 1949
game 894 961 714 329
game 725 497 67 944
game 482 459 77 495
add 16 206 6102
game 72 362 34 356
add 374 511 2995
add 289 169 8899
add 418 638 5748
game 961 949 958 96
add 120 202 9442
game 575 585 606 125
game 460 254 573 445
game 430 298 141 372
add 709 939 5267
game 901 161 11 270
game 515 678 236 692
game 897 176 118 994
add 656 985 1290
add 1 246 5017
add 22 274 6117
game 539 207 137 846
game 435 653 875 476
add 473 866 2059
game 202 734 94 481
game 925 599 946 210
add 305 288 6071
add 639 588 1219
game 984 552 191 896
add 352 49 6415
game 414 220 660 733
game 304 742 705 945
add 740 881 1671
add 350 145 5410
game 135 1000 549 499
game 806 455 817 563
game 639 659 898 200
game 889 662 688 377
game 615 496 219 249
add 276 426 3628
game 889 14 354 695
game 795 375 108 466
game 942 999 675 208
game 438 466 776 710
game 838 774 903 248
game 260 795 795 210
game 872 147 933 440
game 832 973 338 14
game 201 987 517 825
game 165 490 871 645
add 347 286 4613
add 948 825 2787
add 635 69 4404
game 230 30 149 229
game 100 584 853 97
game 339 170 825 633
game 655 184 192 71
game 263 162 256 98
game 613 852 683 606
game 443 973 665 756
game 404 354 975 951
add 948 217 6152
add 510 172 6070
game 917 880 338 155
game 576 177 335 923
add 976 832 4017
add 29 780 8985
game 419 819 366 460
game 478 926 342 77
game 553 416 893 186
game 34 792 86 258
game 426 773 743 995
game 752 565 523 254
game 64 240 160 733
game 52 496 457 5
add 235 814 6107
game 911 646 44 935
add 416 951 9092
game 968 37 344 466
game 130 340 422 215
game 922 561 309 480
game 740 555 266 986
add 750 963 6351
add 618 918 302
game 843 752 592 23
game 466 176 710 576
game 266 55 560 910
game 595 585 720 654
add 742 338 2698
game 537 69 334 872
game 269 72 282 712
add 985 277 4884
add 906 384 5135
game 776 415 65 601
add 334 94 2779
game 944 424 926 267
add 735 357 6093
game 364 268 311 824
game 571 646 626 969
add 652 221 4491
game 867 23 235 243
add 425 934 101
game 340 608 468 698
game 17 506 383 46
game 986 151 602 738
game 786 249 86 775
game 617 1000 807 44
game 47 545 895 992
add 623 674 3146
game 212 951 646 120
add 845 111 2878
game 317 716 5 859
add 229 292 6274
game 332 457 442 533
game 669 334 130 565
add 863 209 257
game 341 196 943 410
add 191 789 216
game 597 148 517 812
add 258 260 6596
add 302 878 4985
game 565 572 906 119
game 271 709 915 856
add 508 196 8757
game 812 341 448 792
game 363 24 950 50
add 616 2 59
game 287 72 997 490
game 957 936 600 908
game 936 575 514 853
add 197 211 9971
game 430 225 621 111
add 305 628 6880
game 620 2 145 506
add 329 28 5640
game 139 3 800 936
game 444 627 515 611
game 417 884 375 352
game 883 814 484 948
game 748 847 703 170
game 532 807 119 251
game 303 529 669 566
game 992 371 701 109
add 42 692 7171
game 120 225 312 509
game 519 343 180 166
game 26 226 414 457
game 679 743 465 666
add 169 352 4138
game 386 381 77 996
game 991 262 786 128
game 544 315 878 125
game 747 449 621 923
game 757 9 939 700
game 293 146 801 76
game 434 176 466 1000
game 925 952 767 683
game 729 514 778 898
game 22 265 822 404
add 51 453 2781
game 70 103 703 935
game 737 615 37 280
add 800 35 981
game 162 423 649 828
add 301 876 7915
game 355 184 470 549
game 962 405 597 590
add 257 508 2269
add 170 98 3868
game 355 694 215 354
game 49 691 719 207
add 9 734 8767
game 381 907 48 591
add 741 267 5975
add 815 762 6583
game 345 295 968 530
game 537 550 654 156
game 703 232 66 90
game 503 955 527 233
game 697 550 796 245
game 263 782 275 652
game 986 511 228 496
game 924 496 609 743
add 653 809 364
game 916 311 970 86
add 84 510 4967
game 112 767 425 257
add 578 999 4494
add 626 707 4603
add 587 290 3195
game 396 242 262 261
add 262 826 3777
game 766 650 780 845
game 417 346 157 723
add 236 854 9838
game 610 701 7 998
game 150 480 234 281
add 770 691 4171
game 937 959 305 806
game 844 425 355 441
game 180 482 694 817
add 534 176 957
add 685 69 1755
game 424 749 354 908
add 46 715 3102
game 869 226 139 21
game 866 711 830 589
add 172 859 6061
game 929 302 436 265
add 504 167 8220
add 177 238 4731
add 634 409 6970
game 235 873 819 904
game 928 945 365 161
game 837 988 441 744
game 814 636 163 208
game 890 293 715 505
game 712 450 235 669
add 960 623 9870
game 723 205 631 273
game 777 397 27 822
game 306 979 101 908
game 388 601 281 723
game 669 206 307 988
add 100 41 7747
game 768 944 455 551
add 881 275 2637
add 228 573 1913
game 531 701 373 932
game 989 972 746 147
game 756 937 12 9
game 533 820 984 547
add 604 117 4010
game 6 606 876 7
game 175 558 276 735
add 505 299 997
game 686 907 880 73
add 390 915 531
add 885 257 419
game 989 7 626 819
add 100 853 436
game 357 907 285 701
add 623 596 3281
game 600 985 641 203
game 500 188 945 49
add 862 560 5058
add 559 276 2194
game 29 574 807 441
game 59 425 924 850
game 51 610 80 534
add 418 905 2684
add 266 454 8637
game 717 331 233 590
game 53 967 43 978
game 396 945 113 31
add 799 87 4918
add 819 195 6228
add 276 413 3848
add 674 510 2292
add 130 309 4074
game 96 445 582 509
add 118 312 7379
game 998 299 86 114
add 1 408 1133
game 300 357 965 50
add 36 853 8731
add 331 57 5824
game 41 825 473 492
game 223 89 73 952
game 850 280 266 151
game 752 262 875 686
game 26 885 805 104
game 461 220 199 916
game 630 809 837 918
game 791 829 810 186
game 233 819 627 656
add 149 966 5473
game 775 918 417 649
add 715 153 4379
game 217 907 99 272
add 298 628 1294
game 945 703 868 823
game 864 460 769 876
game 571 979 379 761
game 920 475 47 123
game 131 109 580 168
game 354 114 606 67
game 345 707 270 366
game 392 838 216 486
game 940 618 919 697
game 655 917 405 761
add 280 530 5995
game 791 434 592 609
game 891 3 735 315
game 85 712 773 367
game 945 464 407 411
add 862 531 2748
game 262 877 471 988
add 833 350 2088
game 219 716 863 715
game 320 743 953 747
game 414 390 70 606
game 392 501 46 164
add 969 463 6827
add 135 852 3293
game 688 418 397 248
add 36 657 758
add 411 245 1898
game 987 146 743 834
game 802 31 630 312
game 649 635 649 326
add 2 91 6934
game 484 271 467 337
add 357 404 9501
add 723 822 1019
game 419 251 543 164
game 530 774 651 167
game 584 703 166 283
add 437 637 749
game 810 418 939 841
game 757 313 309 205
game 332 765 895 76
game 563 210 674 472
add 821 944 2049
add 393 483 330
game 704 897 491 14
game 980 160 141 43
game 269 624 847 581
game 345 770 706 679
game 473 611 157 264
add 797 402 7632
game 485 436 717 473
game 26 688 240 74
add 701 607 5604
game 200 609 682 368
game 765 68 622 393
add 171 926 31
game 65 816 518 743
game 122 462 420 528
add 526 212 1559
game 648 588 590 321
game 641 211 855 205
game 224 276 823 702
game 591 225 574 963
add 437 46 3218
add 296 706 2135
game 88 707 816 612
add 28 163 3242
game 97 262 639 320
game 621 218 340 42
game 929 665 953 155
add 900 683 263
game 78 938 739 423
game 699 875 286 255
game 128 23 489 269
game 967 992 1 256
add 143 301 481
game 326 577 480 112
game 580 795 694 530
game 430 477 592 968
game 598 15 134 710
game 690 872 870 446
game 236 773 158 693
add 12 212 9364
game 745 158 951 810
game 468 201 58 433
game 668 199 35 630
game 506 124 783 805
game 420 745 702 977
game 633 335 492 169
game 241 965 866 848
add 118 841 763
game 772 664 556 299
game 899 257 931 731
add 460 916 2822
add 237 944 8109
game 881 164 429 943
game 109 124 792 894
game 399 601 209 263
add 388 919 5719
game 669 804 121 466
game 622 724 546 995
game 448 656 200 398
game 765 526 20 863
game 502 43 430 503
game 504 435 567 320
game 593 441 21 118
add 930 546 9382
game 542 526 878 910
add 268 992 8527
game 373 148 440 588
add 530 622 2707
game 735 65 516 633
game 347 817 570 6
game 31 836 216 332
add 952 174 2257
add 137 334 8621
game 25 976 202 106
game 849 809 537 449
game 859 547 48 416
add 887 957 7682
game 951 569 214 877
game 131 177 332 542
add 240 954 1716
game 818 861 299 467
game 516 713 699 379
add 972 91 6314
game 40 471 445 824
game 91 380 324 849
game 607 286 620 172
game 807 56 933 975
add 859 486 9046
game 369 929 90 298
game 313 692 747 103
game 775 323 484 449
game 1 791 405 4
game 212 529 583 219
add 901 600 2489
add 929 49 8874
add 82 979 4827
game 149 330 637 569
game 742 537 160 522
game 940 49 756 725
game 228 158 618 96
add 796 736 2098
game 715 649 764 142
game 28 175 512 375
game 956 918 31 915
game 569 53 34 631
add 456 120 9279
game 725 533 810 351
add 986 270 933
game 603 88 998 965
add 920 514 4703
game 930 107 978 127
game 847 638 100 209
game 227 773 315 649
game 381 763 154 646
add 941 174 8869
add 329 89 3242
game 982 168 233 672
game 884 936 333 225
add 833 320 353
add 862 420 520
game 109 345 363 692
game 158 191 597 570
add 67 885 8667
game 694 883 242 793
add 921 570 74
game 971 860 3 316
game 106 617 111 482
add 815 806 247
game 109 419 342 247
game 304 771 981 576
game 664 682 979 306
game 301 283 656 100
add 427 442 5407
game 390 833 574 527
game 4 541 489 357
game 566 563 262 496
game 914 874 426 3
game 912 802 121 44
add 857 28 2128
add 142 627 453
game 920 616 681 867
game 854 406 745 173
add 771 637 2580
game 168 625 551 965
game 174 509 606 441
add 67 6 4145
game 195 486 953 22
game 3 477 877 599
game 999 156 929 980
add 956 286 484
game 795 588 491 319
game 932 652 237 309
add 982 850 2308
game 187 336 575 943
game 913 936 695 397
game 885 866 612 66
game 218 116 192 471
add 907 42 1731
game 414 62 799 578
game 907 936 661 744
add 335 842 3930
add 170 3 1217
game 412 732 145 371
game 824 983 647 157
game 745 414 531 320
game 997 886 504 768
game 860 736 456 930
game 128 361 715 888
game 143 228 9 298
game 70 138 610 991
game 671 448 171 792
add 566 539 5256
add 93 116 7565
game 86 560 790 426
add 779 494 684
game 425 381 786 123
add 251 79 142
add 367 418 299
add 748 339 3337
game 435 501 656 614
game 320 866 64 615
add 710 956 644
game 62 642 755 189
game 755 429 444 899
game 805 382 85 744
game 174 781 916 775
game 93 298 806 261
add 452 88 3936
game 309 468 643 765
game 808 402 168 667
game 868 162 794 78
game 12 626 14 394
game 559 309 910 943
game 877 597 324 596
game 463 753 165 360
game 872 145 484 4
game 413 305 937 742
game 246 124 672 175
game 901 629 682 166
game 1 569 880 919
game 112 518 836 344
game 131 275 672 164
game 409 725 886 314
game 314 518 808 167
game 708 1000 312 197
game 145 980 347 631
game 906 874 809 262
add 601 543 520
game 912 708 735 301
game 112 562 660 986
add 878 909 2956
game 423 378 912 804
game 846 588 394 771
game 145 289 421 280
game 33 127 291 44
game 386 598 819 358
game 341 730 288 361
game 611 167 476 660
game 382 503 75 602
game 490 698 299 158
game 684 292 960 549
game 660 969 278 158
game 442 889 490 555
game 470 922 969 345
game 737 382 682 212
game 950 739 330 988
game 676 357 650 60
add 363 22 4386
add 853 768 996
game 472 935 334 189
add 121 65 5078
game 398 817 115 593
game 345 997 621 201
add 208 431 657
game 607 456 159 350
game 55 705 649 196
add 911 839 772
game 334 942 293 937
game 220 414 484 623
game 546 701 241 702
game 724 435 809 982
game 942 652 299 974
game 768 67 393 481
add 247 7 1621
add 400 551 6842
game 766 764 901 92
add 246 107 7287
game 17 201 93 99
game 532 287 535 161
game 115 885 400 869
add 141 493 408
game 377 124 57 896
game 346 422 753 289
game 558 457 366 104
game 139 753 588 767
game 469 131 218 269
game 640 609 953 182
add 574 313 2427
game 370 816 682 686
game 944 352 947 868
add 785 405 4784
add 609 242 86
game 598 174 906 446
add 507 352 3553
game 569 993 540 427
game 745 333 63 763
game 396 268 57 911
game 190 381 365 938
game 823 967 253 678
game 355 456 609 448
add 16 763 1939
game 74 489 479 624
game 782 495 39 62
game 421 343 233 912
game 837 606 274 197
game 193 32 940 754
add 879 631 3801
add 75 397 3877
game 585 920 996 889
game 837 885 537 7
add 624 632 2581
add 333 292 8809
add 889 804 2474
add 734 412 6850
add 103 854 2185
game 948 62 460 616
add 133 788 7109
add 305 252 2357
add 454 218 970
game 745 168 591 45
game 469 18 503 716
add 95 288 4717
game 819 19 61 304
add 480 385 4618
game 549 402 65 885
add 655 549 307
game 146 906 492 811
game 182 363 90 117
game 23 38 297 481
game 867 854 838 992
game 64 292 769 80
add 856 43 8188
game 323 577 612 421
game 231 779 809 848
game 741 46 535 605
add 89 350 9984
game 689 287 37 959
game 360 510 987 82
game 6 186 864 853
game 122 492 290 266
add 420 587 4650
game 290 25 60 449
add 54 110 7025
add 53 191 6273
game 747 596 26 241
game 19 253 907 494
game 40 974 383 473
add 202 312 3230
game 36 211 778 843
game 72 758 366 802
game 302 794 203 122
add 638 425 7317
add 817 630 9266
game 105 706 826 50
add 756 279 4999
add 832 962 4756
game 641 279 741 105
game 964 581 597 53
game 397 313 662 782
game 424 367 296 430
add 926 966 324
game 42 640 199 181
game 130 431 619 27
add 977 565 2094
game 91 770 150 645
game 493 239 845 136
game 161 397 83 620
add 154 180 8077
add 902 771 6554
game 166 528 199 843
game 488 941 448 393
game 859 692 29 292
game 887 672 267 573
add 572 997 3412
game 64 403 48 760
add 851 262 2640
game 762 920 842 12
game 479 417 437 753
game 304 718 797 794
add 237 394 2485
game 352 836 908 103
add 432 792 6294
game 350 538 930 141
add 54 31 8988
add 840 59 6094
add 401 226 3298
game 937 519 624 270
game 222 252 793 682
game 662 497 70 364
add 512 606 2475
add 819 357 249
add 455 902 1328
game 971 17 86 972
game 463 305 285 143
add 438 545 6708
add 126 736 9424
game 812 42 761 650
game 131 135 794 435
game 793 289 269 210
game 588 16 854 186
add 212 51 6773
game 515 677 93 114
game 307 471 605 955
game 946 311 431 867
game 495 242 298 414
game 771 70 259 193
add 8 522 6656
game 79 768 974 357
game 513 988 330 449
game 800 712 170 842
add 555 38 6039
game 176 577 682 659
game 714 493 194 278
game 680 345 373 970
add 512 825 2293
game 476 855 492 75
add 764 155 1733
game 785 923 590 980
game 214 822 932 461
game 330 560 819 360
add 49 987 3335
add 978 802 5725
game 379 752 512 157
add 167 79 267
game 705 373 363 12
game 129 37 618 600
game 487 336 910 425
game 90 143 937 460
game 61 785 733 740
game 716 771 974 512
add 219 985 71
add 923 645 1148
game 113 805 363 515
game 565 875 178 700
game 880 176 638 929
game 816 488 112 57
add 588 943 1750
game 303 602 388 945
add 569 863 4099
game 372 142 993 155
add 130 320 2942
game 615 902 536 654
game 986 425 318 688
add 981 53 4980
game 294 519 367 138
add 550 618 5057
add 274 946 1789
game 935 85 945 663
game 140 429 516 9
game 763 321 47 80
add 303 655 5995
add 189 115 1015
add 262 199 7099
game 113 166 377 161
game 211 971 644 349
game 471 231 120 741
add 746 947 7178
game 252 325 98 639
game 33 444 587 888
game 642 972 301 948
add 369 155 8725
game 101 633 838 656
game 953 887 468 160
add 786 795 1599
add 107 34 1605
game 164 288 366 1
game 473 100 779 855
game 294 127 325 333
game 172 208 28 998
game 355 444 426 920
game 55 911 881 103
game 482 754 413 460
game 558 399 571 162
add 757 208 7780
game 17 774 667 714
game 567 802 548 386
game 267 719 38 202
game 530 969 563 228
add 454 157 6558
game 975 146 942 2
game 100 856 882 392
game 996 367 177 336
add 721 948 1122
game 539 851 830 531
game 856 523 786 841
game 93 549 690 853
game 404 420 995 66
game 497 104 479 195
add 668 467 4840
add 497 675 9462
game 29 844 315 901
game 701 824 667 607
game 323 549 284 16
add 522 988 4072
game 929 47 572 12
game 942 821 424 865
game 949 484 331 183
game 389 289 42 338
game 645 716 955 789
add 971 545 5403
game 552 239 844 738
game 744 313 124 91
game 617 240 892 292
game 797 545 801 890
game 981 414 11 555
add 973 709 4164
game 68 262 713 697
game 749 372 934 250
game 434 258 312 702
game 732 842 124 618
add 882 941 63
game 39 425 223 702
game 977 318 104 198
game 337 830 689 151
add 727 547 4321
game 338 232 750 123
game 933 104 42 665
add 47 149 6913
add 369 64 7077
add 290 433 6427
game 242 128 664 713
game 748 401 352 797
game 373 854 188 248
game 696 201 770 235
add 116 32 120
add 507 669 5269
game 627 93 31 657
add 640 911 6754
add 226 34 1982
game 770 751 35 190
game 576 743 272 33
add 935 519 7882
game 227 301 643 735
game 491 250 258 326
add 979 552 5039
game 650 312 570 228
game 255 798 842 715
game 243 538 719 88
game 696 76 637 962
game 415 417 14 539
add 219 764 7340
game 403 805 695 300
game 33 986 148 766
game 875 254 118 151
add 168 559 2302
game 844 598 601 52
game 428 24 344 549
game 263 216 244 828
game 822 596 85 14
game 753 612 895 783
game 226 343 604 653
game 390 986 213 687
game 148 292 205 411
game 167 205 769 183
game 501 221 331 893
game 928 667 982 337
game 719 941 11 837
game 742 728 561 808
game 409 191 50 667
game 130 134 744 428
add 586 182 5210
game 446 891 549 1
add 714 707 3323
add 189 799 3707
game 606 605 921 321
game 394 321 414 569
game 440 638 570 371
game 368 738 100 601
game 725 538 25 44
game 809 372 482 769
game 119 684 797 545
add 804 671 9497
game 468 852 894 278
add 465 746 6004
game 122 682 470 23
add 336 472 8860
add 65 24 5781
add 446 44 3559
game 315 551 505 705
add 672 595 2705
add 928 133 3956
game 851 525 781 437
game 814 804 281 283
game 72 158 848 354
game 337 616 804 347
game 718 547 427 87
game 588 243 808 843
add 560 997 745
game 29 322 307 313
game 815 277 768 767
game 106 648 681 94
add 74 460 1141
game 866 730 688 782
game 5 365 645 176
game 761 116 821 644
add 587 62 2441
game 555 510 503 498
game 589 219 960 7
game 425 155 87 241
add 449 283 3085
game 580 487 270 595
game 783 304 504 3
game 329 645 491 448
game 727 569 273 29
game 349 820 332 155
game 148 920 431 370
game 713 19 321 511
game 249 158 514 448
game 642 974 395 769
game 769 712 897 457
game 110 549 35 606
add 4 432 9989
game 859 133 322 188
game 309 267 937 909
game 738 397 15 587
add 442 865 8100
add 441 586 8321
game 159 426 136 667
add 530 798 4455
game 215 695 661 621
add 248 794 5645
add 436 992 2132
game 139 840 399 697
game 177 860 832 494
game 812 225 796 636
game 927 265 447 190
add 947 367 4298
add 95 437 5617
add 461 23 9061
game 422 636 558 962
game 419 310 935 534
game 812 79 224 603
game 844 787 751 745
add 665 939 5661
game 468 402 270 506
game 201 435 359 139
add 398 541 3438
add 212 749 9090
game 732 550 188 705
add 874 495 9455
add 120 456 10000
add 503 810 791
add 661 259 2347
add 22 667 454
add 720 702 9997
add 208 302 1293
game 126 822 781 328
game 218 578 356 348
game 592 858 506 814
game 227 970 875 935
game 317 875 939 805
add 839 886 6306
game 508 601 657 636
game 653 284 907 362
game 8 214 351 289
add 120 956 2627
game 583 469 322 365
add 31 754 278
add 374 57 8712
game 790 885 231 706
add 797 79 7206
game 887 114 26 108
add 887 515 4957
add 191 48 4621
add 403 115 6534
game 361 471 575 289
game 30 116 143 911
add 719 228 4940
game 213 891 591 981
game 202 522 423 128
add 364 811 9532
game 504 161 73 932
game 328 708 733 645
game 626 695 383 883
add 770 829 1404
add 408 772 4861
game 656 895 989 523
game 620 285 966 841
game 842 783 43 408
add 91 160 8283
game 226 511 931 684
game 234 588 493 775
game 803 445 194 805
game 494 88 306 215
game 846 300 530 255
game 960 122 182 229
add 384 694 2683
game 138 590 834 945
game 904 558 985 283
game 519 107 814 934
add 768 436 6452
game 861 844 283 296
game 195 732 660 239
game 10 876 355 368
add 737 860 653
game 141 73 167 267
game 922 343 430 224
add 24 310 3029
game 312 485 998 830
game 891 835 873 28
game 746 111 369 57
add 993 992 7778
game 931 784 762 187
add 496 293 620
add 231 615 6739
add 713 541 1172
game 940 839 506 282
game 232 550 653 66
add 152 919 9194
game 746 634 579 269
add 138 702 8828
game 69 546 758 75
game 723 903 115 56
game 353 238 208 37
game 279 915 797 638
game 225 260 285 570
add 888 514 1879
game 988 433 905 528
add 685 116 222
add 465 221 5057
game 916 863 906 967
game 484 360 461 75
add 873 926 5156
game 872 591 270 322
game 497 117 288 43
add 59 565 9265
game 52 756 951 708
game 145 989 775 431
add 178 655 5601
game 483 720 477 68
game 857 180 121 569
game 614 647 753 346
add 767 750 8336
game 340 56 289 125
add 653 153 3764
game 333 256 476 938
game 805 320 4 916
game 373 928 681 416
game 626 71 704 1000
game 54 167 994 715
game 148 939 168 696
game 526 531 997 47
add 363 235 2418
add 24 851 1755
game 403 343 566 526
game 510 223 574 375
game 488 822 474 187
game 328 422 179 386
game 682 789 754 943
game 51 256 859 183
game 504 693 393 312
game 188 41 523 128
add 12 723 1476
game 112 697 353 128
add 142 299 6740
game 100 944 209 498
game 817 17 908 256
game 924 725 875 136
add 855 314 3541
game 903 239 919 350
add 639 82 8326
game 324 311 856 30
game 698 199 47 248
game 785 336 378 481
game 179 612 959 829
add 601 98 9735
game 614 104 651 358
add 923 365 4019
game 44 903 836 543
game 611 342 803 216
add 183 555 271
game 796 458 23 627
game 31 611 347 65
game 659 39 797 169
add 910 823 833
game 299 477 388 215
game 138 363 489 559
game 286 427 676 359
game 953 513 235 195
game 350 229 581 754
game 165 792 8 196
game 155 774 134 506
game 510 808 896 919
add 768 508 825
game 382 376 36 582
add 329 142 6732
add 471 808 9420
game 548 858 899 433
game 173 807 707 374
game 433 965 595 541
add 17 252 2100
game 255 709 560 177
add 441 387 6327
add 956 131 1948
game 216 569 911 579
add 3 963 14
game 976 354 553 328
game 940 574 301 460
game 327 236 259 818
add 553 790 7373
game 820 109 371 305
game 201 332 213 938
add 613 96 8174
game 646 613 891 378
game 940 456 623 394
game 283 83 202 423
game 64 317 945 41
game 900 599 495 690
game 444 945 721 14
game 885 117 421 94
add 831 429 9010
game 796 372 168 769
game 782 461 838 871
game 580 377 195 841
game 39 849 168 194
game 973 251 438 577
add 674 54 634
add 177 247 9566
game 884 866 928 93
game 563 757 77 887
game 911 782 791 33
game 799 900 163 110
game 98 696 114 915
game 744 452 357 713
add 639 963 5732
game 922 893 120 825
game 830 166 506 466
game 114 122 837 305
add 45 843 4625
add 556 758 8392
add 544 749 1685
game 172 988 544 453
add 554 979 876
add 940 298 3069
game 490 207 396 894
game 532 915 427 691
game 40 625 261 814
add 462 998 7301
add 228 847 1037
game 835 92 282 379
game 118 721 582 707
add 383 786 2684
game 779 995 402 80
