100
499 200
3 42
500 200
500 200
500 200
500 200
500 200
500 200
500 200
500 200
500 200
500 200
500 200
500 200
500 200
500 200
500 200
500 200
500 200
500 200
500 200
500 200
500 200
500 200
500 200
500 200
500 200
500 200
500 200
500 200
500 200
500 200
500 200
500 200
500 200
500 200
500 200
500 200
500 200
500 200
500 200
500 200
500 200
500 200
500 200
500 200
500 200
500 200
500 200
500 200
500 200
500 200
500 200
500 200
500 200
500 200
500 200
500 200
500 200
500 200
500 200
500 200
500 200
500 200
500 200
500 200
500 200
500 200
500 200
500 200
500 200
500 200
500 200
500 200
500 200
500 200
500 200
500 200
500 200
500 200
500 200
500 200
500 200
500 200
500 200
500 200
500 200
500 200
500 200
500 200
500 200
500 200
500 200
500 200
500 200
500 200
500 200
500 200
500 200
500 200
