100
339 55
109 2
90 187
415 136
5 33
361 46
275 196
157 145
158 25
320 130
428 8
181 147
154 18
445 151
366 138
230 96
148 66
433 146
204 194
120 91
260 148
181 168
409 143
235 2
423 129
114 16
370 127
207 147
16 51
471 29
371 134
411 37
82 164
464 19
12 84
44 178
284 48
290 54
328 139
476 187
331 49
201 111
195 162
434 21
186 91
235 130
354 85
27 77
405 65
148 87
384 81
56 81
402 192
225 167
372 158
397 153
295 101
354 82
260 158
9 198
490 164
223 79
92 183
226 179
442 42
496 54
270 158
95 109
272 191
409 181
307 47
21 48
233 95
159 128
311 171
301 27
230 161
252 198
210 154
106 142
79 76
464 129
329 140
149 67
487 119
80 120
218 28
70 85
302 90
337 34
226 79
143 160
472 157
280 37
241 173
274 129
68 175
251 33
97 160
93 88
