100
89 98
269 174
230 11
98 34
229 146
430 10
301 91
366 126
309 159
202 163
234 37
28 186
166 165
56 126
368 114
132 191
342 50
431 175
133 9
260 119
195 85
172 54
185 90
285 64
368 102
448 86
350 109
237 51
138 122
251 19
81 34
125 131
500 117
61 8
184 151
159 198
269 103
46 19
236 134
384 86
417 151
483 91
210 91
218 135
325 9
38 38
331 96
23 167
144 81
341 21
128 185
192 24
430 70
408 118
499 72
279 80
74 135
87 30
19 81
471 133
39 32
493 29
193 157
24 11
171 83
190 8
134 112
248 21
204 104
123 194
259 154
379 13
434 149
173 161
85 113
245 150
312 28
166 59
395 155
311 85
138 49
65 198
55 69
391 92
191 50
63 107
356 31
388 46
333 77
270 98
305 84
44 193
355 76
385 3
455 68
227 87
260 49
256 43
462 99
2 172
