100
3 57
1 5
1 2
45 92
176 92
312 23
287 23
163 69
59 184
421 92
448 46
491 92
499 92
12 69
180 184
451 138
255 92
416 138
436 161
3 184
332 161
83 161
314 138
246 46
475 92
3 92
283 138
420 184
316 115
53 115
216 92
375 92
30 161
390 184
167 184
214 184
493 92
184 23
434 115
452 138
43 46
55 184
83 184
127 184
94 69
260 161
235 161
459 23
447 138
251 46
31 46
254 92
304 69
380 23
336 46
387 138
78 92
146 46
350 69
312 161
246 92
498 92
418 92
193 138
108 115
334 92
475 115
346 46
428 184
471 23
171 69
328 115
81 161
474 184
341 138
133 23
426 46
356 138
130 23
67 138
288 161
309 23
198 161
14 69
18 92
210 92
36 46
414 92
244 23
312 92
90 92
423 92
60 69
136 23
480 92
317 23
4 138
199 115
233 184
358 46
