989
884508764 50
903903106 46
166275156 214
494660897 401
876533316 27
38298671 566
173088890 547
909524421 35
312010511 381
20827186 764
146960645 516
751641388 164
597719928 42
246342805 24
764006971 207
899416594 63
905707410 6
413014516 433
540136088 293
271350491 62
841888678 138
266287441 438
433179793 528
145528851 701
653075669 128
306426149 642
322151427 126
198179683 241
48561906 301
570837352 401
592207625 277
61844693 749
764036682 186
546882608 327
121369890 388
971348146 10
413311573 301
949729667 40
687138421 152
3348928 51
36780 968
985914728 7
777341080 44
391020188 546
162609406 514
447330990 425
721591449 47
68639974 668
674036697 227
966406546 4
35864119 64
41396395 222
356461432 134
583747737 68
331228355 156
639656527 296
422972212 304
417233978 406
28561235 240
472057109 102
480963658 195
418390837 216
645129173 135
292337394 74
367807469 467
178037151 597
247162590 137
384926516 468
739539250 58
62023394 794
905987858 12
197864030 206
632466583 50
726892330 36
69792976 381
631538952 120
258725681 143
247318177 652
943263400 37
826385836 76
39113197 744
236578213 263
870694027 48
246156748 535
54716952 569
783156793 111
748190018 212
588737297 346
442736119 209
482525085 75
404606385 457
468651656 326
33482949 151
730870324 231
879989638 52
26552949 225
524493319 227
493315045 205
566871397 277
315008005 381
982558132 13
152884597 156
517623687 439
881080735 97
352710777 197
110194632 117
58228451 586
53890655 329
982596463 5
419439592 225
463374492 120
25521162 139
909395197 60
734361645 124
688757251 255
852768969 129
908737585 10
719490372 195
583475664 354
30360181 347
448393273 330
462561741 399
154963977 626
22406527 113
832675717 110
377637471 7
548835821 48
294525511 117
689840184 253
4367601 448
172830062 82
319642070 228
660334348 238
668886696 78
385617674 399
55411315 542
568482382 314
209783031 420
849563131 39
944010002 33
431218008 479
816154773 36
702102836 29
33385150 464
73099325 652
901977819 15
2056402 272
136888911 472
454802222 113
92921326 144
794632377 19
997288490 1
583322993 246
218645967 266
524132510 274
466361427 235
984735342 8
749388056 37
834597134 38
132200692 566
32815346 905
883371109 24
96476766 194
633202794 82
165097225 176
269481623 215
891971561 2
37703328 676
477890809 202
554880269 130
944382817 48
602953386 331
8165083 890
583815235 366
464881593 356
248785987 105
934697388 48
636862628 15
184773297 107
263706914 219
413627966 385
764130827 84
173761437 621
858012741 68
580918342 285
646770616 142
621051627 273
322859864 66
351344979 462
620804382 229
457599263 362
945661643 44
970687773 1
273085642 345
235854778 397
936332589 9
566486648 300
12583311 374
415895695 481
826795194 60
772501594 100
230316671 113
55369160 515
264150479 134
637241491 328
778204060 145
918847954 45
288490534 460
37897483 61
175298014 655
118884940 398
574375647 46
148384688 332
12767758 413
834813288 106
158420574 105
496624795 439
734826365 102
357802383 87
955094949 1
527186260 317
821375402 130
856081429 59
768973623 33
776395634 84
864348527 122
710991658 234
396275791 421
698945637 7
644710798 193
869099644 118
159609358 633
145118810 55
4599197 592
231654911 160
974421060 10
36667222 448
884325414 88
569305153 368
821367569 126
232041576 562
822041453 17
924500848 50
191389983 460
632980250 190
722229843 65
571034861 242
63991058 41
616915318 238
713121931 77
268562482 112
498073510 302
552507145 295
761384430 213
292075633 260
840390987 134
238356287 480
773915772 168
268421105 8
35019528 67
242747183 345
50578187 740
379798288 268
622285755 342
31983793 590
788982453 81
525540844 123
219395365 410
953942757 23
326552407 455
838005793 78
844806679 14
522203022 285
20402514 14
318617293 560
7920625 939
161286795 225
747143508 179
450918516 352
763445409 37
381454828 11
800265794 169
12416773 3
834817387 79
961654195 4
546080979 111
504471030 351
439840175 16
582274365 229
59826618 360
787698591 175
225502026 289
692373799 197
59746177 779
664829981 247
80839738 213
701714992 164
745568168 194
494417066 373
592357265 386
528810265 151
562973124 216
585585825 177
792001947 97
193889060 629
668692958 55
384767683 37
80064323 372
619595948 366
919103851 67
41183449 550
921113758 23
256981883 293
680756181 48
197362757 673
802417873 127
387900059 281
580976243 312
661978651 118
889138653 18
844558630 37
294616623 207
823274776 115
190069514 422
631004310 54
659833213 69
810137689 28
619280885 74
681097220 199
661070327 205
6748113 732
422096876 513
121059879 449
14340911 623
53278606 176
427698548 73
72913620 737
238081005 39
957674798 32
642115685 157
82752458 817
181103283 477
363162304 456
703406966 18
20563402 263
438206540 37
134184891 708
90836659 632
237084248 474
763697526 198
640010582 109
171732355 43
295253986 5
988700870 8
803791737 29
31692024 99
543430119 163
822626775 107
723767622 228
315713579 480
44616816 243
807089384 32
718150911 210
272173340 37
63569587 226
593750414 276
641315906 1
244455558 532
381172477 532
17942979 764
686090186 31
592112548 338
96727720 706
572777144 315
266712665 161
735677102 127
97745448 49
505589289 408
238875036 147
452849579 153
156294236 425
565195722 360
121175604 255
536936190 379
184775193 425
386114965 336
599982166 245
448749165 153
292790908 106
884687214 96
53977149 414
704743969 59
29160984 630
922193022 10
553120837 74
165540053 524
676333856 48
671822011 309
692248114 241
567463749 175
676630596 59
210134024 639
343820815 593
41376336 628
846277418 49
46132249 283
985102499 1
216095495 672
962056538 6
746451570 7
169682398 619
565126208 316
231963023 213
958696756 17
516092783 82
221906698 470
450645164 352
296733501 119
415653319 58
677128696 157
394624467 13
888571225 88
540044409 46
670486217 57
223697437 184
321868771 353
967091225 19
440124542 346
791241069 195
94633844 188
817770100 96
919461673 7
567247690 209
730450460 241
260370298 187
112014721 204
72727037 223
672638556 141
625761630 206
719398280 68
458377154 314
346909317 472
286687367 591
11944571 122
39788901 727
772489714 28
769742129 30
262089950 541
154466348 423
939850235 38
747749699 149
194370589 192
269687455 1
846666084 60
904308663 38
739450616 128
300629730 498
879622891 103
56656957 374
470377140 312
502258876 205
646976467 87
211523472 132
844423578 103
329911749 479
608567804 32
643975887 244
50777011 838
649293167 242
38724238 410
927943098 21
870623047 104
648423327 205
42168129 11
921406818 67
8814134 956
1531213 410
840505169 112
433601263 258
686636753 127
48009950 155
717017475 114
38248385 689
58177894 495
871061159 41
431354791 68
383707469 392
135763150 478
725868089 243
70769608 194
970168018 1
372072380 53
796755578 81
30437514 75
421124486 272
508587127 238
140394164 38
282589419 403
357306747 203
13190944 732
270976256 466
676402175 51
31761638 921
257735886 26
498358471 432
230878380 251
9913806 351
157507987 566
599334965 144
37305051 458
895631511 7
796269903 20
245429580 604
594409812 350
611162091 363
971309953 15
847333016 37
24057193 417
324545367 277
177939943 610
25098889 279
206304234 185
840641573 104
326346998 151
14953916 665
786034575 46
26291610 943
862768649 10
911403815 32
461559946 146
895738216 8
51840268 712
594385214 274
63055009 759
346450426 311
521811149 221
990967164 2
34581367 56
10485163 30
951934264 7
229639597 541
998568921 0
15343607 664
534307168 333
338343519 372
968415040 22
51354676 753
628181268 300
518471975 101
861407191 19
369524435 298
365049264 479
726552898 76
865902747 58
315246483 548
54056706 446
140423893 177
298037901 366
462795185 256
50048673 58
790059967 115
396328507 295
93949999 795
849839199 106
277111667 185
971704817 15
414764375 466
553615365 107
496780816 60
655848820 164
646619601 165
714400262 251
306292042 67
527599740 370
10656908 413
38862266 339
115848600 153
287487277 413
358034881 262
832310308 35
29450964 45
595433339 387
594751436 190
307887066 342
190277731 645
536298764 443
821751298 135
318962696 233
731912378 83
950857806 6
765699673 140
998437517 1
482617802 143
6160345 448
956507441 10
222824829 624
736855145 212
456343360 71
516510541 43
64340111 447
896568949 37
22955166 485
28813909 136
289017690 269
611306881 171
397156541 421
31283236 740
877772404 16
811399947 18
889226685 87
952188456 24
77832741 629
675700525 276
304552290 516
396469509 428
598057170 255
399271430 215
64270140 678
610364179 334
419863143 56
575028459 364
793049533 9
351144023 328
131502253 736
48330053 525
816838059 40
278312077 650
48984197 447
610397884 250
597288195 96
113538385 431
956531209 19
305894136 570
562239049 17
141635878 479
552479914 211
562233978 417
470070503 260
153778636 223
636227049 58
977551305 14
647659645 223
346924851 131
116050268 193
751130607 142
603131340 314
523529609 196
277533134 450
501351503 24
71396062 587
992732342 5
999561112 0
39465706 862
61370691 655
57712308 587
304139476 498
633576754 120
689222679 241
9168926 872
346227353 472
834707124 25
835987843 116
257260578 373
616700943 89
206753270 109
399232869 431
63246441 69
164979933 427
928375693 32
634229164 23
269117045 451
873581232 76
593737197 109
118621541 475
526559782 268
930769776 14
799754167 75
129702421 394
190748660 65
751006885 181
264463359 636
357722197 65
125044574 4
884707812 30
370585454 519
724260861 118
562110309 279
239374615 292
117205039 132
221544330 361
541452374 138
604457894 368
108697482 398
676581054 123
294097341 334
134534634 744
490340253 338
788829616 173
544871127 400
910883844 16
333143587 226
35700593 490
693596808 117
262714052 178
758898293 41
160747118 308
370361062 483
678451027 216
290547981 357
824294557 117
680917325 134
752780088 200
804038500 91
901030414 63
807433215 127
826866851 95
947455107 17
819218376 154
40313632 265
548338453 387
547313620 231
913238920 42
49190198 357
326578227 317
559966324 374
754984172 7
936629259 26
438027459 156
266967867 163
24338672 640
15811993 819
582314868 172
79846019 54
64902805 753
73117837 669
767031338 121
573253341 21
747464379 35
909982947 13
671376518 280
731183801 87
35342764 38
227948799 84
458494442 404
711360210 277
811914064 167
71678869 836
681976613 60
546122798 411
508224088 453
993844803 2
821062169 158
547698427 224
136293702 82
427021046 24
561364844 279
217232805 681
450946695 232
260428376 602
50173623 548
463108909 348
246695016 324
811352078 47
34506818 426
259293820 681
264808016 113
139427906 474
267832162 564
53969188 734
777926961 191
842178839 102
165431096 214
572924620 30
131996065 362
728236470 223
754454263 173
449587102 74
693345580 20
797793388 42
666763854 251
698553665 163
472643015 221
336792472 136
638845219 113
794702415 187
398815659 174
207985532 329
322049296 540
267248789 176
777543620 87
262373129 391
644806533 205
984107363 12
713875400 173
978248654 8
581345853 323
57514273 219
880846516 12
278966095 240
155141728 500
525985576 92
688102533 177
20736135 557
770687817 78
781572848 88
69506507 315
152079960 605
89492830 706
323301281 245
364982363 503
101331983 662
237001425 303
756408822 216
880356833 80
837258757 91
166324882 435
56123320 79
893208125 11
818184109 133
135428543 14
924239401 0
716180992 161
794811100 77
560431682 121
892314675 70
494109460 339
278668305 478
256802306 263
329943568 159
427366062 339
988325574 3
442770454 205
627333757 64
236596864 38
777453765 66
33332348 152
648543079 198
705555649 54
169831111 705
728545051 33
564514190 397
753120605 140
403219867 373
299142473 505
899255537 11
82856953 814
688300475 38
371647579 543
184661547 54
393941260 60
598231519 359
405316674 383
729766530 233
34581644 423
510084758 445
686573273 29
330839095 512
900393817 50
325450136 432
259564432 159
766717268 185
15016117 109
8250544 2
823601947 51
976299094 6
945121176 26
302425513 537
560158500 188
45758578 808
69885953 496
882975258 61
107185124 22
685537386 61
178471566 90
236419157 197
508947756 10
940647369 18
919459043 2
951352172 20
377171553 246
784177928 170
219915226 467
410912938 157
426182832 305
163102842 318
39950455 711
18085168 784
487908371 397
533655436 6
993330759 1
333082493 303
885760103 30
369691527 59
862946062 25
87699421 295
376786518 503
628921655 20
776187906 37
309815660 519
222148033 492
814350706 148
759848006 19
990276039 3
83017706 219
534677479 192
508163858 64
26165459 872
753781658 38
788040402 174
678047009 274
976348719 16
522929072 189
307741080 356
947154456 27
129104023 65
241592727 265
476508866 12
824346712 11
412169664 265
603579782 112
4277104 239
885725892 60
448218720 184
307868975 394
410774794 2
626350744 251
815110003 120
34953 575
488442780 384
877296265 46
43945424 302
372387898 562
921920691 47
526183726 290
352584085 101
696936764 6
822093731 74
948199032 19
610954354 187
166815996 482
688642903 20
436386087 439
724495352 145
306583085 10
914545017 47
941817869 3
771688890 145
863553346 41
731312334 57
915556764 37
797325915 109
126034212 764
63176466 331
420373292 326
261257506 206
440679051 284
144433039 237
808604816 83
11763850 577
57904429 842
60571117 34
669038070 137
2300794 583
251201062 370
20205458 86
183463195 142
345803587 378
200408204 509
152491787 229
955497 726
934615893 55
141091798 94
267285470 128
491503633 442
779120942 149
415101321 375
699154650 216
355033500 321
562673734 333
91867708 81
720155261 23
386286540 426
227794814 433
592875610 226
949596990 22
994873389 2
454035705 145
813433355 77
596973161 7
