89
46886
64686
95976
99651
16321
65431
26049
10777
63521
66717
80017
79641
71937
57431
93489
37921
70265
70881
83501
69001
19137
19201
58881
78465
1313
63276
60127
64501
25001
89601
29751
82881
56321
6824
2337
42571
17601
69213
34181
23841
35201
25581
36001
46241
2737
40665
90253
99951
92721
59595
4833
12265
51201
83201
18751
63053
45601
80241
81201
45237
55897
77201
38501
8065
78753
48391
72761
79297
13406
93601
29361
33201
25212
16641
10731
64161
86081
74525
11841
10301
90731
32801
63393
52001
28181
83201
60009
79417
57633
