100
100000
100000
99996
99998
99996
100000
99997
99998
99996
99996
99996
99997
99999
99998
99996
99996
99996
99996
99998
99996
99996
99996
99996
99998
99996
99997
99997
99999
99997
99996
99997
99998
99997
99999
99996
100000
99996
99996
99996
99998
99996
99996
99996
99996
99997
99996
100000
99996
99996
99997
99996
99996
99998
99996
99996
99999
99996
100000
99997
99996
99998
99997
99998
99996
99996
99999
100000
100000
99999
99996
100000
100000
99999
99996
99996
99998
99996
99996
99996
99996
99996
99996
99998
100000
99996
99996
99996
99996
99996
100000
99996
100000
99998
99996
99999
99998
99996
99996
99996
99999
