50
969716504624362017 2
1 721756756572799932
1 938133407302861717
2 1
1 87022089660554015
6824794910121027 2
846867948986124645 471657974621472190
1 416124579544199435
242194874390149070 946442048878680034
648386759829256918 198075635425162848
730603928014583758 1
2 166327829413584356
914991281220524172 1
457814221553613421 2628561907204007
1 2
967202599422146968 1
2 618077460686361277
2 1
1 2
1 940371017343238116
1 735051222183798417
35676176654218685 1
2 199082997750687103
2 1
1 493787105009360650
1 2
181860673531963479 14160278405608267
265678445282381647 585231542513912003
428064496943005729 2
1 1
655522594118071736 1
1 2
2 8295050021212984
2 1
555695998275908588 428382328998258355
144514187901003177 2
445277614253092724 2
1 811319183698082987
1 780997131124552248
931834668526371570 2
116215041032177468 233768708911890775
2 23250423845552486
484284003251194532 175283521379570304
2 1
1 209056395811178538
2 2
818678460573140262 102703999359126280
513599740244534602 327578118340495409
2 2
837242170765768892 1
