100 1 0
97 24
26 40
49 37
61 52
45 88
40 30
88 29
46 17
52 80
29 82
71 4
44 27
23 35
100 21
90 93
38 67
78 32
52 32
15 19
98 76
94 35
17 51
16 43
98 72
89 46
7 40
38 40
3 4
26 22
79 81
3 70
32 75
2 43
14 55
54 41
48 67
53 40
6 25
32 58
35 12
25 12
49 59
67 18
58 17
21 34
99 64
11 89
91 41
93 12
39 85
6 77
82 1
86 90
86 72
28 10
4 85
81 47
9 33
37 51
47 75
60 74
50 76
31 9
88 21
21 57
69 67
68 90
72 60
77 13
72 62
97 18
56 37
31 60
66 51
99 53
65 47
92 95
18 36
15 42
15 44
73 86
25 41
35 8
92 15
20 39
42 83
31 82
26 3
37 12
63 27
5 79
87 29
43 38
76 28
81 15
81 85
84 26
42 96
55 29
