1000 5000 4
0 0 0 1 
0 0 1 0 
0 0 1 0 
1 0 0 0 
0 0 0 0 
1 1 0 0 
0 0 0 0 
0 1 0 0 
0 0 0 0 
0 0 0 1 
0 0 0 0 
1 1 0 0 
0 1 0 0 
0 0 0 0 
0 0 0 1 
0 0 0 1 
0 0 0 0 
0 1 0 0 
0 0 1 0 
0 0 0 0 
0 0 0 0 
0 0 0 0 
0 0 0 0 
1 1 0 0 
0 0 0 0 
0 0 0 0 
0 1 0 0 
0 1 1 0 
0 0 0 0 
0 0 1 1 
0 0 0 1 
0 0 0 0 
0 0 0 0 
1 0 0 1 
1 1 0 0 
0 1 0 1 
1 0 0 0 
0 0 1 0 
0 0 0 0 
0 0 0 0 
1 0 0 0 
0 0 1 0 
0 0 1 0 
0 0 0 0 
0 1 1 0 
0 1 0 0 
0 0 1 0 
0 0 0 0 
0 0 0 0 
1 0 1 0 
1 1 0 0 
0 0 1 1 
1 0 1 0 
0 0 0 0 
0 0 0 1 
0 0 0 1 
0 0 0 0 
0 0 0 1 
0 0 1 0 
0 0 1 0 
0 0 0 0 
1 0 1 0 
0 0 0 1 
0 0 1 0 
0 0 0 0 
0 0 1 0 
0 1 0 1 
0 0 0 0 
0 0 1 0 
1 1 0 0 
1 0 1 0 
0 0 0 0 
1 1 0 0 
0 0 1 0 
1 1 0 0 
0 0 0 0 
1 0 0 0 
0 0 0 0 
1 1 0 0 
0 1 0 1 
1 0 1 0 
0 0 0 0 
0 0 0 0 
0 0 0 0 
0 0 0 0 
0 0 0 0 
0 0 0 0 
0 1 1 0 
0 0 0 0 
0 1 0 0 
1 0 0 0 
0 0 0 0 
1 1 1 1 
0 0 1 0 
0 0 0 1 
0 0 1 0 
0 0 0 0 
0 0 0 1 
0 0 0 0 
0 0 0 0 
1 0 0 0 
0 0 0 0 
0 0 0 0 
0 1 0 0 
1 0 0 0 
0 0 0 0 
0 0 0 0 
0 0 0 0 
0 0 1 0 
1 0 0 0 
1 0 1 0 
0 0 1 0 
0 0 1 0 
0 0 1 0 
0 0 0 0 
0 1 0 0 
0 0 0 1 
1 0 0 1 
0 0 0 0 
0 0 1 1 
0 0 0 0 
0 0 1 0 
0 0 0 0 
1 0 0 1 
0 1 0 0 
1 1 0 0 
0 0 0 1 
0 0 0 1 
0 0 0 0 
0 0 0 1 
0 0 1 0 
0 0 1 0 
0 0 0 0 
0 0 1 0 
0 1 0 0 
0 1 0 0 
0 1 0 0 
0 0 0 0 
0 0 0 0 
0 0 0 0 
0 0 0 0 
0 1 0 0 
0 0 0 0 
1 1 0 0 
0 1 1 0 
0 0 0 0 
0 1 0 0 
1 1 0 0 
0 0 0 0 
0 0 0 1 
0 0 1 1 
1 0 0 0 
0 0 0 1 
0 0 0 1 
0 0 0 1 
0 0 0 0 
0 0 0 0 
0 0 0 0 
0 0 0 0 
1 0 0 0 
0 0 0 1 
0 0 0 0 
1 0 0 0 
0 0 0 0 
0 0 0 0 
0 0 1 1 
0 1 1 0 
0 0 1 1 
0 0 0 0 
1 0 0 0 
0 0 0 0 
0 0 0 1 
0 0 0 1 
0 0 0 0 
0 0 0 0 
0 1 0 0 
0 0 1 0 
0 0 1 1 
0 1 0 0 
0 1 0 1 
0 0 1 0 
0 0 0 0 
0 0 0 1 
0 0 0 0 
1 0 1 0 
0 0 0 0 
1 1 0 0 
1 0 0 0 
1 0 0 0 
0 0 0 0 
0 0 1 1 
0 0 0 0 
0 0 0 0 
0 0 1 0 
1 0 0 0 
0 0 1 0 
1 0 1 0 
0 1 0 0 
1 0 0 0 
1 1 0 1 
0 0 1 0 
0 0 0 0 
0 0 0 0 
0 0 0 0 
0 0 0 0 
0 0 0 0 
0 0 0 0 
1 0 1 0 
0 0 0 0 
0 1 1 0 
0 0 0 0 
0 0 0 0 
0 0 0 0 
0 0 0 0 
0 0 0 1 
0 0 0 0 
0 1 0 0 
1 0 0 0 
0 0 1 0 
1 0 1 0 
0 0 0 0 
0 0 0 1 
1 0 0 0 
0 0 0 0 
0 0 0 0 
0 1 0 0 
0 0 0 0 
1 0 0 0 
1 0 1 1 
0 1 0 0 
0 0 0 0 
0 0 0 0 
0 0 1 0 
0 0 0 0 
0 0 0 0 
0 1 0 0 
0 0 0 0 
0 0 0 0 
0 0 1 0 
0 1 0 0 
0 1 1 0 
0 0 0 0 
1 0 0 1 
1 0 0 1 
0 0 1 0 
0 1 0 0 
0 1 0 0 
0 1 0 0 
0 0 0 0 
1 1 0 0 
0 0 1 0 
0 0 0 0 
1 0 0 1 
0 0 0 0 
0 0 0 1 
0 0 0 0 
0 1 0 0 
0 0 0 0 
0 0 1 1 
1 0 0 0 
1 0 0 0 
1 0 1 0 
0 0 1 0 
0 0 0 0 
0 0 0 1 
0 1 1 0 
0 0 1 0 
0 0 0 0 
1 1 0 1 
0 0 0 0 
1 0 0 0 
0 0 0 0 
1 0 0 0 
0 0 0 0 
0 0 1 0 
1 0 0 0 
0 0 0 0 
0 0 0 0 
0 1 0 1 
0 0 0 0 
0 0 0 0 
1 0 1 0 
0 0 1 1 
0 0 0 0 
1 1 0 0 
0 0 0 1 
0 0 0 1 
1 0 0 1 
0 0 1 1 
1 0 0 0 
0 0 0 0 
1 1 0 0 
1 0 1 0 
0 0 0 0 
0 0 0 0 
0 0 0 1 
0 1 0 0 
0 0 0 0 
0 0 0 0 
0 0 1 1 
0 0 0 0 
1 0 1 0 
0 0 0 0 
0 1 0 0 
0 0 0 1 
0 0 0 1 
1 0 0 0 
0 0 0 0 
0 1 0 1 
0 0 0 0 
0 0 0 0 
0 0 1 0 
0 0 0 0 
1 1 1 0 
1 0 0 0 
0 0 0 0 
0 0 0 0 
0 1 0 0 
0 1 0 0 
0 0 0 0 
0 0 0 0 
0 0 1 0 
0 0 0 0 
1 1 0 1 
0 1 0 0 
0 1 0 0 
1 0 0 0 
0 0 1 0 
0 0 1 0 
0 0 0 0 
0 0 0 0 
0 0 0 0 
0 0 0 0 
0 0 0 0 
0 0 1 0 
0 1 0 0 
1 0 0 0 
0 0 0 1 
0 0 0 0 
0 0 0 0 
1 0 0 0 
0 0 0 0 
0 1 0 1 
0 1 1 0 
1 0 0 0 
0 0 0 0 
0 0 0 0 
0 0 0 0 
0 0 0 0 
1 0 0 0 
0 1 0 0 
1 1 0 0 
1 0 0 0 
0 0 1 0 
1 0 0 0 
0 0 0 0 
0 0 0 0 
0 1 0 0 
1 1 0 1 
0 0 1 0 
0 1 0 0 
0 0 0 0 
0 0 0 0 
0 0 0 0 
0 0 0 0 
0 1 0 0 
0 0 0 0 
0 0 0 1 
0 1 0 0 
0 0 1 0 
0 0 0 1 
0 0 0 0 
0 0 0 0 
0 0 0 1 
0 0 0 0 
0 0 0 0 
1 0 1 0 
1 0 1 0 
0 0 0 0 
0 1 0 0 
0 0 1 0 
0 0 0 0 
0 0 0 0 
1 0 0 0 
1 0 0 0 
1 0 0 0 
1 0 1 0 
0 0 0 0 
0 1 0 1 
0 0 0 0 
1 0 0 1 
0 1 0 1 
0 0 1 0 
0 0 0 1 
1 0 1 0 
1 1 0 0 
0 1 1 0 
0 1 0 0 
0 0 0 1 
0 0 0 0 
0 0 0 0 
0 0 1 0 
0 0 0 0 
0 0 1 1 
0 0 0 0 
1 0 0 0 
0 0 0 0 
1 0 0 0 
0 0 0 0 
0 0 0 0 
0 0 1 0 
1 0 0 0 
0 0 0 0 
1 0 0 0 
0 0 0 0 
0 0 1 0 
0 1 0 0 
1 0 1 0 
0 0 0 0 
0 0 0 1 
0 0 0 0 
0 0 0 0 
0 1 0 0 
0 0 0 0 
0 0 0 0 
1 0 1 0 
0 1 1 0 
0 1 0 1 
1 1 0 0 
0 0 0 0 
1 0 0 0 
0 0 1 0 
0 0 0 0 
1 1 0 0 
0 0 0 0 
0 1 0 0 
0 0 0 0 
0 0 0 0 
0 1 0 0 
0 0 0 0 
0 0 1 0 
0 0 1 1 
0 0 0 0 
1 0 0 0 
1 0 0 0 
1 0 1 1 
0 0 0 0 
0 0 0 0 
0 0 0 0 
1 0 0 0 
0 0 0 0 
0 0 0 0 
0 0 0 0 
0 0 0 1 
0 0 0 1 
0 0 0 0 
1 1 0 0 
1 0 0 1 
0 0 1 0 
0 0 0 0 
0 1 0 0 
0 0 0 0 
0 0 0 0 
1 0 0 0 
1 1 0 0 
0 0 0 0 
0 0 0 0 
0 0 0 0 
0 0 0 0 
1 1 1 0 
0 0 0 0 
1 0 0 0 
0 0 0 1 
0 1 0 0 
0 1 0 0 
0 0 0 0 
0 0 0 0 
0 0 0 0 
0 0 0 1 
0 0 0 0 
0 1 0 1 
1 0 0 0 
0 0 1 0 
0 0 1 0 
0 0 0 0 
1 0 0 0 
1 1 0 0 
1 0 0 1 
0 0 0 0 
0 0 0 1 
0 0 0 0 
1 0 0 0 
0 1 0 0 
0 1 0 1 
0 0 0 0 
0 0 0 1 
0 0 1 0 
0 0 0 0 
0 1 0 0 
0 0 1 0 
1 0 0 0 
0 0 1 0 
0 0 0 0 
0 1 0 0 
0 0 0 0 
1 0 0 1 
1 0 1 0 
0 0 0 1 
0 1 0 0 
0 0 0 0 
0 0 1 0 
0 1 0 0 
0 0 0 0 
0 0 0 0 
0 0 0 0 
0 0 0 0 
1 0 0 0 
0 1 0 0 
0 0 0 0 
0 0 0 0 
0 0 0 0 
0 0 0 0 
1 0 0 0 
0 0 0 0 
0 1 0 0 
0 1 0 0 
0 1 0 0 
0 1 0 0 
0 1 0 0 
1 0 0 1 
0 0 0 0 
0 0 0 0 
0 0 0 0 
0 0 1 0 
0 1 0 1 
1 0 0 0 
0 0 0 0 
0 0 0 0 
0 0 0 0 
0 0 0 0 
1 0 0 0 
1 0 0 0 
0 0 0 1 
0 0 0 0 
1 0 0 0 
0 0 0 0 
0 0 1 0 
0 0 0 0 
0 0 0 0 
0 0 0 0 
0 0 0 0 
0 0 0 0 
0 1 0 1 
0 1 1 0 
0 0 0 0 
0 0 0 0 
0 1 0 1 
0 0 0 0 
0 0 0 0 
0 0 0 0 
1 0 0 0 
0 0 0 0 
1 1 0 0 
1 0 0 0 
0 1 0 1 
0 0 0 0 
0 0 0 0 
0 0 0 0 
1 0 1 1 
0 0 0 1 
0 0 0 1 
0 1 0 0 
1 0 0 0 
0 0 0 0 
0 0 0 0 
0 0 1 0 
0 0 0 0 
1 0 0 0 
0 0 1 0 
0 0 0 0 
0 0 1 0 
0 0 0 0 
1 0 0 0 
1 0 0 0 
0 0 0 1 
0 1 0 0 
1 1 0 0 
0 0 0 1 
1 0 0 0 
0 1 0 0 
0 0 0 0 
0 0 1 1 
0 1 0 0 
1 0 1 0 
0 1 0 1 
1 0 1 0 
0 0 0 0 
0 0 1 0 
0 0 0 0 
0 0 0 0 
1 0 0 0 
0 0 0 0 
0 0 0 0 
1 0 0 0 
0 0 0 0 
1 1 0 0 
0 0 0 0 
1 0 0 0 
1 0 1 0 
0 1 0 1 
0 0 0 0 
0 0 0 0 
0 1 0 0 
0 1 0 0 
0 0 0 1 
0 0 1 0 
0 0 0 0 
0 0 0 0 
0 0 0 0 
0 1 0 1 
0 0 0 0 
0 0 0 0 
0 0 0 0 
0 0 1 0 
0 0 0 1 
1 0 1 0 
0 0 0 0 
0 0 0 0 
1 0 0 0 
1 0 0 1 
0 0 1 0 
0 0 0 0 
0 1 0 0 
1 1 0 0 
0 1 0 0 
0 0 0 0 
0 0 1 1 
0 0 0 0 
0 0 1 0 
1 0 0 0 
0 0 0 1 
1 0 0 0 
0 0 0 0 
0 0 0 0 
0 1 0 0 
0 0 0 0 
1 1 0 0 
1 1 0 0 
0 0 1 0 
0 0 0 0 
0 0 0 0 
0 0 0 0 
0 0 0 0 
0 0 0 0 
0 0 1 0 
1 0 0 0 
0 0 1 0 
0 0 0 0 
0 1 0 0 
0 0 0 0 
0 0 0 0 
0 0 0 0 
0 0 0 0 
0 0 0 0 
0 0 0 0 
0 1 1 0 
0 0 0 1 
0 0 0 1 
0 0 0 1 
0 0 0 0 
0 1 0 0 
0 0 0 0 
1 0 0 1 
1 1 0 0 
0 1 0 0 
0 1 0 0 
0 1 0 0 
0 0 0 1 
0 1 0 0 
0 0 0 0 
0 1 0 0 
0 0 0 0 
0 0 0 0 
0 1 0 0 
0 0 0 0 
0 0 1 1 
0 0 0 0 
1 0 0 0 
0 0 0 1 
0 1 0 0 
0 0 0 0 
0 0 0 0 
0 0 0 1 
1 1 0 0 
0 0 1 0 
0 0 1 0 
1 0 0 0 
0 0 0 1 
0 0 0 0 
1 0 0 0 
0 0 0 1 
0 0 0 1 
0 0 1 0 
0 0 0 0 
0 0 1 0 
0 0 0 0 
0 1 1 0 
0 0 0 0 
0 0 0 1 
0 0 1 1 
0 0 0 1 
0 0 1 0 
1 0 0 0 
1 0 1 0 
0 0 0 1 
0 1 0 0 
0 0 0 0 
0 0 0 1 
0 0 0 0 
0 1 0 1 
0 0 0 0 
0 0 0 0 
0 0 1 0 
0 0 0 0 
0 0 0 0 
1 0 0 0 
0 0 1 0 
0 0 1 0 
0 0 1 1 
1 0 0 0 
0 0 0 0 
0 0 0 1 
0 0 0 1 
1 1 1 1 
0 0 0 1 
0 0 0 0 
0 0 1 0 
1 0 1 0 
0 0 0 0 
0 1 0 0 
0 0 0 0 
0 0 0 0 
0 0 0 0 
1 0 0 0 
0 0 0 0 
0 0 0 0 
0 0 0 0 
0 0 0 0 
0 1 0 1 
1 0 0 1 
1 0 0 1 
0 0 1 1 
0 0 0 0 
0 0 0 0 
1 0 0 0 
1 0 0 0 
0 0 0 0 
0 1 0 1 
1 0 0 0 
0 0 1 0 
0 0 1 0 
0 0 0 1 
0 0 0 1 
0 0 0 0 
0 0 0 0 
0 0 1 0 
0 0 1 0 
1 0 1 0 
0 0 1 0 
0 0 0 1 
0 0 0 0 
0 0 0 0 
0 1 1 0 
1 1 0 0 
0 0 1 1 
0 0 0 0 
0 0 0 1 
0 0 0 1 
1 0 0 0 
1 0 1 0 
1 0 0 0 
0 0 0 0 
1 0 1 0 
0 1 0 0 
0 0 0 0 
0 0 0 1 
1 1 0 0 
0 0 0 0 
0 0 1 0 
0 0 0 0 
0 0 0 0 
0 0 0 1 
0 1 0 1 
0 1 1 0 
0 0 0 0 
1 0 0 0 
0 0 1 0 
0 0 1 0 
0 1 0 0 
1 0 1 0 
0 0 1 0 
0 0 0 0 
0 0 1 0 
0 0 0 0 
1 0 0 0 
0 0 0 0 
1 0 0 1 
0 0 1 0 
0 1 0 0 
0 0 1 0 
0 0 1 0 
0 0 0 0 
0 0 0 0 
0 0 1 0 
0 0 1 0 
0 0 0 0 
1 0 0 0 
0 0 0 0 
0 0 1 0 
1 0 0 1 
0 0 1 0 
0 0 0 0 
0 0 0 0 
0 0 1 0 
0 0 0 0 
0 0 0 0 
0 0 0 0 
0 0 0 1 
0 0 1 0 
0 0 1 0 
0 1 0 1 
1 0 0 0 
0 0 0 0 
0 0 1 0 
0 0 0 0 
0 0 0 0 
0 0 0 0 
0 1 1 0 
0 0 0 0 
1 0 0 0 
0 0 1 1 
1 0 0 0 
1 0 0 0 
0 0 0 0 
0 1 0 0 
0 0 0 0 
1 1 0 0 
0 0 0 0 
0 0 0 0 
0 0 0 0 
0 0 0 0 
0 0 0 0 
0 0 1 0 
0 0 0 0 
0 0 0 1 
0 0 1 0 
1 0 0 0 
0 0 0 0 
0 0 0 0 
0 0 0 0 
0 1 0 0 
1 0 0 0 
0 0 0 1 
0 0 1 0 
0 0 0 0 
1 0 0 1 
1 1 0 0 
0 0 0 1 
0 0 1 1 
0 0 0 1 
1 1 1 0 
0 0 0 0 
0 0 0 0 
0 1 0 1 
0 0 0 0 
1 0 0 0 
0 0 0 1 
0 1 1 0 
0 1 1 0 
1 0 0 0 
0 0 1 0 
0 0 0 1 
0 0 0 0 
0 0 1 0 
1 1 0 0 
0 0 0 0 
1 0 0 0 
0 0 1 0 
1 0 1 0 
0 0 0 0 
0 0 0 0 
0 0 1 0 
0 0 1 0 
1 0 0 0 
0 0 0 0 
0 0 0 0 
1 1 0 0 
0 0 0 0 
1 0 0 0 
0 0 1 0 
0 1 0 1 
0 1 0 0 
0 0 0 0 
0 0 1 0 
0 0 1 0 
0 1 0 0 
0 0 1 0 
1 0 0 0 
1 1 0 0 
1 0 0 1 
0 0 0 0 
1 0 0 0 
0 0 0 0 
0 0 0 0 
0 0 0 1 
0 1 0 1 
0 0 1 0 
0 0 0 0 
1 0 0 0 
0 0 0 0 
0 0 1 0 
1 0 0 0 
0 0 0 0 
0 0 0 0 
0 0 0 0 
0 0 0 0 
0 0 1 0 
0 0 0 1 
0 0 1 0 
0 0 0 0 
0 1 1 1 
0 0 0 0 
0 0 0 1 
1 1 1 0 
0 0 0 0 
0 0 0 0 
1 0 0 0 
1 0 0 1 
0 0 0 0 
0 0 0 0 
0 0 0 0 
0 0 0 0 
0 0 0 0 
0 0 1 0 
0 0 0 0 
1 1 0 0 
0 0 0 0 
0 1 1 0 
0 0 1 0 
0 0 0 0 
1 0 0 1 
0 0 1 0 
0 0 0 0 
0 0 0 0 
1 0 0 1 
0 0 0 0 
0 0 1 0 
0 0 0 0 
0 0 0 0 
0 0 0 1 
0 0 0 0 
0 0 0 0 
0 0 0 0 
0 1 0 1 
0 0 1 1 
0 0 0 0 
1 0 0 0 
1 0 0 0 
0 1 0 0 
0 0 0 0 
0 1 0 0 
0 1 0 1 
0 0 0 0 
0 0 0 1 
1 0 0 0 
0 0 0 0 
1 0 1 1 
0 0 0 0 
0 0 0 0 
0 0 0 0 
0 0 1 1 
0 0 0 0 
0 1 0 0 
0 0 0 0 
0 0 0 0 
1 0 1 0 
0 0 0 1 
0 0 1 1 
0 0 0 1 
0 1 1 1 
0 1 0 0 
0 0 0 0 
0 0 0 0 
1 0 0 0 
0 0 0 1 
0 0 0 0 
0 0 0 1 
0 0 0 0 
1 1 0 0 
1 0 0 0 
1 3 0 0 0 0 
925 909 1 1 0 0 
592 597 0 0 1 0 
656 640 0 1 1 0 
54 43 1 0 1 1 
703 709 0 0 0 0 
132 130 0 0 0 0 
78 92 0 0 0 0 
587 578 0 0 0 1 
526 510 0 1 0 0 
162 156 1 1 1 0 
356 353 0 0 0 0 
830 833 0 1 0 0 
71 54 0 1 0 0 
799 796 0 0 1 0 
334 315 0 0 0 1 
445 464 0 0 0 0 
742 761 0 0 0 0 
283 281 1 0 0 0 
282 278 0 1 0 0 
645 651 0 0 0 0 
619 620 0 1 1 0 
123 138 0 0 0 0 
305 320 0 0 0 0 
614 622 0 0 0 0 
85 99 1 0 0 1 
212 206 0 1 1 0 
323 311 0 0 1 0 
419 420 0 1 0 1 
700 705 0 0 1 1 
321 334 0 1 0 0 
969 967 0 0 0 0 
851 857 0 0 0 0 
435 454 1 0 0 1 
837 847 0 0 1 1 
603 586 1 1 0 0 
92 93 0 1 0 0 
684 666 1 0 1 0 
167 183 1 0 0 0 
293 309 0 1 0 0 
957 946 0 0 0 0 
643 650 1 0 0 1 
560 545 0 0 0 0 
933 951 0 0 1 0 
889 897 0 0 1 0 
797 779 0 1 1 0 
256 245 0 0 1 1 
449 456 0 0 0 1 
244 247 0 0 0 0 
782 765 1 0 1 0 
747 747 1 0 1 0 
310 323 0 0 0 0 
426 407 0 0 0 0 
538 542 0 1 0 0 
290 307 0 0 1 1 
849 849 0 1 0 0 
882 892 0 0 0 0 
229 244 0 0 0 0 
754 770 0 0 1 0 
73 89 0 0 0 0 
324 330 0 1 0 0 
778 789 0 0 0 0 
371 384 0 0 0 0 
591 608 0 0 0 0 
581 578 1 1 0 1 
47 40 1 0 0 1 
88 72 0 0 0 0 
589 591 0 1 0 0 
592 575 0 1 0 1 
897 908 0 0 0 1 
468 452 0 1 0 0 
182 192 0 0 0 0 
426 437 1 0 0 0 
92 102 0 0 1 1 
620 635 0 0 0 0 
938 937 0 0 0 1 
372 381 0 0 0 0 
572 590 0 0 0 0 
507 506 0 0 0 0 
844 849 0 1 0 0 
737 725 0 1 0 1 
472 470 0 0 0 0 
493 495 1 0 0 0 
824 835 0 0 0 0 
197 185 0 0 0 0 
230 218 0 0 1 1 
681 669 0 0 0 1 
713 711 0 0 0 0 
416 417 0 1 0 0 
369 387 0 0 0 0 
727 744 0 1 0 0 
595 611 0 0 0 0 
654 653 0 0 0 0 
863 855 0 0 0 0 
341 346 0 0 0 0 
672 679 0 1 0 0 
1 16 0 0 0 0 
584 589 0 0 0 0 
885 866 0 1 0 0 
363 350 0 0 0 1 
899 899 0 1 0 0 
980 996 0 0 0 0 
112 111 0 0 0 1 
334 338 0 1 0 0 
111 129 0 0 0 0 
788 779 0 0 0 1 
614 617 1 0 0 0 
991 994 0 1 0 0 
193 185 0 1 0 0 
102 98 0 0 0 0 
333 325 0 0 1 0 
245 229 0 0 1 1 
240 239 0 0 0 1 
166 163 0 0 0 0 
614 632 0 1 0 0 
818 831 0 0 0 1 
396 377 1 0 1 0 
326 325 0 0 0 0 
449 455 0 0 1 0 
363 345 0 1 0 0 
889 875 0 0 0 0 
679 677 0 0 0 0 
560 541 1 0 0 0 
81 85 0 0 0 0 
182 173 0 0 0 1 
151 165 1 0 0 0 
745 760 1 0 0 0 
31 26 0 0 0 0 
621 618 0 0 0 0 
799 804 0 0 0 0 
134 125 0 0 0 0 
105 96 0 1 0 0 
689 697 1 0 1 0 
320 318 0 1 0 0 
693 687 0 0 0 1 
820 810 0 0 0 1 
423 411 0 0 0 1 
311 307 0 0 0 1 
567 583 0 0 1 0 
590 583 0 1 0 1 
240 245 0 0 1 0 
206 222 1 0 0 1 
237 252 0 1 1 0 
111 119 1 0 0 0 
830 828 0 0 0 1 
48 32 0 0 1 0 
3 7 0 1 0 0 
282 279 0 0 1 0 
68 72 0 0 0 0 
628 639 0 0 0 1 
999 1000 0 0 0 1 
377 373 0 0 0 1 
247 261 1 0 0 0 
634 625 0 0 0 0 
799 814 0 0 0 0 
508 501 1 0 0 0 
608 612 1 0 1 0 
665 675 0 0 0 0 
647 645 0 0 0 1 
661 659 0 0 0 0 
826 834 0 0 0 1 
35 47 0 0 0 0 
74 77 0 0 1 0 
222 222 0 0 1 0 
323 326 0 0 0 0 
203 209 0 0 1 1 
201 199 0 0 0 1 
720 705 1 0 0 0 
519 502 0 0 1 1 
49 40 0 0 1 0 
276 276 0 0 0 0 
397 403 0 0 0 0 
740 736 0 0 0 0 
239 254 0 0 0 0 
548 533 1 0 1 0 
703 718 0 1 0 0 
793 778 0 1 0 0 
868 884 1 1 0 1 
861 866 0 0 0 0 
845 840 0 0 0 0 
280 296 1 0 0 0 
616 635 1 0 1 0 
302 313 0 0 1 0 
923 913 0 0 0 0 
35 34 0 0 0 0 
69 82 0 1 0 0 
297 278 0 0 1 1 
331 328 0 0 0 0 
370 374 1 0 0 0 
632 633 1 0 0 0 
282 282 0 1 1 0 
217 235 0 0 0 1 
929 912 0 0 1 0 
505 493 0 0 0 0 
447 449 1 0 0 0 
917 914 0 0 0 0 
133 128 1 0 1 0 
170 171 0 0 0 0 
440 454 0 0 0 0 
56 75 0 0 1 0 
152 136 0 0 0 0 
530 518 1 0 1 1 
66 74 0 1 1 1 
262 277 0 1 1 1 
958 952 0 0 0 1 
538 553 0 1 0 0 
849 850 0 0 0 1 
699 681 1 0 0 0 
616 597 1 0 1 0 
524 533 0 1 0 0 
731 737 1 1 1 0 
896 888 1 0 0 0 
347 355 0 0 0 0 
332 325 0 0 0 0 
512 509 0 0 0 0 
36 37 0 0 0 0 
49 38 0 0 0 0 
155 166 0 0 0 0 
587 572 0 0 0 0 
853 862 0 1 0 1 
804 823 0 0 1 1 
173 183 0 0 0 0 
678 675 0 0 0 1 
108 109 0 0 1 1 
870 853 1 0 1 1 
689 693 1 0 0 0 
604 603 0 1 0 0 
548 546 0 0 1 0 
596 608 0 0 0 0 
359 357 1 0 0 0 
680 664 0 0 0 0 
552 548 0 0 0 0 
367 384 0 0 0 0 
534 523 0 0 0 0 
679 669 0 0 0 0 
141 141 0 0 0 0 
540 551 0 0 1 0 
371 372 0 0 0 0 
171 168 0 0 1 0 
147 142 0 0 0 0 
231 240 0 0 0 0 
451 434 0 0 1 0 
686 695 1 1 0 0 
128 125 0 0 1 0 
48 30 0 1 0 0 
636 639 0 0 0 0 
898 892 0 1 1 0 
606 602 1 0 1 0 
604 594 0 0 0 0 
183 202 0 0 0 0 
706 707 0 0 1 0 
847 837 0 0 0 0 
551 568 0 0 0 0 
39 29 0 0 0 0 
570 573 0 0 0 0 
835 841 0 0 0 1 
59 62 1 0 0 0 
664 662 0 0 0 0 
311 320 0 0 0 0 
426 408 0 0 0 0 
102 101 0 1 1 0 
535 532 0 0 0 0 
52 59 0 0 1 0 
971 966 0 0 0 0 
721 709 0 0 0 0 
572 571 0 0 0 0 
940 923 0 0 1 0 
767 765 0 1 0 0 
899 888 0 0 0 1 
680 689 0 0 1 0 
735 723 1 1 0 0 
99 105 1 1 0 0 
923 927 0 0 0 0 
773 779 1 0 0 0 
185 202 1 0 1 1 
672 655 0 1 1 0 
354 364 0 0 1 0 
591 574 0 1 0 1 
971 969 1 0 0 0 
676 690 0 0 0 0 
675 681 0 1 1 1 
407 409 0 0 0 0 
341 322 1 1 0 0 
225 212 0 0 0 1 
595 603 0 0 0 0 
538 530 0 0 0 0 
130 131 0 0 0 0 
86 91 0 0 0 0 
328 317 0 0 0 0 
328 321 0 0 0 0 
745 726 0 0 0 0 
724 738 0 0 0 0 
225 214 0 0 0 0 
935 950 1 0 0 0 
231 227 0 0 0 0 
404 400 0 1 1 0 
963 954 0 0 0 0 
51 34 0 1 0 0 
386 371 0 0 0 0 
421 423 0 0 0 1 
510 505 0 0 1 0 
296 301 0 0 0 0 
354 358 0 0 0 1 
907 924 1 0 1 1 
957 964 0 0 0 0 
172 184 1 0 0 0 
379 371 0 0 1 0 
753 744 0 0 0 0 
151 141 0 0 0 0 
967 952 1 0 0 0 
774 772 1 0 1 0 
231 239 0 1 0 0 
657 652 1 1 0 0 
420 437 0 0 0 0 
715 729 0 0 0 0 
556 553 1 1 0 0 
284 283 0 0 0 0 
756 774 0 0 1 0 
690 684 0 0 0 0 
516 532 0 0 0 0 
451 446 0 0 1 0 
217 198 0 0 0 0 
272 254 1 0 0 0 
151 166 0 0 0 0 
787 793 0 1 1 0 
339 354 0 0 0 0 
210 212 0 0 0 0 
522 508 0 1 0 0 
765 764 0 1 0 0 
931 917 0 0 0 1 
562 574 0 1 0 1 
646 646 0 0 0 0 
377 367 0 0 0 1 
966 948 0 0 0 0 
51 64 0 0 0 0 
740 737 1 0 0 0 
330 340 0 1 0 1 
506 510 0 1 0 0 
662 658 1 0 0 0 
934 918 0 0 0 1 
548 538 0 1 1 0 
76 86 0 0 0 0 
715 698 0 0 0 0 
263 244 0 0 0 0 
840 835 0 1 1 0 
64 53 1 0 0 0 
454 459 0 0 0 0 
94 77 0 1 0 0 
121 118 1 0 0 0 
798 812 0 0 0 0 
498 508 0 0 1 0 
345 359 0 0 0 0 
384 392 1 0 0 0 
926 944 1 0 0 1 
133 123 0 0 1 0 
110 111 0 0 0 0 
313 306 0 1 0 0 
79 94 0 0 0 0 
908 916 1 0 1 0 
456 456 0 0 0 0 
698 694 1 1 0 0 
313 332 0 0 0 0 
313 297 0 0 0 1 
316 301 1 0 0 0 
670 660 1 0 0 0 
517 510 1 1 0 0 
959 971 0 0 1 1 
504 514 0 0 0 1 
739 751 0 0 1 0 
522 537 0 0 0 1 
420 430 0 1 0 0 
277 264 0 0 0 0 
148 152 0 0 0 0 
985 984 0 1 1 1 
686 678 0 0 0 0 
659 672 0 1 1 0 
262 272 0 1 0 0 
499 496 1 0 0 0 
913 915 0 0 0 1 
123 107 0 1 0 0 
213 195 0 1 0 0 
976 966 1 0 0 0 
92 109 0 1 1 1 
464 456 0 0 0 0 
981 995 0 0 0 0 
319 336 0 0 0 0 
753 771 1 0 0 0 
872 881 0 0 0 0 
662 656 0 0 1 0 
653 666 0 1 0 0 
899 894 0 1 0 0 
568 582 0 0 0 0 
412 402 0 1 1 0 
287 283 0 0 1 0 
683 673 0 0 0 0 
138 154 0 1 0 0 
900 915 0 0 0 0 
694 691 0 0 0 1 
72 60 0 0 0 1 
445 448 1 0 0 0 
383 365 1 0 0 0 
992 995 1 1 1 0 
55 47 0 0 0 0 
972 961 0 0 0 0 
1 19 0 1 0 0 
866 885 0 0 0 1 
572 582 1 0 1 0 
738 746 0 0 0 0 
617 619 1 0 0 0 
589 608 0 0 1 1 
945 957 1 0 1 0 
732 749 0 0 0 0 
787 785 0 0 0 0 
615 603 0 0 0 0 
187 200 1 0 0 0 
283 296 1 0 1 0 
431 432 1 0 1 0 
714 712 1 0 0 1 
375 385 0 0 0 0 
106 116 0 0 0 0 
957 947 0 0 0 0 
382 394 1 0 0 1 
130 121 1 0 0 0 
187 180 0 0 0 0 
95 79 0 0 0 0 
737 747 0 1 0 1 
721 726 0 0 0 0 
888 903 0 0 0 0 
780 798 0 0 0 0 
658 643 0 0 0 0 
480 478 0 0 0 0 
319 334 0 0 0 0 
170 176 1 0 0 1 
124 118 0 0 0 0 
808 807 0 0 0 0 
805 807 0 1 1 0 
327 319 0 0 0 0 
526 531 0 0 0 0 
866 877 0 0 0 0 
419 427 0 0 1 0 
358 355 1 1 0 0 
544 554 1 0 1 0 
71 67 0 0 0 0 
433 429 1 0 0 0 
965 962 0 0 0 0 
270 281 0 1 0 1 
686 705 1 0 0 0 
4 18 0 1 0 1 
415 434 0 0 0 0 
40 47 1 0 0 0 
413 418 0 1 0 0 
67 65 1 0 0 0 
507 510 0 0 0 0 
981 999 1 1 1 0 
706 725 0 0 0 0 
278 267 0 0 0 0 
834 832 0 0 0 0 
574 571 0 1 0 0 
387 371 0 1 0 0 
452 462 0 1 0 0 
45 46 0 0 0 0 
175 171 0 0 0 0 
766 748 0 1 0 0 
695 701 0 0 0 1 
692 681 1 0 0 0 
213 197 0 0 0 1 
193 212 1 0 0 0 
308 319 0 1 0 0 
275 286 0 1 0 1 
595 611 0 0 0 1 
99 102 0 0 0 1 
183 170 0 0 1 1 
592 591 0 0 0 0 
189 195 0 0 0 1 
688 706 0 0 0 0 
455 471 0 0 0 0 
729 724 1 1 0 0 
521 504 0 0 0 0 
87 78 0 0 0 0 
41 22 0 1 0 0 
336 354 1 0 0 0 
71 86 0 0 0 0 
94 109 0 0 0 0 
561 562 1 0 0 0 
233 226 0 0 0 1 
491 499 0 1 0 0 
993 987 0 0 0 0 
859 841 0 0 0 1 
797 811 0 0 0 0 
852 849 0 0 0 0 
324 333 1 1 0 0 
402 383 0 0 0 0 
748 736 0 0 0 1 
525 519 0 1 0 0 
397 398 0 0 0 0 
968 981 1 0 0 1 
609 594 0 0 0 0 
285 304 1 0 0 1 
861 876 0 0 0 0 
336 343 0 0 0 0 
142 155 0 0 0 0 
315 307 0 0 0 0 
537 526 0 1 1 0 
728 742 0 1 0 0 
375 392 0 0 1 0 
254 266 0 0 0 0 
277 279 0 0 1 0 
69 61 0 0 0 0 
145 130 0 0 1 1 
676 657 1 0 0 0 
377 379 1 0 0 1 
765 773 0 0 1 0 
319 319 0 1 0 0 
957 957 1 0 0 0 
932 947 1 0 1 0 
788 792 1 0 0 0 
356 367 0 0 1 0 
75 56 0 0 1 1 
439 432 0 0 0 0 
217 233 0 1 1 0 
439 432 0 0 0 0 
714 725 0 0 0 0 
762 753 1 1 0 0 
544 559 0 0 0 0 
545 554 1 1 0 0 
558 565 0 1 0 0 
272 278 0 0 0 1 
395 387 1 0 0 0 
430 444 0 0 1 0 
692 708 0 0 0 0 
283 297 0 0 0 0 
481 464 1 0 0 0 
205 196 0 0 0 0 
352 339 0 0 0 0 
804 810 0 0 0 0 
263 253 0 1 0 1 
774 783 0 0 0 0 
576 594 0 0 0 0 
846 850 0 0 0 0 
987 974 0 0 1 0 
574 589 0 0 1 0 
566 574 0 1 0 0 
234 218 0 0 1 0 
499 512 1 0 0 0 
962 955 0 0 0 0 
340 343 0 1 0 1 
189 195 0 0 1 0 
755 765 0 1 0 0 
255 239 0 0 0 0 
862 848 0 0 0 0 
75 56 1 1 0 0 
679 667 0 0 1 0 
158 162 0 0 0 0 
511 510 0 1 0 0 
288 290 1 0 0 0 
934 942 0 1 0 1 
657 666 0 0 0 0 
622 611 0 0 0 0 
246 262 0 1 0 0 
385 389 0 0 1 1 
732 725 0 0 0 0 
157 162 0 0 0 0 
60 68 0 0 0 0 
195 205 1 0 0 0 
823 819 0 0 1 0 
171 188 0 1 0 0 
657 647 0 0 0 0 
553 549 0 0 0 0 
187 200 0 0 0 0 
724 742 0 0 0 0 
815 806 1 0 0 0 
408 401 0 0 0 0 
372 359 0 1 1 0 
555 559 0 0 0 0 
679 681 0 1 0 0 
337 325 0 1 0 0 
317 303 0 0 0 0 
203 211 0 0 1 1 
846 845 0 0 0 1 
911 907 0 0 1 0 
735 754 0 0 0 0 
702 704 1 0 0 0 
508 525 0 0 0 1 
732 714 1 0 0 0 
525 517 1 0 0 0 
117 127 0 0 0 0 
976 967 1 0 0 0 
799 813 0 0 0 0 
79 63 0 1 0 0 
791 776 0 0 0 0 
244 231 1 0 0 1 
880 871 1 0 0 0 
238 224 1 1 1 0 
579 562 0 0 0 0 
773 762 0 0 0 0 
621 619 0 1 1 0 
239 235 1 0 1 0 
675 688 0 1 0 0 
614 607 1 0 0 1 
203 208 1 0 0 0 
830 833 0 0 0 0 
163 170 0 1 0 0 
491 495 1 0 0 0 
227 212 0 0 0 0 
199 190 0 1 0 0 
390 389 0 0 0 0 
277 294 1 0 1 0 
789 782 0 0 0 0 
729 737 0 1 0 0 
197 208 1 0 0 0 
936 943 0 0 0 0 
706 712 0 0 0 0 
245 253 0 1 0 0 
657 649 0 0 0 1 
390 372 1 0 0 0 
17 19 0 0 0 0 
298 286 1 0 0 0 
138 124 0 0 0 0 
59 74 1 0 0 1 
435 450 0 0 0 0 
460 451 0 0 1 0 
327 309 0 1 0 1 
605 599 0 0 0 0 
150 144 0 0 0 0 
226 213 0 0 0 0 
384 377 0 0 0 0 
94 106 0 0 0 0 
635 650 0 0 1 0 
656 647 0 0 1 0 
464 469 0 0 0 0 
623 627 0 0 0 0 
453 459 0 1 1 0 
401 410 0 0 0 0 
761 742 0 1 1 0 
620 629 0 0 0 0 
719 724 0 0 0 0 
130 147 0 1 0 0 
805 824 0 0 0 1 
515 502 0 0 0 0 
610 629 0 0 1 0 
480 482 1 1 0 0 
543 542 0 0 0 0 
560 553 0 0 0 0 
925 912 0 0 0 0 
555 536 1 0 0 1 
898 915 0 1 0 0 
595 603 0 0 0 0 
568 572 0 0 0 1 
588 607 0 0 0 0 
782 783 1 0 1 0 
597 583 0 1 0 1 
391 408 0 1 0 0 
104 112 0 0 0 0 
388 386 0 0 0 0 
374 385 0 0 0 0 
57 73 0 0 1 0 
554 568 0 1 0 0 
229 236 0 0 0 0 
440 433 0 0 0 1 
520 523 0 0 1 0 
284 267 0 0 0 0 
695 706 0 0 1 0 
389 383 0 1 1 0 
950 935 0 0 1 0 
194 176 1 0 1 0 
53 68 0 0 0 1 
629 642 0 0 0 1 
247 240 0 1 0 1 
773 762 1 1 0 0 
82 78 0 0 0 0 
894 883 0 1 0 0 
272 284 0 0 0 0 
763 758 1 0 0 0 
209 195 0 0 1 1 
594 580 0 0 0 0 
598 605 0 0 0 0 
723 704 0 0 1 0 
241 258 0 0 0 1 
113 129 0 0 1 0 
274 264 0 0 0 0 
135 129 0 0 0 0 
288 302 0 0 0 0 
992 974 1 0 0 0 
962 974 0 0 0 1 
568 563 0 0 0 0 
794 810 0 1 0 0 
648 649 0 0 0 0 
554 540 0 0 0 0 
102 96 0 0 1 0 
316 316 0 0 0 0 
412 422 0 0 0 0 
863 844 0 1 0 1 
221 207 0 0 1 0 
539 541 0 0 1 0 
370 365 1 0 0 0 
57 64 0 0 0 0 
827 839 0 0 0 1 
821 831 0 0 0 1 
77 76 0 1 1 0 
456 467 0 0 0 0 
510 513 0 0 0 0 
48 34 0 0 0 0 
20 10 1 0 0 0 
11 4 1 0 0 0 
917 914 0 0 0 0 
385 392 0 0 0 0 
796 808 0 1 0 0 
452 471 1 1 0 0 
180 175 1 0 0 0 
97 113 0 0 0 0 
700 709 0 0 1 1 
98 92 0 0 0 1 
131 123 1 1 0 0 
156 154 0 0 0 1 
940 925 0 0 0 0 
537 538 0 1 0 0 
189 208 0 0 1 1 
921 938 0 1 1 0 
137 146 0 0 0 0 
606 600 0 1 0 0 
455 468 0 0 0 1 
973 973 0 0 0 0 
285 277 0 0 1 0 
425 431 0 0 0 0 
698 704 0 0 0 1 
776 765 0 0 0 0 
856 844 0 0 1 0 
206 191 1 1 0 0 
153 164 0 0 0 0 
151 138 0 0 0 0 
499 500 1 1 0 1 
355 347 0 0 0 0 
722 730 0 0 1 0 
918 921 1 0 0 1 
893 875 0 0 1 0 
410 429 0 0 0 0 
897 914 0 0 1 0 
323 325 1 0 0 0 
408 410 0 0 0 0 
545 526 0 1 0 0 
386 370 0 0 0 0 
909 911 0 1 0 1 
865 867 0 0 0 0 
197 206 0 0 0 0 
314 326 1 1 0 0 
578 559 0 0 1 0 
736 743 0 0 0 0 
684 665 1 1 1 0 
372 371 0 0 0 0 
340 341 0 0 0 0 
875 865 0 1 0 0 
378 372 0 0 1 0 
746 759 0 0 0 0 
203 216 0 1 0 1 
628 613 0 0 0 0 
982 989 1 1 0 0 
416 420 0 0 0 0 
866 858 0 0 1 0 
903 888 0 0 0 0 
139 120 0 0 0 0 
966 960 1 1 0 0 
755 764 1 0 0 0 
195 192 0 0 0 0 
214 232 0 1 1 0 
428 434 0 1 1 0 
975 957 0 0 1 0 
838 835 0 0 0 0 
193 199 0 0 1 0 
823 816 0 0 0 0 
564 566 0 0 0 1 
587 587 0 1 0 0 
168 159 0 0 0 0 
359 346 0 0 0 0 
814 818 1 0 0 0 
387 387 0 1 1 0 
488 502 0 0 0 0 
444 439 0 0 0 0 
56 48 0 0 0 0 
301 314 0 0 0 1 
808 802 0 1 0 0 
791 789 0 1 0 0 
420 419 0 1 0 1 
373 355 1 1 0 0 
357 374 0 0 1 0 
276 272 0 1 0 1 
631 648 0 1 1 1 
271 271 0 0 0 1 
19 28 1 0 0 0 
503 506 1 0 0 0 
566 551 0 0 0 0 
549 556 0 0 0 0 
635 646 0 0 0 1 
970 978 0 0 0 0 
92 85 0 0 0 0 
235 230 0 0 1 0 
689 694 0 0 0 1 
136 137 0 0 0 0 
536 532 0 0 1 1 
986 988 0 0 1 0 
470 461 1 0 0 0 
33 35 0 0 0 0 
518 507 0 1 0 0 
261 248 0 0 0 0 
980 963 0 0 0 0 
191 199 0 0 0 0 
520 525 0 0 0 1 
841 841 0 1 0 0 
909 913 0 0 0 0 
793 809 1 1 0 0 
463 448 0 1 1 0 
671 676 0 1 1 0 
987 984 0 0 0 0 
845 831 0 0 0 1 
709 721 0 0 0 0 
176 168 1 0 0 1 
279 261 1 0 1 0 
364 362 0 1 0 0 
508 516 1 0 1 0 
223 234 0 0 0 0 
813 800 0 0 0 0 
645 645 0 0 0 0 
528 541 0 0 0 0 
687 704 0 0 0 0 
699 704 0 0 0 0 
853 867 1 0 0 0 
401 396 0 0 1 0 
437 429 0 0 0 1 
775 782 0 0 0 0 
377 364 0 1 0 0 
196 208 0 0 0 0 
388 379 1 0 0 0 
260 278 0 0 0 0 
283 297 0 0 0 0 
62 70 0 1 0 0 
829 814 1 1 0 1 
540 546 0 0 0 0 
610 600 1 0 0 0 
347 331 0 0 0 0 
577 571 0 0 0 0 
892 896 0 0 0 0 
654 636 0 1 0 0 
170 183 0 0 0 0 
123 138 0 0 0 0 
310 304 0 1 0 0 
588 600 0 1 0 0 
181 168 0 1 0 1 
27 13 0 0 1 1 
633 617 0 0 0 0 
552 560 0 0 0 0 
429 414 0 0 0 0 
563 544 0 0 0 0 
800 814 1 1 0 0 
574 574 0 0 0 0 
838 856 0 1 0 0 
821 836 0 0 0 0 
719 732 0 1 0 0 
183 167 1 1 0 0 
374 358 0 0 0 0 
333 350 0 1 0 0 
352 363 0 0 0 0 
296 297 0 1 1 1 
404 411 0 0 0 0 
100 94 0 0 0 0 
463 476 0 1 0 0 
873 859 0 0 0 1 
770 772 0 0 1 0 
401 383 1 0 0 0 
452 438 0 0 0 1 
996 980 0 0 0 1 
449 445 0 0 0 0 
780 799 0 1 0 0 
503 521 0 0 0 0 
293 311 0 0 1 0 
772 761 0 0 0 0 
119 103 0 0 0 0 
259 262 0 0 0 0 
844 861 0 0 0 0 
240 239 0 0 1 0 
416 432 0 0 0 1 
634 633 0 1 0 0 
486 500 0 0 0 1 
187 191 0 0 1 0 
371 356 0 0 0 0 
900 914 0 0 1 1 
637 653 1 0 0 0 
741 749 0 0 0 0 
713 717 0 0 0 0 
913 905 0 0 0 0 
684 695 0 1 0 0 
852 865 0 0 0 0 
457 459 0 0 0 0 
514 513 0 0 1 0 
30 25 0 0 0 0 
93 108 0 0 0 0 
488 494 0 0 0 0 
547 563 1 0 0 0 
556 564 0 1 0 0 
844 834 0 0 0 0 
903 910 1 0 0 0 
586 578 0 0 0 0 
847 854 0 1 0 1 
568 576 0 1 0 0 
903 922 0 0 0 0 
618 609 0 0 0 0 
688 696 1 0 0 1 
321 309 0 0 1 0 
701 713 0 1 0 0 
578 579 0 0 0 0 
977 990 0 0 0 0 
178 186 1 0 0 0 
949 944 0 0 0 1 
306 287 0 0 0 0 
400 408 0 0 0 0 
516 523 0 1 0 0 
659 650 1 0 0 1 
390 376 0 0 0 0 
771 767 0 0 1 0 
449 461 0 0 1 0 
46 60 1 0 0 0 
850 843 0 0 0 0 
531 519 1 1 0 0 
378 364 1 0 1 0 
769 788 1 1 1 0 
322 305 0 0 0 0 
159 140 0 1 0 1 
568 554 0 0 0 1 
769 772 0 0 0 0 
59 70 1 0 0 1 
410 421 0 1 0 0 
344 336 0 0 0 1 
420 404 0 0 0 0 
481 467 0 0 0 0 
248 260 0 1 0 0 
328 315 0 0 0 0 
720 733 0 0 0 0 
630 620 1 0 0 0 
527 521 1 0 1 0 
105 116 0 0 0 0 
526 515 0 0 0 1 
517 536 0 0 1 0 
195 182 0 0 0 0 
127 137 0 0 0 0 
210 207 0 0 1 1 
622 633 0 0 0 1 
852 862 1 0 0 0 
130 148 0 0 0 0 
472 460 0 1 0 0 
520 527 0 0 0 0 
988 994 0 0 0 0 
549 537 1 0 0 1 
167 157 0 0 0 0 
770 767 0 0 0 0 
986 983 0 1 1 1 
70 59 0 0 0 0 
983 969 1 0 1 0 
571 584 0 0 0 1 
412 424 1 1 0 0 
391 404 0 0 0 0 
454 468 1 0 0 0 
556 565 0 0 1 1 
273 285 1 1 1 0 
152 170 0 0 1 0 
740 727 0 0 0 0 
778 774 0 1 0 0 
226 224 0 0 0 0 
312 326 0 0 0 0 
579 562 1 1 1 0 
715 705 1 0 0 0 
775 787 1 0 0 0 
379 373 0 1 0 0 
273 281 0 0 0 0 
301 304 1 0 1 1 
880 895 0 0 1 1 
18 26 1 1 0 0 
493 478 0 0 0 0 
615 625 1 0 0 0 
719 711 1 0 0 0 
453 439 0 1 0 0 
527 514 1 0 0 0 
605 588 0 0 0 1 
604 609 0 1 0 1 
620 634 0 0 0 1 
204 187 0 0 0 0 
836 821 0 1 0 0 
460 453 0 1 0 0 
481 494 0 1 0 0 
242 239 0 0 0 1 
916 927 0 0 0 1 
561 542 0 0 1 1 
88 94 0 0 0 0 
443 449 0 0 0 1 
673 655 0 0 0 0 
722 724 0 0 0 0 
971 953 0 0 1 0 
940 948 1 0 0 0 
509 520 1 0 1 0 
635 647 0 0 0 1 
95 79 0 1 0 0 
9 13 0 0 1 0 
565 572 0 1 0 1 
852 845 0 0 0 0 
552 555 0 1 1 1 
588 570 0 0 0 1 
198 184 0 0 0 1 
483 482 0 1 0 0 
697 712 0 1 0 0 
123 104 1 0 0 0 
238 244 0 0 0 1 
494 497 0 1 0 1 
785 776 0 0 0 0 
681 680 0 0 0 0 
560 556 0 0 0 0 
54 65 0 0 0 0 
578 580 1 0 0 0 
550 560 0 1 0 0 
743 739 1 0 0 0 
412 418 1 0 0 1 
557 557 0 0 0 0 
411 425 0 0 0 0 
563 544 0 1 0 0 
547 548 0 0 0 0 
306 315 0 1 0 0 
264 256 1 0 1 0 
708 705 0 0 1 1 
897 894 0 0 1 0 
646 657 1 0 0 1 
692 710 0 0 0 0 
982 989 0 0 0 0 
710 725 1 0 0 0 
711 692 0 0 1 0 
849 865 0 1 0 1 
649 630 0 1 0 0 
180 190 1 0 1 0 
395 378 0 0 0 0 
758 763 0 0 0 0 
692 711 0 1 1 0 
46 55 1 0 0 0 
694 676 0 0 0 1 
57 49 1 1 0 1 
887 882 0 1 0 1 
99 110 1 0 0 0 
514 524 0 1 0 0 
638 645 0 1 0 1 
943 943 0 0 0 1 
152 161 0 0 0 0 
422 438 0 0 0 1 
341 355 0 1 0 0 
945 946 1 0 1 1 
673 665 0 1 0 1 
686 684 0 0 0 1 
296 286 0 0 1 0 
664 658 0 1 0 0 
554 551 0 0 0 0 
726 737 0 0 1 0 
254 259 0 0 1 0 
78 83 0 0 0 1 
120 101 0 0 1 1 
408 414 0 0 0 0 
274 276 0 0 0 1 
897 914 0 1 0 1 
800 806 0 0 0 0 
440 428 0 0 0 1 
398 382 1 0 0 0 
475 461 1 0 0 0 
505 519 0 0 0 0 
768 758 0 0 0 0 
685 689 0 0 1 0 
443 443 0 1 0 0 
840 839 0 0 0 0 
686 691 0 0 0 0 
938 943 0 0 0 0 
586 599 0 0 0 0 
792 776 1 1 0 0 
495 509 1 1 0 0 
72 85 0 0 0 0 
125 141 1 0 0 0 
61 45 0 0 0 0 
757 760 0 1 0 0 
608 625 0 0 1 0 
783 775 0 0 0 0 
229 247 1 1 0 0 
677 666 1 0 0 0 
648 662 0 0 0 0 
853 840 0 0 0 1 
211 209 0 0 0 0 
647 661 0 0 0 0 
952 964 0 0 0 0 
136 153 0 0 0 0 
736 737 0 0 0 0 
155 148 0 0 0 1 
135 131 1 1 0 0 
928 924 0 1 0 0 
306 288 0 1 0 0 
664 649 0 0 0 0 
274 286 1 0 1 0 
674 690 1 0 0 0 
367 370 1 0 0 0 
127 139 0 0 1 0 
508 503 0 0 0 1 
664 647 0 1 0 0 
971 957 0 0 0 0 
833 839 0 0 1 0 
929 910 0 0 0 0 
490 502 1 0 0 0 
956 958 0 0 0 0 
795 794 1 0 0 0 
226 237 0 0 0 0 
389 379 0 0 0 0 
105 91 0 0 0 0 
688 700 1 1 0 0 
91 92 0 0 0 1 
448 459 0 0 1 1 
549 555 0 0 0 0 
694 703 0 1 1 1 
460 455 0 0 1 0 
819 809 0 0 0 0 
502 514 0 0 0 0 
838 824 0 0 1 0 
334 335 1 0 0 0 
660 657 0 0 0 0 
363 380 0 0 0 0 
987 996 0 0 0 1 
473 469 0 0 0 0 
707 698 0 0 1 1 
860 857 0 1 1 0 
114 102 1 0 0 0 
806 796 0 1 0 0 
514 521 0 1 0 0 
212 211 0 0 0 1 
981 972 0 0 0 0 
973 975 0 0 0 0 
476 460 0 0 0 0 
740 754 1 1 0 0 
738 721 0 0 0 1 
247 228 0 0 1 0 
91 98 0 1 0 0 
543 528 0 0 0 0 
43 37 0 0 0 0 
931 943 0 1 0 0 
961 953 0 1 0 0 
217 228 0 0 0 0 
912 901 0 0 0 1 
759 770 0 0 1 1 
838 843 0 0 0 0 
541 542 0 0 0 0 
37 22 0 0 1 0 
280 266 0 0 0 0 
236 219 0 0 0 1 
561 558 0 0 0 1 
711 726 0 0 0 1 
991 984 0 0 0 0 
891 876 0 0 1 0 
319 328 0 0 1 0 
850 852 1 0 0 0 
735 732 0 0 0 1 
614 597 1 0 0 0 
366 380 0 0 0 0 
331 318 0 0 0 0 
507 497 0 0 0 1 
739 744 0 1 1 0 
316 323 0 0 0 0 
637 648 0 0 0 1 
951 942 0 0 0 0 
421 426 0 0 0 0 
973 969 0 0 0 0 
123 129 0 0 0 0 
706 717 1 0 0 0 
579 583 0 0 0 0 
551 532 0 0 0 1 
472 461 0 1 0 0 
533 552 1 0 0 0 
868 854 0 0 0 0 
745 759 0 0 0 0 
755 759 0 1 0 1 
616 620 0 0 0 1 
318 299 0 1 1 0 
236 239 0 0 0 0 
38 41 0 0 0 1 
131 148 1 1 1 0 
546 548 0 0 0 0 
958 961 0 0 0 0 
907 894 1 1 0 1 
255 266 0 0 0 0 
306 316 0 1 0 0 
412 429 0 0 0 0 
76 71 0 0 0 1 
1000 990 0 0 0 0 
444 461 1 0 1 1 
323 322 0 0 0 0 
437 423 0 1 0 1 
56 75 0 0 0 1 
440 427 0 1 0 0 
98 86 0 1 0 0 
667 686 1 0 0 0 
878 895 0 0 0 0 
57 47 0 0 0 0 
114 126 0 0 0 1 
830 826 1 1 0 1 
852 842 0 0 0 1 
262 249 1 0 0 0 
517 502 0 1 0 0 
528 528 0 0 0 0 
271 259 0 0 0 0 
373 369 1 0 1 0 
209 201 1 0 0 1 
53 41 0 0 1 0 
738 738 0 0 0 0 
852 850 0 0 1 0 
357 375 1 0 0 0 
810 812 0 0 0 0 
192 186 0 0 0 1 
969 971 0 0 0 0 
391 398 0 0 0 0 
591 585 0 0 0 1 
64 71 1 1 0 0 
741 729 1 0 0 0 
763 774 0 0 0 0 
943 925 0 0 0 0 
456 451 1 0 0 0 
902 886 0 0 0 0 
350 341 0 0 0 0 
617 617 0 0 0 0 
567 578 1 0 0 0 
539 548 0 0 0 0 
815 820 0 0 1 0 
593 604 1 0 0 1 
537 546 1 0 0 0 
569 566 1 0 0 0 
630 648 0 0 1 0 
434 452 1 1 0 0 
458 468 0 0 0 0 
72 81 0 0 1 0 
299 317 0 0 0 1 
415 416 0 1 0 0 
565 584 0 0 0 0 
478 492 1 0 0 1 
166 171 0 0 0 0 
873 885 0 0 0 0 
212 218 1 0 0 0 
438 454 0 0 1 0 
834 821 0 0 0 1 
10 12 1 1 0 0 
399 387 0 1 0 0 
441 443 0 0 1 0 
652 635 1 0 0 1 
844 829 0 0 0 0 
964 966 1 0 1 0 
19 25 0 0 0 1 
114 126 0 1 1 1 
635 631 0 1 0 1 
206 219 0 1 1 0 
283 301 0 1 0 0 
769 775 0 0 0 1 
241 258 1 0 0 0 
526 529 0 0 0 0 
378 382 0 0 0 0 
799 815 0 0 0 0 
30 49 0 0 0 0 
978 964 0 1 0 1 
496 497 0 0 0 0 
817 813 1 0 0 1 
944 944 0 0 0 0 
708 700 0 0 0 0 
942 958 0 1 0 1 
571 554 0 0 0 0 
891 892 0 1 0 0 
896 912 1 0 0 0 
501 517 0 0 0 0 
909 892 0 0 1 0 
203 216 0 0 0 0 
450 458 0 0 0 0 
919 936 0 0 0 0 
474 461 0 0 0 0 
628 646 0 1 0 0 
169 155 1 0 0 0 
264 265 0 0 0 0 
12 13 1 1 0 1 
64 50 0 1 1 0 
346 356 0 1 1 0 
185 195 0 0 0 0 
830 826 1 0 0 0 
239 229 0 0 1 0 
542 561 0 0 1 1 
959 975 0 0 0 0 
691 687 1 0 0 0 
637 630 0 0 0 0 
364 372 1 0 0 0 
257 273 1 0 1 0 
590 578 0 1 0 1 
336 322 1 0 0 1 
308 311 0 0 0 1 
142 151 0 0 0 0 
449 437 0 0 0 0 
577 596 0 0 1 0 
801 800 0 0 0 1 
27 22 0 0 1 0 
952 943 1 0 0 0 
176 162 0 0 0 0 
640 625 0 0 0 1 
488 501 1 1 0 0 
19 3 0 1 0 0 
723 736 0 0 0 0 
287 292 0 0 0 0 
185 200 0 1 0 0 
619 624 0 1 0 1 
287 293 1 0 0 0 
389 372 0 0 0 0 
335 349 0 0 0 0 
926 935 0 0 1 1 
428 428 0 0 0 0 
715 723 0 0 1 0 
290 301 1 0 1 1 
638 646 0 0 0 1 
56 57 0 0 0 0 
257 243 0 0 0 0 
657 639 0 0 0 0 
844 834 0 1 0 0 
925 944 0 1 1 0 
834 851 0 0 0 0 
587 602 0 0 0 0 
919 902 1 0 0 0 
172 176 0 0 1 0 
916 897 0 0 0 0 
775 777 0 0 0 0 
346 360 0 1 1 0 
841 833 0 1 1 0 
241 256 0 1 1 1 
672 674 0 0 0 0 
574 556 0 0 0 0 
506 497 0 0 1 0 
842 859 1 1 1 0 
963 968 0 1 0 1 
292 305 1 0 0 1 
528 532 0 0 0 0 
229 221 0 0 0 0 
457 463 0 0 0 0 
467 451 0 0 0 0 
516 501 0 0 0 1 
316 322 1 1 0 0 
470 486 0 1 0 0 
941 946 0 0 1 0 
894 894 0 1 0 0 
365 383 0 1 0 0 
261 270 0 0 1 0 
779 768 0 0 0 0 
444 457 0 1 1 1 
296 277 0 0 1 1 
439 423 0 0 0 1 
633 649 0 0 0 0 
417 404 0 0 0 0 
709 709 0 0 0 0 
103 96 0 0 0 1 
942 926 1 0 0 0 
559 573 0 1 0 0 
381 388 0 0 0 0 
65 76 0 0 0 0 
57 52 0 0 0 1 
866 876 0 1 0 0 
512 516 1 0 0 1 
309 307 0 0 0 0 
738 742 0 0 0 0 
375 385 0 0 0 0 
762 759 0 1 1 1 
408 407 0 0 0 0 
202 216 1 0 1 1 
882 894 0 0 0 0 
333 317 0 0 0 0 
487 500 0 0 0 0 
616 612 0 1 1 0 
432 422 0 1 0 0 
156 155 0 0 1 1 
438 454 1 0 0 1 
569 573 0 1 0 0 
619 603 0 0 0 0 
396 390 0 0 0 0 
229 223 0 0 0 0 
435 438 1 0 1 0 
857 855 0 1 0 1 
955 938 0 0 0 0 
258 242 1 0 0 1 
760 755 0 0 0 1 
667 652 1 0 0 0 
304 302 0 0 0 0 
405 423 1 0 0 0 
795 782 0 1 1 0 
33 50 0 1 0 0 
943 956 0 0 0 0 
486 486 0 0 0 0 
738 743 0 1 0 0 
748 751 0 1 0 0 
237 222 0 0 0 0 
987 984 0 0 1 1 
962 956 0 0 0 0 
912 921 0 0 1 0 
750 740 0 1 0 0 
692 688 0 0 0 0 
132 132 0 0 0 0 
954 956 0 0 1 0 
296 292 0 1 0 0 
482 497 0 0 0 0 
218 219 0 0 1 0 
996 989 0 0 0 0 
37 55 0 0 0 0 
806 795 0 0 0 0 
198 183 0 0 0 0 
69 50 0 1 0 0 
320 322 0 0 0 0 
779 761 0 0 0 1 
789 780 0 0 0 1 
313 310 0 0 0 0 
227 210 0 0 0 0 
706 717 0 1 0 1 
432 443 0 1 0 0 
916 903 0 0 0 1 
575 580 0 0 0 0 
761 752 0 0 0 1 
132 120 0 0 0 0 
753 764 0 0 1 1 
525 506 1 0 0 0 
859 868 0 0 0 0 
398 412 0 1 1 0 
953 968 0 0 1 0 
955 948 0 0 0 1 
685 669 0 1 0 0 
543 525 1 1 1 0 
655 665 0 0 0 0 
22 13 0 0 0 0 
137 154 0 0 1 0 
188 198 0 0 1 0 
900 891 1 1 0 1 
428 423 0 0 0 0 
379 384 0 0 0 0 
363 348 0 1 0 0 
231 216 0 0 0 0 
443 461 0 1 0 0 
46 65 0 0 0 1 
598 589 0 0 0 0 
17 32 0 0 0 0 
655 671 0 0 1 0 
649 652 0 0 1 1 
594 575 0 0 1 0 
251 258 0 0 0 0 
593 600 0 1 1 0 
421 418 0 1 0 0 
241 245 0 0 0 0 
476 473 0 0 1 0 
669 683 0 0 1 0 
332 341 1 0 0 1 
939 920 0 0 0 0 
758 764 0 0 1 0 
177 183 0 0 0 0 
717 736 0 0 1 0 
614 612 1 0 0 0 
689 683 0 0 1 1 
110 107 0 0 0 0 
840 854 1 0 0 0 
732 727 0 0 0 0 
792 798 1 0 0 0 
440 432 0 0 0 1 
253 243 0 0 0 0 
363 347 0 1 0 0 
620 611 0 0 1 0 
651 666 0 0 0 1 
913 900 0 0 1 0 
720 738 0 0 1 0 
40 52 0 0 0 0 
44 53 0 1 0 0 
901 904 0 1 0 1 
138 145 0 0 0 0 
359 360 0 1 0 0 
338 319 1 0 0 1 
421 416 1 0 1 0 
286 292 0 0 1 0 
155 141 0 0 0 0 
662 663 1 1 0 0 
450 456 1 0 0 0 
70 63 0 0 0 1 
816 826 0 0 0 0 
524 523 0 0 0 1 
695 702 0 0 0 0 
472 487 0 1 0 0 
616 614 0 0 1 0 
379 385 0 1 1 0 
958 975 0 0 1 0 
965 954 0 1 0 0 
502 517 0 0 0 0 
494 505 1 0 0 1 
841 851 0 1 0 1 
31 22 0 0 0 0 
495 513 0 0 0 0 
439 445 0 0 0 0 
215 196 0 1 0 1 
184 167 0 0 0 0 
707 710 0 1 0 0 
345 363 0 0 0 0 
493 493 0 1 0 0 
595 596 0 0 0 0 
315 325 0 0 0 0 
855 868 0 0 0 1 
295 308 0 0 0 0 
170 181 0 0 1 0 
49 45 0 0 0 0 
836 842 0 1 0 0 
669 673 0 0 0 0 
699 706 0 0 0 0 
80 82 1 0 0 0 
523 539 0 0 0 1 
110 113 0 1 0 0 
253 269 0 0 0 0 
444 463 0 0 0 0 
809 827 0 0 0 0 
229 215 0 0 0 0 
264 249 0 1 0 1 
345 354 1 1 0 0 
472 490 0 0 0 0 
464 477 0 0 0 1 
845 833 0 1 0 0 
944 943 0 0 1 0 
408 398 0 0 0 0 
911 921 0 0 0 0 
265 266 1 1 0 0 
410 418 0 0 1 0 
670 658 0 0 0 0 
298 303 0 0 1 1 
767 765 0 0 0 0 
420 415 0 1 1 0 
218 226 0 1 0 0 
44 51 0 0 0 1 
889 890 0 0 0 0 
831 838 0 0 0 0 
886 870 1 0 1 0 
925 907 0 1 0 0 
153 150 0 0 0 0 
315 321 1 1 0 0 
670 677 0 0 0 0 
456 457 1 1 0 0 
339 335 0 0 0 0 
645 664 0 1 0 0 
631 622 0 1 1 0 
962 981 0 0 0 0 
619 636 1 1 0 0 
700 705 0 0 0 0 
802 792 0 0 0 0 
445 444 0 0 0 0 
672 663 0 0 0 0 
507 503 0 1 1 0 
376 386 0 0 0 0 
787 772 1 0 0 1 
542 525 1 1 0 0 
873 874 0 0 0 0 
882 885 0 0 0 0 
671 661 0 0 0 0 
938 957 0 0 0 0 
337 326 0 0 0 0 
842 838 0 1 0 0 
507 520 0 0 0 1 
566 564 0 0 1 0 
528 520 0 0 1 0 
222 233 0 0 0 0 
357 356 0 0 1 0 
222 211 0 0 0 0 
272 286 0 0 0 0 
417 410 0 1 1 0 
665 648 0 0 0 0 
403 409 1 1 0 0 
423 428 0 1 0 0 
62 62 1 0 0 0 
556 549 0 0 0 0 
510 494 0 1 0 1 
863 882 1 0 0 0 
936 954 0 0 1 0 
751 750 1 0 0 0 
955 950 0 0 0 0 
808 819 1 0 0 0 
959 974 0 0 0 0 
524 538 0 1 0 0 
575 564 0 0 0 1 
621 637 0 0 0 1 
40 57 0 0 0 0 
605 597 0 1 0 0 
368 383 1 0 0 1 
382 388 0 0 0 0 
368 365 1 0 0 0 
639 651 0 1 0 0 
159 170 0 1 0 1 
837 847 1 0 1 0 
707 713 1 1 0 0 
907 904 1 0 0 0 
703 705 1 0 0 0 
109 104 0 0 0 0 
723 725 0 0 0 0 
596 613 0 0 0 0 
263 247 0 0 0 0 
568 582 1 0 0 0 
360 376 0 0 0 0 
124 138 0 0 0 0 
880 898 0 0 0 0 
465 464 0 0 0 0 
546 555 0 0 1 0 
106 124 0 0 0 0 
1 17 0 1 0 0 
841 834 0 0 0 0 
111 118 0 1 0 0 
439 455 0 0 0 1 
707 724 0 0 0 1 
781 767 0 1 0 1 
49 65 0 0 0 0 
885 870 0 0 1 0 
129 120 0 1 0 0 
682 676 1 0 0 0 
302 299 1 0 1 0 
866 865 0 1 0 1 
935 937 0 0 0 0 
80 84 0 0 0 0 
970 964 0 0 1 0 
782 778 0 0 1 0 
385 383 0 0 0 1 
210 195 1 1 0 0 
522 503 1 1 0 0 
813 822 1 0 0 0 
446 461 0 0 1 0 
790 806 0 0 0 0 
388 402 0 0 1 0 
286 288 0 1 0 0 
770 763 0 1 0 0 
731 749 0 0 0 1 
279 290 1 0 0 0 
145 138 0 0 0 0 
678 688 0 0 0 0 
129 125 0 0 1 0 
52 64 0 1 0 1 
639 638 1 0 0 0 
373 383 0 0 0 0 
629 619 0 0 0 0 
419 427 1 0 1 0 
203 191 1 0 0 0 
688 692 0 0 0 0 
351 363 0 0 0 1 
870 868 0 0 0 0 
732 723 0 0 0 0 
982 969 0 0 0 0 
391 377 1 1 0 0 
322 308 1 1 1 0 
559 546 0 1 0 0 
96 84 0 0 0 0 
278 280 0 1 0 0 
480 483 1 0 0 0 
760 745 0 0 0 0 
14 22 1 0 0 0 
698 682 0 0 0 0 
286 301 1 0 1 0 
168 163 0 0 0 1 
916 916 1 0 1 0 
136 122 0 0 0 0 
614 604 0 0 0 0 
315 301 0 1 0 0 
723 710 0 1 0 1 
732 732 1 0 0 0 
767 770 0 1 0 0 
211 224 0 0 0 0 
842 837 0 0 1 0 
686 680 0 0 0 0 
237 252 0 0 1 0 
24 23 1 0 1 0 
64 52 1 1 0 0 
420 435 1 0 0 0 
165 161 1 0 0 0 
818 804 0 0 1 0 
76 90 1 1 1 0 
120 114 0 0 0 0 
457 438 0 0 0 0 
123 115 0 0 0 0 
659 672 0 1 0 1 
441 423 0 1 0 0 
261 252 1 0 0 0 
602 619 0 1 0 0 
406 421 0 0 0 1 
3 10 0 0 0 1 
29 45 0 1 0 0 
806 799 0 0 0 0 
740 738 0 0 0 1 
692 708 0 0 1 0 
711 719 0 0 0 0 
822 827 0 0 0 1 
411 411 1 0 0 0 
789 797 0 0 1 0 
681 667 0 0 0 0 
510 510 0 0 1 0 
199 181 1 0 0 0 
135 136 0 1 0 1 
730 726 0 0 0 0 
453 441 0 0 0 1 
921 906 0 0 1 0 
891 909 0 0 0 0 
719 709 1 1 0 0 
341 351 0 0 1 0 
236 252 1 0 0 0 
336 344 0 0 0 1 
291 298 0 0 0 0 
704 695 1 0 1 0 
113 111 1 0 0 0 
778 781 0 0 1 0 
256 248 0 0 0 0 
433 448 0 0 0 0 
580 570 0 0 1 0 
872 871 1 0 1 0 
371 385 0 0 0 0 
880 888 0 0 0 1 
872 873 0 0 1 0 
76 58 0 0 0 0 
361 360 0 0 0 0 
742 739 0 0 0 0 
506 488 0 0 0 0 
217 223 0 0 0 0 
109 115 0 0 0 0 
44 50 1 0 0 0 
777 770 0 0 1 0 
242 230 0 0 0 0 
693 683 1 0 0 0 
602 587 0 1 0 0 
918 907 1 0 0 0 
988 993 0 0 0 0 
707 714 0 0 0 1 
738 749 0 1 1 0 
852 860 0 1 1 1 
662 651 0 0 0 0 
45 48 1 0 1 1 
445 443 0 0 0 0 
304 292 1 0 1 0 
963 981 0 1 0 0 
303 314 0 1 0 1 
950 967 0 0 0 1 
590 597 0 0 0 0 
166 181 0 0 1 0 
67 61 0 0 0 0 
622 608 0 1 0 1 
304 289 1 0 0 0 
141 127 0 0 0 0 
989 1000 1 0 0 1 
538 524 0 0 0 0 
371 387 0 1 0 1 
51 67 0 0 0 0 
363 351 0 1 0 0 
845 838 0 1 1 1 
889 888 0 0 0 0 
464 477 1 0 0 0 
340 327 0 1 0 0 
986 994 0 0 0 0 
484 499 0 0 0 0 
387 383 0 0 0 0 
973 966 0 0 0 0 
351 337 0 0 0 0 
839 854 0 0 1 0 
908 895 0 0 0 1 
580 580 1 0 0 0 
380 366 0 0 0 0 
942 924 0 0 0 0 
177 164 0 0 0 0 
790 781 0 0 0 0 
268 264 1 0 0 0 
757 746 0 0 0 1 
21 22 0 0 0 1 
541 553 0 0 1 1 
864 851 0 0 1 0 
21 39 0 1 0 0 
354 369 0 0 0 1 
354 352 1 1 0 0 
604 587 0 0 0 1 
506 502 0 0 1 0 
90 71 0 0 0 0 
975 982 1 0 0 0 
554 572 0 1 0 1 
144 138 0 0 0 0 
978 963 0 0 0 0 
820 805 0 0 0 0 
532 524 1 0 1 0 
689 696 0 0 0 0 
949 958 0 0 1 0 
734 733 0 0 0 0 
260 268 0 0 0 0 
512 515 0 0 0 0 
255 241 0 0 0 0 
452 469 0 0 0 0 
800 819 0 1 0 0 
383 385 0 0 0 0 
154 173 0 0 0 0 
826 840 1 1 0 0 
280 264 0 0 1 0 
222 240 0 0 0 0 
735 745 0 0 0 0 
786 802 1 0 0 1 
213 209 0 0 1 0 
407 408 0 0 0 0 
974 966 1 0 0 0 
41 34 0 0 1 0 
279 297 0 1 1 1 
863 877 0 0 0 0 
556 542 0 0 0 0 
301 315 0 1 0 1 
731 726 0 0 0 0 
543 546 0 0 1 0 
424 413 0 0 0 1 
306 307 1 1 0 1 
994 987 0 0 0 0 
653 650 1 0 0 0 
592 583 0 0 1 0 
215 216 0 0 0 0 
122 131 0 0 1 0 
632 623 1 0 0 0 
860 864 1 0 0 0 
468 469 1 1 0 0 
298 297 0 0 0 0 
657 649 0 0 1 0 
645 630 0 0 0 1 
828 822 0 0 0 0 
845 835 0 0 0 0 
324 321 0 1 1 0 
63 48 0 0 1 1 
890 883 0 0 0 1 
949 953 1 0 0 0 
328 342 0 0 0 0 
59 44 1 0 0 0 
68 52 1 0 0 0 
457 446 0 1 0 0 
350 349 0 0 0 1 
481 464 0 0 0 0 
1000 994 0 0 0 0 
417 418 0 0 1 0 
826 818 0 0 0 0 
16 14 1 1 0 0 
136 122 0 0 0 0 
497 513 0 0 0 0 
395 378 1 0 0 1 
340 345 0 0 0 1 
240 237 1 1 0 0 
337 325 0 0 0 0 
933 937 0 0 1 0 
766 756 0 1 0 0 
442 458 0 0 1 0 
467 451 1 0 0 0 
869 882 0 0 1 0 
376 366 0 0 0 0 
645 663 1 0 1 0 
712 707 1 1 0 0 
218 199 1 0 0 0 
616 610 0 0 0 0 
810 795 0 0 0 0 
929 943 1 1 0 0 
321 339 1 0 0 0 
284 287 0 1 0 1 
241 247 0 0 0 0 
339 353 0 1 0 0 
342 340 0 1 1 0 
620 630 0 0 0 0 
289 294 0 0 0 0 
711 698 0 1 1 0 
311 317 1 0 0 1 
635 643 1 0 0 0 
267 268 0 0 0 0 
56 57 0 0 0 0 
650 650 0 0 0 0 
321 306 0 0 0 0 
888 892 0 0 0 1 
589 580 0 0 0 0 
183 200 0 0 1 0 
708 716 0 0 0 0 
31 25 0 0 1 0 
607 601 1 0 0 0 
907 913 0 0 0 1 
37 33 0 0 0 0 
792 788 0 0 0 0 
566 554 0 0 0 0 
621 617 0 0 1 0 
685 673 0 1 0 0 
293 292 0 0 1 1 
900 918 1 0 0 0 
551 562 1 0 0 0 
658 656 0 0 0 1 
934 926 0 0 0 0 
286 290 0 0 0 0 
383 399 0 0 0 1 
581 568 0 1 0 0 
653 640 0 0 1 0 
267 259 1 0 1 1 
301 293 1 0 1 0 
208 192 1 0 0 0 
725 728 0 0 0 1 
479 462 1 0 0 0 
375 382 0 0 1 0 
487 495 0 0 0 0 
501 482 1 0 0 1 
45 59 1 0 0 1 
221 215 0 0 0 0 
596 586 0 0 0 0 
617 621 0 0 0 0 
740 738 0 0 0 0 
20 30 0 0 0 0 
397 408 0 0 0 0 
433 423 0 0 0 0 
793 780 0 0 0 0 
111 125 1 0 0 0 
20 15 0 0 0 0 
21 26 0 0 0 0 
291 278 0 0 0 0 
257 271 0 0 0 0 
633 648 0 0 1 0 
323 315 0 0 0 0 
7 3 1 0 0 0 
577 571 0 0 0 1 
783 790 1 0 0 1 
13 11 0 0 0 0 
578 560 0 0 0 0 
734 752 0 0 0 0 
665 659 1 0 0 0 
447 430 1 0 1 0 
165 175 0 0 0 0 
27 8 0 1 1 0 
518 537 0 1 0 0 
759 741 0 0 1 0 
213 194 1 0 0 0 
39 39 0 0 0 0 
773 771 0 1 0 0 
881 879 1 1 1 0 
735 744 0 1 0 0 
222 233 0 0 0 1 
709 725 0 0 0 0 
837 853 0 0 1 1 
871 882 0 0 0 0 
977 993 0 0 0 1 
379 365 0 0 1 0 
836 817 0 0 0 0 
836 844 0 0 0 0 
967 963 0 0 0 1 
806 813 0 1 0 0 
833 843 0 0 0 0 
823 804 0 0 0 0 
476 489 0 0 0 0 
724 720 0 0 1 0 
790 787 0 0 1 0 
299 288 0 0 1 0 
297 286 0 0 1 0 
115 102 0 0 0 0 
206 208 0 0 0 0 
179 168 0 0 1 0 
747 730 1 0 0 0 
339 338 0 1 0 0 
817 809 0 1 1 0 
83 91 0 0 0 1 
3 9 1 0 1 0 
593 587 0 1 0 1 
392 388 0 0 1 0 
586 590 0 0 0 0 
677 667 0 0 1 1 
855 864 0 1 1 0 
190 196 0 0 0 0 
268 254 0 1 0 0 
191 183 0 1 1 0 
202 192 1 0 0 0 
845 835 1 0 0 1 
917 902 0 0 0 0 
110 120 0 0 0 1 
498 498 0 0 1 0 
22 21 1 0 1 0 
360 342 0 1 0 1 
388 400 0 0 0 0 
317 302 0 1 1 1 
852 864 0 0 0 0 
379 365 0 1 1 0 
729 742 0 0 0 0 
61 66 0 0 0 0 
221 239 0 0 0 1 
637 655 0 0 0 1 
515 526 1 0 0 1 
747 737 0 0 1 0 
870 886 0 0 0 0 
399 398 1 0 0 0 
128 112 0 1 0 0 
472 470 0 1 0 0 
703 690 0 0 0 0 
240 232 0 0 0 0 
155 165 0 1 0 0 
786 787 0 0 0 0 
34 24 1 0 0 1 
602 610 0 0 0 0 
477 487 1 0 0 0 
593 586 0 1 0 1 
461 476 0 0 0 1 
223 223 0 0 0 0 
222 224 0 0 1 0 
41 25 0 0 1 0 
322 307 1 0 0 0 
559 563 1 0 0 1 
717 714 1 0 0 1 
486 504 0 0 0 0 
178 159 1 0 1 0 
924 939 0 0 0 1 
610 627 0 0 0 0 
26 30 1 0 0 0 
740 724 0 0 0 0 
979 963 0 0 0 0 
417 416 1 0 0 0 
334 353 0 0 0 1 
910 926 0 0 0 0 
504 511 0 0 1 0 
446 448 0 0 0 0 
858 871 0 0 1 0 
641 630 1 0 0 0 
877 881 0 0 1 0 
648 630 0 1 0 1 
252 250 0 0 1 0 
692 675 0 0 0 0 
242 232 0 0 0 0 
754 753 0 0 0 0 
647 638 0 0 0 0 
415 430 0 1 0 0 
960 979 0 0 0 0 
352 357 0 0 1 0 
69 58 0 0 1 1 
710 692 0 0 0 1 
141 129 0 0 0 0 
617 614 0 1 0 1 
243 258 0 0 0 0 
621 610 1 0 0 0 
273 272 0 0 0 0 
200 181 0 0 0 0 
471 453 1 1 0 0 
221 225 1 0 1 1 
345 341 1 0 1 1 
339 349 0 1 0 0 
303 288 0 1 1 1 
651 661 0 1 0 0 
844 848 0 1 0 1 
246 236 0 0 0 0 
630 642 0 0 0 0 
217 208 1 0 0 0 
296 308 0 0 0 0 
853 871 0 0 0 0 
313 312 0 0 0 0 
81 66 0 1 0 0 
65 82 1 0 0 0 
564 582 0 0 0 0 
280 293 0 0 0 0 
914 927 0 0 0 0 
522 541 1 0 0 0 
452 465 0 0 0 0 
389 404 0 1 0 1 
625 608 0 1 0 1 
113 120 1 0 0 0 
481 489 0 1 0 0 
133 115 0 0 0 0 
448 463 0 1 0 1 
533 530 0 0 0 1 
851 845 0 1 0 0 
270 268 0 0 1 0 
93 81 0 0 0 0 
46 39 0 0 0 0 
371 364 0 0 0 0 
460 467 0 0 0 0 
884 872 0 1 0 0 
421 425 0 0 0 1 
316 314 1 0 0 0 
388 380 1 0 0 0 
784 797 0 0 0 0 
853 849 0 0 0 0 
820 837 0 0 1 0 
418 401 0 0 0 0 
17 2 1 0 1 1 
461 461 0 0 0 0 
701 719 0 1 0 0 
56 59 0 0 0 0 
618 625 0 0 0 0 
779 789 0 0 0 0 
806 814 0 0 0 0 
186 192 0 0 0 1 
701 703 0 1 0 0 
254 268 0 0 0 0 
751 759 0 0 1 1 
528 540 1 0 1 0 
264 257 0 0 0 0 
913 930 0 1 1 0 
96 102 0 1 0 0 
874 891 0 0 0 0 
680 684 0 0 0 0 
95 89 0 0 1 1 
878 862 0 0 0 0 
903 905 0 0 1 0 
59 44 0 0 1 0 
418 412 1 0 1 0 
725 734 0 0 1 0 
545 533 0 1 1 0 
973 988 0 0 0 0 
974 956 0 1 1 0 
189 173 0 0 0 0 
184 167 0 0 0 0 
802 818 1 0 1 1 
244 247 0 0 0 0 
576 570 0 0 0 1 
512 496 1 0 0 0 
231 224 0 0 0 0 
62 63 0 0 0 0 
609 619 0 0 0 0 
193 191 1 0 0 1 
196 193 1 0 0 0 
295 278 0 0 0 1 
986 983 0 0 0 0 
254 256 0 0 0 0 
987 971 0 0 0 0 
310 322 1 1 0 0 
85 67 1 0 0 1 
528 518 0 0 0 1 
431 426 0 0 0 0 
532 539 0 0 0 1 
974 967 0 0 0 0 
436 434 1 0 0 0 
755 750 1 0 0 0 
335 331 0 0 0 0 
991 994 0 0 0 0 
591 576 0 0 0 0 
838 836 1 0 0 0 
592 575 0 0 1 0 
520 535 1 0 0 1 
845 850 1 0 0 0 
214 228 0 0 0 0 
980 968 0 0 0 0 
386 372 0 0 0 0 
902 920 0 0 0 0 
198 190 1 0 1 0 
553 539 0 1 0 0 
259 270 0 0 0 1 
37 29 1 0 0 1 
367 377 0 0 1 0 
815 824 0 0 0 0 
763 782 0 1 0 0 
831 845 0 0 1 0 
896 879 0 0 1 0 
218 217 0 0 0 0 
257 257 1 0 0 0 
11 12 0 0 0 0 
789 805 0 0 0 0 
42 53 0 1 0 0 
47 39 0 0 0 0 
433 441 0 0 0 1 
575 571 1 0 0 1 
119 130 0 0 1 0 
778 787 0 0 0 0 
956 954 1 0 0 1 
719 707 1 0 0 0 
450 436 0 0 0 1 
574 592 0 1 0 0 
516 529 0 0 0 1 
75 74 1 0 0 0 
844 857 0 0 0 0 
247 236 1 0 0 0 
609 612 0 0 0 1 
769 755 0 0 0 0 
144 163 1 0 1 1 
860 879 0 1 1 0 
991 986 0 0 0 0 
65 59 1 1 0 0 
74 78 0 0 0 1 
964 982 0 0 0 0 
491 504 1 0 0 0 
362 378 0 0 0 0 
472 490 0 0 0 0 
129 137 0 1 0 0 
145 140 0 0 1 0 
210 193 1 0 1 1 
905 896 0 0 0 1 
130 139 1 0 0 0 
815 807 0 0 0 0 
741 731 1 1 0 0 
291 306 0 0 0 1 
796 782 0 1 0 0 
936 933 1 0 0 0 
479 497 0 1 0 0 
650 648 0 0 0 0 
869 856 0 1 1 0 
586 598 0 0 0 1 
952 951 1 0 0 0 
123 120 0 0 1 0 
151 161 1 0 0 0 
901 885 1 0 0 0 
595 594 1 0 0 0 
73 84 0 0 0 0 
22 38 0 0 0 0 
442 446 0 0 0 0 
702 686 0 0 0 0 
83 78 0 0 0 1 
692 706 0 0 0 0 
577 562 0 1 0 0 
361 349 0 0 0 1 
418 411 0 0 1 0 
397 415 0 0 0 0 
968 961 0 0 0 1 
121 137 0 0 0 0 
34 24 0 0 1 0 
850 855 0 1 0 0 
291 288 0 0 0 1 
902 921 0 0 1 0 
295 305 0 1 1 0 
906 916 0 0 1 0 
348 351 0 0 0 0 
710 723 0 1 1 0 
242 246 0 0 0 1 
418 402 0 0 0 0 
882 885 0 0 0 0 
321 319 0 0 0 0 
236 248 0 0 1 0 
23 14 0 0 0 0 
97 83 0 0 0 0 
451 434 0 1 1 0 
200 200 0 0 0 0 
998 996 0 1 0 1 
664 666 0 1 0 0 
390 396 1 0 0 0 
138 141 0 0 0 0 
178 164 0 0 0 0 
316 311 1 0 1 0 
494 498 1 0 1 0 
705 714 0 1 0 0 
995 999 1 0 0 1 
109 105 0 0 1 1 
854 873 0 0 0 0 
267 280 0 0 1 0 
578 565 0 1 0 0 
804 823 0 1 0 0 
68 80 0 0 0 1 
766 755 0 1 0 1 
114 130 0 0 0 1 
448 450 0 0 0 0 
243 253 0 0 1 0 
45 47 0 0 0 0 
425 411 1 1 0 0 
71 75 0 0 0 0 
627 640 1 0 0 1 
42 41 0 0 0 0 
383 389 0 0 0 0 
19 28 0 0 1 1 
767 784 0 1 0 0 
839 855 0 0 0 0 
71 56 0 0 0 0 
683 693 0 0 0 0 
246 251 0 0 0 0 
955 945 0 0 0 1 
573 583 1 0 0 0 
269 277 0 0 1 0 
340 346 0 0 1 0 
887 906 0 0 1 0 
401 389 0 0 0 0 
440 422 0 0 0 0 
654 673 0 0 0 0 
980 966 0 1 0 0 
960 961 0 1 1 0 
774 761 0 0 0 0 
745 752 0 0 0 0 
786 784 1 0 0 0 
631 628 0 1 0 0 
254 235 0 1 1 0 
490 506 0 0 0 0 
285 297 0 0 1 0 
561 560 0 0 0 1 
983 999 0 0 0 0 
131 128 0 0 0 0 
664 645 0 0 0 1 
982 995 0 0 0 0 
764 750 1 1 0 0 
287 289 0 0 1 0 
206 205 0 0 0 0 
893 882 1 1 1 0 
405 398 0 0 0 0 
148 152 0 0 1 0 
946 954 0 0 0 0 
123 124 1 0 0 0 
882 863 0 0 0 1 
276 273 0 0 1 0 
755 741 0 0 0 0 
234 220 0 0 0 0 
32 36 1 1 0 0 
879 875 0 0 0 0 
402 390 0 0 0 1 
933 935 0 0 0 1 
484 480 0 0 0 0 
199 215 0 0 0 0 
938 928 0 0 0 0 
327 328 0 0 0 0 
87 97 0 0 0 1 
512 495 0 0 0 0 
806 788 0 1 0 0 
412 399 0 0 0 1 
635 643 0 1 0 1 
925 939 0 0 0 0 
757 741 0 0 0 0 
133 145 0 0 0 0 
278 268 0 0 1 0 
783 801 0 0 0 0 
365 351 0 0 0 1 
569 555 0 1 0 0 
694 707 1 0 0 0 
610 602 0 0 0 0 
503 514 1 1 0 0 
793 796 1 1 0 0 
348 333 0 1 1 0 
829 831 1 1 0 1 
17 10 0 0 0 0 
817 800 1 0 1 0 
910 919 0 1 0 1 
190 196 0 1 0 0 
574 589 0 1 0 0 
105 92 0 0 0 1 
834 815 0 1 0 0 
833 832 0 1 0 0 
737 756 1 0 1 0 
439 457 1 0 1 0 
845 859 0 0 1 1 
971 968 0 0 1 0 
232 222 0 0 0 0 
366 383 0 1 0 0 
236 253 0 1 1 1 
360 371 0 0 0 0 
510 524 0 0 0 1 
401 414 0 0 0 1 
464 445 1 1 0 0 
160 148 1 1 0 0 
672 683 0 0 0 0 
826 826 0 1 0 1 
181 184 0 0 1 0 
205 199 0 0 0 0 
795 796 1 0 0 0 
733 737 0 0 0 0 
541 547 0 0 0 0 
42 54 0 0 0 0 
475 488 0 0 0 0 
937 923 0 0 0 0 
997 994 0 0 1 1 
661 647 0 0 1 0 
656 647 0 0 0 0 
88 77 0 0 1 0 
177 162 1 0 0 0 
91 75 0 1 0 1 
457 444 1 0 0 0 
26 25 0 0 1 0 
568 561 1 0 0 0 
949 968 0 0 1 0 
356 340 0 0 0 0 
560 570 0 0 1 1 
380 372 0 0 0 1 
832 843 0 0 0 0 
945 958 0 0 1 0 
787 797 1 1 0 0 
410 394 0 1 0 0 
521 511 1 0 0 0 
44 41 0 0 0 0 
915 912 0 0 0 0 
930 914 0 0 0 0 
297 315 0 0 0 1 
30 17 0 0 0 0 
871 866 0 0 0 0 
264 276 1 0 1 0 
887 904 0 0 0 0 
643 655 1 0 1 0 
833 846 0 1 1 0 
700 690 1 1 0 1 
37 32 0 0 0 0 
400 384 0 0 0 0 
56 46 0 0 0 0 
862 872 0 0 0 0 
192 174 0 1 0 0 
616 613 0 0 1 0 
145 132 0 0 1 0 
961 945 0 0 0 0 
897 892 0 0 0 0 
451 455 1 0 0 1 
787 789 1 0 0 0 
356 346 1 0 0 0 
584 581 0 0 0 0 
102 107 0 0 0 0 
592 584 0 0 0 0 
852 852 0 1 0 0 
534 530 0 0 1 1 
161 180 0 1 0 0 
486 485 0 0 0 0 
114 115 0 0 0 0 
857 860 0 0 0 1 
434 422 1 1 0 1 
385 366 0 0 0 0 
383 386 1 1 0 0 
436 435 0 0 1 1 
109 98 0 0 1 0 
662 661 0 0 0 1 
720 720 0 0 0 0 
886 896 0 0 0 1 
133 128 0 0 0 0 
544 538 0 0 0 0 
197 200 0 0 0 0 
143 138 0 0 0 0 
693 688 1 0 1 0 
522 514 0 1 1 0 
401 416 0 0 0 0 
863 873 0 0 0 0 
331 345 0 1 0 1 
524 527 0 0 1 0 
885 881 0 0 0 1 
198 182 0 0 0 0 
713 719 1 1 1 0 
83 90 0 0 0 0 
256 257 0 0 0 0 
306 310 1 0 0 0 
808 791 1 1 0 0 
87 89 0 0 0 0 
542 523 0 0 1 0 
456 469 0 1 0 0 
181 171 1 1 1 0 
572 562 0 0 1 0 
42 34 0 0 0 1 
186 188 0 1 1 0 
729 741 0 1 0 1 
177 164 0 0 0 0 
229 245 0 0 0 0 
34 21 0 0 0 0 
956 952 1 1 0 0 
72 90 0 0 0 1 
719 702 0 0 0 0 
520 530 0 1 0 0 
766 761 0 0 0 0 
760 755 0 0 0 0 
577 587 0 0 0 0 
964 949 0 0 0 1 
392 376 0 0 0 1 
881 879 0 0 0 0 
560 566 0 0 0 0 
487 499 1 0 0 0 
847 857 0 0 0 0 
182 184 1 1 1 0 
707 720 0 0 1 0 
364 350 0 0 0 0 
571 566 0 0 0 0 
896 886 0 0 0 0 
923 923 1 0 0 1 
141 160 0 0 0 0 
178 170 0 0 0 0 
648 636 0 0 1 1 
122 104 1 0 0 0 
352 356 1 0 0 0 
364 354 0 1 0 0 
241 244 0 0 0 0 
680 699 0 1 0 0 
169 176 1 0 1 0 
526 511 1 1 0 0 
961 969 0 0 0 0 
609 620 0 0 0 0 
685 682 0 1 1 0 
514 503 0 0 0 1 
785 787 0 1 0 0 
310 316 1 0 1 0 
811 818 0 0 1 0 
405 421 0 0 1 0 
514 530 1 1 0 0 
451 447 0 1 0 0 
956 974 1 0 0 0 
675 673 0 0 1 0 
932 949 0 0 0 0 
799 817 1 0 0 0 
398 387 0 0 0 0 
549 562 0 0 0 0 
907 915 0 1 0 0 
505 487 1 0 0 0 
921 912 0 0 0 0 
500 519 0 0 0 0 
288 281 0 0 0 0 
397 385 0 1 0 1 
284 278 0 0 0 1 
451 466 0 0 0 1 
346 348 1 0 0 1 
35 30 0 0 0 0 
231 243 0 0 1 0 
324 305 0 0 0 0 
355 374 0 1 1 0 
552 564 0 0 0 0 
916 928 0 0 0 0 
641 631 0 0 0 0 
742 740 0 0 0 0 
655 664 1 1 0 0 
52 35 0 0 0 0 
144 157 0 0 1 1 
396 383 0 1 0 0 
946 950 1 0 1 1 
439 440 1 0 0 1 
77 78 0 0 1 0 
274 267 0 0 1 0 
432 423 0 0 0 1 
220 230 0 0 0 1 
841 838 0 1 0 0 
711 730 0 0 0 0 
338 340 0 0 0 0 
82 78 0 0 0 0 
686 676 0 0 0 0 
973 959 0 1 0 0 
748 760 0 0 0 0 
578 577 1 0 1 1 
856 857 0 1 0 0 
2 5 0 1 1 0 
353 372 0 0 1 0 
562 552 0 0 0 0 
710 703 1 0 0 0 
414 404 0 1 0 0 
396 412 0 0 0 0 
610 606 1 0 0 1 
80 61 0 1 1 1 
621 639 0 1 0 0 
655 651 0 1 1 0 
509 526 0 0 0 0 
869 853 0 0 0 0 
213 227 0 0 1 1 
731 734 0 0 0 0 
72 80 0 1 0 0 
274 256 0 0 0 0 
147 161 1 0 0 0 
84 65 0 0 0 0 
619 616 0 0 0 0 
817 800 0 0 1 0 
889 876 0 0 1 0 
924 905 0 0 0 0 
500 493 0 0 0 0 
902 892 0 0 1 1 
340 354 1 1 0 1 
945 950 0 1 0 0 
593 591 0 0 1 0 
353 335 0 0 0 0 
663 661 0 0 0 1 
136 121 0 0 1 0 
404 402 1 0 0 0 
489 504 0 0 0 0 
622 608 0 0 0 0 
454 466 0 1 0 0 
824 808 0 1 0 0 
13 19 0 0 0 1 
742 750 0 0 0 0 
418 413 0 0 0 1 
679 683 0 0 0 1 
261 242 0 0 1 0 
197 212 0 0 1 0 
240 226 0 0 1 1 
235 240 0 0 0 0 
884 890 0 0 1 0 
951 939 0 0 0 0 
926 939 1 0 0 0 
639 623 1 0 0 0 
265 251 0 0 0 0 
128 122 1 0 0 1 
353 362 1 0 0 0 
420 403 0 0 0 0 
776 767 0 0 0 0 
923 934 1 0 0 0 
938 943 0 0 0 0 
154 152 1 1 0 1 
522 533 0 0 1 1 
650 642 0 0 0 0 
483 486 0 0 0 0 
659 650 1 0 0 0 
37 28 0 0 0 0 
823 828 0 0 0 0 
252 240 0 0 0 1 
929 936 0 0 0 1 
393 385 0 0 0 0 
261 276 1 0 0 0 
904 885 0 1 0 1 
570 577 1 1 0 0 
951 969 0 0 0 0 
405 407 0 0 0 1 
898 899 1 0 0 0 
592 581 0 0 1 0 
713 703 1 0 1 0 
929 910 0 0 1 0 
829 832 0 0 0 0 
975 985 0 1 0 0 
42 57 0 0 1 0 
885 877 1 0 0 0 
217 226 0 0 0 0 
483 478 0 0 0 0 
934 952 0 0 0 0 
653 659 0 0 0 0 
379 366 0 0 0 0 
208 206 0 0 0 0 
914 904 0 0 1 0 
579 586 1 0 0 0 
891 882 0 0 0 1 
464 474 0 0 0 0 
892 900 0 0 0 0 
598 617 1 0 1 0 
41 38 0 0 0 0 
149 150 0 0 1 1 
193 206 0 0 1 0 
552 570 0 0 0 0 
212 193 1 0 0 0 
692 705 1 0 0 0 
243 259 0 0 1 0 
963 954 0 1 0 0 
784 766 0 1 0 0 
144 129 1 0 0 0 
588 595 0 0 0 0 
684 700 0 1 0 0 
766 750 0 1 0 0 
170 163 0 0 0 0 
453 434 0 1 0 0 
983 989 0 1 0 1 
770 769 0 0 1 0 
443 436 0 0 1 0 
793 775 0 0 0 0 
253 245 1 0 0 1 
665 669 0 1 0 0 
7 13 0 0 0 0 
186 194 0 0 1 0 
643 641 0 1 1 0 
448 443 0 0 0 0 
374 355 0 0 0 1 
110 107 0 0 0 0 
786 794 0 1 0 0 
518 512 0 0 0 0 
139 122 0 0 0 0 
974 978 0 0 0 1 
936 925 1 0 0 0 
453 471 0 0 0 0 
441 459 0 0 0 0 
135 142 0 0 1 0 
763 756 1 0 0 0 
378 384 0 0 0 0 
279 284 0 0 1 1 
895 910 0 0 1 1 
733 744 0 0 0 0 
497 505 0 0 0 0 
966 985 0 0 0 0 
538 530 0 0 0 0 
460 453 0 0 0 0 
889 877 0 1 0 0 
860 871 1 0 0 0 
655 641 0 0 0 0 
471 485 0 0 0 1 
499 500 1 0 0 0 
760 748 1 0 0 0 
221 223 1 1 1 0 
951 942 0 0 0 0 
881 899 0 1 0 0 
803 813 0 0 0 0 
843 834 0 0 0 0 
311 323 0 0 0 0 
81 70 0 0 0 0 
896 884 0 0 0 1 
59 41 0 0 0 0 
594 594 0 0 0 0 
456 462 0 0 0 0 
401 406 0 0 0 1 
154 169 0 0 1 0 
955 953 1 0 0 0 
261 268 0 0 0 1 
340 359 0 0 0 0 
525 517 0 0 0 0 
976 989 1 0 0 0 
608 626 0 0 0 0 
997 996 0 0 0 0 
835 852 0 0 0 0 
450 451 0 1 0 0 
708 702 1 0 0 1 
33 42 1 0 1 0 
465 464 0 0 0 0 
172 174 0 0 0 0 
147 158 1 0 0 0 
702 711 0 0 1 1 
773 764 0 0 0 0 
569 579 0 0 0 1 
148 149 0 1 1 0 
896 898 0 0 0 0 
319 315 0 0 0 1 
739 720 0 1 0 0 
5 2 0 0 0 0 
678 672 0 0 0 1 
304 293 0 0 0 0 
324 334 0 0 1 0 
393 386 0 1 0 0 
245 240 1 0 0 1 
192 198 0 0 0 1 
236 226 0 0 0 0 
238 226 0 0 0 0 
924 935 1 0 0 0 
452 449 1 0 1 0 
619 601 0 0 1 0 
786 774 0 0 0 0 
458 458 0 0 0 1 
489 479 0 0 0 1 
895 901 0 0 0 0 
467 476 0 0 0 0 
321 313 0 0 0 0 
961 951 0 0 0 1 
714 724 0 0 0 0 
86 99 0 0 0 0 
606 616 0 1 0 0 
815 797 0 1 0 0 
168 176 0 0 1 0 
12 7 1 0 1 0 
272 273 0 0 0 0 
305 298 0 0 0 0 
524 519 0 0 0 0 
335 353 0 0 0 0 
149 132 0 0 0 1 
218 208 1 1 1 0 
38 48 1 1 0 0 
600 590 0 0 0 0 
410 400 1 0 0 0 
184 187 0 0 0 0 
484 470 0 0 0 1 
204 190 0 0 0 0 
711 693 0 0 0 0 
187 200 0 0 0 0 
768 785 1 0 0 0 
984 969 0 0 0 0 
908 924 1 1 0 0 
542 524 0 0 0 0 
338 343 1 0 1 1 
138 149 0 0 0 0 
79 90 0 0 0 0 
207 199 1 0 0 0 
281 273 0 0 0 0 
610 628 0 0 0 0 
576 593 0 0 0 0 
308 324 0 0 0 0 
271 258 0 0 1 0 
629 644 1 0 0 0 
172 188 0 0 0 1 
98 106 0 0 0 0 
552 567 0 0 0 0 
558 547 1 1 0 1 
812 821 0 0 0 0 
464 475 0 0 1 0 
809 823 1 1 0 0 
87 98 0 0 1 0 
586 605 0 0 0 0 
239 226 0 0 0 0 
618 601 0 0 0 0 
360 365 1 0 0 0 
306 304 1 0 0 1 
678 679 0 1 0 0 
771 758 0 1 0 0 
222 213 0 0 1 0 
15 29 0 0 0 0 
903 913 1 0 0 0 
80 97 0 0 0 1 
852 853 0 0 0 0 
770 756 0 0 0 0 
262 243 0 0 0 1 
394 407 0 0 1 1 
483 495 0 0 0 1 
342 353 0 0 1 0 
400 409 0 0 0 0 
181 168 0 0 0 0 
355 370 0 0 0 0 
948 961 0 0 0 0 
273 266 0 0 0 1 
228 239 0 0 0 0 
77 75 0 0 0 0 
968 973 0 0 1 0 
52 68 0 0 0 0 
977 985 1 0 0 0 
791 787 0 1 0 0 
853 850 1 0 0 0 
738 752 0 1 0 0 
607 588 1 0 0 0 
266 270 1 1 0 0 
350 342 0 0 0 1 
730 747 0 0 0 0 
899 902 0 1 0 0 
338 335 0 0 0 0 
697 702 0 1 0 0 
261 253 0 1 0 0 
619 634 0 1 0 0 
279 288 1 0 0 0 
915 910 0 0 0 0 
229 237 1 0 0 0 
353 369 0 0 0 0 
613 620 0 1 0 0 
119 138 1 1 0 0 
434 450 0 1 0 0 
806 811 0 0 0 0 
520 520 0 0 0 0 
206 200 0 1 0 0 
144 134 0 1 1 0 
84 77 1 0 0 0 
581 567 0 1 0 1 
633 646 1 0 0 0 
942 951 1 1 1 1 
625 633 0 0 0 0 
21 33 0 1 0 1 
875 888 0 0 0 0 
382 370 1 0 0 0 
478 471 1 0 1 0 
434 418 0 0 1 0 
862 864 0 1 0 0 
996 991 1 0 1 1 
35 34 0 1 0 0 
692 699 0 0 0 0 
420 420 1 1 0 0 
316 297 0 0 0 0 
784 783 0 0 0 0 
435 436 0 0 0 0 
775 790 0 0 0 0 
259 262 0 1 0 0 
668 686 0 1 0 0 
148 146 0 1 0 0 
78 88 0 0 1 0 
164 148 0 0 0 0 
101 110 0 0 0 1 
930 912 0 0 0 0 
311 299 0 1 0 0 
697 690 0 0 1 0 
720 732 0 1 0 0 
665 654 0 0 0 1 
958 976 0 0 0 1 
180 165 0 0 0 0 
17 26 0 0 0 1 
415 396 0 0 0 1 
470 472 0 0 1 0 
79 73 0 0 0 0 
559 541 0 1 0 1 
77 84 1 0 0 0 
498 506 0 0 0 0 
925 925 1 1 0 1 
812 812 1 1 0 0 
869 862 0 1 0 0 
372 374 0 0 1 0 
45 41 0 1 0 0 
165 175 1 0 0 0 
773 789 1 0 1 0 
129 137 0 1 0 0 
634 653 1 0 1 0 
263 245 1 0 1 0 
842 845 0 0 0 0 
409 428 0 0 1 0 
889 871 1 1 1 0 
706 703 0 0 1 1 
858 865 1 0 0 0 
449 434 1 1 0 0 
362 345 0 1 0 0 
699 687 0 1 0 0 
549 542 1 0 0 0 
163 148 0 0 0 0 
66 53 0 0 0 0 
944 956 1 0 0 0 
628 629 0 0 0 0 
480 466 0 0 1 0 
226 227 0 0 0 1 
33 23 0 0 0 1 
123 124 0 1 0 0 
441 450 0 1 0 0 
913 905 0 0 0 0 
579 575 0 0 1 0 
317 302 0 1 1 0 
441 434 0 0 0 0 
177 196 0 0 0 0 
313 315 0 0 0 0 
805 821 0 0 1 0 
920 923 0 1 0 0 
904 907 0 0 1 1 
434 425 1 1 0 0 
801 816 0 0 0 1 
936 942 1 0 0 1 
223 229 0 0 0 0 
656 659 1 0 0 0 
337 340 0 0 0 1 
604 591 0 1 1 1 
460 457 0 1 0 0 
978 967 1 1 0 0 
419 432 0 0 1 0 
320 322 0 0 0 0 
446 430 0 0 0 1 
182 169 0 0 0 0 
276 289 0 0 0 0 
639 620 1 0 1 0 
895 905 0 0 0 0 
333 341 0 0 1 0 
619 628 0 1 0 0 
551 539 0 0 0 0 
37 26 0 0 0 0 
372 380 0 0 0 0 
589 590 0 0 0 0 
892 906 1 0 0 0 
947 932 1 0 0 0 
768 771 0 1 1 1 
620 617 0 1 1 0 
939 933 0 0 0 0 
684 679 0 1 1 0 
276 262 1 0 0 0 
504 485 0 0 0 0 
842 844 0 0 1 0 
956 950 0 0 0 1 
329 314 1 0 0 0 
931 917 0 0 1 0 
978 989 0 0 0 0 
664 656 0 0 0 0 
1 9 0 1 0 0 
700 686 1 1 0 0 
31 38 0 0 0 1 
533 529 0 1 1 1 
934 922 1 0 0 1 
688 678 0 1 0 0 
586 582 0 0 0 0 
45 54 0 0 0 0 
561 580 0 0 0 0 
107 97 0 0 0 0 
420 435 0 0 0 0 
845 839 0 1 1 0 
912 907 0 0 0 1 
883 868 0 0 0 0 
357 346 0 0 0 0 
786 787 0 1 0 0 
943 936 0 0 0 1 
730 715 0 0 0 1 
396 396 0 0 0 0 
985 975 0 0 0 0 
843 855 1 0 0 0 
347 341 0 1 0 0 
207 197 1 1 0 0 
153 158 0 0 0 0 
584 574 0 0 0 0 
665 673 0 0 0 0 
836 838 0 0 0 0 
982 987 0 0 0 0 
886 887 1 0 1 0 
816 801 0 1 0 0 
96 90 0 0 1 1 
193 194 0 0 0 0 
867 868 0 1 0 0 
700 684 1 1 1 0 
264 280 0 0 0 0 
831 849 0 1 0 0 
494 495 0 0 0 0 
907 901 0 0 0 0 
2 8 0 0 0 0 
488 497 0 0 0 0 
824 839 0 0 0 0 
902 890 0 0 0 0 
420 433 0 0 0 0 
432 440 0 0 0 1 
833 847 0 0 1 1 
154 161 0 1 0 1 
563 559 0 0 0 1 
155 154 0 0 1 0 
297 288 0 0 0 1 
973 955 0 0 0 0 
865 879 0 1 0 0 
231 247 0 0 1 0 
241 233 0 0 0 0 
826 837 1 0 1 0 
95 109 1 0 0 0 
378 378 0 0 1 0 
57 58 0 0 0 0 
992 991 1 0 0 1 
471 489 0 0 0 0 
930 912 0 0 1 1 
132 145 0 0 1 0 
470 468 0 0 1 0 
419 410 0 0 0 0 
637 650 1 0 0 0 
166 173 0 1 0 0 
487 487 0 0 0 0 
321 302 0 0 0 0 
370 377 0 0 0 1 
579 577 0 0 0 1 
716 733 0 0 1 0 
237 242 1 0 0 0 
156 172 0 0 0 0 
901 888 0 0 0 1 
455 444 1 0 0 0 
591 592 1 0 0 0 
577 558 0 0 0 1 
948 956 1 0 0 0 
335 352 0 0 0 0 
138 144 0 0 0 0 
909 912 1 0 0 0 
440 451 0 1 0 0 
70 51 0 0 0 0 
242 253 0 0 0 0 
661 680 0 0 0 1 
761 744 0 1 0 0 
795 777 0 0 0 1 
439 437 1 0 1 1 
739 751 0 0 0 0 
508 499 0 0 0 1 
853 861 1 0 1 0 
519 534 0 0 0 0 
337 342 1 1 1 0 
542 558 0 1 1 0 
894 913 1 0 0 0 
550 547 0 0 0 0 
880 890 0 0 0 0 
654 647 0 0 0 0 
460 451 0 0 1 0 
861 878 0 0 1 1 
299 296 0 0 1 0 
952 959 0 0 0 0 
808 805 0 0 0 0 
949 932 0 0 0 0 
846 861 0 0 0 0 
902 884 0 0 0 1 
329 317 0 0 0 0 
505 513 0 0 0 0 
265 271 0 0 1 1 
869 882 0 0 0 0 
21 15 0 0 0 0 
987 991 0 0 0 0 
475 460 0 1 0 0 
85 91 0 1 0 0 
307 293 0 1 0 0 
170 170 0 0 0 0 
699 706 0 0 0 0 
446 462 0 0 0 0 
718 709 1 0 0 0 
946 951 0 0 0 0 
819 812 0 0 0 0 
941 949 1 0 0 1 
737 725 0 0 0 0 
525 509 0 0 0 0 
114 129 0 0 0 0 
883 891 0 0 0 0 
190 200 0 0 1 0 
65 77 0 1 0 1 
35 44 0 1 0 0 
756 761 1 0 0 1 
895 895 0 0 1 0 
749 744 0 1 0 0 
569 552 0 0 0 0 
143 133 0 0 0 0 
326 343 0 1 0 1 
940 958 0 0 1 0 
644 637 0 0 0 0 
425 434 0 1 0 0 
155 168 0 0 0 0 
713 731 0 0 0 0 
282 276 1 0 0 0 
212 223 0 0 1 0 
27 41 0 0 0 1 
785 804 0 0 0 0 
75 90 0 0 0 0 
772 755 0 0 0 0 
466 484 0 0 0 0 
50 64 0 0 0 0 
497 499 0 0 1 0 
761 773 0 0 0 0 
765 748 0 0 0 1 
650 635 0 0 0 1 
118 114 0 1 0 0 
659 644 0 0 1 1 
209 210 0 1 0 0 
21 26 0 0 0 1 
980 976 0 0 0 0 
515 500 0 0 0 0 
451 460 0 1 0 0 
475 485 0 0 1 0 
150 161 0 0 0 0 
645 660 0 0 0 1 
853 847 0 0 0 0 
591 600 1 0 0 0 
364 365 0 0 0 1 
906 901 0 0 1 0 
250 244 0 0 1 0 
581 590 1 0 0 0 
286 274 1 0 0 0 
664 656 0 0 0 1 
835 820 0 1 1 0 
677 679 0 0 0 0 
89 71 0 0 0 0 
159 173 0 0 0 0 
230 234 0 0 0 0 
852 869 0 0 0 0 
157 172 0 0 0 0 
791 789 1 0 0 0 
879 877 1 0 0 0 
447 462 0 0 0 1 
921 904 0 0 0 0 
854 865 0 0 0 1 
135 129 0 0 0 0 
182 168 0 0 0 0 
101 104 0 0 0 0 
343 340 0 0 0 0 
623 624 0 0 1 0 
218 221 0 0 1 0 
904 904 0 0 0 0 
795 796 0 0 0 0 
6 23 0 0 1 0 
365 382 0 0 0 0 
40 30 0 0 0 0 
163 164 0 0 0 0 
88 70 1 1 1 0 
888 895 0 1 0 0 
931 913 0 1 0 1 
591 590 1 0 1 0 
67 70 0 0 0 1 
622 632 0 0 0 0 
238 238 0 0 0 0 
30 29 0 0 0 0 
765 763 0 0 0 0 
317 307 0 1 0 0 
811 825 0 1 1 0 
194 179 0 1 0 0 
205 223 0 0 0 1 
912 919 0 0 0 0 
647 665 0 0 0 0 
437 422 0 0 1 1 
921 937 0 0 0 0 
703 687 0 0 0 0 
619 608 0 0 0 0 
48 48 1 0 1 0 
61 45 0 1 0 0 
112 114 0 0 0 0 
626 610 1 1 0 0 
210 210 0 0 1 0 
22 39 0 0 0 1 
727 740 0 1 0 0 
131 141 0 0 0 0 
320 327 0 0 1 0 
369 361 0 0 1 0 
323 317 0 0 0 0 
13 18 0 0 0 0 
943 936 0 1 0 0 
194 192 1 0 0 1 
411 403 0 1 1 0 
357 348 1 0 0 0 
930 944 1 0 0 0 
764 752 0 0 0 0 
545 549 0 0 0 0 
686 694 0 0 0 0 
491 474 0 0 1 0 
589 600 0 0 1 0 
876 858 0 0 0 0 
519 526 1 0 0 1 
361 371 0 1 0 0 
924 909 0 0 0 0 
447 441 0 0 0 1 
590 588 0 1 1 0 
773 788 0 0 1 0 
878 871 0 0 0 0 
26 12 0 0 0 0 
517 500 0 0 1 1 
239 224 0 1 0 0 
605 591 1 0 0 1 
647 633 0 0 0 1 
600 600 0 0 0 0 
518 515 0 0 1 0 
259 272 0 0 0 0 
449 465 1 0 0 0 
774 757 0 0 1 1 
121 119 1 0 1 0 
955 944 0 0 0 0 
22 37 0 1 0 0 
772 753 0 1 0 0 
952 952 0 0 1 0 
966 975 0 0 0 0 
574 588 0 0 1 0 
312 307 1 0 1 0 
464 467 0 0 1 0 
227 233 0 1 0 1 
339 353 1 0 1 0 
321 306 0 0 0 1 
702 693 0 1 0 0 
304 321 0 0 0 0 
695 713 1 0 0 0 
502 500 0 0 0 0 
247 245 0 0 0 1 
674 680 1 1 0 0 
689 686 0 1 0 1 
440 439 0 0 1 0 
808 827 0 0 0 0 
382 369 0 1 0 0 
946 953 1 0 0 0 
421 418 0 0 0 0 
407 403 1 0 0 1 
141 136 0 0 0 0 
812 801 0 0 0 0 
951 970 0 0 0 0 
552 538 1 0 1 0 
371 369 1 1 0 1 
179 188 0 0 0 0 
716 708 0 0 1 0 
48 37 0 0 0 0 
775 777 0 0 0 0 
455 446 0 0 1 1 
596 578 0 0 0 0 
19 28 0 0 0 0 
907 915 0 0 0 0 
59 41 0 0 1 0 
17 21 0 1 1 0 
32 41 0 0 0 0 
243 253 1 0 0 0 
426 409 0 0 0 0 
970 952 0 0 0 0 
163 168 0 0 0 0 
373 380 0 0 0 1 
348 332 0 0 0 0 
244 234 1 0 0 0 
585 599 1 0 0 1 
176 190 0 0 0 0 
926 912 0 0 1 0 
181 178 0 0 0 1 
876 864 1 0 0 1 
635 646 0 0 0 0 
368 363 0 1 0 0 
363 353 0 0 0 0 
92 87 0 1 0 0 
39 30 1 0 0 0 
494 481 0 0 0 1 
64 82 0 1 0 0 
102 95 1 0 0 0 
954 968 0 0 0 0 
118 114 0 0 1 0 
444 436 0 0 0 1 
124 117 0 0 0 0 
370 389 0 0 0 1 
826 825 0 0 0 1 
957 942 0 0 1 0 
472 463 0 0 0 0 
428 444 0 0 0 0 
942 929 1 0 0 0 
929 928 0 0 0 0 
573 575 1 0 0 0 
435 444 0 0 0 0 
757 746 1 1 0 1 
288 270 0 0 0 0 
948 946 0 0 0 0 
569 552 0 1 0 0 
727 742 0 0 0 0 
411 404 1 0 0 0 
991 994 0 0 0 0 
740 746 0 0 0 0 
121 120 0 0 1 0 
972 969 0 0 0 0 
22 29 0 1 1 0 
810 795 0 0 1 0 
731 741 1 1 0 0 
114 106 0 0 0 1 
104 121 0 0 0 0 
825 818 1 1 0 0 
603 599 0 0 0 0 
233 250 0 0 0 0 
762 771 0 0 0 0 
615 608 0 0 1 0 
429 421 1 1 0 0 
248 232 0 0 1 0 
227 238 0 0 1 0 
622 641 1 0 0 1 
659 668 0 0 0 0 
443 426 1 0 0 0 
28 9 0 0 0 1 
970 987 0 0 0 0 
24 28 0 1 1 0 
318 328 1 0 0 0 
64 77 0 0 1 0 
443 433 0 0 1 0 
932 913 0 0 0 1 
294 307 0 1 0 0 
942 929 0 1 0 0 
779 792 0 0 0 0 
258 262 0 0 1 1 
603 593 0 0 1 0 
240 251 0 0 0 0 
546 543 1 1 0 0 
26 9 0 0 0 1 
743 739 0 1 0 1 
464 482 0 0 1 0 
598 614 0 0 0 0 
384 367 0 0 0 1 
566 562 1 1 0 0 
964 971 0 0 1 0 
421 407 0 1 1 1 
111 116 0 1 0 0 
196 196 0 1 1 0 
625 613 0 0 1 0 
625 625 1 0 0 0 
890 900 0 0 0 0 
93 109 0 1 0 0 
277 269 0 0 0 0 
376 367 1 0 0 1 
322 308 1 0 0 0 
943 949 0 0 0 0 
962 950 0 1 1 0 
921 931 0 0 0 0 
970 981 0 0 0 1 
50 46 1 0 0 1 
505 524 0 0 0 1 
856 872 0 0 1 0 
623 626 1 0 0 0 
512 518 0 0 1 0 
974 967 0 0 0 0 
88 93 0 0 0 0 
370 386 0 0 0 0 
401 415 0 0 0 0 
661 669 0 0 0 0 
720 726 0 1 0 0 
158 146 0 1 0 1 
351 332 1 0 0 0 
882 899 0 0 1 0 
395 407 1 0 0 0 
257 265 1 1 0 1 
560 556 0 0 0 0 
665 648 0 1 1 0 
550 554 0 0 1 1 
867 863 0 0 0 1 
501 515 0 0 1 1 
753 772 1 0 0 0 
61 72 0 0 0 0 
552 559 0 0 1 0 
508 521 0 0 0 0 
625 606 0 0 0 1 
442 425 0 0 0 0 
88 92 0 0 0 0 
868 858 0 0 0 0 
36 36 0 0 0 0 
685 700 0 0 0 0 
201 210 0 0 1 0 
549 533 0 0 0 1 
124 120 0 1 0 0 
197 207 0 0 0 0 
722 718 0 0 0 1 
404 392 1 0 0 0 
391 387 0 0 0 0 
999 981 0 0 0 0 
269 267 0 0 0 0 
757 743 0 0 0 0 
93 74 0 0 0 0 
380 390 0 0 1 0 
441 444 1 0 0 0 
371 366 0 0 1 0 
203 220 0 0 0 0 
666 677 1 0 0 0 
785 788 0 1 0 0 
244 242 0 0 1 0 
156 138 1 0 0 0 
645 646 0 0 0 0 
690 688 0 0 0 1 
489 488 1 1 0 0 
615 602 0 0 0 0 
367 371 0 0 0 0 
839 832 1 0 0 0 
65 51 1 0 0 0 
602 603 0 0 0 0 
64 49 1 0 0 0 
699 695 0 1 0 0 
582 594 0 0 0 1 
133 149 0 0 0 0 
35 33 0 0 0 0 
468 461 0 0 0 1 
479 480 0 0 0 1 
136 147 0 1 0 0 
872 887 0 0 0 1 
25 34 1 0 0 0 
813 831 0 0 0 0 
796 780 0 0 0 0 
898 892 0 0 0 0 
452 436 0 0 1 0 
223 226 0 1 0 0 
253 261 0 1 1 0 
926 945 1 0 0 0 
49 52 0 0 0 1 
138 145 0 0 0 0 
274 284 0 1 0 0 
203 185 0 0 0 0 
293 279 0 0 0 0 
214 223 0 1 0 1 
633 620 0 1 1 0 
116 104 1 1 0 0 
92 91 0 1 0 0 
358 368 0 0 0 0 
84 97 1 0 1 0 
445 429 0 1 1 0 
468 469 0 0 0 0 
649 646 1 1 1 1 
658 640 1 1 0 0 
492 505 0 1 0 0 
803 802 1 0 0 0 
627 644 0 0 0 0 
184 184 0 0 1 0 
403 393 1 1 0 0 
726 716 0 0 0 0 
76 92 0 0 1 0 
112 104 0 0 1 0 
959 972 0 0 0 1 
28 44 0 0 0 1 
5 7 0 1 0 0 
401 383 0 0 0 0 
308 316 1 1 0 0 
466 462 0 0 0 0 
696 705 0 0 1 1 
630 617 0 1 0 0 
375 391 0 0 0 0 
818 814 0 0 0 0 
273 268 0 1 0 0 
375 358 0 0 0 0 
611 604 0 0 0 0 
840 832 0 0 1 0 
358 376 0 0 0 0 
614 632 0 0 0 0 
849 856 0 0 0 0 
397 406 0 0 1 1 
146 138 1 0 0 1 
445 434 1 0 1 0 
271 254 0 1 1 0 
115 108 1 0 0 0 
343 326 1 1 0 0 
52 55 0 0 0 0 
651 637 0 0 0 1 
688 673 0 0 0 1 
539 549 0 0 0 0 
122 106 0 0 1 0 
608 614 0 0 0 1 
665 655 1 0 0 0 
892 881 0 1 0 0 
762 768 0 0 1 0 
915 929 0 0 0 0 
968 976 0 0 0 0 
574 559 0 0 0 0 
26 38 0 1 0 0 
643 646 1 1 0 0 
261 260 0 1 1 0 
605 610 0 0 0 0 
734 722 0 0 0 0 
247 261 0 0 0 0 
38 50 0 0 1 0 
559 577 0 0 0 0 
507 510 1 1 0 0 
876 869 1 0 0 0 
872 864 0 0 0 1 
562 576 1 0 1 0 
756 774 0 0 0 0 
686 677 0 0 0 0 
269 252 0 0 1 0 
779 788 0 0 1 0 
801 816 0 0 0 0 
831 825 0 0 0 0 
508 502 0 0 0 1 
728 719 0 0 0 0 
741 760 0 0 0 0 
652 665 0 0 0 0 
400 400 0 0 0 0 
846 836 1 0 0 1 
602 584 0 0 0 0 
378 389 1 0 1 0 
812 822 0 0 0 0 
311 300 0 0 1 0 
575 566 0 1 0 0 
760 771 0 0 0 0 
751 737 1 0 0 0 
67 64 0 0 0 0 
723 704 0 0 0 0 
369 375 1 0 0 1 
474 458 0 0 0 0 
576 567 0 0 0 0 
166 153 0 1 1 0 
659 676 1 0 1 0 
876 867 0 0 0 0 
725 715 0 0 0 1 
46 47 1 0 0 0 
754 751 0 0 0 0 
562 562 0 0 0 0 
60 51 0 0 0 1 
156 153 0 0 0 0 
355 337 0 0 0 1 
434 452 0 0 0 0 
189 179 0 0 0 0 
458 454 1 1 1 0 
230 244 0 0 0 0 
922 916 0 0 0 0 
215 201 1 1 0 0 
849 862 0 1 0 1 
610 595 0 0 0 0 
897 914 0 0 1 0 
21 6 0 0 1 1 
219 208 1 1 0 0 
648 639 0 1 0 0 
90 81 1 0 0 0 
827 842 0 0 0 0 
400 404 0 0 0 0 
579 590 0 1 1 0 
196 212 0 0 0 0 
415 397 0 0 0 0 
594 589 0 0 0 0 
880 893 0 1 0 0 
420 416 1 0 0 0 
588 586 0 1 0 0 
72 75 0 0 0 0 
197 192 1 0 0 0 
910 913 1 0 1 0 
521 531 0 0 0 0 
125 131 0 1 0 0 
682 681 0 1 0 1 
320 306 0 0 0 1 
435 444 0 1 0 0 
866 867 0 0 0 0 
571 561 0 0 0 0 
825 821 0 0 1 1 
635 641 0 1 0 0 
737 726 0 0 0 0 
451 443 0 0 1 0 
564 568 0 0 0 0 
254 273 0 0 1 0 
246 241 0 0 0 1 
629 644 0 1 0 1 
755 762 1 0 0 0 
589 593 0 0 1 0 
403 422 0 0 0 0 
985 998 1 0 0 0 
888 882 0 1 0 1 
519 538 0 0 0 0 
192 173 0 0 0 0 
353 345 0 0 0 0 
186 172 1 0 0 0 
861 873 0 1 0 0 
533 515 0 0 0 0 
327 316 0 0 0 0 
273 259 0 1 0 0 
925 921 1 0 0 0 
462 453 0 0 0 0 
471 483 0 0 0 0 
286 288 0 0 1 0 
122 116 0 0 0 0 
299 287 1 0 0 0 
265 258 0 1 0 0 
708 720 0 0 1 0 
175 173 1 0 0 0 
247 251 1 0 0 0 
406 410 0 0 1 0 
492 499 0 0 0 0 
268 262 0 0 1 0 
614 597 0 1 0 0 
379 379 1 0 0 1 
749 739 1 0 0 0 
115 127 0 1 0 0 
169 175 0 0 1 0 
96 110 0 0 0 0 
892 908 0 0 1 0 
891 881 1 0 0 0 
729 734 0 0 0 0 
340 359 0 0 0 1 
660 675 1 0 1 0 
215 221 0 0 0 0 
596 577 0 0 1 0 
541 560 0 0 0 0 
392 387 0 1 0 1 
849 853 1 0 0 0 
928 916 0 1 0 0 
699 704 0 0 0 0 
405 404 0 0 0 1 
961 964 0 0 1 0 
896 904 0 0 0 0 
4 22 1 1 0 1 
333 332 0 1 0 0 
331 335 0 0 0 0 
738 756 1 0 0 0 
194 200 0 0 1 1 
231 239 0 0 1 0 
532 539 0 0 0 0 
476 489 0 1 0 0 
136 148 1 0 0 0 
849 861 0 0 1 0 
464 458 0 0 0 0 
172 180 0 0 0 0 
343 337 0 0 1 0 
209 211 0 0 0 0 
566 549 0 0 0 0 
397 378 0 0 1 0 
359 348 1 0 0 0 
355 342 0 0 0 0 
178 164 0 0 0 1 
664 669 1 0 0 0 
142 139 0 0 0 0 
558 565 1 0 0 0 
262 258 0 0 0 1 
830 834 0 0 0 0 
675 665 0 0 0 1 
963 951 0 0 0 1 
809 800 1 0 1 0 
539 542 1 0 0 0 
478 494 0 1 0 1 
316 327 0 0 0 0 
925 907 0 0 0 0 
250 267 0 1 0 1 
352 370 0 0 0 0 
245 260 1 0 0 1 
997 993 0 0 0 0 
925 910 0 0 0 0 
278 276 0 0 0 0 
541 546 0 1 1 1 
535 522 0 0 0 1 
483 492 0 0 1 1 
172 153 0 0 1 0 
57 73 1 1 1 1 
221 208 0 1 1 0 
59 43 0 0 0 0 
172 160 0 0 0 0 
104 123 0 0 1 0 
722 731 0 0 0 0 
523 530 0 0 0 0 
502 485 0 0 1 1 
158 167 0 0 0 0 
54 57 0 0 0 0 
625 633 0 1 0 0 
20 13 1 0 0 0 
108 90 0 1 1 1 
17 8 0 0 0 0 
604 599 0 0 0 1 
103 106 0 0 0 0 
342 323 0 0 0 0 
512 495 1 0 0 0 
216 224 0 0 0 0 
336 350 1 0 0 0 
873 870 1 0 1 0 
436 441 0 0 0 1 
59 63 0 0 0 0 
492 488 0 0 0 0 
460 468 0 0 0 0 
475 458 1 0 1 0 
274 256 0 0 0 0 
953 951 0 0 0 0 
849 838 0 0 1 0 
683 676 0 1 1 1 
911 911 0 1 1 0 
688 686 0 1 1 0 
208 203 0 0 0 0 
88 75 0 0 0 0 
511 519 0 0 0 0 
250 269 1 0 0 0 
422 430 0 0 0 0 
893 904 0 0 0 1 
284 267 0 0 1 0 
94 109 0 0 0 1 
745 732 1 0 0 0 
897 893 0 0 0 0 
686 685 1 0 0 0 
652 636 0 1 0 0 
168 169 0 0 0 0 
784 783 0 0 1 1 
223 218 0 0 0 0 
166 173 0 0 0 0 
633 639 0 0 1 0 
708 714 1 0 0 0 
474 456 1 0 0 0 
925 914 1 0 0 0 
234 228 0 1 0 0 
486 491 0 0 0 0 
915 921 0 0 1 0 
49 63 0 0 0 0 
424 435 0 0 0 0 
434 422 1 0 0 1 
599 598 0 1 1 0 
650 636 0 0 0 0 
959 940 0 0 0 0 
218 219 0 1 0 0 
381 392 0 0 0 0 
379 379 0 0 0 0 
719 722 0 1 0 0 
396 382 0 1 1 1 
250 236 1 0 0 0 
699 699 1 0 1 0 
986 984 0 0 0 0 
766 757 0 0 0 0 
166 155 0 1 0 1 
367 366 0 1 0 1 
773 780 0 0 0 0 
649 646 0 0 1 1 
145 151 1 1 0 0 
725 740 0 0 0 0 
367 385 1 1 0 0 
466 474 0 0 0 0 
407 394 0 1 0 0 
87 81 0 1 0 1 
240 226 1 0 0 0 
373 384 0 0 0 1 
283 299 0 0 0 0 
969 982 1 0 0 1 
645 643 0 1 0 0 
83 83 1 0 1 0 
675 683 0 0 0 0 
299 280 1 0 0 1 
108 106 0 0 0 1 
417 417 0 0 0 0 
380 391 0 0 0 0 
751 758 0 1 0 0 
610 595 0 0 0 0 
597 594 0 0 0 1 
693 679 0 0 0 0 
902 914 0 0 0 0 
599 583 0 0 0 0 
995 979 0 0 0 0 
852 834 0 0 1 0 
316 318 1 1 0 1 
545 551 1 0 0 0 
289 300 1 0 0 0 
789 786 0 0 0 1 
656 639 0 0 0 0 
655 652 0 0 0 1 
422 439 0 0 1 1 
1 17 0 0 0 1 
332 342 0 0 0 0 
980 982 0 0 1 0 
816 830 0 0 0 0 
127 115 1 0 1 0 
346 328 0 1 0 0 
730 746 0 0 0 1 
646 656 0 0 0 1 
438 452 1 0 0 0 
358 359 1 0 0 0 
981 978 0 0 0 0 
546 552 1 0 0 0 
595 610 0 0 0 0 
716 713 0 0 1 0 
530 529 1 1 0 0 
528 524 0 1 0 0 
596 615 1 0 0 1 
808 803 0 0 0 0 
81 73 1 0 0 0 
890 886 0 0 0 0 
538 525 1 0 0 0 
962 961 0 0 1 0 
214 232 0 0 0 0 
145 156 0 0 0 0 
678 674 0 0 0 0 
663 668 1 0 0 0 
764 755 0 0 0 1 
219 210 0 1 1 1 
812 827 0 1 0 1 
733 733 0 0 0 0 
159 169 0 0 0 0 
219 222 1 0 0 1 
891 884 0 0 1 0 
497 485 0 0 0 0 
217 229 0 0 0 0 
949 930 0 0 0 0 
622 619 0 0 0 0 
660 663 0 0 0 0 
575 574 0 0 1 0 
589 605 0 1 0 0 
880 894 0 0 1 0 
357 367 0 0 1 0 
758 748 0 0 0 1 
99 105 0 0 1 0 
533 514 0 1 0 0 
331 335 0 0 0 0 
32 20 0 0 0 0 
403 402 0 0 0 0 
622 618 0 0 0 0 
918 930 0 0 0 0 
981 977 0 0 0 0 
125 123 0 0 0 0 
152 157 0 0 0 0 
474 472 0 0 0 0 
682 673 0 0 0 0 
526 538 0 0 0 0 
648 645 0 0 0 0 
829 829 0 1 0 0 
66 76 1 1 0 0 
862 848 0 0 1 0 
824 838 0 0 1 0 
378 397 0 1 0 0 
254 265 0 0 0 0 
904 885 0 0 1 0 
241 251 0 0 0 0 
351 366 0 0 0 0 
653 667 0 0 0 1 
209 226 0 1 0 0 
821 817 0 0 1 0 
119 137 0 0 0 0 
379 370 1 0 0 0 
142 161 0 0 0 0 
102 104 0 0 1 0 
679 668 0 0 0 0 
410 423 0 0 1 0 
972 986 0 1 1 0 
128 117 0 0 0 0 
829 817 0 0 1 0 
697 685 0 0 0 0 
258 262 0 1 0 0 
452 464 0 1 0 0 
263 277 0 1 1 0 
255 266 0 0 0 0 
694 702 0 0 0 0 
978 986 1 0 0 0 
168 166 0 0 0 0 
445 434 0 0 1 0 
888 875 0 0 0 0 
153 136 0 0 1 0 
950 954 1 1 0 0 
359 354 1 0 0 0 
679 664 1 0 0 0 
838 821 0 0 0 0 
672 664 0 0 0 1 
137 151 0 0 0 0 
581 563 0 0 1 0 
635 654 0 1 0 0 
561 553 0 1 0 0 
528 524 0 0 0 1 
280 272 1 0 0 0 
451 438 0 0 0 0 
889 870 0 0 0 0 
878 891 0 1 1 0 
186 184 0 0 1 0 
408 426 0 1 0 0 
646 665 0 0 0 0 
902 900 0 0 1 0 
955 962 0 1 0 0 
620 607 1 0 0 0 
623 637 0 0 1 0 
570 576 0 0 0 0 
798 808 0 0 0 0 
498 504 0 0 0 0 
223 224 1 0 0 0 
662 665 0 0 0 0 
529 518 1 0 0 0 
415 416 0 0 1 0 
264 283 0 0 0 0 
48 30 1 0 0 0 
508 507 0 0 0 0 
574 591 1 0 0 0 
746 727 0 0 1 1 
72 58 0 0 1 0 
627 639 0 0 0 0 
990 978 1 0 1 0 
16 26 0 0 0 0 
140 138 0 0 0 0 
735 724 1 0 0 0 
469 463 0 1 0 1 
337 331 0 0 1 0 
321 337 0 0 0 0 
63 77 0 0 1 0 
149 142 1 1 0 0 
536 521 0 0 0 0 
424 433 1 1 0 0 
247 261 1 1 0 0 
963 950 0 0 0 0 
148 161 0 1 1 0 
402 406 0 0 0 1 
782 763 0 0 0 0 
636 626 0 0 0 0 
629 645 1 0 1 1 
673 681 0 1 0 1 
836 839 0 0 0 0 
182 196 0 0 0 0 
933 950 0 0 0 0 
868 877 0 0 0 0 
617 626 1 0 0 0 
123 105 0 1 1 0 
312 323 0 1 0 0 
289 308 0 0 0 1 
882 901 0 0 0 1 
481 468 0 1 1 0 
563 558 0 0 0 0 
646 653 0 1 1 0 
814 804 0 0 0 0 
90 95 0 0 0 1 
943 940 0 0 0 0 
726 713 0 0 1 0 
933 917 0 0 1 0 
557 548 0 0 0 0 
317 330 0 0 0 0 
926 930 0 0 0 0 
644 627 0 1 0 1 
480 493 0 0 1 0 
928 946 0 0 0 1 
772 787 0 0 0 0 
12 25 0 0 0 0 
61 70 0 1 0 0 
714 717 0 1 0 1 
697 689 0 0 0 0 
229 222 0 0 0 0 
106 120 0 0 0 0 
236 254 0 1 1 0 
103 85 0 0 0 0 
442 431 0 0 1 1 
346 329 0 0 0 0 
520 535 0 0 0 0 
837 841 0 1 0 0 
583 574 0 0 0 0 
823 807 0 0 0 0 
372 359 0 1 0 0 
154 155 1 1 0 0 
794 783 1 0 0 1 
767 757 0 0 0 1 
935 953 0 1 0 0 
704 718 1 0 0 0 
595 612 0 0 0 0 
378 396 0 0 0 0 
836 827 0 0 1 0 
965 968 0 0 0 1 
185 191 0 0 0 1 
489 472 0 0 0 0 
542 534 0 0 0 1 
233 218 0 1 1 1 
358 369 1 0 0 0 
114 109 0 0 0 0 
599 600 0 1 0 0 
975 977 0 0 0 0 
341 324 0 0 0 0 
16 5 0 0 1 1 
72 69 0 0 0 0 
646 636 0 0 0 0 
954 965 0 0 1 0 
499 507 0 0 0 0 
100 85 0 0 0 1 
816 821 1 0 0 0 
190 207 0 0 1 0 
475 491 0 0 0 0 
610 628 1 1 0 1 
904 906 0 0 0 0 
836 823 0 0 0 1 
390 397 0 0 1 1 
867 875 0 0 1 0 
114 120 0 0 1 0 
805 799 0 1 0 1 
566 582 0 1 0 0 
405 423 0 0 0 0 
168 154 1 0 0 0 
299 291 1 0 0 0 
958 945 0 0 0 1 
830 818 0 0 0 0 
923 934 0 1 0 0 
853 848 0 0 0 0 
702 718 0 0 0 0 
510 498 0 0 1 0 
52 45 1 0 0 0 
125 124 0 0 0 0 
292 297 0 0 0 0 
859 840 0 0 0 0 
817 821 0 0 1 0 
499 484 0 0 0 0 
705 710 0 0 0 0 
54 58 0 0 0 0 
53 57 0 0 0 0 
634 628 0 0 0 1 
862 855 0 0 0 1 
834 852 0 0 0 1 
663 671 0 0 0 1 
885 904 0 0 1 0 
206 188 1 1 0 0 
271 265 0 0 0 0 
614 607 0 0 0 1 
179 196 1 0 1 0 
279 274 0 1 0 1 
806 802 1 0 0 0 
828 840 0 0 1 0 
204 221 0 0 0 0 
670 672 0 0 1 0 
187 200 0 0 0 0 
762 754 1 0 0 0 
97 104 1 0 0 0 
283 295 0 0 0 0 
82 86 0 0 0 0 
458 469 0 0 0 0 
143 125 0 0 0 0 
296 284 0 0 1 0 
841 824 0 0 1 0 
47 28 1 0 0 0 
870 875 1 1 0 0 
391 390 1 1 0 1 
986 970 0 0 1 0 
387 400 0 0 0 0 
430 411 0 0 0 0 
51 33 0 0 1 0 
928 934 0 0 1 1 
938 944 0 0 0 0 
696 680 0 0 0 0 
259 266 0 0 0 0 
805 818 0 0 0 0 
874 862 0 0 0 0 
788 783 0 0 0 0 
296 291 0 0 0 0 
761 777 0 1 0 1 
296 306 0 0 0 0 
315 333 1 0 0 0 
605 619 0 0 0 1 
763 751 0 1 0 1 
923 924 1 0 0 1 
36 43 0 1 0 0 
428 423 0 0 0 0 
681 684 1 0 1 0 
983 979 0 1 0 0 
801 811 0 0 0 0 
596 581 0 0 1 0 
380 393 0 0 0 0 
781 797 1 0 0 0 
394 389 1 0 0 0 
97 95 0 0 0 0 
582 585 0 1 1 0 
143 132 0 0 0 0 
256 250 0 0 1 1 
813 820 0 1 0 0 
513 507 0 0 0 0 
863 847 1 0 0 0 
896 897 0 0 0 1 
772 767 1 0 0 1 
151 161 0 0 0 0 
498 507 0 0 0 0 
714 731 1 0 0 0 
853 869 1 1 0 0 
369 356 0 0 0 0 
400 388 1 0 0 0 
750 749 0 0 0 1 
388 375 1 0 0 0 
421 427 0 0 0 0 
614 628 0 0 0 0 
533 545 0 0 0 0 
526 519 1 0 1 1 
414 402 0 1 0 0 
956 969 1 0 0 0 
745 754 1 0 0 0 
759 745 0 0 0 0 
596 607 0 1 0 0 
236 246 0 1 0 0 
432 439 0 0 0 0 
40 32 0 1 0 1 
636 627 1 0 1 0 
815 814 0 0 0 0 
279 264 1 0 1 0 
626 636 0 0 0 0 
245 233 0 0 0 0 
838 833 0 0 0 0 
644 642 0 1 0 0 
100 118 0 0 0 0 
242 224 0 0 0 1 
749 733 0 0 0 1 
491 490 0 0 1 0 
474 469 1 0 1 0 
99 99 0 0 0 0 
844 858 0 0 0 1 
773 788 1 1 0 1 
528 532 1 0 0 0 
819 822 0 0 0 0 
578 576 0 1 0 0 
506 495 0 0 1 0 
94 82 0 0 1 0 
743 737 1 1 0 0 
13 1 0 0 0 0 
691 690 0 0 0 0 
205 206 1 1 1 0 
510 516 1 0 0 0 
361 350 0 0 0 1 
22 40 0 0 0 1 
698 693 1 0 0 0 
474 460 0 0 1 0 
314 303 0 0 0 0 
383 389 0 0 0 1 
155 140 0 0 1 0 
8 19 0 0 0 0 
540 532 0 0 0 0 
300 304 0 0 0 0 
616 624 0 0 0 0 
968 954 1 1 0 0 
446 444 1 1 0 0 
796 785 0 0 0 0 
852 851 1 0 0 0 
949 949 0 0 0 0 
708 695 1 0 0 0 
397 413 0 0 0 0 
873 865 0 0 0 0 
48 45 1 1 0 0 
688 670 0 0 1 0 
937 934 0 0 1 0 
42 57 0 1 0 0 
898 915 0 0 0 1 
669 665 0 0 0 0 
520 521 0 0 1 1 
305 292 0 0 0 0 
542 526 0 0 0 0 
681 670 1 1 0 1 
364 367 0 1 0 0 
683 664 1 1 0 0 
692 700 0 0 0 0 
229 247 0 0 0 0 
134 118 1 0 0 1 
337 328 0 0 0 0 
443 455 0 0 0 0 
93 85 1 1 0 0 
361 348 0 1 1 1 
842 841 1 1 0 1 
805 824 0 0 1 0 
294 287 1 0 0 0 
463 446 1 0 0 0 
20 22 1 0 0 0 
389 372 1 0 1 0 
223 233 0 0 0 1 
94 90 1 0 0 0 
201 210 0 0 0 0 
42 41 0 0 0 0 
908 894 0 0 1 0 
934 927 0 0 0 1 
714 712 1 0 0 0 
228 218 1 0 1 0 
68 82 0 0 0 0 
262 262 0 0 0 0 
398 404 0 0 0 0 
584 599 0 0 0 0 
653 646 0 0 1 0 
725 711 0 0 0 1 
154 172 0 0 0 0 
9 25 0 0 0 0 
349 363 0 1 0 0 
903 899 0 0 0 0 
129 145 0 1 1 0 
263 275 0 0 0 1 
84 97 1 0 1 0 
95 93 0 1 0 0 
300 318 0 0 0 0 
733 750 0 1 0 1 
575 569 0 0 1 0 
183 169 0 0 0 0 
310 313 1 0 0 0 
620 639 1 0 0 0 
874 889 0 1 1 0 
283 295 0 0 0 0 
115 121 0 0 1 0 
908 916 0 0 0 0 
776 774 1 0 0 0 
602 610 0 0 0 0 
15 2 0 1 0 0 
403 421 0 0 1 1 
386 387 0 0 0 0 
15 29 0 0 0 0 
170 180 0 1 0 1 
360 370 0 0 1 0 
150 137 0 1 0 0 
654 637 0 0 0 1 
411 407 0 0 0 0 
499 495 0 0 0 0 
50 49 0 0 1 0 
97 110 0 1 0 0 
456 441 1 0 0 0 
748 752 1 1 0 0 
710 722 0 0 1 0 
412 401 1 0 0 0 
960 976 1 1 1 0 
587 596 0 0 0 1 
456 459 1 1 0 1 
105 90 0 1 1 1 
460 441 0 0 1 0 
40 28 0 1 0 0 
840 838 0 0 0 0 
490 498 1 0 0 0 
120 106 0 0 1 0 
961 976 0 1 0 0 
724 729 0 0 0 0 
185 166 0 0 0 0 
228 225 0 1 0 0 
846 855 0 0 0 1 
337 322 0 0 1 0 
868 882 0 0 0 0 
392 398 0 0 0 0 
720 701 1 0 1 0 
841 827 0 1 0 0 
555 564 1 0 0 1 
611 626 0 0 0 1 
740 722 0 1 0 1 
879 896 0 1 1 0 
628 645 1 0 0 0 
429 420 0 0 0 0 
36 24 0 0 0 1 
413 394 1 0 1 0 
767 748 0 1 0 0 
687 696 1 1 0 0 
959 943 0 1 0 0 
82 88 0 0 0 0 
16 9 0 1 1 0 
957 951 0 0 0 0 
510 519 0 0 1 0 
94 112 0 0 0 0 
682 682 0 0 0 1 
131 143 1 0 1 1 
722 721 0 0 0 0 
207 191 0 0 0 0 
447 460 0 0 0 0 
206 220 0 0 0 0 
663 664 0 0 0 0 
947 937 1 1 0 0 
392 410 1 0 1 0 
961 978 0 0 1 0 
307 306 0 0 0 0 
458 457 0 0 1 0 
385 392 0 0 1 0 
784 791 0 0 0 0 
133 150 0 0 0 0 
158 143 0 1 0 0 
671 670 0 0 0 0 
577 560 1 1 0 0 
924 928 0 0 1 0 
613 611 0 0 0 0 
505 506 0 1 0 1 
682 677 1 0 1 1 
945 930 0 1 0 0 
502 504 0 0 0 0 
853 847 0 0 0 0 
928 927 0 0 0 0 
64 76 0 0 0 0 
850 853 0 0 0 1 
574 570 0 0 0 0 
219 230 0 0 1 1 
596 597 1 0 0 0 
65 52 0 0 0 0 
739 726 1 0 0 0 
810 806 1 0 0 0 
494 503 1 0 0 1 
930 917 0 0 0 0 
681 688 1 0 1 1 
48 40 0 0 1 0 
977 995 0 0 0 0 
188 202 0 0 0 1 
599 609 1 1 0 0 
114 111 0 0 1 0 
640 624 0 0 0 0 
525 508 1 1 0 0 
533 542 0 0 0 0 
170 182 0 0 0 1 
404 396 0 0 0 0 
101 118 0 0 0 0 
603 615 1 0 1 1 
276 265 0 0 0 1 
17 20 0 0 0 0 
404 419 0 1 0 0 
439 441 0 0 0 0 
247 248 0 0 0 0 
52 43 0 0 0 0 
231 238 0 0 0 0 
628 628 0 0 0 0 
866 875 0 1 1 0 
844 834 0 0 0 1 
887 901 0 0 0 0 
398 397 0 0 0 0 
6 24 0 0 0 0 
764 747 0 1 0 1 
660 655 1 0 0 0 
889 900 0 1 0 0 
148 143 0 0 0 1 
522 522 0 0 1 0 
767 768 0 0 0 0 
193 177 0 0 0 0 
908 896 0 1 0 0 
167 176 0 0 0 0 
543 526 0 0 0 0 
308 294 0 0 0 0 
374 364 1 0 1 0 
272 283 1 1 1 0 
889 905 0 0 0 0 
803 800 0 0 0 0 
420 423 0 0 0 1 
20 15 0 1 1 0 
481 464 0 0 0 0 
4 9 0 0 0 0 
964 948 0 0 0 0 
647 633 0 0 0 0 
776 771 0 0 0 0 
170 184 0 0 0 1 
272 285 0 1 0 0 
596 586 0 0 1 0 
653 661 0 0 0 1 
606 604 0 1 0 0 
907 888 0 1 0 1 
584 601 1 0 0 0 
814 814 0 0 0 0 
93 85 0 0 0 1 
814 816 0 0 0 0 
393 378 1 1 1 0 
609 626 0 0 0 0 
331 331 0 0 0 1 
188 174 0 0 0 1 
326 310 0 0 0 0 
649 662 1 1 1 0 
52 56 0 0 1 0 
775 762 0 0 0 0 
987 972 0 0 0 0 
609 601 0 1 1 1 
557 566 1 0 0 1 
313 307 0 0 0 1 
157 148 0 0 0 1 
975 962 0 0 0 0 
200 219 0 0 1 0 
620 629 1 0 0 0 
310 306 0 0 0 0 
82 78 0 1 0 1 
120 117 0 0 0 1 
579 572 0 0 1 1 
421 436 1 0 0 0 
580 569 0 0 0 0 
980 990 0 0 0 1 
685 687 0 0 0 0 
664 660 0 0 0 0 
452 462 0 0 0 0 
612 627 0 0 0 0 
899 911 1 0 0 0 
218 210 0 0 1 0 
920 907 0 0 0 0 
856 850 1 0 0 0 
724 725 0 1 0 1 
167 174 0 0 0 1 
565 559 0 0 0 1 
930 924 1 0 0 1 
235 229 0 0 0 0 
521 518 0 0 0 1 
590 595 1 0 0 1 
667 660 0 0 0 0 
556 546 0 0 1 0 
98 94 0 0 0 0 
172 188 0 0 0 0 
916 907 1 0 0 1 
288 302 0 0 0 0 
47 60 0 0 0 0 
337 335 0 0 1 0 
935 922 0 0 0 0 
18 14 0 0 1 0 
615 614 0 1 0 0 
323 309 0 1 0 0 
520 504 0 0 0 0 
888 870 0 0 1 1 
589 596 0 1 0 0 
373 363 0 1 0 0 
424 418 0 1 0 0 
54 50 0 0 0 0 
290 305 1 0 0 0 
199 185 0 0 0 0 
938 931 1 1 0 0 
777 768 0 0 0 0 
412 409 0 0 0 0 
302 283 0 1 0 0 
112 106 0 0 0 0 
665 677 1 0 0 0 
680 675 0 0 0 1 
861 863 0 0 1 0 
837 838 1 0 1 0 
946 938 1 0 1 0 
60 52 0 0 0 0 
918 937 0 0 0 0 
304 308 0 0 0 0 
981 996 0 1 0 0 
506 502 0 0 0 0 
34 22 0 0 0 0 
109 110 0 0 0 1 
430 419 0 0 0 1 
953 967 0 0 0 0 
650 632 1 0 0 0 
488 504 1 0 1 1 
492 507 0 0 0 0 
364 382 0 0 1 0 
569 578 1 0 0 1 
933 945 0 0 0 0 
902 908 1 0 0 1 
108 106 0 1 0 0 
661 656 0 1 0 0 
984 977 0 0 1 0 
780 794 0 1 0 0 
400 399 0 0 0 0 
673 656 0 0 1 0 
518 516 1 1 0 0 
993 989 1 0 1 0 
650 655 0 0 0 1 
20 14 0 0 1 1 
428 429 0 1 0 0 
623 616 1 0 0 0 
433 418 0 0 0 0 
588 586 0 0 0 0 
697 692 1 0 0 0 
937 932 1 1 0 0 
68 79 0 0 0 0 
644 635 0 0 0 0 
172 190 0 0 0 0 
569 567 1 0 1 0 
37 40 0 0 0 1 
179 195 0 0 0 0 
239 242 0 1 0 0 
317 329 0 0 0 0 
529 535 0 0 0 1 
229 221 0 0 0 0 
873 887 0 1 0 0 
978 990 0 0 0 0 
480 462 0 0 1 0 
615 596 0 0 1 0 
73 72 1 1 0 0 
175 159 0 0 0 1 
835 838 0 0 0 0 
568 560 0 0 0 0 
792 800 0 1 1 0 
770 769 0 0 0 0 
793 807 0 0 0 0 
711 697 1 0 0 0 
177 167 1 0 0 0 
719 728 0 0 1 0 
80 89 0 0 0 0 
307 320 0 1 0 0 
756 761 1 1 0 0 
495 478 0 1 0 0 
926 943 0 0 0 0 
203 207 1 0 1 1 
146 143 0 1 0 0 
266 277 1 0 1 0 
488 487 0 0 0 0 
833 830 0 0 0 0 
642 631 0 0 0 0 
404 406 0 0 0 1 
295 277 0 0 0 0 
88 105 0 0 0 0 
659 650 0 0 0 1 
558 572 0 0 0 0 
277 261 1 0 0 0 
390 382 0 0 0 0 
169 174 0 0 1 0 
92 83 0 0 0 0 
514 499 0 0 0 0 
267 267 0 1 0 0 
734 719 0 0 0 1 
29 14 0 0 0 0 
976 983 1 0 1 0 
716 725 0 1 0 0 
611 603 0 0 0 0 
10 16 0 0 0 0 
439 427 0 0 1 0 
91 92 0 1 1 0 
67 48 1 0 1 1 
292 299 0 1 1 0 
994 980 1 0 0 0 
891 883 1 0 0 0 
823 837 0 0 0 0 
22 30 0 0 0 0 
234 225 0 0 0 0 
112 93 1 0 1 0 
489 491 0 0 0 0 
702 720 0 1 0 0 
108 96 0 0 0 0 
689 685 0 1 0 1 
865 872 0 0 1 1 
405 420 0 0 0 0 
670 673 1 0 0 0 
221 226 0 0 0 0 
119 114 0 0 0 0 
432 447 0 0 0 0 
745 740 0 0 0 1 
573 583 1 0 1 0 
892 908 0 1 0 0 
651 666 0 0 0 1 
798 794 0 1 0 0 
734 729 0 0 0 0 
536 531 0 1 0 0 
755 740 0 0 0 0 
549 534 1 0 1 0 
385 399 0 0 0 0 
991 972 0 0 0 1 
92 106 0 0 0 1 
723 726 1 0 0 0 
711 706 0 0 1 0 
639 631 0 1 0 1 
709 700 0 0 0 0 
245 247 0 1 0 0 
394 381 1 1 0 1 
862 845 0 0 0 0 
462 474 0 1 1 0 
59 77 0 0 0 0 
218 232 0 0 0 0 
288 290 1 0 1 0 
111 112 0 0 0 0 
377 394 0 0 0 0 
493 484 0 0 0 0 
555 552 1 0 0 1 
472 460 0 0 0 0 
111 120 0 0 0 0 
109 105 1 1 0 0 
167 157 1 1 0 0 
281 270 0 0 0 0 
235 252 0 0 1 0 
353 337 1 0 0 0 
176 190 0 0 0 0 
849 854 0 0 0 0 
651 652 0 0 1 0 
874 882 0 0 1 0 
352 353 0 1 0 0 
162 154 0 0 0 0 
679 666 0 0 0 0 
956 955 0 0 1 0 
479 473 1 0 0 0 
902 897 1 1 0 0 
464 457 0 0 1 0 
42 43 0 0 0 0 
679 674 1 0 1 0 
748 740 0 0 0 0 
461 476 0 0 0 0 
861 861 0 0 0 0 
215 203 0 1 0 0 
587 592 1 0 0 0 
984 972 0 0 0 0 
37 45 1 0 0 1 
275 282 1 1 0 1 
561 574 0 0 0 1 
752 742 0 0 0 0 
563 582 0 0 1 0 
668 650 0 1 0 0 
231 222 1 1 0 0 
591 587 0 1 1 0 
140 142 0 0 0 1 
574 566 0 0 0 1 
727 741 0 0 0 0 
995 978 1 0 0 0 
192 181 0 0 0 0 
913 932 0 0 0 0 
402 388 0 0 0 0 
925 931 0 1 0 0 
202 206 0 0 0 0 
386 368 0 0 1 0 
883 887 0 0 0 0 
40 36 1 0 0 0 
390 391 1 1 0 0 
980 964 0 0 0 0 
620 618 0 0 0 1 
899 907 0 0 1 0 
516 533 1 0 0 1 
805 792 0 0 0 0 
324 338 0 0 1 0 
186 205 0 0 1 0 
759 778 1 0 0 0 
355 374 0 0 0 1 
268 256 0 1 1 0 
206 206 0 1 0 0 
974 969 0 1 0 1 
677 692 0 1 0 0 
324 332 0 0 0 0 
339 346 0 1 0 0 
11 4 0 0 0 0 
361 356 0 0 0 0 
575 592 0 1 0 0 
821 835 0 1 0 0 
108 108 0 0 0 1 
849 830 0 0 0 0 
492 493 0 0 0 0 
577 576 0 0 0 1 
331 348 0 0 0 0 
502 490 0 0 0 0 
910 896 0 0 0 1 
53 54 0 0 1 0 
726 742 0 0 0 0 
126 108 0 0 1 1 
612 613 0 0 0 0 
727 727 0 1 0 0 
881 889 0 0 0 0 
483 487 0 0 0 0 
415 410 0 0 0 0 
58 44 0 0 1 0 
565 557 0 0 0 0 
364 349 0 0 0 0 
802 797 0 0 0 0 
361 352 0 0 0 0 
441 435 0 0 0 0 
632 626 0 1 0 1 
420 413 0 0 1 0 
108 111 0 1 0 1 
584 574 0 0 0 0 
621 609 0 1 0 0 
612 629 0 1 0 0 
217 215 0 0 0 0 
565 547 0 0 0 1 
582 594 0 0 0 0 
769 773 0 0 0 0 
779 790 0 0 0 0 
979 976 1 0 0 0 
460 448 1 0 0 1 
913 897 1 0 0 1 
676 669 0 0 0 0 
115 126 0 0 0 0 
216 200 1 1 1 1 
694 713 0 1 0 0 
196 215 1 0 0 1 
856 845 0 0 0 0 
769 755 0 0 0 1 
545 532 0 1 0 0 
590 600 0 0 0 0 
899 904 0 0 1 0 
377 359 0 0 0 0 
45 36 0 0 0 0 
312 305 0 0 0 0 
757 764 0 0 1 1 
860 862 0 0 0 0 
294 277 0 1 0 0 
14 6 0 1 0 0 
409 419 0 0 0 1 
628 622 0 0 0 0 
129 139 0 0 0 0 
621 618 0 0 0 0 
675 657 0 0 1 0 
116 124 0 1 1 0 
940 956 0 1 0 0 
517 500 0 1 0 0 
896 910 0 0 0 1 
463 464 0 0 0 0 
705 687 1 0 0 0 
646 641 0 0 1 0 
631 614 0 0 0 1 
605 592 1 0 1 0 
216 197 1 0 1 0 
185 175 0 0 0 0 
390 382 0 0 1 0 
389 385 0 0 0 0 
586 605 0 0 0 0 
415 431 1 1 0 1 
247 257 0 0 0 0 
907 906 1 0 0 0 
90 100 0 0 0 1 
631 617 0 0 0 0 
562 579 0 0 0 0 
343 345 0 1 0 0 
271 282 0 0 0 0 
436 437 0 0 1 0 
875 863 1 0 0 0 
451 443 0 1 0 0 
86 96 0 0 0 0 
300 310 0 1 0 1 
54 42 0 0 0 0 
779 777 0 0 1 1 
841 835 0 0 0 0 
656 639 1 1 0 0 
986 997 0 1 0 1 
373 392 0 0 0 0 
618 618 0 0 0 0 
502 506 0 1 0 0 
394 378 0 0 0 1 
293 282 1 0 0 0 
991 980 1 0 0 0 
280 299 1 0 0 0 
439 434 0 0 0 0 
326 323 0 0 0 0 
7 16 0 1 0 1 
914 922 0 1 0 1 
170 188 0 0 0 0 
407 389 0 1 0 0 
338 353 0 0 0 0 
116 118 0 0 0 0 
773 754 0 0 1 0 
110 96 0 0 0 1 
962 980 0 1 0 0 
553 560 0 0 0 0 
373 392 0 0 0 0 
839 836 0 0 0 0 
685 680 0 0 0 0 
613 618 0 1 1 1 
730 748 0 0 0 0 
63 82 0 0 1 0 
943 929 0 0 0 0 
856 861 0 0 1 0 
6 9 0 0 0 0 
467 460 0 0 0 1 
206 206 0 0 1 1 
538 541 0 0 0 0 
632 620 0 0 0 0 
20 14 0 0 0 0 
829 841 1 0 1 0 
178 197 0 0 0 0 
278 266 0 0 0 0 
989 986 0 1 0 0 
642 638 0 0 0 0 
767 777 0 0 0 1 
298 296 0 1 0 0 
825 823 0 0 0 0 
105 100 0 1 0 0 
765 747 0 0 0 0 
407 395 0 0 0 0 
434 427 0 0 1 0 
187 191 0 0 0 0 
832 831 1 0 0 1 
967 977 0 0 0 0 
489 478 0 0 0 0 
886 892 0 0 0 0 
998 996 0 0 1 0 
177 173 0 0 0 1 
683 669 0 0 0 0 
593 581 1 0 1 0 
815 805 0 1 0 0 
583 585 0 0 0 1 
283 283 0 0 1 0 
569 582 0 0 0 0 
495 496 0 0 1 0 
70 82 0 0 1 0 
409 402 0 0 0 1 
229 239 0 0 0 0 
728 712 0 0 1 0 
573 582 0 0 0 1 
274 265 0 1 0 1 
814 823 0 0 1 0 
665 655 0 0 0 0 
167 153 0 0 0 0 
397 381 1 1 0 0 
486 492 1 0 1 0 
509 520 1 0 0 0 
90 85 0 1 1 0 
401 411 0 0 0 0 
481 472 1 0 0 1 
815 815 0 0 1 0 
90 107 0 0 0 0 
127 130 0 1 0 0 
119 116 0 0 0 0 
732 747 1 0 1 1 
969 985 0 0 0 0 
520 526 1 0 0 1 
443 437 0 0 0 0 
377 384 1 0 0 0 
230 236 1 1 0 0 
528 518 0 1 0 1 
851 836 0 0 1 0 
195 205 0 0 0 0 
949 963 0 0 0 0 
53 48 0 0 0 0 
38 50 1 0 0 1 
971 970 0 0 0 0 
901 891 0 0 1 0 
402 400 0 0 0 1 
283 295 0 0 0 0 
239 225 0 0 0 0 
107 126 0 0 0 1 
12 18 0 0 0 1 
343 350 0 0 0 1 
192 186 1 0 0 0 
592 580 1 0 0 0 
184 179 0 0 0 0 
202 197 0 0 0 0 
718 716 0 0 0 1 
812 828 0 0 1 0 
143 136 1 0 0 0 
275 273 0 0 0 0 
372 381 1 1 0 0 
349 344 1 0 0 0 
792 780 0 1 0 0 
139 147 0 0 0 0 
605 617 0 1 0 0 
796 794 0 0 0 0 
642 659 0 0 0 0 
839 836 0 1 1 0 
501 513 0 0 0 0 
642 640 0 0 0 0 
636 638 0 0 0 0 
911 920 0 0 0 0 
44 51 0 0 0 0 
832 845 1 0 0 0 
428 433 0 0 0 1 
249 253 0 1 0 0 
220 223 1 0 0 0 
946 930 0 0 0 0 
247 246 0 0 1 0 
677 669 1 0 1 0 
463 447 0 0 0 0 
547 534 1 0 0 0 
264 247 1 0 0 0 
550 559 0 0 0 0 
943 949 1 0 0 0 
952 958 0 0 0 0 
425 441 0 0 0 1 
279 286 1 1 0 0 
107 96 0 0 0 0 
735 748 0 0 0 0 
149 153 0 0 0 0 
876 871 0 0 0 0 
113 130 0 1 0 0 
213 204 0 0 0 0 
462 446 1 0 1 0 
870 860 0 0 0 0 
227 218 1 0 0 0 
248 230 0 0 0 0 
73 65 1 0 0 0 
697 716 0 1 0 0 
801 806 0 0 1 0 
847 864 0 1 0 0 
104 88 0 0 0 0 
661 649 0 0 0 0 
563 581 0 0 1 0 
276 263 0 0 0 1 
241 249 0 0 0 0 
619 629 0 0 0 0 
215 208 1 1 0 0 
588 583 0 0 0 0 
811 797 0 0 0 0 
535 554 0 0 0 0 
512 494 1 0 0 0 
566 570 1 0 1 0 
320 310 0 0 0 0 
341 323 1 1 0 0 
683 672 0 0 0 1 
491 509 0 0 0 0 
571 563 0 0 0 0 
557 569 0 0 0 0 
986 992 0 0 1 0 
837 828 0 1 0 1 
755 762 0 1 0 0 
929 926 0 1 0 0 
419 423 0 0 0 0 
27 20 0 0 1 0 
242 245 0 0 1 0 
391 378 0 0 0 0 
476 460 0 0 0 0 
657 660 0 0 0 0 
184 185 1 0 0 1 
96 111 1 0 0 0 
638 643 1 0 0 0 
274 276 0 0 0 0 
93 79 1 0 0 0 
27 38 0 0 0 0 
433 443 0 1 0 0 
811 795 0 0 0 0 
126 144 1 0 0 0 
47 62 0 0 0 0 
473 475 0 0 0 0 
945 955 0 0 0 1 
946 963 0 1 1 0 
702 715 0 0 0 0 
628 643 1 0 0 0 
639 636 0 0 0 0 
475 457 0 0 1 0 
276 276 0 0 0 1 
567 575 0 0 0 0 
671 662 0 0 0 0 
354 345 0 0 0 0 
133 152 0 0 0 0 
435 424 0 0 0 0 
758 744 0 0 0 0 
123 115 0 0 0 0 
26 12 0 1 0 1 
830 827 0 0 0 0 
515 522 1 0 0 1 
862 878 0 0 0 0 
757 765 0 1 0 0 
840 850 0 0 0 0 
130 117 0 0 0 0 
542 556 0 0 0 0 
156 171 0 1 0 0 
136 128 0 0 0 0 
310 304 0 0 0 0 
129 128 0 0 0 0 
265 275 0 0 0 1 
284 292 0 0 0 0 
266 279 0 0 1 1 
971 990 1 0 0 0 
552 542 0 0 0 1 
628 635 0 1 0 1 
388 379 0 0 0 1 
693 681 0 0 0 0 
501 487 0 1 0 0 
145 148 1 0 0 0 
753 759 1 0 1 0 
772 788 0 0 0 0 
219 221 0 0 0 0 
703 694 0 0 0 1 
109 120 1 0 0 1 
710 711 0 0 0 0 
214 197 0 0 0 0 
591 595 1 1 0 0 
228 214 0 0 0 0 
217 220 1 1 0 0 
101 95 0 0 0 0 
395 389 1 0 0 0 
924 922 0 0 0 0 
971 970 0 1 0 1 
210 199 1 0 0 1 
607 622 1 0 0 1 
188 201 0 0 0 0 
976 976 0 0 0 0 
572 576 1 0 0 1 
844 852 1 0 0 0 
5 14 0 0 0 0 
848 860 1 0 1 0 
551 543 0 0 1 0 
587 605 1 0 0 0 
891 906 1 0 0 0 
6 2 0 0 1 0 
223 205 0 1 1 0 
679 663 0 0 0 0 
188 194 0 1 0 0 
104 106 1 1 1 1 
922 936 1 0 0 0 
735 749 1 0 0 1 
627 617 0 0 0 1 
51 39 0 0 0 0 
856 850 1 1 0 0 
773 769 0 0 1 0 
920 909 1 0 0 0 
645 630 0 0 0 0 
578 583 0 0 1 1 
717 711 1 1 1 0 
487 505 1 0 1 0 
933 932 0 0 0 0 
634 615 0 0 0 0 
775 772 1 0 0 0 
46 53 0 0 1 0 
130 115 0 0 0 0 
633 636 0 1 1 0 
613 609 1 0 0 0 
558 556 0 0 1 0 
966 952 0 0 1 0 
573 560 1 0 0 0 
670 677 0 0 0 0 
152 134 1 0 0 0 
851 856 0 0 1 0 
387 385 0 1 0 0 
850 854 1 0 1 0 
187 201 0 0 1 0 
516 518 1 0 1 0 
710 719 0 0 0 0 
647 629 0 1 1 0 
383 376 0 0 1 0 
385 402 0 0 0 0 
186 169 0 0 0 0 
704 711 0 0 0 0 
74 62 0 0 0 1 
547 549 1 0 1 1 
527 526 0 0 0 0 
751 736 1 0 0 0 
663 679 0 1 0 1 
721 724 0 0 0 0 
697 693 0 0 0 0 
19 29 0 0 0 0 
174 187 1 0 0 1 
786 805 0 0 0 0 
961 958 0 0 0 0 
986 973 0 1 0 0 
636 653 0 1 0 0 
457 446 1 0 0 0 
272 256 0 0 0 0 
689 681 0 1 0 0 
43 30 0 0 0 0 
29 13 1 0 1 0 
784 772 1 0 0 0 
187 193 0 0 0 1 
930 932 0 0 1 0 
992 987 0 0 0 0 
367 379 0 0 0 0 
272 267 1 0 0 0 
704 717 0 0 0 0 
737 731 0 0 0 0 
57 71 0 0 0 0 
920 916 0 0 1 0 
775 769 0 0 0 0 
731 737 0 0 0 1 
724 736 0 0 0 0 
604 611 0 1 0 0 
259 247 0 0 0 0 
977 960 1 0 0 0 
615 619 0 0 0 0 
449 437 0 0 0 0 
812 812 0 0 0 0 
308 317 0 0 1 0 
959 974 0 0 1 0 
544 553 0 1 1 1 
781 766 0 0 0 0 
209 190 0 0 0 0 
783 795 0 0 1 0 
641 656 0 0 0 0 
114 115 0 1 0 0 
275 269 0 1 0 1 
34 48 0 0 0 0 
180 165 0 0 0 0 
137 123 1 0 0 1 
788 779 0 0 0 0 
117 134 0 0 0 0 
541 553 0 0 0 0 
871 887 0 1 0 0 
369 370 0 1 0 1 
732 740 0 0 0 0 
726 731 1 0 0 0 
588 592 1 0 0 0 
464 481 1 0 0 1 
543 531 0 0 0 0 
721 713 0 0 0 0 
227 209 0 0 0 1 
49 46 1 0 1 0 
134 128 0 1 0 0 
868 862 1 1 0 0 
833 841 0 0 0 0 
789 794 1 0 0 0 
105 107 0 0 0 1 
432 435 0 0 0 0 
453 451 1 0 0 0 
370 372 0 1 0 1 
869 861 0 0 0 0 
626 613 0 0 0 0 
209 228 0 0 0 0 
592 575 0 1 1 0 
333 336 0 0 0 0 
858 861 0 0 0 1 
569 568 0 0 0 0 
339 335 0 0 1 1 
672 671 1 0 0 0 
406 393 0 1 0 0 
475 482 0 0 0 0 
398 405 0 0 1 0 
446 456 0 0 0 0 
893 905 0 0 0 0 
263 270 0 0 0 0 
171 172 1 0 0 0 
230 233 0 0 0 0 
938 938 0 0 0 0 
740 754 0 0 0 0 
636 637 0 0 0 1 
386 404 1 1 0 0 
896 912 0 0 0 1 
518 533 0 0 1 0 
606 593 0 0 1 0 
208 196 0 0 0 0 
955 967 0 0 0 0 
926 934 0 0 0 1 
384 367 1 0 0 0 
