1000 5000 1
1 
1 
0 
0 
1 
0 
0 
0 
0 
0 
0 
0 
1 
1 
0 
1 
0 
1 
1 
1 
1 
1 
1 
0 
0 
1 
1 
0 
1 
0 
0 
1 
0 
0 
1 
0 
0 
1 
1 
0 
1 
1 
1 
0 
0 
0 
1 
0 
1 
0 
1 
0 
1 
1 
0 
1 
0 
1 
1 
0 
1 
1 
0 
0 
0 
0 
1 
0 
0 
1 
0 
1 
0 
0 
0 
0 
1 
0 
0 
1 
0 
1 
1 
0 
1 
1 
0 
1 
1 
0 
1 
0 
1 
1 
0 
1 
0 
1 
1 
1 
0 
1 
0 
1 
0 
1 
0 
1 
1 
0 
0 
0 
1 
0 
1 
0 
0 
0 
0 
1 
1 
0 
0 
0 
0 
0 
1 
1 
0 
1 
0 
1 
1 
0 
0 
1 
1 
1 
0 
0 
0 
0 
0 
0 
1 
1 
0 
1 
0 
1 
0 
1 
1 
0 
1 
0 
0 
1 
1 
0 
1 
1 
1 
0 
1 
1 
1 
0 
0 
0 
0 
1 
0 
0 
1 
0 
0 
1 
1 
1 
0 
1 
0 
0 
1 
0 
0 
0 
1 
0 
1 
0 
0 
0 
0 
1 
1 
0 
1 
0 
1 
0 
1 
0 
1 
0 
0 
0 
0 
1 
1 
0 
0 
1 
0 
1 
0 
0 
0 
0 
0 
0 
0 
1 
1 
1 
0 
1 
1 
1 
1 
0 
1 
1 
0 
0 
1 
1 
0 
0 
1 
1 
1 
1 
0 
0 
0 
1 
1 
1 
1 
0 
0 
1 
1 
1 
0 
0 
1 
1 
1 
0 
0 
1 
0 
0 
0 
0 
1 
1 
1 
1 
1 
1 
0 
1 
0 
1 
1 
0 
1 
1 
0 
1 
1 
1 
1 
0 
1 
1 
1 
0 
1 
0 
1 
0 
0 
0 
0 
1 
1 
0 
0 
0 
0 
0 
1 
1 
0 
1 
0 
0 
1 
1 
1 
0 
0 
1 
1 
0 
0 
0 
1 
0 
1 
0 
1 
1 
0 
1 
0 
1 
0 
1 
0 
0 
0 
0 
0 
0 
0 
1 
0 
0 
1 
1 
1 
0 
1 
1 
0 
1 
0 
1 
0 
1 
1 
0 
1 
0 
0 
1 
1 
1 
0 
1 
0 
1 
1 
1 
0 
0 
0 
1 
1 
1 
0 
1 
1 
1 
0 
0 
0 
1 
0 
1 
0 
0 
1 
0 
0 
0 
1 
0 
1 
0 
0 
0 
1 
1 
0 
1 
0 
1 
0 
1 
0 
0 
1 
0 
0 
1 
1 
0 
0 
1 
0 
0 
1 
0 
0 
0 
1 
0 
1 
1 
1 
0 
0 
0 
0 
0 
1 
1 
1 
0 
1 
0 
0 
1 
0 
0 
1 
1 
0 
1 
0 
0 
1 
0 
0 
0 
0 
1 
1 
0 
1 
1 
1 
1 
0 
1 
0 
0 
1 
0 
0 
0 
1 
0 
0 
1 
0 
1 
0 
0 
1 
0 
0 
1 
1 
1 
1 
0 
0 
1 
0 
1 
1 
1 
0 
0 
1 
1 
0 
1 
1 
1 
0 
1 
1 
1 
1 
0 
1 
0 
0 
1 
0 
1 
1 
0 
0 
0 
1 
0 
1 
0 
1 
0 
1 
0 
1 
0 
1 
0 
1 
1 
1 
1 
0 
0 
0 
0 
1 
1 
1 
0 
1 
1 
1 
0 
0 
1 
0 
1 
1 
0 
1 
1 
1 
1 
1 
1 
1 
1 
1 
0 
1 
0 
1 
1 
0 
0 
0 
1 
1 
1 
0 
0 
0 
0 
1 
0 
1 
1 
1 
0 
0 
0 
0 
1 
1 
1 
1 
1 
1 
0 
1 
1 
1 
0 
0 
0 
1 
1 
1 
0 
1 
0 
1 
1 
1 
0 
0 
1 
0 
1 
1 
0 
1 
0 
1 
0 
0 
1 
0 
1 
1 
0 
0 
1 
0 
1 
1 
1 
1 
0 
0 
0 
0 
1 
0 
0 
1 
0 
0 
1 
0 
0 
1 
0 
1 
1 
1 
0 
1 
1 
0 
0 
0 
1 
0 
0 
1 
1 
0 
1 
0 
0 
0 
0 
0 
0 
0 
0 
1 
1 
1 
1 
1 
0 
1 
0 
1 
0 
0 
1 
1 
0 
0 
0 
0 
0 
1 
1 
1 
0 
0 
0 
1 
1 
1 
0 
0 
0 
0 
0 
1 
1 
1 
1 
0 
1 
0 
0 
1 
0 
1 
1 
0 
0 
0 
1 
1 
0 
1 
1 
0 
1 
1 
0 
1 
0 
0 
0 
1 
0 
0 
1 
1 
1 
0 
0 
0 
1 
1 
1 
0 
1 
0 
0 
1 
0 
1 
0 
0 
1 
0 
0 
1 
1 
1 
0 
1 
1 
1 
0 
1 
0 
1 
1 
0 
0 
0 
0 
0 
0 
0 
1 
1 
0 
1 
0 
1 
1 
1 
1 
0 
0 
1 
0 
0 
1 
0 
1 
0 
1 
0 
1 
1 
1 
0 
0 
0 
0 
0 
1 
1 
0 
1 
0 
1 
1 
0 
1 
1 
1 
0 
0 
0 
0 
0 
0 
0 
1 
0 
0 
0 
1 
1 
1 
1 
0 
0 
0 
0 
1 
0 
0 
0 
1 
1 
1 
1 
1 
1 
1 
0 
1 
1 
0 
1 
1 
1 
0 
1 
1 
1 
1 
0 
1 
0 
0 
0 
1 
0 
0 
1 
0 
1 
1 
0 
1 
1 
0 
0 
1 
0 
0 
1 
1 
0 
1 
1 
0 
1 
0 
0 
0 
0 
0 
1 
0 
1 
1 
0 
1 
0 
1 
0 
0 
1 
1 
1 
0 
1 
1 
1 
1 
1 
0 
1 
0 
0 
1 
0 
1 
0 
0 
0 
1 
1 
1 
1 
0 
1 
0 
0 
1 
1 
1 
0 
0 
1 
0 
0 
1 
0 
1 
1 
0 
1 
1 
0 
1 
0 
1 
0 
1 
1 
1 
0 
0 
1 
0 
0 
0 
0 
0 
1 
1 
1 
0 
0 
1 
0 
0 
1 
1 
0 
0 
1 
0 
0 
0 
1 
1 
0 
0 
0 
1 
1 
0 
1 
0 
1 
1 
1 
1 
1 
1 
0 
1 
0 
0 
1 
1 
0 
0 
0 
1 
1 
0 
1 
0 
1 
0 
0 
0 
1 1 0 
222 206 1 
81 88 0 
743 761 1 
139 139 1 
755 747 0 
552 555 1 
463 479 0 
70 82 0 
375 363 0 
318 323 1 
306 317 1 
383 385 0 
810 803 0 
945 962 1 
160 150 0 
563 549 0 
496 495 1 
76 57 1 
228 219 1 
971 972 1 
744 745 0 
149 154 1 
450 453 1 
216 211 1 
670 686 0 
285 298 0 
779 794 0 
818 832 1 
467 448 0 
947 955 0 
708 703 0 
186 193 1 
843 848 0 
896 913 0 
766 749 1 
819 838 0 
674 684 0 
604 605 0 
353 335 1 
420 422 1 
199 203 1 
463 475 1 
497 507 1 
43 45 0 
430 419 0 
815 833 1 
618 610 0 
906 909 1 
32 17 1 
630 634 0 
366 361 0 
650 632 0 
884 881 0 
345 334 0 
874 859 0 
567 552 1 
155 141 1 
719 706 0 
821 811 0 
553 565 0 
250 242 1 
343 342 1 
95 103 1 
716 735 0 
331 318 0 
481 491 1 
110 94 1 
627 621 0 
418 408 0 
856 865 0 
130 138 1 
502 499 1 
46 47 1 
426 434 0 
629 626 1 
735 743 1 
253 236 1 
586 583 0 
958 950 0 
239 235 0 
704 694 1 
955 953 0 
865 860 0 
391 380 0 
214 222 1 
395 378 1 
837 834 0 
834 828 0 
414 432 0 
770 776 0 
434 436 0 
78 84 0 
941 954 1 
617 617 1 
538 536 1 
540 537 1 
621 630 1 
243 245 1 
579 588 1 
411 426 1 
473 477 1 
208 215 0 
830 835 1 
104 121 1 
125 125 1 
915 904 0 
35 24 1 
449 431 0 
432 418 1 
411 396 0 
732 730 0 
275 271 0 
124 107 0 
467 479 1 
961 963 0 
920 905 0 
526 512 1 
896 909 0 
475 481 1 
4 13 0 
465 463 0 
830 825 0 
807 824 1 
925 934 0 
664 683 0 
138 139 0 
811 800 1 
140 152 0 
826 820 1 
212 231 0 
332 349 0 
741 742 1 
898 911 1 
231 225 0 
773 769 1 
940 949 1 
993 1000 1 
722 733 0 
267 269 0 
454 455 1 
949 965 0 
700 701 0 
698 710 1 
694 688 0 
298 284 0 
255 257 0 
537 534 0 
409 406 0 
547 560 0 
638 620 0 
161 149 0 
860 876 0 
922 905 0 
749 731 0 
327 336 1 
552 546 1 
523 522 1 
447 438 1 
699 691 0 
935 926 1 
650 654 0 
134 149 1 
65 48 0 
791 809 1 
177 162 1 
717 722 0 
776 774 1 
669 675 1 
868 851 0 
704 716 1 
713 730 0 
411 416 0 
641 630 0 
680 690 1 
537 543 0 
943 953 1 
627 612 1 
570 582 1 
339 343 0 
455 437 0 
137 129 0 
710 709 0 
153 149 0 
653 659 1 
431 423 0 
388 373 0 
730 719 0 
849 866 1 
769 750 1 
407 426 0 
379 366 1 
208 191 1 
320 313 1 
143 137 1 
235 221 0 
665 678 0 
905 899 0 
527 521 1 
212 224 1 
307 303 1 
40 49 0 
99 89 1 
174 168 0 
760 751 1 
431 436 1 
543 524 0 
826 843 1 
616 602 0 
273 276 1 
464 482 1 
535 536 0 
120 136 0 
380 388 1 
305 286 0 
591 595 0 
199 181 1 
267 266 0 
977 968 1 
908 905 1 
587 580 1 
374 388 0 
875 881 0 
601 603 0 
573 586 1 
156 167 0 
37 42 1 
911 893 0 
288 305 0 
968 964 1 
123 118 1 
132 136 0 
540 544 1 
11 8 1 
776 783 0 
947 942 0 
489 492 1 
978 991 1 
975 990 0 
461 453 0 
701 708 0 
569 570 0 
542 538 0 
545 536 0 
468 473 0 
140 129 1 
492 493 0 
665 660 1 
674 692 1 
713 704 1 
611 612 0 
448 434 1 
622 640 1 
995 982 1 
426 414 0 
271 277 1 
603 614 0 
782 768 1 
81 66 0 
427 418 0 
174 181 1 
773 780 0 
42 29 1 
189 187 0 
903 908 1 
133 134 0 
478 459 0 
63 72 1 
982 983 0 
11 28 1 
142 147 1 
403 416 1 
836 851 0 
78 96 1 
900 885 0 
97 84 1 
118 118 1 
316 335 0 
688 683 0 
635 648 1 
171 159 1 
558 564 1 
346 340 1 
42 53 1 
796 809 0 
435 447 0 
564 560 0 
107 95 1 
235 216 1 
288 274 1 
676 687 1 
71 87 1 
391 400 1 
471 470 1 
431 423 0 
932 933 1 
301 294 0 
492 474 0 
436 449 1 
527 535 1 
980 999 1 
813 820 0 
456 455 1 
592 582 1 
608 591 1 
934 948 1 
153 157 0 
597 603 0 
486 470 1 
312 298 0 
969 952 0 
178 188 0 
756 754 0 
126 125 1 
154 149 1 
584 599 1 
235 233 0 
278 276 0 
932 926 1 
763 765 1 
684 686 0 
338 326 0 
840 846 1 
335 349 0 
721 728 1 
103 103 1 
767 769 0 
519 517 0 
784 792 0 
800 803 0 
947 948 1 
271 288 0 
284 275 1 
989 985 0 
131 130 1 
326 344 0 
242 250 0 
82 76 0 
19 11 1 
281 275 1 
815 796 1 
699 717 0 
25 42 1 
647 642 0 
340 338 1 
794 792 1 
374 366 0 
299 306 1 
16 25 0 
50 37 1 
983 971 1 
96 81 0 
853 839 1 
318 302 1 
129 126 1 
927 940 0 
560 561 1 
585 586 0 
751 734 1 
537 528 0 
354 363 0 
810 814 1 
434 429 0 
922 926 0 
473 457 0 
856 873 1 
170 185 1 
889 893 0 
540 537 0 
587 589 0 
4 7 0 
753 737 0 
358 342 1 
629 627 1 
164 161 1 
178 189 1 
30 16 1 
530 543 1 
266 263 0 
124 132 1 
923 904 0 
550 538 1 
307 313 0 
253 254 1 
586 600 0 
487 489 1 
655 654 1 
386 401 1 
493 509 1 
334 322 1 
674 686 1 
264 261 0 
76 78 0 
694 679 0 
98 101 1 
873 860 1 
748 734 0 
183 193 1 
5 2 0 
401 383 0 
655 672 1 
742 753 0 
581 578 1 
663 655 1 
982 979 0 
520 527 0 
143 140 1 
185 188 1 
361 372 0 
250 261 0 
594 613 1 
584 599 0 
983 968 1 
367 377 0 
414 397 1 
734 729 0 
405 388 1 
506 493 0 
17 25 1 
262 253 0 
274 293 1 
773 783 1 
252 238 1 
809 791 1 
893 912 1 
542 536 1 
125 142 1 
325 326 1 
578 559 0 
691 699 0 
718 716 1 
885 897 1 
115 119 0 
796 802 0 
340 347 1 
389 377 0 
101 109 1 
463 453 0 
921 931 0 
890 905 0 
958 973 0 
115 114 1 
349 365 0 
567 572 0 
821 823 1 
859 861 1 
945 928 1 
174 177 1 
282 284 0 
301 285 0 
49 55 0 
149 165 0 
223 219 0 
886 875 1 
160 148 0 
353 355 0 
629 625 1 
920 937 1 
948 937 0 
435 418 0 
772 776 1 
725 734 1 
971 977 1 
713 702 0 
85 70 1 
708 710 0 
862 864 1 
386 395 1 
348 344 0 
51 69 0 
936 953 1 
243 255 0 
331 349 1 
690 689 1 
496 492 0 
654 656 1 
729 724 0 
616 604 1 
592 595 1 
483 478 0 
849 842 1 
281 287 1 
685 691 1 
252 260 0 
962 949 0 
939 953 0 
546 545 0 
744 732 1 
781 771 0 
27 20 1 
809 793 0 
211 218 0 
528 524 1 
389 382 0 
343 359 0 
745 757 0 
411 405 0 
541 535 1 
514 513 0 
392 396 0 
512 494 1 
227 225 0 
657 648 1 
567 560 1 
114 123 0 
422 405 0 
616 614 1 
64 54 1 
315 299 1 
831 848 0 
845 837 0 
385 367 1 
789 786 1 
725 710 0 
175 192 1 
905 893 0 
410 397 1 
997 990 0 
857 870 1 
866 867 1 
709 691 1 
886 894 1 
60 49 1 
929 924 0 
199 198 0 
743 757 0 
651 657 1 
795 793 0 
987 994 0 
617 598 1 
190 180 0 
808 796 1 
312 310 1 
578 588 0 
676 657 0 
766 784 1 
353 357 0 
170 189 1 
445 453 1 
406 422 1 
218 223 1 
543 553 0 
954 964 0 
740 739 0 
548 567 1 
796 805 1 
269 255 0 
15 9 0 
686 687 1 
108 112 1 
444 435 1 
657 653 1 
726 715 0 
721 732 0 
40 41 1 
445 432 1 
890 880 1 
966 950 1 
178 184 1 
67 81 1 
525 540 1 
231 225 0 
148 146 1 
798 807 1 
509 498 0 
22 24 0 
683 683 1 
712 709 0 
429 413 0 
787 794 1 
929 947 0 
309 294 1 
724 728 1 
686 698 0 
482 496 0 
518 500 1 
102 89 1 
135 133 0 
242 251 0 
748 740 1 
78 96 0 
758 764 0 
100 110 0 
377 371 1 
732 742 0 
443 446 0 
215 226 1 
51 63 1 
112 127 1 
400 409 1 
790 793 0 
574 564 0 
736 730 0 
295 296 1 
687 673 0 
126 120 1 
541 528 0 
877 877 1 
144 137 0 
506 500 0 
677 659 0 
998 992 0 
827 816 1 
238 252 0 
227 228 1 
149 156 0 
956 952 0 
99 84 0 
991 981 1 
4 5 1 
691 692 1 
372 387 1 
322 338 0 
469 477 0 
775 765 0 
869 864 0 
753 767 0 
524 517 0 
941 955 0 
338 354 0 
806 823 1 
941 922 1 
972 969 1 
77 85 0 
784 779 0 
874 874 0 
541 532 0 
115 110 0 
307 288 0 
461 460 0 
685 695 1 
852 836 1 
624 643 1 
444 437 0 
334 348 0 
332 328 0 
782 781 1 
46 39 0 
397 387 1 
148 147 1 
654 652 0 
892 902 1 
261 253 0 
885 885 0 
869 870 1 
322 320 0 
931 942 1 
199 201 0 
423 408 0 
446 436 1 
586 579 1 
606 595 0 
177 169 1 
805 801 1 
490 475 1 
126 107 1 
406 414 0 
681 679 0 
757 770 1 
151 147 0 
683 698 0 
701 715 1 
832 815 0 
592 606 0 
348 367 0 
204 195 0 
140 151 0 
167 181 1 
199 184 1 
782 782 0 
63 48 0 
727 745 1 
788 807 0 
755 745 0 
971 976 0 
506 504 1 
581 585 0 
912 905 0 
108 126 0 
895 892 1 
40 54 1 
525 532 1 
724 718 0 
361 360 1 
317 311 0 
700 690 0 
833 830 0 
954 939 0 
728 726 0 
197 186 0 
380 381 0 
244 262 0 
984 974 0 
988 985 1 
591 609 1 
889 889 0 
745 762 0 
912 893 1 
189 182 0 
245 257 1 
593 577 1 
356 342 1 
552 551 0 
533 516 1 
844 857 0 
349 341 0 
203 212 1 
896 912 1 
42 30 0 
712 703 1 
595 606 0 
242 240 1 
756 757 1 
167 148 0 
496 500 0 
862 847 1 
442 430 1 
971 981 1 
161 154 0 
783 764 1 
778 773 0 
552 540 0 
412 429 0 
815 801 0 
895 909 0 
330 333 1 
392 375 0 
974 972 0 
216 232 1 
987 974 0 
939 927 0 
584 592 1 
154 153 0 
486 496 0 
210 201 0 
967 984 0 
71 59 1 
115 116 1 
762 772 0 
9 8 1 
493 477 1 
326 325 0 
167 167 1 
122 116 1 
540 536 0 
781 792 0 
110 116 0 
733 746 0 
608 605 0 
913 902 1 
924 927 0 
360 355 0 
95 110 1 
582 578 1 
976 981 1 
179 168 1 
909 901 1 
277 284 1 
853 858 1 
196 178 1 
157 172 1 
301 308 0 
418 415 1 
367 386 0 
774 784 0 
658 640 1 
598 608 0 
268 272 0 
773 780 0 
792 802 1 
546 537 0 
862 879 0 
677 671 1 
352 364 1 
20 29 0 
590 600 1 
371 378 1 
298 288 1 
856 845 0 
567 552 1 
789 782 1 
663 646 1 
235 217 1 
684 674 1 
145 158 1 
411 403 1 
963 963 0 
937 953 0 
861 862 1 
566 585 1 
762 754 0 
957 948 0 
603 615 1 
872 853 0 
376 388 0 
560 553 0 
815 798 1 
761 775 1 
864 855 1 
97 81 1 
599 595 1 
525 522 0 
175 193 0 
903 913 0 
433 449 1 
920 919 0 
529 540 1 
236 231 0 
357 349 0 
414 407 1 
455 436 1 
189 184 1 
535 537 1 
424 428 0 
813 831 1 
644 661 1 
975 975 0 
960 963 0 
505 486 0 
147 155 0 
978 979 0 
764 750 0 
72 57 0 
83 76 1 
971 969 0 
743 760 0 
371 379 1 
655 657 1 
883 895 0 
154 147 1 
672 664 0 
667 666 1 
7 20 0 
464 448 0 
761 763 1 
227 237 0 
706 716 0 
494 495 0 
164 164 0 
550 566 0 
670 688 1 
266 248 0 
149 162 0 
349 359 1 
320 304 1 
461 463 0 
452 463 0 
565 581 0 
717 731 1 
484 501 1 
898 884 0 
598 593 0 
847 856 1 
166 175 0 
179 196 0 
974 981 0 
684 688 0 
393 399 0 
247 246 1 
667 664 1 
353 366 1 
932 927 1 
889 881 0 
700 685 0 
580 578 0 
253 256 0 
999 993 0 
739 734 0 
154 169 1 
990 981 1 
688 678 1 
391 373 1 
34 52 0 
537 531 0 
91 99 0 
386 389 1 
546 562 0 
938 942 0 
884 879 0 
215 230 1 
243 261 1 
675 689 0 
510 502 1 
436 429 1 
5 5 1 
577 560 0 
286 271 1 
518 513 1 
844 856 0 
349 350 1 
515 514 0 
78 80 0 
346 358 0 
828 841 1 
263 255 1 
378 377 0 
33 52 1 
526 508 1 
952 943 1 
634 632 1 
272 272 1 
324 324 0 
791 808 0 
281 276 1 
56 41 1 
265 283 1 
332 321 0 
106 106 1 
45 32 1 
432 441 1 
119 116 0 
189 207 0 
944 931 1 
863 873 0 
658 670 0 
206 205 0 
649 665 0 
522 522 1 
693 705 1 
702 708 0 
594 609 1 
657 654 1 
789 799 0 
83 79 0 
665 652 1 
70 69 0 
355 337 1 
590 604 1 
486 499 1 
96 85 0 
876 888 1 
596 603 0 
949 934 0 
652 637 0 
686 701 0 
979 989 1 
116 113 1 
501 490 1 
213 208 0 
212 224 1 
122 134 0 
52 34 0 
885 868 1 
433 439 0 
647 649 0 
784 774 0 
202 217 1 
537 548 1 
283 282 1 
48 29 1 
892 890 0 
791 799 1 
325 340 0 
871 874 0 
633 640 0 
845 849 0 
331 346 0 
438 445 0 
113 95 0 
54 66 0 
555 540 1 
691 700 0 
578 583 0 
388 378 1 
219 236 1 
493 483 0 
398 406 0 
179 177 1 
298 280 1 
484 482 1 
143 135 1 
948 937 0 
397 414 0 
721 733 1 
437 447 1 
602 610 0 
41 42 0 
302 316 0 
653 636 1 
972 986 1 
804 797 0 
645 639 1 
657 672 0 
645 652 0 
87 88 0 
551 534 0 
845 850 1 
538 552 1 
540 550 0 
420 436 1 
679 661 0 
165 180 0 
216 232 1 
597 584 1 
639 633 1 
978 994 1 
416 428 0 
474 483 0 
84 70 1 
346 330 1 
93 103 0 
99 82 0 
822 812 0 
303 304 0 
569 579 0 
210 222 1 
456 469 0 
92 89 0 
601 594 0 
915 925 1 
418 436 1 
498 505 1 
940 944 0 
699 692 0 
484 473 0 
815 809 0 
284 272 0 
366 355 1 
989 979 0 
359 343 0 
255 266 0 
440 452 1 
841 841 1 
257 238 0 
277 294 1 
17 10 1 
222 216 0 
177 187 0 
396 389 1 
882 885 0 
327 345 0 
600 610 1 
672 663 1 
910 896 1 
688 705 0 
365 367 1 
282 281 0 
819 833 1 
3 14 1 
476 495 0 
208 209 0 
275 272 0 
609 618 1 
141 159 1 
766 770 1 
95 82 1 
670 676 0 
348 333 1 
516 520 1 
494 505 1 
442 424 1 
617 603 1 
167 186 0 
629 645 1 
368 364 0 
606 596 1 
680 696 0 
508 501 1 
146 151 1 
836 834 0 
639 656 0 
524 524 1 
133 124 0 
496 498 0 
395 387 1 
963 972 1 
572 580 0 
605 604 0 
33 43 0 
298 281 1 
486 470 1 
444 440 0 
739 754 1 
841 850 1 
276 281 1 
294 308 1 
101 82 1 
471 463 1 
850 868 0 
934 940 1 
922 907 0 
564 577 1 
329 319 1 
663 678 0 
609 610 0 
373 372 0 
93 103 1 
550 558 1 
822 820 0 
880 861 0 
686 680 0 
672 684 1 
338 329 0 
418 424 1 
173 171 1 
24 18 1 
830 840 0 
72 60 0 
914 902 0 
697 689 0 
532 548 1 
414 425 1 
133 123 0 
77 69 0 
546 544 1 
918 917 1 
287 301 0 
281 275 0 
363 375 0 
621 631 1 
449 468 1 
915 905 1 
601 587 0 
227 245 1 
187 201 0 
987 991 1 
979 995 0 
424 408 1 
518 535 1 
428 443 1 
230 217 0 
924 915 1 
349 353 0 
410 394 0 
321 307 1 
547 543 0 
81 80 1 
959 949 0 
103 84 1 
28 32 0 
613 631 1 
709 722 1 
457 462 1 
897 906 1 
604 601 1 
391 404 0 
950 962 0 
838 839 0 
735 727 0 
974 980 0 
916 935 1 
711 719 1 
959 954 0 
854 838 0 
219 200 1 
43 47 1 
439 458 1 
152 158 0 
70 88 0 
229 239 0 
114 109 0 
509 521 1 
675 692 1 
981 995 1 
249 255 0 
800 815 0 
134 121 1 
873 869 1 
822 832 0 
941 952 0 
292 307 1 
437 426 0 
301 288 0 
133 148 1 
951 965 1 
231 219 0 
268 284 0 
350 340 1 
865 856 1 
902 912 1 
523 540 1 
547 544 0 
75 82 0 
500 513 0 
226 237 1 
847 848 1 
391 385 1 
425 442 0 
985 977 1 
29 32 1 
260 273 1 
607 593 0 
79 63 0 
429 416 0 
310 325 0 
502 493 0 
198 203 0 
701 698 1 
332 319 0 
263 274 1 
645 643 0 
618 635 1 
10 14 1 
681 668 0 
360 372 0 
516 498 0 
591 592 0 
742 743 0 
75 80 0 
289 284 1 
801 798 0 
639 636 1 
247 262 1 
359 367 0 
650 644 1 
799 818 1 
876 870 1 
203 196 0 
499 518 1 
112 129 1 
287 299 1 
967 983 1 
754 743 0 
298 302 1 
337 345 0 
308 323 1 
250 231 0 
32 43 0 
749 734 1 
378 390 0 
374 389 0 
74 60 1 
703 721 1 
731 726 0 
282 298 1 
816 835 0 
453 438 0 
523 520 1 
307 322 0 
402 391 1 
850 858 0 
76 74 0 
138 132 1 
483 495 0 
603 590 1 
888 878 0 
215 225 0 
54 66 0 
139 145 0 
38 52 0 
823 822 1 
341 359 1 
770 762 0 
703 702 0 
484 474 0 
989 978 0 
180 189 1 
416 430 1 
571 566 1 
843 852 0 
85 101 1 
286 272 0 
937 932 0 
967 963 1 
483 494 1 
42 37 1 
141 155 1 
898 887 0 
840 849 0 
242 235 1 
122 127 0 
685 691 1 
148 166 1 
338 346 0 
310 292 0 
218 213 0 
278 268 1 
986 989 1 
400 384 0 
948 953 1 
851 835 0 
191 191 1 
845 854 0 
673 664 0 
313 309 1 
668 653 1 
426 427 1 
1000 987 1 
305 310 1 
916 925 0 
102 103 0 
294 281 0 
925 936 0 
332 313 0 
943 930 1 
705 706 0 
50 34 0 
145 127 1 
200 194 1 
318 314 1 
11 13 0 
147 142 1 
369 360 0 
586 605 1 
252 265 1 
511 527 0 
936 941 0 
283 290 1 
83 87 0 
371 354 0 
40 46 0 
7 1 0 
313 329 0 
44 36 1 
167 186 1 
889 881 1 
69 59 1 
706 702 0 
742 750 0 
271 279 1 
183 194 1 
493 501 1 
230 221 1 
235 240 1 
873 858 1 
29 46 0 
78 91 1 
394 396 1 
992 974 0 
942 926 1 
662 660 1 
239 231 1 
993 997 1 
253 261 0 
655 652 1 
340 329 1 
920 907 1 
414 428 1 
146 163 0 
400 383 0 
550 561 1 
792 805 1 
704 701 1 
324 327 1 
350 364 1 
41 22 1 
600 612 1 
913 902 0 
847 866 1 
671 683 1 
573 557 0 
890 892 0 
149 165 0 
471 473 0 
159 173 0 
816 808 1 
303 285 1 
562 581 0 
331 346 0 
658 676 1 
924 934 1 
791 777 1 
190 175 0 
258 245 1 
888 879 1 
775 774 1 
753 754 0 
474 484 1 
251 240 0 
669 658 0 
291 272 0 
975 965 0 
750 737 0 
548 534 0 
724 708 1 
498 513 1 
85 87 0 
995 979 0 
994 995 1 
79 94 1 
96 109 1 
484 487 0 
278 260 0 
170 158 1 
880 890 0 
581 562 0 
426 417 0 
907 905 0 
861 879 1 
564 578 0 
480 478 0 
562 568 0 
16 14 0 
109 104 0 
694 690 0 
383 395 1 
505 488 1 
568 577 0 
213 205 1 
433 447 1 
762 755 0 
795 805 1 
634 630 0 
657 668 0 
195 176 1 
91 102 1 
482 469 1 
193 190 0 
145 147 0 
842 860 0 
705 723 1 
772 758 0 
769 758 1 
261 245 1 
262 251 0 
942 952 1 
874 887 0 
327 314 1 
556 575 0 
986 971 1 
808 804 0 
372 370 0 
886 901 0 
367 353 0 
57 69 0 
477 490 0 
761 742 0 
568 559 1 
608 609 1 
718 716 0 
8 27 1 
744 742 0 
298 282 1 
35 47 1 
16 6 0 
416 413 0 
872 886 1 
963 964 1 
933 915 0 
229 223 1 
85 92 1 
361 342 1 
286 286 0 
50 68 0 
793 803 1 
239 251 0 
412 413 1 
539 524 1 
140 149 1 
914 914 1 
827 809 0 
39 40 0 
359 365 1 
19 8 1 
802 804 1 
262 246 0 
639 636 1 
410 405 1 
723 731 1 
967 980 0 
471 470 1 
358 359 0 
682 687 0 
173 186 1 
275 277 0 
80 73 0 
518 505 0 
310 315 1 
192 180 0 
905 894 0 
890 895 0 
543 551 0 
932 935 0 
373 364 1 
322 322 0 
895 894 0 
204 206 1 
691 709 1 
133 131 0 
82 90 0 
991 995 0 
528 514 1 
904 907 0 
403 421 1 
104 93 1 
464 471 0 
515 504 0 
191 196 0 
287 286 1 
450 459 1 
323 325 1 
420 408 1 
221 214 1 
422 428 1 
547 540 1 
219 229 1 
992 990 0 
581 589 1 
797 795 1 
43 27 0 
344 339 0 
61 48 1 
715 727 0 
890 908 0 
45 56 0 
449 458 0 
896 905 1 
263 246 0 
947 955 0 
572 560 0 
937 954 1 
947 950 0 
607 622 0 
630 612 0 
557 550 1 
154 156 1 
82 93 1 
849 843 1 
867 886 1 
892 904 0 
506 523 0 
876 889 1 
931 949 0 
583 590 0 
519 538 1 
695 712 1 
267 257 1 
986 988 0 
154 158 0 
167 153 1 
895 886 0 
279 285 0 
302 318 1 
869 862 0 
751 745 0 
324 341 1 
733 734 1 
398 392 1 
317 323 1 
336 338 1 
799 794 1 
72 53 1 
388 370 0 
527 543 0 
245 258 0 
667 652 0 
716 707 0 
847 852 1 
801 789 0 
809 806 1 
180 173 1 
831 831 0 
898 916 1 
80 94 0 
423 413 1 
962 973 0 
286 275 0 
720 735 0 
929 942 1 
144 161 0 
952 965 0 
427 436 0 
608 612 1 
858 863 1 
189 206 0 
304 308 1 
170 152 1 
434 423 1 
327 321 1 
285 299 0 
878 875 1 
755 744 0 
527 537 0 
953 962 1 
211 230 0 
627 633 0 
886 891 0 
524 523 1 
184 177 0 
6 3 1 
660 673 1 
512 529 0 
55 38 1 
201 214 0 
613 613 1 
401 414 1 
115 134 1 
575 570 0 
681 696 0 
897 887 1 
719 719 1 
300 308 0 
270 253 1 
476 485 0 
181 173 1 
618 599 0 
749 735 0 
243 243 1 
482 484 0 
235 217 0 
347 347 1 
801 808 1 
391 409 1 
703 704 0 
940 942 0 
31 36 1 
29 13 1 
718 725 1 
593 588 1 
613 607 0 
860 877 0 
680 685 1 
609 605 1 
10 22 1 
685 675 1 
536 530 1 
70 74 0 
150 137 0 
464 479 1 
986 995 0 
638 632 1 
197 202 0 
12 20 1 
703 713 1 
348 361 0 
529 547 0 
809 806 1 
272 289 0 
356 359 1 
366 371 0 
397 411 1 
58 54 0 
679 676 0 
572 577 1 
648 654 1 
849 848 0 
73 73 0 
232 233 0 
252 264 0 
112 112 0 
347 353 1 
403 399 1 
345 349 1 
830 832 0 
541 560 1 
744 749 0 
715 720 0 
197 186 0 
76 74 1 
9 18 0 
767 752 0 
525 541 1 
172 182 0 
758 774 1 
255 256 1 
307 290 0 
750 747 1 
70 81 1 
371 378 0 
590 574 0 
558 568 0 
266 261 0 
126 145 1 
251 232 1 
71 62 1 
482 485 1 
462 479 1 
939 944 0 
546 551 0 
207 195 0 
406 403 1 
289 297 1 
360 361 0 
892 886 1 
292 291 1 
53 39 0 
685 673 1 
401 413 1 
712 702 1 
434 447 0 
580 572 0 
826 829 1 
783 795 0 
240 247 0 
485 494 1 
876 888 1 
794 806 1 
425 442 1 
282 269 0 
999 997 1 
623 607 0 
115 113 0 
94 78 0 
663 644 1 
155 146 0 
278 297 0 
697 710 0 
899 910 1 
150 169 1 
209 202 1 
923 916 0 
735 732 1 
320 317 0 
723 727 0 
892 887 1 
568 552 1 
566 578 0 
266 255 0 
187 196 0 
529 546 1 
127 122 1 
74 91 0 
411 410 1 
168 155 0 
656 650 0 
372 378 0 
84 75 0 
108 97 1 
859 878 1 
544 554 1 
300 302 1 
914 928 1 
601 585 1 
801 794 1 
963 946 0 
314 298 0 
57 47 0 
305 289 0 
903 908 1 
980 993 1 
853 867 1 
476 469 1 
401 397 1 
118 137 1 
427 421 0 
419 410 1 
865 868 0 
269 261 1 
838 819 0 
336 325 1 
464 483 0 
627 624 1 
682 679 1 
945 941 0 
253 259 0 
673 655 0 
96 84 0 
714 698 1 
643 625 1 
29 33 0 
361 380 0 
730 744 0 
523 515 0 
410 407 0 
152 142 1 
547 541 0 
556 574 0 
824 837 1 
145 164 0 
247 232 1 
602 612 1 
850 863 0 
407 414 1 
894 888 1 
731 743 1 
853 847 0 
889 891 1 
550 567 1 
632 626 0 
933 951 0 
746 765 1 
885 887 1 
113 131 1 
525 543 0 
557 538 0 
928 932 1 
490 475 0 
110 101 1 
488 478 0 
482 467 0 
80 68 0 
880 868 1 
728 718 1 
594 585 0 
420 423 1 
149 161 0 
649 664 0 
961 959 1 
866 882 1 
335 323 0 
830 825 0 
626 617 1 
21 25 0 
423 405 0 
170 166 0 
252 245 0 
108 92 1 
391 402 1 
58 60 0 
482 463 1 
552 546 0 
256 249 0 
511 511 0 
79 93 1 
370 370 1 
818 804 1 
563 582 0 
768 784 1 
656 651 1 
276 282 0 
934 917 1 
747 754 0 
409 426 0 
950 940 1 
578 581 0 
374 361 0 
122 128 1 
322 333 0 
182 178 1 
945 937 0 
575 558 0 
805 800 0 
751 750 1 
726 720 0 
877 886 0 
911 914 1 
802 796 1 
178 184 0 
436 452 0 
115 126 0 
578 591 0 
46 49 1 
636 638 0 
667 680 1 
108 91 0 
345 338 1 
473 457 0 
504 500 1 
414 422 1 
793 779 0 
423 425 1 
754 769 0 
496 489 0 
419 412 1 
109 98 1 
548 559 1 
836 836 1 
996 994 1 
439 424 1 
353 343 1 
427 419 1 
764 773 0 
221 205 0 
371 357 0 
135 118 1 
367 386 1 
883 866 0 
540 542 1 
994 981 0 
940 929 0 
870 882 0 
498 492 1 
395 397 0 
300 301 1 
403 408 1 
799 814 0 
916 912 0 
797 815 0 
281 270 1 
130 126 1 
742 754 1 
408 425 0 
183 170 1 
474 469 1 
462 468 1 
121 127 0 
266 283 0 
192 189 0 
18 10 1 
975 972 0 
798 815 1 
599 590 0 
493 491 0 
296 315 0 
860 878 0 
613 599 1 
681 688 0 
130 124 1 
641 627 1 
847 848 0 
767 785 1 
907 899 0 
266 259 1 
529 542 1 
279 272 0 
41 25 1 
904 909 0 
129 130 0 
230 247 0 
450 460 0 
961 946 1 
519 516 0 
928 917 0 
261 270 0 
258 255 0 
395 402 1 
157 172 0 
600 617 0 
695 693 1 
59 42 1 
272 265 0 
316 333 0 
805 815 0 
480 476 0 
566 564 0 
509 526 0 
675 671 1 
479 468 0 
667 655 1 
996 988 1 
720 728 1 
126 118 1 
823 825 0 
325 323 0 
43 47 1 
384 375 1 
501 495 1 
722 723 0 
273 257 0 
946 945 1 
871 864 0 
408 417 1 
640 636 0 
129 117 0 
853 846 1 
863 865 0 
654 663 1 
300 297 1 
520 522 1 
56 58 0 
496 503 1 
91 88 1 
725 733 1 
649 655 0 
897 892 1 
310 317 1 
520 526 0 
806 792 0 
897 890 1 
524 514 0 
923 926 0 
353 350 1 
403 422 1 
365 348 1 
602 601 1 
654 657 1 
469 480 1 
727 726 0 
594 576 1 
987 989 1 
134 142 0 
584 579 0 
902 914 0 
689 689 0 
258 264 0 
740 735 1 
655 664 1 
979 973 1 
544 554 0 
360 369 1 
454 465 0 
479 478 0 
686 697 0 
479 469 1 
186 186 0 
612 603 0 
739 737 0 
295 290 0 
51 69 1 
562 559 1 
430 433 1 
282 297 1 
221 223 0 
246 245 1 
124 115 1 
143 159 1 
175 189 0 
751 752 1 
65 76 1 
111 121 0 
380 376 0 
961 967 0 
45 41 1 
167 160 0 
576 569 1 
599 599 0 
123 121 0 
943 933 0 
256 273 0 
498 504 0 
568 563 1 
211 207 1 
432 432 1 
64 83 1 
331 339 1 
729 733 0 
869 862 1 
40 24 0 
491 509 1 
867 860 1 
854 844 0 
351 335 1 
735 747 0 
498 515 0 
639 648 1 
272 275 0 
14 25 1 
865 863 1 
336 317 0 
943 954 0 
883 881 0 
74 79 1 
642 628 0 
180 175 0 
925 920 0 
484 469 0 
331 312 0 
149 167 1 
946 929 0 
678 687 1 
53 46 0 
242 225 0 
67 78 1 
883 876 1 
278 271 0 
204 201 0 
277 275 1 
679 676 1 
822 825 1 
682 679 1 
558 563 0 
573 554 0 
779 764 1 
419 425 0 
325 331 1 
413 410 0 
438 426 1 
571 569 1 
626 613 1 
127 142 0 
195 209 1 
646 638 1 
528 540 1 
800 805 1 
511 500 0 
426 438 0 
29 27 0 
57 54 0 
586 598 1 
520 531 0 
325 331 0 
703 700 1 
845 858 1 
896 907 1 
328 317 1 
691 680 1 
472 453 0 
736 754 0 
93 88 0 
177 181 1 
430 423 0 
835 832 0 
567 562 0 
173 179 0 
196 201 0 
170 167 1 
772 762 1 
513 498 0 
558 562 1 
64 75 0 
323 321 1 
50 65 1 
65 65 0 
445 447 0 
585 575 0 
46 37 0 
714 729 1 
464 479 0 
944 926 0 
824 835 1 
764 760 0 
297 308 1 
643 627 0 
290 280 1 
972 987 1 
492 494 0 
365 383 0 
352 342 1 
269 282 0 
758 752 1 
672 669 0 
901 908 1 
795 804 1 
81 71 1 
614 617 0 
245 233 0 
524 508 1 
889 880 0 
38 47 0 
200 210 0 
387 383 0 
47 64 0 
683 684 0 
186 201 0 
815 803 0 
2 21 1 
104 120 1 
756 758 0 
498 487 0 
17 13 1 
4 14 1 
284 270 1 
399 409 1 
748 752 0 
438 435 0 
529 539 1 
212 193 0 
488 477 1 
20 27 1 
230 233 0 
886 903 0 
975 963 0 
461 448 0 
337 351 1 
656 638 0 
137 123 0 
635 648 0 
319 329 1 
221 205 1 
265 281 1 
324 312 1 
72 66 1 
841 828 0 
442 453 1 
712 707 0 
655 657 1 
117 132 0 
898 915 1 
323 310 0 
778 768 0 
569 586 1 
471 462 0 
968 967 1 
953 953 0 
623 604 0 
324 317 0 
819 813 0 
467 469 0 
793 802 1 
13 17 0 
262 277 0 
332 331 0 
955 947 1 
613 607 1 
823 824 0 
589 571 0 
380 398 0 
932 918 0 
578 569 1 
324 339 0 
736 733 0 
906 905 1 
25 37 1 
241 226 1 
596 612 0 
148 165 1 
614 605 0 
537 531 1 
324 319 0 
136 130 1 
632 626 1 
241 248 0 
948 954 0 
29 40 1 
338 328 0 
348 361 1 
736 741 1 
615 610 0 
442 455 1 
222 208 1 
94 97 0 
307 326 0 
131 135 1 
747 764 0 
388 406 1 
443 462 1 
707 706 0 
432 445 1 
229 240 1 
421 404 1 
990 977 0 
443 460 1 
882 896 0 
825 823 0 
565 572 1 
111 104 1 
528 516 1 
459 443 1 
70 75 1 
684 681 0 
626 625 0 
968 961 1 
904 896 0 
268 262 1 
751 740 0 
687 686 0 
210 204 1 
708 707 0 
328 323 1 
327 337 0 
267 264 0 
966 947 0 
271 285 1 
389 391 0 
519 536 1 
897 902 0 
866 876 0 
746 731 1 
296 309 1 
354 365 1 
818 831 0 
126 120 0 
687 705 1 
276 278 0 
336 338 1 
582 582 1 
740 751 1 
86 82 0 
771 769 0 
548 557 1 
135 127 0 
54 45 0 
134 139 1 
773 783 0 
153 150 0 
117 102 0 
520 515 1 
867 855 0 
356 345 0 
145 157 1 
771 765 1 
163 175 1 
504 520 1 
872 874 1 
128 135 1 
945 942 0 
607 620 0 
226 212 1 
811 830 0 
777 776 0 
983 964 1 
592 585 0 
228 224 1 
659 640 1 
447 462 0 
160 171 0 
708 718 1 
67 71 1 
853 870 1 
501 508 1 
947 928 1 
899 888 0 
601 591 0 
714 712 1 
866 859 1 
917 911 0 
782 794 0 
57 75 1 
319 311 1 
733 733 0 
491 496 1 
558 539 0 
775 782 1 
940 955 0 
803 798 1 
701 685 1 
137 147 1 
457 448 1 
73 92 1 
431 416 0 
481 500 1 
245 247 1 
712 730 1 
304 308 0 
605 623 0 
515 503 1 
422 421 0 
175 166 0 
396 414 0 
373 355 0 
454 456 0 
251 233 1 
984 966 1 
938 923 0 
443 442 0 
559 545 0 
116 134 1 
538 528 1 
510 503 0 
931 934 0 
890 880 0 
385 399 0 
683 685 1 
930 926 1 
910 925 1 
513 521 0 
701 712 0 
791 785 1 
152 134 0 
325 342 1 
50 69 0 
743 736 0 
576 570 0 
420 402 1 
780 764 0 
904 916 0 
250 266 1 
628 629 0 
967 967 1 
571 568 1 
78 81 1 
263 256 0 
590 576 0 
625 629 0 
676 671 0 
216 200 0 
866 857 1 
449 457 0 
558 566 0 
908 920 1 
357 365 0 
82 75 1 
288 292 0 
32 27 0 
699 714 0 
375 360 0 
717 706 0 
161 172 1 
969 961 0 
465 466 0 
383 374 0 
745 746 1 
507 515 1 
833 826 1 
84 88 1 
339 349 1 
833 828 0 
764 760 1 
457 476 0 
866 864 0 
148 150 0 
887 879 0 
328 346 0 
537 554 1 
948 943 0 
151 141 1 
914 901 0 
30 36 1 
281 272 1 
359 342 1 
320 310 0 
330 342 1 
369 378 1 
581 598 1 
522 510 0 
386 399 1 
841 852 1 
713 724 0 
350 364 0 
312 314 0 
364 362 1 
10 11 0 
870 886 0 
741 735 1 
622 630 1 
45 62 0 
221 206 1 
712 708 1 
605 599 0 
529 521 0 
279 270 0 
998 981 1 
33 21 1 
215 205 0 
253 264 0 
614 599 1 
726 738 1 
429 434 0 
240 232 0 
706 718 1 
449 449 0 
915 908 1 
320 310 0 
872 868 0 
424 436 0 
86 67 1 
939 939 1 
948 953 0 
192 174 0 
328 329 1 
536 528 1 
117 135 1 
446 452 1 
381 387 1 
329 319 1 
529 528 1 
176 188 1 
643 640 1 
744 747 1 
812 798 1 
739 744 0 
776 785 1 
423 423 0 
613 612 1 
401 389 1 
451 452 0 
172 191 1 
29 14 0 
807 812 0 
216 212 1 
403 417 1 
922 921 1 
404 391 0 
103 91 0 
590 599 0 
385 376 1 
271 282 0 
502 491 0 
100 82 1 
704 716 0 
776 787 1 
602 586 0 
621 602 1 
510 517 0 
763 777 0 
601 605 0 
461 452 0 
703 706 0 
74 85 0 
442 430 0 
825 834 0 
607 626 0 
756 762 0 
564 575 1 
942 958 0 
111 96 1 
152 133 0 
11 1 1 
724 711 1 
734 751 1 
695 694 0 
663 655 0 
682 685 1 
304 303 1 
296 301 0 
981 970 0 
417 403 0 
546 547 1 
549 545 1 
295 311 1 
529 525 0 
806 792 1 
580 593 1 
485 466 0 
563 552 0 
232 238 1 
863 868 1 
217 201 0 
805 813 0 
439 453 1 
615 618 1 
560 559 1 
655 668 0 
871 866 1 
822 826 0 
127 113 0 
293 277 0 
301 318 0 
338 325 1 
684 698 1 
571 564 0 
717 733 1 
720 706 1 
683 680 0 
881 890 0 
463 450 1 
51 55 1 
394 391 0 
540 541 0 
112 102 1 
436 437 1 
274 290 1 
683 696 1 
473 463 1 
949 962 1 
950 965 1 
437 455 1 
937 941 1 
122 109 0 
926 932 0 
433 425 0 
48 66 1 
126 122 0 
829 832 0 
121 116 0 
148 150 0 
56 38 1 
263 281 1 
344 352 0 
739 728 0 
313 306 0 
431 435 1 
450 443 0 
565 561 0 
261 278 0 
149 157 1 
14 20 1 
114 100 1 
408 403 0 
165 166 1 
158 171 0 
689 708 1 
268 273 1 
343 336 1 
405 416 0 
2 13 0 
459 453 0 
672 658 1 
348 332 1 
70 72 0 
311 297 1 
632 615 1 
103 120 1 
631 612 1 
20 7 1 
169 182 1 
135 116 1 
881 889 1 
559 565 0 
587 600 1 
36 25 1 
446 440 0 
626 643 0 
92 90 0 
283 289 0 
251 248 1 
809 822 0 
199 181 1 
519 506 0 
289 303 0 
42 45 1 
648 656 0 
682 690 0 
552 557 1 
534 547 0 
541 544 1 
283 284 1 
988 989 1 
474 475 1 
168 160 1 
888 870 0 
498 491 1 
96 111 0 
934 952 0 
915 905 0 
86 82 1 
471 463 1 
668 680 0 
276 282 0 
498 497 0 
577 592 1 
899 890 1 
587 588 1 
913 923 1 
437 441 1 
90 101 0 
235 228 0 
139 153 1 
129 131 1 
86 83 0 
457 458 1 
79 72 1 
474 455 0 
559 573 0 
410 406 1 
763 746 0 
764 763 1 
8 21 1 
993 991 0 
237 253 0 
32 16 1 
721 708 0 
64 48 0 
907 907 0 
921 933 0 
40 25 0 
296 303 0 
156 138 0 
235 234 1 
317 331 1 
578 596 0 
944 927 0 
422 410 1 
481 466 0 
133 150 1 
1 20 0 
151 169 1 
990 974 0 
525 541 0 
194 195 0 
67 84 0 
80 84 1 
74 89 1 
842 843 1 
301 319 1 
312 321 1 
546 564 1 
96 85 1 
565 568 1 
496 497 0 
321 315 0 
843 856 1 
472 455 0 
867 872 0 
552 557 0 
620 614 1 
623 612 1 
635 620 1 
611 611 1 
761 742 0 
472 479 1 
338 333 0 
750 738 1 
391 396 0 
408 409 1 
27 36 1 
90 79 1 
203 191 0 
59 49 1 
140 122 0 
712 693 1 
762 769 1 
548 547 0 
743 726 1 
313 306 1 
859 872 1 
669 658 0 
92 111 1 
539 554 1 
841 836 0 
629 619 0 
958 960 1 
63 53 1 
943 933 1 
884 896 1 
182 167 0 
402 414 1 
640 655 0 
788 801 1 
90 102 1 
400 417 1 
687 688 1 
120 125 0 
852 847 0 
774 771 0 
147 158 0 
168 180 0 
673 674 0 
966 979 1 
638 641 1 
448 457 0 
199 206 1 
557 567 1 
1000 992 1 
456 455 1 
759 778 0 
718 719 0 
296 304 0 
947 933 1 
399 390 0 
547 544 1 
7 24 0 
427 421 0 
774 785 1 
403 419 1 
187 189 1 
5 15 0 
416 418 1 
530 523 1 
908 892 1 
334 343 0 
555 554 0 
818 806 1 
703 711 1 
91 94 0 
902 915 1 
884 896 0 
70 87 1 
892 895 0 
930 919 0 
680 671 0 
25 15 0 
367 355 1 
400 399 1 
52 63 0 
648 655 0 
494 509 1 
340 344 0 
240 256 1 
983 981 0 
183 168 0 
165 181 1 
630 625 0 
852 857 1 
200 193 1 
687 697 1 
146 154 1 
640 656 0 
979 960 0 
178 164 1 
41 59 1 
385 371 0 
380 381 0 
790 781 0 
18 2 0 
213 224 1 
128 145 1 
125 130 0 
254 270 1 
529 511 0 
759 740 0 
608 593 1 
134 137 1 
693 680 1 
783 771 1 
606 601 1 
533 545 1 
267 254 0 
649 634 1 
116 103 0 
193 189 0 
767 774 0 
132 136 1 
504 521 0 
853 846 0 
609 628 1 
137 149 0 
744 726 0 
35 37 0 
736 749 1 
699 706 1 
121 139 1 
452 457 1 
216 235 1 
343 355 1 
678 695 1 
816 803 1 
227 245 1 
915 914 1 
549 558 0 
759 762 1 
403 396 0 
201 212 1 
262 257 1 
494 494 0 
998 994 0 
497 492 0 
754 739 1 
903 895 0 
63 59 0 
811 810 1 
201 206 0 
943 931 1 
22 34 0 
304 299 0 
292 305 0 
579 561 0 
697 686 1 
974 968 1 
250 238 0 
859 843 1 
114 124 1 
504 492 1 
502 513 0 
956 957 0 
272 284 0 
953 961 0 
272 280 1 
807 803 1 
456 472 1 
151 169 1 
316 301 0 
175 180 1 
990 973 1 
718 728 0 
417 433 0 
408 412 1 
15 8 0 
484 503 0 
750 765 0 
398 416 0 
439 423 1 
728 719 1 
66 65 0 
937 924 0 
250 254 0 
945 951 1 
462 466 0 
778 767 0 
666 667 0 
931 939 0 
95 97 0 
725 730 1 
187 189 1 
105 112 1 
364 359 1 
876 888 0 
17 36 0 
79 98 1 
876 889 1 
669 664 1 
295 278 1 
316 312 0 
87 72 1 
689 707 0 
174 171 0 
227 229 1 
58 58 1 
512 502 0 
7 3 1 
570 580 1 
205 204 1 
580 573 0 
454 446 0 
265 250 1 
393 395 0 
56 72 1 
60 62 0 
360 366 0 
89 103 1 
268 249 0 
161 143 0 
910 912 0 
708 710 1 
531 517 1 
962 964 0 
401 404 1 
562 569 0 
949 967 0 
74 72 1 
565 563 0 
302 292 0 
557 552 1 
180 174 1 
510 508 0 
221 236 1 
617 607 0 
295 293 1 
756 773 1 
796 778 0 
431 430 0 
170 161 0 
184 170 0 
202 220 1 
559 540 0 
674 668 0 
646 642 1 
674 677 1 
584 569 0 
137 153 0 
26 28 0 
394 390 0 
934 941 1 
696 677 1 
80 75 1 
810 811 1 
898 892 0 
104 99 1 
141 130 0 
609 612 0 
759 749 0 
216 200 0 
552 559 0 
868 882 0 
557 562 1 
892 903 0 
474 461 1 
62 55 1 
778 794 0 
253 235 1 
615 618 0 
704 686 0 
336 323 0 
267 282 0 
936 922 1 
622 614 1 
71 60 0 
434 438 1 
972 991 1 
941 923 1 
355 341 1 
311 314 1 
946 946 1 
71 53 0 
613 601 0 
506 517 1 
664 675 0 
4 9 0 
80 83 0 
444 425 0 
193 195 0 
31 45 0 
239 224 0 
224 220 0 
464 450 0 
214 203 1 
527 517 0 
987 984 0 
751 766 0 
693 685 1 
531 546 1 
763 762 0 
299 311 1 
246 258 1 
316 313 1 
531 530 1 
111 114 0 
598 589 1 
993 984 0 
744 758 1 
811 821 0 
891 876 0 
281 267 1 
595 581 0 
639 652 0 
311 302 1 
940 942 1 
79 76 0 
780 788 1 
894 911 1 
571 583 0 
439 443 0 
395 387 1 
597 584 1 
583 601 0 
550 531 1 
121 137 0 
201 198 1 
706 695 1 
729 744 0 
61 72 1 
201 198 0 
521 537 1 
24 8 1 
143 145 0 
557 560 1 
131 113 1 
94 94 0 
177 159 0 
593 578 0 
96 89 0 
967 958 1 
15 31 0 
234 233 0 
669 660 0 
97 85 0 
919 926 0 
519 535 1 
28 29 0 
209 224 1 
623 606 0 
990 979 0 
203 200 0 
769 757 1 
526 514 1 
284 269 0 
914 910 0 
850 865 0 
150 144 1 
265 280 0 
433 434 0 
354 371 1 
305 314 0 
683 666 1 
617 610 0 
587 591 0 
9 20 0 
478 469 0 
630 623 0 
761 774 0 
767 777 1 
781 771 0 
301 300 1 
885 896 0 
172 189 1 
681 683 0 
872 875 1 
528 521 1 
197 201 0 
868 863 0 
914 902 0 
516 507 1 
342 330 0 
226 240 0 
678 694 1 
138 152 0 
479 472 1 
931 914 0 
414 425 1 
368 349 0 
138 125 0 
512 501 1 
504 515 1 
254 236 0 
970 988 0 
857 857 0 
881 892 0 
903 895 1 
785 784 0 
206 213 1 
300 296 0 
357 365 1 
146 135 1 
529 546 1 
382 397 0 
105 113 1 
76 57 0 
875 858 1 
297 307 1 
539 550 0 
922 938 0 
175 171 0 
424 424 1 
127 146 0 
542 537 1 
413 421 1 
113 103 1 
616 614 0 
33 40 0 
254 254 0 
518 511 1 
837 820 1 
210 214 1 
62 76 0 
745 731 1 
129 120 1 
821 802 1 
599 607 1 
575 578 0 
114 123 1 
678 687 0 
128 142 1 
490 476 0 
937 930 1 
95 82 1 
679 676 0 
625 632 0 
667 675 1 
124 107 1 
522 505 0 
436 438 0 
907 919 1 
127 137 1 
791 802 1 
73 74 1 
108 106 1 
945 957 0 
948 958 1 
811 830 0 
480 490 0 
872 878 1 
867 876 0 
348 359 1 
810 801 0 
768 763 0 
929 940 0 
127 136 1 
642 651 1 
766 758 1 
698 710 0 
609 620 0 
352 370 1 
394 389 1 
360 374 1 
688 669 1 
395 401 1 
610 592 1 
512 526 1 
814 825 0 
700 700 0 
463 473 0 
812 826 1 
271 290 0 
794 776 1 
415 428 1 
390 407 1 
354 358 0 
152 152 1 
154 140 1 
51 38 0 
411 418 0 
937 923 0 
185 180 0 
583 581 1 
870 880 1 
269 279 1 
428 429 1 
167 173 1 
273 282 1 
32 23 0 
197 210 1 
321 338 1 
980 980 0 
718 736 0 
168 180 1 
776 783 0 
523 538 1 
190 208 0 
841 833 1 
138 123 0 
80 70 0 
122 114 0 
699 710 0 
881 882 1 
807 788 0 
757 770 0 
218 225 1 
409 399 0 
498 495 1 
414 413 0 
795 809 0 
49 32 0 
747 748 0 
530 512 0 
461 465 0 
941 929 1 
143 155 0 
24 42 1 
660 663 1 
951 937 0 
971 980 0 
557 566 0 
983 998 1 
898 903 1 
758 747 0 
879 867 1 
71 87 0 
942 935 1 
291 276 1 
238 241 1 
189 203 0 
152 156 0 
30 21 0 
461 467 0 
193 183 0 
53 52 0 
185 191 0 
18 28 1 
343 360 1 
275 278 0 
126 128 1 
921 904 0 
552 544 1 
948 967 0 
761 773 1 
368 385 1 
205 186 0 
393 412 1 
722 717 0 
729 728 0 
429 431 0 
604 591 1 
672 669 0 
598 583 0 
610 601 0 
486 504 0 
392 398 1 
358 362 0 
54 48 1 
61 61 0 
512 497 1 
862 864 0 
290 274 0 
736 747 1 
876 869 1 
674 666 0 
449 441 1 
72 70 1 
71 56 1 
118 120 0 
351 332 1 
267 259 1 
129 141 1 
454 471 0 
153 169 1 
941 960 0 
258 263 1 
405 401 0 
616 633 1 
613 606 1 
481 500 1 
661 675 1 
643 639 0 
833 818 1 
666 678 0 
66 53 0 
44 43 0 
119 122 0 
359 350 1 
243 249 1 
855 855 1 
831 825 1 
607 605 0 
425 408 1 
803 804 0 
610 597 1 
9 24 1 
947 965 1 
620 616 1 
308 319 0 
334 328 1 
117 117 0 
343 324 1 
505 495 1 
829 837 0 
450 436 1 
528 535 0 
934 946 0 
237 244 0 
403 406 0 
656 666 1 
385 375 0 
92 94 1 
624 610 0 
410 393 1 
575 567 0 
190 186 0 
324 332 1 
532 515 1 
946 938 0 
100 98 0 
879 874 1 
520 523 0 
906 899 0 
397 405 1 
466 456 0 
8 8 0 
934 921 1 
845 848 0 
69 65 0 
976 970 0 
584 572 1 
392 399 1 
488 506 1 
616 614 0 
477 479 1 
963 947 1 
489 498 0 
432 426 1 
17 31 1 
170 181 1 
589 599 0 
486 474 0 
226 232 1 
187 170 1 
659 677 1 
685 680 1 
18 12 1 
177 180 0 
559 573 1 
874 869 0 
424 440 1 
562 576 0 
147 132 0 
781 776 0 
418 431 1 
181 200 0 
75 69 1 
533 525 1 
377 363 1 
497 478 0 
671 687 1 
545 538 0 
640 624 1 
342 350 1 
554 549 1 
95 78 0 
324 321 0 
473 459 0 
866 869 0 
480 475 1 
245 229 1 
199 202 0 
289 293 1 
945 930 0 
723 716 1 
914 912 0 
445 434 1 
605 610 1 
125 138 1 
669 655 0 
780 773 0 
745 763 0 
372 377 0 
676 661 1 
199 185 0 
560 559 0 
671 673 1 
992 987 0 
773 792 1 
201 202 1 
66 76 1 
463 475 1 
316 328 0 
377 376 1 
766 753 1 
809 818 1 
869 875 0 
771 783 1 
134 146 1 
207 204 0 
323 334 0 
199 212 0 
289 294 0 
419 411 1 
882 896 1 
796 815 0 
377 366 1 
381 388 0 
104 90 1 
597 581 1 
198 188 1 
467 474 0 
813 824 0 
569 577 1 
714 712 0 
667 671 0 
429 411 1 
689 670 0 
70 74 0 
485 480 1 
100 113 1 
941 947 0 
104 112 1 
802 804 1 
163 167 0 
301 298 0 
17 26 0 
137 128 1 
340 348 1 
572 584 1 
784 767 1 
107 90 0 
839 857 1 
366 347 1 
299 294 0 
20 32 0 
278 274 0 
846 832 1 
667 650 0 
806 798 1 
91 78 0 
441 435 0 
874 889 0 
468 457 0 
820 805 0 
561 580 0 
564 570 0 
600 611 0 
72 57 0 
918 918 1 
938 939 1 
387 385 0 
586 605 1 
987 982 0 
949 960 0 
619 633 0 
973 989 0 
586 573 1 
350 354 1 
505 502 1 
476 460 1 
729 739 1 
429 416 1 
48 41 1 
954 959 0 
923 905 1 
662 667 0 
326 330 1 
245 260 1 
607 603 1 
43 51 0 
423 436 0 
80 89 1 
503 494 1 
594 606 1 
197 203 0 
753 761 1 
271 253 1 
918 910 0 
305 295 1 
437 431 1 
662 681 0 
710 715 0 
611 612 1 
657 672 0 
570 567 0 
395 382 0 
511 500 0 
776 761 1 
887 890 0 
746 749 0 
485 501 1 
657 643 1 
831 820 0 
820 824 1 
812 807 0 
938 926 0 
388 385 1 
415 432 1 
482 479 0 
823 816 0 
787 783 1 
657 647 0 
850 866 1 
240 247 0 
435 417 1 
42 32 0 
694 682 0 
750 745 0 
545 563 0 
190 192 0 
456 442 0 
274 258 0 
201 192 1 
623 636 1 
755 766 1 
53 71 0 
601 610 1 
716 732 0 
185 201 1 
250 243 0 
788 782 0 
443 441 1 
182 179 0 
899 908 0 
517 534 0 
186 174 0 
621 620 1 
651 649 1 
897 893 0 
322 324 0 
684 669 0 
616 614 0 
583 589 0 
113 132 0 
558 577 1 
411 400 1 
676 659 0 
740 732 1 
215 202 0 
989 998 0 
400 419 0 
213 198 1 
323 334 0 
133 126 0 
49 67 0 
568 581 0 
281 267 1 
802 794 0 
358 346 0 
718 732 0 
837 819 1 
48 58 0 
63 60 1 
676 675 0 
983 980 0 
415 429 0 
905 889 0 
345 344 0 
447 444 0 
283 265 1 
441 457 1 
264 251 1 
846 861 0 
878 891 0 
406 406 0 
37 18 1 
924 909 1 
771 755 0 
752 750 0 
462 469 1 
857 868 0 
450 447 0 
357 341 0 
478 469 0 
3 13 1 
646 646 0 
362 350 0 
589 593 0 
529 545 0 
392 375 1 
101 97 0 
689 707 0 
638 629 0 
37 44 0 
778 761 0 
26 17 1 
535 524 0 
159 154 0 
653 651 1 
391 386 1 
816 823 0 
750 732 1 
30 31 1 
36 44 0 
749 743 1 
332 322 0 
324 334 0 
617 605 1 
311 300 1 
911 904 0 
110 105 1 
853 839 0 
165 165 1 
861 865 0 
275 281 1 
478 459 0 
54 37 1 
636 641 1 
433 423 1 
217 233 0 
125 138 0 
648 653 1 
480 465 0 
745 759 1 
546 554 1 
465 458 0 
170 177 0 
398 409 1 
90 77 1 
6 19 1 
125 136 0 
956 973 0 
536 543 0 
578 560 0 
246 243 0 
736 754 1 
239 228 0 
985 979 0 
59 73 1 
653 659 1 
747 761 1 
961 953 1 
363 347 1 
393 395 0 
891 879 0 
381 372 1 
157 151 0 
192 178 1 
355 348 0 
67 84 1 
934 920 0 
901 905 1 
681 698 1 
42 38 1 
137 125 0 
901 901 0 
199 187 0 
490 498 1 
728 738 0 
660 677 1 
28 25 0 
820 808 0 
618 612 1 
630 623 0 
529 517 0 
673 686 1 
366 366 0 
263 258 0 
780 797 0 
674 678 1 
721 716 0 
941 932 0 
699 687 0 
331 338 0 
967 972 1 
782 787 0 
111 128 0 
355 344 1 
980 985 0 
637 654 1 
52 59 0 
44 57 1 
954 953 1 
773 756 1 
392 375 0 
583 576 1 
883 902 1 
153 155 0 
584 579 1 
688 695 1 
134 116 1 
184 174 1 
307 319 1 
784 803 1 
426 410 1 
292 278 0 
383 367 0 
928 942 1 
526 517 0 
71 88 0 
444 437 1 
856 875 0 
634 647 0 
734 740 0 
874 885 1 
922 913 1 
538 529 0 
464 463 0 
703 720 1 
566 563 0 
549 556 1 
185 197 1 
476 458 0 
242 248 1 
415 427 0 
708 710 1 
743 749 1 
612 628 0 
578 583 1 
411 401 1 
284 286 0 
336 338 0 
810 812 1 
729 727 0 
659 663 0 
714 702 1 
135 140 1 
605 610 0 
236 248 0 
146 145 0 
855 841 1 
89 102 1 
405 400 1 
881 883 0 
168 164 0 
198 183 0 
739 720 1 
790 795 0 
526 527 0 
529 536 1 
131 141 1 
489 504 0 
240 250 0 
270 280 1 
221 217 1 
719 728 0 
347 353 1 
908 922 1 
820 820 1 
118 111 1 
416 416 1 
3 5 0 
260 278 0 
480 491 1 
226 217 1 
962 947 1 
408 419 0 
487 506 1 
451 446 0 
748 740 1 
857 876 1 
379 374 0 
107 90 1 
470 472 1 
288 278 0 
751 734 0 
549 535 0 
152 166 1 
872 882 0 
455 471 1 
32 35 0 
947 931 1 
635 649 0 
670 670 1 
185 176 0 
314 312 0 
528 529 0 
224 224 1 
348 340 1 
150 160 0 
310 313 0 
362 351 0 
550 531 1 
334 330 1 
604 615 1 
136 142 1 
119 122 0 
294 287 1 
296 294 0 
288 291 1 
198 214 1 
70 82 1 
341 336 0 
146 151 1 
329 318 0 
919 907 1 
346 329 0 
72 88 1 
242 226 0 
654 636 0 
717 731 0 
703 695 1 
20 5 1 
487 502 0 
979 978 0 
137 153 1 
615 625 0 
498 505 1 
669 659 0 
680 689 0 
897 897 0 
486 503 1 
230 236 0 
514 498 1 
712 712 1 
142 158 0 
473 464 1 
11 17 1 
542 551 1 
633 625 1 
590 576 1 
673 657 1 
182 194 1 
439 437 1 
242 233 1 
489 474 0 
644 656 0 
154 161 1 
301 283 1 
191 198 1 
607 614 1 
734 736 0 
408 402 1 
223 219 1 
410 410 0 
265 278 0 
499 497 1 
663 682 0 
523 505 1 
415 423 1 
428 428 1 
817 818 0 
479 482 1 
405 419 1 
630 612 0 
500 498 0 
381 397 1 
487 468 0 
847 862 1 
27 15 1 
484 495 1 
698 701 1 
195 205 0 
794 800 0 
467 450 1 
959 950 0 
25 39 1 
135 142 0 
331 328 0 
561 575 0 
645 634 0 
291 305 1 
529 516 1 
298 279 0 
827 816 0 
435 427 0 
65 52 0 
109 103 0 
643 624 1 
23 16 1 
466 470 0 
937 940 0 
123 132 1 
775 772 0 
167 174 1 
746 760 0 
40 49 1 
332 351 1 
435 442 1 
791 792 0 
545 533 1 
176 164 0 
75 58 1 
334 325 0 
264 248 1 
29 15 1 
480 473 0 
912 920 1 
796 807 1 
155 155 0 
602 621 0 
606 588 1 
435 418 1 
439 420 0 
183 167 0 
10 10 1 
421 435 1 
385 393 0 
122 140 0 
325 308 0 
165 168 1 
207 199 1 
210 222 1 
353 335 0 
231 243 0 
582 568 1 
796 783 1 
228 229 1 
977 973 1 
758 744 0 
801 817 1 
80 75 1 
749 762 1 
903 912 0 
504 498 0 
942 923 1 
37 52 0 
413 396 0 
445 426 1 
122 107 1 
14 27 1 
497 486 1 
690 692 1 
528 532 1 
202 216 0 
526 543 1 
695 694 1 
178 195 0 
138 141 0 
278 268 1 
311 312 0 
308 324 0 
685 673 1 
208 220 1 
84 72 1 
899 914 1 
648 644 1 
93 105 0 
130 119 0 
510 524 0 
647 629 0 
378 382 1 
920 925 0 
276 284 1 
484 486 0 
661 679 1 
758 759 0 
654 665 1 
503 505 0 
90 104 0 
539 533 1 
112 113 1 
628 636 1 
529 510 0 
590 578 1 
216 233 0 
485 486 0 
797 779 0 
444 426 1 
816 826 1 
674 660 1 
453 472 1 
586 573 0 
267 280 0 
110 124 0 
943 942 0 
161 178 0 
683 682 0 
390 374 1 
356 366 0 
99 88 1 
978 980 1 
30 25 0 
894 892 1 
928 945 0 
150 134 0 
257 276 1 
495 504 1 
315 319 0 
568 553 0 
804 793 0 
96 93 1 
442 460 1 
714 731 1 
963 956 1 
761 747 0 
949 967 0 
384 367 0 
313 304 0 
962 946 1 
763 749 1 
246 256 0 
786 783 0 
631 616 0 
471 481 0 
496 511 1 
860 878 1 
170 164 0 
807 804 1 
602 596 0 
71 63 0 
597 580 0 
993 1000 0 
744 727 1 
83 93 0 
525 543 1 
526 507 0 
814 799 1 
200 213 1 
273 287 1 
923 919 0 
567 553 0 
555 568 1 
130 118 0 
883 895 0 
803 813 0 
361 377 1 
930 930 0 
963 975 1 
215 227 0 
839 857 1 
667 672 1 
864 865 1 
508 519 0 
8 3 0 
196 215 0 
835 834 0 
485 471 0 
950 951 0 
523 518 1 
797 795 0 
201 202 0 
368 382 1 
436 444 1 
961 972 1 
866 853 0 
909 925 1 
273 271 0 
537 540 1 
242 242 1 
540 533 0 
203 214 1 
595 597 1 
510 527 1 
632 615 1 
184 195 1 
75 92 0 
425 444 1 
535 540 1 
389 373 1 
198 200 0 
24 7 1 
61 74 1 
63 67 0 
225 232 1 
368 361 1 
632 632 1 
911 916 0 
552 550 0 
247 266 0 
502 488 1 
892 910 0 
270 271 0 
880 875 1 
610 608 0 
354 371 0 
563 562 0 
23 37 0 
830 834 0 
79 94 0 
121 132 0 
28 13 1 
168 157 1 
917 915 1 
570 586 0 
39 56 1 
842 844 0 
207 218 1 
884 898 0 
233 246 1 
103 108 1 
632 633 1 
129 142 1 
79 67 1 
413 427 1 
737 734 0 
451 461 0 
454 450 1 
393 406 1 
807 825 1 
827 811 0 
469 487 1 
876 889 0 
946 939 0 
199 188 0 
514 509 1 
417 426 0 
329 317 1 
613 628 0 
788 786 0 
581 591 0 
155 151 1 
845 861 1 
792 805 1 
145 152 0 
28 18 1 
894 880 1 
608 591 1 
959 963 0 
879 860 0 
416 403 1 
968 971 1 
506 515 0 
910 906 1 
588 606 1 
464 480 0 
979 994 0 
55 49 1 
47 48 1 
102 85 1 
387 382 1 
203 186 0 
609 600 0 
908 913 0 
765 771 1 
177 179 1 
62 47 0 
500 509 0 
819 805 1 
154 135 1 
542 535 1 
479 476 1 
562 558 0 
223 236 1 
851 851 0 
579 574 0 
36 24 1 
159 154 1 
782 788 1 
826 823 1 
582 564 1 
672 678 1 
27 41 1 
66 84 0 
695 709 0 
139 155 0 
682 686 0 
570 573 0 
57 48 1 
281 272 0 
615 628 1 
689 689 1 
757 769 0 
908 892 1 
550 557 0 
420 424 1 
208 215 0 
515 521 1 
27 33 1 
734 742 1 
309 303 1 
911 903 1 
14 11 1 
467 477 0 
924 930 0 
507 501 1 
404 392 0 
899 910 1 
44 25 0 
795 781 0 
170 188 0 
575 594 0 
900 907 0 
507 511 0 
333 338 0 
539 553 0 
194 183 1 
614 619 1 
698 680 1 
958 958 0 
160 158 0 
413 432 1 
302 285 0 
312 295 1 
612 608 1 
227 243 0 
736 729 1 
570 553 1 
1000 991 1 
586 573 1 
774 777 0 
118 122 0 
554 543 1 
548 562 1 
174 156 0 
756 738 0 
852 837 1 
195 188 0 
667 679 1 
299 294 1 
58 61 1 
643 657 1 
291 296 0 
845 859 0 
882 875 0 
624 642 0 
278 291 1 
698 706 0 
700 712 1 
756 757 1 
214 206 0 
904 889 0 
905 887 1 
723 740 1 
426 428 0 
421 439 1 
544 530 0 
590 583 1 
962 961 1 
782 765 0 
931 920 0 
847 853 0 
649 632 0 
870 875 0 
852 863 1 
523 518 0 
275 273 0 
771 780 1 
567 573 0 
683 670 1 
753 749 0 
517 525 1 
357 358 1 
127 120 0 
971 976 1 
318 337 1 
384 401 0 
530 515 0 
361 356 0 
270 251 1 
122 119 1 
616 632 1 
63 65 1 
214 228 1 
234 238 0 
334 351 0 
715 703 0 
517 504 1 
231 227 0 
647 643 0 
433 431 1 
603 606 1 
573 573 0 
817 815 1 
699 699 0 
418 400 0 
830 832 0 
720 726 0 
522 526 1 
392 396 0 
612 595 1 
741 725 0 
283 271 1 
965 968 1 
889 875 1 
793 796 0 
725 743 1 
672 677 0 
408 425 0 
989 994 1 
408 395 1 
908 898 0 
211 201 1 
397 380 0 
958 971 0 
839 830 1 
429 433 0 
420 418 1 
592 592 1 
560 578 0 
357 348 1 
523 529 1 
79 64 1 
559 554 0 
792 786 0 
909 911 0 
242 238 1 
721 722 0 
70 86 1 
573 557 0 
2 15 1 
565 565 0 
208 193 1 
543 553 0 
17 10 1 
705 698 1 
626 645 1 
100 103 0 
899 910 0 
397 404 0 
750 737 1 
562 579 0 
157 170 1 
282 287 1 
82 84 0 
628 627 0 
511 524 1 
147 146 1 
875 891 0 
423 428 0 
183 176 0 
307 295 1 
441 460 0 
319 332 0 
468 483 1 
65 70 1 
164 156 0 
934 937 0 
544 555 1 
429 424 1 
234 249 1 
617 635 1 
267 269 0 
864 881 1 
366 373 1 
574 592 1 
909 915 0 
45 38 1 
598 580 1 
8 1 1 
179 189 1 
145 137 0 
970 973 0 
395 380 0 
509 495 1 
769 752 1 
240 227 1 
797 812 1 
540 555 1 
559 546 0 
531 532 0 
499 487 0 
103 100 0 
558 557 1 
177 176 1 
5 1 0 
691 697 1 
109 93 1 
581 566 1 
205 218 0 
31 35 1 
318 301 1 
791 809 0 
7 12 0 
32 19 1 
25 21 1 
20 28 0 
679 677 0 
713 732 1 
709 696 0 
286 301 0 
342 326 0 
506 505 1 
565 555 0 
452 446 0 
361 352 0 
484 487 1 
324 319 1 
520 504 1 
140 141 1 
191 210 1 
46 28 1 
677 662 1 
33 46 0 
575 564 1 
160 157 1 
453 443 1 
322 333 0 
209 219 1 
328 336 1 
298 313 1 
421 430 1 
982 968 0 
693 712 0 
606 608 1 
42 38 0 
326 340 0 
42 52 1 
31 46 0 
833 816 0 
139 147 0 
66 82 0 
850 848 0 
241 259 0 
708 711 0 
179 186 0 
144 145 0 
26 21 0 
201 216 0 
899 886 1 
131 138 0 
627 646 1 
989 986 0 
902 921 1 
456 449 1 
860 870 0 
361 377 1 
77 92 0 
959 944 0 
978 974 1 
53 66 1 
42 31 0 
79 93 1 
828 838 0 
394 412 1 
63 61 1 
203 203 1 
227 232 1 
386 396 0 
16 31 0 
899 895 1 
608 601 0 
840 840 0 
83 84 0 
208 224 1 
686 667 0 
855 858 1 
472 467 0 
442 429 1 
982 995 0 
596 609 1 
493 511 0 
27 46 1 
925 939 1 
947 930 0 
489 487 1 
796 786 1 
884 891 0 
317 307 1 
534 551 0 
90 107 0 
845 858 1 
87 80 0 
300 296 1 
109 92 0 
283 278 0 
839 834 1 
289 302 1 
564 557 0 
617 608 1 
386 405 1 
658 669 1 
267 268 1 
664 659 1 
532 515 1 
874 888 0 
794 800 1 
175 194 0 
309 305 0 
358 375 0 
511 519 0 
812 803 1 
320 334 0 
578 591 0 
267 251 0 
222 230 1 
745 746 0 
529 530 0 
691 701 1 
399 402 1 
701 690 0 
412 395 0 
831 832 1 
715 730 1 
572 570 1 
291 278 1 
637 645 0 
32 35 0 
670 656 0 
967 975 0 
80 80 0 
295 308 0 
449 468 0 
286 269 1 
853 870 0 
814 821 1 
326 308 1 
363 362 0 
297 297 1 
568 587 1 
178 172 1 
265 272 0 
595 610 1 
275 288 1 
86 70 1 
87 70 0 
219 216 1 
657 648 1 
586 580 1 
988 975 0 
167 166 1 
645 649 1 
100 117 1 
755 758 1 
835 818 1 
68 74 1 
806 802 1 
893 880 1 
828 822 0 
375 383 0 
877 859 0 
93 112 0 
144 136 0 
482 464 0 
713 700 0 
113 98 1 
547 536 1 
149 161 1 
951 937 1 
387 369 0 
158 158 0 
99 105 0 
964 982 1 
520 518 0 
880 866 1 
933 914 0 
429 429 0 
651 648 1 
453 448 1 
866 882 1 
185 203 1 
652 654 1 
853 835 1 
105 94 0 
891 883 1 
214 222 1 
954 936 1 
463 453 0 
596 598 1 
504 523 0 
914 921 0 
620 617 1 
694 695 0 
147 129 1 
313 318 1 
771 760 1 
55 45 0 
832 819 0 
548 553 0 
438 438 1 
189 198 1 
126 108 1 
333 314 1 
363 373 1 
279 285 0 
955 972 1 
852 870 0 
299 298 0 
575 594 0 
764 779 1 
635 619 1 
82 97 1 
575 561 1 
716 718 0 
550 566 1 
981 984 0 
973 969 1 
140 136 0 
998 1000 0 
304 300 0 
559 554 0 
181 196 0 
522 513 0 
101 108 0 
737 752 1 
817 813 1 
177 159 0 
456 449 0 
452 471 0 
403 396 1 
637 643 0 
324 340 1 
487 469 0 
582 577 0 
840 846 0 
380 362 1 
580 561 1 
248 244 1 
729 721 0 
518 520 1 
939 958 1 
131 119 0 
510 497 0 
157 145 1 
104 114 1 
798 805 1 
66 68 0 
868 877 1 
796 778 0 
719 719 1 
845 855 1 
733 749 0 
685 677 1 
657 676 1 
306 288 0 
306 298 0 
769 758 1 
924 921 0 
195 180 1 
171 173 1 
481 483 1 
982 978 0 
65 68 0 
302 320 1 
603 611 0 
262 247 1 
173 177 1 
954 959 0 
447 437 0 
404 423 0 
942 929 1 
981 975 1 
821 820 1 
658 662 1 
308 318 0 
332 350 0 
577 562 1 
759 743 1 
884 897 0 
704 719 1 
866 859 0 
663 656 1 
158 165 1 
613 619 0 
36 34 1 
111 130 0 
154 161 1 
753 759 1 
702 712 1 
969 964 1 
818 829 0 
331 328 0 
534 516 1 
875 869 1 
702 700 1 
165 163 0 
498 513 0 
283 296 1 
141 141 1 
627 622 1 
43 42 1 
303 316 1 
348 352 1 
445 453 0 
875 861 1 
856 863 1 
241 226 1 
284 276 0 
227 214 0 
486 483 0 
959 940 1 
1 9 0 
220 231 1 
62 74 0 
984 979 1 
463 471 1 
426 436 0 
380 362 0 
936 952 0 
61 66 0 
255 271 0 
903 920 1 
485 488 1 
909 915 1 
377 394 0 
993 974 0 
474 477 1 
927 917 0 
842 857 0 
869 868 1 
236 247 1 
346 360 1 
698 709 1 
265 271 0 
810 809 1 
659 645 1 
420 420 1 
560 573 1 
214 199 0 
486 480 0 
862 850 1 
420 430 1 
273 261 0 
851 865 1 
649 657 0 
901 900 1 
308 294 1 
499 492 0 
336 348 1 
956 971 0 
106 122 0 
471 456 1 
915 904 0 
938 948 1 
752 742 0 
264 283 1 
24 17 0 
404 406 0 
14 21 0 
813 821 0 
786 793 1 
579 584 0 
95 79 1 
126 120 0 
944 928 0 
940 951 1 
931 928 1 
799 781 1 
385 395 0 
258 255 1 
873 865 1 
418 410 0 
747 739 0 
604 612 0 
205 192 0 
893 883 0 
720 706 0 
932 942 1 
834 829 1 
314 302 0 
195 192 0 
56 72 0 
400 385 0 
274 261 0 
745 744 0 
191 192 0 
786 768 1 
766 763 0 
511 505 1 
288 295 0 
332 335 1 
630 629 0 
427 414 0 
376 366 0 
242 241 0 
302 316 0 
630 643 1 
269 270 1 
572 553 1 
962 945 1 
232 214 0 
32 38 0 
107 107 0 
693 689 1 
517 531 1 
656 641 0 
833 820 0 
875 886 1 
671 668 0 
646 663 0 
156 140 0 
127 129 0 
358 352 1 
516 500 1 
567 555 0 
301 312 1 
396 394 0 
560 546 1 
790 771 0 
475 482 1 
100 94 1 
936 952 0 
245 245 0 
782 764 1 
621 637 1 
220 226 0 
882 883 1 
553 543 1 
779 771 0 
452 442 1 
51 50 1 
165 166 0 
405 421 0 
342 329 0 
306 320 1 
251 243 1 
178 180 1 
674 690 0 
765 766 1 
897 888 0 
107 110 0 
808 824 1 
539 556 0 
599 601 1 
866 860 1 
386 400 1 
659 651 1 
901 889 1 
316 334 1 
729 731 0 
128 136 0 
61 58 1 
30 13 0 
751 757 0 
60 60 1 
911 894 1 
78 84 0 
413 417 0 
586 581 0 
29 26 1 
742 729 1 
878 880 0 
551 550 1 
909 901 1 
151 149 1 
957 969 1 
968 967 0 
6 9 1 
704 701 0 
923 940 0 
608 622 1 
428 421 0 
546 538 0 
433 452 1 
83 96 1 
221 236 1 
536 532 1 
492 504 1 
769 750 1 
673 676 1 
442 441 0 
363 374 1 
633 615 0 
565 562 0 
963 972 0 
50 52 1 
243 235 1 
48 52 1 
503 491 1 
585 604 1 
409 404 1 
578 569 0 
525 514 0 
852 851 0 
209 217 1 
214 208 0 
66 79 0 
909 922 0 
749 758 1 
352 334 0 
752 751 0 
616 621 0 
285 282 1 
83 101 1 
671 656 1 
474 477 1 
285 270 0 
65 65 1 
882 890 1 
371 382 1 
377 368 1 
596 594 1 
250 244 0 
490 499 0 
705 691 0 
667 684 0 
594 591 0 
890 881 1 
953 949 0 
725 720 1 
273 291 1 
280 278 0 
595 592 1 
940 929 1 
774 776 1 
704 721 0 
720 702 0 
559 540 0 
942 942 0 
476 460 0 
731 730 1 
254 242 1 
457 463 1 
859 848 1 
937 923 0 
34 42 0 
560 541 1 
914 909 0 
169 179 0 
498 500 0 
186 180 1 
174 158 0 
632 647 0 
114 116 0 
544 547 0 
871 862 0 
846 855 0 
853 863 0 
144 161 0 
882 874 1 
743 727 0 
140 139 1 
574 574 0 
293 307 1 
800 814 1 
908 917 1 
190 177 1 
632 648 0 
609 606 0 
482 479 1 
967 968 1 
696 706 0 
215 196 1 
172 172 0 
166 174 1 
152 142 0 
235 250 1 
510 491 1 
508 501 1 
142 132 1 
522 530 0 
363 379 0 
666 683 1 
424 421 0 
165 158 0 
76 59 0 
269 263 0 
796 807 1 
216 224 0 
616 621 1 
42 35 1 
19 30 1 
351 355 0 
889 879 1 
398 380 0 
908 906 0 
622 613 1 
819 833 0 
891 874 0 
316 319 0 
28 43 1 
562 563 0 
780 776 1 
656 667 0 
884 897 0 
386 393 1 
349 332 0 
257 257 1 
94 104 0 
879 875 1 
818 818 1 
927 927 0 
113 123 0 
818 815 0 
16 12 0 
589 606 1 
936 934 1 
178 179 0 
530 528 1 
364 350 0 
428 440 0 
924 918 0 
651 670 0 
267 268 1 
486 488 0 
277 282 0 
478 492 1 
522 529 1 
52 33 1 
569 587 0 
751 735 1 
597 580 1 
662 644 0 
84 68 0 
411 406 1 
63 80 0 
871 875 1 
881 871 0 
376 383 0 
207 190 0 
898 899 1 
785 798 1 
66 80 0 
303 317 0 
936 941 0 
663 657 0 
656 646 0 
344 327 0 
552 552 1 
49 40 0 
327 344 1 
706 703 0 
254 272 0 
337 352 1 
632 639 1 
171 169 0 
154 168 0 
894 880 0 
156 157 0 
831 843 1 
122 123 0 
13 11 0 
370 375 0 
886 894 1 
513 517 1 
350 341 1 
878 861 1 
787 805 0 
142 146 1 
465 474 1 
167 169 0 
800 810 1 
279 298 0 
896 903 1 
206 201 0 
469 461 1 
199 180 1 
608 620 1 
749 738 1 
74 91 1 
518 511 1 
428 445 1 
226 214 0 
33 22 0 
820 835 1 
847 830 1 
835 839 1 
140 153 1 
515 496 1 
950 960 1 
268 260 1 
301 318 1 
638 650 0 
186 181 1 
850 833 0 
58 69 0 
973 959 1 
683 665 1 
772 767 1 
874 855 1 
219 221 1 
396 393 1 
481 474 1 
935 929 1 
712 709 0 
493 502 0 
467 484 0 
2 20 1 
292 275 1 
198 217 1 
710 695 1 
973 989 0 
546 529 1 
252 263 1 
207 199 1 
834 836 1 
383 368 1 
687 693 1 
466 449 1 
97 82 1 
411 412 0 
199 213 0 
428 438 0 
990 972 1 
747 744 1 
347 340 1 
164 172 1 
948 949 0 
700 704 0 
503 513 0 
615 610 1 
77 68 0 
168 184 0 
495 490 1 
183 196 0 
831 846 0 
862 867 1 
277 261 1 
493 501 0 
591 595 0 
743 761 0 
388 369 1 
32 15 1 
443 444 0 
148 135 1 
423 428 1 
736 743 0 
87 85 0 
