121 8
6221183133232316382843934234222202228759363732202738315733333388536267284303729339264393282727323837322586572352124232274
952 1926
2932326322734225353289232732325420232612933387322672312002228739385323022708927294345132302133335300503332222202983432323220496222289292072227184605342392227327823283232242636162322632289853227383222220323299322222031621726886232216336173301363235222677359952832222422022226352622224237826342201443227353335321983339220227203423402402322227032020122423426976243333220312322240752120532343722181732326283373322262793237427332225335330652222789232432318325272257582448225359250753313531225913333373324373893832695329913323130323212823726224226862470335232222923578292528438222222226793823253323228333827323732003125897766522228217322282222229333228328322299323232113123218225229325860477229635396283322271738313222832228433062723933931334542283336382131622623227312263833064321019236221222476641235343452243281326693533323633314236322933023212221334392403335232270233202364323033248332638269432333330280940370702262827222222953222228222222202603282392291
651 445
222939220338293522738320372326924753329229339492323738635232302373235239243326524282222250322733326782303933332722212482343346333733533239130521323239220331434362322174333121232221332043320661133017781282286323613634777228231624437238362632353934202362213421806509273933246471232224122733273210073733229328312433328353333274302227032222035333623220021303239534323228310222083641922723544235123119122623237220837661837392622091832267482590730622835592662322100312134264458383225629232723950043398380391327791921244934329221432349723222243030257022027384333172150632200322265231332392242923262222902902423200533292327222470961351230219762347692323723812
868 43
2181922732397193022220338222423262732224378673422225228422222422213723222402813227123134322823263433842252384322940823222222229023945383252761529922271676917315475121225332323276228842320232033239333762300326333222213232222060234222242347942813312229824239296228336232329982122224779322288536362226023285342522633222630222072474231333322271402383903533521482716424280324320522487227336222751236339299838252322931322982228102820234320323973425747290952399082033123416827923023723823570262972282612323422214323255222122273317553330251812323263672279229231248232358222558392220311566428563398228220292401333365225893355632205126886384333923222222082263734224343242833323272262362393285226213328379239722222152822523224222722254237932592221270232255804220345022429225224633143232033322527533724629320723942122212503122222722452293830322932602272892673033297439320322213522
211 15
5733322623222282212526323153983122733334852537423522118272552522262009386218333340222990022923226327213673162172323924122227332373033924939333383221235322427132323612326332393733931333433222262212931333925123573
301 18
3952221923053932632040332358927326219221269525339383762372439232735392023823623127236297199202283133327235036420614128537252732228222227334936943224248822033000333831232222665212253921236323229005291536236226806133320232122138362009926264508232252363622523212739132273723118068423621833383293983037304
314 17
24312229329533373403032345213244307235417238391143325953324722725802213872683922290630023136336722822222933293483492363302450203234327626226923228226212314827222833913907224532342572321516336229322533332222281230523212089342305353232042228032922277201232350229432224273182326333733231284323243332222822463325852353
678 55
322268963355123626332329222626375216682252229933336332322536232275382283372364273253923222923532018220331192023823723588098805333343239337346332240250262134222727292322527333351322220337362227360323120252723542263183287383322829622533328522473727225823222633232226320393662262382962323536252152520283053783431272353233230342532217205322225222220333072536022823232263232363739310832823186293500227505222922295282034203337332220122202312580944322633722524402232203433731512297632383303342323224367463830643392319505920322274933323246354932822028136222738459237336772226222414232372933234236213337359253232502882744434082512363262123892222553238523283639423823589249252320123251363
978 9554
338235423532222217930626628312982622973339422482123238303262241002282272322445433322228222933222268290378622721132273333033103322073364235331102702250231025353321337141282227000533283263321922842383222222022453319232222226333332262228226232327134723234332466208236333226025329322823235348518820263353451333772220853032212732323533838752224432372520137122022287339239538443293623083437732343322222403821532663332248322202592942312032932220226221823225374286339392724253232272304383773322023925241720213222222212621239213932622832573937348673228232022633234232712222263524280227392322434235036512903302343301536702703220373924812225263104363325353325342432262784337152663224351823262267829622228237430123813352326332932222221252392265872612963333283322934225311326652365347221385925930742533253389362253321232436222525331232934328323032229322224332302213638212309333133232203428423222923243240723022733622752133122253312322522282622433339359079893930222222251133823022437722527323
986 60
01192593277352033633052323213332392388249232393239388822432352022296232835225222209234722827642122243933334032903203372323132328242399222224125203222133332321182353375227323235222292283723082038732292222237222222429374332727222545933292369153982272421322258403233325337252012279402229362292317272522572323422732362163322422418222264222551202222036613283209383332226731323623623023231331572322432222002868523725253824052352203603471362225333330212322222623222280669323533622294332323222188382221932027839232292132639907983302007218633383226622222702376764379302343202032823413333173227731222220353924222826203089930329336572221323562225352202770325814232327228287229398334222249993533274332222033823823226343333199924320323243222053922023123932834772222722925121363334472353328254232226858212629723538423695322226226232202436237022023227405759371371313622470824342226300315602672227326402623733295333392433222222074372323213221732222032302346183208322432312273253144222832479323023242135
