10
250 250 4622231
0 2810979
0 3424352
0 1408064
0 578566
0 1757302
0 2506087
0 4012979
0 4619934
0 4262302
0 2060856
0 2818106
0 3800251
0 3090248
0 1357048
0 874615
0 3284009
0 727638
0 4334055
0 3313338
0 3019404
0 4226292
0 4435083
0 4242628
0 4186885
0 2737216
0 3509784
0 2691458
0 1405321
0 3526127
0 3292173
0 1240254
0 424334
0 3904081
0 651203
0 948249
0 1508408
0 2217124
0 4382832
0 509938
0 413458
0 2631930
0 153519
0 3815292
0 3453604
0 4614561
0 1632643
0 5086
0 304653
0 117760
0 4029761
0 2090319
0 813868
0 2395148
0 1231152
0 758542
0 1516656
0 1052816
0 373753
0 317088
0 128810
0 3303760
0 1828061
0 3120519
0 1610374
0 4067430
0 773681
0 4102197
0 1576873
0 3071289
0 1025555
0 2660699
0 1707436
0 2788902
0 4080865
0 2130331
0 447092
0 639558
0 3254468
0 616308
0 3773891
0 279500
0 1075702
0 1026966
0 4545385
0 110731
0 2715266
0 167538
0 997602
0 3170473
0 2324889
0 4120692
0 4260427
0 819512
0 444790
0 3876028
0 1078506
0 1118811
0 3502836
0 17003
0 1804883
0 2053218
0 2819560
0 4903
0 4146392
0 88170
0 2399625
0 4236364
0 1061683
0 3686385
0 418546
0 194454
0 3296052
0 2733161
0 931912
0 1857473
0 2991111
0 2827916
0 564549
0 3869818
0 2674933
0 103643
0 1423561
0 812079
0 591527
0 3684097
0 2873948
0 3524115
0 3864474
0 497128
0 2216187
0 4189047
0 3129291
0 4370307
0 1335283
0 3752039
0 1639309
0 2064131
0 1798463
0 2240690
0 656173
0 2714203
0 2275141
0 954238
0 1817521
0 1543564
0 277554
0 241734
0 2763219
0 3075926
0 2666802
0 4004327
0 3344857
0 3122843
0 1047188
0 4402609
0 245931
0 1901433
0 3817329
0 13146
0 3159952
0 2688844
0 3421880
0 1365929
0 279883
0 102382
0 1146093
0 3894577
0 3764726
0 3065153
0 2418533
0 2346294
0 903976
0 2579166
0 2548887
0 1459882
0 3422565
0 747841
0 510470
0 792273
0 749143
0 521442
0 2155516
0 357655
0 3656791
0 892461
0 3634991
0 3574873
0 4356310
0 3239861
0 241316
0 1313616
0 1717600
0 3236078
0 2254178
0 4610652
0 4088871
0 4323283
0 884224
0 1060645
0 238884
0 143780
0 764872
0 190482
0 2788889
0 1802755
0 3910971
0 1469361
0 3293634
0 859115
0 1910362
0 440973
0 3090484
0 1739588
0 3004113
0 3822778
0 1106524
0 666128
0 1733657
0 188822
0 796992
0 2013293
0 1673702
0 3076656
0 3459467
0 1627706
0 4382593
0 1623123
0 254320
0 3078657
0 1414568
0 134777
0 1804796
0 897821
0 2906115
0 3091745
0 2217519
0 2916886
0 984938
0 762570
0 847443
0 2427768
0 4056273
0 1918534
0 1954052
0 3314922
0 804204
0 2723357
0 3009532
0 3696113
0 3485752
46728 8705
5 17544
77 21583
673 23297
28144 26689
55849 27175
1356 38118
1855 41291
2347 41403
2385 50897
2845 61176
2977 64649
2989 69831
3237 78413
3529 85649
3849 87560
61433 88976
5553 90251
64232 96937
5691 99719
49635 102245
26303 111941
28624 114207
27367 114231
6465 121137
6558 121561
6907 122461
6945 126113
6969 138611
7313 139791
34700 144015
8516 145686
8529 147919
58847 163077
8647 167565
16351 172681
9060 176001
9169 176429
9173 177919
9215 186660
9628 187301
9629 190551
9763 194441
10366 195681
10413 204897
10557 207631
10637 208050
10815 210413
11542 211176
3 214471
11969 215676
12041 223047
12159 225219
12191 225633
12194 227566
12289 230539
12573 235501
12720 236148
12837 243018
12842 244046
13430 245101
13551 246621
14305 248051
14897 252329
15843 253731
9032 254776
16467 256045
17964 268465
18409 294485
18970 296161
39617 298201
19215 298618
19400 301569
19919 306337
20049 310360
20053 313483
20445 321806
20985 324961
21017 327671
21073 327788
21100 328251
21187 335273
21289 336483
21449 338091
21753 339794
21834 341961
21857 352096
21952 354364
24333 354801
34752 359817
24819 364627
25285 376519
25912 378307
5955 380141
26449 384703
26689 385639
26787 391416
6315 393441
27567 399157
28025 405034
28689 405309
28273 408742
28433 410080
28493 416721
6023 421299
28655 424747
53351 427229
29861 428981
30193 429997
30249 431329
11904 432411
30613 438361
30965 438829
31289 439329
31871 443075
32261 443313
32456 449419
32705 449828
32819 455643
33383 461347
19030 473734
34083 478038
34169 481746
34325 483546
7411 485439
24561 490117
34902 496033
35028 496391
35085 499001
35237 502565
35427 504489
35505 512701
35509 513214
35656 520681
36321 521541
36923 523541
37289 524808
37971 538179
38499 540500
38879 544671
38909 547666
39365 549103
5559 552878
40881 555355
42035 557153
42175 566231
42591 566966
43125 568951
43511 573409
43584 574815
43599 575977
43650 577585
43658 577725
43765 580379
44073 583226
44292 584089
45041 590221
45301 593201
45497 597331
65487 599661
45921 610426
46281 615401
57229 615794
47345 619632
47385 619921
47461 622316
60867 628168
48753 631457
48796 639041
49441 643932
5757 651381
49863 652473
50604 654091
50913 655489
51141 664475
51185 666391
51277 668881
51283 671336
52239 684421
52547 686465
1065 687451
54275 690791
54643 691501
54843 697447
55230 698053
55649 698213
63165 700390
56341 708379
56970 714945
57022 716862
30379 717525
57509 723743
57819 726081
57842 729649
57900 736649
58161 745010
58185 750431
58209 751791
58231 753925
58597 758981
8568 760518
59325 762919
60235 768548
60393 776751
60554 777021
47994 781405
61130 782379
61425 783407
5471 786061
62013 787241
62755 803857
63128 805441
1309 805781
63545 807361
63661 816019
63898 818665
63934 821049
64087 821741
33545 822902
64241 823776
73651 834749
64515 839301
64576 845003
64921 858533
45715 860849
65681 878849
65705 884211
65860 886713
66045 890039
66497 903443
67393 914756
66913 919171
67099 920801
66593 932473
67733 935389
68513 940559
68545 942841
70797 946062
71649 955401
71740 958858
72058 960146
72445 968901
72475 974401
72561 985745
72577 986356
73053 988512
73259 990932
73411 994416
73449 994471
64485 996577
250 250 615485415
0 454014271
0 378592621
0 193609210
0 6282769
0 144775281
0 343842226
0 352873045
0 1447736
0 103661111
0 10586966
0 59081976
0 352165126
0 123821215
0 23961827
0 322381366
0 528503251
0 160908514
0 211869769
0 545314101
0 83095536
0 418052934
0 91701541
0 17583356
0 410786465
0 101931376
0 232020936
0 507746725
0 13453
0 142708973
0 570714579
0 221548605
0 133942387
0 105781385
0 382078086
0 105255402
0 143827039
0 474135117
0 265966049
0 310621585
0 45106117
0 52346881
0 106295433
0 187240327
0 19227649
0 509529043
0 403379329
0 126378547
0 1108433
0 137000088
0 95879950
0 273798337
0 399097666
0 206265873
0 299191726
0 84917147
0 181818937
0 371901309
0 186590200
0 125052287
0 142560645
0 184266522
0 66523408
0 585808621
0 8017439
0 10049797
0 387911761
0 205827711
0 457128421
0 447893721
0 199093269
0 196088191
0 87335953
0 503948078
0 2407729
0 17462908
0 441738676
0 165239542
0 126768411
0 461850871
0 178640530
0 70266301
0 210691337
0 1518064
0 114380057
0 7922971
0 392420849
0 43251572
0 278200872
0 157009421
0 595964722
0 234505987
0 240390819
0 235651681
0 508879418
0 242058727
0 96038424
0 9397295
0 229828390
0 371689067
0 84926192
0 422492086
0 520381781
0 389797948
0 589563801
0 258171657
0 412881457
0 459295893
0 83669121
0 559266671
0 86689486
0 219746341
0 84181801
0 360153476
0 603308157
0 199300051
0 16728531
0 26310629
0 118466865
0 46375141
0 545541271
0 230498256
0 382916581
0 562502746
0 28870851
0 258590731
0 160260386
0 15272467
0 404339215
0 67022911
0 35338937
0 97324201
0 304720144
0 268436221
0 98804213
0 146658295
0 494052034
0 315360813
0 138045181
0 18036273
0 407175661
0 5070641
0 136127751
0 250630201
0 27807346
0 476569960
0 309756009
0 104728786
0 216361626
0 37001793
0 38520085
0 21506011
0 576358945
0 90735001
0 83526433
0 133925569
0 315360865
0 10841609
0 226716541
0 127875805
0 570441335
0 341857619
0 42022513
0 392519598
0 89227186
0 80813045
0 413238491
0 95804201
0 527441692
0 76182146
0 145828175
0 557272566
0 362737981
0 424841323
0 464354857
0 18355141
0 351008351
0 453588928
0 490658851
0 29500955
0 125443611
0 105481209
0 47271764
0 133402641
0 88160953
0 115153626
0 42386041
0 18810856
0 562136251
0 550768445
0 162883909
0 118382401
0 195849145
0 81272362
0 18538021
0 54225961
0 308292601
0 22197870
0 584851009
0 102551905
0 120431767
0 339428146
0 105602134
0 287997301
0 298155481
0 468301408
0 208361425
0 157983169
0 140874988
0 53824230
0 172989703
0 332177864
0 130454578
0 376156652
0 102020089
0 101630053
0 528410643
0 206857601
0 257786037
0 205439063
0 112579105
0 3425507
0 20444421
0 62937590
0 32151237
0 166834097
0 110854186
0 270841767
0 378554369
0 275381575
0 34404301
0 560654376
0 207833932
0 240525091
0 311211094
0 160098349
0 86463361
0 139400058
0 274174063
0 220273552
0 120178689
0 121094690
0 322578991
0 379763413
0 106398916
0 323464737
0 174840161
0 238678411
0 56748876
0 26879209
0 190277193
23251 1777
123229 21074
1660979 23761
197105 34492
239148 35100
257371 35361
297691 50214
326737 51477
334840 57398
372367 63231
412253 65250
411377 70335
400309 70524
454077 74031
7662376 80626
614205 81822
621298 86241
695612 88143
704903 91676
777500 94374
8156857 96481
919066 97505
939181 98816
4857166 100101
985159 100205
989082 100272
997121 102189
1068198 106274
1160591 107499
1198477 108259
3578153 112001
1224744 112941
1305690 136641
1344947 138281
1364529 138878
1444501 138901
1448137 143633
1489483 144307
1501889 154435
1558901 162472
6283583 166559
1602721 171419
9454751 180125
1707337 184545
1809531 185465
1887497 186950
2004497 187065
2004688 187493
9024253 188565
2131557 192881
2166107 197439
2174209 198189
4097880 208001
2210362 208243
2287711 220095
2318683 222617
2352163 228833
2354622 230691
2359893 232711
2407402 245185
2439240 245768
2461717 247841
8057110 247961
2473553 251233
2487631 252601
2496799 263211
2586838 268661
2635588 273241
2658635 280977
2714557 286692
2715003 290201
2742253 304826
2766729 306636
2771511 307153
3561220 309217
2882101 309925
2890813 311353
2894945 311395
3312987 312036
3061357 312165
3080857 328971
3136513 337585
3157239 337665
3195577 338875
3213553 339591
3297829 344241
3017217 344261
3414837 345129
8701480 351877
2791540 352381
1207713 363965
3585562 366516
3586245 366958
3667033 367296
3682193 370302
3789991 371741
3918676 373144
3920917 376458
3976429 380057
4022585 382033
2469869 382072
4054915 388577
4076542 392066
4089256 393001
4096317 397321
2193981 397758
4173718 399001
4179025 410649
4226725 412967
4328761 419198
7975592 420161
4432735 422426
4449697 432767
4652031 436745
4654222 442691
4846564 443316
952399 443345
4874122 444562
4928871 448559
5021423 460671
5027221 460676
5050957 465025
5092687 470021
1572853 470200
5108229 471241
5155461 472494
5164723 472751
5170561 476229
5259877 479241
5406709 483993
5420732 490723
5422795 495045
5434639 499981
5438251 508076
8184219 509415
5487217 509856
6523757 510705
5637685 519541
5642643 523394
5665899 536647
5682709 537621
5706911 539349
5780217 540401
5868405 542773
5953231 550027
5969113 554336
5990818 554354
6068269 556286
6087058 561466
6101425 566871
6167845 569733
6192757 575947
6201625 576411
8233759 581425
6242002 593939
5103727 597461
6291589 598463
6317397 600991
6353191 601177
6424630 604593
6447605 609002
6520428 611614
5553275 620533
6594521 624248
6809107 626657
6829753 636269
6936643 638892
6941739 644162
6993141 648321
7039233 648881
7105550 656427
7184025 657857
7234821 657907
7246473 660117
7284601 665677
7342045 676137
9406195 677860
7462392 678986
7558635 680973
7482685 684755
7489354 708029
7492251 713729
7515637 715137
7463533 720600
7572219 720929
7615909 722395
7619605 724141
7623616 726606
7624370 727895
470229 735201
7802609 741111
7807144 743109
7825941 743717
7929289 753521
813960 759023
8049124 760789
4041600 760828
8068181 775198
8087617 778137
4332349 795039
5474497 805878
8204956 810061
8230031 817133
6238973 819841
8251853 821107
8259169 830772
8303549 830936
8349274 835259
8349301 835621
8396645 840289
8403541 841313
8413069 857252
8443071 858918
8475271 862259
8496001 868653
8503045 874153
8513144 877441
8529291 878281
3526321 879609
9264403 883751
8776489 883789
8803287 888891
8804071 901713
8897293 903217
8907509 917987
2011169 917998
9077997 922791
9247673 925326
8761357 931475
9402229 943301
7432197 943461
9416377 947481
9416595 952945
9429157 956101
130857 957729
9523591 958057
9559871 959126
9571390 960241
9616597 960577
9621340 961257
9669751 965421
9690111 966835
9709264 969851
9711840 971720
9718309 974924
9747399 980307
9751700 986073
9786449 986939
9788241 988531
9835450 998817
250 250 730421665
0 76315801
0 43389290
0 388762739
0 389272067
0 19402891
0 5563209
0 558656017
0 332451001
0 233178638
0 59813480
0 588636455
0 131399401
0 151805881
0 429082347
0 28689044
0 18098774
0 80506966
0 405744681
0 406334373
0 120333097
0 20121928
0 72480405
0 449736633
0 144073573
0 50874253
0 234831489
0 144634807
0 219223291
0 52009644
0 59764273
0 571906540
0 283635421
0 387520280
0 47054305
0 337268086
0 294561637
0 247865578
0 63143560
0 44984206
0 2173777
0 278257861
0 254021167
0 282778264
0 332666881
0 609444901
0 14001659
0 44606197
0 46642674
0 330089761
0 173774420
0 216079501
0 18181873
0 410954782
0 117923518
0 56571534
0 37942165
0 6822479
0 67517313
0 35862193
0 12137340
0 84844664
0 407884819
0 118632570
0 279139056
0 34269401
0 88606433
0 629395985
0 483283043
0 463943521
0 53357855
0 5188965
0 132388026
0 410374000
0 53478091
0 216082465
0 577860101
0 158795235
0 385104685
0 255656961
0 569802927
0 396690673
0 121189641
0 401268715
0 211400296
0 4973641
0 479090158
0 45011035
0 229652560
0 184150968
0 149994292
0 64887775
0 15240637
0 63728411
0 207700039
0 5148831
0 10701241
0 117217838
0 153854951
0 68881361
0 32576909
0 128725728
0 35599281
0 696171217
0 61395618
0 29800321
0 615324625
0 120021175
0 495090940
0 584897649
0 291861361
0 565473529
0 45259540
0 73933154
0 423204969
0 17352512
0 27869274
0 111588841
0 194861731
0 695388937
0 49393057
0 385510293
0 129858612
0 382661602
0 25172785
0 544933858
0 20738191
0 265154373
0 340737634
0 354595676
0 180546081
0 233455673
0 340286706
0 184098007
0 7591450
0 9993241
0 45713419
0 155853933
0 404974561
0 54888718
0 84633147
0 287756725
0 402593755
0 384839693
0 594717368
0 71472185
0 446659511
0 701340340
0 307468801
0 382412042
0 4316521
0 24407835
0 723054255
0 153859337
0 58983601
0 58228897
0 13440945
0 29993384
0 240580737
0 260568612
0 223946605
0 120907561
0 41486712
0 70761601
0 92481547
0 546556816
0 1456001
0 24023916
0 438885860
0 492330881
0 275602126
0 107116801
0 497590626
0 60477033
0 19254724
0 37699453
0 69966222
0 327955040
0 247757863
0 3587518
0 18967501
0 9776481
0 117331271
0 399390454
0 405076507
0 551506453
0 128760878
0 294681218
0 539094657
0 893070
0 277119571
0 323194796
0 334714297
0 91636678
0 259475085
0 93611569
0 422185777
0 3058564
0 105862163
0 86394661
0 382971235
0 239982881
0 4525174
0 130690988
0 408813109
0 270326141
0 250460870
0 22754701
0 691649365
0 701796541
0 569165473
0 711920159
0 11218393
0 498071777
0 181298687
0 265097528
0 14565141
0 361775857
0 165246835
0 74165053
0 419311659
0 53774377
0 191794969
0 316901131
0 71400803
0 249928799
0 44814738
0 427990744
0 175827436
0 527306914
0 583710562
0 254442884
0 540172157
0 4929805
0 382751509
0 59957073
0 197088609
0 684576091
0 192709361
0 13591425
0 569071190
0 390543541
0 153949671
0 47460073
0 541905269
0 131414933
0 166512481
0 158811553
0 21153713
0 2132769
0 6911537
80747 4267
95665 7733
130645 17488
154390 18936
6172133 26685
7339881 28032
273965 46737
385629 54404
489928 60003
568401 67158
592761 67457
617757 67565
640961 72583
729523 78186
743097 79697
4492145 79701
818409 82903
918417 95327
958837 101724
976697 110417
9772675 113142
1150013 120637
812993 126091
1270529 127665
1344793 131996
1384260 136609
6800059 147131
1516837 147276
1517877 155285
1524227 156525
1656893 159266
1709608 161837
1719098 162675
1730570 167123
1827561 169421
1840345 173366
1857993 176043
1967046 178577
4242206 180771
2012521 182145
2036849 189625
2122720 193621
2130493 203858
2133411 207571
2181541 208005
2319943 216281
2322130 219937
2324445 226843
2378727 234468
2458873 240669
7695847 247441
2535641 254449
2615889 259733
2640949 260001
2649377 261901
2949886 263001
6264965 271899
3409625 274609
3435701 275297
3437537 276181
3456961 291161
7750963 293501
3642897 296325
3664545 297490
3726431 302617
3735361 303339
7862048 306285
3905057 306510
4009377 309796
4070007 310521
8050851 314161
4071505 315329
4087417 315925
4128114 319601
4168764 324381
10171557 324571
1979700 326301
4277282 326499
4294634 331110
4303537 332353
4334331 341013
4391853 344746
4405769 349586
4426249 352124
4429489 358437
1188489 363981
4543182 366735
4567453 368597
4670641 369151
4845597 380871
11551633 382457
4853261 393769
4869857 406737
4955641 416051
5057208 417591
5085295 425765
5192817 425906
5224476 431883
5236525 431953
5241273 435681
11231419 443479
5269216 447446
5274669 450877
5324481 453570
5336901 459169
5356449 461647
5381655 467029
5385034 479660
5398905 482719
5406068 493261
10749951 502465
5474150 504365
5504549 507665
5522825 516249
5588641 521012
5641577 521173
5679641 523733
5713263 526256
5717865 528937
5741395 530861
5777325 531061
5801734 531371
5866609 532065
5941304 532459
5977933 542206
6150809 549481
8394745 553473
6190369 556437
6206680 558057
3120713 558100
6352763 559985
6359083 560376
6380723 563203
6492865 563677
6558361 566373
6652387 574577
6713413 576809
6745365 582028
6769663 586713
6798396 598181
1465061 599936
6833049 602569
6885833 609841
6891153 612071
6922731 613673
6959553 614225
7136431 616801
7144949 617429
7150676 621273
7192745 621533
4199129 623085
10554125 623537
7259100 623737
7261513 625308
7317641 627831
7338069 630737
269197 631781
7465901 631936
7484164 638487
7525861 641971
7544335 644452
9756968 646969
7717615 651557
7739177 653368
9584456 654269
7812225 658001
7819237 658117
3895635 658305
7906087 665385
7929159 667401
7979393 669805
7985833 670891
7991740 673504
8011368 673891
4070749 700716
8061892 708001
8065296 711711
8133529 719569
8307929 724609
8362113 732712
206659 734432
8467177 738438
8493990 738583
8567963 742007
8599958 747662
8605576 758121
8726909 758439
8742265 762563
8765633 764075
8805265 766001
8925657 770119
9004921 770267
9161769 770853
9182611 771176
9229755 776327
9328379 778721
9334554 787771
9340587 796371
9567574 818177
9570401 821461
3549756 822353
9599607 823714
9698887 824166
9755093 826408
2532199 827485
9765195 831701
1076109 833656
9832619 836361
9859625 840077
9916338 840581
9930653 848533
10021805 855970
10039965 856401
10097559 861224
10117473 861278
7203423 862593
10240211 863561
10240877 870101
10298705 873409
10316529 875401
10473965 878593
10494973 882040
7215769 887711
10583505 892481
10619369 894094
10743403 896281
5423549 898121
10858869 901597
10909554 902062
10920692 903022
10942652 906195
10969685 906906
10973706 910670
10975799 912697
11034979 916065
11045537 920856
11064601 921757
11112855 927325
11157917 932051
11216227 942113
11225922 946633
5264741 955297
11266227 959104
11343201 969147
11502349 970106
11523969 975897
11529281 981810
4846084 984906
11594956 989551
11635513 999890
250 250 437116438
0 1563718
0 174730158
0 267129828
0 322367057
0 54259491
0 184249213
0 303848651
0 73528925
0 39006523
0 282688299
0 298761112
0 33040454
0 150186195
0 157017863
0 97192313
0 257047917
0 137793596
0 22457891
0 184776271
0 38822890
0 74392715
0 265051938
0 241787885
0 382778782
0 211952476
0 93715424
0 22419465
0 304430085
0 423838074
0 45755359
0 308385897
0 101717869
0 176189161
0 150774086
0 273841279
0 203586189
0 418903500
0 11166337
0 35743555
0 287890801
0 88259837
0 6535203
0 165833641
0 131030037
0 50455849
0 280105666
0 133923665
0 111797562
0 85486521
0 53846401
0 93138451
0 305801753
0 114763237
0 95495887
0 344294999
0 327944923
0 297411130
0 29644849
0 134717773
0 183996933
0 76297475
0 73806101
0 419454289
0 166854277
0 169084501
0 429085684
0 351680166
0 17361153
0 393537465
0 4774834
0 156909375
0 174807829
0 4303396
0 207928301
0 115538542
0 420987743
0 83065279
0 125653634
0 113220213
0 432644563
0 56364309
0 63074341
0 59915350
0 151815703
0 18720928
0 125243883
0 384360401
0 330469135
0 243966593
0 273687111
0 151688863
0 337766347
0 82684372
0 128798188
0 103597125
0 29780065
0 128680311
0 247812983
0 67399269
0 258780481
0 18835649
0 6095121
0 25403137
0 40760055
0 49268931
0 115110217
0 365531963
0 423178699
0 19047804
0 219465793
0 310772578
0 29214651
0 30420336
0 73313725
0 376516746
0 10380203
0 81689785
0 118468113
0 385642153
0 91830443
0 108308565
0 259385626
0 44133361
0 65937896
0 120102995
0 243829413
0 79370273
0 3060709
0 6149188
0 195371115
0 26913968
0 2946526
0 158345203
0 60198329
0 202067461
0 308390051
0 184292958
0 18482353
0 129272621
0 205838441
0 33855335
0 132992220
0 399848826
0 303868601
0 110074261
0 323935971
0 408168935
0 127041704
0 287120659
0 64749723
0 58923035
0 236014626
0 144344601
0 235301353
0 326666244
0 131889236
0 21725058
0 177311902
0 145004699
0 408432543
0 126320641
0 270415692
0 48158281
0 72470126
0 73534275
0 302659128
0 292019947
0 338979885
0 6098877
0 14914945
0 80087449
0 86504503
0 86922123
0 27832741
0 118975750
0 343268745
0 34434523
0 417764073
0 122890933
0 34186780
0 7720956
0 418265145
0 31885246
0 18040699
0 208897632
0 198604709
0 143976598
0 4878631
0 24104601
0 268566281
0 412692225
0 235229945
0 61447141
0 260244409
0 183539788
0 51099397
0 45061791
0 186599001
0 60827306
0 302305603
0 180959481
0 12988002
0 138969491
0 429384970
0 275661901
0 227761249
0 10097921
0 168026501
0 313235266
0 227402739
0 58752257
0 52086694
0 123932499
0 307603242
0 271736807
0 181345693
0 10267427
0 15551191
0 253389670
0 90332551
0 154468153
0 144330718
0 64269479
0 310561770
0 288149009
0 80867001
0 81127671
0 344985001
0 98458251
0 79311376
0 287911541
0 28123041
0 145688313
0 204390763
0 326634274
0 297848521
0 221601574
0 279459590
0 63648001
0 15566584
0 183692983
0 157410753
0 386740257
0 411282143
0 284398213
0 105262883
0 234696995
0 29473151
0 405510106
0 9222109
10511 2233
35357 3813
51276 8069
54677 9955
57006 14817
94209 15121
123653 20967
130445 22505
4768562 25009
166698 31171
177451 33881
188213 42626
226321 45633
236965 46719
295673 49181
330535 49389
358026 52911
392621 58195
394510 60025
437315 61301
452800 66643
489401 71471
550511 77460
555178 78702
586880 78853
642973 79537
649503 80063
680825 91961
697405 97241
699237 105354
738713 105961
739819 109803
758901 115935
775174 119336
798727 121256
3916641 129079
822631 131671
859648 135025
864216 139181
6726730 140489
907968 140817
918515 141053
920191 143764
963755 149861
3400183 152900
1038961 152929
1076739 155020
1125725 164025
1130383 167425
1132376 173361
1137441 173907
1176948 181191
1221603 182095
1272926 183389
3203254 183694
1280251 184685
1281409 185833
1352655 195426
1354049 209705
1365085 216311
1369857 226417
1391733 228238
1416285 236452
1437111 241033
1439759 242595
1503391 247677
1518029 253649
1526508 256003
1535853 259421
1549310 261889
1710103 262848
1564301 267106
1600701 275636
5388353 281816
1672673 282693
1691726 286491
2140391 303861
1738204 304321
4452718 307976
1825173 312985
1834577 313601
1867044 318001
1877490 318427
1936109 328795
1936361 334566
2016387 336468
2031154 340949
2060322 345828
2075550 348541
2115885 348561
1557890 349950
2189061 354638
2242206 356657
2411847 357762
2427321 359149
2435479 364333
2444475 373585
2457665 374330
2501281 376981
2503076 382523
2521676 389903
2574067 390381
2578616 401866
2600747 402241
2682291 412940
2732380 413678
2738195 426883
2762701 430058
2768689 432483
2769717 433431
2796903 437257
2844291 438817
2862441 440482
2917747 441351
6468721 441897
5495874 444247
3003503 448876
3021372 450736
3049900 455186
3052773 459945
3080953 466811
3143204 467061
1277431 468017
3239621 485443
3252321 497851
3272197 514687
3328358 516597
3392905 516849
1027958 516953
3414693 517121
3422876 522961
3436357 523161
3453571 523233
3460612 527605
3470444 534593
3528297 534607
3645363 535250
3572872 537427
3577761 557205
3632561 565045
3540321 569393
3661305 571430
6768801 577681
3695258 578846
3753351 579123
3785501 579141
3817937 579752
3856777 582677
3878081 587327
3891047 596633
821178 598601
3920673 601891
3928225 614601
3930981 619845
4026051 620651
4103969 630041
5569772 631905
4148909 634279
4204751 648129
4242623 655321
4287265 659329
4370121 661937
1773221 665908
4528634 675889
6826009 679121
4582784 680113
4605337 681698
4637628 685410
4677646 685534
4698377 686207
131807 687883
4797129 693369
4827016 699769
4835650 699971
4892301 704417
4928163 710999
4980119 711382
4999915 712803
5020807 720489
5072220 722515
5087628 724933
5113972 753764
6479161 756802
5240021 759941
5253161 760289
5281306 767243
6599211 771853
5324296 775337
5342098 778400
5370861 779164
1661181 779245
5472389 779553
2975335 781104
5533933 793265
4129537 795723
5583448 798522
5689215 805437
5693371 806346
5712971 811355
5736048 816877
5760859 825378
5824546 826361
5871109 828461
5895341 832921
5914521 838633
5976607 845701
5988866 848121
6038881 854873
6041557 855501
6047945 874721
6077001 880689
6080945 881188
6095878 883126
6108071 883941
6149311 884049
6205256 887971
6773583 890494
6232763 900157
6235881 902024
6236171 904161
6249907 905141
6250293 906173
6265704 913703
6272771 916551
6302475 920564
6311691 924136
6358605 934339
6377827 934661
6418921 935809
2956571 941287
5239333 942069
6542987 947161
6548661 952337
6550628 952381
6562281 955231
5291616 957741
6605153 966278
6618089 967206
6638817 970121
6692521 970775
880406 973597
6756761 975865
3688148 976617
6231365 976700
6774086 988849
6792529 989832
4546777 994093
6891600 995971
6976685 997241
6978721 999831
250 250 202050065
0 172356416
0 576082
0 78263831
0 147444001
0 6803009
0 66897039
0 17467501
0 190302980
0 60675745
0 153336355
0 181250809
0 43188985
0 75884487
0 11216091
0 6829621
0 22469497
0 56171044
0 66597112
0 7435039
0 106098964
0 16129711
0 81484526
0 47764761
0 13679990
0 61710164
0 84890273
0 103062910
0 25552059
0 178224335
0 155226070
0 46970001
0 121084685
0 11526375
0 2208796
0 38144072
0 70258229
0 109046573
0 100500556
0 185100553
0 13981887
0 162629076
0 161898893
0 184384837
0 8341770
0 127874724
0 54140699
0 62412872
0 116556184
0 88090561
0 123395423
0 47950292
0 7716932
0 134751895
0 94148155
0 149421035
0 131581023
0 155620621
0 7681885
0 17955569
0 62749954
0 117222795
0 72692761
0 22289719
0 93220916
0 177040799
0 22457
0 13581033
0 4001241
0 24001416
0 98863351
0 50274992
0 121371723
0 66738926
0 80203690
0 58173730
0 149165342
0 183663744
0 91367688
0 75829987
0 9390186
0 140718416
0 167055153
0 126190767
0 88220526
0 153699044
0 117657925
0 34073076
0 167908747
0 12268140
0 35819501
0 55624496
0 100927856
0 150411486
0 175736359
0 14661851
0 51678065
0 56187468
0 43249160
0 60408211
0 93564080
0 59835953
0 148068336
0 200598352
0 3587569
0 67949446
0 46266001
0 17237364
0 16858315
0 108633897
0 113668062
0 27319511
0 98003116
0 56179754
0 13156743
0 190507746
0 182695787
0 138794861
0 34142765
0 179409756
0 147122361
0 94511476
0 61150787
0 48491581
0 48540565
0 65087968
0 30494168
0 66137501
0 58032048
0 72337501
0 6280102
0 15436909
0 176574958
0 180853167
0 88281401
0 7760057
0 44662256
0 66002714
0 40535809
0 73952516
0 16858065
0 77933551
0 43695741
0 41692004
0 162577571
0 113830294
0 111292679
0 43812013
0 874577
0 95029771
0 148776877
0 25138898
0 54118106
0 1200807
0 19696511
0 35784433
0 197672542
0 186223718
0 56484826
0 76457596
0 21799205
0 32238991
0 118148145
0 170189761
0 137268253
0 38336678
0 144337748
0 36909852
0 37803641
0 14863472
0 64432403
0 65410357
0 73139045
0 94665796
0 19216864
0 35655466
0 92328911
0 22078814
0 131677339
0 129604768
0 36138971
0 16300785
0 100126459
0 179898512
0 95452442
0 15160261
0 62438048
0 22780451
0 148760702
0 191749976
0 178298005
0 175590861
0 28194615
0 45556416
0 113884407
0 28011864
0 6619523
0 174180251
0 114433871
0 4915155
0 3646567
0 151711881
0 153564775
0 155605373
0 49513325
0 56921246
0 11505541
0 150202145
0 163880771
0 7044281
0 100952350
0 128676264
0 37261263
0 82709162
0 36577361
0 162321391
0 156539664
0 13521241
0 51205576
0 86893941
0 156213062
0 51742556
0 124432550
0 1462941
0 4312369
0 24112080
0 13663044
0 141395892
0 73710197
0 83042465
0 5366101
0 130934016
0 75416446
0 180320755
0 42309260
0 4328218
0 5774241
0 117339866
0 21813380
0 50374063
0 127475352
0 76593327
0 3918617
0 46262626
0 76886864
0 30651929
0 8049243
0 196501904
0 107755068
0 123240547
0 93522881
31951 921
35461 3996
39079 5801
1014625 18599
1721963 20837
67257 22801
71691 29595
76801 33474
82257 46929
99361 47769
106675 53019
112081 55049
118841 56032
130867 58949
131807 65139
139361 68569
144955 74185
163306 89325
180361 89641
182230 97161
1556817 103308
193596 104425
202473 106082
210805 110449
225079 110937
225605 111321
228286 114983
254521 126033
261369 128303
264401 134861
2024965 138830
272061 148371
280305 149582
287361 149918
312668 151537
319048 160357
340837 162468
349763 171417
369810 175517
384706 179537
389341 180556
398545 191348
440595 195737
457921 195785
475087 196604
475211 199941
1293861 200763
494985 209544
498501 214441
1748561 219247
519877 223643
525983 224294
534965 225212
561889 226815
562165 235599
609535 242305
638569 260129
641348 266443
642589 269525
648251 272337
684726 273050
688837 281412
696793 282651
698859 285433
724812 290331
725053 295521
725557 299519
727033 307721
765031 308301
770767 309765
2811385 310793
807510 311481
1598959 311581
857085 315957
864211 323766
875332 326391
1774679 328126
880941 329177
882470 333206
888257 335261
890323 341501
932299 343801
937621 346166
946621 348999
950701 349026
2064873 349577
971899 355672
974194 358119
988449 359589
995921 360170
1993097 361025
1024926 361595
1061633 365361
1075469 370417
1136685 370513
1153961 373383
1175829 377921
1181387 379384
1182953 381979
1183681 398918
1204529 405206
1228591 409390
1240096 413246
1250625 415721
1260541 418749
1265772 421830
1285479 422133
1304869 422401
492241 437817
1286567 438917
1321802 441481
1324609 443291
1334251 455895
1336021 460901
1379481 482575
1414440 487027
1428133 492086
1432591 496633
1435145 497053
1447800 503306
1448566 507271
1454401 517677
1455745 522516
1519021 527121
1519980 542095
1523204 547219
1530433 547551
1545421 551471
2945978 551521
1565731 556977
818791 565053
1603589 565513
1611034 566538
1657601 566649
1660687 571305
1663207 572930
1714785 575201
1721379 579084
66338 582201
1743321 592900
509514 594179
1764145 596001
878470 598621
1776785 600501
1779882 600588
1805392 604129
1809085 624120
1830541 629617
1831449 632287
1888699 632889
1901897 633771
1924689 635295
1931299 638921
1957878 642022
1966665 655790
1973347 665131
1973719 666186
1980657 669447
56065 674076
2018594 674772
270385 675755
2030573 676741
2033323 677553
2035324 678545
2036841 694078
2037721 697606
2048361 699201
2056267 700424
964681 706085
2071150 712329
2072911 716225
2093121 723765
2107257 725209
2107976 727395
2113990 730633
2116743 731531
2121437 741061
2748115 741773
2134657 742239
2145381 743282
2394979 743935
2169097 745417
2173297 746591
2181523 748465
2194039 766034
2198785 766749
2203291 771046
2203305 773538
2203501 786389
2235332 788951
2258101 792785
2270203 792956
2273968 793506
2317663 794145
2341576 795449
2365367 802162
2367946 803817
2376577 807233
2161029 814101
2397258 815883
2419181 815898
2482581 818257
2487679 835285
2497022 837748
2512683 840693
2515631 841135
2527201 842032
2535729 846641
2540351 852961
2563109 857921
2572053 860541
2578827 861705
2611036 869102
2612221 870701
2615221 879854
2621337 881516
2649221 886195
2654977 887725
2672453 895557
2675085 896226
2676909 904936
2685208 907061
2728327 910001
2132185 911297
2796679 912941
804925 914201
2832092 915233
2841085 916039
2882965 916876
2920745 922077
2938885 926276
185527 927445
2961775 928321
2967297 931065
2968033 938481
2968980 939649
2971548 942321
2986925 943089
2987437 943643
2995765 947635
3007914 957797
3015676 959404
3020125 959695
3047196 965453
3053000 968091
3059416 970461
3072681 991806
3073165 996849
3151229 998061
3203926 998336
250 250 207116656
0 7708586
0 158464331
0 72165490
0 70536610
0 28258036
0 46232609
0 122641366
0 165763807
0 49384549
0 39002931
0 104109961
0 2714051
0 105964673
0 139731571
0 193635977
0 9856573
0 103871566
0 55172835
0 202022763
0 3712301
0 99378077
0 21861268
0 202334129
0 31158427
0 10446181
0 87554065
0 161334321
0 152104805
0 151295497
0 74025673
0 80147081
0 148690501
0 18356513
0 80418826
0 122769109
0 184954561
0 158926995
0 39735833
0 7444153
0 15140099
0 179464516
0 162713909
0 39637379
0 8994961
0 6073995
0 60951085
0 40653401
0 62128289
0 125008471
0 38668385
0 170711611
0 83771597
0 190674703
0 41714920
0 4044265
0 205959649
0 12586049
0 149993065
0 70283961
0 502514
0 57012425
0 203349719
0 22820129
0 76360599
0 196874504
0 68957176
0 51836401
0 76190176
0 31012846
0 165470640
0 4372481
0 6799920
0 38438735
0 13912587
0 17730199
0 80530057
0 206873081
0 110226708
0 22352534
0 99060023
0 100004329
0 11026279
0 44399161
0 127121093
0 30875338
0 177860607
0 177473001
0 96928005
0 134542145
0 58724516
0 28393662
0 95738001
0 82828396
0 9518326
0 125660559
0 15552786
0 191336995
0 1203513
0 149555500
0 123772510
0 15328501
0 90677847
0 201972025
0 133271841
0 62208276
0 3411505
0 188157131
0 161215180
0 12607661
0 20230431
0 146160341
0 11640001
0 75436594
0 197226949
0 44664376
0 105932270
0 33623011
0 12414676
0 11874373
0 185613171
0 161048683
0 191838728
0 46108689
0 51375646
0 178864113
0 129351
0 87182151
0 15149695
0 130396081
0 111615601
0 54073521
0 134088757
0 129646850
0 97302601
0 108722505
0 9850207
0 112369516
0 43691311
0 191490817
0 59706886
0 63060736
0 32259999
0 37387843
0 5988736
0 20372789
0 99807331
0 203498737
0 17110684
0 113780917
0 70490231
0 181036945
0 130233202
0 107372500
0 115529253
0 170814331
0 137774881
0 15031049
0 9612822
0 139869585
0 86735827
0 89798965
0 71792118
0 117748699
0 17877109
0 1330541
0 203127437
0 112021103
0 120423953
0 200497978
0 33333202
0 89677305
0 17335361
0 47812503
0 196247681
0 120038106
0 56014252
0 196004570
0 21152737
0 96008599
0 100994631
0 44767845
0 188056608
0 26061049
0 12161025
0 9223007
0 62288609
0 112555444
0 15869211
0 116597329
0 9796347
0 152735861
0 37606841
0 28039377
0 15182259
0 1667761
0 140834281
0 190591817
0 202534347
0 103252223
0 1986865
0 55473181
0 129895881
0 15944189
0 111658971
0 36339349
0 203432133
0 111708845
0 102812393
0 68537917
0 28620991
0 93636029
0 12771629
0 54127678
0 13105891
0 43040493
0 48464201
0 160637814
0 171129057
0 83079953
0 189746368
0 10599970
0 28069394
0 44796545
0 115810801
0 196524595
0 193220049
0 122163555
0 64440937
0 114309560
0 21797176
0 190593174
0 93547649
0 63264249
0 185419256
0 44758821
0 201611425
0 82641726
0 121074682
0 151013949
0 135238614
0 16534983
0 112606141
0 40188067
0 44800032
0 92947025
0 22276399
0 1187213
0 93820537
0 7021033
0 38982782
31999 5591
60151 6401
74861 6635
82639 7049
114626 11554
143133 14153
147393 17155
155000 18277
179062 21555
180913 22157
200918 26441
204727 27357
211216 28658
219086 29037
220102 29116
228219 32385
247939 38511
252779 41241
1243825 48958
264409 50172
2558238 55634
319471 60929
325781 70342
327508 73360
358251 78601
390047 79099
426215 81821
444849 84841
445135 85185
457134 88640
459534 89631
479652 91571
482779 91979
497457 94211
500137 97921
774687 119999
541733 127801
546861 131561
563392 136745
566425 142542
568161 152151
568689 154102
573594 156696
584562 157681
586097 161476
627607 166626
679240 175041
703429 175101
709082 176001
721602 181002
727420 188353
729511 188911
748938 188913
758279 195441
500911 206729
792847 207363
803129 210438
809219 211461
819329 216698
823779 220307
838844 227137
845148 232501
846265 234601
852805 238377
883079 241193
3266257 255531
910803 260463
915907 265111
921013 273379
924815 273553
939880 274849
946780 275615
959695 277829
990710 281156
1031505 282136
1032133 284140
1045380 290568
1058052 301140
1070029 303416
1107259 309001
1118605 312585
1124045 313722
1142057 315685
1152107 318303
1158941 318924
3037493 325457
1198500 327073
1216162 334861
1223203 335826
1230561 335889
1242715 338093
259809 343681
1263841 346063
1280106 350426
1286457 352016
2135474 352879
1294113 356675
1320069 356827
1321854 365001
1332298 367913
1725217 371745
1390969 374037
1416519 376846
1424433 382873
1466321 383821
1495319 384719
1505681 392521
1519037 395181
1520228 395998
1549459 396115
1561007 397509
1567097 422763
1596081 434202
1596680 436779
1606190 455917
1606961 457121
1623287 476641
1649801 483745
1688019 486116
1689149 490163
1701454 500887
1356054 502816
1779834 508109
1786195 513928
1793765 517537
1812647 520523
1818713 525356
1821905 530432
1831017 534674
1838217 537688
2837341 537781
1883283 550161
1938163 551315
1900809 552151
1909575 553696
1930802 554325
1895985 558136
1938793 568661
1941893 572954
1942073 579685
1954873 582545
1964233 584373
1964553 585876
1975729 588841
1976445 589066
1999393 591289
2007465 594468
2009813 594753
2031661 605157
2040161 605281
3180770 608108
2050809 608353
2060976 609655
2063603 614841
2083087 615361
2086586 616781
2094449 629993
2103027 638251
1292013 641545
2147063 644361
2170467 646581
2192251 651871
2221761 661345
2229991 664755
2256232 665401
2258456 665571
2262513 665972
2267393 677055
2274343 677299
2298230 681462
2304749 686601
2316437 686859
2318377 687625
2325327 690913
2354484 696971
2373339 706295
2381685 706961
2387852 710100
2398953 713799
2424983 724918
2429130 740391
2430226 741371
2453151 742653
2487089 755485
2490386 759553
2528225 761681
2557297 762849
274707 768808
2560359 773465
2581281 774067
2590225 774320
2600175 777329
2602097 779252
2604329 788601
2915171 789501
2695955 790371
3204585 795701
2744333 805059
2753902 816241
2770863 819221
2778680 819685
2799723 830935
2819337 831335
2820095 834066
2831545 835751
1841025 847466
2863183 849019
2863745 851371
2873464 852085
2875345 853762
2899247 857591
2914501 860481
2666405 863218
2922145 863681
2940353 871749
2948861 875480
2966657 882507
2971489 887251
2984786 899319
3003728 899741
3019669 907251
3020145 909538
3020313 910953
3021697 915137
3026553 915226
1188861 918231
3041265 922101
3042473 922506
3050515 925641
3078549 927402
3098930 930081
3099330 936211
3138004 936869
3141015 941321
3148067 944476
3151325 945232
3170593 950461
3175923 953197
2049158 958804
3181385 961259
3189369 962541
2718029 962801
3207973 965353
3208297 966261
3231768 968436
3242295 975217
3243365 978681
3263204 982130
889007 982963
3296838 985975
250 250 241965888
0 145828449
0 42705583
0 157876801
0 68836761
0 115190555
0 180620159
0 125690401
0 116058652
0 124442539
0 1525511
0 32026246
0 86976435
0 28824761
0 49414153
0 122445037
0 4237587
0 3025637
0 35484747
0 210873389
0 106222051
0 17335394
0 86469501
0 7245496
0 84477187
0 153537697
0 91282677
0 166889695
0 8520913
0 208596917
0 13314289
0 177054595
0 116553601
0 161337614
0 4452913
0 6226496
0 57977301
0 77691736
0 7671145
0 17647574
0 150408851
0 209093025
0 63378697
0 63801937
0 21390077
0 179506891
0 60723121
0 20561884
0 145312168
0 147200271
0 58089055
0 191635573
0 214804577
0 26675211
0 42450353
0 186213514
0 114991265
0 95695804
0 238033986
0 156355777
0 16514311
0 14452051
0 103415892
0 198127429
0 4465475
0 27650995
0 168019675
0 87162292
0 7388551
0 218826459
0 14357735
0 35813422
0 87950101
0 55652716
0 71937156
0 95527092
0 105021733
0 23672497
0 17172673
0 10639496
0 152737755
0 11702887
0 42015713
0 4060161
0 178098564
0 38101963
0 48045800
0 53670381
0 34803629
0 57988278
0 31383649
0 233516197
0 50832100
0 12101233
0 216898697
0 108949618
0 239694855
0 136091803
0 12102801
0 81756138
0 56755385
0 166114341
0 232710549
0 64267481
0 190917191
0 13864229
0 144230504
0 89324951
0 199822033
0 25674837
0 211779601
0 109551598
0 64755281
0 202307009
0 47212745
0 76702913
0 76632564
0 180666620
0 116400133
0 205692777
0 46625896
0 176587573
0 104695501
0 197121953
0 46330657
0 10845961
0 176619271
0 185238586
0 155563917
0 144940525
0 231494531
0 21096217
0 3400462
0 189554533
0 223691345
0 2262847
0 231218731
0 83283901
0 105267934
0 26956813
0 87060166
0 30109113
0 171960831
0 167451025
0 87124805
0 69047413
0 205011163
0 105101977
0 111579550
0 167324104
0 155698105
0 42526486
0 102546551
0 85400869
0 57857041
0 44967045
0 44967855
0 10801153
0 3747999
0 237270401
0 85514971
0 3233257
0 29993842
0 124641697
0 22508465
0 6771157
0 3921593
0 232509569
0 75451391
0 24884321
0 214518091
0 119871111
0 200284173
0 102684880
0 8920311
0 184291737
0 81756757
0 200721921
0 110642532
0 45985357
0 6809657
0 217884113
0 89382856
0 121182934
0 133539951
0 26153541
0 159274571
0 21738571
0 113281041
0 161000100
0 1180481
0 184317985
0 116610597
0 55240186
0 241933537
0 188847100
0 198927745
0 75653299
0 44474691
0 120490333
0 220942111
0 116043670
0 25566513
0 237034783
0 23525823
0 55466905
0 6115135
0 161631032
0 138074659
0 173396371
0 116571787
0 17803761
0 99128417
0 32453578
0 64188343
0 220276720
0 53954353
0 203105914
0 14566399
0 2415699
0 35214808
0 230180431
0 107472129
0 163830600
0 113911157
0 37237161
0 104399740
0 48530949
0 46142401
0 109328395
0 32531673
0 35332001
0 24787111
0 195006923
0 134022013
0 67687624
0 146498058
0 172585341
0 42901265
0 201728231
0 85178110
0 131706725
0 102041777
0 29085451
0 184943124
0 239702689
0 205266305
0 72542942
0 218173809
0 133946041
0 46197541
1 5948
48325 6434
55786 8385
65417 8683
66349 17857
153145 18241
183709 24525
186118 27113
210481 30307
242815 32007
250545 35477
272861 49897
289183 53751
3168280 61489
306442 63297
327679 67801
329901 68365
331097 71004
359097 71597
367441 72781
384479 77255
394159 82709
402961 86906
404422 91001
429040 92001
440404 97015
448577 108676
464563 115001
486869 116461
496309 117485
506734 119561
534509 124537
573654 126781
600769 129343
654213 132341
658113 139121
1564943 143953
690169 151349
739562 157524
750458 160033
751779 161899
752773 162757
755625 169545
779961 171289
780621 175585
784048 176122
808129 178397
817765 187619
2499123 192616
897921 206463
904480 207125
913756 209052
923413 215995
930266 218851
943444 220059
965977 230427
973369 234792
975065 241317
996295 245317
1013819 256255
1015241 257921
1022213 263807
1061266 265493
1071893 272451
1073857 275961
1089697 276929
1112366 277695
1120193 278798
1151380 280359
1172086 281953
1173305 289720
1186001 291113
1206902 303929
1207141 305321
1216584 307873
1242805 311191
1262967 312711
1269925 315411
1270741 319673
1271572 325311
1276423 333717
3003267 334729
1296179 341757
1301197 349798
1302568 349905
1303353 353218
1309367 354945
1337379 373521
1341357 386122
1351929 386136
1357117 390701
1367635 392911
1369201 393342
1395871 395707
1399574 396652
1413751 400881
2553925 401184
1421209 408369
1427257 410166
1461055 410971
1490779 412610
1520469 415107
1536421 416308
1537843 422281
1603945 434494
1565041 439617
1573984 446181
1582075 451727
1584319 452371
1590196 454345
674065 454521
1629949 455449
1647797 463394
1651529 464305
1668493 465101
1683743 469323
1687019 475463
1691977 477825
1722562 481125
1741497 481876
1760421 482513
1774528 482891
1784217 488255
1812903 495267
1814976 497033
1820113 508360
1865053 509201
1890578 511237
1893885 527677
1898884 527925
1939554 529771
1960217 532508
1970437 534649
1975150 536669
1987657 539815
1993037 553361
1994522 571741
2014081 575256
2017845 594624
2045995 595273
2080601 595726
2084921 609147
2088221 609405
2095627 609441
2102489 612161
2109421 613221
2120847 615997
2146021 616191
2178533 618269
2182417 620767
2204443 623487
2206155 628785
2216593 635393
2225617 642465
2226741 644097
2228918 649685
2242231 650620
2251827 651713
2280241 658889
2309083 663377
3266295 665378
2349483 668589
2370602 672377
2384266 672953
2392678 681641
2442539 686047
2451091 691809
2457197 694675
2486533 703017
2488949 706836
891937 707429
2527093 707881
1420511 712865
2571444 713001
2589943 719857
2602974 720808
2615180 723367
2616527 744002
2646804 744081
2717891 744801
2750257 746458
2755663 749385
2755681 750789
2762653 754179
2781259 758661
2791891 764529
2794764 764833
2796301 768960
2817761 769521
2823818 770601
2824481 772933
2826891 773153
2831830 777643
2836775 784466
2852656 788351
2871485 790509
2886001 796316
2887143 800023
2917651 801289
2946418 804836
1277485 805821
3013557 815665
2314885 815665
3050113 819130
3053456 825153
3064489 829249
3084885 830732
3092190 845041
3093577 845121
3118987 856055
3126445 858433
3137757 858901
3140545 860847
3160273 866251
3481669 867073
3210889 869721
3044509 874164
3275409 884860
3276561 885891
3293129 889263
3309005 896981
3342011 907249
3433060 908776
3435550 910057
3444133 914565
3476599 920347
295516 921270
3499123 926761
3514201 929733
3547796 931261
3565170 934471
3589169 935561
3604273 936651
3628851 946197
3675774 957741
3684175 963707
3685519 964095
3707389 973751
3726180 980335
3739756 981641
3756134 981870
3757126 984016
3775616 985257
3802466 986760
3814003 987995
3818605 988266
3842310 990720
3845347 992449
3848131 993731
3853136 998313
250 250 347835230
0 105242951
0 34124377
0 163534047
0 88542721
0 29615641
0 37885555
0 277815349
0 86574577
0 84896689
0 160123931
0 26920626
0 156706424
0 218553606
0 247956437
0 121873776
0 65765935
0 49729151
0 84774514
0 222280196
0 57642476
0 237138721
0 58324399
0 145296865
0 254621251
0 99584156
0 22587787
0 73161190
0 268721398
0 60460924
0 93957221
0 12055313
0 127572949
0 152006136
0 47736272
0 38552497
0 12005210
0 184998126
0 272340161
0 96626332
0 41655866
0 250742803
0 77597521
0 26818429
0 230448518
0 32884351
0 82315908
0 181019
0 54048751
0 12800593
0 3789381
0 141352677
0 110158093
0 215555699
0 72872987
0 130758211
0 162404777
0 149787067
0 111059962
0 177880996
0 101844331
0 318965007
0 376381
0 1309525
0 159553003
0 63049597
0 106723981
0 203939447
0 317271457
0 293451117
0 143710051
0 319688271
0 37028230
0 109390611
0 345390409
0 63069709
0 222273752
0 61160062
0 222518029
0 268541458
0 1346696
0 59711807
0 141603667
0 3194299
0 14243545
0 20370851
0 131036851
0 38664697
0 62544353
0 156027551
0 130495891
0 175473561
0 291776458
0 228819528
0 3670921
0 134426648
0 344647065
0 305769026
0 268475073
0 19612295
0 40966742
0 172180421
0 223693013
0 274151171
0 315984955
0 5070611
0 56798197
0 25770961
0 82077487
0 72460871
0 82683565
0 42571826
0 313535652
0 16882497
0 201137113
0 248400280
0 207221336
0 57927605
0 47859258
0 18434721
0 118234928
0 34448665
0 89890821
0 229027443
0 7984570
0 266862483
0 199505595
0 176578831
0 111352585
0 34744105
0 208436302
0 43936651
0 66352871
0 269824363
0 333520419
0 116597757
0 76516517
0 195634145
0 30959721
0 26129861
0 32248671
0 255913638
0 150255091
0 105990067
0 10377643
0 186596114
0 155612053
0 38774784
0 52130608
0 222992343
0 33955153
0 15158145
0 155177171
0 221743711
0 9139151
0 24378487
0 14408
0 280601
0 227775241
0 173138662
0 310950970
0 179103961
0 76739185
0 39212617
0 9888830
0 69201731
0 40345641
0 70029441
0 98314475
0 70070881
0 48515029
0 107414960
0 122133850
0 88982137
0 69526718
0 16202431
0 270239761
0 70785501
0 244302350
0 287262443
0 35987465
0 130238145
0 12998819
0 294967171
0 14293972
0 9801419
0 224097907
0 27514285
0 208808897
0 71355241
0 311282001
0 123231831
0 101637261
0 166303271
0 90928981
0 293047519
0 294084993
0 120566171
0 13341109
0 37820737
0 71384835
0 340017121
0 100753129
0 24383521
0 184066333
0 205168666
0 1945576
0 14334721
0 288021891
0 207591891
0 936604
0 22375666
0 46615817
0 42494489
0 273324217
0 344615701
0 273118556
0 27472677
0 325553599
0 215054179
0 119542501
0 153571573
0 6575473
0 122143053
0 176129416
0 304832675
0 1960465
0 12792839
0 314541451
0 323612817
0 264876151
0 114072048
0 22227459
0 17984193
0 10999621
0 271140052
0 175020917
0 280837445
0 96607781
0 149888507
0 178107294
0 108954477
0 29457633
0 330246463
0 41042625
0 5369857
0 89029231
0 252148051
0 154953451
0 107973251
0 164928451
1008 5125
5986 15601
10451 15672
22221 19869
45613 36427
105041 38545
173581 38661
207683 39251
224077 51741
229777 53455
247825 58736
249141 74701
280379 82328
297250 88996
335428 89151
4493695 90305
392581 95821
403945 97000
404680 97670
432221 104800
463714 107322
467361 133731
475345 134156
521093 134370
546361 135626
573451 136844
1605329 141001
590192 141309
594046 144687
617801 153983
4535321 160277
625416 172541
710654 174965
811633 175049
818977 178505
836857 178691
837553 180811
844621 186571
858847 187969
875341 188091
910346 189371
921889 195149
992465 195896
1083076 199551
1090765 202232
1119661 206927
1136851 206963
1157888 213571
1231609 214059
1231994 217945
1618993 221567
1264805 229147
1272565 231337
1295209 235089
1334341 236535
4782301 238776
1378195 244531
1395481 248806
1412961 252557
1414033 252583
1415319 259694
1419623 262171
1422058 263391
1422061 263442
1453873 264046
1510309 270669
1515189 279562
1545110 297737
1585953 298561
588381 301707
1241355 304351
1652791 305217
1656769 305815
1664483 307591
1688493 317981
1754299 335501
1769574 339594
1794601 342081
1845846 350103
1863649 354021
1880119 354433
1883095 356171
1906129 356203
1906753 358777
1929621 362025
1977466 367809
2001958 377705
2018012 379862
2024641 381681
2049911 394373
2090239 395474
2109613 397953
2111305 398101
2121314 402749
2126755 410681
2129920 418081
2140479 420118
2152180 421457
2168551 424669
2192593 429793
2197215 429831
2213587 433446
2219425 439483
2221341 441526
2228186 449191
2302032 450617
2303373 471769
2316041 477351
2317335 483601
2326471 490597
2327329 498891
2335361 499103
2335591 500588
2350255 501001
2352528 505339
2381488 508573
2415880 511341
2421325 511538
2491651 522702
2526547 531245
2591841 532176
2605696 534113
2616928 534185
2636536 536300
2648302 541527
2760892 542415
2836765 542580
2865342 547716
2870000 549951
2912569 554153
2928331 558651
2944651 560516
2972242 561979
3016848 562991
3053501 568129
3055361 569433
3104185 570887
3133863 571028
3136403 571921
3152939 580015
3168966 582310
3188001 583053
3195121 583785
3203095 595117
3210599 596573
3231685 599177
4666612 600533
3260198 602897
3266065 603545
3273874 607322
3275061 611484
3278592 625711
3281063 633401
3282375 634345
3288713 640875
3339197 641614
3354529 645625
3361201 646020
3376942 646849
3396825 647536
3417661 659857
3540881 674593
3544617 676881
3554284 677843
3576214 678005
3599681 678678
3609721 678985
3613396 693630
3667145 700146
3696741 709017
3715555 713221
3763814 714424
3772836 721281
3778759 721666
3830157 726724
3842545 729372
3905470 730149
3922216 730941
3939113 731665
3956193 731901
3968109 733257
3977568 742177
4011031 749841
4197981 750008
4207737 752966
4234781 754233
4260785 754575
4280863 766108
4299278 766401
4310737 770001
4376621 790145
4379761 791907
4392433 792341
4425565 795143
4427361 804365
4427737 805746
4457017 808001
366076 809827
4510111 814129
4520451 825636
620209 832585
4566696 833945
4569471 835701
4570393 841266
4577611 841994
4578247 845721
4601371 850301
4607331 850715
4613086 851643
4650832 856101
3236881 859831
4668455 874541
4724903 880085
1366585 882038
4818060 884961
4838031 890408
4847723 891484
4861073 897129
4871481 899075
4894621 902831
4898881 908131
4912913 910097
4944261 914625
4988596 924355
4997797 928151
5002201 928399
5030443 932440
5041305 937923
5070304 938481
5071431 947642
5158583 953900
5164516 954071
5245178 966575
5246263 967702
5251603 968010
5264849 972945
5305818 975327
5308495 981246
5316581 981521
5319531 982313
5327333 984701
5354193 984769
5383313 985603
5466829 994165
5470033 994941
5470671 996451
5533781 997284
5537637 999363
5558741 999439
5564762 999881
250 250 396256000
0 8417881
0 15501067
0 24569497
0 58669591
0 150136377
0 98167337
0 375786334
0 21225101
0 135420753
0 13123369
0 293090183
0 321864091
0 57987351
0 142588547
0 86396061
0 131710251
0 182218536
0 250120829
0 47495261
0 173375581
0 144336691
0 55505313
0 269082269
0 127283946
0 16663556
0 260381161
0 92012841
0 50581291
0 229599669
0 98716674
0 305302089
0 257764761
0 306146233
0 2281129
0 83004208
0 229093761
0 108481867
0 14403384
0 266258020
0 22395453
0 8026606
0 87008608
0 56835678
0 166438756
0 225394737
0 59834850
0 79288831
0 23438364
0 70132041
0 151431521
0 30116178
0 360844601
0 210304256
0 69140531
0 5855671
0 56338826
0 387388713
0 209909301
0 202850113
0 150722901
0 8699121
0 393296337
0 150056449
0 104719421
0 72367093
0 44828669
0 370621399
0 55001451
0 348234529
0 317823531
0 270600441
0 100536823
0 309585805
0 41624876
0 375223321
0 13344529
0 220208767
0 295192301
0 372227677
0 294179887
0 40671289
0 358429842
0 7986021
0 141502969
0 268666729
0 32315112
0 231767173
0 137378033
0 63918362
0 3681426
0 353178697
0 385765024
0 46580212
0 2974351
0 79346195
0 21661567
0 38870817
0 15262549
0 106418336
0 383686921
0 357639271
0 64247833
0 152368821
0 361849068
0 15841541
0 208814026
0 58567041
0 183606265
0 109575745
0 349215061
0 302246551
0 80820013
0 4086879
0 249860634
0 330856975
0 61692921
0 137584252
0 45459496
0 183120316
0 178322917
0 190127755
0 27025241
0 345706572
0 103087836
0 143632757
0 1319038
0 159708769
0 199293841
0 71760833
0 167059808
0 13938996
0 187644251
0 320564289
0 28002197
0 143592955
0 193757161
0 320805575
0 54754225
0 66068426
0 184556593
0 7405012
0 368505263
0 38791761
0 367119898
0 195980676
0 216294976
0 188549841
0 101094373
0 50557041
0 154259014
0 321740952
0 181061477
0 70059361
0 45654923
0 388463791
0 138121516
0 177625240
0 339331823
0 308246626
0 235958161
0 113803026
0 57598921
0 22569786
0 101697898
0 11159491
0 258021661
0 12919600
0 50114327
0 213305833
0 162851281
0 157496551
0 101180167
0 141438199
0 49235153
0 375027787
0 291433421
0 141348901
0 382024585
0 136612851
0 40583336
0 101526235
0 44814433
0 103521705
0 151940043
0 160363830
0 14311601
0 256813045
0 391959309
0 109724412
0 139995176
0 103839941
0 209602233
0 395608513
0 76751467
0 35067557
0 13843297
0 80800917
0 187176445
0 73527585
0 159116185
0 86365849
0 390576596
0 179848369
0 42384011
0 30080051
0 30033496
0 25852399
0 200172116
0 83835781
0 136642897
0 201258065
0 7535893
0 364249138
0 34772657
0 335565729
0 19146055
0 82580876
0 205630461
0 49140633
0 84382156
0 47503028
0 177422871
0 235308601
0 383530689
0 18022993
0 63642727
0 11846329
0 140157148
0 187567567
0 372439937
0 309021145
0 345611211
0 359694761
0 215541645
0 52161025
0 235223514
0 113027135
0 183865837
0 264695971
0 199573925
0 68723215
0 17158358
0 294911848
0 184622789
0 110107681
0 3154141
0 23193301
0 381401161
0 67986238
0 50867537
39553 4134
48129 12116
2571199 13201
98801 14301
131001 19118
145873 20635
4772743 24329
152000 28985
177177 31983
223993 36849
224833 40491
245789 41153
276609 45372
303781 45851
323105 46255
383519 55041
386709 56362
415359 65035
434539 67983
442087 69552
459448 95351
469184 101877
483321 109073
484097 111231
491196 118894
493857 120597
533247 125481
564137 127701
606608 131287
651305 141954
659841 143145
722778 149382
756466 152344
790833 154229
827330 162434
851223 163213
874949 165741
917829 168305
941877 172026
955013 173193
991243 176227
1035161 183782
1137950 184095
1175896 186901
1181657 190224
1233095 192761
1234363 193450
1235739 195123
1237673 195211
1269913 201575
5770755 204156
1429958 204901
1446657 205570
1451521 208619
1454387 209071
1462763 214690
1481633 217469
1487473 218161
1538422 219026
1595086 224855
1641041 229169
1676427 231941
1683743 233945
1684365 235629
1703629 237739
1715493 239649
1739982 246865
1750121 257935
1774814 268617
1803417 276892
1820555 284609
1852319 298479
1855931 301370
1866096 306446
1876865 310277
1881376 314033
1897365 316133
1919772 317861
1932205 321051
1965987 330219
1966851 332075
2019731 332706
2027873 335121
2089123 347281
2175333 347965
2217636 348027
2224293 349656
2235649 350773
2290689 350932
2318489 352837
2360885 353333
2371908 356806
2398737 361406
2409846 366453
2419993 369889
2427599 374089
2440801 378377
2477889 378775
2538338 379913
2549131 382418
2560779 382607
2561265 392985
96120 396149
2584045 398769
2642546 399171
2655453 404994
2661856 408947
2704641 413512
2715745 416819
2738590 417571
2757933 420705
2896994 423108
2900049 427159
2935916 430209
2947369 442841
2978860 447145
2986082 450881
3015839 452733
3088495 456305
3091551 458181
3136680 468155
3162921 472838
3203543 472915
3204069 487879
3231311 491637
3285791 502866
3295699 503811
3303741 510209
3372137 512721
3461139 515521
3479967 517129
3500358 520004
3516045 524726
3573141 529381
3585329 534273
3632679 534791
3648621 537161
3692289 540305
3699567 545856
3701689 547461
3730952 548730
3761082 550776
3766769 571699
3795241 580521
3802827 582363
3818886 591471
3853379 592926
3855873 594281
3859365 597976
3862068 603250
3874455 604317
3910477 607986
3919953 610697
3948475 611561
4017671 618059
4018217 618097
4041657 620896
4055379 621041
4072933 632100
4073242 636662
4083433 638981
4117648 640257
4153992 642601
4155047 647729
4224593 650953
4227521 656773
4239777 656777
4266018 658379
4303601 660641
4313150 666503
4388713 675780
4401399 677201
4421159 679880
4435715 681551
4460207 695304
4462021 695645
4486657 697301
4486675 706237
4507032 711789
4508357 723271
4519097 724115
4543457 727689
4553697 728619
4558303 729249
4588461 734711
4631009 737513
4692693 748905
4695101 757567
4733689 764983
4747219 765781
151687 768166
4773865 769061
4789937 771891
4790505 772525
4792135 773211
4794593 777467
4806438 786809
4913811 792849
4919734 792906
4937091 794645
4956845 795397
4961558 796095
4984159 800066
5046105 803477
5083568 809015
5086658 812721
5107849 813417
5130015 829500
5150749 832526
5202409 833921
5228693 840157
5243043 842901
5249431 848267
5255713 853333
5306673 853803
5310441 856987
5349955 865193
5364769 866337
5393515 874771
5397960 880159
5427273 881281
5429581 883371
5430425 888269
5496673 891905
5520391 892345
5532678 899083
5593353 911465
5623437 919340
5633279 920993
5640381 922019
5671315 923112
5731441 925441
1329249 925745
5806817 926207
5809995 939021
5811508 949759
5845945 954145
5865389 967323
5901684 967375
5905231 970001
5936359 974657
5969263 978595
5971961 979201
5978307 980616
6032587 981707
6097115 982481
6134495 982601
6150097 986937
6211617 988409
6238621 994519
250 250 138577382
0 137305901
0 94800637
0 123462443
0 75408162
0 13726823
0 47840939
0 3513909
0 63350489
0 114667441
0 38675991
0 108240528
0 70858419
0 98918119
0 56865539
0 129957521
0 138230929
0 16691761
0 55589277
0 1891299
0 31049383
0 65845835
0 15718201
0 5943249
0 52065028
0 82811457
0 171881
0 104011551
0 90235274
0 18117837
0 132385653
0 8691846
0 82297706
0 131356547
0 11198701
0 124603433
0 82098455
0 111486031
0 17860107
0 49525383
0 895391
0 8499537
0 51281973
0 53614962
0 128854071
0 2110102
0 61807285
0 75369001
0 73951809
0 122053189
0 109349035
0 72461616
0 42710469
0 122807877
0 42096689
0 68428006
0 35998932
0 67842602
0 8835931
0 66121113
0 16793525
0 130701923
0 87082897
0 56194002
0 10062572
0 117873257
0 26964993
0 36717741
0 88538099
0 109983963
0 3675956
0 89802925
0 69316157
0 98199139
0 45276711
0 111583797
0 27792043
0 71680027
0 2170151
0 30280617
0 89938907
0 11864776
0 75390313
0 10153693
0 81637525
0 131372759
0 104480095
0 125746997
0 121819648
0 15607247
0 98526735
0 28126589
0 105992567
0 3213775
0 31450772
0 76979447
0 84807639
0 89160573
0 104085327
0 24793629
0 31086859
0 9860977
0 114151525
0 31006801
0 64617969
0 134586558
0 25049323
0 130347797
0 122108465
0 47334049
0 103176405
0 18065777
0 43977942
0 11012565
0 81675971
0 105139519
0 48648923
0 129438479
0 95493025
0 130743727
0 81608273
0 35885396
0 62140195
0 91200569
0 114447965
0 33646279
0 90606376
0 51565411
0 5159259
0 2125423
0 33900931
0 108030027
0 73214988
0 58192459
0 52172869
0 32148937
0 68320872
0 10329279
0 102255733
0 46913889
0 93042280
0 129385201
0 18105363
0 101543311
0 113977841
0 84628420
0 85647949
0 119826363
0 24898693
0 29407841
0 88863637
0 93643755
0 104742292
0 67272537
0 936076
0 666383
0 2176681
0 71019378
0 106108009
0 8740161
0 48726389
0 108162026
0 71067253
0 2089556
0 358735
0 6832297
0 90040064
0 75136701
0 106794977
0 30339523
0 41676222
0 309997
0 2255619
0 101841029
0 49352284
0 76585069
0 108365817
0 3220569
0 21471162
0 91531611
0 62482283
0 59258588
0 77175292
0 4937209
0 135850187
0 89445553
0 67234379
0 10751011
0 37711259
0 28542358
0 55025803
0 99271921
0 71572976
0 46223589
0 74782415
0 5988181
0 27001533
0 80948189
0 5055831
0 87003766
0 29289702
0 27319792
0 57825951
0 12354993
0 39008318
0 135704756
0 41181419
0 118029893
0 69073467
0 28255295
0 7909295
0 117153129
0 58720289
0 105343456
0 36833857
0 128654611
0 49492165
0 75504025
0 122029979
0 91800553
0 56673343
0 132417561
0 24052897
0 9870463
0 35286203
0 42149279
0 106654415
0 11718941
0 93600821
0 17319573
0 120772861
0 34516315
0 2189087
0 56750019
0 10031589
0 71152558
0 122911847
0 19397371
0 98455712
0 72310979
0 102448237
0 103183265
0 89319137
0 41429929
0 23839721
0 24689065
0 66334019
0 120349755
0 48912627
0 137517957
0 47826227
333 1
2843 3877
17932 23226
20699 24944
42988 25215
43947 28741
51791 30887
84141 31622
87001 37594
90891 38501
99751 47705
102875 50231
109268 65886
164865 67949
165349 70721
167277 72581
174977 74721
180256 79587
190877 81547
193974 91583
197625 94273
198041 99904
201609 105551
203825 105761
212425 108116
220947 110129
225303 111111
243673 112551
249417 124068
254237 124409
257650 128293
264543 137145
265385 141130
274515 145201
274779 145735
275327 148241
277681 149111
279007 149254
283333 157675
288549 158257
291261 162331
297841 164973
324947 171047
332109 175713
335911 176015
353441 176485
377277 177942
383405 182289
401679 184870
408700 188699
426595 189443
449039 197338
473312 205971
477996 212807
480286 214484
497827 223576
499993 224025
503671 224641
542307 225588
572928 225901
577949 228216
586563 231451
612347 233566
621160 237115
628405 246721
655824 247902
672353 248556
674689 255284
681537 258039
681945 262803
692605 264431
693724 267594
703797 270961
707268 283299
711989 289915
724193 299181
741905 308301
745649 312462
759949 313663
794365 313666
795057 316093
804623 317021
821986 331479
824475 333691
829239 337425
858881 338126
871586 345361
876013 351481
879149 352701
887811 354113
903855 362837
906697 362887
914285 363373
933413 363860
953061 366135
954379 367815
956088 368049
964097 375377
972081 376258
980298 387040
991929 390732
995025 405649
997019 413140
997285 420367
1004445 420662
1005141 421757
1008953 423086
1012185 428389
1016917 431455
1020067 435601
1031215 439221
1031985 439553
1046949 443431
1048261 443443
1050439 444813
1052043 459321
1063637 461882
1064581 463732
1066133 478013
1072193 478341
1074489 480632
1076973 486851
1098943 491452
1103863 492241
1132957 492873
1139317 493761
1145021 495626
1146276 496001
1147023 502721
1150479 512465
1160489 517208
1173223 517703
1175105 518618
1175782 519913
1179672 520618
1224893 528417
1225387 529817
1226443 535199
1227755 535745
1234247 540836
1240677 541025
1251021 541721
1277123 548796
1279029 549082
1285075 550417
1285237 557376
1289117 558224
1305677 561058
1319801 564139
1330985 564865
1369273 568365
1382447 572792
1401915 573961
1402887 576173
1405405 576528
1408839 577954
1411120 578720
1414045 579506
1434791 584445
1459261 591193
1472185 593641
1476289 596621
1479297 625947
1480301 625994
1501332 633253
1506105 641723
1519407 644953
1520055 646825
1550791 654187
1553242 662131
1555163 666501
1566465 672385
1570782 678473
1574362 687038
1581064 688384
1584214 692037
1587174 694870
1610635 699411
1619983 699576
1620221 702121
1630617 703451
1631621 705041
1639710 707980
1654424 718048
1662683 727705
1671383 735857
1722939 739515
1732933 741978
1737296 747114
1747949 748133
1748625 751201
1752925 759601
1762813 761377
1771771 765581
1774553 766521
1782524 767066
1787573 767166
1790965 770841
1798491 771542
1802659 771769
1811863 779694
1828457 779719
1832104 780651
1877358 783853
1885323 785440
1888273 791527
1892591 794512
1899275 797214
1900067 799049
1906962 803523
1915537 806117
1915891 808329
1918029 821771
1927717 828933
1939985 838901
1941570 847042
1960251 847045
1969253 853842
1971768 854821
1974337 857337
1983666 863801
1991507 869320
2013851 870782
2020849 882584
2033193 884799
2038369 887401
2050575 891368
2051507 893958
2064591 919185
2085084 929616
2094384 934276
2109652 940217
2120893 955561
2130143 956409
2131552 957054
2133013 961071
2148912 961341
2150697 962032
2152615 966145
2153152 968776
2155936 974225
2166573 978735
2175187 982057
2176317 982769
2181047 983793
2185401 984626
2186537 984829
2189807 991669
2201080 995843
2204301 997436
