10
250 250 76059610
239290587 61492891
261834646 63348466
278201365 54516729
253897799 73096482
244384138 32532879
292535868 25861041
277647739 4039681
237771915 51132094
303709503 54742449
244424232 38674667
289719503 37489
306807806 2349980
302025891 3062461
288912151 28093561
288448160 32717476
259135832 35780191
269743230 14547963
254662493 43267338
290104264 27047697
277220449 25692000
242228043 48711666
270566698 5125508
307147349 19929169
280494909 8793871
310358595 59136390
260835500 69397265
309554007 38772335
252910076 25890231
252930085 51937358
246277164 1514161
290167093 19163961
245866302 9157285
291655423 38107741
262343385 54939303
254616919 73180931
303364360 62199292
293700770 33674037
269165292 34799297
242443661 51029467
293064866 66261759
257745910 20605083
302914386 1051377
279599758 50447181
297145695 37555697
261059468 70149931
292142792 32076187
240823281 15590995
265964456 42521623
306910452 68067469
305154786 16095151
296776552 10761913
288669686 42602365
287580515 53402557
288095041 31352716
239338553 6155386
243523574 11207885
288743581 42463805
249065825 58091431
286351796 60349287
270061894 1900721
301493577 68282411
260254248 60690191
243902263 8686742
285252057 10818505
242888647 46334447
278301909 47173171
243117195 12205291
276366834 75908087
308923045 25564427
293161298 50663677
239119871 61181823
273098872 32642921
307785789 1490313
289301594 42419027
292129945 51504481
308488914 48204537
255567685 10099311
272330897 54838295
251460042 30445181
310064531 12056551
268576355 1854301
303021185 42152551
250637566 27050101
258358136 10569933
258915453 10730023
287697564 51823457
263285736 34664807
250723469 56715841
259894143 26421745
292464691 39087503
281214889 47266155
309541719 58825546
304118775 18321925
309813049 31399413
268445925 25561361
298963785 36748311
264218658 22600808
309932055 1872712
252185086 20798911
279282262 21697709
288540452 9354231
263866695 11941137
277750983 171744
254198019 63894076
238366594 40554075
251816287 29047871
290139523 28075215
239192002 53510251
245647039 40882961
297839533 53706261
290719133 12329375
244501325 32494029
235818814 23320936
238475377 27795235
303692365 30082919
279648357 5930311
281415037 44812191
273175121 64861861
270468101 33368489
279400539 55203442
238878697 64589617
278109427 59831945
272577305 39500771
267395701 28108894
243783819 42723251
285420411 12626482
270430913 45203791
237933774 75921391
297898523 31310858
287462165 29462929
263323122 19358951
258676541 57280862
238128990 1197318
259383565 62935501
278574661 53580183
304208625 47803447
240320626 31411161
260373037 72656174
240151527 51976681
289058857 31175161
249059304 25360248
272262353 2624628
255743580 41436559
282173828 71023891
264892716 13742103
278441259 40325435
246887283 13285860
281623226 43645397
308424503 59790601
241621986 8139198
281491816 28956561
287055854 2186692
277418840 5434617
302051901 52976531
286043095 10347139
269170220 75254594
297577240 73151527
307367251 50242841
253795117 5692579
249954814 51803623
308002565 47693981
258378544 27573016
297286347 70529868
253253563 56403272
268047634 13131205
275574687 27931781
281593034 7220565
307197457 59137917
302530335 49521199
281249080 27230996
292330352 48816281
244842461 43164477
260253799 66270821
311015363 371222
269849869 54624339
300756479 62390427
238597942 47531798
237444788 52194132
283397885 9319233
236989896 1062209
271068517 70128631
298515874 12793660
282548037 23680381
311192070 74843796
251231597 68220972
254472397 6375507
310015497 49759143
263736167 32564676
305437209 14536812
278145936 14090581
294003182 35181911
235584073 42336561
257108036 42578467
261846244 51220512
257361997 30957132
259334253 10139595
258013804 5357034
302694589 20666068
285294933 9449463
245441987 32495481
244458021 25424775
256621161 6790359
239308465 62247861
281369010 53111431
241675528 75007281
269401757 53047339
244827782 22482751
307645208 6765393
258569278 28386505
309190397 4486609
273100536 29980297
281986422 21891675
239957186 41359623
292731387 9881145
236903338 36011953
295586213 72456723
308218950 14421063
236210977 39244431
256061769 2317849
238333064 12442291
254184151 40963070
243642721 3759521
239284075 37927141
244639080 20801811
269746573 60252671
299965785 50372141
282948163 1249011
276513462 36232468
254591120 56735363
309827302 56510385
282016201 67219521
247154391 3031883
253015859 68822823
288334855 29103801
293836721 20603107
301855378 59200763
277858076 17813953
262968980 66339713
245609276 15053916
244513301 28072851
274260996 35361861
249525324 15286969
302497631 32750989
300569132 12305655
259008969 3000405
310311050 8176939
237107639 28777857
295127300 70134593
272349848 17269541
299286214 10162153
44401 1482
72611 1747
84763 4767
93395 21391
1785565 23429
126669 23610
1902810 23701
166655 30305
197660 35585
221911 43734
2927115 44319
271575 51013
289539 53058
315153 53957
350464 56421
373967 56641
374689 57846
410221 66279
451303 75663
502533 77090
514515 78310
521507 84245
2375981 95883
525341 98433
529266 100977
535001 102361
585614 103901
601716 106695
1907309 111821
659993 127009
671353 127211
688698 130851
695539 133429
695613 138905
700341 144446
730369 146283
796809 148781
4952949 149540
842215 155586
846771 163629
863533 165057
872774 165327
912973 168265
1240185 168293
941935 190155
995181 190887
995823 207046
1031493 207641
2255389 208881
1234711 212451
927455 215223
1244443 218727
1264481 222087
1272877 224481
4474624 228742
1314974 229535
1315502 232068
1339835 232512
1344874 248291
1353504 248385
1357125 253001
1364305 255481
1380911 265936
1433149 269233
3834028 269463
1462208 270498
1505141 270753
1547517 274286
1560725 274713
1573864 276409
1626857 284113
1649761 291521
1667407 295706
1694809 296221
522827 302046
2217809 305536
1734980 309331
1750969 310422
1758834 311521
1763837 313281
108964 318721
1800217 329057
1809015 341149
1852639 342097
1864748 349445
1877560 349785
2661594 363536
1895103 363971
1717415 374183
144889 375497
4487625 375557
1965484 379802
1973954 383376
1990947 386235
1993211 389481
1994793 394888
1996709 395254
2000156 396661
2001892 398267
2036689 398657
4625338 403649
2058185 403891
2072691 405208
2114102 417513
2146145 417653
3381365 421651
2191355 425489
1724980 427801
2236911 427901
1231333 437825
2267159 443453
2310737 444718
2321395 447575
2323851 450625
2329541 453817
2338774 459481
2341673 462345
3337441 468459
1900423 472891
4104685 473159
2441618 478245
4957877 479069
3775055 480781
2499591 495171
2509777 504566
2526327 504986
2568083 509821
2582411 516508
2599465 519477
2605472 523445
2615449 524399
2625165 526369
2629025 526413
2642256 527598
2661361 530407
1884504 533575
2702133 535557
2708720 536954
2739045 539419
2743529 544988
2765495 545109
2766825 548425
2789703 557432
2793261 563371
2798309 566001
2844150 569545
2875336 571471
2925990 573009
259221 573108
2975959 580605
2983109 587073
3032693 589025
3048837 589425
3049129 595578
3073033 601591
3077643 602936
3092673 616001
3126173 619806
3140035 620481
3172830 625343
3721299 633649
3195157 639601
3224366 642256
3236919 647260
3277303 650955
3280447 654562
3289463 656607
3292647 659629
3567123 679433
3322714 679829
3327914 683327
3331383 683729
2346852 686305
3360747 686421
3362019 689851
3364473 696081
2162568 711465
3405854 716647
3431335 717529
3441073 719733
3469681 725029
3472069 731297
3499266 731449
3500197 742081
3510558 742113
3523693 749015
3314015 752169
3588845 752243
3686419 753513
3706753 759608
3191739 760653
3724311 761181
3750512 761544
2478545 765975
3781972 787583
3832459 791669
4224401 792029
3851659 799681
3863427 800929
3880761 819931
3898314 828993
3917318 833401
3938661 839317
3968997 841321
4035729 843125
4075717 846051
4084612 847678
4089691 849079
2427181 851413
4219707 851665
5084051 852591
4241909 854971
4291617 868072
4313143 868151
4334747 870241
4438872 870639
4449228 871637
4470051 873153
1298827 874245
4474737 891014
602834 891833
4500893 895393
4527492 895616
4529927 896117
4594756 905481
4606521 913117
2052286 913279
4628833 914017
4652286 922224
4661804 929026
4679393 931361
4703017 940070
4717199 940210
4728617 941513
4748923 942071
4755579 950317
4787349 951641
4828522 952621
4844293 957805
4850073 961703
4854089 963425
798007 965026
2463946 971034
4959657 971606
4978315 974022
5003012 978225
1435393 979028
5104672 988621
5106397 995549
5134065 998090
250 250 75343154
726487862 40517459
741021906 28806703
707538155 72283739
747535142 32667569
744171998 44448941
710298617 18067209
762485057 29831425
732123942 52817034
765873305 54252041
719970387 68853967
722686436 35431286
761089102 22154683
750550346 34339618
709232444 33654867
755702522 59710335
696004954 25780904
701833607 35264846
737509822 62992554
760037942 21783731
714863942 5181423
749676972 32580040
730157693 60719111
732118472 68920455
731925405 71584037
716370772 33999099
722722778 57434049
697645914 2162057
714436150 24924317
758937542 28157209
703090728 35996549
761243318 65570770
727390908 4125105
706249472 20472377
724300982 18346626
709993338 66783210
702369089 2893089
715040202 36170083
720462036 26194807
737269406 20635533
703310534 26836911
737798187 70392136
694664322 32764450
700593161 68566953
704325908 23433595
745141090 14376286
754000630 14496048
755945237 57128328
722179129 25117311
697172144 26761768
765681487 13103746
718370144 51180211
768287456 7181803
698175929 41805194
751638902 37065535
757654613 22398392
714746166 5809169
714563382 37760783
738839033 53643434
744223687 65660724
697039547 49366242
743011597 61834479
730999102 4381930
703827812 42848451
726640374 68455736
710247041 12785579
707840306 57273137
750886392 52243675
697946221 887057
735818496 55780343
723686919 3922701
698481238 23684363
720379091 70945305
726084043 39925411
697618429 59972635
711336087 48123045
719881269 27667051
704077125 16570271
728317177 60481297
711901068 35296047
752280240 56885910
748848563 14805917
705176050 16725657
719470642 4912777
710415317 34890357
721392212 71466096
695721607 53638443
746339105 17321223
747301514 36015347
697379957 29954191
700514348 45248026
734416292 17321067
728858082 40738087
701171360 47231001
726544734 68486373
725526127 22810676
724366271 10247438
713225502 69679579
715931301 55672299
739109990 26736247
704441771 19490181
695505893 53866852
736334573 28743737
698981882 8962101
766820929 58390196
744171492 25062191
754597906 59537213
703999132 11608938
695101370 50842473
767299502 493681
751306762 74882653
732559363 58012
704862554 65562687
718360663 61696958
750423073 13734151
745135598 57947543
708805944 35663743
732810185 37397098
726529962 64064481
733479792 23424650
693673517 53946404
768521345 68190293
693965111 33401657
727472804 27988522
744073242 11804851
734639999 3804673
759576347 6411469
732040771 20990948
753432969 40315261
713940250 28462631
729511331 16468678
726792831 21902675
719689508 20540449
702303452 36269613
714529559 21523939
746660066 53876225
725415257 12842209
739919259 12054658
766588334 21778340
715654907 44226806
760621750 57733471
751507492 70557660
729537850 29287719
708552242 52880749
740455184 43981504
712871437 28098207
759330461 43665535
746325977 12303361
732787274 9772625
755326182 42655351
696495650 74317853
749855717 7987126
722850379 16733015
703320123 18263050
761216466 23603951
737458632 12595709
742178300 64838433
724862525 52361389
711626086 49153436
723780728 28741969
718265493 34686747
732350202 53135347
725649557 29701190
750784655 41113655
764895486 10337145
742101170 38680943
750886052 61023907
694498076 71747681
722960898 50514719
731756039 74436454
716993030 30192255
759497738 21395119
699656219 28261099
765413380 886789
757029992 15301083
710791250 43299033
722662682 2517803
693835045 53189699
753233153 67230229
724570577 50260220
753025383 43914550
697627192 8469077
755493397 64036291
702424118 29328593
743904445 49476104
708839786 64492847
708759322 42511823
699272126 45475442
708500212 36495815
694950432 56752457
704891240 65082061
707273776 13497565
701520392 18338128
766082222 28036743
712866535 22010473
699913091 14886379
694793712 10853679
694408456 64557715
705217800 41500230
698239438 6059821
724977869 23918800
697103097 21460979
697115587 73557142
706173626 13631887
698205030 58267280
707385560 3836003
765118572 34173385
716356918 34467099
732107732 27997398
710394566 44185990
751182479 13512544
702353225 25256337
705368858 36653943
708304020 28183927
699116464 9632726
707099714 19223995
755496297 34547189
744537961 50537648
759033134 26057499
727056404 40054739
724990567 12808525
744487439 65812283
739230374 72736231
724484138 31356129
712221872 12944006
751338693 71280175
716229345 697499
729426352 22559164
762282589 52377374
724876277 74878405
704315921 43862780
739310830 3752619
699133798 31407701
757221242 52095749
695634083 56581247
699892979 1463138
698030742 53868939
705360362 61450765
704928806 37190167
710865422 69064049
696641864 30442741
744406401 66570103
705188651 49563576
715135900 4972913
764801522 72687797
704786135 18617017
713129180 28418791
713116551 14048239
734521970 10751761
739690262 59954073
747857543 6580750
21769 497
27985 641
36281 14586
61504 15489
3179201 33057
81201 39431
87211 45425
159801 54801
160770 56829
178324 56897
2062127 65170
198207 66501
213357 66611
214817 86474
4739930 100463
243660 104157
289130 107089
340141 108091
357583 112576
388923 115595
447423 116921
454757 117696
457910 121339
470382 125450
487743 125533
489560 129105
499766 129289
512143 133139
525149 133553
602868 134359
609969 135149
651423 136813
700649 145795
735486 147605
736953 150734
763961 154793
780441 162457
792969 172321
3266723 172597
859005 179211
866049 180739
869821 182241
889849 186785
921231 187877
2615929 189553
1008562 189573
1009981 197110
1059491 199451
4234947 208826
3582626 218434
2458993 222849
1138831 236111
1146639 238059
1152420 244326
1152717 244497
1155131 251185
1199494 252641
1259025 252864
1294973 259249
2548561 262101
1597157 264162
1405077 265883
1413595 268737
1426250 275898
1446973 288111
1516023 303926
1534178 304301
1535150 304946
1544663 307151
1573513 308721
2437781 309777
1618878 319257
1667889 323575
2930894 326489
1727253 328502
1729536 329365
1731817 329987
1771917 334593
1777547 334979
1809936 337357
3758349 337847
1896819 348406
1907633 358041
1917001 358683
1929968 359099
1963449 361835
1969653 362715
3264157 365305
2023947 365564
2048784 374960
182051 384477
2066889 388348
3920497 391172
1328129 394041
4522677 394439
2125801 415343
2131801 419198
2141421 420781
3687982 421851
2198858 424234
2218633 431485
2234687 440225
4395980 441326
2306123 443357
2323681 444981
2325805 445977
2347735 446441
2348545 452401
2370319 452981
2386799 457120
2412453 458415
2422093 461405
2432523 468937
1357455 469495
1119408 479454
2466838 481522
2512261 481770
2530974 487061
2084303 487658
2575436 493333
2599001 509201
2602785 509776
928897 511813
2620753 522850
2646564 524181
2656274 530528
2682561 533416
2688148 534281
2716099 535173
2757129 536026
2766924 537729
3599963 541013
2785363 547649
2793197 548566
3829178 553203
2847223 553497
2864803 553721
2869940 554980
2909645 561021
2915897 577801
2923289 579596
2929503 581771
1701925 582461
2936513 592511
2953451 593073
3053111 595601
3133251 606269
68171 606619
3215365 610921
3220905 614051
1997985 615025
826355 616126
3282625 618133
3300463 622465
3326629 624754
3342048 625929
3379568 634089
3384824 636721
1872389 644191
3412893 652017
3422508 658180
3453613 658555
3454855 660961
3459695 662863
3462732 666896
3549853 667061
3565309 676538
3569365 687021
1106745 696001
3584757 699191
2116869 701384
3615505 708776
3633775 708951
3651807 709170
3663850 711693
3672821 713937
3676898 719533
3682782 726126
2182730 727826
3703033 728817
3715529 734083
3750084 735669
3753341 736321
3385069 753369
3768533 755467
3783153 758138
3786410 759061
2846921 764096
3836020 768501
3857549 768689
3868111 769177
3916013 769359
3916683 772207
2074597 776111
3935601 778831
3942964 779156
4070045 782437
4072797 783493
4081494 784281
4180666 786801
1064967 794557
4241157 795391
4247597 796236
4292263 796481
4375632 798494
4384689 800393
2247432 803464
4396829 805169
4403255 806783
4409553 808191
4419217 809143
4438394 812018
4450210 818001
4463702 823126
4475952 829409
4495073 833651
2776409 841137
4550741 843696
4554226 846746
4574756 850921
4588319 856557
4593889 858941
4622030 864073
4623787 867026
4630038 870051
4643305 874723
4644689 876341
4650181 890485
4657914 891077
4706921 892586
4815861 894981
4774809 907280
237397 916541
4835748 920085
4839731 933957
4851093 934001
4915169 940065
4933634 945696
4962905 946485
4964249 948922
4971264 951361
4990940 951745
5016005 968771
5028689 970542
5040161 973758
5049385 974075
5078897 985172
5097502 987401
5117724 988537
5119293 989856
250 250 556230458
576994145 179025468
264330388 77874826
282537241 17425799
393602964 445044808
278829008 153716179
398769940 40487299
269314080 113913632
649401852 142824547
411022536 152992603
716746642 136492695
281092139 33133146
385430157 62762052
279115998 223055094
509955675 75227741
549129888 157008585
370285500 126584837
264407550 91663321
351182818 90262386
714191040 31337965
651437561 93005485
414019672 35512780
682280599 161496245
804007653 52827295
448194337 406813241
753267708 494834848
628498444 164389023
282723940 44719139
695647200 274349747
261403268 67423993
750453613 337502221
389796933 82954159
481877230 10255813
326195772 38041431
652229193 129722755
480352392 146146197
581938272 53750390
280859720 299728289
366132912 431293911
411801504 226824353
444667456 103891369
617282990 330687906
285610665 516637893
353981505 324257497
619897621 417315001
345647756 217354957
421604333 395043056
478675368 149445879
619225902 336703445
296657220 257388760
415476544 332146312
300106402 3371071
383299189 364951027
339903227 350527505
690851644 313653385
402938613 16396801
677426650 144165410
767221116 117048925
438106631 200630197
457860664 76964689
705582366 123395076
325002366 217881037
405212976 249498841
499318092 310385746
631846372 124834249
311436927 272488037
325207423 3920989
472224636 237074013
290286843 349849393
632076810 190042196
548647311 90667732
334022990 47613424
313386084 117944857
335005008 242392903
726177258 505045025
677332662 230129641
312926390 99066070
522820308 112053156
342061624 509927861
644192335 10734681
315458211 26875260
781634928 12215656
549873912 430042369
279347726 116794973
298877072 271397129
525055109 114043701
640324584 286906599
335458415 5124365
643160426 324463035
378745732 111625945
415680204 35855
284506152 42413449
315166387 98873391
570195990 14881345
470572471 315357188
646159570 137636263
337523170 340480567
718917808 24570577
445292829 356395696
787557604 310779949
592977972 32201053
399523153 224212591
261504360 162706697
354296009 151413949
619383027 445530653
561547445 96702406
507163252 44200084
553488322 448388409
292754937 291373201
353659618 39167819
510483759 84928508
572378287 153847366
264624789 130124383
283493752 432586993
269855676 3369954
706211172 316740863
404094504 441977716
264143724 416771226
386559732 57314413
287847522 193813251
712746232 43442085
651719580 43083966
691107424 456245836
309150669 143987299
427447272 542173909
452815439 110498961
469145961 29542120
456198543 67264369
374910172 498891322
348453990 415871399
353450252 451973033
559049058 467071489
622516886 312833125
550823299 163108321
438362622 26877838
420941908 185794923
498665558 57930201
693890244 91055243
502076106 152106709
260075358 85511725
445031524 13158575
536671876 198953665
673136187 282521629
463452675 515907875
373855993 249229081
345801291 508187811
576700572 56724913
597918244 548498751
354300669 434884730
554871492 474924157
269581396 49390489
287006073 323341936
258302772 221734693
280139376 197819075
399517815 176130001
261679578 22260602
274693588 533366317
521279679 261190115
302622030 50253013
294714378 454049751
307177572 97904926
322313083 162418494
668807097 237910344
277318138 8221957
631745952 340590975
463671172 41241493
394830662 29298907
558054476 59756347
362197052 96042527
338665548 372074242
313116916 40008491
322212804 81475591
452884274 227548309
325715076 440451493
647581987 412548946
367639519 466406161
558179311 29866807
262322887 365875209
464754438 243910619
264126946 392789213
374496227 537332280
260855142 42171697
503259764 285836244
367683435 193563392
380486556 110163097
791863741 116641481
439336377 13612887
347934240 179280685
625767532 111306091
337665373 308857171
427868250 72139705
410084229 468052747
272910464 149726809
269376453 474734181
420517386 47770361
362818772 390238701
424887762 10835551
271002339 30406537
316423633 118699345
328247703 70081526
307845362 401335737
423018672 12879670
520119666 456251335
389898609 28745953
316110302 421670179
437392298 44481621
391158684 20391653
736378279 336005929
264133748 128371423
306028524 77730241
572090566 524717749
302632507 184767005
487374815 193727297
408831012 540971929
413070342 4179365
590014292 532332396
306543060 29766935
271885376 45453871
581563854 116424266
462160932 56308876
280266030 229700279
374211324 66027322
686778354 224576815
442454076 240573950
273811276 149938233
534546790 326748015
670854541 31288531
403624596 296844051
514180124 41865697
262207332 353948265
581888640 162117505
370066521 523484641
318169370 69666609
380285793 166740102
295806683 63070606
273978438 42130621
457981113 506536437
812980857 167417361
700550964 111993278
321378756 253483987
424263060 108857661
264569376 25252217
334488070 33699001
429557592 79153921
289409401 298745497
551746736 313011121
325655915 89686499
287648494 64987037
571517340 33174076
310338593 88283799
534444162 541446718
209476 13351
223585 15161
251342 19791
434315 20189
29079139 24631
35702170 27520
36774265 31363
1105019 31833
1223452 34999
1430876 45013
1605280 45433
1693629 45601
1719279 49665
2031381 50849
2190824 53953
2734057 58945
2740221 60219
2965802 62327
2987399 65453
2999826 68843
33701724 75801
3164641 80161
3194723 87231
3266025 93160
3392047 94221
27715389 110281
3536423 113979
4095710 114651
4369487 117121
4330755 126481
874251 126713
4690046 131839
4800097 137183
4811222 139537
5177402 149051
5223510 154445
5420480 156176
5549060 159783
5807221 160336
5855028 161209
5979432 164061
6010758 164101
6095674 167261
6115547 168776
6141387 171701
6249500 172293
6509651 175625
6546914 175679
6605729 178895
6794953 183625
34876394 189907
7034193 196241
7154878 196713
7194200 200169
30085922 201969
7614205 206729
7918414 212101
8209556 213973
8218046 216931
8515020 218721
8569887 232398
8645826 234642
14847357 244625
8754170 263014
8867002 264645
37655330 269621
9162796 271585
9192688 277608
24233230 286343
9307454 289199
20768662 289251
9930008 301411
10064096 301745
10243806 305381
10272664 314636
10342227 316481
10549200 323345
10948560 323686
11057839 330422
11098073 330635
11104808 331257
11803562 335241
11853194 338763
11940583 344225
12217143 347619
12499626 349076
12559633 350646
12567382 352812
23445356 354521
12777380 359757
12871159 381550
13178112 384301
13365992 389891
13474033 391246
13493895 391761
13560057 391937
13568057 396691
13584585 401334
13628231 406827
13632462 414236
13653210 417581
13829220 418864
13984150 419591
14085179 420321
14240108 421259
14338830 424049
14376432 424229
14742516 424604
8660685 425043
14848736 427083
14858904 437873
14862716 441013
14879780 447255
14892560 452696
15691627 455337
15717021 461337
15750594 463101
16151484 468553
16220401 471907
16521820 472186
16574729 474217
16705347 477016
16991057 484111
17117089 490021
17130085 493317
17244415 497110
17365785 498673
17432107 498905
23373527 501354
17815785 501681
17957016 503880
18019120 506614
18138897 512831
18603934 514181
18679542 516911
19624501 517217
19647075 532968
19775773 533407
19904257 540252
20231318 554809
20259790 560961
20304925 562627
20506608 562977
20703565 563476
9643625 569237
21045466 576193
21069489 578549
21725915 579521
21828191 580201
22000726 587775
22098473 590336
22242870 590587
22246506 593898
22378610 594625
22388508 595785
22429239 601494
22808377 606101
23072956 607761
23144352 607885
17478572 608366
12716680 617451
23641099 619481
23800369 623107
23861333 624600
24089624 626890
24166501 628345
9253294 639887
24481229 641871
24494904 665401
24706866 669211
25932729 676399
24992249 677497
25037176 680345
25334355 685639
25410126 686925
25490239 692689
31184727 697025
25949388 702712
26062724 703219
26446980 704505
27086390 709246
27139537 713300
27660115 713801
31177361 716481
28106186 725819
28133181 726581
28207325 728141
28228312 733601
28323720 733693
28699894 733969
28802361 740037
794161 742821
29134034 744357
29276970 746151
29293753 748280
29357166 753220
33440242 754938
29452426 766949
29541498 767146
29630721 773191
7484762 775505
30150145 784061
30351410 786865
30470244 787351
30837847 791741
30973576 793941
31115994 798654
34588833 799601
35695552 799821
24947624 809251
31253548 816019
31519835 818611
31623951 825727
31788444 834551
31813024 834935
32088626 838949
32103982 839587
32181696 839947
33139473 843451
33207037 853193
33218978 856254
33261484 868321
33276396 871411
33318259 883191
29390341 883630
33453889 885711
3117234 887180
33936195 896928
34241749 898529
31140932 902041
34719184 902337
34779113 905987
6972935 911896
35075609 913735
35076046 920006
35124266 922387
3510066 922746
843524 926650
35728307 933891
35913939 935111
35952985 946968
36094122 948235
36391747 951837
36634131 954425
4315896 963926
37227406 965839
37303825 966374
37391697 981860
8900958 988329
37710225 990159
250 250 586940431
45045452 237483533
51109204 510480791
189103981 421791196
458338336 219131123
92823710 62546776
497355722 388369376
408481160 130694481
485622446 527403479
216565888 13384603
31161673 381826243
38728910 290532551
188152943 335699574
48871611 543880169
388552168 263992653
124173197 108622634
572538068 111628393
45181257 79898381
219598172 8441281
208546437 356681603
256110361 293485115
290373588 313877026
297549886 287158138
66948282 85683247
104136605 9746101
437102680 454129941
116909288 92305644
198400356 459970021
40423496 583506595
438641921 144215774
134799016 176969066
39690536 60010336
426781733 161289481
389769980 63444460
144724248 314047826
493776422 328397879
603233281 5766501
160466921 250937545
187717670 2089654
213766714 292742413
240485548 390701221
153637066 63238971
114090548 56317993
307689809 133892305
118572014 132358801
137727806 384352291
328442510 341450785
25338100 126822737
18359979 104066776
183473681 119895759
469573748 225422341
20584655 462234935
376484702 414204551
225055688 2470865
195924691 71199640
294190041 225960210
159902652 407870086
40353194 1556539
18102112 41563699
25649784 452154769
75023591 218819511
202459050 290902477
194154722 204706849
112710481 206265018
28307930 63388747
146227568 104635672
243526148 271408723
576772422 504673471
290461640 78589191
78052604 39616
62909552 416437165
305332440 258881266
288636996 24067429
145948215 453917437
19364555 24501499
415544195 20293473
206628936 112879792
254408220 219145480
603274172 87488402
126611625 222748401
221088180 164575201
24009437 8897385
75452720 229147576
337868483 202979953
53784056 64163985
526119605 208479076
124726310 307394385
118407080 259675010
73186785 39990259
568933101 379450861
86299400 270664447
214381804 156819457
97955610 83658435
145138072 362286461
95683248 70969265
73343743 401576428
77415266 565307887
521628584 300602895
98619224 41912704
103704579 49900411
269206252 501911931
348571453 298386085
29245444 141061017
326281087 487610989
235236872 6416418
284559964 38327755
356493542 239175961
190783292 128135404
265559740 24458736
131520675 214259596
29779156 9795358
185615798 38684184
357796868 333854179
225462446 43410849
356756780 45820553
28906876 242096113
543417605 145200613
95304515 459238725
113255012 208194561
84744800 210950504
75389284 148857820
488293300 145205377
154428860 555991201
534134765 211377682
88283576 8965501
78286232 554716301
241584326 66586143
154419320 43220077
326575010 78801955
37572167 52261115
387033218 216272866
176680280 72165200
17384427 225658576
126158886 167063678
76501964 7160373
343336122 57106209
113295560 147633786
272048742 309845581
195300900 363597674
353559920 220830418
326147662 483990001
270841312 520318412
126387255 40261976
231983752 269243065
111646172 24468405
136476896 5116341
39148648 151718816
82626518 131534033
271734848 249604109
87947304 169901001
62642142 400261015
537484652 366524785
38831117 197142660
416280046 113266843
117461241 121912561
78469893 106926304
387022276 156934656
232935080 534316724
33389703 12850438
83543558 312217507
400681688 125843425
36057393 421138721
75122068 94713180
418010716 420800377
24680771 466369141
37268465 520356570
37319588 42791217
460878068 22396416
320114130 395736913
461191400 44396250
35994184 380775433
366941105 212721701
179735518 6895855
217957880 164839233
259453655 125993101
114799698 364877217
331983936 336598994
236106555 283617793
503108940 28884406
85294328 164042046
287830312 441919633
116394040 101813002
382260680 299362561
178493850 280646431
118018078 59807026
109511887 371928571
34524360 333519195
175449945 228046627
43149770 439033795
150167358 99936588
27462425 116516260
103770868 45346911
480914378 364847059
596605920 70075117
275990576 542879769
527008328 11294593
90849682 205017556
78274994 83323551
257189846 170457928
20857025 83384861
45348082 142811344
155218924 37079491
545052624 230987506
69649455 116390909
293854692 114780097
221183030 51816157
317269939 159260281
149662096 477610428
388337774 472155789
391202888 2188757
468646301 139822558
212927600 382471451
512405576 573254903
242959973 47348071
557524194 409481499
29919680 189186839
42174561 272763940
101779800 84263248
471121890 125578792
271225697 4882109
191993874 145733281
156753084 467272986
81706532 248166589
409608870 102726799
378210112 293676505
99623246 58424961
220833823 34493446
489137000 41044796
211606110 419795091
329259125 200915470
273884169 12170221
96423810 96135906
560007218 27624338
515277182 190480573
166213628 119003061
404997560 25960216
222753355 81909050
307589920 583803130
159462655 19202771
71949080 206450689
70279561 8518817
418409615 169709884
128962640 453039751
56780728 324297260
75327075 66397891
156643775 214910893
155933824 37661170
18829700 18178521
163107972 108479670
291638714 182037961
193100579 172339301
334369 2138
707302 3360
749350 5037
1488385 6566
1731727 18391
2194767 22097
2269395 28405
2421251 37217
4790512 39269
2717224 39291
2840153 47077
2963317 47634
3298247 48769
3303607 50855
3315439 51121
3328169 51421
3550388 57137
3556179 57321
3644721 61611
3776707 62617
3808218 62929
3842094 63553
3851755 64431
3999538 67711
4028383 70481
4125142 70801
4307137 76717
4465819 78330
4514794 80665
4765246 84417
19690954 85533
5071985 86721
5222377 90253
5327195 94137
5345424 96779
5630316 102990
5707938 103259
5824288 109986
5937225 110260
5944587 116276
10853833 120183
6056051 120513
6136508 131249
6505469 134321
24532553 142601
7017388 149841
7144637 151461
7195273 152779
16153220 158247
7430792 158431
10927277 161092
7641064 169159
7705084 169277
7825389 180291
12961313 189561
8381182 195789
8520507 202509
8530239 205971
8698195 206401
8920201 207390
33028860 211430
9096428 211479
9204599 222216
9641774 242761
9727906 247365
9737124 249021
10160740 253001
15114692 255391
10224042 260670
10377460 272897
10676671 273515
10748329 274333
36276997 281575
10863027 291430
7573661 295279
11108982 296271
11135067 305731
11171462 312810
15885685 316307
11198823 316967
11206058 320029
11223412 320193
11573376 327509
11660927 330301
11831565 334651
12313873 340171
12677751 345139
8017211 348938
13182598 349475
13698771 356801
15752020 357451
13997308 360926
18856720 366352
14222658 369001
14296839 373617
14510506 374496
14635237 374573
14703631 381169
14829385 384254
14933056 385431
10162993 386619
15311234 387132
15395501 388707
15472861 390925
34154939 392696
13795267 393791
11190994 400317
15926683 402873
15992082 403755
15993232 404265
7199023 421305
16166701 423611
16414386 427875
16443472 440566
17204902 444257
17796371 444877
17937286 447521
17940043 448305
17962790 451598
18200639 452790
18420720 459026
18456225 464884
14077824 469685
18870107 471017
19126204 475663
19150807 478651
19182034 479098
19397347 483315
19625601 488649
25528416 497516
19811478 504374
19862386 510567
29649580 515145
20438881 515721
20666748 517389
20720116 518121
20812392 518557
20968172 525121
21096952 526742
21158048 534541
21383675 535591
21903729 539241
21959336 542775
22757360 545943
22960742 546565
23160842 560139
23340773 577047
23507887 580821
23663531 585927
24119480 587977
24169105 594593
24186864 609133
24222939 623223
24239080 634325
24245800 634526
6941220 647976
24734639 648681
24862392 654159
15629902 655043
25290808 661031
2595787 666931
25547444 674465
25657354 675001
25734465 680061
25760047 682401
25893531 684415
25941706 686803
25996504 691134
26071936 697015
27139545 698949
27190729 700093
27265420 701311
27419226 701466
27478540 703287
27711528 706081
27737356 715895
27948942 720493
28035487 727001
28509494 728715
28680786 730019
28797091 733750
28884487 734113
29551861 752113
20027125 755707
30051841 759561
30239786 769834
30399423 775111
30467090 783881
30650542 786497
30956406 786803
31021034 789165
31079595 789817
31152325 792166
37288564 792892
31342840 793635
31527601 798711
31808944 798776
32719915 800813
32723281 801666
32841649 812041
8979805 817735
33041677 829181
33111198 831629
33309853 838465
33595641 838891
33810033 840833
24979688 843077
34203451 843387
34218944 843809
34644114 845441
34746316 846602
35491006 850129
35654165 856763
35988421 862769
36028984 869571
36198976 877751
6021079 879061
36476059 880121
36848011 886111
36943886 888321
37022164 891704
37026948 892121
37031627 899041
37098946 904101
37182204 904387
37242439 905925
37267379 910017
31318615 910860
37314574 920675
37346791 920838
37457670 924706
37614346 931711
37926331 935517
37958938 943811
38133082 946093
38195464 955521
38246040 959981
38284757 965940
38370239 967300
38605778 969029
38627673 973961
38791520 975921
39013150 978883
39291027 979731
39355596 981949
39383062 983366
39540467 991549
39593694 994301
39599521 996047
39804499 999213
250 250 408999850
740857150 123919128
504006920 9728051
531932257 550341
635979413 130147986
477209075 16485876
442651509 13340664
623399010 85819411
456931632 30154603
563842733 333207409
756131059 195361288
547923531 114425861
589713907 134667028
520581425 233865259
525529510 18493119
604102620 314375491
805516526 122706091
689263925 8838931
442308813 119889218
711139225 105174411
727128512 64282931
594811980 32999837
723985548 23879381
469797550 216168685
443100614 72279019
631943386 52293453
539225056 322541527
457908217 296357839
543542487 1409211
579298241 237907958
596034754 65252977
694773296 79189711
690602219 162652806
792259153 305563747
518002822 232314691
764476385 2285047
634760784 350314497
475517900 45320628
526498707 150032632
784531861 314115741
457446875 139827700
472742195 179215305
566372528 298525781
574318425 31686358
816827648 77755737
736815203 177973423
458421128 257587041
490340816 111614998
526123664 19643026
447365534 233826577
794987424 48242649
502909050 400441811
458668738 234689803
706656830 5246851
513285202 15252350
848395454 123265759
484128538 39715399
646640899 59548901
508134110 84831381
440774480 94656689
841529873 154099938
606824580 193770268
443351517 36245980
691244075 23324351
678717081 332024521
485059695 39828101
492185566 121468375
727327048 197646885
561660000 245198451
695329140 123427201
793379488 194717108
476951262 394495219
599633030 318309166
654689013 297608631
450988532 7382065
659652683 35252230
495210314 124607190
605408106 171097195
458332150 9814513
466709560 349056706
501276720 80490791
478328670 21090025
469144802 13650328
621560467 3203401
475182900 359080051
675439960 122002643
618680885 248617969
481922672 29305131
748497992 121313911
586519502 152698846
488201460 156144245
723383672 174444093
775062301 32281369
640531823 94868992
701969756 184341087
608987290 88756415
473298125 350157481
467178176 223187681
588172407 370722784
745371410 132777343
654566224 237082636
703828400 291442201
441408072 155137681
709517870 145323235
519496439 44002159
642807180 10107550
663807920 257514051
624230516 103986893
453223176 31615221
691411180 47887563
776247573 187209150
589453452 30125503
442351280 391549747
457246300 350158936
477069740 110885761
827907696 249038830
647928704 214162371
510482454 67910865
493709780 49663021
560148008 85005526
504736330 64527772
575039411 306534564
634349049 29304001
627551518 136955489
748538619 260887621
760892444 15869488
585630128 5821292
538274317 95485604
514342430 181031697
651122896 401110728
810302612 334251838
489315134 272517361
475470069 179129550
522592685 342760407
449626749 328132369
716988577 136463601
610126980 318570589
638691241 329832813
552572878 371725021
491619268 284266529
604344256 104189725
453856414 347076151
576688349 383611735
449091554 360945553
549715040 46627091
677761274 340880621
739364780 127862836
674918517 38925666
519809195 51244393
653371310 166543989
629119026 237063511
775679088 18137581
466042300 59270311
608923040 88054603
743578250 131780841
751350157 20362852
469327019 94950520
712878351 400760088
487870730 168678703
497064353 226518943
538871400 340537345
608112674 76352908
683713340 10780641
609262064 332390386
603273664 312564651
571723955 33290321
643449240 62334652
473775586 363268170
771099680 101877216
572765040 55648945
511935414 317590261
744262794 36583664
499156800 338090986
799931618 308939631
786168892 57529400
531974883 88117312
472721504 18596881
591126262 327617941
516317697 286657951
460778444 183656641
556206560 53610988
441911924 42889891
601806704 2478697
488853472 17050250
449327985 89960196
559253254 324661298
835359404 165810766
456694403 90844603
808503476 302220085
458645355 293065546
795757712 45202117
736749435 370708661
629814155 216954774
670708547 27988405
457505048 17681869
491738673 400054813
495094124 11053297
553068910 49751521
478368055 2493821
443661136 284775842
460258065 132213446
462768882 102931115
458000058 9855366
525013962 126559655
711909149 73160473
511036170 170072279
516705539 300026156
686340170 168131425
766451515 50718610
441288569 78966894
441455234 348376816
754015990 359293335
581359388 173935891
508496912 32393947
453739856 72016877
821205836 63369627
820858799 1230289
608164436 304698983
731251832 250069912
709411549 104648871
611537683 146266610
667161380 104328318
484405268 148316388
456554145 146454939
697823672 17770840
682467612 51063398
672827735 344392986
801014765 318533047
600948383 6071146
618088535 28539142
576330869 20957179
788632149 227248401
511832220 1817201
691700025 44666625
459051549 26213441
590210264 408665951
697518599 246588022
827934527 38770643
459929549 289653781
677027428 315418881
448678580 52248921
728589260 271405641
582837680 125929809
611146008 78809417
831905840 351284775
705129180 24614452
545338087 136921485
488222722 14399861
631354032 24596084
800185424 195403429
477473163 133740769
50926 8790
97602 10461
175288 10541
182020 11906
225732 17409
375514 23747
21197263 29901
477096 42227
550102 56483
26243524 58501
887237 61353
906229 68667
928194 81903
1094763 83606
6168478 86889
1183756 88257
1328670 103835
1664077 104765
1791068 106103
1882235 111305
1906168 121975
1931811 125617
1994175 126429
2110477 135761
2241553 136751
2287091 137414
2292793 147187
2606218 147401
2874580 150494
2945024 153347
3257648 155931
3553620 156658
3582345 164313
3621292 169637
3954403 180293
3977364 186529
4209834 192825
4236758 193646
4438824 204201
4605484 205883
7379872 212953
4933432 214265
4998280 217135
5056404 218188
5116759 221277
5156465 229501
5213909 229825
5244535 229921
5383471 240973
5757844 241296
5812547 241547
5979049 243041
14191465 244981
6033840 249555
1130467 249590
6337667 252839
6391253 253511
6472210 254676
6609907 255286
6624294 263601
6625228 270151
14220412 275329
9156334 278360
7317640 278700
4611880 279818
7407285 281419
7559416 290447
7611410 296943
7626262 298933
7647664 307398
20291563 307705
7769999 313545
7903066 317841
8052927 318902
8121885 321581
8341423 324949
8465066 332653
8815789 338401
8860023 339051
8871843 342935
23312521 344041
7079944 346277
9158743 351311
9160869 352486
9207907 354636
9273502 356928
9288293 369153
9332252 370445
14435400 372717
9660231 386851
9677407 386901
9781656 387322
9925375 389080
9997813 389569
10127253 391078
10130017 395764
10138401 401785
10207980 404693
10371460 405560
11106284 408287
21496975 415281
11145310 417985
11168488 422946
11408392 430039
11473195 437601
11550188 438153
11599117 443488
11870491 443566
12143593 445609
12349804 448477
12430189 452046
12516892 461115
12588652 462783
12625227 467753
12650763 467893
12732025 470675
12842128 471593
12860518 472881
12974344 473201
13003289 474657
769205 475999
13045359 481601
13114193 482349
13235878 493313
23346510 496521
13657288 498669
13665769 500965
13807891 502305
13821811 503021
13857947 503231
14072068 504031
14133043 508221
6010975 513201
6666229 523643
14267647 525067
14403993 528353
9453544 537697
14448061 538260
14667418 543462
14762979 545313
14900829 545585
15027407 551210
15039655 551731
15085462 556019
15139807 560584
15220285 566781
15242905 569543
15334833 576028
15635215 578749
15797860 592209
15817902 592777
16203976 596559
16207168 596783
16213808 605423
16224001 607941
16356202 609283
16376847 610649
16503799 612214
16518523 614981
16530483 616791
16565162 624264
16692835 627107
16726025 636101
16851487 640492
17079945 643776
17472664 648779
17674225 652437
17833315 654294
17914989 656497
17979475 659386
17984464 662501
18149341 666919
18473554 674338
18480205 676352
18780163 680749
18819996 688419
18889456 690113
18940172 691769
19011386 692031
19272931 692390
19529911 698459
19548394 704801
19566887 706962
19721422 708826
19899551 718656
20172298 718751
20260806 730823
7691782 733191
20574274 735265
20639456 739755
20669235 741806
20742151 746891
20836451 758369
20939293 765601
20975281 775323
21000266 782043
21176635 782808
473230 788659
21457834 788708
21483096 791463
11142321 792941
21670567 795501
25671120 813329
21912543 813785
21963676 815286
22052546 824561
22064902 845569
22227351 854443
22329221 855683
22523805 857176
22593902 860108
22629712 872028
22824234 875794
22857241 879102
22891437 887469
22901536 891014
22923189 891989
23050059 895381
23169276 895701
23245629 909500
9027618 910847
13382056 915137
23615701 915202
23818930 917304
24226777 917553
24521629 919035
24647207 919841
24866488 920737
24873898 924321
25051907 924821
25103849 925761
25213542 926932
26356372 928616
25259822 928726
25261626 929007
25641470 929761
21780571 931713
25729068 937541
25839233 942373
26057508 956970
13021210 968797
25238657 969661
26690460 975147
26748977 978547
26834145 979925
27037029 982859
27204049 984561
27604366 990841
27733375 996014
27747903 996777
250 250 718422586
114130070 309905441
294874092 136634372
734077139 351951562
229196975 24296997
190247060 340700733
140146265 253539753
30224274 587835171
207865619 13089469
347948840 112687923
90756320 50505676
26244923 83576281
292288263 155726593
36746372 472879569
268708783 128734881
164559499 41155961
145121061 84359969
27154479 209474990
101991515 387871936
109006277 304764249
89243834 156224594
70555964 603301271
199738385 561091994
380878587 466446828
91938521 251330001
510177440 26917888
708999819 371705181
50157740 30025717
692447063 74207156
139176844 642276366
212615278 8752681
303358703 278819443
360372287 67481750
593388617 35669355
167967419 354124541
51690280 328681465
351875637 130755241
59609303 127761138
143341419 132464212
346863119 173305651
83506629 148940947
513885238 401293991
338096090 220047075
106036733 129730955
110520523 280029681
659869421 635892229
30741256 84123781
116574401 175623058
322488903 578185390
108667975 565374799
43840959 403102381
130857835 726139
186655595 268009638
133658585 560294801
233261605 417942331
109674509 394811683
66988606 306828449
103772639 134150609
617325077 140259871
497347911 67333987
246876443 322012676
173344510 16687297
50297452 42970849
343848550 115654426
151368075 74082751
154600623 164812090
112734365 302991501
90860091 245668349
43953371 325011331
562608851 195706746
208844015 3598561
211618627 110607589
101568007 39246315
294001339 239812185
281417391 54499411
709066256 50123560
150559175 351405343
341233112 99239167
250219151 19208127
641850023 422317776
146442089 100119493
537941349 4856151
81840885 265573586
88213169 65663573
249060439 410292510
545517969 280758607
487516231 204572321
506915541 27124147
303958719 302615647
24881255 253187104
58504127 29230411
163301270 173744418
85670751 4061635
199328879 303977397
155128113 63752608
535957535 156189919
78667860 336901863
46148931 10364305
521645023 148454074
421331065 12053341
183595083 71790391
282252395 280356990
209196025 370715185
299690765 222792025
92153775 1053121
44660769 16871549
136052663 280304305
268611536 678805921
559174892 400175443
273524235 402099301
413399495 431462646
255440863 114379587
78180969 193593921
346358840 101533181
145838062 347749064
492337115 110827381
295526565 450575074
169572209 31967617
593198663 621323202
297320875 154031849
45273140 17284393
474622786 550185753
94124585 669319159
378086703 282705831
309051965 210074257
30707855 330937777
551723307 648957646
141750527 6072097
194921802 199358665
166748801 29686984
39617774 17448583
335967185 214834585
403332438 284128275
183135011 661882501
66472910 534857491
193495389 65566443
353119341 686847745
436529159 815023
357567848 186526090
461903015 372592783
297629237 491843206
78878452 247561777
100937231 220072109
289606280 281886918
66905585 368750595
125097591 562219841
26958987 184990387
107186128 145732714
62148713 103918763
563462847 392371252
629132943 23415379
47421942 17887101
165732285 132006482
85929466 129818625
315876347 183928127
240299925 493958947
113358895 289938886
455096940 52101895
81348082 605048809
283109711 424319011
96426235 358084945
161857014 251120215
257772911 375997807
385382627 177632093
231154870 437507467
349150199 6227737
504532805 464183281
33078758 10901681
280349402 102711757
494960891 44634230
139523670 46604041
585738879 309877614
514195286 363453592
363559045 120412734
386499035 55579482
463338065 458347353
167480623 22081473
126753917 275016703
299522465 175916491
627941240 198922059
237834663 129904165
371083417 41908299
83673067 178779239
324410439 158552261
44783873 10400272
120663134 307646821
517261553 694931896
94137815 607290231
60099595 144831457
463199090 643287
110782045 68300359
102070972 93987871
25326935 54720955
348675095 30320317
157816943 227283681
194983966 31584631
200295710 100061685
80471757 602256808
313755398 86237761
286179193 61631845
600519990 353860309
59979179 372788289
577563955 8283601
234570227 18866690
263136893 158578561
223323208 525525279
24441020 80777197
37640395 643041505
61877435 239745481
215158355 116644593
28928345 71403508
23620615 372297966
62954815 11985875
126830783 49169695
42379460 30653304
173746850 278741288
259093250 327442165
50095865 422868797
638139803 518725621
468985760 622184165
57658401 472105921
140885867 166090113
95966153 140897889
358094015 517470940
148777196 395960161
60392706 705041104
67267286 13785759
406072290 33266971
28625674 454370509
379215936 148272071
191899415 48327941
198088695 37145906
125337724 231448617
178727546 661644609
108654305 145976257
226694985 66236551
93059779 524363761
113053115 295694715
600767219 223253038
42529294 20576969
26341555 428465951
329669367 295172203
105750703 23166258
50912165 162014173
697196681 34851887
153318347 396003343
53275847 207984033
63844567 130976041
43614023 272858171
255890213 509694693
182693885 124923601
32804334 6085
309457 6966
726193 9929
732641 15741
765760 18261
1017921 21401
1032193 23008
1244367 29504
1261721 31361
1299145 32021
1303498 35221
1334551 36876
18340361 36981
1389407 38237
1449901 40183
1910988 43782
2311081 49157
2322959 58613
2354983 59905
2364194 60021
2471628 60441
2501682 68309
2827017 68851
2922505 72229
3399933 74711
3570392 77021
3686851 85113
3797233 85571
3874774 87707
4091977 87961
4655695 100276
5012806 103809
5037216 108857
5584897 116302
5755344 117158
5830729 137169
5928951 149801
6021839 153361
6204736 155959
6282827 156258
6295045 158456
6465560 162579
6522907 163719
14038331 169594
6680521 174993
6775943 182409
6778073 187879
6973972 189842
7059536 190571
7137687 191931
13881527 192886
7346988 194053
7395631 199921
7408066 200261
7522671 202305
7625467 203601
40028533 204521
7978305 209039
8047831 211795
8096641 214745
8295941 216629
8570473 217729
8920289 224673
9101231 232865
9337381 241327
9369479 243169
9784673 246103
10079435 246193
10421801 248421
10432707 253436
10594401 256569
10711599 257813
10720809 258340
10839591 261696
11031472 268501
11282570 274591
11520289 278321
11623401 281411
11821931 286357
12033089 286873
12154276 288586
12600900 303689
23684451 305446
12678021 312104
12726218 320161
12827341 331393
13216513 333029
13387031 333665
13390395 334347
13624207 337873
7185817 342446
13910045 343351
6527313 344157
14044669 344641
14354497 354105
14468446 355690
14644243 356892
15115891 365351
15419431 370526
15927719 370925
15928721 380065
16101648 382165
16155381 383951
16412419 395476
16506149 402641
16566351 411510
16895453 415759
16979269 422273
17240251 422726
17247922 426701
17544945 427153
17624295 448861
20114195 453241
17839631 453769
17929731 453851
18177109 455820
1342716 457937
18485443 458559
18699187 462349
18780283 465863
18899832 466197
19163341 472794
19398845 472948
19446315 474021
19730802 479689
19741031 482826
19814201 496813
19850833 498225
38219256 498365
20576466 498841
20579377 501682
21178799 510059
21223188 512281
21299105 513923
21302224 514865
22129777 514910
22538647 527386
22616573 533383
23273235 537426
23362320 541257
23417161 548802
23447091 550429
12608879 556161
42818921 557391
23936182 562937
24416610 563591
24481921 572674
24980861 575301
24991840 579199
25364529 596161
46909533 598126
25713925 601518
26042709 614300
26461930 617885
27327437 619565
27430988 621386
27752471 625497
27826461 629108
27918961 630064
27961915 633835
28094228 635907
28529370 637986
28542943 638795
28581171 646105
28596609 648629
28660913 652199
29056666 658981
29338322 659557
29444069 665681
29875148 671917
30369997 673683
30824401 675393
30867523 675551
31169927 682277
31409857 683469
31997066 686303
32022265 688126
32054170 695769
32126937 700889
32203909 700898
41720283 720911
33221571 725151
33296611 734084
33705625 734616
33739266 742345
33841348 744787
34155001 748172
34176136 749951
35105864 751141
35217551 751926
35389550 780461
35460818 781305
35654724 784415
35711421 785056
35749160 797670
35931168 798979
37413614 801521
36625086 810155
37042611 810841
36555835 812401
37734167 820389
38023419 822113
38034397 822837
38119978 824870
38194371 825956
17672134 826511
38579300 831126
38770397 842218
38771731 842409
39024279 843454
39433075 850161
39517495 850574
39522017 855677
39548819 856673
39563053 856885
7960242 862321
40032276 862471
40040981 864961
40344690 866760
40738452 867946
41267081 878047
41438539 884001
263831 884036
42151746 885393
42536338 891147
42573429 902529
23783423 915116
42984691 918887
43480171 926370
43702326 926842
43702483 927129
44435146 928551
44531784 933291
44608131 935016
44744731 942361
45406321 947445
45615241 947997
46353371 948989
46461273 959201
46512651 959354
46574765 959928
25511370 961601
47265431 962694
47724113 962824
47724331 968901
47837155 973205
47954805 979551
48181717 980094
48201973 988028
48665811 997701
250 250 100742272
554031793 100358321
500917153 55000955
521328836 32459677
516424229 52127558
499217163 14400882
582572092 52808756
572299196 28584830
507946323 5851194
591872708 75062091
522165771 26680926
587067675 61141899
507691616 22703739
540888466 32408758
583779984 57848911
562715505 67334831
547854664 34238486
532853572 37886389
514648384 97510511
512329378 70669845
498610081 30885489
564055299 75941305
514567041 93089041
505110734 24198621
594795380 91267437
531349802 46346581
529561888 38550701
508482833 8548523
508730648 34645801
558596558 48554143
547039796 5923513
534465950 71506923
513511866 97812311
574590841 61074534
527234251 46884975
503079612 55031745
549998267 6657834
551193586 16711131
567945189 32581961
499890649 65648578
548827839 54950644
585527354 58359297
511505821 21646137
534635122 11076827
539656008 6871097
505009215 82381442
513407708 37168788
510742194 4890497
510782214 22838097
549528515 7539025
507953216 54590928
495119284 99614077
502145980 68011930
583712004 40092825
509227785 75687317
494945383 18413609
519610672 28227905
567524598 37010191
591401497 28013657
581776244 21353938
562993306 21842833
573907078 19199885
532668796 73712605
578206644 57002094
583034204 17907650
502709930 67120149
593642736 44299837
509188408 11815471
512853295 87410643
510695408 83028443
520130524 19184451
579658502 92539551
594710592 89339141
500852380 46194833
552257524 53173009
530602374 32063799
521120435 74353257
532006772 69212282
594314567 15850794
505647346 83297505
515632038 22204033
584192764 69970143
572675544 21005088
499056481 11260257
532645120 25767601
579762671 96694245
534528568 74240327
533098823 15532487
558516778 36484945
585909867 52529681
582483748 15382585
557577804 1044321
508370219 84724861
583895681 12100077
497232224 45699401
504616323 56009181
572569292 3321050
536289179 6922503
588546828 19419463
511984950 1462529
496730837 85912483
530151306 84855741
570701773 10631482
567733255 53685637
506758156 33888537
497289690 95987894
498544756 82314016
531306080 12337252
520303048 41969199
540694047 86861462
536247578 36032649
561762969 41310951
499340229 89698001
556247787 96756343
534611762 51112272
579234068 64684395
504748654 7752133
527990065 50051482
581850496 66048633
507836770 61544611
547757745 72628457
574651159 30391726
583786117 92415659
574272824 100643823
529326040 86920652
528394857 64953991
557046578 34497415
508829982 7861747
552474142 30791679
553129683 70008449
549085147 61097569
569688091 28072713
587857818 7324528
583398219 23372141
570512516 94441794
533028627 45888377
535475939 96539482
585167611 32004707
518075651 47443861
557352130 30905731
495501135 74855439
496465100 15612422
521179511 78774685
538875910 61938335
523345782 64294149
520753586 34978757
550268885 87484508
554013942 4076641
509615625 75826417
551345783 31591592
536305468 100088493
551276518 10890257
582822364 46788669
577749300 24309697
554881236 40444259
572636725 100553468
582941079 59533037
505330741 87704546
544249527 2790585
589860795 38829220
551308718 75200977
559619870 18208039
504772307 46956924
567364619 25905954
530812805 5682331
501330220 97988166
543499424 88792465
503292193 3101531
518602692 20183024
573540076 73206119
503082995 4381755
506932069 14450173
582517790 3251059
549301659 18165287
560904786 53070473
526007017 97170993
561180980 32668432
503238499 29765761
530646070 29481577
557817175 18137805
503659814 1836571
500896239 58931125
571189967 89379151
549372859 48691489
524190023 4610294
534392581 6717463
533709328 8847629
504280016 93781564
508185254 4417875
537525983 83088232
497592509 56960031
555848228 28419700
583094106 6525613
577070416 38573065
588866545 34716046
561112040 97883184
534086998 8697769
563659696 82613645
496703914 60770089
511662695 65241729
540701945 68189441
540488642 4442747
536242355 13518128
519865240 18365629
505429279 46811197
576382618 40945674
592619317 48427021
580868963 51869279
559315515 3730215
535905169 42367911
520248352 22070301
503767170 76707953
559768536 54434741
533013873 2836891
528024223 75722161
559933276 64193484
534895385 61184625
541170457 24421969
504691564 22789786
494982579 24420175
562778948 65581185
558876920 39556131
584970697 18297201
565972812 8771037
549428127 47535885
524557291 19598817
524008972 39471267
552309769 99925787
507035860 62186545
524070092 29131793
537223699 44039164
525907282 64533119
527038226 64092593
576889518 82797388
581035267 72772145
515483938 74552913
498104756 39669594
528671355 97580245
541027160 82645251
530979391 85449181
505681043 28073703
495023356 34449329
499837295 89884459
530264953 1271533
573931337 53264449
533302634 37626885
580746399 96297697
590291357 41487950
581509732 65764370
570403569 36224628
581789499 31671025
4979098 6055
15887 11836
56538 23521
104659 26557
142202 28350
184058 29435
184998 35775
188087 37110
191485 37621
207483 41267
208192 46379
232873 48193
251914 51204
252748 51841
272358 54195
288378 57293
303997 58590
307110 62281
318253 63281
332770 72053
343568 86321
344171 87899
393401 88321
416548 99861
416796 100113
419378 111741
432226 113926
433956 118189
476158 118270
478141 118621
480637 118973
484435 122047
543763 125576
629089 127309
698119 131585
730880 136320
761531 139161
779217 141647
792604 148251
809896 152231
876916 154461
885736 163853
903346 166841
922724 173065
931822 177500
943537 184791
975973 189093
980407 201417
993923 202386
1003969 206881
1010338 211021
6084775 224053
1078313 229937
1128410 231801
2114629 233966
1238804 236705
1288480 240763
1345144 244575
1355659 248217
1397117 250031
1470883 251833
1494567 253399
1494758 254267
1517062 260291
1575415 262441
1588129 263713
1589316 264487
1592324 266661
1599676 273019
1609615 280654
1616287 283561
1632233 283984
1655746 294956
1716118 295601
1755832 298487
1987108 298530
1995989 304477
2042517 308017
2067887 312869
2085247 314964
2094309 323061
2106025 326371
1133270 327101
2121640 338097
2142579 340001
2163772 343165
2168991 344055
2174932 355529
2179940 358023
2251872 360700
2339014 362393
2411088 367289
2413328 370097
2432888 374131
2437252 374151
2474896 379721
2500706 380333
2544239 382278
2545801 386589
2555486 388676
2563175 390017
2592382 391517
2597650 392375
2627139 403361
2634437 406594
2692199 408355
2704708 408381
2737487 415245
2783578 418795
2788436 422821
2790431 428343
2890630 429917
2894389 435033
2909454 436886
2934694 444732
2936469 444865
2959048 456841
2994985 461779
5470044 474632
3004275 493881
3013336 500097
3023215 503461
3061602 504070
5074574 504485
3163576 507361
3216876 509517
3222265 517142
5262055 517748
3273891 519866
3313327 521915
3319699 529085
3327029 529662
3479569 538003
3567130 544521
3567130 545661
3645379 555899
3678370 558141
3685150 560699
3753050 561681
4391636 563654
3820736 568659
3868258 569879
4065874 570037
3895464 574285
3919980 578560
3935170 584086
4001347 585081
4004170 592661
4014905 595601
4059610 601889
3890405 605677
4102799 615663
4110520 620593
4124207 621302
4204186 623061
4230574 630228
4344695 634100
4355605 640225
3755683 649205
4394184 657648
4396280 659745
4413103 667001
4451047 668873
4516266 669450
4542868 670942
4551745 671114
4564762 672266
4572379 677541
4697209 681590
4698679 682340
4699313 683805
4704637 686849
4741971 692474
4742837 693222
4749191 698841
4814582 700606
4867651 701121
4894173 701721
4921501 703601
4967673 706801
1040116 708527
5011825 710694
5033356 710821
5063488 711673
3087835 712859
5103617 715937
5115580 720182
5117704 726169
5143578 735681
5161840 742936
5188770 743489
5191024 750001
5197588 750053
5230441 754881
3251949 759290
5321024 760575
5368987 762526
5377969 763249
5383131 767349
5391181 772625
2999118 773668
5497174 778769
5505992 788648
5508970 791729
5540320 801876
5542321 803329
5545839 810587
5558074 811758
5568722 812751
5595721 820491
5625880 820662
5644798 832388
5703859 834381
5745065 839123
5938270 839481
5958528 846783
5991404 847303
6027590 860506
6037669 862498
6081728 863561
11667 873273
6170399 874727
6177693 877389
6189027 880533
6203919 881299
6214321 883231
6245376 901911
6293660 905557
6296173 906351
6339195 935584
6391042 937179
6391747 937763
6404881 941647
6441097 943085
6459615 945755
6469887 949401
6490380 953571
6587554 956255
6588283 956801
6592576 957521
6606751 963085
6666539 966201
6676135 970025
6688583 971951
6750510 972653
6784147 976951
6790766 980353
6794128 980885
6797425 990409
6838708 990897
250 250 120594352
191417289 76695217
195455247 15299923
267294272 57560711
221920169 28704305
244596349 91247373
266977950 30621045
189904011 119229107
249669888 65099106
227860302 110435827
202279914 9027383
227450665 97074369
200377193 112269444
214727294 88825621
289971898 1756053
196472000 16082777
214144617 39096950
234881842 51537315
236027160 36657723
220416162 113551497
246320733 52322149
230804841 68673325
223651125 91585936
262009362 36107537
197727079 9453859
215742950 39018263
233846514 25365799
282460071 15159909
222952126 99012085
280362157 15327567
280543846 117751953
208173204 364519
251004042 108245820
216908678 49127424
251643283 94011168
262526546 119736883
209629782 28438874
242218197 79255448
191532477 82682707
226870434 7644911
271653495 36111151
219809816 26027689
251304240 43162977
255317433 97337160
305805212 33134609
204518387 18649408
251784935 46689659
194450311 82052495
239154501 41087641
290169921 873705
229157805 27033257
304166272 57880249
211478285 18988001
194246810 102042272
226707519 12421338
218522103 84702790
236759313 90816430
248592639 104250609
188418985 52562518
304949839 77560425
292350406 2077299
206160347 13272411
276402168 26268518
209899939 93818879
254767548 23684909
199334349 10879968
265479944 119108617
203611424 40291457
209566057 71200612
225158566 82041222
227366517 119428224
223550814 96093183
199889227 94265889
188524536 6895024
233139249 43402807
264474870 111721062
263698602 17969015
284446696 94639937
198730352 40630687
265264233 77194737
302720635 314713
251694835 23720675
253321615 34916833
234806584 49521005
304124524 107434985
210888614 69325425
200418270 28743079
215352963 93188393
267456198 27137497
234997371 35976569
240693299 76623733
251947868 19099875
266837931 13129143
211862844 586081
247016361 19873956
194564409 2745397
284715027 59961608
260304465 4835267
231504844 21904723
226647093 16980659
188708358 8785281
213981196 20990545
235115229 54834011
231294222 9299240
265546759 24270200
278268156 19035105
250471037 76035781
272326392 2000886
265859197 66918954
244733517 101552425
296798917 103793335
199164436 40779701
202706725 94567691
229247277 23437261
197789119 91228949
200091825 23308554
266087787 52390273
237304215 66450224
240958550 105229645
194309983 34667951
201495239 23767021
263870837 104139445
205883224 115929266
236474327 51404231
261005291 14008257
260162479 62084161
222613601 43422768
199579421 40536593
220421267 51084289
188224071 14798957
259562599 4440179
210694313 66789759
274079781 47442705
261121981 13595393
202471165 71574495
263952751 46245632
214985925 3605369
242154179 12527660
238228739 63172869
203405971 1817560
211179947 83676190
281161871 56154529
195854043 85126601
241481479 4600209
196572327 2428201
242617964 7487257
248774779 29414513
289734734 13764685
261990440 61971417
292575958 18149793
212267874 81298643
297782922 23448405
231887224 50988459
267958411 9470552
233301362 46506223
206196796 63639503
288113473 56069462
187649127 68095743
225915349 63433126
230005945 1851577
252985184 14530743
215282273 88104222
219425503 101166553
208328538 90499665
193006670 82692245
215840025 66051609
283755386 97005601
192131832 16296445
245264534 14546265
229809012 41010355
191532929 100425919
252964929 71194689
229023424 62954457
257922503 66470153
266655999 66650637
302997082 6181351
187222290 2594849
237109393 51375497
297726514 73006960
305016049 89092820
216385869 66079185
209710390 80738296
193776033 92961024
266675751 9045505
187348038 34829224
296878209 40903866
218649827 113158966
268516413 38205445
234226188 72501737
246329889 20625994
296680601 98187473
241651837 9555489
248488904 49502867
260167195 78965437
251317405 62039528
246779477 24075527
226886355 108087233
236156462 28242481
293064718 67888205
194424353 27038529
203359046 12047893
245776199 14865061
204626015 99108841
223445676 82908689
286141838 115327497
248009926 66829074
265946336 11280051
288177513 40078169
193692133 73827761
229061557 9341395
253157517 96452426
227150702 46366161
255750745 4635833
188574052 81632315
279840190 31473565
219310888 41637899
301760922 68000887
268496137 17833849
281576020 23065349
298719791 71456261
295017777 49475203
283587293 34847793
223503412 87620163
287236384 87009035
238799421 30059863
249819019 46252249
190801997 44666643
287843744 62861479
224906318 19565071
219208232 69518671
306224427 23953461
237913212 97779641
303923879 69139089
250541390 47164974
224778145 119759911
190076555 120173531
191194170 62129656
199937727 19483248
243801924 8173306
273526205 44848373
280296541 110775942
208156462 62745995
297043420 37468359
304603935 35580703
210796772 90655569
267436191 16959553
249200345 116901430
254198623 52929921
273749737 102676082
295065678 25361689
201668299 24788285
108206 2367
171682 3545
176422 18051
227351 20106
256789 21377
267105 28857
314587 30406
319691 34945
341204 35697
426504 37661
742844 41260
530813 43181
583288 46155
587269 47126
592028 49671
596201 50311
607605 52683
688747 63681
737586 67297
738738 68285
470829 76385
762487 76826
775115 80537
881187 81536
881241 87057
898489 87772
902812 89407
915387 89639
927991 90909
951141 91046
978360 91451
1000351 92001
1095431 99633
1121198 105079
1147729 111895
1155022 114251
1198831 116829
1242229 117649
1259758 122561
1306347 132532
8023597 137074
1366451 137753
1393778 146977
1418005 158641
1532991 168377
1553165 172090
1568693 175361
1602131 176769
1611907 178021
1710451 181276
1735527 186649
1740579 190823
1770125 193961
1771064 195401
1961223 195481
2093237 207434
2169492 213493
2261416 219070
2266720 224305
2352029 225417
2380324 235497
2429370 235959
2431751 239798
2446613 241112
2532650 243169
2557071 251911
2568403 256395
2627850 279406
2659827 282978
2724234 286200
2779792 286689
2790930 287073
2955662 288793
2974743 288843
3861859 294656
3031063 297237
7432204 299831
3078249 301161
3080075 308801
3085380 309647
5342306 311944
3129119 313131
3171109 318376
3171890 320251
3184970 323727
3211192 324637
3212721 328462
3254289 332215
3276497 334501
3282670 337901
3295831 341651
3296951 342745
3333962 343621
3466279 347441
3545878 355726
3609395 380826
3614200 383699
3619323 384231
3651106 384269
3667182 385123
3672167 391401
3694345 401921
3728537 404345
3737079 409126
3771910 411649
3799505 420301
3839028 426339
4867058 435063
3907819 439201
3970325 450756
3988114 457301
4027312 457661
4055684 461267
4116887 464227
4125478 465809
4138958 465885
4142849 475126
4165050 479751
4246033 482009
4277669 485186
4279376 496025
4280958 503846
4351320 505371
4372729 514433
4401421 516597
4486768 517416
4508217 522456
4565188 522953
4597423 528782
4655442 530856
4669317 537936
4698179 539776
4747387 540800
4790643 542828
2998656 542893
4867902 548527
4973675 549345
4989655 550191
4991759 554761
5005470 559231
5015948 559704
5131530 566950
5145799 573796
5155931 576990
5178825 579548
5183794 594259
5223145 599206
5232608 603226
5240439 605689
5287766 607017
5321496 607092
3112059 608177
5376285 615670
5410489 625857
5445202 631612
5446581 633921
5448631 641526
5477383 643046
5498462 648851
5521204 650884
5525051 654761
5546085 660351
5561368 672452
5563639 681019
5710135 682487
5718923 682753
5753386 685241
5758905 689679
5788161 690601
5828754 692154
5831647 696178
5897013 696763
5908596 698756
5921651 714097
5943283 721850
5974316 722097
5981836 741165
6035076 742798
6139073 751726
6160193 754697
6160754 760906
6223488 760944
6263293 761065
6370729 765802
6389309 768705
6436274 773281
6438817 776003
6440129 780681
6460171 781105
6499475 785312
6514027 791313
6543547 792255
6562990 793047
6571453 797641
6593635 803841
6600379 804001
6624867 806104
6651472 809317
6661702 814901
6666875 826027
6669264 828093
6703101 830115
6737403 830217
6760814 830485
6808186 831109
6867134 832201
6867154 835583
6951158 841421
6965462 846723
7009668 846851
7022882 847681
7028280 850209
7098383 859229
7123831 860911
7190785 882651
7248035 885607
7346116 885694
7368475 893681
7374260 902273
7413129 909467
3069792 910811
7464681 914211
7467985 915401
7495106 916313
7497402 922007
7521225 922518
7545693 925117
7615664 932401
7617821 937821
7713076 942369
7751094 945021
7778581 946681
7791177 955493
7801130 955791
7867392 955859
7886856 956365
7942615 957051
7993154 962009
8000157 963633
8023412 965351
1344421 966649
8048044 976641
8049815 978133
8062732 978811
8077250 981641
8081093 981873
8088534 987341
8116117 989773
8132083 993793
8179048 993902
250 250 305660830
594835666 260242336
476672645 157204120
764312865 233663341
677605317 215956263
754447156 81275571
643729981 86321027
587534921 75496501
462572338 6213985
489646621 10124371
500157625 81784843
657046309 64548106
709592687 216533465
709697296 20781491
608024786 67672995
674002810 40611583
509995050 142947595
540842811 2817193
475060151 299864535
710352781 29902015
485942391 103895049
566610873 12812665
582917918 37341569
520207955 270035226
503716120 73998451
464287132 244734358
511394196 100142156
509789342 42001996
718444565 304747125
564612557 189923007
535060852 12508601
526176457 132603719
499081576 111858236
757728952 147039281
635851960 148730353
670426405 223578787
498733552 64317364
731453465 162232613
580331176 39291944
460578989 100324401
482134292 22366901
648011176 257584757
516240600 172643613
699493456 44112727
686789174 26640163
485352368 22047563
727493586 186338055
492916508 228108099
675409061 87819467
510321590 82601754
485655286 215252209
748272118 246560307
594620040 10577596
483053519 83749273
557242656 45736493
523172206 118108001
462535747 188644501
678853515 74729729
657009976 153934593
481384600 70727229
524967829 37417879
540222908 289927237
517455769 51020353
579318175 156681097
495726184 71094895
461627315 53044421
503000086 254384045
683610920 30664873
696365020 5699220
487467193 57422267
527985732 150734043
617281004 62053477
628922033 123086705
658158921 43224553
605934652 217890217
507927112 229968316
541289239 155937934
495864078 16201293
516760596 60880249
652308222 166412212
475726244 133552043
760795065 43003747
626267185 32632447
719351322 93743377
553055344 3710387
631447852 151606133
688027403 82583891
720356792 37419941
634765166 39922729
481087916 46966992
483282058 83529663
494901783 83965213
527447509 155072656
474555953 38019693
661337122 194059540
587496604 104947865
555922426 53774863
544698736 227046931
463901411 118798050
503134616 33253720
669553133 192673417
555086880 218176791
483072199 212806203
487602921 209082063
478475789 27897795
709547986 1896392
573617727 10706525
715683130 119171881
550018096 302334271
596657552 290553121
459300077 171725713
669887692 235491646
466672221 58054419
594688970 31685473
513688002 6491229
561709302 260802299
498711678 305055316
634907631 46296181
572160655 253238451
478993942 29824144
751754764 176761061
581387692 69679733
543744628 141753491
691142605 148383625
653360846 274981001
482239843 191811562
662938066 284940655
554250446 128141937
515344153 305395323
640920205 50533561
503183982 152173813
556852394 247932769
608467363 175493
530399706 63910296
590489221 66614617
705625480 93713126
588570239 80356131
731139901 166844346
536808501 204379450
512466796 28188161
476320276 274271413
618853489 25047941
703814416 172203253
729391937 195182381
630572968 37963011
467770031 215075742
492871762 299390127
479910294 205719151
602125912 239063645
618067024 43283241
700941539 146061941
715582174 119453679
670318860 43386792
467018732 90572717
647355665 4620977
482044858 303631093
516658416 269499121
590731816 146901771
557814762 220204871
522403885 126712353
604163032 5316501
556296747 154684341
687334896 11442472
605089381 682633
724909625 5342564
591539684 55767499
586511472 145457161
538589771 222483726
532723136 216025311
493590046 44992545
557606084 10742377
492285418 137618511
542606370 37071580
472433504 135972838
644474082 254362559
689134162 170201629
641431896 34038551
669100940 145236835
474130805 26822612
564680782 209456713
673084756 74051220
541457716 247816524
572477536 188126401
521380357 197386071
474882674 31928051
640602124 20750997
760116169 254580099
557540051 266685955
729555222 270783877
534785291 220935945
606858196 166861236
691079716 152061795
481277318 25494001
668578336 198244377
564423784 26936457
682150939 99275897
469669840 11402666
513083419 291097210
725249560 189195670
577486400 122871341
665124605 227454591
497724724 153299089
512711953 100680981
760669498 90787011
509250666 78398003
503204520 121591392
496317601 142261443
689048571 23619487
566137888 120888107
534989638 78988269
599393513 241044091
689901910 251971587
476022556 219272693
589183884 22078932
488475702 36461963
512595704 85282066
759621562 101608079
682410940 79863841
559807603 80557731
460749532 180094876
473024506 214622355
492978146 294099118
573140308 22166081
562269896 188978245
546588322 31898629
463295796 87088981
619129194 158653371
619086452 42852611
526929665 97670945
584630190 126668937
530789291 186323781
712256478 135749175
506221276 80741316
482002755 12005458
588059315 286302338
478088431 304843001
657927493 170601874
488952172 220645129
618512924 132516977
764098770 98724277
627523056 279356296
494645968 143728402
478862575 266697283
498826916 55155071
701226754 23766940
605017123 65611505
741499128 140414755
507429024 3427321
526259231 38569409
694874389 82406308
714312396 23988049
2411239 2438
106873 13990
198273 14094
256329 15781
321037 18068
370559 18640
489316 21375
613196 23179
645015 26701
746925 31258
899232 33923
1110328 40181
1354723 40313
1483806 40837
1605192 50180
1627547 58571
1790177 67969
1890967 77054
1943114 86266
1960740 99329
1966048 105016
1974690 106113
2151307 107017
2177661 114461
2283505 120804
2364562 122237
21394 127221
2446335 128573
2596624 128826
2656972 130803
2689697 134469
2980544 134561
3001408 135530
3159602 136395
3297893 143596
3383811 143945
3440536 155493
3448654 162529
3512797 183545
3655201 184157
3777830 184401
3798151 184641
3800853 189134
3805106 190286
3880612 196579
3973955 197817
4119212 198065
4258793 207299
4376016 208301
4422243 208601
4436065 209601
4731928 210027
4752058 210620
4808518 210701
4845429 213643
5232082 214293
13631058 226369
5603417 230149
6000457 239681
6007954 241597
6148204 249073
6228335 249133
6233669 249521
6266853 249935
6342040 253305
6480198 255277
6517461 256823
6544989 263630
6545488 267561
6588206 268245
6825394 276004
6935504 287366
6964281 287537
6980114 298434
7046673 306425
7163190 310077
7173090 314070
7214885 318576
7251517 319159
7295435 319896
7331534 320469
7421115 327511
7438946 330738
7697382 338185
7721543 343593
7732924 347753
7930838 349205
7964153 352902
7980105 356485
8061041 359593
8096761 368723
8142853 369351
8317915 378889
8347868 392175
8510689 394251
8542635 398573
8566049 403573
8574082 407516
8586090 409441
8620869 410551
8629369 411699
8647978 412905
8697426 421649
8726645 424881
8768275 428727
8962015 433295
8980845 436497
9337444 445171
9428285 446690
9435086 454801
9479706 458749
9512098 461393
9588888 483961
9783250 485601
10178748 490065
10226487 492547
10264771 496907
10274019 500899
10369813 502721
10575837 508631
10944418 516749
11089963 516991
11157982 518751
11163762 524480
11279450 534237
11428566 534856
11447644 535536
11469204 537998
11674434 541777
11690971 542873
11691787 549937
11882671 551510
19564050 569985
12484907 574095
12506105 575643
12610088 577144
12751111 577265
12804962 578927
12854585 585241
12972520 586041
13187039 593025
13252772 602001
13309851 604765
13366051 605501
13451593 609492
13487317 610177
13515893 614621
13566553 619321
5594182 621641
14099223 627681
14114098 629889
14144454 630703
14170622 632568
14209817 644061
14315065 644342
14444614 644961
14498392 645335
14532994 645665
14537202 651006
14688267 651276
15004352 651521
15021823 659623
15064333 659915
15066216 661761
15158047 664617
15293330 668151
15319282 668756
15328924 675825
15342683 679599
15353406 681670
15374854 683695
15453152 684635
15522057 688842
15619360 691087
15628568 692631
15665667 694433
15717422 703609
15737922 707022
15795879 711857
15852921 716703
15857268 717597
15895052 725951
16008482 727681
16013205 728203
16054571 731891
16072387 732751
16120642 740937
16125946 742500
16171256 743293
16358107 750533
16600211 751584
16630475 756658
16728571 757097
17026224 768932
17046574 771499
17107659 771799
17150836 773313
17536647 774783
17625643 781116
17628972 783511
17646684 785523
17751448 786439
17815202 789803
17817657 790159
17831541 791224
17835290 793826
18227189 798199
18265755 814363
18266075 814549
18317982 817521
18323148 818349
18350664 822279
18371684 824745
18377505 825365
18378396 828592
18579323 849637
18636080 854249
18766135 857633
18799452 868482
18826423 870777
18877454 871011
19001238 881201
19101903 899742
19120542 900353
19143464 901362
19368518 903641
19369378 908353
19446805 909662
19453668 910176
19494060 915577
11949476 922477
19622085 938431
19660561 938835
19706640 938848
19728271 939676
19820491 942171
19830368 944687
19855396 955701
19900493 958045
19925041 961391
19925848 962905
20194605 968805
20316928 970001
20335910 974237
20421656 984238
20493480 986353
20717155 987704
20728587 988437
20754055 995894
20762305 996096
250 250 138757027
702148292 93374437
687949385 75963801
755726040 1473891
753250014 55315263
723219732 32951202
725512772 94772821
796523064 85846489
684415880 73019300
750551560 41950555
755397265 35580575
731798528 30375755
720050090 68626247
802268145 19964780
697859900 75162561
764240892 5749263
728588444 21931059
730536188 26797393
717054040 49815160
678598445 69181636
743584412 97331649
762828324 23402378
779253360 55095803
683999201 108725759
749214017 11154545
789770534 80187690
704585434 54069571
800274146 18447760
688891468 10115540
758532868 129909940
741839087 81882622
759346508 134440286
760748548 3325853
706742645 12420907
797746891 68903207
724021530 128380634
711973694 43151851
798941842 9888966
695374928 41461338
700948293 60415201
794339248 61386571
749595497 90050469
724479473 66617045
800328149 13344241
762578248 13429614
789446315 79651791
688337086 37219901
736192154 21469858
733211105 113456862
690891741 15493784
688413702 74337207
692512500 40223837
675991792 103649190
730259500 46065762
805980433 93281512
720151391 114426340
681704515 45431377
781662810 94901651
746982234 81661008
769362294 70101741
725482646 118736801
688056590 4727055
760589858 103019137
724488264 74880205
670946726 94158814
728136068 116091336
669480440 103232739
707431164 68106945
771269480 93019531
779888898 18562711
704362670 79567333
763466192 29516893
700202644 38428285
690345066 46829105
739743130 86831502
793414207 101256714
693923704 120337071
780548103 16536795
691454614 958366
756540008 81329367
675915848 20212693
728686120 36633244
679259959 93852536
721508592 73751966
686567084 57092681
736828724 53062174
712931648 111656519
803816772 87333445
751310952 111873936
736004189 118801660
735911335 77275369
670837702 53624639
716900418 137955457
755512416 31481897
787777404 19995646
732361540 12879525
773964620 78261815
779693210 30109798
703227900 63109580
708220970 115692956
802447582 25580172
725354151 55925765
676198770 79173455
691391797 52436493
764249274 133453579
788391775 35463047
777267280 111386563
683657172 109997464
670206936 67101213
672150653 135256237
725577306 26098333
735862108 82995940
792738328 27391699
760187466 44406611
688225186 4859299
722558298 100760137
682572600 104093683
728227008 53588561
674405754 9765142
696898298 115455702
689460104 57970333
766775494 35794524
784225005 99653191
764664708 32721434
695400160 116957087
743250864 108027848
677492756 137754843
768035712 15655530
761287267 81573546
704499048 7914725
782965808 79081921
718092885 8399935
723892528 93843649
667989320 79430311
779257069 29178280
766699244 66935121
688209460 42065870
725480648 87425377
772846163 78559326
703560664 113748061
694501068 75569521
675920756 66970847
687819130 95136571
669077122 94841320
725788244 17981345
675622920 99448091
739888359 52113183
692100076 112117584
741124364 100097993
697308856 94079181
724925541 9647639
802313070 36670282
686492262 62914651
687266156 53490027
730834424 112322161
775212834 104890633
687673952 31793025
740068340 76314349
704481272 76109790
771750100 80721294
718235874 9298099
735776032 32830845
725298440 5715565
711932744 122850256
685621830 85130700
780129023 87666453
671869768 86952066
715012582 54408949
774644472 4121883
747987242 23880964
700994682 110354464
766555905 12474439
704188840 56559278
738272968 45175857
700275320 97662340
674798011 12163140
750043380 85668372
725298904 16326606
750227511 27695221
672133110 6376605
743406188 31077811
797735567 20990445
737266262 50543407
782935948 27992635
689400446 64005945
703903120 13902085
800328179 67788787
799083718 110426104
700795926 1923585
722644114 28236276
718649702 24407366
709148384 63580783
711259344 123812274
756552554 126930386
713588152 14792229
702568451 74196301
798376075 3960001
721383768 69946406
695773800 119539261
736786843 41780465
726856308 28786850
676468303 37390155
719730932 24149633
757376123 104218461
685377136 41719143
693318953 64428851
713361604 46277169
755203320 89741860
748820586 12099142
788498054 37559856
676069746 59615039
776149523 59696361
781585711 70867706
681332949 19006615
724740007 105731824
694027060 90244951
680318072 92091843
766081352 130213633
770181272 40011916
672931266 38304309
683082181 108007064
693564853 248996
673790760 50038397
764209752 78017145
749062285 4450321
793000480 3502501
707375218 28036037
731002544 76803024
720164621 36765132
676010580 90053987
773358760 21411354
755827887 70213360
770004210 81534289
779878537 82600851
673849348 93428134
711122624 63118365
771366476 122728126
780247052 26783564
693196625 4801541
774415600 37767606
759818644 130390861
752770458 96130753
711554488 94020020
772955650 88143494
696639296 1286961
761908964 7693278
707835788 18675285
672424536 126061131
724852808 33880502
692568282 136322366
712454322 135410755
5361 2561
7921 5690
18779 8161
28603 8925
35841 16565
50119 19316
65470 27141
66561 28181
71385 28719
105025 33065
185961 35404
213281 43129
218839 43289
247279 44038
352562 45014
362877 46817
390109 51456
395347 62041
412441 62367
503449 62728
564062 68813
591105 74187
594749 83873
631921 89080
696013 93376
767905 103871
806693 105278
822921 105665
944664 105724
953895 107187
955801 108589
982677 109248
1081253 110126
1247459 112804
1267664 113332
1297601 117219
1306885 121126
1333489 134401
1339938 139521
1364489 140075
1403723 146265
1417849 151492
1453843 156249
1524705 156314
1528737 157441
1594929 158077
1606342 162445
1613969 166030
1633793 166931
1672325 168400
1733761 171519
1821929 177044
1841491 181811
1873011 182350
1878247 184227
1927493 192025
1937693 198381
1985343 204177
2005869 211097
2048733 213019
2050291 213475
2093377 225453
2093485 240406
2232834 242870
2244474 248391
2379629 250185
2423432 250451
2431210 256097
2466241 275781
2477581 276991
2500468 285675
2622450 290449
2691176 302472
2728781 302869
2746977 302869
2782885 307865
2801527 312365
2816765 314569
2863060 315473
2872270 317279
2940113 317981
2965601 326836
3020289 330639
3028951 331833
3043689 340621
3101101 342185
3148065 345956
3193291 348905
3222763 351773
3255781 355807
3343177 367513
3508273 380268
3532897 406226
3534849 409935
3537968 412797
3580591 415106
3590073 415381
3606274 417193
3743933 417851
3795710 421617
3859843 433323
3876028 434835
3876107 441006
3905886 442401
3985762 442761
3990425 443317
4039050 446686
4046971 452993
4070917 454455
4102869 455781
4105004 457246
4107349 458641
4208123 462179
4227805 462327
4241056 470993
4284195 471649
4364563 473983
4402200 475293
4406017 478296
4407667 487818
4434431 488513
4442041 492819
4491031 495674
4532837 496871
4555119 497921
4636053 498347
4646105 504401
4730353 511361
4824739 511522
4845585 517289
4999958 523637
5028465 527464
5042654 527699
5047925 528145
5065133 530043
5071469 530816
5079455 532581
5120917 538281
5144936 539721
5281565 546338
5299945 550265
5333643 551431
5443845 553537
5462033 555601
5476805 555659
5490942 555753
5493367 555793
5533229 556484
5536652 560449
5561353 569427
5583447 570781
5630834 571354
5636251 575317
5646922 586014
5651139 595429
5682611 597421
5716088 597641
5727035 598141
5746541 599921
5776131 601193
5854371 601357
5936581 601505
5951098 601902
5954973 601961
5976870 612202
6010195 618916
6035859 624500
6055073 633665
6100025 634976
6166477 635440
6181153 639089
6204449 639365
6241139 642351
6251369 643317
6357033 646310
6385567 647216
6394697 650805
6401457 654857
6412835 660673
6421421 669296
6594890 674315
6621610 676825
6646303 678326
6663681 681231
6706335 683521
6711433 692794
6714985 697385
6810745 711780
6848637 719159
6969201 720141
6998958 730541
7075189 738306
7112567 740332
7162233 742162
7240049 744211
7259710 745241
7341446 762011
7384507 764200
7443006 770858
7465273 771025
7514680 771241
7556437 784676
7633513 785265
7637537 785961
7641119 786729
7693531 795549
7724793 802251
7744113 812585
7760977 814628
7957616 815623
8037305 836939
8120205 842978
8170021 844544
8193246 847683
8205321 848284
8210991 848522
8222002 858295
8225737 858587
8255561 871021
8256527 875570
8269077 878401
8464221 892573
8499553 893459
8532553 903645
8597847 911845
8665139 912441
8724760 912613
8764327 913553
8823838 914482
8831185 919911
8932585 921921
8980744 934241
8982060 941213
9028905 944193
9058275 944971
9068037 947177
9123921 949201
9217981 953785
9220658 956463
9226593 957151
9227237 959205
9248751 959503
9255619 959845
9293118 963709
9293765 969935
9300081 970372
9326208 975414
9409189 981247
9423937 984181
9433513 987036
