10
5 5 202708913
376687524 41930911
267990912 58604300
413796592 127865739
317390420 49996909
269283341 68693535
4120627 507107
5287503 571978
24591851 737910
58846079 865825
106609135 945382
5 5 274227413
668694363 120188522
606480003 77748231
585863451 260631627
525449243 41162679
636963533 133592581
3423013 18817
19389709 62925
48065650 231141
110379349 247071
133505884 638079
5 5 71314781
469825470 5791873
476969520 203739
436121528 2132983
433644153 16030073
433752030 47921366
3454717 176998
13705773 649766
23542489 841501
38156537 876009
41881225 976881
5 5 407568158
397344955 34359781
493228873 94972609
635989515 19461691
606163478 33222641
336225319 41764906
1399453 317253
48175399 387829
59374135 585419
60441681 717151
191279881 847993
5 5 337447149
388755660 43792921
432959240 170673049
395680766 106579009
556363522 66230518
572385659 177444703
8810641 253665
47468789 484181
66017757 515071
91250867 670014
111961557 944609
5 5 199047477
885052626 2232673
888871570 58199034
833325055 120270747
779535596 5596352
797326152 449111
20898931 94461
31157296 133241
33333118 514401
42202912 563221
88073377 749187
5 5 745997126
492986995 388086785
259076944 475753701
426075494 24732801
80592684 172054590
670660589 381724255
16175041 209758
51316139 284576
67907521 752683
97509694 822601
197206276 877125
5 5 193614610
616800800 39042091
635804746 67305077
721175225 56526801
726549633 62626909
646286810 98426629
4516429 183589
20273155 683452
31911156 704001
54534397 918084
67970155 923905
5 5 203107845
501489848 116346148
379420118 14595365
496232565 43707908
438064281 78550033
393442329 118523701
45998849 59609
52996357 91577
90799192 132213
93508527 371574
120483180 546836
5 5 409043120
304170599 47321539
328212307 23459392
112731182 204621007
129783194 108659135
94977208 247110913
16467105 363276
18370917 396111
56254837 532740
58894733 668751
167782687 996435
