10
250 250 352004626
407528550 122065020
360411245 123617638
227846850 209483991
425823849 8267175
224093589 138732825
289286883 29607361
383569124 18598816
374283598 19449376
337017020 247608877
410761885 234891965
284142114 284911081
193975197 7728173
393843852 69078439
442192493 111396525
186429272 348868459
166907878 75101347
516127990 196204702
299748117 66392643
380435832 13137682
387800180 269244464
244063116 173374545
203534974 322635682
351881288 205982367
454303729 80435476
428244072 17726208
227804458 7821133
392478637 291007081
180818334 1010114
221014104 29551457
480462268 303323126
264563648 13553007
195725762 9534505
219970982 12281515
375241624 139149825
314124214 321259501
380908430 107642697
183141816 5738445
311700116 108382185
301742808 148673977
194332008 46817866
428114635 232917620
360802140 146030775
294136462 153169859
294893061 200547693
416573099 5957805
183620232 101723321
335655900 15281211
266255712 174327445
239576328 51842323
237691058 209623113
188473560 146504125
413210814 179954886
374419424 126320221
170218160 54842609
186049360 6224527
307879368 197662501
355019234 127824617
332893715 120567515
263267593 149837986
188324328 185248649
423909662 137300553
214123320 346983649
172929372 30026515
456458952 81010689
204729078 348140888
509946640 19793203
303561239 105512779
348544647 95350975
460977166 199254721
316433412 307410140
260455861 16641253
174172284 276084393
419891386 4353638
204386546 218675017
198733717 334887058
202977827 11651907
481945928 49717926
374541048 25018389
331583573 320881767
341247618 200402550
196416733 4240744
244997928 275208193
203790562 93823540
179918640 110726175
269421817 350696287
245905122 311406313
238551570 110470606
455216005 188641311
287309988 60973290
248997078 341731939
380631703 148164661
235856303 18590797
264533316 14781569
403031382 188908930
231322048 39210105
355029001 98328891
339102170 180175139
437367420 40473973
259763196 199109712
297644997 351613851
296274084 4690231
504586765 324181819
252743418 313238724
194581011 168773679
344067685 99949805
233007574 67204661
193947690 182667701
306439272 335029969
501267272 31859731
490264200 49256157
334543770 218313117
256286956 309604125
175685032 46824249
192209344 66243289
204667733 230669115
167921544 32043001
249504448 126019465
352245460 85284449
314210552 170913086
245787360 198119103
415600691 4768529
255367154 232674251
242937367 223971131
398562660 141469713
346454820 58339486
236158560 62023231
238121673 159241585
405771962 135877445
414240484 89967829
431184650 162279148
367171040 142459200
329431755 15200497
168812566 80629947
174512580 318270057
514666152 135472561
186371585 103277653
316306093 11807041
336949896 119413049
372175724 254809
399474675 120862501
447832652 170556475
440890200 40172095
241531294 11024841
343165160 201866649
424392982 133377135
508699398 32382567
285660055 1582459
204855206 312703341
303621512 5477809
265974446 109936379
516328120 158484505
510518853 76463901
479486610 8307284
243692472 42358890
360149946 69605217
265294725 66360001
292673010 304453801
325119900 307783126
228389055 255284733
399881377 123985427
454318866 199528993
204696388 173424525
212395132 65691423
407309327 83510025
166195224 267618159
187480739 300930645
454858591 290406705
324401784 129681222
325511365 176053632
199709592 263019769
275393892 199363294
168607381 139678691
334412173 297978801
290224360 148297164
414541530 308624889
378383147 203392495
230006644 232503000
235985503 66590689
420278103 31238809
281271276 756701
196519741 93087140
184681392 216314087
234050824 39524521
195676952 14551613
286375632 112861671
205822254 266172481
335761300 36978337
236481810 207362768
346649409 268151124
188476200 6689985
307423816 52195696
166914696 127896601
443173557 15186941
231316417 183054680
308120892 297917569
196671780 72488841
198322410 54846316
358650373 188852985
361215223 322483681
442576904 91125793
320541830 201108502
311711904 8345086
255453674 19514356
280770542 79437036
246520935 153934335
269886540 147284116
362713824 345626337
166963452 326623681
193777960 101174265
420201210 20235091
512557976 328669363
242810849 107374087
179342446 312633962
222881293 274196126
294249067 25507315
178509780 17568125
423259146 19642784
322825090 154648367
402002566 221820061
296083880 38433271
215501832 170363247
349625098 88923138
461042743 159967861
437960656 74949421
195717188 167494055
481332033 140079425
313400438 91333479
190799268 67224185
384743892 12702631
240714744 18522917
458375713 310548789
418654623 177610455
359705615 345977609
389680868 16694025
448629873 284863755
261831193 14542966
210923554 31755366
362474670 46519055
511580040 50476650
240345531 214073353
378115029 72565793
458882001 175229065
289930784 212695054
367828440 96379703
236883855 94037970
272377840 229083401
213988176 183678001
277945034 2380553
407615674 379873
281944368 343624538
55699 4266
126479 5691
257779 6553
286468 20601
12048947 25211
771967 26497
3612265 26741
2881364 27506
934501 27521
1066963 31601
1072333 34631
1214209 40069
1262647 40773
1369489 42573
1491904 43017
1592799 51701
10415565 54074
1687287 55057
1719811 55767
1732315 58849
1777005 59757
1791833 64163
1799816 67149
2126773 67881
2207147 72014
12984964 84541
2264993 87047
2402597 93045
2669980 119601
2773671 120001
12116783 124369
853107 131137
11382261 133471
2951043 134209
2961841 135837
3001318 137529
3015704 145826
3021907 153165
3048119 153901
3141220 154881
3265663 157093
3293500 159181
3351757 164718
3460700 168759
20711001 170510
788421 171096
3635755 177115
3668879 177451
4038325 178321
4173720 179601
4174445 183801
4209713 192323
4351457 200153
22733719 201418
4483251 204561
4569465 216436
19637225 220741
11290602 236101
5076083 239133
5265643 244719
5312737 247429
5318493 248193
5371683 255209
5423738 259841
5442957 261473
5450299 261706
5586764 271121
5704652 273451
5723909 276885
6000019 278503
6039490 281169
6227577 283209
6229592 294342
6358585 299445
6506490 300889
6515969 301897
3561856 307103
6683755 307989
6709409 309021
6861269 311961
7191209 314929
7304081 315656
7322425 327787
7468733 327921
7469173 329749
7525313 332361
7681157 337543
7688421 341788
7801003 346169
7803946 352417
7896110 352830
7968363 355230
7980923 368041
7993463 368361
14719231 371638
8252463 377945
8296469 378389
8380845 380709
8470855 381689
8691295 381824
8755462 382202
18756579 383391
9168380 387510
9175017 387620
9248705 391138
9343379 392618
9353789 395339
9718981 401029
9915345 407591
9918453 413721
13822418 423164
9934679 425777
10136856 429143
10270483 434001
11541515 434693
10332686 434857
10390855 435569
1597208 441431
10420611 442866
10546621 445941
10732699 452373
10906435 453839
11093687 456061
11224381 461441
20443924 464054
11349629 466313
2915807 475914
11431816 476396
21222399 478593
11558643 479443
22674433 483393
11756163 484053
15014349 484411
11771629 489681
11850203 494458
509119 498209
2801845 501722
12178801 509601
12233607 510809
12353883 514077
12491885 517233
12640728 520309
12692201 526846
12831064 529683
12841462 535285
12977183 540331
2224753 543301
12995753 545673
13030092 552764
13065625 562021
13183709 562573
13333000 565006
13477239 572247
13575275 572614
13592828 575950
13684028 580841
13711372 582583
13716791 592867
9927712 600351
14020687 608933
14275049 611356
14501559 614271
14596209 618481
14627046 619576
14634737 627301
14676747 628076
8002089 638376
14815015 642268
14833209 643799
15000061 644226
11762449 645501
21485806 652506
15205290 660441
15765853 664691
15855697 664716
4986955 666151
16091861 666933
16104716 671236
16195853 671771
16272217 673951
16356021 676928
16443795 676956
16493257 683488
16757095 689641
16913481 695034
17121756 712455
17286143 713751
17418311 724233
17520370 727386
17858909 729315
15969512 732256
18040243 733513
18304819 735336
18464889 739121
18487773 740698
18537883 741546
18548657 747705
18560074 750205
18624015 750339
18664295 759557
11617953 762519
18760942 765407
18761461 784071
18805877 797041
19223654 801340
19230267 806712
19270895 812237
19570433 827509
19628371 830121
19635347 830605
18013197 832077
19697340 834354
19795367 837783
20242396 838437
20279069 851165
10308629 851826
21147423 852841
20401373 853142
5006539 856480
20523580 857441
20546786 862174
20557541 863995
6580939 864481
20758739 876183
20915306 876257
20363564 877321
21216941 892647
21456091 899123
21352166 899769
21421535 908553
20279285 912298
15130911 914651
21516094 918081
21570113 919889
21584133 921255
21629407 922967
21673522 926376
21986111 934547
22399949 935695
22462559 937433
22568593 940249
9000845 942376
22716857 952289
4383053 954626
22867505 955369
23140227 963466
23301655 968980
23416659 974105
23700002 997792
23907535 999626
250 250 526560721
278470180 227664385
437893677 262557499
317702250 13787001
295389519 112842463
262413555 185735305
637967841 30356540
564764847 329535703
267751125 63743880
256577577 2384409
555462503 62759503
273615367 33526221
355413201 144671487
305148254 1878779
757899537 489968776
463512219 379968502
668912937 57716569
480233705 413416836
449893989 299402193
432504129 306179420
596972155 18071377
303367280 36845267
314191832 158676610
316000980 120296541
571881191 46146562
282163060 121764180
349523070 99721507
558500860 381367732
571003846 71515440
283743129 99373603
265725760 56254353
301629672 92551894
393326517 21660343
265843149 396573187
580673952 25510609
462329817 38514331
409766797 43401771
683177615 462076886
261094367 94933400
481652601 27464876
587022825 170946637
340085791 511590790
347130177 176519606
263686204 6146657
741420579 114696336
277320911 56426145
419686569 229578375
465161515 75379293
324728844 34007131
488049056 253381532
326186640 6092626
383268147 279493726
409274853 23968177
553058156 409066811
357251254 144199431
297102273 97141380
526436605 333707185
729573831 161695766
303530369 50144081
257001870 59680704
730467229 36386251
373158533 191179915
296795968 256077469
386802996 34018048
319409109 287379588
279116985 215290293
434685794 9429064
763834064 23789262
749087169 342419121
666430131 10626956
261791421 326518281
430032660 384604580
744650889 420480336
311788905 128079381
272542463 251251816
385094455 432225817
695533567 36226736
342963069 106629440
371942525 126597121
568799403 131882866
598192041 144488917
375281418 369668482
487106229 62643491
327616665 348513985
649848407 133763001
773741041 382898525
456401958 116400020
432064578 136236135
521309460 43930353
565795960 344900947
475611631 319320151
279678009 445477139
325288057 1
403281407 211015901
365299198 40462029
777782836 278418589
659852955 45836693
296745800 73300420
385195809 312334
769931567 117721729
290350043 469388161
351121250 846509
736099083 35790797
416006025 277679769
730660609 268048243
491935303 273272042
268968985 153822060
356322825 323501894
486460163 73855107
359710953 339061977
314263983 26462269
443566007 46281775
282333283 206148196
255081545 324638199
484342161 247308181
469962834 160359851
426016032 374536201
758931864 335218737
334381377 42407759
637368885 67601928
316039858 207467058
382482630 184963305
559494038 2772973
424391989 150633217
556221176 365872001
405740982 166168333
376239003 2695981
384328755 100682261
630362537 84638652
722075169 18195672
315512289 40444877
655999349 83562207
258675255 86313897
278303065 426113163
659076121 398549602
520484930 19443461
368140905 152809567
339487419 130607101
405873438 174880889
422656323 461400985
299748702 149178240
286146491 35802226
486986559 40225261
693038085 89636901
333636938 143098419
276593711 7639481
435200105 248002446
403191671 520097713
331518620 237881920
333126099 46433749
300293641 46401
453863737 234315445
486460905 53565655
670753613 33042425
325332048 115322691
302561880 147908706
580817165 41381731
495857257 412070842
262423846 38573677
408740505 133746201
362480763 2624245
710665908 368475749
363383157 142703832
622563317 5924661
440915067 176619061
289371577 498512489
358711374 55693209
770502417 75886188
292325863 108931901
256666011 148901182
550685565 518148830
399315429 507478963
680662279 88448656
479426615 201243208
677324100 252703863
321060615 32891961
322935521 171731813
721634523 111888410
695444085 298305321
327944721 35266841
357255343 348860629
447888468 167835071
721640268 7668568
274689868 26508053
568741161 139190611
487725165 46722266
691074320 234309280
604573206 158629111
263701393 122419721
375515111 63686215
318657153 273517261
265484886 313369651
454211145 107744603
331844191 262233453
297603477 7479001
656128073 332189691
668500905 291167791
381427896 179800793
307873585 10902501
379364177 47537974
254900485 141758761
517856818 248960801
306134285 161183731
367228635 149504721
544630245 53248742
476898851 168981859
273019641 462287280
263945255 93062098
374048005 123021193
469451953 137527223
614434569 19736916
409969911 136667217
602384969 289496808
348627065 398895415
298532325 118275929
646617039 152298294
562364736 200320057
677975226 44419301
468057810 259472907
322340737 270045288
449705497 322880587
256947834 26760912
336438205 61228090
428973225 321792280
676246611 99276133
285721045 155472409
482013405 223189264
456387207 498569605
727548729 486306463
334539434 257746809
437169201 431353365
369825655 84853585
658475921 17979685
745661445 281927618
358070568 315324364
327836745 234247559
262419747 169376797
258798336 464837179
372212769 229636405
318505618 50592134
600003010 34492685
260729729 35097163
774867625 47583894
296158133 567943
598457214 356078269
420542205 328824280
363737786 66565637
310085161 134216826
329525128 243086502
383912304 48994891
503942275 91091659
19690366 577
436774 1201
459112 27222
526879 30121
564291 31252
8825405 32609
15199037 36637
802493 38581
844587 43121
1068695 47913
1072723 53576
1179091 54736
1255583 63165
1313131 65706
1394042 72155
8300782 75223
1442411 76083
1682889 76701
2110600 81698
2222279 81721
2251233 83049
2595496 83385
2734121 83956
2839299 85291
2885448 90749
3317559 100549
3697614 108435
3857313 110919
4268869 111100
4494853 112677
4522451 126461
4615965 130370
32841189 131129
5197146 134531
5203231 138621
5239813 140313
5376013 141089
11966243 144932
6142635 148005
6149565 149477
23541230 149830
6424631 149873
6432481 150041
6495305 152472
21898217 158977
6513013 162553
6971741 169290
6977113 175673
7033899 175833
7055480 182295
7525975 182361
7472063 185531
7524658 193217
7174981 194963
7603414 203011
7812591 204471
7865946 211301
7926454 212859
7953992 213313
8276403 215061
11122741 218109
8306370 218249
8386363 223201
8424634 224970
8578423 232467
8602801 234989
8787951 254076
638353 254154
8917515 259451
9159421 260201
10983009 260481
9945458 261273
10278189 262051
10371685 268836
10448147 271201
31779286 274225
110320 274273
10684139 277286
10807609 282279
10830583 289224
30649148 289463
32604473 292451
11108120 298862
1423541 299949
11245445 311121
11327233 312297
11351868 314500
11540074 321921
6221810 324599
6076543 325806
12003525 341793
12091399 352852
12166723 354969
12347822 356131
12386483 356531
12583351 367225
12601383 368319
12706755 372243
12886217 375811
12891411 386129
12960384 389573
13366517 390761
13403465 390858
13537019 396357
13677018 400119
14059785 404801
14268814 407709
14533851 422762
14539011 423941
14605129 429117
14720323 429557
14734311 431599
14846270 431921
14914397 441514
15146943 446521
670709 447037
15273383 449725
15405457 454748
15496727 459200
15539087 459600
15741367 463401
16128155 471749
16082433 472283
15915645 473921
16202449 478066
16443287 481251
17285881 493803
17443923 508817
17482449 510549
17908373 514532
18215874 514871
18230701 528408
18236564 531936
18530223 533691
19030750 535531
28177153 539061
19386467 544091
27340421 544208
10631357 554233
19885845 556367
20043437 558238
20074712 558821
20286228 559901
20329008 564485
20675553 566059
20838039 575745
20875943 583049
21307007 583682
27398323 598246
21687341 600141
21759002 604056
21850291 604552
6499355 608656
21990074 622065
22505082 634912
23256749 636201
23391491 639045
23536942 642027
11571475 642945
23599363 643419
24893908 646941
23711210 651901
23711774 652211
23895699 654101
24190321 655657
24258769 657223
24383089 664602
24501405 672059
24503503 678005
24652857 681056
23628395 691306
25335713 699139
25386239 701256
25491569 708286
25534821 715376
25791111 724095
25925245 734285
25933788 737158
25950097 738121
26213107 738697
35683435 739853
26364155 754175
26368145 755931
26379809 769161
26441149 781787
26478159 784041
26798342 788185
27269269 790165
27337531 793511
19493289 794133
21596145 801464
27609758 805401
28076993 808875
28147861 810253
28153818 811521
28166764 813001
28167386 820401
19146457 824601
28761841 825303
28802689 828976
28942166 834753
29364207 835041
29410915 837873
29593457 842817
29800876 843583
29912865 843693
29914989 846047
30236147 850055
30261975 851505
30295245 852059
34286131 853289
30940443 853361
31380041 854645
31320826 859940
31358973 870676
31179267 873281
31468317 877681
31683739 883121
10597227 884556
31914537 891009
32047129 891698
32144169 895457
32203913 901657
32260095 903951
32304728 904305
11047512 914985
32806942 922833
4835601 936041
33099731 938402
33210754 939073
33273541 940131
33427411 940157
33561281 946048
33615231 952723
33693558 954913
33735811 956101
34196640 956541
34197948 960401
34211575 963619
34226061 963785
9913225 970626
34645474 975569
34900713 981920
34964736 984313
35065170 984897
35227295 985228
35431557 986437
35584383 986631
26361001 989601
35804208 996555
250 250 360728002
204400706 12047961
286795717 329663076
364373535 241335811
186094558 149722741
251668367 109394381
172868367 151386622
185278735 140494386
233233103 58856903
168486207 122413019
414229743 221962873
172740901 54712441
225955765 286946545
235797861 227597971
172450911 91498551
449099530 139594141
427124242 276827827
359392717 110721359
302011087 49755472
281304901 120111301
243098821 184596103
464072861 54050391
210490467 312598406
194286751 162451868
166542824 343428265
210167027 16550333
370244154 190686107
421337314 29880523
181154701 165373540
290251715 144408961
349289653 47209795
157009177 58525765
158715970 272125392
390350250 268822853
400937482 7057945
297137589 186536681
155234714 82722621
351284002 254438577
376908517 82240414
506693687 259793689
210217417 170328225
191778713 238895661
390472682 19578601
171919062 111204162
452148686 259839829
379116260 35402486
304827206 35349389
223809031 148015308
382975804 113098801
202230045 262067757
300692917 186105151
154864964 7945345
255873777 140987946
463115342 268204449
320598997 348812821
355586300 282200479
304866469 12212173
458593322 61503685
270562213 221146745
163610389 200171146
286488494 257241486
187761208 58526281
285824556 132391899
199077283 83727791
156328182 275293173
412561274 157095601
404806432 197127008
390475755 199581042
178097367 164048113
347537728 48859740
322377530 9347391
382061017 109792594
271851718 31582333
163112789 250525463
203455222 151787415
209346352 351293283
239843606 241377835
328969037 52826311
162975043 118704369
178936589 355972261
266955013 74439270
311865514 50660047
385266577 259876491
330260083 131734061
410221774 245998501
302122285 60013330
380447056 205898605
330461041 156350001
273730357 4194209
432614567 127720839
427805897 333379707
446280637 48842285
169517809 76618763
378695077 152897589
431136112 353642429
381743845 138185349
368720161 253913073
426968755 56410537
380772817 138108087
284828737 289590831
383807157 71230583
276361386 231955836
158010491 327858301
247424248 4333369
166858949 146465301
307534339 20025660
163971553 91300490
316530814 79396562
247956788 22186700
337378791 296883847
295027115 17920543
357467392 31168801
271642817 87606805
328244723 345057701
167277383 168815825
169474981 154781017
255545786 258651751
216152814 205413875
492389229 4942285
288745317 193408638
206913394 118784577
191314307 57878946
261787861 154666330
297212949 99919676
274614595 262984866
206861414 225058445
409721745 104039857
171831034 17637145
367602577 350981359
158947025 144105145
222777152 283662091
278722862 54500872
235290026 2563095
163645987 114094229
172667283 7083553
488188521 356877742
178678090 41073909
261856278 1885690
341656405 227507257
207500466 49813138
430886603 31735359
349194311 44472479
299963505 308931393
292759142 254334989
494696516 154583465
202261981 179981896
483303181 341925573
426728179 95753225
158392267 83299686
371271853 51063165
493552207 175185079
201955661 97635186
288789332 200981252
209468594 360219945
304005202 316076454
485229434 212656937
290562702 113131297
216362417 151566156
252192069 77497336
410713277 326295451
155005685 279443655
214599693 274854505
493311887 83640451
327394226 259883326
362822193 11500591
310423355 148395435
365632986 143163265
230454717 91475749
491679053 253244927
370992709 58142737
177260978 160565499
154734949 271766799
285633368 159606771
293112770 150449329
414930555 191924127
477383077 302975587
395623688 69499839
283620847 108526386
202878572 219368657
246156241 176458297
380528398 34152829
304812166 59362941
221372938 247314209
171729441 309599037
454608113 90577163
389450849 167564021
185751491 92453293
194059729 78538747
187173872 84065886
197298170 83477684
357284318 61264001
178372950 39990142
164366244 305719481
214087370 150332887
262099195 8657609
372031093 124835257
294954142 115938212
309254886 201850057
468528118 193888427
436943089 73092650
351719047 84447713
379066455 14019271
378976197 270070044
450571260 161084281
491304250 129941581
178096645 277824120
223787049 46133461
248342317 113534423
321268142 136060547
226475041 169332583
215123436 13934530
214264400 182327809
380478907 123627070
189820616 74064615
198131707 161275277
345376477 10589569
410899025 37740011
202811145 150012770
172123846 283730483
193198715 215114033
207020577 34719059
223219394 303541907
244867467 251239541
222248790 49262161
343570582 177762817
230984586 42312501
250269225 269004501
438968182 93770079
269007562 16097447
357494193 313177431
201288314 27809531
176173743 181962285
317914129 181579711
430226574 120572979
164491515 21958576
242046339 274297947
223677099 283134699
368946848 27526874
308928637 166122216
257591017 114037246
425371357 19154053
398222215 212062853
284391137 112491996
357942862 32360555
164804037 67798193
235956311 133612170
501553576 126682913
163500650 190592804
292965419 20382513
238167654 61402951
317464571 281731515
8366002 321
372513 6877
537175 10249
561719 12391
932163 16581
935122 31180
1012477 38161
1047301 39755
1064832 42401
1069876 44437
20286261 44986
1148481 49224
1225089 57665
1230291 58413
8285449 68841
190257 82477
1458151 83393
1479709 84267
4864644 87961
1681175 102021
1902118 105911
1941469 111601
2097094 116481
2190117 117585
2481175 118085
9641705 123903
2753142 126913
2877913 134869
2899200 136414
2913432 137473
3099349 149825
3138453 168554
3314107 171821
3452147 174364
3654607 176785
3674537 181125
3793833 181465
3859817 183161
4037129 187433
4090267 189047
4708865 191604
4311069 193447
4472013 194309
4524461 195033
4539645 199751
14167185 200026
7649851 203301
4725899 206861
4827049 208111
4848161 213243
1572564 213513
4904057 225001
5252399 244402
5559703 247459
5738465 255265
5961453 256681
6106668 267129
6151266 267856
6230365 268728
6321741 269426
6555228 271521
6634321 296774
6767281 300865
6769185 305873
6848121 307148
6974925 321081
7021010 323225
7166305 326879
21237473 327121
7446694 329033
10446977 332139
4213338 337467
7740924 337841
7757393 342841
7862705 348690
7963129 349301
7964649 349417
8062937 353018
8090469 358601
8173705 363112
1383853 374273
8289388 374697
1435556 375851
8421919 377729
8466985 379142
8486945 383193
8508348 384369
8622516 396201
8668239 400915
8708696 401053
9104995 404457
9362627 409854
17878847 410066
9564727 411393
9599495 413597
9630153 421751
2635493 421821
9694536 424613
9834861 425534
9931191 431520
10156311 431961
10178521 433681
10204385 439882
10232941 440005
10279913 454301
10341799 456353
7604801 464036
10590225 465225
10654133 469994
10682321 474005
10778069 481926
10943417 486764
11020653 489751
11185780 492727
11335625 494341
11339579 505607
11363034 510625
11397601 513125
11531825 514376
24259361 526781
11722806 534309
11896697 540526
11964433 541361
12108561 548696
16360006 550715
12246269 551661
12278158 555413
12284843 558194
12365709 560123
12610641 566017
12763393 577868
12769131 609351
12826426 616962
12882415 618305
13530809 618561
13115721 618933
13215507 620351
13442637 621697
13456385 626161
13481151 631605
12963147 632259
18390405 632737
13566030 636370
13785825 636773
13808984 637516
13854373 639611
13912788 639771
13913547 640454
14102838 647253
14117974 649017
4639253 658273
14393057 659357
14619929 669751
14653341 670169
14972869 670548
15044224 672627
17442401 673569
15223833 675171
15240013 679336
15255614 686089
15499657 688051
15695051 688976
15949384 691191
16028803 694140
21026193 695571
16221447 696805
22807931 698011
16672505 698627
16738985 700001
16948492 703361
16991923 706465
17082233 711389
17115683 713672
17225581 714053
17249969 717071
17418871 717721
15188769 720644
17483371 722261
17723649 725679
17728863 730568
19510471 731951
17929180 734966
18008953 737073
18016279 739129
18031041 741521
18233542 751429
18267113 756193
18279702 758711
18320601 760817
18327803 766644
18343653 768665
18358385 769939
13538147 775049
18402707 776791
18510009 786241
18547189 791833
18755405 802091
19177286 803596
19275905 803921
19348544 808643
9549865 813681
20030549 816682
20183406 817897
20245289 824232
1132954 830081
20299586 834059
20357513 835187
20368628 836833
20695477 843607
20973175 848036
16116789 849463
21147457 854229
21236411 854801
7230205 857853
21458017 858069
21697051 868451
21761137 871601
21782370 876029
21787501 876833
21814397 881316
21898465 882927
21961801 883313
21994810 886261
22051298 893601
22103525 894021
22298049 895041
22464695 896365
22533562 899449
22723363 908266
22737277 916426
12163117 919005
22954788 923243
22986613 929465
23028153 929824
23048801 941021
23144133 953407
23181085 953973
23219756 954342
23228837 955443
23492119 970733
23505072 971561
23791421 976461
23838965 977706
23981425 980469
24038273 986545
24180301 989260
24225281 994489
11666899 998186
24324679 998981
24335335 999073
250 250 28104685
613947718 10645419
615854804 7976221
614759585 11280516
612109552 24295594
626085949 14306302
607528092 3315898
615133918 8264866
616003934 27648174
607125862 13806038
626898528 14447153
620989931 13021637
629303519 11288866
629216406 25610173
606106917 22101591
630572156 4953194
607546191 24854767
609030982 15797629
605496939 6774665
613105452 15896511
628312280 14753990
623248390 23683789
617811536 15582708
609741406 4285317
617242150 1741220
616762305 14410661
607645356 623273
631139505 12037859
623818094 9848538
608398762 5187316
626252162 26915910
617456611 23351964
623678282 4226839
621359054 19661352
611549486 5234597
617941028 320706
615803052 24031351
621229024 8425887
618486992 12787286
622485405 20140371
612859532 5286143
618040212 3299431
610004325 12822449
631159327 1675769
609978080 26690340
615121790 27786516
626927734 4970203
618760104 11993876
606570024 2813891
605777392 17463699
628216167 2236452
630505554 9864740
616626690 15972840
611628102 12923497
618679082 10576891
611697253 26363576
604327808 992195
611298228 7337991
609165790 1391442
617875240 21148612
624315406 4511881
613050588 9185541
631286096 24836846
622756803 7940244
624726816 5342351
612934885 18706580
604187986 11538125
619354204 21342087
612758049 1312382
609002640 13865902
627960885 4105896
617725239 5526949
609052504 5704691
620411908 4972941
609402030 22359578
611910694 20354861
614283536 17882722
626590396 18501355
603957848 15924141
608711260 18917739
617011420 13650903
613640222 24872065
619628478 23222814
607123498 13353799
614862242 9383738
610288055 1021581
622888471 24195459
609756444 20351330
626335620 14342871
629377736 19697378
608229959 2595041
631149596 2021741
624310170 22529401
603687615 24074566
627351504 17266671
630258294 4268542
630153770 27889969
605086763 15458211
605640750 23099686
626725038 19442225
607669751 4683096
618143441 26690976
613434058 13284601
610265335 16041571
625315702 286221
607432054 11846186
629302119 11545329
627392006 1790314
608675403 15646473
629662910 11855811
603371465 12554191
620054048 27446129
619703844 17106316
622287574 1281901
620199208 19842679
625845079 816851
626401422 17173806
630001987 17322327
627109544 11141181
627454926 16427247
628687316 14586530
622012644 10095801
605966519 3956226
628225990 17966066
625680792 1844556
631358781 16219992
622235138 7168287
610601460 13283834
606322302 7623261
631157896 13591964
605397018 19455516
604261535 16852006
625556626 25137016
626741418 8987334
624721303 9164212
623188169 26864926
622381063 3606390
626316598 18525594
615836166 23177941
612254908 20041546
624436622 22745261
607726412 5490860
604215727 17902085
617349784 11605837
628723982 3386697
631389256 23724016
603645024 12067666
615461610 24708091
628545044 12486041
625408130 9870946
623500282 8204051
603522538 13509261
631008078 27192404
605606792 24741291
628155864 24974456
619617844 26826271
610455142 19604833
628021434 7754908
619013680 22026263
619183049 21620176
619255704 5548421
625244618 24475821
627773783 27502735
614076030 19391079
616114124 5288301
626200972 26579428
607469230 13263893
621876108 12663561
615291724 7948777
606011199 27917541
605538112 2172120
619086456 14673114
629239653 2091876
621096752 20203117
619958306 5872331
620479533 21421076
610313372 23510925
622863282 4500468
607656786 4267772
604807166 4871651
603588946 6305361
625771102 16467697
610959192 14751
629573426 21490718
615191167 23381977
615647444 2991241
623160046 21532155
624525636 18505448
621444980 6462671
616837748 24042191
612087330 18018621
615650232 10355360
612978258 16930766
611643267 6081428
619188906 22460054
630891241 25073892
622694457 4749666
606537328 24054426
630839050 23551949
623494718 305742
620619148 19535846
617290870 11588031
604073600 16040598
605068266 19197416
616086540 11077268
622893738 17074299
612863494 10646241
623261727 16211671
605953950 1874028
608464592 12184880
611831242 23172815
625616631 22284221
617742768 23399341
623490072 27865369
610770936 5833333
628378414 9227620
622960040 15650596
611574333 4786881
626837580 6018979
631291452 2090481
622914595 23666304
619961173 6950971
624991708 19350248
623218657 5279366
624903638 2555393
613577617 22624726
628366094 6876906
627444070 15280616
607885353 16627549
613833640 21698301
608580198 26622698
619653020 3688180
625457252 2647404
611500285 1229714
630441102 10179305
605798934 9295240
609506152 9769063
618643787 6172911
629654988 23081969
605479308 127587
618339382 23996822
625316066 23409354
610283766 14803417
617303522 3783499
605319364 9034761
612193378 9699427
628635676 21601277
626263723 8522746
618556032 10183083
628873654 5955270
616428399 13064611
13657 953
16037 2297
30609 2345
74177 2834
426293 6081
51555 7072
67127 13717
73723 14980
40165 16928
89191 17639
94353 17765
110405 19609
110461 20743
111495 26626
126695 26757
131443 27176
134433 28064
147579 30753
155817 34541
162003 34699
170434 36333
184285 36881
1004623 36935
188645 40708
190059 44321
199171 60775
200135 64401
206974 66673
207399 76261
211791 83766
215126 86209
258155 90198
259007 95008
259419 102481
269837 108581
274677 112151
292373 114465
297675 123551
311281 125745
316609 133836
323551 134651
333375 135173
1846031 136139
354032 138299
364804 143456
377168 149056
418419 160664
421293 163270
422071 165911
423078 166412
45611 166897
427028 172513
816127 176001
435609 179754
436153 179922
436663 181026
1496331 181337
452745 184161
471007 187935
476450 190889
484302 195622
487241 198033
488740 200586
490351 203201
494341 204277
501663 204443
504536 214017
509239 221025
563301 223385
528055 229501
528531 232464
528595 232787
530541 249537
532687 260989
533265 261655
533516 276663
538611 278057
539813 279337
1267869 286376
558089 289301
560526 292897
562259 307113
515569 308713
571498 312801
1822495 324985
610367 325649
983963 326801
637093 326825
646162 331681
647805 331717
657721 334064
658083 340501
666229 342829
669595 342945
669971 348187
680561 350180
680832 352193
687873 354017
693903 354977
698407 359521
699109 364577
708368 364815
710832 378898
713276 380066
747424 380829
752365 382785
755421 387941
779241 389358
781032 391641
786176 396550
434962 400781
823111 406245
826820 409666
845052 410750
846407 417293
851366 421853
854531 425033
862517 427801
869488 437397
871529 438437
878843 447359
1793119 451553
906092 454923
923309 456705
928805 469496
931805 470438
1779263 470769
953383 471457
954969 475342
983243 477811
619879 480985
996450 482369
996454 494055
1332634 496226
187635 508881
1010562 509269
1010653 518299
1011887 529349
1012495 532765
1023921 536213
1046292 544199
1055105 550209
1094047 550689
1098594 557441
1098857 557602
1104252 565409
1112030 570863
1117593 576495
1119653 578430
1147554 581211
1166211 586411
1171750 596464
1172195 604581
1182522 608923
1193539 610411
1195955 611161
1227724 627523
1231620 627983
1232099 631522
1236863 633228
1740173 636989
1256773 645096
1258547 647601
1261221 649598
557577 657009
1271483 657611
1276193 657931
1277202 658363
1285415 661153
1292968 669501
1305551 673449
1312288 675505
1318175 687911
1322637 690755
1325224 694087
1327525 696451
999831 712391
1344871 713391
1352598 715187
1391827 725251
1395179 730120
1397641 754103
1411751 759961
1414435 760435
1692535 762130
1431677 762764
1443161 765537
1446567 767971
1447501 770021
1458552 773821
1547429 775449
1480197 781246
1705263 787969
1490158 794480
1490374 799575
450757 813739
1522349 815287
1765555 818761
1529771 820793
1540133 827202
1469499 828203
1573875 831297
1591692 831855
1605217 833408
1606925 845839
1616993 846186
1626209 846313
1626497 849741
1629143 853982
1633854 858581
1634902 860844
1654243 868296
1663939 870096
1665609 874001
1673581 874311
1680525 876593
1683613 876601
1684731 890776
1417683 891423
1486697 892849
1706026 894701
1711509 898275
1718615 899081
1732241 901257
1246483 903191
1741569 903531
1757953 908565
1529221 918162
1773390 928728
1773771 931121
933152 931627
1779776 932321
886617 934287
1793577 939023
1796133 939946
1805259 944449
1808325 945991
1809547 946453
1810815 959481
1818262 962134
588321 965378
1837955 971732
349627 973329
1862717 977149
1880489 988075
1882965 988217
1887898 992291
1891304 995220
1891325 999813
1899713 999987
250 250 863273458
250999662 326746681
67126022 192259329
79796478 143688506
182090278 4777730
616264838 202039748
296593020 5473837
323704838 622826561
234007482 500160391
128013878 25509859
87581694 49835989
598304856 194139836
689432430 138109476
168640548 715531521
164824510 432231829
482980174 444846313
71522363 487982654
199032222 69557034
51066865 93958510
443853098 652125345
260088846 722899309
399974348 553378806
660603674 529831821
101838306 284510789
513949342 13602809
149677266 806037486
184434060 561695903
66672366 17114693
679470505 556656263
82129408 41210043
422766804 154534364
193370918 537593569
56046214 169010293
172975803 490079503
131484846 218686525
118419352 153617993
93273266 659450650
112356267 391527841
798180060 630266425
296789223 585913059
52189923 623181976
705820862 59267537
308315118 27193381
427432062 474364921
145042386 549864751
601193070 465271417
190178176 188540249
456829230 336837905
63220118 366357421
785034470 332970498
650961570 113495617
298760794 76104455
289706190 183645117
51839105 169371001
72195798 297986031
147742142 42351530
221535840 293852041
128980478 139320325
91874154 356501645
82671210 131422706
455120584 44136940
529325938 268550470
55552174 267937989
506589303 5893427
123862691 179523946
382511278 36302743
121943748 226144152
516819738 219653209
95253712 437183275
151136954 3336457
546385598 291315977
81266349 229156867
91516158 763380073
693984672 593732335
189468964 822653286
153173659 233311436
53219397 63347659
258067218 561717911
295799929 184621665
53476308 198352085
279243466 222642226
536481471 268834006
520565754 230462727
81477868 720995995
346908323 78600691
641170218 609778477
399188513 13778416
491343562 65305927
75011142 188573305
70017248 132367636
459258402 607582981
291612462 405384426
54129762 487423891
169883776 388309769
365552393 796755644
82980358 105213681
188045094 20829928
822965958 175489299
305954878 433069417
147228638 445508326
129794848 362370521
292331532 58664803
265460474 49428811
197206770 420199153
481619549 148518037
54542203 209380501
742355758 542297635
190984890 2847341
371224838 5668001
269469918 583704233
331155051 143196346
67251814 46821025
177706966 507030069
84205692 70364823
135118110 492008779
203747502 344291504
266388531 22106737
273971808 647142376
563195205 278031157
68180396 211739383
105083119 33628783
169361553 520579511
138143078 608812033
75861072 163414881
165245958 49380811
217853101 474232585
62691126 105710833
62250078 199016161
430197526 233371909
55647534 170590551
126601860 134841847
59393522 133163789
61208761 13776712
284255402 510954613
327402666 15056299
68255920 225045153
137435406 104227026
51730338 3792111
230299254 137778635
321925790 120838194
223999695 493665811
681803468 190722301
131380798 233029615
196020281 658078465
125586608 86000421
76570569 73510255
228978238 142649239
450979340 137624845
409174655 67466977
611474862 676525609
51635538 403152604
382912518 261517257
119485558 64540747
260274150 17419969
235569990 352020682
179706910 122003729
464908983 506196081
538308582 159548257
834896126 741063493
539138142 195755713
96338646 524144545
246627230 43564093
232894713 430219630
242942874 290864321
76387945 179403701
785767794 721578663
106028392 56093907
425234880 39094273
157519118 6485329
107055525 124102025
300490538 20222308
140975932 293733541
95736188 92236604
266069010 271777249
648020286 31115996
306113788 557896102
317337562 34811823
303767058 584832179
55614198 55876609
539793378 364446226
127832015 313793415
712843698 299508538
138615098 2246895
108970662 181591001
678606805 218995526
212773788 532954302
128898096 29474641
713095568 826853248
396187434 446981255
500797188 36574279
212317150 8783681
53659530 751124095
219278838 200841754
118772598 82517995
541847092 222486554
207207092 623964652
522119926 77988241
505630703 610000385
56796638 420122987
51556548 7082864
108104570 389071360
96948080 40188376
181178484 389719
124635598 502561681
366754398 136721569
60635122 585825685
63939774 193574593
334301502 254344259
557928189 272691343
260642798 69071917
191479935 277928751
323901141 461421233
116684896 30733487
211493664 577819820
149747350 330317192
875189318 666839201
280472638 263118831
158338611 773485461
391832304 407853712
172412568 713842674
145702306 368766861
155429706 166965782
57814927 59879401
449884244 122573296
258753254 156067660
87080208 163397521
489669303 706745481
826627349 142537561
374852081 401010753
53615478 27913707
104497563 45324177
144626126 175060761
304282632 343499861
310400079 169339885
168863071 13843268
709647523 345647825
208970940 31614321
288546338 35283001
53166490 50787437
59016923 114565311
51506506 428378083
404024598 285247579
313295184 73081247
117404451 113560921
61644467 50126341
440507164 395413973
276156062 95609437
51572964 135483405
116234178 10701481
144899598 145549225
56372400 674949826
34342046 319
229723 6256
1458658 11201
1471759 13501
1806088 22527
1823591 23292
1853097 40425
2891401 41031
2914933 41253
2937456 54469
2975637 59095
3024073 62155
3220372 63637
3801616 65277
3958144 67075
4050568 69585
4154217 77056
4217957 86231
5053561 91553
5070115 92505
5212672 92801
5243905 94245
5377555 94265
5409254 98165
5553012 101376
5793328 105026
5800213 106790
6326342 111001
6423589 116663
6468245 117610
6934170 119746
6960208 127241
7270930 133293
7485871 135606
7712439 146748
8113873 146789
28932506 148027
8991554 155884
58202494 156847
12662368 158577
9763408 160402
10035001 160737
10453997 168385
10703134 169633
11257877 171062
11269460 173851
11306827 179196
11674192 179553
11754505 180139
11971745 180503
12405051 183682
54400600 185562
9721858 192851
13354174 195250
13490266 208231
13653902 213313
13771721 220001
13788162 221751
14090431 222276
14626599 226553
39651612 226793
18298827 227329
15325959 228485
44270945 237931
16420419 253159
16425553 259737
16662151 260504
16691635 263801
16794794 270598
17047969 273426
51208000 274189
18344649 276471
18443552 279304
18595696 281226
18841280 283933
19153884 284877
19313529 286241
19460681 295877
19521094 295935
19937176 297069
19991031 300856
20106871 301844
20540044 307878
20690492 310421
20876143 312988
21418077 314763
21719242 316401
21891952 318256
22111577 318801
22648100 320823
22724571 333685
22754187 336104
22780063 341493
22914483 343951
22964824 365111
23293294 365749
23415730 365799
23451156 370501
23524750 370651
23581891 373871
23779420 374119
23835894 386856
24312697 393225
24389793 394860
35675326 400363
25199224 405001
25845635 408875
26184337 419689
26429081 422533
26527628 425941
52660813 426313
26960689 427101
27389683 439426
27669077 442183
28139950 450624
28154883 451415
28327333 451853
28346977 460104
28401760 475501
28448428 483307
8160265 491640
29072906 495475
29081770 500271
29311968 500834
29322824 508178
30289279 509736
30487120 512283
30594901 513631
30863473 517820
31022125 523049
15995471 524961
31956256 526401
32417965 545353
35229208 547341
32602291 552271
37758531 554321
33015869 554869
33339814 557688
33569523 570561
33621730 573178
33805025 574557
33806235 577162
33833197 588443
34263909 589585
54732497 595046
35147782 598126
32459869 600033
35315372 602357
35592097 604358
35605819 609951
25062045 610466
35793426 612101
36062953 612961
36134663 614349
36787395 628022
36818971 634181
36863467 634865
36885385 643160
37003226 643523
37093885 644416
37110181 647711
37135954 649034
37215308 652585
37313130 668421
37374274 669653
37381484 669770
37614207 671622
32747058 675173
38078449 675240
38584015 676801
38658613 677307
38702278 681077
38934652 682732
39414467 683897
15177409 684955
39778579 686949
40562047 692018
40849622 698069
40890214 701906
41208242 707516
41302541 711165
41435752 711535
41898218 721468
41972983 731041
42164629 734195
42596551 734954
42685330 735201
42817255 736518
43022217 752881
43023496 755561
43071601 758927
43106509 759063
43482329 765324
43744387 765341
31589614 768019
44574470 769954
44671096 770995
44747907 772732
44839747 785377
45006306 801163
45409434 806126
45571034 809799
45725001 814039
45837614 819769
46004869 820277
46315130 824505
46321848 830164
46346012 830855
47302416 831651
47911360 832861
48388418 835821
48529601 839121
48767935 841529
48846912 842821
49055713 843113
49310079 844173
49361298 845933
49698181 851165
50515408 863761
50802382 865643
50805217 866227
51059737 871109
15245186 873433
51229519 876391
51455511 883945
51484594 893847
51592924 902799
51723685 905003
52338817 912606
52459268 914485
26619987 919153
52824645 922193
12483305 933979
54527920 934612
54652753 937455
152284 939351
54741885 940419
55237392 941291
55479027 942261
55714785 946133
56137654 948177
56365615 948855
56518807 957637
56804389 960586
57530011 967249
58185496 969949
9339886 973581
58358431 983281
58637018 985408
58637362 986801
250 250 169851301
479183087 34324671
447008451 4003301
572160903 152372071
445850857 38158755
509888861 54619983
553649335 87351370
602511237 23757995
513161027 103489045
508140550 139414406
490192617 10453528
449832443 2202762
462865037 90420501
510861147 132191547
525352660 116785372
567567097 103165222
512075981 152050588
467596303 5070829
513553079 5882031
458544990 137626228
524653116 65621117
548760589 94445031
558237373 124979167
443489383 66267451
557419143 126648471
511952303 40449879
525829057 44133825
544059135 112423807
464608592 169657312
514416357 138438142
448155165 144233652
547956048 91890081
578000925 11645027
578732163 98533765
459138013 40367254
521628766 31364808
486964639 20222009
561569034 114249951
457711633 42603870
594591439 64787521
540189095 54220023
515277517 53759139
527449109 129104711
463063461 66100801
566719020 143681222
444753505 39011795
470554773 156978149
569124826 108786240
499336225 104017377
559511033 146235053
524570573 133043271
488663975 19782814
459710061 55675193
478889648 28092841
501351243 75149355
456937382 69170160
499174497 78696328
590287193 134393823
443370295 46870063
446695801 60335159
595329106 28025895
444789501 46984042
455227847 75364151
603532231 5889754
468651225 85811360
505027384 44757616
553860413 29278361
588144048 29398026
514450492 144884384
505962256 88669835
590764605 76596118
607552917 160539521
534474009 53405445
507524088 47837701
527795024 67269720
527273511 48632075
464928568 37490446
521191313 76212454
548776829 61050252
544110015 44995744
444478119 131879031
542067336 92998161
450721518 129846470
501385585 16675541
588347293 16344927
503060389 56997
489659121 55049112
456865475 70959841
540779625 98570674
534703285 1211158
448949894 61020310
587958341 71625703
471839476 126632341
601029865 126342532
486867543 48437043
535548499 150176460
585219643 28046235
559180215 62353929
450425413 168752013
507941623 141219112
598673823 154845187
562426197 64629417
521743985 17434489
460916596 93901980
531114659 95840048
450741707 102075133
569086486 159382780
607591213 1890008
515428371 12541615
486606529 167603521
451744995 121756198
483848399 50788011
591774517 4467583
482274578 76618135
464461656 71152732
515489691 10663038
599966001 132107514
528673409 255713
548596427 55845219
473441193 127349604
591608230 129359731
488235379 97819223
490587253 142044383
450794591 165898291
522972992 113944661
608160891 17127553
485776935 138797297
561282986 14514469
523309295 88441488
451088326 90527670
458905445 130918819
495399821 69251739
484560133 89150050
527180680 49237034
447210365 91486306
525838295 119212256
523263431 151386891
480646482 25693765
531565489 49296281
589681069 25660120
568781253 140198893
590224241 134184729
576629743 20690149
519406794 49241473
467732301 21803221
553735295 99610101
458008405 103039656
445315063 24676490
570127146 24411226
541335238 72906673
496391819 109506877
590805015 66422709
577028941 39919121
560457406 77398335
557633457 15930963
449921943 3322155
511563947 55690427
449229962 125009061
481972802 15072100
456120743 88077307
471967497 110541184
539358529 1718259
607959423 62309073
521936775 41894330
509870384 51745249
526914861 53068246
492098355 15869671
543884103 58966567
520602400 100938036
502130103 37025949
492305129 34721443
523284759 150005935
465750675 103890485
563137431 72106716
560009783 82057454
543660171 73460178
557036631 41786161
507001869 124693779
471743427 41641839
512798961 57085141
552885999 125630579
571179183 127002279
566235443 22354200
508331388 11038283
496982348 42717847
448483721 121594216
497846487 26190274
529501657 54925117
507920416 168305281
573583553 112760706
521028317 94870643
595122426 92632783
441084215 107133001
476577915 123090877
463742737 163321964
547426255 109862482
512633539 15191039
458220597 116513159
541527093 12455061
453462156 11080860
467605590 86847945
552166883 33207187
453397059 144703105
521122958 62274406
504120785 42666600
476728958 93162279
585564921 45860773
571565607 60805188
566397701 70969663
546351121 162524071
472483339 153212456
585112933 115941250
549268789 154468706
547738711 50496876
520440811 25404107
455142333 119809007
580162729 163046115
508063975 47230814
467485137 53826536
457244436 2380108
581146333 107809424
595782744 14886691
460078008 89345796
457608525 20393430
496177263 104071212
552594474 30886057
517373478 134287553
513297747 143388214
454821643 18541231
607519878 35565159
479178709 12625208
492394526 152244481
449081104 147313601
468066981 126709781
575364357 129710071
536624763 15482599
537528314 23327924
519042000 51784460
455606613 20388047
511255305 32995716
509819927 124441106
470077973 144386069
594225515 590932
484351408 167502514
443909615 23786635
537860487 37985428
506800449 26916005
518994012 97647491
592553511 49933351
501891902 8897309
582176367 157375495
10806597 3357
67729 4761
9845419 12173
214372 13621
246345 18801
286356 19747
344061 22903
344536 23009
555350 28325
678831 28613
735340 29899
778329 30557
837574 34104
873399 35306
903381 36825
6664202 41536
950745 43859
1037848 66936
1290445 69681
1292719 73321
1302378 73545
1322743 75389
1346877 79121
1348888 82521
1359103 83214
1368722 83640
10050840 92497
1388886 93326
1470401 95756
1471960 98727
1530069 101431
1541381 108793
1625566 109161
1667612 112836
1673954 119251
1755943 126301
1921494 126311
1977493 130282
2018856 131265
2116153 135501
8608551 136696
2147126 136877
2229965 138237
2231555 139871
2269516 140885
2275521 141391
2307457 143745
2391160 158393
2396937 158721
2405886 160109
3867237 163969
2480227 166811
2484474 167111
2421151 167323
2547318 190776
2553085 191613
2556381 192556
2632251 199153
2740691 200513
2824591 204993
2908332 209169
2934875 215417
2957066 218401
3067725 219149
3082914 221354
3177450 222055
3181562 226086
3238001 228001
3254206 238575
3285537 242393
3303032 242889
3379114 245271
3385470 248086
3425250 251373
3437877 259329
3471591 261505
3496656 263731
3576199 268704
3650484 268745
3703460 272169
2514722 280705
3889414 288506
4032214 290696
4135156 291057
4194006 295893
4213848 304580
4219495 307322
7492070 312621
4306460 317241
4381624 318971
4573902 324055
4615411 334803
4632701 336548
4639476 337821
4647361 339656
4654231 348329
4825594 349151
4845720 349365
4921257 356835
4932446 367873
5104706 378480
5158715 380403
5175449 384563
5185982 384571
5223287 387207
5238476 388001
9563265 388528
5323779 391865
5365412 394977
5388704 395513
5485270 397601
5517576 399040
5526845 407081
5618319 409161
5632738 413265
5642941 415507
5656356 418491
5658995 424556
5677609 432963
5711783 438325
5744818 441420
5765939 452641
5904998 453606
5966665 456731
5988281 460505
6077142 461517
6103169 464126
6218465 465205
6264416 466221
6419041 466726
6419282 468531
6424220 468563
6434617 468576
6519395 472425
6529193 474042
6571056 475556
6598307 477526
6602600 477633
6611924 482731
6634626 486217
946786 492674
6683820 492986
6692136 494011
6698931 494842
6736391 504319
6847961 520051
6860884 524301
6871056 529433
6879985 532190
6895852 536127
6898185 543832
6919001 548619
6965725 548713
7004170 550314
7021012 552746
7088299 555951
7113785 559338
7192833 561981
7194945 568253
7252358 574653
7287813 576801
7304851 578056
7393641 579288
7410264 603085
7426733 619095
11195431 619361
7492496 621081
7523593 623526
7548919 626831
7624765 633335
7683773 633613
7840461 634741
7862856 636737
7917434 636811
7929585 637249
7952593 642583
8054797 642830
8056371 643751
11226232 651137
8097985 664359
8189866 668641
8241975 675214
8258137 677093
8271853 691393
8303996 699265
8397788 702387
8470464 702695
8575151 707906
2139016 711133
8618666 713986
8662711 716939
8674884 717939
8680405 722027
8707054 731633
8827711 733609
8915720 737457
8970643 741721
9008826 747649
9106932 763913
9108227 771356
9164585 782201
9207911 788321
9259065 790206
9377368 793209
5322285 803841
9771664 808134
9814832 818559
9820722 822313
112230 833695
9929562 839777
9937081 839901
9984227 841683
10018131 842641
10027315 849073
1377995 850896
10054505 854487
10090936 855201
10099321 863778
10110075 864861
10169239 866775
10283625 877765
10386989 885671
10410613 886353
10528146 891343
10562446 893291
10670489 900285
10685007 903937
10685396 904651
10749646 906596
10758228 911065
10768653 912948
16151 917435
10785166 920001
10872351 933193
10876644 935973
10998368 937431
10998474 939791
11088772 940071
4298671 951453
11217028 953089
8078751 955809
11237653 964726
11258201 968517
11263204 969217
11316781 969297
11359514 978793
11384504 983662
11392515 990418
11453638 990732
11528381 998792
250 250 147119530
87041627 34023277
19753039 87319330
111153820 16078079
49918106 13313081
111731155 96336581
31837565 109628597
96529585 63400846
144052431 40170511
25212702 87848779
148070559 64053275
56768479 60021928
160714285 47194206
82563590 112849195
24471581 10073591
74061865 13274256
51822329 6523155
101975028 13598675
54657126 143194628
54517095 82718891
137849748 66045958
38837712 65337092
20621969 134027409
61857841 56988929
132429474 127198719
97738418 138515953
58394784 94312747
70371144 18452365
30173477 98180221
27308915 40878821
140600228 47518241
18469307 28540891
103957592 133191711
16705375 9851679
127130153 42842234
80563393 133760901
134813233 46722481
158619192 136981873
115706580 10202691
133727934 74263232
91811952 33173526
17792281 91267338
31657522 13484506
20079355 61594806
162399697 57860799
43157102 97325791
53345922 46475366
148090781 51097743
38585210 33790933
142994575 62609634
158214648 98531646
72727580 14321917
31236045 116111241
42876431 42811904
120278660 58197009
40644188 75660186
41474252 4227708
120340320 65754473
25570847 129885067
57128131 100275096
18715313 146525758
39405190 137516986
93680289 27456630
106790646 88889199
100818644 44034681
24071280 54475805
90660001 107358665
29593619 45457703
76163047 128741591
64942946 126084809
83479139 71125719
78158608 60922819
128667270 87626675
29168510 13860433
153245742 54645205
17951599 43684901
51299375 37602256
47232502 58983473
128083837 118922005
157720264 23272547
106956836 100733467
116195846 119499511
85942757 121639702
129216332 110695331
156064201 82884895
145031815 105754003
97792962 139081115
67404533 93296867
145780651 111938842
56447181 130868816
58824790 14945194
104545429 58803972
85825888 59692902
159262920 64709571
48675715 3199497
21663421 42049586
149339180 133115038
44875082 19794133
38844527 21882166
110485373 60634749
95774510 15344257
77163618 43973519
24701196 65012077
123613338 18496485
28632578 25978410
79449069 117170401
162187152 18365685
114291246 32661521
42255471 101492861
158435887 12661809
31027604 121399700
44108920 20323925
37420450 83633647
57496346 96793999
77817545 15392383
25716107 19260175
31216813 68528170
96149332 33986115
36362224 12399357
85317805 87022071
146912713 97930401
105762217 52687825
41671160 131876175
147131645 1315023
57502196 108232063
17799259 21991336
100941410 61497711
59849860 119290119
126794384 90171173
20737475 70168401
71156473 114090811
95260319 93164896
74380557 123352931
127667915 39477319
39777326 74459061
71452069 120753411
137821501 83896791
65120161 79102747
47533811 32737251
63125377 93043411
139069923 116556400
156643831 48573235
53207004 135234713
112223486 107153515
151307981 4404521
103718490 770445
34635989 33987931
82087274 44188379
129764157 66440643
51077706 26376217
159181305 16797803
117551867 6809097
70896380 56915971
74650899 1019796
18848828 141026370
35032939 90011951
79582347 63970789
163274638 46077619
17010316 17820091
47163635 102865055
145837456 30825430
79007862 112653636
70923051 50382977
81013419 87040971
54951733 101216225
31869855 82656225
39118489 23406124
80538301 100582253
53764419 143044065
41693556 19534901
79442567 13562284
132798794 43234849
38238008 79917229
34999911 118625284
29141349 97487381
144921360 30158161
39742851 69199572
50731437 7856991
106292144 144394186
74294272 141533953
145152696 71635579
25881151 63309071
57743998 104200917
61789715 11530801
102870367 31197126
58318344 73012065
37365148 22993565
110500274 4989141
65730534 57867915
94909315 134921267
61050940 118713531
99240308 15134370
28799315 54127131
99161071 65570436
142059191 21400501
40437883 25974741
96831084 50649541
60305801 96861002
102939094 108031281
147104812 12104704
137621743 37699831
111486243 10945621
102201403 1147161
29750615 29487955
139799892 47194751
101987001 54317233
150551531 53230476
85456744 37050430
34085035 120903296
87518913 5620363
17055264 64155953
73228113 39864797
39304598 20838434
53611967 75110759
135477707 43804991
56642123 15073791
61387438 67463483
32939323 8290327
86176243 63981853
28246003 61501115
65881594 88527073
56461500 137268768
63284938 50777663
99985919 19192473
82255268 109360021
88995549 99034827
77953308 96589937
55244075 77493325
80412701 45706949
18777095 105542631
142455991 29731696
88273963 108584794
27073230 109171218
21429395 6982969
122252151 21759690
40802867 17628145
37630994 24975867
55072349 7638541
122580578 26539081
17547039 94171981
56127057 37641745
96004184 36440841
56664349 115777284
29378841 5760041
159524579 77599585
87502517 12009437
47673480 39941821
23025815 65330901
35992385 28475351
60209087 61155321
56934012 58065616
5688272 2151
207489 9223
319931 12865
402893 27941
406270 30701
8032235 31621
555359 44471
555769 45433
601047 48111
636549 49241
677219 53516
687202 53556
694901 53593
711119 56666
741872 58937
751794 60871
834393 70417
842679 74085
854841 77865
873757 77911
2527457 84255
1010695 89075
418381 90105
1021041 96792
9121193 97415
1089113 97751
1195192 110009
1233895 116517
1280577 119601
1293499 119941
1308321 136041
1372215 150379
1375629 153021
1404093 158189
1422043 161569
1428553 163965
1446248 174536
1469735 185082
1474249 188001
1487135 188851
1538230 193249
1623821 193913
1629827 196374
1642193 196513
1667683 204401
1698396 208489
1743557 222665
1785094 224417
1821887 226713
1825461 229274
1857346 233199
1880379 238292
1883119 248065
1887905 251254
8423891 251291
1924363 263718
1963659 274237
1976125 278051
2112637 279186
2117337 285669
2157341 288819
2216787 298450
2236030 299681
2258401 299809
2280290 304201
2296385 304911
2310589 305179
2340716 306153
2401269 310917
2480454 311751
2517081 322444
2526381 325711
984767 325834
2535983 329069
2544629 331615
2596195 332513
2616175 340431
2645226 353076
2721439 353111
2771047 357901
2857427 358596
2911907 362077
2973879 366387
3051841 367469
3081252 371577
3097499 378105
4868317 382688
3244279 384535
3304905 386553
3342368 394253
3388293 407436
3489826 408161
3521834 408293
3582151 411255
3607266 411487
3638946 415142
3710927 419497
3716065 421361
3818735 422624
3847786 427259
3862876 429025
3899249 433351
3908753 437431
3917546 446746
3932297 447145
3954192 448429
4001089 450118
4023997 451047
4270653 463775
4431735 467869
4483369 469073
4485505 469928
4506428 471551
4531072 475871
4551992 476045
4565555 481941
4566371 483953
4575839 484625
4642954 487728
4726550 489970
4797101 490761
4798871 491893
3218645 492643
4912013 503943
4915772 517853
4949374 521321
5002951 523892
5009131 533804
5025623 534061
5046669 535126
5137333 540281
5215359 545588
5221793 548655
5245603 551181
5248581 552897
5265404 554337
5336754 556045
5341491 556161
5389385 559666
5639221 559671
9399531 559709
5719361 562261
5751879 567290
8501446 568523
5811968 577433
5817311 577824
5823753 587085
5832985 595341
5856447 597311
5867736 597378
5905115 606910
5906727 608911
5906869 611913
5944397 624601
5997125 625238
6008467 627065
6029375 632942
6042590 637738
6053191 639433
6112504 647785
6139651 659161
6205643 661580
6223550 662211
6235011 668641
6279171 669996
6408980 670519
6440826 687412
6473483 689301
6504457 690331
6531481 693361
6570940 693513
6575345 694172
6587240 699467
6603650 699701
6661775 706257
6684503 707016
6691382 711794
6724873 712043
6755087 723882
6760930 729326
6790127 741851
6866366 752385
6935357 753191
6981393 755241
7035469 756904
7132941 759539
7178986 759797
7224746 761601
7257078 763201
7363573 765653
7378800 767453
7483735 770851
7578524 771801
7602945 772679
7665326 776769
7696605 780679
7706535 785035
7879829 786501
7903652 789665
7932378 790822
7961613 792068
8018333 794525
1013763 795600
8034513 800757
8110723 804529
8148825 815543
8154645 823421
8237315 829584
8305615 830325
8314602 830472
1916670 835421
8446798 836185
5777969 840599
8540281 845425
8576583 847861
8709957 849313
8714269 851757
8726394 857168
8772871 859829
8784778 861281
8888871 861682
8921839 863315
8985024 867361
8990153 872594
9012823 874708
9057635 876203
9071155 879361
9095323 881537
1034796 881935
9124325 895571
9231567 895857
9249973 899681
9300180 905252
9308328 908149
9323169 925141
9393834 932393
87672 934903
9447862 938228
9455076 939721
9465117 944001
9535991 945913
9542914 948097
9561621 951861
9694961 956377
9700978 960041
9784093 960793
9840307 965241
9888495 976561
9893060 990929
9998815 995483
250 250 188183938
748038669 26478261
725865321 57898063
632202721 15636633
743875710 66996465
699911998 35761727
785207484 8180273
632372740 130612863
636101067 27988039
635556490 44884223
718700927 13813373
692866316 5966191
769473665 163675875
778548198 60316109
813775357 14797583
644415303 71711580
662613468 7644756
703840206 96316835
673049882 134558371
697572222 81355915
773524307 158476669
774542545 33455949
700974639 23722554
810745978 150580669
659311095 71026828
717849043 186050294
778133579 183291949
742723454 39328289
752878561 356440
631513530 128302323
734986370 89029081
712321801 64519486
778775959 120518240
691181390 26581245
707788672 17291305
665925924 88033226
776846684 29759389
732998533 45748805
690750988 36796819
740409249 166192969
802984663 5048704
781789636 75184170
650679400 34250455
725605281 19057494
632662230 137095287
641978639 21347289
689436214 58174011
715497478 57913573
634678468 17783241
686621293 138473056
707695034 16293455
792218574 4028379
737063924 79972621
761412122 92785843
775798956 33568761
735031525 18537395
723340794 32048833
692702404 67174597
699666084 146604818
638616022 185479546
657897027 2533405
724232909 63561435
685417860 12970329
662555975 124690972
771189596 21455917
812076917 108920
803743726 4477378
710752822 23039414
798277438 150092575
651332256 59701257
710095748 71580869
673635402 69096787
685875446 92677441
634530409 4311217
670808260 1951223
678252227 42628681
727989155 72479950
664410069 149708429
716586894 5575749
749011749 1465282
715902931 151573049
801973176 109732726
755838010 20001271
733316248 173110394
685104828 160188055
648094480 163192218
641622232 7288057
695166781 99188989
725828140 17962119
631791078 46829965
774936211 57280191
694125459 947866
678189968 68060560
660552389 36279441
684282266 12337537
708835140 97239133
671199264 21395715
650088282 107919703
686620836 123909853
689461256 32437041
701211600 54710143
693230645 87457476
779121365 103280643
773074372 106021639
635361774 169874452
693712820 73504959
750303691 119781338
653478190 50002789
788715385 184956831
648951292 150014593
690388609 75466625
756754416 182165667
803056401 77692273
666563032 97793641
716036102 84474150
711227358 43126101
737260550 9111025
775822141 136798163
687954138 150587648
661622222 24987703
728447392 105672600
787816455 57761184
669805241 102305655
788984710 165344030
808580425 152220187
631911951 64243247
691139566 116005058
702803710 125581151
656022812 2776075
727146270 51970189
796437742 54145185
687781010 87358465
801982537 115384262
772695966 62091623
688770809 140951601
818697276 21849927
710305846 146994185
684860994 104927200
767108917 90105271
644339641 31694911
710990944 84320003
669809042 125656273
681606497 163796141
729529987 17980163
636730196 8501065
788907848 101974933
788534144 7604356
682240756 7178258
729579225 157459738
717425012 81856105
676118536 98473068
680741460 76098220
688645084 73326806
668771710 187503061
706565716 19545681
744410618 39236185
668040096 138138001
659066073 120491976
802712916 167220410
718441996 7448046
800878755 24548973
700379296 23625375
642127998 133784407
652075520 104621554
755076918 170717130
750030155 117153310
680802332 23650171
701546522 807737
712847161 185609608
763556615 150259895
647304690 92246848
658545810 55290175
788832882 77937665
664659535 87294177
735916616 97343641
760853592 123996939
634573102 16706665
671019821 38295258
632325739 120746377
737649684 62030561
754753533 10838171
672050483 96485943
640255899 113950453
683164494 106163413
651165732 146551009
634651725 113627586
647549890 94591773
796448314 87900121
632375841 89128294
642680038 303497
638557361 54528169
763623660 109306869
732833174 17113965
645605088 163696687
737906412 16395423
642378300 98013130
677904651 176566280
761053554 134804467
707903944 110160804
784718295 420911
642658484 73927009
646833134 123060609
757690744 130787025
651728808 41353242
750154050 63526869
639125011 17204881
727236097 5622063
699626411 90070399
811822922 92605390
731821892 111195555
642119887 98852787
683772913 143120394
740791833 42766273
648598164 133885633
694625143 128054277
793946795 144004775
674230386 107655325
633823589 97606711
661076306 98825604
789096924 83756961
712855828 11839357
692880120 138219707
777834605 142830101
685749228 740349
769059270 8109670
742569753 101860158
679356964 155736691
662699649 138671953
727692578 7458002
710760137 6593689
785618016 92745815
680155560 156280203
749477281 14582503
638034664 15576585
635343319 157866151
643065106 51515439
691902187 160039957
797512629 30879313
652270568 161477634
701031831 113185045
806634889 106041572
791212734 25316426
768121899 11263285
674448789 53836865
633606241 134468066
708532004 151865341
731670940 157912685
689019451 140397177
643918092 93864376
768926624 119465601
790898796 24892093
95082 3951
132669 4427
142920 7325
233816 7656
425904 7873
439316 12243
514105 13705
564812 19450
653857 33809
702476 35472
740793 35821
748242 47845
767863 48450
827981 49337
828707 50011
954704 50765
1068056 51820
1091795 57712
1188000 59001
1271731 63242
1445855 69841
1521491 74865
1560226 79431
1584948 90652
1621400 91898
9048373 97297
1746746 100626
1748781 105701
1825396 106638
1837256 109961
1859315 111685
1965073 119926
2021335 120091
2133468 127329
2151590 135265
2155019 147760
2249180 150180
2300067 151393
2324658 153993
2425586 155035
2428361 158461
2525299 166145
2558297 178137
2630595 180376
2665547 182107
2669798 182639
2672617 188099
2772206 191740
2789492 205577
2790444 214341
2869957 216129
2896946 218129
2898071 225511
3007114 227365
3046591 229581
3046869 229611
3094898 240777
3109212 241529
3126954 242733
3187586 249257
3354401 250450
3389387 260528
3467184 262021
3571717 264441
7197152 279813
3651606 281031
3674226 283589
3779766 284002
12290244 284006
3980184 286551
4033083 291343
4075101 295201
4117871 295442
4216884 302233
4296013 306391
4303085 311388
4361386 315809
4438705 321857
4464231 321921
4520229 325567
4537222 325916
4558179 327745
4588091 330095
4574192 339045
4626315 342476
4689306 349393
4810568 353436
4810672 355073
4823838 356966
4843245 361345
4916712 372825
4941596 374961
5032536 375514
5116456 376736
5215348 379306
5217851 392313
5495056 402765
5571535 403681
5573486 405598
5709669 407169
5747089 415931
5782816 420101
5832267 425001
5888935 426304
5950932 433465
10566015 434886
6027089 435240
6103957 439277
6132176 442410
6139245 450832
6152285 451033
6159921 463274
6229444 475277
6251756 480108
6257412 483866
6280706 484063
6351711 489089
6390590 491901
6550250 499461
6603967 499991
6638756 501673
6653806 502227
6857040 502461
6923268 509166
7011579 509701
7019096 515513
7046739 527289
7047881 527311
7059249 528137
7135006 531004
3644291 537247
7223930 551977
7270443 553750
7384425 558861
7420519 558865
7487644 565686
7512199 571977
7525301 573051
7532439 574025
7537136 576097
7566703 587681
7611591 588820
7616783 596461
7698525 601993
7737578 606416
7847835 615222
7968420 623141
8035853 631597
8043271 634277
8048389 637709
8104139 639519
8110952 641145
8161316 647943
8242111 649341
8249476 654593
8290945 656288
8381514 669106
8395417 672190
8395689 673458
8420864 682922
8447454 683019
8456417 686489
8541600 691943
8597916 702151
8599355 721718
8855803 721797
8863857 726293
8885647 734221
10564887 739669
8924491 745932
8978949 760031
9013153 760493
1630454 768346
9070752 771381
9080479 782332
9102173 782630
9154511 785626
9164463 786769
9176177 789469
9214219 789858
9277221 791304
9279461 791521
9290172 792961
9345372 793031
9393741 795246
9441008 796947
9443756 798858
9454865 799393
9488806 808945
9613293 812227
9708152 812951
9867098 814900
9914049 820241
9924786 822376
9961952 823921
10029856 828423
10047810 828684
10223814 834343
10270556 835162
10304640 838661
10318767 841761
10326695 843031
10490842 844227
10521271 844391
10540426 844769
8896366 844797
5951182 851315
10573115 851393
10574477 855663
10576076 864491
10654226 871488
10681254 886181
10690546 887667
10737733 892219
10738332 903710
10777871 907011
10840476 911949
10908076 913261
10985593 913291
11018723 915321
11044669 916914
11136871 919545
11221513 920481
11224654 920859
11230746 927171
11460639 927673
11476874 929545
11658758 930595
11698161 948001
11774120 948826
11838313 954326
11848343 954881
11890395 957329
11904241 958121
11923025 960511
11972517 962001
11973939 965309
12046404 967045
12085141 968083
12092663 968105
12128220 968741
12271361 968992
3874562 969901
12359464 970641
12460329 971683
12552155 981257
12567784 982931
12694068 985711
12713960 990876
12720609 991322
250 250 121189264
101153626 38868547
159159728 15152182
197777591 38684673
119072528 23265766
124385097 52825473
104088132 72946369
202830717 1997749
211384118 9860693
167761752 34361454
93125832 105685543
103771760 20188545
163151591 113953773
106054781 46149445
106434372 20466993
165668747 41023333
164475197 67362703
109044336 80030001
207982964 89580949
200039976 75765041
150986202 18902199
153521352 40922449
156042985 146369
102955728 101814273
206696084 45211538
113449482 47926807
173638099 47996736
115592532 37125497
140235315 53514173
130282489 89478606
166310528 26013541
177260727 9758209
112812778 36304401
161966489 34290804
165072540 34833676
193815190 12535297
165875703 89929169
160872908 13075531
136376232 5478861
106901552 89403489
96888984 48355857
125035678 86995644
182566214 108868201
179834754 39575134
141420410 24766245
144926447 55928647
164735480 37419889
180089542 17496136
176101251 78109457
185995021 46659776
193583047 59996029
105156739 707421
116119017 23084944
98486142 73753434
102416688 41143315
132456607 65242252
161507111 61465405
189288182 100546909
107998118 100212742
95008137 71072697
195260446 49668241
113039862 17227169
161971537 86878857
142334692 100418385
199640357 4902780
98507407 51344749
135249615 29993105
95686077 36524927
153141816 115825823
139906067 23256376
123168342 85040775
199491800 5469250
110066236 49969983
110863294 96151511
190122304 2169400
198477362 16846757
211480862 117267157
94925912 85656626
93411967 27114389
112303577 7719829
104924147 76510737
129795455 82154677
190659813 100955029
181876842 33849173
140191578 47041842
155672316 22810725
115045405 66267721
204280615 89764751
210542103 64338238
188069433 109605405
141510983 106839909
115626742 64430905
143033609 18280118
97379106 666637
200937927 32895369
128079584 50763203
176574542 33945241
132412629 26423917
195970050 1055993
175268032 38241703
189200702 14493360
160144904 3255387
212225342 105710292
178933226 7882421
146608171 36995181
111929742 82044671
141727082 97369025
192295257 21776101
104887041 101701407
144861755 71977623
102397897 65794597
122307423 110304423
165078402 42057645
119428375 73084194
134620831 64152301
204114845 57401509
171741607 34651883
161293462 53668665
184739454 82069548
155235331 159614
170834342 45701211
129986975 1167413
115547297 38194959
136336964 21585103
93853376 99662788
183857028 17707659
166942728 71000201
159327127 72828305
160576935 103969065
196103038 105070906
149358340 29629302
151056862 22652835
156079884 7894263
181592566 59556807
144873416 66846649
167819717 42565902
187372842 14222167
123147862 94368045
152930115 114559873
127517000 38400859
162297883 33305847
131520453 59660870
148101142 91071511
145610696 106030965
119640214 102787771
100267081 62898760
122130998 73174732
111398486 80388001
131637336 19787801
171006027 73215930
202388546 12665311
105611368 42661828
100698491 66750402
110334957 25505867
121563558 9402717
102569040 37817846
100142223 30642080
197182590 76266449
108567635 12959603
147766497 101702728
132538196 120061254
171468676 6897607
92310671 67119864
206043874 44724187
119819622 335731
166315928 81164529
107211632 71369873
100491800 46674777
198824522 101470199
101736207 51498994
127369010 108807029
110673114 61530241
198694011 13483737
155500959 44746307
143679922 4410779
97149997 1231349
119842015 70692203
207165082 9386059
180190112 118641169
167585973 34826317
183415111 108592618
158680012 26126129
161107152 86209577
144095454 105174317
97927365 84969269
101273511 102613979
102995279 23885009
163721437 11377489
106925224 13546454
133168498 108627651
110679890 75313119
201431613 8723099
129288918 6758801
193477750 65043135
136610199 54077167
160874779 84231925
149666326 120619297
130540327 88095169
199863576 20408686
165951137 85991205
146673092 18568533
178940717 79683649
212597946 79189745
150056777 1294601
92054894 43527741
116142139 54385178
211208577 107658975
93682742 102116435
139840694 107738219
188740622 765763
129854591 67267348
182597414 53775371
122130532 52589776
182590965 50707301
94200011 22624977
129163232 49229635
107910152 116201759
91748735 766456
194410692 19653192
132076209 25050297
105429335 6092769
170516266 54603749
172834462 94923181
134071154 84268605
126117842 68944724
106981332 10261153
162843057 53390561
109738580 114840533
171854351 56536243
104370970 3457401
170851741 72293494
197801130 22312265
194831521 88238135
141195978 14018081
145436486 68695676
138005803 104444521
125694475 17722435
211676421 4434651
152068918 7436596
207107221 1690876
178604907 96858874
149052770 103457940
94380202 60172281
93222829 106190191
92694459 87438721
153826813 111851353
121813658 114837627
193266807 57922123
144431909 89403099
139536911 6732289
176636648 4456453
44337 392
69446 1761
102062 2743
146458 20929
163578 21649
223676 42719
355508 53651
364287 59247
384385 62906
398798 63141
428384 65626
464874 65999
513313 67201
530540 72721
538428 77566
602145 80503
636039 94757
672151 95067
680832 97568
755974 99169
765671 99763
787345 108337
787593 110451
799956 112436
847480 112501
910274 113173
930840 115201
931310 128869
948394 130048
968698 134377
990107 142121
990718 158189
1006993 160695
1040790 160991
1084675 161937
1135155 167225
1264797 174641
1306983 182081
1310030 184495
1320646 184511
1334125 187071
1334516 190251
1353125 196155
1397747 196697
1410300 197452
1425108 197920
1471895 205901
1522105 213507
1530586 215626
1534303 217682
1543374 221321
1566917 229841
1581885 231345
1587408 241551
1587615 242924
1595569 245941
1616102 246865
1627562 258749
1653377 260665
1724425 263695
1825818 266241
1841085 267017
1841385 274797
1861840 281604
1872223 281706
1957228 287353
1990352 288480
2011420 291720
2013063 294573
2034697 294945
2035886 297383
2080636 298933
2110128 306398
2149153 313926
2225627 320801
2282891 323041
2286688 324816
2298336 337041
2328192 357301
2360426 358171
2369109 361001
2400299 361585
2421420 362089
2471077 364838
2491862 366551
2634191 370326
2715414 370951
2746579 384737
2794975 385635
2824160 390199
2856742 392081
2890265 392146
2925611 392449
2926194 396212
2952786 397201
2959146 406643
2961197 408441
3001737 422091
3025212 426521
3146619 428736
4794752 431857
3272619 433989
3342366 434261
3359305 435773
3462357 436995
3473668 437841
3510683 449101
3531217 451015
3556603 452285
3557443 454857
3642645 455831
3698963 460412
3742467 460665
3752444 465649
3875372 467444
3904790 474165
3934026 486281
3949935 491345
3953077 491505
3955883 498426
3960859 504102
4011393 504846
4061222 504977
4114685 506113
4119152 506647
4145219 511657
4185604 516697
4287726 516726
4299065 526947
4310944 529809
4317349 530305
4329196 532660
4347037 537175
4372447 539137
4383332 539183
4389172 539337
4394211 544399
4449330 544481
4453375 545192
4469656 545556
4482870 552050
4493932 552471
4504865 555251
4506055 556198
4512720 563292
4513452 564439
4515544 568297
4673257 573082
4683073 576595
4746106 585261
7175648 586377
4849076 593511
4853787 595929
4864449 597124
5002650 601526
5061916 608751
5136003 609901
5143564 616157
5149362 616317
5167562 623068
5224623 623615
5321618 631957
5489375 632917
5553118 633256
5571842 634913
5584597 643493
5595121 648853
5599374 650705
5610860 652672
5611581 656268
5707390 660961
5712708 663749
5732129 664433
5795233 670408
5863916 675205
5934459 677145
5995749 680196
6035239 692803
6038075 693048
6046499 694723
6122498 701948
6152176 703785
6215580 712861
6224249 714245
7133491 715097
6255242 715696
6329567 720801
6391674 724299
6399659 742833
6402263 746491
6405558 751951
6445555 752621
6486130 754063
6488056 760457
6560760 764477
6648635 772001
6659613 775011
6741338 775997
6843439 786858
6852477 795570
6858635 812949
6932700 813585
6956299 815268
6990320 818277
7006210 819908
7035823 837697
7040860 838713
7060038 839577
7086925 843513
7105017 845460
7114191 848836
7118908 851779
6229259 852571
7155202 854491
7174869 856053
3245315 858301
7196974 864313
7228976 870753
7293808 879295
7327577 882457
7353802 883221
7359604 883515
7388829 888559
7428240 902225
7561044 907157
7562491 910826
7601089 913314
7609322 915321
7649738 915410
7659698 916598
7666592 918169
7687435 932376
7707974 932785
7750678 939846
7756161 943111
7923069 944033
7928857 948473
7961539 949961
7984536 953321
8043743 956346
8093102 963285
8108958 974505
8112093 976297
8133727 983271
8141346 985221
8147391 993676
8191208 993989
8203750 996422
8217517 997201
8229591 999164
250 250 211476548
247091667 65422435
320743765 44956962
290636737 35411325
309858043 371674
230978250 55751965
397917189 139373196
324175217 629839
257862072 175931919
195992125 118242469
368273608 51614853
362864103 154561769
358983001 47594287
290506362 102149345
365030710 194480083
200424501 14718653
348140235 181293986
296845617 66087569
230883087 115181791
229378933 40718181
194477901 196808869
324464320 95807326
339523290 118892443
370330773 54799448
221497165 79034241
360287629 42658591
313198077 109763045
292100541 48248584
375005121 101579345
251515098 28669249
379975428 154043
300905058 48132905
348990888 121152241
371967788 1740077
384211978 111447773
213574947 148300656
223718175 206108383
195188228 96460579
269731590 77593891
320293920 16932268
274088106 9929233
318668072 47246957
275467037 123028613
212573297 15960065
337041193 188767816
257077164 76981370
369744888 31835866
306914335 83755057
215766300 47631089
198542916 69612531
284991008 134537716
282683299 200616353
223428984 8142319
404811598 2433454
246800844 69850793
362497258 178260305
286639481 84733188
232400073 141198869
202450068 47666301
196991519 173779057
245521834 69141255
208438947 73187029
385808237 97104349
213547196 110365746
221031787 87581877
204434129 129010201
293936808 50638709
278836131 90583181
288688887 145747183
386533437 50962513
279715935 152725156
258316662 39529
245371467 9324005
215233920 28820326
296730063 60789235
272223117 58537441
236748176 30268779
194873117 194682097
202080815 138718981
280247259 67234005
343494150 3780973
287527134 7732417
211217800 189921390
221658526 48333391
370542163 16168273
374262601 71759054
358351933 55344521
213918401 154268714
302837548 46187641
346516833 136608597
311692603 1987994
397846815 52217345
388063562 168112873
357513477 32444223
400554856 82310765
379293468 60462736
286064781 161293445
200659839 196546715
372165219 50239489
238218579 46284249
365042378 191678093
224091669 89198607
262675989 22293981
291480796 202023559
343589921 44961967
333083517 132086605
372841696 189023815
285891158 15943453
297318233 18138365
373392365 61961677
240380381 125651461
195821628 154564201
226024512 9639784
299846959 98687001
319080317 31786170
363735543 125540203
210418262 23373505
353195482 151964630
270441178 46277195
354993673 21806708
235047490 131126197
208825900 79975907
379247365 5161141
258486363 147220733
220585248 132387213
284529660 191054503
282590061 71488335
313802007 205943155
390884617 98199995
239385984 152659833
397333512 68306903
245911833 997410
213474563 65348308
216204909 43265805
232864927 11824273
327629677 102191626
229406259 2346341
215363256 113819571
230879122 24254981
274495139 7455662
216910175 12877701
365596772 32099635
252428730 52019244
274057293 120030065
241256719 74674435
369488572 191300590
376964395 146729907
242052208 177909929
381337605 27423841
395942582 207552071
315782224 57646706
259179357 30966401
212891184 105408220
358954878 153453727
263251004 201343310
198286129 102523583
217531350 76738357
220036760 52871077
282727638 171608393
242534861 38807333
207435580 112047625
389865363 176981798
339671857 22951108
210431478 109962693
315329741 23315261
286213581 128133773
278314425 41841953
334810197 13647941
250928889 147367998
204955077 101812033
235267959 198789873
264724200 142395976
222565000 199386513
396205333 7137313
195425459 184217599
231030697 115259708
243057368 5926865
250856329 52618087
272349258 64116337
254485149 36609655
330525229 14074359
213954798 109727738
286336065 57347056
232817187 5361851
312557202 32420093
384933289 131753925
377874217 407037
270546555 169720502
287436339 111795265
240389702 31704628
367609512 108778868
220856703 41771611
220730462 108947749
332453433 72008769
271337517 82504974
253540793 157067681
237717287 61676597
287628705 201586462
217661541 107889873
195518979 118593807
202201593 86652486
270412065 11889495
317582332 42742174
257783841 24819757
277378043 144622909
377939460 77517802
332435997 29502919
349541488 161765255
293616976 58938001
360890205 49866715
280696687 94095136
390159129 16201419
362263523 73512609
209853067 120330505
274615137 18339901
213222852 208955152
387521655 34180231
310140137 162926849
290435588 61015943
199936911 197106013
393967002 188086749
223607937 128949211
354309837 115850717
318015689 146963309
365098138 24490753
197783134 48264091
217351167 119219747
240651198 132093861
295113789 55841157
289028781 163267683
389957437 187839993
273799464 116692489
234192391 173875411
297128106 118712201
222955947 90489656
213894789 73132321
386820894 40950017
307528325 60263371
253948533 137434901
287539799 70751168
221976018 26798785
401781093 108534119
253853477 38119685
204542967 105542227
343977158 52152001
403280715 107385026
232156859 94141657
194232007 22770333
362210927 1121143
404536225 69316751
247086285 7199719
44441 6487
55096 8372
154611 12337
237121 18664
347851 22216
472495 27489
520240 30131
523329 31719
566053 39705
596885 43461
607587 46408
632185 46925
649058 47253
712748 49707
783298 54681
881699 56606
899264 62863
938065 67891
986460 74291
1068579 77345
1154309 81451
1252403 88335
1269476 88801
1320667 90843
1468927 91417
1496385 92065
1571869 92326
1614119 97748
1621909 99224
1834624 99531
1849167 101753
1902790 101835
1921388 102078
1958845 105409
1976568 107937
1991109 113442
1996197 115647
2151087 116075
2374760 119709
2376236 129421
2376796 133693
2382245 142869
2389011 147369
2510991 152561
2516809 156641
2583517 157801
2610261 160921
2639210 162041
2647751 163147
2662753 167074
2806567 167574
2851859 167994
2963931 196971
2965137 203665
3011551 204251
3047371 204345
3056405 215961
3070958 217446
3165537 221825
3213201 225555
3321466 226418
3427977 231953
3511575 235345
3575205 239926
3866137 243411
3919861 249321
3967931 261707
4148373 264701
4199221 267765
4232047 285275
4324099 287881
4333607 291533
4369239 304583
4374357 313793
4407655 317914
4567229 325569
4575747 329343
4644398 334564
4660483 334634
4691793 335528
4801938 339457
4815213 348147
4827221 348736
4872609 350742
4901158 351019
4918800 352145
5061027 353965
5066451 357073
5113977 364697
5152293 376769
5282349 382846
5285333 386042
5425952 387311
5603133 391833
5665398 396875
5690769 400961
5727166 409169
5760621 409739
5924881 410166
5974735 423731
6012871 438949
6032557 439555
6074781 444533
6102935 451588
6155025 451671
6193444 451841
6215821 456165
6240350 463922
6371117 464125
6372821 466850
6399832 470671
6535371 473244
6579783 475190
6735160 486895
6769367 489126
6888328 495115
6891138 499177
6941072 500579
7030997 500631
7043857 510032
7111815 512945
7117099 514289
7121311 516591
7134436 520573
7200721 522691
7259207 527819
7312623 529499
7378851 529571
7437234 529781
7475213 535761
7521203 539709
7548943 542561
7558072 545499
7562855 546270
7596238 562171
7614427 574578
7649657 579453
7711913 585067
7794782 588333
8088231 590114
8182901 596657
8294199 598213
8352910 601009
8599297 604337
8621935 608817
8639204 611041
8706845 611721
8722074 612964
8824495 616769
8826919 620953
8865328 621958
8907073 628481
8975950 630159
9045600 631754
9055387 633267
9072993 638761
9110523 651979
9112259 653635
9115814 654318
9135504 661096
9237385 666094
9240147 668021
9280343 672297
9281193 677045
9284681 694929
9359801 696537
9442820 700575
9454945 703595
9519544 703937
9552619 706285
9597545 715651
9677467 721533
9741713 731693
9792227 741121
9842865 746371
9848389 746547
9942516 750307
9976277 752716
10147925 755801
10202081 757081
10271906 757415
10333045 761435
10358577 770817
10411944 771557
10423900 799239
10433476 800005
10481145 800969
10592987 801197
10602569 806117
10773906 808577
10776607 808691
10786064 810116
10980577 812081
11002427 820033
11016917 825249
11056929 827081
11117237 839701
11148211 841673
11187117 846496
11195319 847434
11227122 852141
11527843 858266
11550479 863256
11649789 865593
11759656 870523
11846883 871671
11851661 875905
11913578 877441
11915437 878991
11921880 879095
11935453 881089
12002497 884793
12149629 888046
12344157 888930
12425783 894523
12527539 894665
12571718 899337
12601235 899752
12637938 904451
12843459 905057
12920611 905991
13022047 913996
13154349 919295
13197216 921357
13210259 923789
13221339 924637
13294599 927585
13305208 927831
13320577 928961
13420143 931691
13422262 932425
13492175 941701
13710513 943221
13745215 943469
13766553 944177
13814251 949971
13920947 951260
13973641 959813
14059005 960570
14060547 962973
14076987 965929
14077533 966216
14136887 967224
14146956 967225
14186686 971404
14204177 972774
14292037 988657
14297171 991958
14298469 995669
14332335 998450
