10
250 250 507165370
0 166517009
0 230560786
0 98110630
0 14776515
0 46546578
0 244180827
0 422461801
0 186973721
0 21112931
0 370670341
0 148664816
0 7983515
0 30420163
0 58481386
0 164516391
0 15849931
0 60818941
0 92921461
0 46501811
0 491383751
0 71273989
0 79725781
0 446328081
0 28151201
0 468302149
0 269090251
0 90623101
0 4196811
0 398121777
0 86515464
0 258691635
0 328684045
0 360752950
0 39639515
0 154058439
0 114959071
0 91381753
0 28098421
0 71462941
0 142329418
0 77100505
0 94989665
0 147202868
0 174353691
0 146465081
0 282283725
0 144625138
0 330877825
0 81328266
0 324755349
0 271113840
0 372794665
0 17109249
0 234967601
0 49256659
0 126976579
0 68876806
0 111816501
0 185212263
0 16613253
0 483831631
0 18211406
0 42605061
0 465664717
0 165668943
0 267214081
0 12249776
0 41509408
0 49582849
0 210022579
0 417612209
0 138948353
0 306500347
0 155825265
0 33547801
0 34649900
0 429844876
0 286719086
0 133504009
0 146715301
0 288962236
0 35650051
0 190654539
0 116291375
0 4543566
0 437023532
0 210015250
0 7192836
0 57215519
0 403504741
0 366786713
0 218776661
0 81318429
0 4583485
0 343309041
0 317824921
0 7592891
0 140772601
0 204414055
0 127595462
0 151445503
0 411578161
0 94926681
0 1776545
0 348819937
0 28096615
0 459221043
0 237133606
0 88752265
0 114715215
0 112447997
0 157115439
0 204214833
0 344309241
0 455730408
0 427447693
0 126619521
0 93765481
0 23396031
0 235776451
0 331771571
0 56082675
0 213444001
0 153011713
0 226776003
0 183847705
0 34136361
0 245574561
0 144709986
0 28000981
0 157475019
0 189888161
0 112348462
0 460424646
0 41535339
0 414369865
0 44782879
0 161596
0 83920003
0 280794774
0 28134891
0 956772
0 242763753
0 9622369
0 171931161
0 459895515
0 114960286
0 320359105
0 338049715
0 102564858
0 136120615
0 309005455
0 323282545
0 437229967
0 231453732
0 69638878
0 315032797
0 85084581
0 24712551
0 79216964
0 37391671
0 269908869
0 236682297
0 13520182
0 77496156
0 87446185
0 28815601
0 496885270
0 24093171
0 10155229
0 105648967
0 34370051
0 332831521
0 371826005
0 84916951
0 63215221
0 398257941
0 126045253
0 157288433
0 180421553
0 326070011
0 22819483
0 94753412
0 315954913
0 227460864
0 75187841
0 105036847
0 86405761
0 219323031
0 142209473
0 26950393
0 290943505
0 139818025
0 141347701
0 142260957
0 193393477
0 441371701
0 165519566
0 47497087
0 105722910
0 29794152
0 294162268
0 409672377
0 445259081
0 54306106
0 320780883
0 155486089
0 57693387
0 4150896
0 191714729
0 21003355
0 22577487
0 5636401
0 387996094
0 100526943
0 492340465
0 275729408
0 56856621
0 82517968
0 93084306
0 44492806
0 494213098
0 416710813
0 95428501
0 179606449
0 7132522
0 495871056
0 87894368
0 148181080
0 83653623
0 305719009
0 342094731
0 452769126
0 224180779
0 169260346
0 15653894
0 390749411
0 281739657
0 347776129
0 136535521
0 65959783
0 428004371
0 79701155
0 457789746
0 338229292
0 55522757
0 209937259
0 81792254
0 19695921
0 145130187
1691234 3921
24557 5031
57994 14017
64189 14061
174909 15865
187833 18391
210855 23143
285621 23199
382252 27686
386090 35501
2657081 40583
487169 43469
522053 47325
534598 53591
556411 54137
563625 57337
589952 58754
642045 66856
2749912 67783
762897 74785
775018 75511
791000 79123
827154 79873
6022433 85790
858079 87889
887581 87941
949824 90851
966057 119740
1008877 120361
1027277 124264
1031613 125875
1090147 126829
5116841 127551
1136993 130315
1176457 136849
3511906 139751
1208089 143794
1227741 146099
1233931 147921
1260761 151865
7309593 153489
1302146 159661
1347322 163751
1355825 167335
1375171 170320
1378583 172016
3874953 173089
4908665 185568
1461855 186725
1528657 197651
5880021 203217
1542913 206749
1560919 208715
7565765 211645
3883 214041
6512913 222297
1695605 222721
1729557 236257
1742517 238023
1801305 243881
6344616 247689
1822861 262095
1840433 265669
1847001 266113
1873165 268161
1895544 269947
1912965 272001
1914813 279775
1935232 279951
1451245 287993
1946365 288303
1958873 298037
1962497 300909
1980995 302376
2042833 304441
2070027 316729
2096259 328317
4002627 331327
2174716 332481
2203059 341927
1695234 343654
2263967 348981
2292617 353693
2395699 357721
2404809 363903
2447798 367533
2533865 368749
2561014 369657
1539325 370001
2569641 372561
439049 373073
2680943 382797
2708224 391031
2746428 396393
2746793 397638
721029 397979
2765537 398646
2834655 400189
3003245 400621
3085092 400966
3141345 408773
3213005 409053
3217451 409737
3268309 413724
4107761 418780
3315209 420466
3367945 421309
3369961 422781
3386724 425750
3392869 428896
1655897 432000
3412304 439185
3432237 440651
3444753 446079
3451891 447573
3487381 460209
3495201 461691
1178645 470853
3516616 483889
3527753 487585
3566109 488311
3619759 490141
3652193 490282
3687974 490404
3699681 491225
3706279 491925
3708721 497649
3743837 499276
3789739 499963
1937123 507261
3883019 513601
3967511 522828
2110203 530006
4026619 533016
4068455 535426
4076567 535841
3298223 539922
4112913 550954
4117951 572176
4182338 574153
5485857 577532
4241515 582741
4247663 583957
4302839 597511
4335939 603793
4342956 605321
4421902 606171
4421920 610231
4486250 617109
4490543 617484
4494109 619066
4550363 626448
4595255 637596
4775979 640151
4779469 640216
5890221 644058
4840394 646049
1452089 647397
4918385 647581
5021712 648346
5023269 649604
5026792 655675
5046326 657817
5095849 657872
1112785 658100
5197812 661311
5211935 662369
5272573 674158
5350109 692343
5383213 694681
4207007 695457
5559085 697329
5577265 698445
5578177 703065
5585979 709169
5615805 713217
5647849 713911
5651893 727101
5681857 733835
5685957 734507
845925 734681
5779416 734931
5785219 736501
5791669 747330
1816593 749825
5889325 754591
4839637 760737
5992565 761081
5731805 761291
6103335 765849
6272899 768763
6253088 775003
6215790 795040
6307034 797109
2563281 799968
6345169 802530
6388840 806566
6406467 808015
6495803 808061
2262556 810293
6604159 813001
6618589 815756
6699053 816753
6759799 820676
6781869 828675
6851551 829086
6911681 833884
6875905 836633
6893637 839595
6900321 840461
1276962 846949
6928197 850240
6940259 857743
6944273 866769
6975741 870693
6991497 878337
6994978 879226
7000141 882287
7081329 882899
7132553 888873
8104785 890013
7278869 892231
7286178 894474
7289083 896045
6871904 901169
7352175 904977
7451572 908847
7484738 910936
7491038 913755
7561969 917018
3394901 919589
7585529 932240
7620353 934079
7638717 935405
7702687 942891
7744173 945231
7835943 952193
7866479 952561
7887651 956243
7888841 958811
7888989 963541
7932816 970919
7936410 980760
7950518 983751
8042943 985296
8054531 986881
8065701 988891
8073747 990504
8103240 997330
7176620 998771
250 250 624833977
0 41334151
0 117414529
0 152785465
0 36165452
0 305476597
0 349978219
0 281228251
0 428795641
0 317337901
0 38821883
0 61355893
0 398766894
0 24196481
0 419818621
0 188181551
0 307967389
0 73349664
0 333213245
0 120803801
0 48639831
0 163410857
0 208081655
0 103419541
0 292647565
0 1415445
0 299373967
0 41496001
0 240864255
0 173925885
0 234858849
0 570416420
0 588374731
0 237891817
0 127014826
0 539458029
0 12834481
0 400176886
0 128513849
0 315463567
0 184135465
0 179323808
0 14672962
0 274962916
0 34203269
0 379349353
0 111069463
0 483805252
0 134383012
0 69658525
0 263718309
0 104641190
0 111140307
0 366417784
0 24170524
0 269545395
0 287468568
0 239135382
0 181582738
0 35343001
0 463885861
0 306835506
0 415929151
0 505785958
0 65787453
0 115553803
0 58923922
0 40348257
0 65131577
0 508067009
0 510440953
0 81630316
0 323521614
0 24484708
0 46203862
0 177103333
0 6951742
0 75808457
0 399394591
0 507044896
0 64969261
0 334907001
0 155276576
0 351397553
0 10306605
0 509852508
0 107670629
0 307565027
0 18374677
0 511392961
0 41210209
0 288047011
0 380319031
0 445036605
0 168101846
0 491130628
0 112224701
0 20572169
0 39736576
0 506850512
0 368823528
0 116193352
0 354009541
0 252404344
0 372301077
0 197795081
0 40331168
0 37954175
0 471598673
0 405000741
0 90752561
0 122343809
0 306172257
0 96657288
0 606928393
0 193306081
0 24890451
0 266424291
0 332788401
0 72013231
0 111093841
0 135447453
0 346890577
0 133030076
0 14546676
0 464791681
0 164144137
0 76788352
0 593265919
0 268874881
0 601515453
0 298115476
0 88681843
0 385622652
0 45848440
0 55275985
0 60192151
0 115080361
0 442715297
0 141060151
0 176367280
0 245595787
0 437820835
0 41636809
0 123075393
0 145283919
0 43441331
0 167687237
0 17095009
0 252185671
0 492253070
0 304644313
0 532396825
0 200509921
0 334840429
0 163794052
0 269323759
0 557991001
0 290450377
0 373700069
0 212200214
0 33694191
0 42222401
0 140888351
0 204537241
0 324175699
0 189614324
0 117248738
0 295661917
0 212580351
0 130380083
0 100418952
0 187563738
0 127448671
0 258046531
0 10133553
0 26549517
0 151431892
0 70909047
0 22883423
0 100816824
0 590541561
0 148589812
0 255949705
0 396601217
0 22956227
0 603856549
0 222023341
0 107969633
0 399142185
0 586310770
0 8170681
0 54038053
0 37837229
0 145299793
0 81156817
0 13423751
0 5704180
0 438398001
0 96900841
0 423748185
0 2147192
0 170533889
0 328562340
0 73365857
0 499059226
0 273124007
0 3049303
0 268648413
0 33514237
0 23858134
0 22570441
0 180985813
0 519823872
0 623905543
0 72484616
0 513756417
0 448331281
0 101793049
0 38713141
0 558045626
0 232495495
0 252857539
0 151761211
0 272815691
0 592369385
0 169646430
0 14637425
0 162862981
0 439674544
0 336281987
0 366066715
0 3252481
0 535792401
0 220171099
0 66762631
0 90861974
0 163602123
0 1907059
0 284930896
0 82268509
0 94617494
0 42676957
0 268625406
0 539515747
0 28084801
0 162612001
0 64052723
0 335149741
0 186167436
0 493723912
2024275 2674
42915 10945
7314210 14101
153545 14636
168587 15761
9001688 15873
226502 21379
271663 25953
279223 29489
302327 32541
3860977 35556
362988 37111
372311 38191
392065 38468
416564 41544
425646 43197
490894 47149
525485 47511
587363 50165
9490806 52205
717009 61415
740797 62137
801486 64251
808677 64989
840356 67676
865933 69059
869201 71429
891941 73261
943478 74567
1001429 84926
2232250 88861
1100414 90861
7765595 94551
1157053 99764
1218460 101041
1262957 106497
1290313 107713
1368597 116196
1418719 121800
1434471 135635
1437797 139701
1464241 139873
1486817 141161
1520858 147205
1546909 150713
1579259 151541
1612641 152236
1625626 165814
1627522 168159
1639741 169303
1657253 170191
1722449 171966
1744134 176777
1748516 196851
1755269 203705
1767323 204997
1777141 215429
1798321 217465
1832601 220449
1864381 235809
16691 237165
2049366 245892
8906801 246831
2062063 249168
2197516 251017
2207601 253409
1074098 255967
2277777 265980
2292913 266353
2302882 267931
9884385 273169
2365581 275871
2472886 276241
2488619 277011
2544326 282233
2583709 285555
2602145 287196
2630861 289892
2652865 290181
2701931 293665
2790941 296801
2797421 301432
2817375 302347
2842185 312175
2915829 314849
2934814 318413
2946257 319113
2954065 322416
2963595 332697
2975477 334441
9291237 337513
3190866 342529
7464210 342892
3225593 347872
3251969 347967
3254301 356751
3286932 356901
3328381 359861
3340557 361511
3361281 363353
3402299 371322
3467356 374625
3513522 380203
3615336 381001
3619003 393344
3668559 395520
3714517 402269
3741391 402507
3751113 404919
3814579 406119
320661 415526
3868228 422563
7188803 424044
3926978 437032
3971587 445131
4005202 447713
4009980 447746
4020461 453004
4036361 466129
4121837 469777
4133181 471681
4146413 475923
4167016 477314
4210661 479919
4321105 481186
4345510 485956
4347649 488141
6374320 489961
4467023 496582
4512184 511634
4521336 517795
4620605 521209
4694532 524217
4706623 527566
4728464 530383
4761301 537585
4768137 542776
4811973 548415
4860203 549233
4884209 553488
1151851 555360
4972056 556269
5010281 558441
5168237 558481
5176469 559371
5250283 559897
5278158 562333
5322281 563324
5347228 563361
4897083 568467
5369199 583845
5395951 587073
5448217 588945
5477031 589609
5499740 591464
5573197 592713
5622511 598463
5660841 607041
8617996 619349
5854076 621315
5903135 625641
5910469 628209
9811579 633877
5981657 636385
6120623 642151
6136357 646035
6157042 647203
6183697 648657
6230185 651649
6266177 654217
6352021 656665
6359073 660316
4406841 666241
6412916 673701
6466291 675001
6471267 675094
6511561 680449
6581525 682335
6643445 682791
6665587 683019
3155771 687389
6804395 695873
8175140 698094
6896885 698413
6900882 704654
6933861 706284
6970039 726323
7011952 728474
7097307 736465
7108278 736609
7148111 747415
7188639 748423
3911863 758489
7197455 761689
7221305 766005
7276801 772411
7304416 784177
123841 785185
7333164 785473
7348397 788907
3203565 790345
7602643 793329
6844913 799437
7719221 800945
5359246 802755
7852129 804217
7880809 811661
8130752 812633
8143701 814338
8154967 819090
9299695 826361
8213443 836161
8221676 838381
7707219 843091
8453016 844975
8459792 845676
5674161 850516
8667137 854033
8717931 856709
8827441 858594
2055896 860865
8956408 876175
8993865 880985
9617225 883299
9117509 889747
9118141 899165
9121823 905077
9156825 906689
9254651 910136
6793471 911051
8411851 913839
9325820 918111
9402035 921994
9476263 930394
682803 948161
9510645 954081
9576081 956170
9616886 963151
171465 967134
9640763 967421
9648602 971207
9676065 971211
9728243 974121
9764631 975431
9799671 982481
5936120 982913
9821946 983257
9839445 990057
2337736 993565
9995621 993981
250 250 533792275
0 88373791
0 33946253
0 362637896
0 64512747
0 91131765
0 282576400
0 176898303
0 335074670
0 204652481
0 266528887
0 167125441
0 49937405
0 249500707
0 423816576
0 153140579
0 7097953
0 3324257
0 91948711
0 70551480
0 442238118
0 29324605
0 269941893
0 40270377
0 168246961
0 369814
0 150314627
0 127345570
0 45385237
0 32801281
0 97476364
0 141162968
0 65363653
0 99120401
0 273848279
0 121304597
0 38588341
0 261795073
0 343016508
0 77980488
0 450290723
0 123164103
0 205945984
0 72253639
0 119362985
0 278008846
0 244237249
0 247282771
0 156568661
0 99645816
0 13215464
0 7028455
0 144395917
0 415390276
0 247607562
0 71128045
0 100108145
0 369404697
0 463520029
0 247352841
0 132172293
0 30131133
0 33227545
0 103577955
0 20243266
0 402733078
0 35676367
0 35013841
0 109693216
0 15427469
0 151472750
0 203887344
0 58854927
0 227837614
0 200740849
0 129221269
0 456616062
0 96424915
0 86223367
0 439423069
0 117898041
0 190589847
0 498275305
0 49695496
0 379067221
0 129648124
0 138733309
0 202264561
0 223185566
0 18362017
0 157349323
0 84178161
0 235914717
0 98564203
0 76864437
0 6314181
0 87395841
0 250407926
0 191360922
0 483403777
0 206339951
0 56515686
0 122113369
0 51882601
0 36245001
0 193227061
0 4440536
0 17074993
0 274870360
0 121940113
0 21515729
0 32585058
0 65865352
0 68758265
0 25615846
0 278731479
0 405044913
0 255889369
0 78249403
0 35657159
0 41256271
0 281019705
0 4197947
0 361645751
0 49090579
0 512195461
0 57688686
0 1648441
0 7154768
0 309388474
0 331266547
0 490042942
0 164191717
0 138477249
0 111589813
0 29085271
0 7701937
0 9861871
0 279398389
0 9522726
0 123316113
0 15802417
0 31370329
0 96146401
0 271038726
0 37654226
0 13934104
0 19258591
0 168691027
0 236012446
0 311796508
0 494057335
0 34702209
0 183396961
0 229320073
0 102257361
0 220527169
0 306288166
0 411147929
0 11630433
0 79686747
0 6603105
0 88929464
0 203700097
0 126706810
0 294235
0 228466963
0 240480596
0 26786721
0 391551539
0 37913169
0 278021954
0 109326385
0 6413489
0 90360544
0 122198819
0 447427197
0 153025678
0 44250397
0 1036297
0 123039941
0 306291448
0 291389038
0 369847776
0 434873144
0 61717842
0 33540241
0 60785973
0 25935636
0 20610766
0 176767717
0 46595851
0 187095541
0 186980914
0 327592903
0 8530001
0 55779806
0 401316811
0 35646211
0 38577967
0 11658715
0 10011301
0 13230043
0 226755091
0 390268348
0 448823801
0 234631741
0 148452790
0 19129251
0 32337033
0 240342560
0 33091075
0 57003857
0 51529414
0 60192385
0 25706227
0 145560031
0 384243640
0 266138783
0 142353313
0 76364078
0 9253393
0 83958376
0 179549242
0 100880853
0 34627373
0 259160056
0 364008656
0 138699100
0 6108569
0 282194441
0 36465286
0 4682019
0 420722664
0 291501741
0 53603424
0 467350721
0 71580861
0 310933778
0 14258418
0 179171186
0 272116099
0 166844884
0 472100421
0 16465732
0 108997681
0 70182625
0 322047010
0 354001908
0 162802927
0 23944721
6052 3773
52713 8233
60725 12725
181789 14430
200585 16001
234637 16542
255320 18350
336221 20471
345459 23249
363097 31257
457441 31927
419806 32119
431309 35707
437077 38886
406141 38949
492109 39841
5445704 42593
566482 46609
582427 59423
604077 63591
6882275 67521
651256 73585
3070633 75046
708792 78813
710585 79185
851191 82064
867001 83137
930916 87118
933490 98049
933878 98076
1012157 108133
1017783 119357
1031701 119513
1108796 119616
4651192 120250
1158221 126590
2728135 128253
1214173 129014
2441221 132408
1265301 133195
1292920 134879
1295983 135809
1311385 138031
1313017 141847
1337581 159713
1342085 169301
1343128 169927
1344152 178001
1344925 198709
1346649 200163
1382779 201548
1428193 205461
1434193 211879
1459129 213030
1593381 214425
1640633 216121
1693621 221078
1747600 221937
1787185 226026
1830006 229121
3430896 230285
1849204 231446
5296462 232931
1906889 235271
8240621 238258
1937461 258816
1951201 260885
1957783 265521
1964512 266417
6371313 267068
2005501 272941
2027377 274751
2114173 277111
2204201 288329
2419911 288865
1218291 292410
2516680 292797
2649513 296935
2666449 298486
2693817 300757
1181014 305309
2737735 307905
2760974 308051
2819938 311313
2920168 314493
2926348 314759
2928997 327237
2972692 330689
4779217 331355
2997002 341701
670375 344625
3122087 347721
3128233 349861
3144001 359154
3927401 360943
3234529 363225
7760557 363821
3363581 371053
3396678 372573
3416497 373051
1848673 374627
3433882 381316
3484493 382269
3515449 383504
3538313 388055
3575826 394631
3623491 401079
3633162 407673
3672361 416610
3824492 431465
3844053 432601
3180042 433189
4071071 433849
3967693 436601
3971346 436781
4000549 441170
4016053 442496
4018013 447141
4042175 450109
1967599 453109
4107609 454965
4165221 456851
5250285 456935
4200383 460173
4234231 464536
4311997 465214
4335013 465777
4398769 470031
4532222 475048
4532714 486110
4536467 488035
4539553 490946
4542395 493128
4548460 498279
4556301 499471
1122766 500535
4691857 511129
4740723 511367
4742937 520316
4758409 520771
2986183 522951
4786535 524050
4795730 533473
4857536 546023
4912990 554241
4924873 557222
5070737 558538
5086549 562107
5118703 564954
5154661 568778
5154697 574273
5206945 578162
4187069 583809
1886293 585606
5309416 586825
5350643 590401
5378597 594882
5395093 599225
5432437 605370
507430 615114
5452217 625170
5489818 626986
5544190 629105
5562852 632444
5583085 642638
5607859 646933
5623581 654234
5628857 656651
5642778 686093
5665413 689720
5678971 691971
5680225 692861
8057437 695634
5733033 696348
5740669 698691
5836813 706517
5844451 709351
5848273 718460
5868065 729353
5894938 739737
8105563 742691
5966349 743477
6008592 748395
6069305 755489
6080083 766517
6084149 774642
6153431 779761
8359969 780109
6228137 784791
6238261 796301
3957427 800853
6401413 806913
6440329 811729
6497914 816441
6499896 819899
6505645 820941
6516901 821031
6589319 821506
6680103 822401
6734549 826353
6756301 827361
6768886 833967
6773894 840338
6782437 851864
6795010 852077
6865735 857251
604929 859671
6899239 859965
6900707 860097
6965203 860941
6995481 866817
7046875 867180
7054573 868891
7109677 872489
7210319 877441
7234137 882493
7301289 883271
7334269 883407
7459296 884295
7465405 887727
7528573 889171
7604830 894302
5706399 895417
7683445 907746
7724752 913326
7725007 914937
3274605 916925
7772300 919623
7879999 921025
7891593 925603
7972235 931011
7989637 933147
7990285 935878
8012831 937639
8054317 944157
7630710 949601
5928235 958521
8116081 960592
8122349 964297
8168989 973961
8192947 975096
8211241 977105
8212045 980417
8227801 981449
1931735 983421
8249509 987446
6215331 987635
8375078 988436
8384101 991177
8449449 998707
250 250 361528631
0 162954557
0 33968055
0 73571289
0 140794257
0 137780805
0 38843713
0 70662709
0 112222241
0 76701679
0 90634244
0 202791249
0 193210313
0 119951934
0 141874237
0 270627163
0 109945109
0 352180225
0 152134666
0 253065253
0 177359742
0 20353642
0 154399495
0 54897571
0 183505717
0 67583601
0 233343949
0 29322931
0 33178280
0 241342730
0 35822623
0 56885498
0 214636897
0 269825836
0 175417975
0 126512766
0 69499967
0 135228597
0 58810111
0 54212165
0 13811
0 88839858
0 298422873
0 170929901
0 42611413
0 323951496
0 34646433
0 214307399
0 328259066
0 97630001
0 176170094
0 162355591
0 75601535
0 99622849
0 19515457
0 53216857
0 21991880
0 194061121
0 311005784
0 170910488
0 30934361
0 50797836
0 2709838
0 196933430
0 99135805
0 199515622
0 64602889
0 286723882
0 69374873
0 108735799
0 81439666
0 272919520
0 67017227
0 308807936
0 30241825
0 101943901
0 49358548
0 236709673
0 169433021
0 143471707
0 233627386
0 360845562
0 300628370
0 355687029
0 80586516
0 186847820
0 326138788
0 52334068
0 8698671
0 47793186
0 220176881
0 164246221
0 245631541
0 244165071
0 74854249
0 206954881
0 199105895
0 208060780
0 10434098
0 7931964
0 5152849
0 105890641
0 63680449
0 126463545
0 165050768
0 86456073
0 15107863
0 195192020
0 151882021
0 33103141
0 134000644
0 164148601
0 154954792
0 360036685
0 143932710
0 9075739
0 220186585
0 96584176
0 229566940
0 345654977
0 356157218
0 80897994
0 245168973
0 45937942
0 82300667
0 21355455
0 75136049
0 46706889
0 31159241
0 262598701
0 247795032
0 321013057
0 518884
0 259550917
0 111385910
0 141344251
0 89556751
0 317776069
0 337395302
0 335224670
0 119534551
0 213835
0 316809746
0 1436683
0 65724360
0 251213428
0 245109051
0 216113729
0 108298977
0 62979243
0 12199006
0 15532921
0 31845705
0 110097781
0 116627029
0 7049191
0 90829101
0 339530001
0 2695959
0 27902441
0 304031138
0 15322046
0 51304513
0 37054777
0 13205941
0 238690292
0 116467286
0 111576259
0 104201345
0 159033242
0 133544305
0 172777475
0 73466541
0 258447237
0 108436537
0 255164876
0 142765006
0 325781133
0 350344010
0 162072227
0 246472138
0 29775625
0 59371658
0 51048163
0 256849793
0 285496900
0 262598423
0 72470297
0 18330625
0 266650525
0 121869897
0 73127989
0 249749021
0 91873621
0 352347435
0 294990235
0 237984013
0 251345875
0 97108274
0 284860521
0 224654201
0 228118049
0 263811890
0 160613716
0 8891341
0 155665063
0 273396201
0 30064281
0 58551327
0 201461716
0 138223177
0 249236370
0 155351354
0 676225
0 343200824
0 154957607
0 40861059
0 125596879
0 29810799
0 69595858
0 127059763
0 56984390
0 355753442
0 100902872
0 84088170
0 192248257
0 198834544
0 23550675
0 132820663
0 233471551
0 277215332
0 1802809
0 177378570
0 267983882
0 33419951
0 127748091
0 267859271
0 243604731
0 223411708
0 267150326
0 133275684
0 188145329
0 50707675
0 161520581
0 351951998
0 27706001
0 101617426
0 197578754
0 151712947
0 236059517
0 129018650
20221 1509
24253 2353
68806 4310
121497 6307
122433 9269
139201 10121
186125 16275
189765 22407
208353 24229
230089 29881
233317 39255
271937 41419
311023 53831
335389 55791
342603 61208
2567189 63341
358660 64127
362953 69017
405877 73373
389108 73589
522965 78552
452131 81521
456868 88779
465049 88886
474229 89108
496825 104546
504757 104961
513754 106504
365922 108161
526579 111285
536813 113827
558363 122501
563254 132849
575357 135543
612226 136219
356001 145069
638641 145809
650127 146689
662278 154661
689863 162821
719253 162861
736256 163836
743551 168329
763298 171308
769169 174008
786423 178881
806056 183137
828303 185751
887027 186497
916793 191291
935697 195286
937081 218166
944329 221946
960874 225712
1049233 236357
1932214 242501
1155663 244983
1166788 252801
1192345 256448
1201425 259971
3885175 261005
1278360 268789
1298509 273630
1322739 274487
1364033 275169
1381429 284797
1393449 285380
1446188 288125
1589781 298076
3240913 298261
1540371 300161
1551571 300873
1559970 303351
1566001 307751
1587226 307961
1489615 315701
1633362 322192
1647469 324401
1649937 327251
1655569 330881
1684474 334171
1713901 336767
1716091 337651
1735448 342805
1735751 343926
1742176 345344
1743568 347361
1781961 349633
1799901 353975
1811678 355156
1812017 362113
1829861 362305
1833937 363100
1896329 364675
1138358 370217
1957822 378675
2015059 385233
2065921 388841
2141732 398333
3255398 400809
2173063 406575
2220331 410606
2220523 411671
2261889 414092
2263462 415861
2270965 425457
2343033 426975
2358159 427261
2379937 431657
2408347 437072
2433919 438229
2433993 439351
3177838 446097
2475277 453801
2495685 460429
2499833 463357
2552041 467719
2565394 471571
615340 471821
2625016 472053
2669248 473115
2680561 474669
2683349 479053
2703474 482071
2708353 482977
2711925 483961
2756353 484737
2775599 487461
2813649 492673
2868357 500701
2884489 507673
2903047 512209
2916973 515683
2968417 528007
2968615 533433
2971225 533701
2981513 534317
3086401 534931
3099490 535741
3122861 536376
2464513 538411
3195057 540140
4406089 560401
3228809 560646
5320525 568381
3243231 570647
3250099 571133
2148145 583165
3287851 588897
3327055 590353
3333327 593875
3350331 594101
3364642 595465
3366065 596546
3381145 599509
3454361 600122
4151637 604337
4800700 609159
3474346 612838
3526884 625313
3637287 626395
3674122 646221
3729385 647474
3746938 648932
3767029 650449
3820530 652688
3838972 653681
3862865 653758
3871088 662121
1201893 668097
3904933 670337
3953353 677149
3958101 686537
3963430 695779
4003105 695781
5229913 698041
4053001 705000
4093630 706828
4097191 712101
4099427 714267
4120693 715743
4123585 715823
4134289 717381
4144885 718370
3454845 722745
4202329 727269
4246065 732479
4271330 737001
4274884 739233
4319465 741667
4322121 742001
4351720 745454
3226570 746305
4412797 747243
4489206 753833
4504675 758032
4508032 764215
4519693 764946
4525539 772475
4534093 773879
4847590 784353
4550868 785859
4577455 794641
4602385 795415
4631140 820477
4711396 823486
4741567 826401
4797829 836105
5423949 840191
4800709 843502
4813101 845879
4839535 851865
4538586 852611
4868474 858931
4868575 859177
4885831 860810
4921780 861957
4926361 871869
4932470 872577
4935625 877801
5037577 881925
5090491 890505
5102511 891521
5127601 892392
5139725 894723
5205373 896997
4009063 899179
5253839 905341
5314372 908681
5316091 910481
1495981 914301
5328713 916577
5357149 918001
5411817 922843
3462385 924926
5433529 926273
5448937 928915
5450799 941689
5508133 942659
5528155 951001
5626077 957301
5630926 959135
5634061 964179
5645457 966457
5666160 967441
5684139 971501
5751905 973771
5764297 974737
5767825 978115
5779318 982948
250 250 959718536
0 272873875
0 15141331
0 49562641
0 423943085
0 438155241
0 166243053
0 416443498
0 161598576
0 90297538
0 217971911
0 22075579
0 169591184
0 107568649
0 103496137
0 339566242
0 933206
0 709679323
0 383205697
0 25961557
0 41400129
0 11618641
0 329311212
0 314739759
0 630252055
0 623096640
0 67481077
0 159526774
0 501235505
0 14528593
0 89622001
0 113452309
0 102282921
0 758937901
0 474189601
0 648018307
0 10365126
0 109449341
0 32453953
0 151724851
0 892623916
0 58867777
0 582420641
0 47748673
0 479963676
0 25774186
0 3884574
0 296803801
0 661846935
0 631556171
0 328682605
0 36020965
0 51022776
0 89136761
0 365254666
0 300115551
0 261472366
0 705309931
0 56080158
0 782598
0 53233529
0 15625897
0 817250149
0 72491309
0 12016159
0 31150381
0 521941745
0 269300552
0 202706245
0 313325972
0 176286881
0 14847286
0 947760039
0 328149457
0 260067391
0 48427321
0 845690977
0 16181185
0 369695275
0 436193293
0 335249775
0 48447472
0 1466677
0 531552373
0 525486791
0 52827211
0 196216899
0 128892394
0 160775343
0 334521941
0 14222401
0 573356404
0 375785103
0 26325266
0 302580713
0 372883227
0 768558889
0 520821651
0 267596549
0 89951701
0 31780651
0 167876812
0 305886751
0 25200073
0 274464235
0 195659521
0 202971969
0 210890501
0 564918166
0 4254679
0 213904450
0 445243897
0 202606426
0 812712249
0 169114576
0 316993015
0 484707241
0 104609584
0 26559767
0 352993761
0 31709557
0 365092698
0 258383363
0 25701837
0 105917745
0 79471621
0 374000873
0 97845301
0 17166515
0 162585601
0 86857646
0 625550257
0 406584377
0 54875777
0 5354629
0 24015086
0 90901601
0 247173721
0 79231594
0 347987614
0 45610956
0 86528861
0 243966641
0 73517483
0 61867793
0 379932684
0 275923264
0 425258621
0 96627937
0 45452577
0 625334494
0 163421273
0 15115515
0 26237031
0 146318203
0 660727243
0 56350540
0 672163901
0 70206121
0 30018651
0 4978381
0 737883471
0 99433601
0 57179584
0 96653169
0 75380670
0 18660341
0 16823691
0 662244741
0 148750561
0 235255681
0 388116456
0 140572951
0 108252769
0 340783061
0 546008001
0 455087425
0 119005097
0 519284976
0 837334081
0 65720001
0 835838923
0 35284096
0 79057671
0 275557594
0 222278717
0 784665375
0 55459601
0 34052353
0 432909151
0 39321283
0 238588121
0 192056257
0 701258223
0 121865353
0 236858011
0 512233921
0 3057779
0 683893623
0 45522026
0 357293602
0 23159605
0 695743147
0 473863231
0 762436705
0 30567472
0 95194399
0 528569221
0 276140161
0 72627400
0 180385441
0 504536965
0 869598853
0 141367756
0 150442299
0 27328508
0 388836667
0 105944851
0 480206275
0 658623391
0 38677213
0 869446598
0 1419301
0 555951928
0 228332241
0 6528196
0 260598179
0 7921936
0 622659932
0 922340147
0 162623631
0 301625533
0 605516089
0 2697723
0 319959361
0 414226632
0 208055123
0 425080975
0 3744901
0 145706401
0 523858756
0 675237686
0 158930956
0 206024761
0 165611306
0 78007385
0 85927151
0 137115833
0 27549086
0 378506929
0 764795219
14186855 3903
81109 5873
100055 6929
145693 8306
322149 14121
325336 16051
384113 28939
459243 29904
634521 37387
687673 42263
742041 43377
902773 45776
916898 46556
923344 47147
931669 49533
952029 54529
960402 56539
1006734 58551
1046629 61526
1090958 61902
1092911 62081
1098433 63059
1169405 64276
1180351 65473
1301113 85070
1323579 94216
1387945 94892
1515333 96769
8933221 103914
1697021 104897
6262948 106022
1965810 107153
2049792 108274
2216519 122065
2222113 122408
2231969 130580
12859280 144465
2345932 159125
2739588 164185
2756105 167847
10250683 172373
2832546 197961
2996335 203634
3000011 206614
3024542 207121
3108569 208813
3126593 210945
3127729 213332
3138534 216675
3169847 222817
3176500 231467
3232834 231880
3311449 233787
3364961 236356
3384369 238271
4313110 240165
3452101 242141
3635005 249171
3808059 251185
3874343 251477
9751808 253737
3941063 261101
3996271 263161
4015443 264667
4019620 266441
3441699 273257
4360254 277334
4468735 277945
4475019 283220
14434801 284275
4661185 284427
9201799 285057
4900429 289712
4964421 292337
5055727 293417
5188337 297447
5189641 298021
5272104 298501
5313725 300846
5327977 304361
5333903 311829
5362695 313101
5566402 317773
5600861 323325
5682997 327116
5689108 327929
14151556 332956
5740957 344645
5862109 346053
5962393 350501
5994744 351981
6075631 353376
6122553 355951
6134223 356977
9261847 358851
6264442 361743
6439801 366289
6478325 375161
6648879 381986
6775675 382201
6870417 391825
6880221 392692
6933478 395848
6969753 396318
6979721 399749
6995045 400332
7025961 410149
7082587 414049
7164561 416141
7169199 416539
4830026 420336
7321314 421719
7411025 422069
7492037 423979
7505695 424663
7517173 427143
7634607 429696
7695638 430826
7744424 431690
7777798 438525
7796437 438809
7915821 442057
7932017 443070
7946306 445957
7974681 446125
7989843 446577
9805521 451665
8044177 452515
8053137 455617
8132572 458813
8166185 465263
8308917 471144
8419025 476773
8516553 477061
8518145 478318
8572725 486833
9203573 488541
8644422 489301
8684977 489397
8717489 501743
8763808 509852
8871565 517057
8902120 528608
8909675 531571
8927803 531695
1595638 533341
8982793 533797
9025346 536969
9165012 546295
7180460 550334
8628159 551091
10667516 554741
9288849 555675
9290669 559002
9390872 561253
9431959 562121
9547609 563649
9665353 569139
9681470 578825
9732597 582003
3917357 584057
8011251 589355
9840830 596661
9922136 597969
9933351 603033
9976175 605541
9980010 605625
10027897 619451
10079203 633797
10090510 634525
2807349 637281
10284215 638437
10301959 644622
10327217 647571
10364235 652513
10447212 655195
10597049 656991
10608562 659489
1957689 667181
10687558 681457
10721192 685701
10782281 702102
11187717 702777
11209238 710117
11227831 712901
11354903 719768
11370276 723361
11395303 723881
11439383 727336
11525325 729093
11747065 730871
11840485 736585
11920289 736666
12072819 738721
12115786 744459
12151715 744769
12240353 745687
12317145 749013
12387017 750564
12410283 758671
12489073 771168
12695697 771581
12700278 777585
12727416 780209
2298937 781257
12940786 815059
12952024 817285
13189139 817537
13257289 818646
13276621 819630
13339639 820337
13355081 829601
13360921 856401
13559757 856555
13568601 858577
13573639 859455
13687581 864489
13832439 867761
13884982 876762
13892961 877508
14036422 880701
14125675 882581
5692263 901561
14168345 906765
14170165 908825
14170457 909961
14173417 914466
14179978 915977
46081 917189
14209728 917373
14217503 922673
14264089 925361
14305044 927281
14378365 929275
14398250 932201
14431093 937613
4569769 939224
14449910 940369
14488958 942561
14530465 952133
14571005 952668
14602713 952947
14715077 956041
14791646 961865
15018209 973901
15075373 978617
15090999 979501
15256691 985688
15298407 992461
15329290 998791
250 250 534933275
0 189985543
0 8317765
0 437505
0 132560083
0 61300411
0 148073161
0 99959497
0 68944249
0 22416675
0 7984451
0 18933271
0 75198662
0 171896209
0 418637641
0 34221341
0 29841335
0 468682675
0 43171525
0 57813739
0 483137964
0 236373849
0 96355748
0 3845557
0 127948459
0 192148077
0 345912484
0 115432240
0 401456476
0 166839362
0 325304695
0 67361141
0 506425256
0 277582306
0 16056577
0 301965299
0 39843133
0 354877993
0 128772526
0 38489182
0 111133
0 162123710
0 229722481
0 317206306
0 529448893
0 157623601
0 31716361
0 206985571
0 246225884
0 3848881
0 440241137
0 172208261
0 8383500
0 461419041
0 62720494
0 395343775
0 218825506
0 532530975
0 189584977
0 446244852
0 153568358
0 76985798
0 216797771
0 49723717
0 278336024
0 409586576
0 4410521
0 266723371
0 472661619
0 8138980
0 355583899
0 368156954
0 1597321
0 212535093
0 503742643
0 479343125
0 277897631
0 131295841
0 72407301
0 89279410
0 213978595
0 100111961
0 21495201
0 78059902
0 397280515
0 403865176
0 284501294
0 515566533
0 211925641
0 230606101
0 179145232
0 254757867
0 96045926
0 157501552
0 27742492
0 190331573
0 343110905
0 44107210
0 118626649
0 1600345
0 82499374
0 106429633
0 526250705
0 38589866
0 400900699
0 126436367
0 20387329
0 231087898
0 45176618
0 23491033
0 7801669
0 234449551
0 56532061
0 133299266
0 38130370
0 167658036
0 68819785
0 121830127
0 7621261
0 177875706
0 25570645
0 72653470
0 424798507
0 388699435
0 15688250
0 354213859
0 185726028
0 54136536
0 314051490
0 8042874
0 247613990
0 472068673
0 236001079
0 6735401
0 325794241
0 125458768
0 38549701
0 191957046
0 453318197
0 130742781
0 70749730
0 71219869
0 58493091
0 96238031
0 243370369
0 95024489
0 278309793
0 74661301
0 229101398
0 500056129
0 12608269
0 466807726
0 48690475
0 223701633
0 231715705
0 188522876
0 185730922
0 14977900
0 166188481
0 340766272
0 33855251
0 36442477
0 405913251
0 153216167
0 156573697
0 164939476
0 81361119
0 415649521
0 280577126
0 37871281
0 404489185
0 96574096
0 115502634
0 443909416
0 373506281
0 135087097
0 68096471
0 29822500
0 205527376
0 18047593
0 46947881
0 385600483
0 124986465
0 18129301
0 12056611
0 122683913
0 113280199
0 247953671
0 80532040
0 153399295
0 44765129
0 246425976
0 186494198
0 69773387
0 90238252
0 461347786
0 342365671
0 147795516
0 443251538
0 54841359
0 281898881
0 69972631
0 92137001
0 487733355
0 140878819
0 307833131
0 6319875
0 35359773
0 116867766
0 2564849
0 10082438
0 112818151
0 5718300
0 76189857
0 171120793
0 105332230
0 36936901
0 533898717
0 489673321
0 265222636
0 163678065
0 224695324
0 6817177
0 241189086
0 36622470
0 454949449
0 223945078
0 10008692
0 254629629
0 65738414
0 264393149
0 60153328
0 435471191
0 71830565
0 111837589
0 240729145
0 137756032
0 71977468
0 55771561
0 88165167
0 374043861
0 1906297
0 82504213
0 54575371
0 120591797
0 66800125
0 407034436
0 222455231
0 231597741
0 203278762
0 23650677
50061 2145
136805 3081
151849 11799
193859 15685
201824 17193
218841 25061
225807 29593
275909 29729
292801 37017
302057 39776
339309 44170
344665 54945
8382423 56754
408505 57557
417831 67437
422859 68965
485021 69541
495388 79021
519457 80313
522946 81607
571669 85873
591739 86134
605926 92551
619527 100191
623486 105257
651737 106632
690051 106941
695017 108685
722565 112381
752361 115037
832276 117240
857385 121441
980635 122463
986427 130011
1000183 131121
1006985 134975
1007823 138337
1008729 139657
1031361 142113
1031381 144340
1036028 148428
1131790 149501
1188201 165574
1214781 166941
1321211 168183
1324751 171179
1385133 172595
1418230 183875
1457209 191443
1475345 191681
1482425 195425
1493486 196355
1514997 198345
1539657 200996
4375045 201499
1656601 207828
1762341 214367
1786759 215221
1789291 226125
1807476 226521
1877769 227597
1950849 235223
1967929 237681
1979309 242811
2009651 246001
2016837 249258
3776385 250537
2127769 254399
2204625 259744
2290875 260735
2323226 261081
2326101 261361
2329939 264241
2428041 264292
2442885 267623
2452989 267701
2492413 274138
2549473 274836
2570751 288306
2582577 296722
2607354 297357
2631289 319035
2700137 319553
2777609 326542
2789469 329927
3001483 332200
3062613 339871
3081027 344319
3083581 345602
3099362 352904
3282454 355635
3142667 358552
3165311 363740
3179433 368105
3278021 369203
3118604 375018
3291791 376615
3310633 377126
3319195 381097
3323275 384819
3330173 386806
3353369 388278
3446942 398243
3501441 399501
3562511 400305
3594405 400484
3625019 407619
3652241 408097
3670028 412451
3733016 413052
2078483 417083
3786194 421385
3837651 424641
7939377 428788
3912952 432402
3941425 447617
4010795 447938
4057407 450121
4970379 457374
4171363 459382
4208892 462599
4211972 470285
4213308 477501
7372255 479701
4275823 485041
4288016 494767
4297188 499710
4309321 501663
8174636 503719
7880987 512207
1587569 515011
4437313 521233
4464878 521961
4476543 524029
4492575 536083
4509919 536281
4528875 540266
4604607 548311
4617246 549553
4667161 550209
4673881 554775
4829865 556531
4854187 557001
4862743 559873
4868217 562929
4874724 563496
4926927 571361
4950069 574721
4127441 577101
4993023 580269
5156625 584201
5012458 585516
5063656 588441
5068897 593005
5099529 614965
5116376 615101
8184921 618656
5141621 628426
5000424 629153
5285912 632905
5289767 632981
5461037 633216
5489863 637093
5589753 650021
5626357 652318
5637441 653932
5654491 663043
5657303 664526
5703311 673003
5736605 675129
5767209 675599
5787233 680430
5902373 680806
5904549 684867
5966342 686359
5977913 694226
6005877 695031
6031606 697778
6146023 708846
6150533 713251
6293805 714869
6330571 716289
6335717 716329
6365695 718664
6388333 720507
6422155 723451
6427412 725061
6460065 738263
6464038 740153
6550104 741625
6572531 742448
6585061 742869
7494151 756456
6612297 758241
6655253 765126
6686353 772361
6698768 776801
6699403 781033
6928510 784369
6978047 786189
7026261 786761
7086961 790471
7109135 791509
7208469 793061
7224847 793073
7233572 797799
7268301 807253
7293097 814284
7347041 814401
4241106 816635
7380694 817041
7397843 822993
7426629 823609
7444284 825935
7475955 826961
7481786 828337
6588885 829905
7499597 838259
7510865 842370
7554775 853920
7606394 865467
7644171 867255
7652051 867564
7704431 870781
7797695 875221
7854773 876623
4347014 880812
7888113 885584
3881069 885841
7948883 888777
7951026 891769
7960629 894171
7986067 894361
8092346 905929
8105861 910396
8121349 912705
4314667 927965
8175381 937125
5131836 942719
8196325 944341
8215857 944833
8234329 950718
8321363 952961
8348969 959069
8359973 961733
8364419 972671
397255 983061
8386003 986076
8485109 990893
8493081 997233
250 250 14523526
0 4105357
0 8629069
0 4272653
0 10094607
0 8625148
0 13228181
0 6497859
0 5050223
0 7995795
0 4594171
0 9363909
0 2065123
0 6260095
0 6689871
0 8425073
0 7054243
0 13901173
0 14370721
0 9956239
0 8860714
0 13022063
0 7559591
0 533203
0 10328121
0 8083527
0 14024987
0 7523740
0 6942687
0 9723261
0 6625405
0 3256441
0 7825980
0 189376
0 7121200
0 13659192
0 12883686
0 4590220
0 8866209
0 4535554
0 5348206
0 3183393
0 4015693
0 6030739
0 5802251
0 8426895
0 10132684
0 1750078
0 9990937
0 1172829
0 11429562
0 3133773
0 9924311
0 13400633
0 757645
0 4835158
0 1842447
0 10897379
0 5088590
0 13496893
0 4654783
0 3865654
0 13720661
0 10757326
0 8195547
0 11140243
0 1949121
0 5718979
0 12345145
0 1283514
0 336501
0 10068655
0 4612460
0 9125597
0 8733953
0 12611235
0 14070127
0 7932103
0 7407550
0 7912722
0 9674427
0 7831499
0 13838122
0 9417903
0 7628408
0 9297119
0 12026301
0 12626532
0 9985367
0 5100693
0 408239
0 1940824
0 8736199
0 518581
0 13253208
0 2550364
0 8642270
0 12925290
0 10021436
0 2606808
0 1244631
0 6415799
0 11992933
0 5813283
0 7796485
0 1319493
0 13165975
0 3090185
0 11700461
0 1665624
0 13707933
0 8910875
0 1875619
0 3485881
0 11197851
0 7473647
0 9655317
0 10222835
0 6293991
0 3876489
0 3591661
0 12178379
0 5308059
0 2345357
0 5902664
0 6885514
0 5703269
0 1449951
0 5761760
0 678729
0 1462899
0 1066233
0 12811571
0 9265313
0 2151073
0 7216803
0 6717194
0 10789311
0 10456863
0 11409435
0 421629
0 4329438
0 12663302
0 4233392
0 13593267
0 11729747
0 8953603
0 5356927
0 6974275
0 9012562
0 7809664
0 7970426
0 5680609
0 9578960
0 11473915
0 855773
0 9427556
0 9126361
0 12940299
0 13516836
0 12063052
0 2773731
0 1278589
0 5251781
0 4768025
0 9842959
0 7436725
0 13505781
0 8056799
0 9837754
0 7716361
0 14137566
0 2355365
0 10812239
0 14522521
0 5586703
0 11742903
0 8556201
0 7044387
0 10300323
0 12611580
0 6409167
0 8580511
0 12535411
0 1552619
0 4170519
0 13410067
0 3736803
0 10859952
0 12459262
0 12910608
0 6276934
0 1075471
0 13810403
0 11782899
0 10176977
0 2238537
0 12039387
0 9746490
0 8339215
0 12025613
0 9312377
0 6845718
0 8412167
0 7934885
0 10368289
0 11968187
0 8049874
0 6293367
0 2385179
0 12213423
0 12059331
0 13056919
0 8033482
0 13361578
0 4899481
0 464723
0 11915631
0 7564043
0 9183433
0 8395045
0 7745573
0 11811973
0 5613889
0 6585317
0 1366521
0 8835921
0 884089
0 188593
0 7286303
0 13241333
0 11543957
0 6287977
0 7176871
0 10163955
0 13142669
0 13868697
0 13990547
0 1498742
0 10476678
0 2925371
0 13185657
0 10398929
0 3207945
0 4612989
0 656220
0 5116003
0 13222650
0 4071317
0 5554126
0 5540980
150797 705
2066 8335
7481 10011
8481 13237
18737 29226
11095 33896
11709 36341
14624 56233
15037 62182
15137 62717
15962 63931
17433 66038
17674 70931
17979 71581
194337 81425
18947 86101
19423 96291
19441 105409
19753 106353
19919 110033
20266 111245
21137 112515
22315 115027
23871 117747
26937 127752
27499 130541
27895 131721
28129 141977
120051 151505
30453 151543
31720 165896
31821 168281
32529 169921
33670 179359
33957 180377
34761 180603
35353 181333
35622 189385
36813 190701
37641 192835
38185 192981
39861 198701
41510 200459
41619 204194
42749 209268
113445 215303
43524 217980
45742 220761
45991 222726
46397 224106
47753 230769
47015 231825
88693 232801
48643 232951
50801 234949
51061 236817
51673 239066
51807 250263
52009 257565
52395 257691
52957 264201
53101 267339
53977 282241
54313 283637
57869 286833
58481 299954
59134 310113
63610 310405
64949 311965
67657 315157
68453 318097
69020 319750
70453 327171
71321 350403
74409 356601
74465 360701
74843 369747
75065 370240
77883 371511
78337 372770
182416 373153
81069 374853
82137 383674
86465 390465
86504 393981
87086 403544
46513 406569
88873 413403
89986 419353
90977 423009
91011 425818
92137 427946
95545 435153
96291 437128
96383 442894
96433 445538
100273 445691
101277 450842
101561 457476
101613 457907
102203 459340
105152 461529
107980 461593
108578 463501
109613 467162
111185 475474
111193 478452
112345 493710
113039 496413
113059 501321
42837 501409
115930 505985
116327 507941
116465 511393
116553 517478
117367 517715
117416 528870
118393 529460
118525 534325
119496 535941
29461 536094
120749 536095
122829 540501
124063 541629
124709 543184
125237 543949
127337 544305
127913 547666
128137 548010
128751 548347
131235 551502
134897 552676
134979 562291
136513 562808
136523 564877
137796 581509
138273 589269
138345 593021
138759 599277
139709 601136
140343 602411
141028 606949
141189 609601
141577 609619
144881 612275
146559 620569
147865 623041
148398 626013
150345 628125
150561 631041
1093 639253
151777 641147
152209 641948
152241 648369
154227 658471
154573 658561
155017 663081
155697 663499
155769 664732
156048 669245
157631 674656
157961 678729
158205 679516
159183 680951
161987 681744
162098 682549
163038 684673
163531 686171
163967 689121
163999 689251
164841 691103
165974 697801
167133 700045
167302 707883
169401 708403
172993 720738
173256 728331
175051 728621
175505 728701
175983 731449
177137 732049
177361 736081
178561 739343
182321 741020
80317 741253
182681 759737
184097 761161
183133 764976
183235 771641
183385 778208
183945 796256
182873 802097
184349 802441
184952 805389
185587 807865
185953 811445
187517 813445
191484 813946
193049 817691
193547 822409
9178 827165
194525 830145
194928 836576
195211 839521
196001 843097
196121 850201
196635 853547
197270 871356
197827 873201
199424 874599
199517 876698
200679 877273
200854 880401
201622 882867
202715 883515
202878 885433
202988 886537
203416 886561
203609 890224
204357 890862
204473 892299
205947 895193
206104 900595
206712 901191
209064 902928
209647 907173
210230 912033
210828 912551
211762 913653
212425 919033
212433 923201
214381 924109
214968 924855
215727 925801
216209 933611
220209 934867
220553 940244
221741 951551
223433 957399
223462 962409
226739 962523
227111 966981
227213 968981
227773 969332
229045 969994
229705 975397
229773 979873
230009 986365
230825 990760
232241 996007
250 250 85601666
0 51180255
0 10322488
0 69028949
0 22122711
0 64581095
0 15296025
0 34990147
0 38246369
0 79477273
0 35298296
0 35303257
0 40920392
0 16680095
0 3516960
0 45486763
0 57580667
0 45341959
0 9376013
0 29979245
0 40309869
0 2412241
0 84624335
0 12960621
0 51741890
0 48073650
0 35299084
0 67517774
0 84681137
0 21460216
0 51844657
0 46069882
0 29248069
0 109183
0 51118247
0 69313283
0 38812597
0 31021003
0 33552469
0 83240696
0 26062499
0 19264130
0 66414543
0 9902513
0 6843259
0 17630460
0 51604383
0 27241488
0 83170684
0 77320110
0 63937316
0 68231807
0 81117992
0 37971173
0 73473409
0 27841431
0 61698053
0 60834049
0 75894323
0 66481705
0 32004258
0 72097497
0 51592931
0 2067299
0 36011967
0 2230870
0 12744693
0 41601335
0 68313689
0 5833397
0 84568995
0 84124464
0 24332369
0 34420869
0 19166079
0 50425617
0 57562071
0 57891016
0 3240852
0 75892217
0 15399628
0 67952809
0 30830001
0 455772
0 43214951
0 38230315
0 9141188
0 62937632
0 51403695
0 22721718
0 34674557
0 11948880
0 23202515
0 3571993
0 7878145
0 50513879
0 29013505
0 8625149
0 28427723
0 44257091
0 36142443
0 79375813
0 60147472
0 66391227
0 64434518
0 72917213
0 71346693
0 55986613
0 16114189
0 19199153
0 10490321
0 63613901
0 287448
0 57021906
0 56206459
0 46808379
0 67063877
0 36569269
0 47874771
0 65607912
0 64266103
0 16738609
0 11329707
0 55281012
0 51742384
0 23682655
0 83579521
0 57046247
0 1840283
0 27535541
0 58080331
0 74073488
0 75069572
0 6984269
0 4238814
0 20536559
0 79866975
0 38223838
0 53242396
0 63129699
0 52041655
0 70128358
0 48745155
0 3565010
0 35094049
0 70687998
0 35277813
0 25873289
0 60453445
0 28444425
0 54201475
0 3489667
0 60304655
0 51464629
0 6845476
0 3945769
0 73563251
0 35307035
0 80996155
0 50763049
0 34802585
0 16346492
0 33992834
0 65602251
0 38699119
0 61731827
0 6020296
0 65392025
0 76962912
0 45439252
0 55812573
0 22404591
0 19293149
0 28454427
0 53951417
0 62094492
0 1222789
0 15978559
0 63776293
0 43569321
0 52857371
0 14238717
0 14844111
0 59100820
0 76218297
0 5670369
0 34817711
0 53766901
0 4217579
0 69183867
0 68698169
0 83654621
0 35458536
0 10157712
0 22096581
0 28491407
0 13053305
0 31689513
0 53927981
0 79296909
0 82494847
0 24667397
0 12124905
0 71913766
0 6428514
0 55446541
0 61550281
0 27481694
0 54791193
0 19030191
0 42538107
0 339773
0 49761415
0 30378159
0 66887721
0 21343741
0 25891585
0 34558917
0 71696033
0 45873769
0 42987490
0 256000
0 54656101
0 59348454
0 34521936
0 19070185
0 14723662
0 2600963
0 32674235
0 60846405
0 61382011
0 67711371
0 38587809
0 3523305
0 69206185
0 51923592
0 57453655
0 22122241
0 50663435
0 1628377
0 40486741
0 9663785
0 47814523
0 40086388
0 12313809
0 74664333
0 74127271
0 57725009
0 44924429
0 26541033
0 3855312
313 353
8586 3713
8652 7994
15815 8506
16157 14838
20697 18901
21304 19973
31257 24154
32445 25055
38063 25720
39238 32692
41362 45173
44794 46065
47305 54256
50380 54903
58576 64037
62079 66265
71779 68842
75305 70226
80961 70393
82037 71226
90003 79501
92252 90193
98423 97565
100929 98790
118999 101251
119175 102393
120597 102757
132635 105471
137925 106051
151016 110653
166607 117361
167033 117994
180808 119019
184619 129413
190800 130306
205360 136286
222617 136521
227452 138026
244321 142649
244611 142926
252060 150551
252637 152917
259927 153569
260835 153901
261903 158801
266601 159903
267304 160437
276097 162921
276559 173953
1101153 175654
280657 177217
286889 183168
287035 184697
301587 184977
307445 185143
308769 186651
325831 190841
328437 199439
335212 203516
340824 214169
342045 215724
349769 219331
353255 225601
356373 228586
360047 230494
364341 231317
368393 232337
373603 234451
374529 248945
1359742 253561
378393 256623
379665 271585
382920 271966
383139 275966
398473 282231
400042 282487
401048 299523
407880 306344
410005 306961
423965 324782
432209 333005
433159 335235
436537 336129
445340 338925
446098 339749
448251 343901
451139 350126
451141 350817
456788 351385
460331 358568
467061 362873
481317 375589
485659 382785
491705 393345
500113 396021
506663 396794
506819 402961
520581 406038
523889 409923
528803 410101
533328 413445
1138905 418333
541849 418961
542761 421321
552185 425558
554323 426319
558257 427967
565863 430015
570593 430391
571109 434265
588985 440251
595764 441985
598645 448541
605185 450208
610636 453941
614217 454041
616421 455113
616763 457691
622934 459115
979823 460212
631102 477182
635833 481417
637353 487176
642239 491233
643660 493651
652325 497617
659625 508111
671015 508260
675409 512781
692925 513890
693985 524625
277577 528913
695365 547576
712314 549683
715343 552008
722431 557857
731329 561721
762155 566096
765869 568586
768707 573622
772347 574251
790879 578129
792748 580304
793889 583047
800305 584304
804105 589181
817853 590225
825801 595631
836204 596046
847761 598641
848025 599547
853335 599609
853508 605766
854319 608399
861116 610577
870865 611287
872928 615274
879643 615666
881971 618123
892965 622916
905352 625881
911233 637281
923073 639001
925170 640273
927008 640626
927325 642701
933846 650045
935688 653301
936970 659831
938945 661299
940129 679146
963088 686975
963548 693349
969897 693525
970021 700253
970247 701465
972818 719977
972889 723951
977096 730926
630149 733961
986113 740110
992377 750033
996951 760141
998007 762617
1001028 764058
1001914 767817
1005605 770425
1027273 777361
1028799 778850
1030909 779454
1035546 780506
1041833 781771
1056567 787413
1058033 787868
1059185 788693
1062415 788751
1069121 795301
1069289 797111
1075765 797905
1079701 801901
1085101 804773
1086422 821611
1091770 823925
1100312 827623
1100665 830225
694399 834256
1101575 836491
1119748 839611
1136421 845231
541721 849377
1144481 855826
1144957 863781
1148053 865374
1155035 870368
1183685 870481
1187020 870989
1188793 872737
1203073 882830
1215106 885241
1222429 886319
1231161 895371
1233559 899649
1238085 901985
1240690 904011
1242085 906147
1242755 909616
1251493 913717
1264049 913763
1271905 920457
1279934 921357
1287057 933018
1296111 938177
1297481 945921
1302407 948101
1305423 951823
1306192 955517
1306561 956251
376013 961781
1312854 962743
1325721 967754
1325767 967771
1333865 967919
1334433 968533
1338049 972196
1342511 976389
1348963 976668
1354786 989977
1311581 995725
1365817 998509
250 250 565182010
0 461641083
0 230858551
0 43724908
0 276248629
0 298602427
0 292737097
0 125955005
0 5777425
0 85902633
0 485860783
0 46792579
0 405016294
0 220582237
0 125850711
0 203832721
0 23522500
0 296675303
0 484795338
0 87426769
0 172808693
0 96294387
0 447223831
0 108519541
0 233760529
0 230568740
0 336953686
0 21812001
0 112327708
0 395012067
0 80752897
0 365834585
0 282656255
0 166153563
0 49328146
0 14908321
0 308895931
0 102190627
0 11293517
0 125517166
0 84037759
0 447332497
0 213298801
0 6815471
0 270259074
0 115830044
0 196213121
0 1449181
0 19090501
0 104710711
0 26789007
0 361084801
0 494975248
0 436759051
0 29115640
0 318947391
0 180775317
0 183316651
0 235815265
0 7079953
0 11425121
0 427145841
0 326981571
0 110595549
0 165689911
0 450999046
0 339999031
0 213852541
0 16818944
0 454611091
0 33620351
0 539306596
0 433015093
0 46781617
0 96999761
0 187422145
0 69366607
0 267830777
0 161414854
0 166468406
0 100371551
0 220109059
0 302594696
0 265264885
0 34944339
0 293226325
0 135872457
0 180967384
0 193286857
0 184639441
0 47817215
0 230647873
0 11866505
0 361863271
0 558783427
0 456788741
0 74430721
0 142837315
0 564890278
0 139323141
0 454272999
0 133069409
0 33204691
0 116394766
0 482573665
0 93958859
0 68040980
0 113440321
0 36004193
0 9729999
0 32234029
0 507715621
0 46669837
0 196341745
0 349678981
0 280758403
0 198408684
0 492241681
0 7480769
0 505953425
0 479726887
0 360952030
0 519124411
0 390080237
0 523703701
0 18680557
0 28732857
0 267085585
0 24657651
0 58127065
0 262321500
0 69287747
0 396266770
0 4540915
0 56453433
0 183947581
0 134120987
0 102941801
0 208983623
0 42137851
0 278228944
0 107521459
0 1103639
0 286496341
0 27770691
0 243748429
0 98235447
0 312795101
0 118238799
0 44094093
0 114279340
0 455707951
0 154489066
0 158601295
0 536227777
0 168849519
0 468286938
0 170690445
0 36440171
0 197284647
0 143952953
0 66108556
0 118718598
0 151189552
0 4154011
0 86775404
0 556997793
0 75531226
0 96170199
0 161506281
0 65659573
0 89137616
0 15293297
0 149086663
0 32909768
0 441750321
0 156401401
0 399584677
0 44386395
0 141281331
0 283897197
0 9315904
0 559998521
0 2123758
0 136337482
0 494618265
0 413860105
0 36310139
0 155781541
0 41782399
0 230598253
0 26391085
0 17079371
0 261812895
0 532031983
0 78437567
0 360977511
0 253453294
0 35316100
0 204306425
0 182169367
0 63646191
0 276169801
0 31357657
0 554776411
0 49800559
0 299616721
0 326779875
0 366330226
0 39573766
0 24253681
0 563279565
0 368046831
0 521339589
0 97927681
0 66305201
0 112290660
0 301888946
0 88645471
0 162605776
0 40100167
0 310948049
0 162683209
0 36912835
0 488309641
0 320959241
0 195440529
0 154366716
0 41185353
0 87815609
0 29898881
0 163788831
0 61610161
0 121521822
0 147539777
0 120076092
0 283452516
0 267513351
0 230877421
0 22235851
0 229262843
0 19422523
0 97217741
0 392431591
0 139924017
0 7519474
0 77284089
0 58461580
0 35748186
0 77784321
0 518793174
8055 7426
11302 7551
19309 8065
23212 8955
27201 17866
47821 20885
76701 21461
134701 23995
137935 28901
150136 31546
168782 37726
193497 39613
196097 40061
205119 44843
240215 49426
277925 50454
320417 51633
332281 53688
388603 63291
395545 64297
403104 64577
417849 65901
421217 69344
449542 78971
487009 80081
525203 80621
727033 83165
744997 85921
777191 88945
793562 96091
869873 98529
873097 99809
910572 99841
985929 100921
1010773 118021
1019599 118321
1053485 119113
1080929 121795
1116934 134529
1148452 136837
1152363 139201
1158913 150537
1239195 151080
1258923 152022
1263457 157656
1416577 158018
1450852 159841
1456805 166397
1487257 169955
1529314 186593
1542049 188226
1560833 188987
1605673 189457
1654906 192193
1658597 192209
1765889 195249
1777941 195291
1784993 196394
1827298 200197
1841023 204157
1904591 207057
1912658 208851
1959184 215673
1998577 221943
2073095 224902
2141316 225729
2227575 235491
2248499 238143
2272384 238957
2288827 244161
2301137 249441
2305666 257365
7783934 261059
2496697 261761
2529141 265993
2548561 268906
2561051 269268
2580979 272161
2696185 276394
2697068 291094
2721241 292185
2736847 303497
2764117 304586
2771363 309857
2778575 313921
2821753 314931
2830835 317661
2841967 331845
2897835 337729
2916851 340761
2926439 346110
2981723 353366
2989306 359515
3026089 362757
3078285 371436
3120997 371461
3179849 371676
3187331 379151
3203539 386267
3321161 390689
8351123 392019
3420689 396856
3624941 396950
3703001 404865
3710369 410793
3729025 414674
3755917 422421
3782461 436725
3806288 438539
3811306 454101
3836589 454771
3863941 455769
3884800 461461
3898081 464411
3976029 464507
4031415 467881
4032955 470041
4056289 472861
4146913 474289
4229228 476489
4239088 478779
4239769 489751
4420669 490121
4497437 491131
4543118 492636
4638127 493291
4666747 496061
4667941 499943
4697515 501301
4697685 502776
4717963 506424
4728250 511058
4741890 513167
4742862 514523
4771534 515219
4921057 515393
4936137 515681
5041715 528500
5046033 538971
5069719 543812
5070439 548952
5103541 550209
5139643 555813
5141165 557169
5149303 559333
5157461 567145
5158882 572281
5166945 573143
5171485 574773
5172469 574777
5214169 596175
5257118 602071
5344321 604024
5411405 604961
5425089 605233
5440555 606689
5473939 607544
5482978 610355
5555617 614793
5557825 618612
6135073 623057
5748106 625961
5752727 626489
5760525 629542
5780111 641391
5875669 643729
5927969 651045
5937403 651743
5997075 653159
6005769 654965
6067759 659897
6095345 665661
6110380 665873
5707889 667771
6160376 677901
6191017 679001
6343748 686707
6359281 688101
6364019 688656
6376019 689533
6380917 690561
6479269 691451
6488605 693431
6534617 694975
6572668 697556
6587032 708899
6748170 709363
6765061 711718
6803552 716251
6823105 721117
6938573 722417
6954532 728376
6996483 729076
7025633 732062
7077979 733321
7083199 736129
7100173 737021
7115041 739631
7169713 739913
7170049 743546
7243722 744861
7297837 745697
7433505 750151
7451041 756851
7511329 764835
7527763 774315
7554774 784643
7563793 787278
7600802 796641
7608166 796806
7651095 802146
7660118 802896
7700705 815091
7730417 823005
7758014 832483
2319037 837553
7847473 843291
7865952 843469
7909506 845173
7945367 845311
7970041 867469
7981222 868525
7987033 870627
8025373 871981
8027350 875141
8071929 883901
8106139 884412
8133521 886526
8172075 898105
8328097 900065
3373897 910899
8447000 913613
8456419 929067
8459058 933022
8483297 936193
8511425 936394
8576011 938361
8610241 945421
8630173 946119
8635549 955767
8742664 965656
8823367 966726
8897707 967445
8908137 980953
8944660 983745
8959493 985661
8967109 987041
8990781 987327
9032900 993281
9036640 999273
250 250 42968625
0 8382747
0 5584435
0 35254321
0 36837211
0 8385196
0 25948705
0 1330277
0 20196240
0 10360441
0 35639341
0 17109336
0 33151973
0 21614626
0 37386275
0 15404686
0 7836901
0 6098092
0 42337471
0 12177180
0 25406494
0 22512978
0 33670120
0 16665391
0 34933501
0 5478361
0 38144071
0 15268776
0 23367133
0 25262989
0 25637704
0 10651193
0 6845660
0 9577186
0 950866
0 2258978
0 11433555
0 30793411
0 31923619
0 7704445
0 7835662
0 16180144
0 14608854
0 10073098
0 20759437
0 27422501
0 4087767
0 5201391
0 15524391
0 8938753
0 32814909
0 19278776
0 19776703
0 12654871
0 23622844
0 10401967
0 26212688
0 30079176
0 31425340
0 41520676
0 20754901
0 3903903
0 35528174
0 38509471
0 37253969
0 17071608
0 25760463
0 3218501
0 18011973
0 4325497
0 27010201
0 40665862
0 220417
0 41617980
0 7440033
0 23798169
0 19087027
0 38863690
0 12393511
0 36226077
0 18997546
0 9565862
0 9898234
0 35954251
0 27861505
0 16366916
0 2422825
0 125165
0 34991230
0 4445526
0 37010114
0 35684280
0 11697961
0 31194901
0 3222479
0 33278701
0 29565717
0 25783941
0 21729376
0 555341
0 37765567
0 19539373
0 18692174
0 15313197
0 39459972
0 7601193
0 38718095
0 11138414
0 23522199
0 1486941
0 42719556
0 19571376
0 40833061
0 38586763
0 34551240
0 17282542
0 17470363
0 16182766
0 21422092
0 28462366
0 25697737
0 22186451
0 11520376
0 27269370
0 29162976
0 15170485
0 34918503
0 19351253
0 24235069
0 24211438
0 23697854
0 2268608
0 20508571
0 18068308
0 9394882
0 10881565
0 8112205
0 35606089
0 10745891
0 25225036
0 20417783
0 10458074
0 4538527
0 6009405
0 33727003
0 39240751
0 11838736
0 21413530
0 21993976
0 31135986
0 5884106
0 17665541
0 11405188
0 5335131
0 28481331
0 20415347
0 12938596
0 42331195
0 32341363
0 19910281
0 35003191
0 20191977
0 5150218
0 37428781
0 27468880
0 27122689
0 14111008
0 13655155
0 7495819
0 11518591
0 23653029
0 31558256
0 8103751
0 38816625
0 14257153
0 29797720
0 14849521
0 20571511
0 41683106
0 41589598
0 27581617
0 38839462
0 8809057
0 13707271
0 1009506
0 7888669
0 42809545
0 15902398
0 16453411
0 10509830
0 27042531
0 6750901
0 41524948
0 4080467
0 41363639
0 16217429
0 31397326
0 23121877
0 12260647
0 40676980
0 28980733
0 34664326
0 11321143
0 9906251
0 22192834
0 195244
0 42519851
0 2339779
0 3243295
0 31845556
0 24671788
0 8644212
0 11426941
0 17441752
0 39870601
0 3993696
0 39188255
0 25656861
0 14941870
0 4873548
0 23045926
0 16104961
0 35612329
0 5813347
0 40013522
0 10805436
0 23499981
0 24975342
0 9580696
0 17726467
0 34660009
0 7304404
0 8682448
0 29191027
0 2189455
0 41129209
0 32207646
0 26826868
0 9982139
0 9492304
0 42747495
0 16892836
0 12314125
0 14652268
0 12535039
0 7783217
0 39586768
0 6688276
0 16181332
0 14455281
0 3410206
389 11581
2219 14715
5037 15611
15317 15933
19729 16247
20537 16337
24111 20989
27901 31990
29137 32401
30325 33604
31215 47005
32953 51807
41411 53412
46301 58348
51731 60211
55961 60674
57811 68159
59009 68443
60436 69161
60945 69263
65105 73841
65452 76024
66417 82467
67574 82581
67696 82593
68761 86193
70589 93517
71803 96101
76053 102973
78029 104649
79953 105636
81961 110049
99305 113524
100491 117721
101335 118334
101383 123921
101617 133549
101636 139475
102351 147269
104236 153326
104784 162226
106154 166501
107655 166920
108247 167527
117019 168440
119959 173070
122903 175305
123501 182627
125369 187233
128905 187869
137441 188673
138243 189569
142286 192081
144228 194612
145414 197951
147053 200285
147435 205414
161735 211339
162609 215330
166066 217865
168072 222078
176350 225423
176926 233191
177729 256685
181983 259025
182781 266827
188197 270585
191807 275469
194689 277451
196299 284801
199786 285577
202909 285897
203299 302025
209033 306859
211813 316061
212177 317015
214865 322961
215555 327251
217009 330401
227326 333095
229153 345462
230059 350391
230993 355181
231725 358285
237777 365351
241511 365436
247319 373641
250737 384263
251129 385521
257107 388499
258766 390444
266705 393221
266877 401621
269016 407119
269401 410091
273278 410360
273641 411951
275857 416441
284767 418377
292336 428905
299117 431481
302657 432536
302781 434241
304277 436733
310480 438763
311042 447711
313498 448101
314799 455363
317185 456266
317658 457897
320101 459265
322537 466327
323657 471602
329069 474889
342315 486422
342670 491701
347689 495526
350968 495929
354185 500150
354482 501101
359514 501515
364145 502801
364790 503061
365286 503941
367428 504589
373195 505180
373905 505486
379849 510434
382361 515241
386041 516391
390223 516926
391306 518433
391661 522793
395427 526223
396866 529201
401277 545639
402450 546785
403826 553433
403903 557617
405014 557694
408135 560653
408855 571065
413587 577476
415205 585768
416465 589321
417171 607422
417939 621977
419403 625051
422777 625271
427310 631647
428213 631760
428489 633527
428733 636136
428945 650489
431202 651226
431579 653268
436193 658919
439123 659595
450976 667101
454985 669497
456373 670251
459626 674409
461117 675612
465653 680971
477657 681221
478361 681626
480937 685725
481876 685915
484627 693707
485259 694111
486757 706286
486929 708713
487180 711601
487483 712664
487817 720835
487854 721117
495803 727270
500233 728362
502134 732001
503609 733271
504835 734561
505425 744653
509565 745149
517945 747590
520847 747803
524687 751914
525741 755599
526922 757256
539002 760257
541083 765929
545741 771514
546015 775667
548147 775712
553452 778702
554289 785333
556005 787093
556468 789225
556901 789535
560539 793923
561364 806512
562329 812761
564989 814571
567949 823401
570701 826411
574269 834561
577529 837105
578306 840176
578602 840969
582875 841219
588545 850473
590536 853257
595585 854846
596199 858909
600491 867726
603757 869281
606708 870493
608929 874471
615415 874709
616465 879425
625985 880927
626488 881804
626801 882875
628807 885957
633993 897573
634199 900181
634601 900601
635099 905191
649136 915725
649869 915777
652731 917476
654953 917711
656437 919821
656562 921961
658529 927545
665125 934297
665793 938927
666633 940827
668705 942420
669259 943499
669528 946403
672952 961846
674128 970241
675177 971841
676986 975769
677265 977293
677639 985665
680617 988041
681773 988287
684137 996557
684151 999683
