10
35 35 365393377
128656407 177874300
271279425 157553425
154362568 170647972
276216490 2286961
254993448 139226913
259361414 200468776
174871722 136681441
262698551 41867726
306613776 211188891
378248536 46297836
338498328 344987721
196106822 137271261
304443370 229781091
259543578 116184864
103777136 143096851
113598736 3927808
328603918 86348311
303603495 318971313
337568806 265841563
120086670 92097164
326209626 16474785
377835951 158672647
292975750 12665389
368190208 221025176
86080940 125905921
193342606 202834261
89747944 353965111
374939562 105862209
332688143 129972352
201642872 110280616
156227066 274826679
344119522 113410664
138327932 23398145
119137114 1144656
149352704 3931291
6076228 13521
3112621 41989
3271080 200036
4589299 245057
4986309 257685
768626 272801
7342081 284481
8713058 299618
8890567 327051
25041021 454073
12206235 456311
16362768 503547
15712811 570919
16659970 602441
15274297 611594
16659041 617265
16732161 633597
17064046 673094
18577529 699261
19367057 728597
35418154 737226
19382661 748681
19623885 775796
19914172 793850
21219311 849961
10807659 854045
25334557 907665
27456276 925714
27261982 927973
29482996 947239
32754711 949886
31571111 971621
19577469 974499
36140347 985037
40512851 998201
35 35 538168536
189780582 75218452
436820738 10247011
124095941 452414017
43018871 6998463
61301792 26168429
567286056 53044245
128754133 66806075
456252176 263710891
421077116 16270066
360031966 184022251
478432086 66312961
127163190 157126267
204252366 132776801
85567117 203602832
122657366 333137965
474631206 100312771
69420041 508829383
217648170 96398611
166384494 454941539
417275430 144247820
250578082 46831212
43194258 158738317
74918265 137086696
397885932 232559173
248761998 479269866
86090256 39416980
385755806 84498421
479307418 213279047
67688414 64885381
165252306 99358771
77891406 280099547
94389814 444490957
274881924 321515731
120516871 447293893
432755166 52146582
15131347 39750
126113 48086
1959091 83397
2559269 93201
2672875 123008
56869428 161921
21654144 165401
8538344 276177
8614470 302201
9055827 353219
31893857 374801
11999917 382261
12759581 445417
30975595 474387
15105741 481113
13036999 481553
7258654 520855
17707183 526823
25197265 528625
28274275 601567
11266004 608677
52037 622535
32333721 648333
32790617 653921
34214434 678973
38774281 684369
42646784 730081
42976646 780357
49580337 804963
54609221 827685
5405279 838166
58734336 850976
58817871 920961
58820268 966343
59299228 998189
35 35 177835280
151996524 27139503
114917399 83597209
272065724 123673017
125651660 35537991
273167079 15836875
136275936 19995421
255803099 67463467
192884243 98882987
114630660 432917
281938038 136471705
126410880 26931665
166161110 22125017
225033188 66543984
264861462 118991249
139724400 108555033
194256667 78476441
248666019 133910393
280300020 92907791
207669879 113961408
190607622 98035793
111755163 176166945
151973470 1368313
121389707 149245329
118926180 134651169
114879570 31668677
212095242 85719798
268378146 5447811
258389890 11012558
135090600 67648696
185222379 50769275
136284527 66451551
113131129 106374529
208883247 94154089
216100353 165442121
156116128 114267847
1313081 16047
2387417 36457
5560764 42337
4127161 53338
4332881 55275
19993347 70672
5174152 108750
5311027 115721
5450033 117808
5486010 159711
2603086 263108
5987853 277069
6256791 280103
6387947 355857
20194401 365861
8985241 386323
9264319 394141
9583945 469976
10130987 476200
10490559 516292
10969871 521469
12105048 531737
18214905 535828
12634809 556821
14686231 579293
16367882 650135
17348289 655497
17475990 717731
8535781 754733
18332247 766361
18428922 803376
19630181 837576
4554341 868881
12402449 875322
20077097 959795
35 35 516360491
738150016 183959161
741163039 454746673
503421166 57622769
649008720 3010473
739429500 27426036
636632248 31261222
289367308 181266845
323870350 47956442
306784344 253429561
501312256 224787595
461264679 35951091
285106708 39726213
336508030 187427978
314558488 8260356
276774780 431495242
466798614 118623118
465798520 5532022
321742270 156181443
295074418 74916337
393933482 62567325
398757388 10252657
568510783 94349446
469625581 35335469
672378060 13336365
751402543 270619777
346635424 124494976
403444375 32794421
656257684 446010748
312179656 189196369
268687616 317361441
340101541 197634914
692973526 176521933
549206058 11896446
725917548 132804901
477345440 150510508
19059571 22155
46045183 115162
4244339 123327
9774124 127643
9996544 143583
10569601 192005
11102877 204486
15417997 244161
13457965 282773
14387759 314305
12599753 346619
44471967 432984
17341275 461491
2149929 467489
23305981 469521
22873984 486429
23995459 492116
27687543 505636
31762655 511852
32400397 573481
35592206 576329
37203813 596676
40496655 609301
40621648 617233
43715161 663075
16083413 707141
44893333 746217
45240027 761531
45756208 771401
3619650 837985
48423020 889815
47368851 927861
50243741 973647
52540963 981709
55394329 982001
35 35 827070554
118914755 54489457
143562196 521603875
122961971 193910770
919417517 110085874
384010569 58068049
547774439 142425760
658655685 264594923
246813763 114587776
258727032 382479202
207793017 122038645
224049833 91301259
478655899 184306884
129949056 116285713
580879117 304803799
628959257 383952553
265757142 191379949
292731092 505149841
172709729 213260421
277010307 93458605
117039422 218725331
759746207 558175058
141674195 21770967
632314567 583476007
593313437 31074730
226820387 344351161
187408267 379487592
430412707 153503429
275254899 34660151
733261507 413840239
210186891 125343873
339204299 384343881
748793335 442874693
369496519 334552440
876047321 247073791
132280321 427755649
20795688 47759
15141769 49311
16476803 65401
16554202 147483
20532205 158517
28551303 161901
21221755 168801
67186083 210859
14040653 261022
30013171 262697
50202949 271635
37998819 289865
42442579 351785
31121821 391649
26149267 427317
59084776 457001
63290493 505518
65500975 592737
66075166 604816
52631245 637249
68295579 651487
69244485 667153
70790127 668567
71436830 676153
72444831 685909
73305085 715065
73484378 720348
75466481 772218
75677653 784206
81642371 893718
82039062 951681
82378698 954274
84254041 957651
86408981 969837
92456201 976405
35 35 51240757
525599139 23040749
485461166 46206510
496634430 11432137
515616751 29103428
506508643 34214881
483909999 6975315
475420643 21925748
485458360 39392965
492968019 21061838
477556433 14126674
508934751 25268120
489980750 30451848
516030203 40245244
494310650 46545598
493513091 11380743
500086169 38443351
509857477 44872448
525876613 9780338
500081685 1572735
512748608 31013422
503001493 22171963
478591749 15874050
493559735 7869103
492848451 14971845
490122402 6778364
503592195 47189988
497174353 4706796
490014071 50261106
489092566 12281979
514061717 15810607
515977545 47517550
497897671 33872465
507292511 13540814
516772536 32773405
478586703 45049192
130815 90625
475669 91837
552257 94929
1167217 143773
836695 171339
2256048 184521
1127457 187405
780196 205537
1420105 214457
3783125 248941
1644427 330941
1959985 338857
1981200 350561
965648 366888
2343133 389545
2615309 410742
2623537 440149
3174694 497440
3270593 566746
5426336 575548
3667754 669109
1629610 684569
3939446 688826
4056148 733761
4239121 779657
4264113 786749
4320412 826445
4392464 889921
4425067 910981
4929608 923801
5177095 923847
5237177 927665
5245657 941391
3462837 961516
5739598 996085
35 35 35
88166397 15
88166385 22
88166364 35
88166376 4
88166364 18
88166364 2
88166364 2
88166383 34
88166367 24
88166391 29
88166378 26
88166379 19
88166376 11
88166391 1
88166391 26
88166394 1
88166382 27
88166388 11
88166388 35
88166396 11
88166383 5
88166367 3
88166397 6
88166380 34
88166378 12
88166395 11
88166378 26
88166374 18
88166369 8
88166379 4
88166391 16
88166380 11
88166388 8
88166364 10
88166393 32
4 35492
1 44033
1 110477
1 139625
1 225553
1 246003
1 270289
4 276509
1 309061
1 355839
1 370688
1 413353
1 425697
1 457190
1 497678
1 506011
2 553451
2 555969
2 563457
2 572945
2 589357
2 602001
3 619870
3 635419
3 681111
3 684423
3 735873
3 755071
3 799081
3 913767
3 915340
4 919003
1 924891
1 942181
4 986331
35 35 1527357
874207867 590336
874635176 203417
873835728 1402027
874495154 1306660
873813746 1346609
873808514 671706
873206048 1433734
874063542 1478903
873389822 1271505
873743197 81085
874304148 1160568
873248578 805332
874347712 333160
873922119 1431138
873527988 1182424
873726848 972555
874005781 273982
874286184 929788
873973655 797728
873762433 1385477
873927304 673084
874180270 865447
873258233 1272149
874038878 899296
873854388 78460
873364888 968061
874645121 97726
873910732 1056961
874031723 98794
873950832 1078899
873394582 1319158
873467404 448831
873367594 308712
874411947 652783
873325066 658387
1517 9521
4807 28862
7748 82791
16237 108635
17137 168756
24673 171290
24452 175457
19129 204710
35901 221351
41029 226753
50121 245156
51745 251611
56325 314911
56455 365985
66879 484440
70273 491240
73225 533857
87787 576554
90259 611046
91498 666721
92089 704401
94299 718127
101281 731153
116471 742689
120876 766751
124684 767663
125049 794385
125297 805781
126357 847021
126841 873797
133964 891611
153063 953417
156721 957727
161422 978721
173740 995491
35 35 532652130
382884873 143694097
629629758 61425909
345724707 2602501
495190035 399874285
652449375 80305061
505149936 67129297
687660066 7740475
497787168 197014024
647247924 369493891
709104512 31309489
874452653 284195181
471187040 236415361
377529213 167091511
371356181 348339361
477070060 93584710
418279460 323639077
503361065 64488151
444221348 6535647
758070076 10922076
613940624 92084664
490849980 62754666
775067472 523328345
463548622 268010911
394208280 379755801
501948900 188837875
707344390 127365681
364242276 312904870
511954794 303789001
584281859 401135488
493546676 133483816
426019090 462321022
506672880 140674796
372158223 213695371
429650946 159329664
580532276 61908800
78509 27571
297981 47125
1639773 51853
1737121 56745
2036867 75001
2255820 101081
23205184 115675
7408621 210149
8120979 323137
10703495 332881
11040825 338336
12141916 359413
14104333 385569
19848997 444685
21129030 462537
6405696 502789
30288212 516534
30565033 595219
33114433 605125
35573710 606507
40410110 646537
41587636 672047
43273033 696433
44969665 708591
45078303 713594
45104003 729964
48751221 746501
49124834 759739
49717805 795601
53048017 850956
53426656 854531
54960503 910033
58680537 923830
58871368 974585
59594745 985578
35 35 405385925
500148247 126745575
536875859 340587794
446577849 49106641
475382130 85887631
447189263 36770581
448167545 31838395
426375345 149231516
500666783 42605636
500529061 60442229
709050960 202235109
462867665 102844340
493619565 362528596
679308093 27909421
512272097 166607264
421264317 384662851
701227113 337936352
366802493 9749728
361773021 6574165
451660663 16912557
401904721 327105418
567886869 322098941
387782543 157579177
397635141 328520981
611955891 102952624
562809807 115097849
447040924 87809723
378839334 18111745
611109223 252665420
575639019 4738345
593725553 188213632
516127468 179496116
448724538 215416209
405462367 164533183
557994763 256573676
362974697 2668421
1759095 22907
2324427 43911
2371645 124221
5437174 129707
6179197 140311
6331489 317409
7275971 318617
7544249 343520
8636713 354139
10149118 365336
13758149 391113
14842201 396365
16038300 405741
17236442 420429
18126221 420849
18508161 479931
18872675 516465
18929138 527512
21830043 530110
24032805 548324
24634408 565327
26268501 632161
27722221 651491
27883085 695980
31153161 704514
31602997 719281
33059613 750089
33090114 753485
33575035 789878
36816321 789976
39024641 805561
40849229 933745
41216725 954096
41322033 971017
42124219 987361
