10
250 250 37277750
395567326 24710073
377375076 23062108
398300859 18483738
399034090 24084503
392751287 35244201
380680048 8435891
392007372 8249037
385565062 27603705
410163074 4424735
386095999 12207001
407919824 30858601
381209038 4917695
379076444 18853118
378202391 25992125
387450981 11887057
390299210 14630553
377626802 16596321
403737807 10653085
394375890 16177696
387513149 35233631
388619101 35464888
375923672 32344640
401017144 566361
384078314 4602270
392547615 27048467
391669936 1972924
408643280 8610257
379503455 10871341
405713189 26875121
378321791 1931359
387526841 2409765
395362701 16983173
381083738 14911211
377773530 11750921
379937495 16605438
378577871 36271507
394162504 26511527
405504074 33034474
384513382 25980611
380912483 1995153
393851661 4260185
401090314 270303
405170412 6217486
402635936 2471145
406331641 9306823
384645140 1584736
383687498 3010498
402693452 13441728
408057371 63830
392277036 34218009
385237079 2799541
384709808 31204725
400860956 5119701
392363936 27365827
395494918 8280521
378278921 22325211
381232246 10176202
398353029 36852863
385786576 6055343
406121848 2104641
402630278 17534766
403302137 2985641
390085430 12118126
403647433 17166412
410929178 33709091
394104830 5270409
404941826 32584113
375590372 1248691
388524144 24613509
382114961 21946663
409271540 1370083
376259366 13844416
397520597 2231661
384433052 30673279
408639610 19800981
378875593 17771035
408198152 37185042
394957192 27225819
386569976 18603781
376480976 21108095
376662894 26882561
410617611 35492151
410036350 11931796
376580066 6123872
406159360 11276479
389697488 19970724
396414377 129391
375568661 7062810
376338372 27599344
399356734 2847073
400789845 7663383
383512657 25095639
377640749 9831299
400172642 25637283
383097935 13565661
393018959 977981
404554240 32586947
390485225 3516486
392306032 623694
385037648 5931730
409219935 17670791
405386033 4121434
393695620 2063849
377382142 5980649
381129566 13277056
410482520 22039753
393309874 9238917
381808434 7414897
397548422 17793267
394848143 5971126
383508797 27239289
399322952 10712435
407692341 7221623
392113931 27610200
376112093 13888321
389993373 13070706
387421192 33495096
402723261 4496280
383571650 21217351
378322208 18113497
409404998 3684875
375065852 4737529
408307281 32654720
396495052 31891606
398359170 25814023
395731322 34373069
402941069 27964711
404142649 37156725
406554596 21868969
396389130 12417934
384646920 554025
379577985 10199915
404059029 21552523
400024044 36838485
410262869 14081379
409767091 7232198
379555939 20119005
374834642 32337517
404545223 695307
375990209 17134451
387563106 30573019
386102315 24861726
407972139 5401597
388339788 5313359
388093325 11950927
381984935 6356497
389384912 22567263
389821589 21877985
391354040 1005555
381476672 12694941
386733201 6755569
403580088 7170263
376605110 32480203
385973083 25881131
390909824 19091884
375306691 12095567
399101899 36251977
408138553 10668651
383886650 6920535
382523688 20895777
395318615 38756
379481844 33026167
408700580 9684791
403242086 12820659
376893890 155763
386403255 30084325
385166448 25271471
390080096 35275976
388186070 33194425
402501919 1793286
380737546 1152404
384787510 11025291
410115748 7296577
408172850 7389347
409456720 17319421
407239538 18481907
404707172 16157485
386557553 2093924
388026195 315146
398842285 36381066
398655235 3139347
404004657 16015631
377529347 212751
410067685 34944110
397820565 32814052
410947373 33823251
408657410 4151643
379993877 26721629
375900784 33369539
396361808 20953834
411498416 26930693
412047951 10347293
391459976 32641645
407564843 4779163
390709746 14315817
375615703 5381052
402247813 32408179
382541144 20457467
381169953 10622401
381486510 1289305
386734434 26476781
386627748 10878921
411899335 21239289
381280178 1591563
379877776 10085585
385884344 20213885
380838566 23437063
395731776 17283801
401922101 27249722
409176782 35124495
405945084 21053941
386154545 27955567
390568829 25535666
390697974 36075285
376000471 13584301
393006481 30948569
385679377 12461385
391078744 4968060
397738374 33725327
381892058 36299313
383893433 29595439
382239014 3863767
389729048 9397105
390396443 33120863
409721011 28822626
384272798 21355816
384312471 4697183
405763547 2214476
390316290 21726841
400523719 20220163
393762704 4959913
390919536 13104081
398903868 615529
411750650 302568
410890808 7422010
404018181 4985908
404884601 23156720
381630380 15012221
387757385 10016857
383607768 32292484
409492612 776585
397288787 27888926
401951835 28209667
376665017 19037877
388056614 179005
386108796 21916700
391192289 37031941
397933010 1775212
406602785 15700853
401740214 8899203
8310 521
16664 6754
37037 7475
50146 17576
55362 21377
57951 26133
2532438 26881
64739 27089
93822 38489
85520 39021
641680 39983
110174 40141
122932 40826
139744 43897
143783 49929
167376 51743
167560 53816
167650 54273
191502 56234
213714 59089
230247 59553
239902 60836
269935 61921
270171 64717
297911 65051
416477 68751
326375 69857
338005 75822
358975 87090
360007 92771
302563 95797
367412 95885
1715549 106033
377844 118081
378778 121156
665316 123701
402223 125149
410579 129105
363906 132141
427277 133743
1847128 134873
442978 136151
462601 139501
483149 142630
486855 145737
495863 146681
508083 149309
527439 149451
567461 157658
575797 160822
986153 162892
588651 167206
609303 167638
611755 170694
613599 175601
617205 189301
625559 197308
627546 200187
628058 200731
633930 207691
1978854 209825
657849 210015
2317999 214157
672674 215176
924163 219741
702785 223303
707414 224401
717616 238201
1869554 242101
735876 244360
750207 251487
750998 253304
771073 257102
771084 260881
781538 260932
789061 262685
792580 270035
827466 278242
842292 286259
844003 296981
852161 299677
870464 304601
891943 306305
893482 310443
902514 313361
920172 320784
1940335 331129
973647 334087
973921 336237
980373 336809
1995559 342757
1010011 344019
1041200 344916
1041656 348796
1045813 360193
1055988 365981
1069095 366253
1083132 366976
1086050 367485
1088314 373761
1089181 378001
1117902 389841
1131113 390471
1154865 396417
2188034 400759
1171698 405409
1175169 405491
1177915 409943
1183786 410746
1212945 416614
1240730 420645
1253914 423461
1257450 424615
1267037 426115
1268365 428947
1271904 434963
1274341 444849
1277804 445263
1279387 446841
1572722 449206
1415550 449921
1310922 460921
1316166 465029
1325637 469181
1335071 478838
1339640 485424
1347622 488143
1380175 490626
1301956 496977
1431112 502285
1459456 507025
1467900 509257
1469710 511168
1477240 513545
1492581 529316
1493081 534864
1652788 534923
1497898 550935
1497940 551831
1504079 556461
2191615 558051
1518253 561913
1559914 563569
1561465 576665
1565305 584896
1569806 594361
1296302 600937
1582999 603329
1724164 604847
1590304 613951
1955252 615291
1618447 615805
2021143 617523
1650465 628314
1493273 630327
1660732 635806
1667497 639069
2295535 659808
1676753 660016
1698812 660481
581893 661505
1711750 663581
376157 663775
1586669 664002
1727148 669311
1731975 675616
1735927 681121
1764624 683889
1777465 685515
1779459 688790
1779627 689621
1812061 691191
1814632 692155
1818217 692651
1828296 693182
1833212 694991
437857 695932
1857664 702197
1861306 704477
1863241 707961
735472 709029
1879725 710577
1888899 725960
1899997 729602
1935473 730009
1936600 736701
695161 741801
1940696 744257
1949739 748628
1955018 749454
1599701 749704
1975434 756627
73719 763069
1979935 769825
1698970 772681
2011340 778823
2014060 782350
2015879 782501
1619993 786007
2049081 798487
2406128 806313
2058840 810497
2065186 813186
2071937 813327
2093953 826373
2104008 827737
2121907 832127
2128263 833217
2160213 837071
2186315 839628
1157919 841125
1509160 843217
2193966 844215
2194367 861101
2196208 864769
2208319 879234
2215462 884561
2226002 890791
2254546 895884
2269596 898121
2275687 901587
1667589 902251
2306623 902281
2308315 903705
387674 907881
2319186 921881
2321118 924097
2338530 929325
2348715 929541
2354689 929929
2377360 933201
2378585 934381
2394796 935951
2051102 936277
2408890 939582
2439514 943521
2444397 946048
2480787 948663
2457609 950517
2464472 960409
2467178 967419
2471092 968126
2456991 974039
2487284 976032
2488363 982493
2509186 983309
2517317 986992
2530556 990751
58275 994494
2532446 998281
250 250 768536760
538609339 301446151
156569641 114724801
596462759 718276821
346020784 45465631
676130257 574245694
738106105 195373738
246745573 641768133
175312882 23889685
78777763 175038661
74600669 251428045
477753380 8462143
258024141 480253456
50643765 287051291
638600214 467176283
67785393 193332052
138461123 44461903
302281846 260998241
126787799 249126209
166139028 97374677
371140901 19130206
586625518 23552645
318896139 75958387
628871722 213440832
92697217 195908785
414611617 539743025
591513713 399121005
373226173 101323309
161396421 113423699
31072201 165739267
125316619 80280193
38291295 35262285
35713409 248336311
278561908 555559649
161733085 82057418
92899417 217457525
459993022 359122366
129341508 541881957
101575678 91831624
418860322 144676621
97327320 86147223
170159237 290668771
200441613 265321
678523709 230053656
347658134 246183229
310405379 284914441
85533541 437906561
29512786 544095775
644909459 10080321
75726669 19143240
48098536 687896441
219771017 177547321
142942537 10935001
372678949 83988649
251267263 602116637
341188235 63315673
65978869 142709752
206118061 235076745
341957693 312552520
91240109 337136991
175354404 499945936
652492975 246315169
133586137 102267649
568891753 395759057
67821913 668561041
414201145 2358401
179866369 33185681
44202171 394278060
216896154 120940425
92452477 472668979
368539088 570758273
109801232 265879355
155285828 399025187
227464163 373127177
32470549 516398401
193336811 318524116
323613537 29376073
146674961 2248741
111841529 232075291
493818671 194362245
107227270 741616993
157558859 31198649
177075457 365935510
401656419 48628681
44053050 82160049
45095954 204957061
262040659 586021136
85815359 340476676
248109259 740335114
162586609 170915823
347203909 265076527
96772163 34882881
331267009 134115147
751598977 554725331
56597819 337007812
364697981 8785843
67524432 540783516
632568663 162806916
157266230 381003910
191976991 587891536
37337540 31359601
410876109 12927020
209653249 584351154
440292751 166707532
143796550 399475465
180665619 197806901
89030791 643499905
72892492 622851969
125819937 47771011
132101448 23174592
171373184 489369532
52896166 93679351
90296089 51766306
35775745 280490785
118216479 160280612
418704541 31050280
313236157 3115781
345144561 210340783
43576861 682811147
208108112 94703201
110017369 59865919
493253127 584654131
350289025 229698886
595513129 231818581
491699623 187767256
162479689 13061425
643648303 396433681
79230183 105931801
41367049 63785707
152977921 376784190
139637793 328260961
369873963 24094172
31026355 52064823
251746953 197327824
278037633 123224449
64569962 308452174
156561199 122968873
381050377 146527917
757056247 65585211
664622994 253223029
201977281 478522513
161172889 392457162
353076245 474871209
705597298 494429569
482268129 38360410
508358197 334041337
284298019 3456941
390320233 383448641
180620815 320073105
723836788 228697017
319296367 126588976
418730785 15788488
105565731 490930531
125467769 90527036
138942061 148165613
642759001 272293505
28388279 249699436
171744235 426766495
289699701 148854391
104609175 235375141
207996743 89813481
41175577 68928993
448561543 12049346
163423249 312338787
238814069 61051339
172389640 74476261
146131870 240671605
48117989 16088073
586044233 121902561
548819287 312484353
38584456 214386352
40406114 181505894
205640991 191435441
113881889 39373345
193120567 168742003
538241203 105406243
161561476 291173555
69036282 98963341
418025665 133456057
358252955 901850
460928433 122162171
34072377 50724805
225874903 166009171
66902285 48712601
171845305 183199047
312176397 27478465
333820449 23506297
307721363 35452025
795987073 239261224
158597647 640024449
101660115 501696651
584906065 259856822
221477913 362735461
78579399 166026351
397978128 155376001
242826889 117598825
91067892 172205076
433717883 191988193
284794884 1677133
351406879 126536353
140035374 31435453
175029805 67540903
726229225 116411503
445085752 656657021
104635648 159939718
748903281 55269313
487354604 236646818
131000089 94766670
172463053 11108945
302271809 694106201
134398897 8371662
529532965 314602396
37470259 423960464
202570186 622224769
585665487 61304323
36283697 88343740
150323526 66232303
83341693 16780453
63193285 66533751
265196161 544874821
350802979 15245720
307788907 232874376
274333273 285926486
489910149 59186100
234816799 123202089
153468331 3600721
57297068 555479742
76135631 285113046
268433155 487564042
480494779 154497514
44282045 125672401
340930094 417807864
481297660 132857443
118554713 29057961
77807005 260254866
460843993 21288779
281781741 17094793
360872494 115062572
37451809 711417126
511712127 29266283
29118281 75270352
637230121 744193
284356005 223451173
317296663 33350371
501448881 214418737
257419417 220724329
157571917 218854221
389375123 32627617
131097709 301510077
136919359 404019359
272988404 386504581
117346 1766
155943 4935
372681 5245
402840 8806
451708 13188
524107 20326
24761811 22949
8708653 23105
1152930 27461
1224725 33651
1341948 40761
1884739 49097
2050673 54609
2079102 55429
2175121 73738
2325511 77907
5211304 82577
2689031 82665
2843955 84321
2861975 85581
2871148 86353
2938355 90615
3452410 102011
3710069 105398
3811484 105511
3843997 114921
3924481 116090
3991340 131473
4007256 133892
4040055 138643
5412694 141959
4815493 143279
5435236 144921
4858714 146677
2596076 157321
30167684 159411
4837179 164477
5544659 167431
5599097 168007
5851106 172577
34785112 172899
6203003 178282
28660947 178368
7356560 181745
7623064 182105
38323577 183107
7940964 183265
8220982 185370
12327230 186478
8366978 187202
32030542 188810
8767270 188824
21895375 194396
9326506 194697
9551043 197447
9585169 197808
10001238 206841
10103801 213938
10470029 218971
10830232 225169
22867762 235627
10946675 247921
10955349 247996
11232980 248497
51088821 249541
11692679 260123
12239814 269966
8324382 270257
12498927 271146
12568876 271777
12669876 288228
12790043 295821
12815470 306461
13418542 310729
13963321 313679
14047519 313920
14156413 315096
14402231 316921
14606338 318619
15650965 319653
15992713 320057
16385776 322009
16669761 323326
17048786 323931
17260615 325463
17282124 334865
17315499 340591
17390111 342424
51589402 345989
17713666 350531
17744696 351809
17786574 357051
18246729 359931
18678113 361273
18745224 363879
18768096 370033
18794228 371331
18987129 376457
19028584 377320
19253668 381669
19680332 382463
19621821 386490
19582376 387565
19956613 392386
20169678 393231
50125756 397241
20723331 416497
20755224 417062
20773915 424637
21628839 434217
21711585 437761
21803834 437896
9130841 447809
22229803 458296
22520367 462971
6307591 476381
23092870 479070
23275945 482744
23437629 485086
23441631 494327
23925514 494762
24649434 499552
7925401 505012
25125740 507257
25203859 521368
25541103 521696
25924780 528063
26001141 532421
26103414 540871
26308523 547653
26643061 556169
26686663 568057
27198757 568128
27288936 569201
27481092 571593
27510888 572558
27572789 575707
27759235 576725
50058502 581393
27967402 583412
42919142 588913
28205570 601884
10861960 604842
28765692 606480
29219063 618228
29264025 619453
29529114 638276
29666304 639616
30108342 641379
30130163 643049
4487305 644481
30269150 649170
30322274 652073
30836097 652692
30903585 654484
30995146 661441
31230101 667599
31466678 667837
31489501 676393
31754984 678297
31806066 692574
32027916 692879
704754 695446
32070250 695905
32124853 702604
32335419 710490
32411690 716609
32490352 720215
32654706 724466
32950528 724935
32958465 727629
32975191 733051
33021265 734172
33042072 735111
33169112 735605
33525609 738978
33640344 746110
34190403 747565
34251739 748486
34397497 751751
34540564 763391
34759933 770115
6116095 772321
35047756 774405
35191639 779904
39106097 784639
35267864 787003
35291609 791797
35391487 792985
35464618 794321
35590190 795189
35878427 799141
42197571 800885
36250928 801763
38193619 802032
657616 804088
38618749 817449
38688418 818933
39005052 819149
35210424 820305
27950551 820963
39988562 824791
40253835 824793
40457873 827409
40534197 828136
40718947 834777
40843832 839821
41101475 843567
41272818 843801
41439599 848045
41735553 849110
41763297 853725
42019188 854659
42061567 856371
36079647 868377
28076827 875769
43481832 875785
43578613 876311
43680668 876976
43699515 879196
44166033 879305
45087554 887614
45562330 898133
46540531 906227
47175667 912153
47403836 913871
47609455 916541
47654398 917076
47896571 917965
48156570 919781
48605193 924977
48747074 925225
48871753 925793
49450561 929037
49607274 930969
49727926 932191
49851494 933161
49961596 937154
39631064 940731
20491600 943342
50209918 948625
50468406 957526
50776383 957748
11335403 958504
51282525 958949
51576476 965969
17461888 972626
51706298 977533
52138457 989169
52170820 996133
250 250 223122560
961313133 1141301
788360448 8807967
847958640 115713986
789860424 176281331
813429663 10246501
866317623 440668
795990892 187467396
943139002 194338654
887992666 22389829
953188199 31013571
843243335 16912721
797351859 99796132
913487026 19793577
958538782 51014976
883988292 92612993
874434694 69140641
898971563 96057841
830088576 47242306
765201808 16486241
816130935 128899216
823899366 209819971
929896347 105487693
902913456 178894869
933949627 97125753
820029705 77804093
781194864 14036297
932803750 182992144
817729572 94504117
902739264 89655361
848513599 20742541
761130016 58872466
825025824 156243357
967316039 21352376
961496268 10606168
770893188 167973625
892669927 167940561
852336483 69291181
963712768 26844431
900917034 89928849
910446207 9089899
760834590 58352934
888455931 43631487
911154769 70968293
918074991 216165745
788741844 21583541
762259743 21776421
768613614 141108906
872310902 62592001
903152159 9884413
789225309 158404537
868963226 13772653
787024014 88964746
939621174 75841069
955123094 180707621
829423648 3572875
888789864 128153705
862542958 169063237
793461117 135059805
927706584 39485389
764293519 24760165
825161013 141065484
881961468 76236271
761253753 189796692
859689194 95953321
756848352 135681785
776441099 3014271
866613681 177204721
758033981 31212847
758947586 19863551
762858636 8634151
877128798 102049815
853323960 158819937
797520000 163512131
890922228 145216211
842281776 204034663
945662424 69950193
802963950 15357970
766411363 98109634
868066193 185535925
804411201 18501969
793834733 170001971
850216885 159097905
763106016 111979529
791020170 83042563
948276747 32225449
772547664 18441711
839178063 8197421
880096491 210149265
932871103 145790689
820530413 95026476
898951200 15081092
901711058 215655351
805438094 46044405
803279629 41082938
844271724 186185201
811776143 174976021
818275134 218072559
963275688 44460274
805741982 22607716
867855149 24413326
956681110 105416263
809002662 199400517
914650814 164428666
918880064 39092245
871055836 141922059
777549044 159072238
769579223 39881593
902985852 54902620
897502693 156415411
907429670 70284232
827272864 21208243
832363236 197043661
766063362 84465871
841579647 25149547
963042169 141690653
814892067 24232648
780782444 112377365
859014132 103115011
948317264 145816393
869386812 133176438
875400912 110004906
929023182 111968190
914651491 96574315
967922750 45750884
897178503 54099973
902614987 80894119
810202236 216713609
950100269 31836553
823418067 127964089
856135063 125653661
763876993 198861827
896781286 89536334
804678863 219364463
787432514 182808770
955793319 58465822
914120763 136542789
820399230 96388516
963705225 77306447
960423492 23910459
791918007 28781467
799213662 122646673
889390185 90893467
869447712 63979221
879551359 34309765
848548159 40599393
933929294 55294561
862382298 194716873
783236079 45400481
845779163 150516707
766560507 168790707
957615204 133579654
873278865 39392405
861062349 4048465
835780332 202415833
844020650 80949
955351383 120622481
876300851 66988421
943456032 55373599
858197103 31663546
855339632 27855339
856334850 50368298
878134368 34374681
757870812 71841781
866692992 141997626
901096947 34208351
801422013 48596801
778548066 125522713
782996676 140700961
950657140 177984641
894027495 169932866
763726144 72131581
761479273 88524566
800643064 68926957
919061754 16887251
804230261 7768553
785602968 183291241
809607547 68893591
811382724 131918161
843825923 100817725
846039775 140585361
790753899 54025480
769082874 193735960
799098624 166239289
814283940 51576595
903747392 184401424
783275568 22345409
879298479 54705601
817036922 18256883
927731640 184221825
841378719 85684257
785358393 51280037
832398040 126558303
928252219 88539697
783252294 220467697
898167325 99149781
788204496 82896859
868665849 84989949
790780641 59870081
878279448 21016939
778610059 23980243
777639870 175558276
850601751 101363943
852799924 74058985
865452131 199482816
920462880 61303805
957796700 179637579
774113830 89856625
772647546 48498081
915163315 186912961
783347113 50848516
797458797 7839073
809359392 43104633
759622831 45401521
864001824 122741641
779041599 98845211
792609423 74651108
949927707 20860642
791686272 30488709
884267023 151670717
785867111 157308098
843086622 83274899
906035664 103765263
771135958 92902771
798138112 45210649
894415367 125166565
878294756 143965867
775052805 216688221
782298320 62750997
935921922 35967917
758122872 144418449
760825385 80028973
852253586 63561229
910250316 42751941
783925932 1064598
934903788 59141902
899756043 95383
786345971 122902719
808531446 186536770
874824965 6939337
943403304 70417656
756706088 68006485
862891322 157378589
809929391 38954095
862283573 80803237
896377677 67897396
954317248 210146789
769549296 177396077
949263662 92803240
844941214 159433871
768027683 107633139
5080959 1191
232110 6757
242351 20050
276651 31029
11260968 31311
330821 34047
351479 39015
375390 41925
456961 43481
461395 44838
472353 46607
522345 49867
546681 51248
583183 51331
587623 55485
619482 56845
675007 63101
678904 64551
761103 65117
846216 66217
863151 72593
941985 77971
957346 78772
1036015 83094
1046483 84193
3612950 84417
1115905 87967
1128969 89617
10583773 90105
1295249 93504
1471367 96435
1505742 104365
1510116 110727
1589870 110861
1608527 115521
7611821 120633
1663902 120876
1668707 125031
1677391 125731
1752621 126251
10706326 134296
1810985 134490
1839866 155729
1872439 158001
1950105 161332
1950191 167032
1964596 168090
1994033 168826
2082839 180489
2084161 184091
6493243 200740
2156839 201225
2198278 202783
2280547 207039
2311572 214121
2651641 218101
2813943 220989
2869557 226256
2968101 228909
2977465 243801
3047989 246231
12629843 249185
3109909 253779
3125339 255805
5942285 257292
3192229 258221
3216001 258593
3309001 259406
3315854 265058
3477445 265671
14164983 280001
1083428 280615
3627661 282081
3662272 284551
3677363 285005
3680246 288749
3693151 295969
3712838 298040
4024431 306469
4058361 310370
4078351 318346
4110197 325005
7478441 325419
4135217 327897
4242316 332413
4274416 346851
4295539 348163
4459095 355233
4467967 357943
4528081 361248
4976373 369715
4580821 370721
4640441 375725
4711891 385941
4764070 390551
4781163 394847
4941031 399264
10566899 401937
4548183 407881
143803 411061
11896260 414591
5305249 415455
5340249 424431
5395149 429026
5396689 430528
5430484 431404
5505087 432361
5830567 436593
3146656 445713
5958243 446161
1806939 449753
6118602 461681
6167859 463201
6173682 470681
6184451 472519
6206547 476131
6227138 476972
6245471 479821
6492313 482346
2144291 491919
6514921 492204
6580051 496472
6642553 499617
6673356 501063
6778101 509421
6870823 510721
6951993 517603
6968391 518557
6980576 522326
7005599 524595
7022613 542276
7082999 550457
7126518 552791
7157089 554503
7169557 565779
7185317 573325
7334801 576856
7383663 578588
4114151 579157
9248297 580917
300561 582701
7595536 591741
1632965 595201
7779681 597772
7810846 600001
7836933 603196
7895311 603771
7963281 610745
8027645 613037
8104283 614731
8216039 615017
8273629 615207
8454414 616961
8526366 622469
8627886 622681
8661634 623864
8717241 624241
8793310 625401
10276110 630727
6037136 635817
8901685 636610
8923470 637156
8994871 637971
9078358 641869
9129134 646657
9234347 649231
7492983 662769
9425987 672379
9524353 675305
9724775 677049
9785167 678018
9914308 684774
10069615 692745
10080371 696541
10170609 697351
10174191 697987
8793319 708831
10291121 709523
10300836 710905
10506667 717557
10524898 724263
10549889 725946
4962821 727706
1249968 737025
10687426 742496
10704771 745241
8857460 752363
10786321 752897
10798095 753473
10948751 754301
10953711 766346
10976211 766690
11020702 767517
11028853 771023
11098417 775584
7510667 777321
11339563 777401
11388057 794189
11585473 805702
11821793 806534
5168691 809723
11925808 815753
12058789 816361
12070120 827861
12157062 834998
12259806 837513
12815576 850081
12272813 851773
12283007 851831
12311855 852251
12451215 866441
12502893 868727
3062466 872776
12630775 873926
12734020 876657
12744349 877033
12754379 877803
12765790 884599
12266571 886381
12881881 891611
13102751 893201
13123849 897929
13152701 908401
13177561 912731
13195811 917284
13377775 917665
13384631 918151
13446954 919206
13677816 925221
13694895 930257
13758173 931201
13950388 936016
13996465 940269
14105691 940473
3589427 942637
14203921 944413
14207008 944901
14237331 955055
14283133 955161
14329941 958305
14391375 958556
14541936 959073
14563000 959621
14563309 964011
14582247 972165
14586957 980281
14661131 986907
14761477 996632
14820109 997761
15123753 998988
250 250 464365471
203883964 56371551
305424723 21914551
261137308 441658651
127777534 17039317
529508485 186226138
266135675 309119771
123194130 332719357
185652640 205539301
236084175 217747181
270012480 25050370
214536056 437932771
247197594 165484081
241587629 79597401
93827380 217580056
383906237 88829467
88044460 280837909
157729603 284286241
137048148 63289591
172729980 93516166
224901073 52122982
523630725 12232845
167295516 216660907
153553900 137560655
101957823 69659161
167819696 424503522
174352393 115156225
97296039 43423085
230927078 34299617
491726070 216954033
369772080 172452802
109311390 77643446
215271168 178418266
162838426 59484391
204101564 89410558
332034208 3115697
306621660 3414017
204541783 29633414
436246070 207124447
484922248 167522105
360831690 267601978
471803064 67908909
353227920 128758456
190160500 263063312
127591210 358124540
125051505 107019401
188188137 447181533
434554287 14087501
106072320 38218960
401074060 245491039
397666488 305089489
385352160 458680367
175201842 330126421
98365740 149707
258578935 6751801
501810824 218761691
194664036 65001105
278660445 14027113
177560376 206986351
279234384 380318065
398554092 328384169
346162225 4003777
130264890 19654461
233875250 122876249
226694460 131316003
332786976 56822636
448470575 47936632
215727080 19632941
413652276 326997271
281772636 293468902
300031142 396451819
199301730 32280118
242053436 291945031
95976075 306794485
108968748 121684865
112447693 297214573
95891536 49373377
220057447 456839497
255726322 359022202
120306720 252735283
213163560 364056784
138051661 140495797
387254812 229465786
127713515 152870641
143151052 196369687
120281017 4204971
121792147 195213278
123966911 177913926
350983796 324819055
137488096 214659745
315540024 78573811
330205272 395124975
96571040 463731780
95244330 114319041
205497653 46293145
246800316 259587490
127913280 463202863
144621088 153684274
280911742 183670327
142931476 6004242
106479583 147591984
136882264 242713909
121859970 394968701
249911958 52393204
90871450 18057466
88804680 197182490
202959165 225556171
95325632 41412461
145443067 199627601
172284728 310881930
173623680 33079279
268529856 191425666
162895744 113629406
102624808 128676502
115608116 28580971
310338210 180324901
347621500 30041281
399104340 124514649
147058890 148500116
327972948 19860859
370920396 227004769
151255836 391809731
177635125 14946471
421460422 360241201
134321048 158475775
98134224 46399324
364683624 233525990
286484910 123619752
247064638 439837366
234435600 60652489
158098555 78391085
347597305 450397039
350980768 154373550
232160868 296557658
276340818 72268978
373326028 20627687
180213000 7618948
227449352 337069585
298487115 120350905
192821434 100250244
268309050 47293665
468750116 255340849
107166440 282037937
316907933 45766636
252314746 271532479
162689758 16184481
222075826 334675217
259939559 193517282
101079680 144800503
549370108 25475789
226337735 283076641
225949326 13492082
152499898 45134726
128363127 355143465
264251008 387031561
527497608 238868351
275287560 117945235
444791490 228048641
113551054 243864954
89284918 167850901
368220896 55572483
499134130 45514675
519465508 354337044
342469016 427262865
113273250 109797505
224029866 11925793
122810182 144468168
510811435 106124474
137258016 254002807
112574664 29832541
193892484 244576971
146875695 295585545
345078855 90405780
237509079 375112801
155180234 249170473
260681603 80860271
513425058 201931033
323589181 137573643
471768166 223015465
191543408 385284701
262498056 388091370
168104012 393477705
272088604 106325184
97832267 155120351
261440560 59792375
453269301 88598406
351663440 47278232
341721019 68703007
391460354 101079381
164636544 90040668
111498684 52017301
495967182 92607736
538639909 99746226
215607117 238289491
90692295 130182203
468058564 315442491
317592133 58859839
275506980 104478245
153820440 331571895
541683408 101461258
128931101 115796793
191655640 346658705
503265950 230856815
385887291 413654116
320128279 5968677
420175752 411840203
380223822 432494077
110814332 244190122
272815972 170014001
149187695 459761874
100643070 248692747
320821672 131748508
292613862 354392737
132162842 261927879
180555860 265249463
222918576 184788889
198086922 424402385
97812964 180512627
142242422 105442465
197599528 141318997
294553142 26224348
461518310 37711410
121768408 38231071
352228395 292817491
462655330 17463931
473143606 452958309
342475470 443076490
529647640 164244148
124455732 39997793
181321870 424682311
244864230 90344162
335209764 161217737
263549320 219916420
422534932 110340868
265206416 2369537
274263803 288590965
496664259 74282468
320554557 417812651
186677268 357778318
363255216 240307161
90847184 199370521
313545615 147429648
283867462 65813571
443372649 16519777
241800729 9540841
173223614 231260669
394258485 87592753
104700141 11252152
271986279 70145626
420766772 100225973
134496656 75803637
34936 11457
129862 23265
148708 23651
248697 26050
304356 26100
319666 26252
435166 33115
510128 43969
516992 45305
582302 53871
1204175 64584
1205283 71651
1245402 80500
1255451 81385
1316578 84275
1541358 88004
25158553 88235
1655299 89707
6104161 94881
1832533 94957
1953513 97642
2091942 97953
2227160 98305
2538713 102229
2569443 106651
2617202 108670
20084898 108776
2723163 113025
2787360 115105
2873683 123328
3000607 128646
3158365 134781
3187743 144268
3355329 144489
13014190 146227
3946321 150137
4637244 170694
4965393 171621
5100101 176444
5191082 183737
30412985 189824
5214000 189961
5633412 190649
5675002 191853
1791456 192488
6225996 192787
6357896 203953
6374307 210548
25967681 214095
6686364 217981
15756157 223139
7067539 223397
7194167 226854
7212610 229869
7271282 230539
7277521 234270
7487483 234657
7696240 236911
7778464 237451
7809053 239769
7886127 244141
8130272 249393
8297849 249669
8408908 250708
8410001 260727
8614753 262039
8656068 267317
8995584 285055
9163232 285213
9365941 289083
9458207 290151
9528748 290401
9600441 300175
9629056 302021
9832274 303218
10070171 310157
10264192 319134
10268073 322621
10469905 322705
10550337 327313
10572524 328677
10597638 334865
10715762 336987
10763987 340817
10778958 346866
11185797 348557
11225675 350839
11400186 352009
11678144 359166
12075530 360146
12310993 360383
12536759 365081
12575118 368833
12667908 370876
12671697 379945
12672029 383583
12856480 386387
3823098 389805
13056516 392457
13123286 392897
13259800 399756
13398614 402636
13421590 403545
13573662 406160
13580918 407665
13696214 407793
13761053 414812
13764367 419489
31052346 433636
13942962 433711
14209841 434037
14235920 438078
30702733 444176
14362973 455612
14785583 457697
14739715 460073
14464276 478873
14957479 482516
14966419 484609
14996019 486349
16069359 486669
15637688 488410
30255266 495403
6817998 499135
15972402 505305
15286922 507008
16206709 507708
16329176 520433
16650158 520485
6389638 522841
23638288 525313
16797852 529790
1641096 531243
17335880 539393
17505020 540638
17587850 544721
27919622 545522
17981717 549603
18062026 550267
18182780 550633
18247062 555804
18497100 556292
24580765 561297
18808293 563516
18915560 590211
18936686 592160
19084286 593455
19100243 595849
19340516 601176
19365674 607449
19376466 612142
19417519 612841
19709565 615511
19921896 618701
20057134 621210
20075360 625001
2717579 631176
20134198 632379
20496316 633871
20796397 637081
21189277 637370
21231570 639513
21249869 640136
21427921 642661
21627354 649764
21785618 651427
21892616 651501
21978856 653579
22044723 653707
25781763 656801
22105816 666406
22211109 675921
22331838 676543
23140037 688011
23190140 688719
23315505 689905
23468705 700409
23582569 700697
23602818 702241
16764338 707594
24025651 709346
24102966 715321
24186615 719079
24217267 721687
24540539 724892
18786337 727915
24692948 728065
24829684 731128
24873814 731776
24948001 733901
16859853 736636
25282415 744539
25292477 747077
25296321 759561
25464308 761939
25489371 762467
25543096 762877
25572814 766501
22063165 768471
25874722 768937
16667791 769347
26121470 769363
26141498 776865
26267487 778909
26330084 783811
26683289 788106
26734316 802537
26789411 804931
26971386 808202
26974716 811069
26975966 812203
27012811 819296
27091200 823046
27515971 826757
27722819 832761
27830803 834834
17645980 835141
28003402 846333
28014727 847577
28308485 849433
28382000 852347
28575531 860669
28598931 861901
28629744 862701
28797543 864641
28844084 867743
29002290 873741
29258027 879905
29366695 889654
29431963 890643
29600261 897891
29830123 902225
30079941 902838
30086887 908107
30151175 924831
30184429 929007
15745410 939193
30365011 940521
5209051 947831
30462730 950021
30534383 950393
30555092 950631
14330676 956121
30916494 959046
13903072 979799
31088513 988209
31165202 988893
31211327 990172
31265219 996843
31386311 999156
250 250 143670812
412189304 48903109
404464414 129793193
446210022 43035221
425373318 2546908
508482674 37304069
453237226 39641531
485247630 34305065
413896771 4188006
443738122 32786941
407160798 44557659
509167647 14344789
415848066 107937225
446966664 9048455
463097222 104516047
436216975 8348441
489477237 137379989
500438734 26689477
390195793 29677778
417337662 84246989
421601484 31925725
437549868 82052160
387272872 90656854
480304226 90545489
488282343 76543445
474907722 115516805
460335846 99915025
507810678 94965451
406042218 29872089
472577238 136185977
402239825 115944855
469518630 68359325
455014479 118764381
397806210 65812290
395542344 91810349
513198079 111265137
407870163 85575315
474653213 10113861
474587499 18027869
396475625 602846
389798382 97784065
377955129 8980093
406279070 40253985
476516278 96090841
504462507 44127819
409134786 14615713
395721372 38263823
399321270 57464321
482867238 76476774
386412726 22930033
440986393 17132446
392118648 66839441
433407770 96227877
396164328 128649707
379375842 52007325
455652306 108239690
459660408 49894171
448667763 36728169
509611894 70057017
399414283 132257447
434975976 50169505
377126568 11990725
379658839 27094131
436877438 52192716
476081922 63927395
434812953 17194997
396395422 135306453
397847417 59982845
395853137 121294532
410288579 75137319
418881600 4005909
497804517 8936620
494492485 99255037
499686797 100557983
392657398 64183795
430869857 142190189
484644555 106302977
471486710 107071939
391173078 125116995
401269540 61984152
391317144 24780222
404602629 81154628
518802321 25778761
440895042 10104656
419779269 44121383
496996942 135233042
416357145 48418748
474444321 54137337
387997695 17997174
401502559 66598351
476304399 14599189
454373965 21058962
403203008 55653655
474403347 8227150
494607701 60839857
425719443 11388009
480555436 2115529
474972446 65141121
446118507 58983957
436031766 50578582
469754165 26132451
509279124 56029703
410524576 7674312
432320799 19379212
479365766 11241161
426746604 103528707
418804522 53705209
460947762 2407362
519303934 124216676
473664584 74721375
437467387 104421751
491277315 20478082
461300880 137502913
473980206 105619708
397613031 61075109
445048668 119893965
509578368 4229641
510162619 102869408
412509919 40556979
406748955 76728733
447134516 21811929
398394171 20501209
478103455 16336213
484703820 35971812
495536522 13555773
399803298 52597709
472252312 51096209
387634978 50927800
375978123 64767236
507585208 32904468
408068358 99421876
421295868 57733377
438976470 109118260
409837431 106601281
491096739 38686483
435497858 6418847
408102409 22739043
410920260 96644719
473499319 78168711
441766151 55157761
506968706 41137689
424826041 82723097
442962462 135514101
483521397 82515749
410074896 64824481
489966677 100347079
474114174 36277524
396447160 125873627
399753595 89525695
476859942 52756705
376309586 73489049
457923036 41452651
393586344 16255966
455440800 27122933
410275990 7188604
456466038 18007205
399153858 80114485
491127558 106044800
427068050 127272175
447228725 72435623
378078615 95689530
499778028 96184261
451511991 128874902
390463035 7516529
473801981 50049007
417973110 87258982
397161105 74054987
496996047 42764473
415829250 142524305
475647357 103060939
429970198 63164031
394723103 65169391
389722078 69893581
465974353 54140871
389598261 132741721
448152474 37016223
445582377 8138508
441884648 53879437
466466427 129435617
513045953 76659957
444519675 86389499
413957823 104996997
399594055 50061209
404755965 65944293
400042036 31410863
438501318 112315821
457847337 76959034
418406132 65973117
488580978 48291223
400033071 32960937
515093842 124213673
405030459 31965095
396195303 81610309
476399748 92664777
386668533 2815003
380039273 78337248
501369903 35883643
460327140 113611501
490351220 76522251
382003557 100673862
491298843 6856273
387730413 92330701
437733495 34512173
416109866 51881092
477976403 126759252
482316222 31699501
494617553 29527305
379572997 34259041
389794167 86581663
471477705 104224109
448198704 14929629
504473817 114615317
412577298 110060201
418625513 68415
438027171 45186349
380707530 45856485
434763393 8897671
451276847 44244955
464049987 35553297
423404512 82597445
490729656 14957697
435668574 48950983
502561193 78168114
490178355 98335077
464047865 91141155
384994828 119036299
381766037 142668959
473376126 46548517
381764616 111668795
408366988 64999027
421218198 69357037
428101972 118765711
500225686 57936327
419164158 112984817
499791758 128227905
502859126 107636176
414309383 21412201
438433193 70067999
482649924 13669893
462464935 108664765
393658209 35958011
423746165 16786129
377530244 69708001
417033186 38194949
513963409 4744766
427714582 74237099
416809970 48585748
417743781 112804447
461387918 53404
426358233 29804617
394186641 23343013
7258612 9681
29338 11307
80734 12743
132232 15713
150142 16379
173104 21641
181910 22440
312182 22671
338857 26438
440242 31847
4410414 38684
573904 48365
588900 48548
604055 52595
671348 53029
679360 61376
680834 64857
765577 68195
770282 71604
830878 73313
928086 74305
949486 74335
983688 76555
999667 100564
1051574 100833
1069090 108739
8427192 119581
1124896 122921
1131508 123233
1155611 126465
1171100 129301
1217410 133947
1255552 136981
1365440 138081
1381217 142626
1422782 143435
1502059 147685
1503090 153451
1659652 155447
1662985 158241
1665145 160871
1712356 162655
1730601 164385
1770370 165508
1829168 166491
4405030 171562
1917364 183777
1922378 184348
1923665 187008
3803950 200309
2073262 203219
2080853 207729
2114701 210756
2159252 211570
2174616 214883
2175535 225121
2258513 233793
2318161 238221
2351108 244691
2359227 251618
2386501 252065
2443834 254253
2461447 257771
2506702 257851
2525771 261547
2563789 269475
2686324 275899
2694364 277061
2776008 278953
2781236 285249
2828554 290094
2954344 290176
2974921 291840
2977319 292915
3009674 296826
3070345 322490
3110326 331181
3110364 332377
5798866 337641
3228430 340317
3335287 357991
3409810 366714
3425951 366769
3438460 370481
3501507 372609
3510952 384672
3529771 385159
3593407 387781
3781369 393141
2072082 394093
3815736 396001
3833654 399697
3894725 408511
3958705 410721
3988677 417697
4014127 420261
4123483 427191
4266830 432323
8308318 433731
4372417 434721
4381711 434761
4402811 454404
1908126 459724
4409689 464379
568719 467009
4412121 467191
8020906 472129
4484224 475649
4488059 477605
4499116 478432
4535056 479488
4577465 481329
4605319 487795
4679476 491705
4828448 499687
4898901 501286
4922040 503677
4937992 512349
4951853 516353
4973372 521717
4978264 531195
5080021 531821
5103571 533181
5132600 534978
5188962 536385
9330141 540311
5223047 547226
5235235 553049
5237650 556524
5241459 565131
5327483 565993
5374723 576449
5472740 579466
5486752 580001
5491630 580114
5500816 583471
8604553 585317
5523029 587011
5610546 588357
5636802 592977
8871876 594981
3184588 596202
5830145 601309
5884298 604519
5914863 605495
6040025 608801
6076790 610731
6128746 610846
6613617 621056
6212404 627985
5782468 629356
6305434 630148
6356760 630573
6407143 635602
6414124 638781
6480787 646489
6183193 646851
6624967 654849
6682441 655473
6761258 664891
6809453 667353
6827362 668665
6838830 670572
7047181 670789
7057815 673639
7098835 675085
7110482 676859
7123591 677929
7141582 679881
7161115 679945
21905 683229
7259579 684731
7315092 694441
7386160 694841
7390484 699171
7435399 701570
7451747 715900
7455503 717185
7572586 726311
7658210 730503
7669154 741551
7712332 742001
7806490 753428
7933005 753561
7939783 764437
7961211 769982
7992671 770089
8010614 771717
4421481 775129
8026191 779095
8060103 792491
8067606 797356
8102704 800501
8123928 810529
8159107 813513
8162916 814496
4331005 816203
8334550 819233
8374546 823397
8375993 825488
1094971 836493
8485953 837647
8514141 837871
8514169 839637
9552403 840239
8537112 842891
8574721 843153
8581963 846996
5520121 849953
8605046 851101
8659274 855222
8710782 861556
8762314 864145
8781559 867962
6239979 871148
8877069 885630
8904946 888801
8916097 889061
8938665 893137
9715073 900614
8949162 902721
8997693 906361
9014107 907317
9040702 907327
9047206 911664
9063397 916026
9085972 916266
9114943 921077
9147667 925459
9168715 931793
9177265 933437
9188178 933532
9206098 934517
9216621 939521
9242323 939951
5191497 945661
9358387 951751
9375943 952991
9478693 959408
9541381 959457
9542726 960097
9543343 970135
8515558 971526
9556126 974190
9573893 974527
9655263 975201
9687526 976601
9691141 989366
9700961 993009
8948407 995172
250 250 142684890
643543854 86190562
724971649 77387653
664577069 10020334
743369187 81837967
705148382 117917528
646217374 134393683
720092059 108200021
630380644 71835433
720602520 107505583
741655410 48600803
748816445 31907811
702515660 94934430
633386482 61580809
678938103 133286746
706812408 97697893
749469207 25091454
709354879 116836625
710999716 1287409
670972131 59869240
682338888 133882341
674475064 94009168
620454388 69088321
642865883 52695267
737719425 99259981
761130815 14928409
684532053 38881141
620672291 99585935
738320373 6582703
649722382 82218646
712967640 83153556
636696767 25963654
746411690 132290511
732180437 80536345
664963310 73655872
678104724 65204065
669813450 122482081
671201224 235370
645696459 58758931
656412212 137739149
734366537 119320886
646015088 138753841
625890677 1953615
660263562 29462665
707766035 25315213
637185286 50274526
644468196 106772521
716638397 4363063
663459389 130164007
627715528 10075752
633580469 46662888
632072795 58241611
683937103 103773769
662750125 79574451
629311179 15923011
668469605 42307111
736807283 43698613
698333274 40506079
722290781 72688281
732532984 48007135
626292724 92431065
674811101 74792860
721742476 1244191
745175885 11486791
630418461 13197493
634231865 18710141
758703761 59432747
703752767 45744609
683499920 97666531
724236598 140820901
744346325 814843
676079288 77656054
641582136 124223174
737392060 26747335
672174051 56463500
698078775 104469807
747960188 48302519
730518831 42641011
671091688 3804621
753341361 106861899
688218728 38731993
687296640 34459087
754251015 6373281
651630134 44195915
679442026 116308021
755693501 73092166
642312380 102484168
652350344 77845471
661390624 111446397
662363097 21417367
669244248 48885799
759841152 62540291
657471318 111520933
634454832 2909641
677929325 51927955
708398994 24376577
739614461 32258227
702139317 62947069
699573421 14990691
666696378 52498873
657015794 128232044
694236239 3635221
743865797 67706653
663220594 2937386
717162812 89768613
652427582 87312070
651046824 85911268
635792593 101108291
734023638 73795894
626707458 36207555
628293053 10247931
650200268 93421801
690739025 92045992
692577791 1903201
633696409 24077051
687760479 68612313
649753434 102041695
636659892 76278037
706618403 40870672
685297781 71546751
680903891 35753485
761128702 104224878
741413709 7616599
653487803 22132623
707429905 9120501
723435996 125434311
670803486 43513689
645942648 5928903
631781771 4708903
651512367 6320451
743228184 141538711
748327637 4238787
637367175 46644357
665907157 11889796
731846792 101828350
676353433 43414111
661480637 72223743
637163604 132157921
742479922 38936911
620347020 88370328
645099107 52679633
760741005 29823874
647995563 69011373
681861945 95583954
619943772 74819426
755850797 42255825
653153068 25469614
691436621 122786709
640520763 26024126
731100790 902648
651969711 34247881
633881004 120274612
669711277 72248772
658613769 76024867
694171668 12846751
641279823 109516208
702100040 4178263
708601020 67033841
679832392 115160557
667531693 90370561
645009161 23776471
631137644 140586391
628251451 20342419
665377884 121803697
656590823 49696711
693644088 19952002
679527009 110785228
646968498 105537899
693673538 70545517
630266443 122496253
726593986 8170699
635874538 44264082
619607844 43523431
694073740 76473991
758540538 23852818
726083250 60649626
700918305 135991291
730702679 966673
632229796 28077137
644775959 135007696
652442278 2880109
629865116 81270319
747210837 32863243
656245181 72285609
637257569 38684101
707828294 57805789
639593574 75328985
620177650 16947999
749317185 22221927
713822280 1928671
627084407 2702984
645061097 112351930
697547665 60085443
692119718 121017059
709838352 25351879
648309924 110838506
696185463 126708271
664526951 88886367
619391553 39985932
742259803 113642026
631281708 49972531
707657547 33427108
671835437 51266895
749670530 68757783
644537789 35592871
637595266 37389382
724076945 48604201
732505600 34408666
629491236 1369861
718521320 64379908
636658746 12969076
692526412 32794999
753248471 5085818
711714915 64051174
747398757 41014099
698331568 4618999
702464268 29873311
719352642 54202661
673718276 115710539
692079485 77189652
657442265 62513081
635246766 133244477
717280041 111488074
685241813 69684846
701980835 31523728
639009489 38772841
694649208 112023931
706947343 122810074
721017597 38310384
633950288 46884809
706819112 83214013
656148605 10748905
696797209 37649251
689092169 84662394
677366077 101378193
722671512 67066471
703373701 48690427
713206021 1086329
705552357 33813885
670782453 90722311
635858438 84957968
701328226 119354368
686152345 3522475
655908395 19237997
687158298 129771915
622009134 52472587
760151980 141697241
633292134 77190529
727378795 824807
652787746 50201686
649410925 138875770
5840134 3480
77088 3721
88753 9261
129965 10321
161743 10609
203993 11257
213740 19320
279655 20455
285673 22449
316117 22695
325051 27799
388536 36686
423612 43393
430093 50836
470872 54413
479571 56576
578019 61388
638060 62496
652555 72573
672414 75581
698974 79651
976594 81431
987709 86881
1055480 88083
1057501 100749
1143567 103981
6319373 106481
1175216 109549
1193959 112825
1194245 116225
1234314 116337
1238498 122793
1246478 134895
1271089 137834
1282224 140551
1312367 142781
1437151 143153
1442996 152713
1487799 154663
1507624 155576
1516748 163132
1527735 167309
1538128 177086
1543500 185727
1625272 186036
1630607 191685
1649961 191691
1687393 197941
7684328 200573
1812506 202876
1816861 205317
1858905 209345
1871918 212845
1905937 215996
1999996 225929
2009338 230217
2010087 230602
2018378 232453
2122001 234185
2135934 239561
2164090 241961
2179380 242541
2202555 245726
2219196 255301
2238601 256758
2297974 263191
2417674 267614
2456000 275646
2502828 275740
2530668 279617
2740473 282306
2748313 283723
2822644 283870
2860054 284266
2931765 284346
2961123 285276
1799978 290411
3109603 293051
3127874 294823
3147996 298713
3150115 300306
3163613 303544
3166251 305431
3195239 307283
3286739 307423
3301593 310696
3477427 312894
3580032 313017
3694341 319901
3963225 320261
3964449 327561
3971582 329972
8474785 336789
4023634 347556
4078599 347863
4083106 350321
4191994 351741
4194844 364031
4202236 369267
4239262 369311
4298305 373693
4303181 375451
4368833 378121
4397299 387088
4424245 393736
4444580 402305
4448971 403261
4467282 403991
4525173 407201
4530123 407797
4542130 410484
4660497 414156
4667837 417347
4668938 417421
4682273 421611
4695495 424201
4697486 437144
4698574 438289
4773891 439271
4780582 443097
4802427 445192
4802805 450936
4811924 454416
4815424 455801
4831730 461671
4914734 464341
4937321 475057
4955861 475519
4959375 479775
4961587 487661
1174157 489201
5036760 490861
5053803 491121
5062201 499021
5082988 507283
5247780 508209
5281213 508721
5314879 508929
5346305 523297
5377939 529601
7651148 533383
5438697 540731
5541983 541354
5566220 543577
5625542 550765
5634669 552256
5759279 557626
5785591 558533
5796467 561281
5830236 563687
35429 569292
5848939 573097
5886679 574959
5935400 576875
5951825 597381
5980493 597697
7963086 601101
6019299 607247
6072674 607665
6137733 622137
6825077 624995
6176995 633617
6247729 637499
6249642 642946
6018517 643852
5020943 648496
6399085 648935
6435415 650325
6510934 661541
6518916 664446
6556801 667345
6638566 670319
6646709 670491
6655790 672251
6666984 672773
6707161 672912
6716893 680049
6784566 680091
6172985 680421
6829835 686433
6830106 692625
6853005 698657
6901502 699337
6950332 702139
7019173 706356
7042899 711793
7098458 712471
7113625 719719
7164684 725321
7206723 726736
7221734 730001
7239349 743865
7272146 744369
7312067 746766
7391443 753685
7412987 755925
7424892 756641
7566055 756836
5422001 761637
7667608 783865
2995571 783881
7696768 784401
7714958 788146
7767879 790503
4003243 792831
6264292 793851
7812485 798343
7830000 803876
7830259 805916
7840777 813268
7852755 819191
7916287 824620
7799653 824672
8026396 830821
8047677 830915
8152827 835029
8173707 844914
8246867 850248
8279720 855339
8305801 855825
8317522 860321
8341881 860767
8397666 873977
8433759 878101
8454390 878795
7795519 889691
8495407 892715
8544875 895281
8653425 900576
8775226 902837
8805169 907505
8810687 911275
8818623 919551
8916051 922369
8939614 923121
9006128 929278
9034362 932073
9189652 934401
9193244 940151
9197796 944082
9307377 952891
9384932 963227
9402728 966883
9406726 967201
9422350 970801
9489313 974823
9585461 982847
9618473 987436
9618523 987833
9698496 988551
250 250 3721363
172734532 400111
171379099 1234894
173928828 1115537
173677590 3680186
172816240 3372679
173976661 1859673
170854336 397769
171595198 405995
171132024 1007022
172600992 468638
172719108 172916
172436414 1046066
172688672 340684
172904591 832388
172532738 2666689
173085526 1633485
171878876 2179771
172187073 2364294
174023427 625766
173601284 2653483
172010658 1679
173712481 65758
173487118 3100054
173069906 2785629
170846928 3182203
173445985 1100433
173435128 2208466
171050990 1222751
173042247 1739914
173758248 2026687
174048826 2174852
170623524 1821933
173029896 3532715
173914224 2804277
171850032 1115256
171500348 223810
173808557 1263774
170644275 3553574
172172542 493649
170865321 217905
170860270 3664424
171875481 591127
172693882 1247247
172711244 591908
171858772 1106932
170918779 3148958
173932040 3485047
171017812 3466363
172386948 3446401
173987024 2814336
171185342 399713
171054616 1955978
171121369 2174497
171935589 3342100
170948290 2607348
171158854 301159
173282657 3481038
171296583 836399
170964360 1701685
172023029 884099
173010598 151723
172462175 2982055
173776157 678770
171233900 3175533
172342400 1544289
170460926 2970398
172313075 1345101
171419745 3155920
172737024 505703
170756736 3486695
172110483 212402
170855701 2063660
171412960 135437
171649274 2105920
172535227 1192711
173442774 3049608
171372191 2823290
171451625 169970
171669028 3714530
173332256 863883
172698163 3255447
171404156 372873
172532127 764884
172012042 2373491
170612218 630951
171547913 3500588
171459046 2320085
170787446 2667995
172929463 332930
171250476 1990511
171300550 391379
173156196 2851357
173324307 465608
170969762 179874
171387720 2027127
171647169 2155345
170719792 2870520
171632678 266781
173880885 113029
172671239 464089
171155275 1855211
171105248 963703
170613116 1160246
170741751 2235658
170912301 1669254
170615249 3307160
171216926 915013
170778859 165788
170830349 1257725
173619452 18846
170431429 2896348
172381861 133935
170965740 11316
173817104 1186226
172592478 248284
171538312 2506860
170683395 1713112
171163962 3118338
172542745 497026
170980457 2219344
171553040 697995
172983752 834460
173868319 3540418
173514780 3302279
172660358 416811
171642520 3291318
173538909 2461466
172980320 1633669
173807769 2758142
173113136 2476982
172872636 3002865
173845908 887844
172274762 2065798
174112624 2292083
173991166 2959577
172442610 1041163
173518068 309734
173254750 1503803
172502326 2152728
170820276 2854961
173840934 1315311
170935604 1827819
174046822 2429630
170659667 951208
172128504 481108
171592098 819787
172025359 1414709
172771252 1375734
172065588 2588273
173013577 305375
172429868 3559592
171577684 1941663
171156052 544093
173920136 913133
170537163 2228409
172160506 1864857
172374482 2410073
172310354 2760169
173999466 1543062
170699900 3172808
171735500 2984305
171449813 1243295
171369156 2461650
172142273 3116802
171270544 3317822
171721192 3527418
173762717 2132253
170789618 511547
173321109 629779
171976364 1087708
172784836 28509
172422726 118821
171299176 1761280
173992589 165955
173195016 3634234
172207672 2595337
171125917 3298395
172961320 1345240
170566366 301166
172815870 242036
173568000 1775283
172896978 1509841
173238912 791881
173741796 1983088
171093802 258195
173231814 1168289
172213145 449981
174075684 3103188
173360990 1892670
170426916 1941578
171018002 2772232
171116880 2035338
174018439 1002446
173458470 337788
173932263 603058
173412478 2394399
171701012 1715244
173885198 1923255
172111698 3345304
170564783 2681860
172821338 2382579
171196508 2388017
171309748 1299640
173432468 315971
173890144 1069788
171866908 1643264
171011986 3337461
172396172 456037
173162868 567017
172647509 2032819
171644955 1542541
172574702 3059973
170537372 2219091
171589741 1530221
173045066 2276042
170729992 1970238
171613110 1059621
170942274 474729
172979020 3246750
171804100 1392304
171683752 979086
172382060 465110
170513011 1616405
170764680 1551793
173432536 3582382
171679780 1295093
173594893 2450445
171191214 2301416
170964706 3490907
171949922 1288501
171539865 586387
173494416 3167202
171799281 3635567
173517426 961056
172100888 828443
173748100 516820
172853598 62851
171002808 252005
170728512 3442047
171746793 734575
171100242 1911392
172023040 1337734
172155990 2433717
170768253 224908
170694416 3193536
173095434 814841
173816048 3693019
170430998 3155693
173825202 332239
172872976 1103724
1701 715
2836 4411
4269 9805
5407 14124
6331 26945
6551 30259
6974 30401
7258 34446
8471 52736
9021 57289
10029 57921
10296 60099
10466 61475
240005 62220
12715 74631
14041 75193
16212 81141
16737 88611
16765 89001
17051 95661
17052 101209
17676 102868
18026 103825
18733 104171
20326 109542
21040 113920
21191 114696
26426 115339
26885 118893
27009 119010
27896 145109
28028 145766
29079 172726
29477 176157
30227 178501
30484 179177
30941 182289
31757 195557
33513 197993
34810 200047
34995 201487
35801 202021
38842 205151
39516 205601
40092 207675
41956 213476
43802 224451
44661 224641
46030 226505
47081 226863
167230 229276
48760 231925
49624 232381
49835 234595
50426 234841
51666 235601
51985 236749
53204 240564
53774 241921
53976 254141
55007 256640
55615 261237
56737 262041
58957 271651
80003 277841
59631 279163
61282 287721
61337 290586
61796 294433
63809 302796
65080 305153
65097 306531
65599 307921
65748 316525
67843 318521
68365 321454
70529 327849
71121 328892
71273 332577
72823 335056
73711 337680
117939 341586
75141 359217
76116 361066
77799 364161
59099 384583
80093 386341
80690 391035
83879 393561
84973 405569
85606 412301
86731 415348
88037 416273
91704 418333
95946 430775
95971 431803
96312 435563
96640 441787
96645 443601
96824 445024
97416 446849
97258 451068
98185 455470
100052 460291
100665 461841
100725 462889
101101 464651
102311 467461
102464 468710
102940 473170
104443 482561
106219 483049
109111 491339
110061 493226
110909 505491
110911 526071
111116 529987
111219 530711
111973 534979
112152 535146
113614 535453
113652 538526
114292 542817
114336 545865
114426 551297
114971 553346
116257 558901
75080 566121
118936 570499
189590 570920
120814 571669
122056 575217
122575 575774
122805 576055
123074 589571
123286 591057
124009 591384
125233 592625
126940 599521
129116 604131
130162 604596
130238 605641
132161 611816
132411 612166
132706 617500
132985 618721
133485 621969
134577 623051
135046 631188
136211 639681
136936 646581
138468 647271
139040 648713
139166 653673
139796 657874
140161 664991
141495 666697
141943 667892
144111 668673
120323 669153
144154 669204
148243 675276
159693 677691
150311 679978
151089 687662
151637 689476
152140 691316
156391 692908
158368 698294
149631 712301
162500 718786
165276 719625
165912 733923
166431 734515
166751 752197
47881 753721
167429 761241
168011 763785
168027 767403
169129 768791
169476 770253
169575 771052
169750 773885
171871 780237
173941 786417
176759 788189
181678 790141
181771 791826
223626 797069
182865 803731
184703 804150
184731 808365
184933 812337
185624 814625
187136 814913
187436 817392
189128 820961
189485 821801
144126 824071
192172 829263
192836 842728
192900 842905
193051 844531
193506 847389
195051 847433
197630 854721
198162 855858
198448 860513
199079 862481
201281 862929
203047 864481
203741 864481
203980 869281
204200 888826
204516 891221
207540 891645
208418 891773
210526 892969
212960 894251
213043 895617
215203 896153
215277 896757
215866 900735
218026 902560
220921 910295
221427 911551
182139 913913
224418 925547
225140 928425
225949 928629
227252 928670
229217 929314
230514 936241
230650 939215
231261 942759
232549 943771
11524 961271
240098 961479
240176 963699
242580 967382
242763 973191
242812 973496
244599 974186
246244 974651
247396 978994
248396 979175
249646 981281
250251 994126
250918 998957
252406 999917
250 250 56615578
297940890 8539627
266086701 31209507
279308794 16189499
288742179 42139187
262708268 23624709
277340769 46481865
273485088 32986466
267494191 48675557
285960305 13209683
278282496 21913545
296541074 40152812
259053469 17433863
269638496 10461037
276506444 16106840
263059368 10293367
259367843 35509381
307009270 30510767
258371038 41659770
272923931 16792387
292886012 32453451
259232045 34374583
270059112 7683405
279682995 38241583
277215696 8477523
269919590 21008201
299308660 30720900
285427879 8758146
276821846 53967825
307374302 37516201
267490590 43000063
298917848 36691449
272728856 9318445
256215914 14360881
264456754 34974917
263810234 20305011
274176870 31201488
280483876 28978023
273361842 30906843
304686441 36173093
301640915 45365697
286697054 6280921
272690707 53428763
278074526 22468228
303897737 40253577
289522214 45837982
268479318 6072815
289350071 4607865
285484311 9831785
288884088 3508029
254067766 26695382
264605858 42889541
265159712 30988850
297322719 6316129
272616298 9373307
268364408 36009025
268724904 53568933
294883808 31118047
266291464 13011263
303166573 49701733
254072551 41999443
269006702 32442889
268001950 46545049
256532648 53396455
298832151 22558627
263949561 22752957
290627322 28682029
269830099 55700211
257756750 51908017
267815690 8933092
308320048 15845595
263574572 4594955
276996407 7571333
295776763 45674937
254382378 22929330
298730216 7086951
272422833 30039409
292522949 9126611
279043392 33421555
302143824 50536790
259808424 3925245
308787972 48863028
286845397 45881925
294036911 1647909
300698240 32260084
279643344 44053489
271233212 2651921
266236568 28806597
296519010 14092786
288431143 1312395
256463697 5419243
284363591 9673370
290524941 24243799
304611874 53532129
300987592 40845717
253206770 39851137
301766841 38347305
280980548 32439897
254943868 22881493
270700004 14755231
255934139 42486299
271482124 22533057
254641478 10296225
270133328 3125885
271034082 46412088
278426912 54036622
283567784 27265112
258784981 41459657
283088653 25788145
288853442 6951697
254046877 14342448
256955083 19775153
301545400 37627071
285937795 26254627
300859571 22240465
261568074 17047567
273585730 6830921
299710624 53330475
281814737 49812453
295230866 23194194
262138903 13884699
280185979 37359361
307856475 33948916
264516964 46057611
276239056 2253649
252875772 42919074
302732486 5539577
299994846 39567071
306532491 8529869
294593803 37500197
271273722 39941098
253900136 43117928
268762262 35700862
257939741 40183793
305451820 8767895
255207324 3620651
259591092 15911989
276347219 6551449
255950961 16102825
270261293 46154384
295753279 31598120
253039701 24433825
256699169 39678097
301543237 10264231
265134422 16088362
280684690 52787489
260820410 53307789
275738806 35680990
265087083 23896517
283530384 36893493
255239335 6665513
304282389 55556653
289701241 14444473
267455504 34244359
254713394 4229387
254080568 56085625
289692816 39232599
287515827 49478485
277196223 44378065
284676667 54429415
263097088 996777
303208923 18427215
305468655 17104237
266202558 24645237
280299259 35014264
289511979 8037185
253044319 44518443
277809118 9474243
260364848 18745404
307272835 15234611
256586373 10705439
273431268 45142560
260524016 999158
268793206 1893865
284381868 34648921
281638840 30774285
299696543 54105023
271224486 4306622
293422037 1368031
304704488 34934221
273846381 21933161
288583899 4997299
267460199 8846263
258274577 3200473
285461029 7863477
283361412 7795066
256501733 38867766
294370413 9231275
269605023 17434801
288437697 28608018
274862193 6131825
268608594 16812683
260278076 8982912
272924159 12603543
281023775 55025623
299964566 30755991
260650150 22428732
277183574 16341479
272833912 16483449
301202106 15113972
259599237 38870177
300016045 8251455
296894936 56292292
273667899 13825465
257691528 48142101
295734109 6758465
300402728 40752920
294512198 13321017
274227445 31732555
303453698 44863222
253455473 463549
254771623 17592195
268407941 4982657
301536637 41601689
298516607 19652793
253511924 51371316
256362850 50480959
302745597 16226589
263541868 11152136
306299962 48916851
263678997 31956525
307557611 18769080
284780482 5449087
287592416 15829393
260513098 3528466
260532291 50297099
269170365 14801189
298374379 11759105
277529149 24077809
254892506 53627116
259568888 54631625
265127463 21372073
302882608 37737043
263956462 3831829
290828436 17584539
291236537 43364727
297400994 10530891
280202335 18590053
293846575 29463587
272158328 441160
302678851 11121325
298042683 12027699
276269102 38607109
257087052 7722085
272710116 22140396
268945611 52720837
286128635 25518167
290456456 11736801
277240703 7422881
253717068 18993133
277215632 37650345
6721 733
9507 1781
26160 3321
2316923 5313
56611 10695
90359 11008
99923 15878
126181 16952
127571 17867
143599 21493
161230 23233
191273 25273
219459 35122
225427 35431
235811 37197
250139 47752
266179 61956
266937 64479
277609 67103
315169 71265
316131 77059
337674 79489
355217 81177
365752 81511
368387 91792
376284 101575
421466 120350
423945 125217
3843197 125809
431039 125923
439939 127652
450161 130641
455997 131091
459432 134043
498807 152052
501824 155649
505845 156225
535667 161291
551671 163676
565591 168521
573375 168798
632543 170442
639235 173553
697333 174301
703575 174908
717939 175685
723331 181581
745804 181745
2640588 188129
772615 192192
783657 192979
787650 193035
794073 197452
810141 197817
819487 199843
836239 205773
848050 206001
852269 206868
857336 208862
863265 209731
890897 210951
891431 211932
941293 216929
949441 219316
1003279 235097
1010889 249649
1015683 253064
1018899 257013
1844543 257749
1028987 259701
1065995 267565
1078365 268147
1098795 273829
1142809 278502
1180319 284111
1188169 284599
1197736 285645
1235465 288841
1246098 290350
1288571 290364
1307245 295408
1329020 296226
1369033 297287
1374366 303207
1393423 303889
1396957 304811
1402521 304929
1408039 305836
1456041 309013
1474995 311561
1503249 319149
1503312 323106
1516745 333995
1517755 334359
1537759 335848
1568305 336905
1574011 342551
1574434 343621
1580513 346491
1592654 352971
1596557 366309
1600659 367361
1622989 367658
1655976 376101
1656631 380076
1695985 386467
1712617 390625
1712859 400025
1713529 400381
1741537 405237
1756737 416011
1758185 418469
1818298 419526
1822021 424444
2624625 428231
1854690 429047
1863877 436350
1877344 441503
1877990 444143
1891971 445417
1896273 447161
1898657 448281
1905133 451147
1928409 452088
1929903 453020
1950966 453601
1954249 456265
1961995 466332
1972096 468326
1990365 469473
2020687 473201
2037026 474473
2043915 474641
2058755 475317
2059339 480542
2066651 488977
2085047 491892
2144395 491937
2216663 498333
2225299 499135
2225304 501076
2235055 505937
2235742 512001
2264349 520996
2279775 521950
2292838 525149
2296004 535501
2300703 536897
2314689 543687
2314751 549289
30491 554082
2317271 557163
2330386 559911
2331342 560337
2341598 562401
2354417 570871
2365397 572514
2376691 573619
2376703 578136
2378777 578511
2394933 584745
2401001 588033
2410703 592217
2430587 595269
2433564 596007
2448233 600641
2477961 601491
2498229 601817
2529895 601855
2539801 606615
2550219 607641
2559487 610958
2588465 630905
2597345 632417
2621409 637637
1019821 642597
2634079 644301
2637754 655301
751499 655623
2669863 658497
3354311 662403
2702379 686487
2712435 693291
2738735 694454
2771707 699713
2772140 700407
2772147 707043
2789327 724801
2831765 726178
2842113 726984
2934947 737131
2935337 743041
2945275 746281
2955947 756821
2957463 757671
2958715 759748
2965823 770975
2982835 774320
3000420 775025
3005053 783137
3017755 785255
3036243 789345
3041842 799085
3058549 799230
3061867 799401
3072347 811147
3080775 812437
3088968 814135
3103019 817724
3114698 820308
3124374 826949
3127542 829533
3181265 832583
3191015 839101
3194977 839801
3234205 843078
3242109 843929
3249631 849136
3263743 853451
3327901 864081
2686482 864386
3355350 864487
3376055 868549
3419181 877751
3427409 879741
3470759 883468
3481733 889533
3495155 889614
3519897 890881
3528353 904438
3559401 910169
3567489 912771
3572343 916386
3581798 916386
3625574 918759
3630436 924786
3637583 926348
3644328 940716
3647435 947759
3648169 955855
3665303 959304
3669079 962613
3769465 965737
3777959 967201
3817753 970097
3818966 971653
3822061 978621
425041 985501
3843221 989973
3847541 993698
250 250 18139712
215501130 6250629
218203326 8813313
224072995 8541227
217215636 15270851
221816292 6112769
226741376 202385
217943298 6310809
224709647 14384769
228980715 4828766
226361335 11673073
219914618 691903
221659950 230771
215954220 12471903
217649781 5819989
228436438 13415672
231540181 4000201
221014332 9715048
229207170 16074481
230719758 3285393
215978699 12737093
223698794 3059159
215338761 9959279
228517076 3930961
215949461 9783345
231437780 3522768
228557835 16888915
216092233 14158407
223702756 16447458
225967272 4372513
232295748 16761473
227439378 10359415
227748306 17440745
225093449 5407952
216493241 5959807
232738025 7596917
223896882 8984495
219990305 4187335
228368439 13792977
220395741 7927708
225936255 5020961
227980224 13676599
221548912 16127083
225228276 17354297
217024539 7781914
219986107 7803708
224455473 17062407
233075671 14938228
226484478 17470335
223452537 2275942
224476507 16842703
222273747 6563457
233383493 16179813
225316386 4514252
232768147 6950159
228240316 17271153
216571433 17726849
222077373 13449313
224622610 4161839
230784747 14544216
216134287 4997456
220810593 10721365
225357425 12423179
217473850 8368145
223558731 8431998
217271058 8218841
230334625 6341573
215832590 7364057
226220757 8773767
232595385 13166249
222759465 3707001
228944811 5099711
230613798 8490610
230577108 15897929
217397847 12610879
222208661 9542839
217209022 1833087
224857923 16370233
231741888 1785176
231821410 10369969
229535357 17971375
218237682 13203105
231473436 5468853
220593621 17495849
223558824 2534069
232422519 7835687
222172402 16203031
223105251 6826952
216120174 57697
231765396 7412709
222633678 522685
224838146 2058857
230969526 6228693
218527027 17118529
218717812 8369660
217678003 10545533
220476993 17663363
230211198 6525040
229907346 14800211
220740732 9045721
229248947 1182013
225251012 4630961
227551094 15641761
231680174 776172
221978781 15684185
228965760 7706089
222573849 1564683
216299918 14090369
218037000 6863646
224306070 16461173
233303979 3819091
216217901 17131829
226717117 1493689
233300197 11810241
220436302 17647983
222878672 11004361
227045886 155680
229473939 10898543
230260793 16128241
225827704 1560345
229409310 2844348
229817381 5147631
226771867 16160249
229223859 4112260
219472575 10117713
225846218 13128313
229467385 12210973
216103179 3086401
218646439 615554
229625550 17894465
225127856 3170881
217677708 296479
232162110 12382753
217239231 1638788
225259269 17422401
228229968 9406519
228390914 13944621
232100714 8602851
231623167 8083657
218060781 2295385
233176119 12187395
225292061 7090142
227282760 9113342
231503738 4732262
220071762 17728891
228897168 15765228
223760481 5603369
229842810 11398969
215857998 8604617
229303505 3393577
233406680 15253573
231271812 11031474
221480769 4332993
225824552 7158701
231660043 3753403
230981030 8524625
228689470 11307613
227299638 8941155
221644998 4512562
226986787 7002697
232090293 11473505
217346031 2651304
217597194 4652061
225632166 9972998
226373906 12571525
231519884 17716914
222411699 4513545
228769684 12573869
223408110 5495401
220778667 10969330
219754254 2856854
228602718 15483165
225878625 7804399
224178111 12321747
221190414 9201051
221994819 209981
223665030 2032225
216163761 209798
228469027 10174705
226579064 16611326
233015070 16887585
233321334 8700147
218263385 6788217
229167543 12288556
226369034 17269898
226914985 7063658
229980951 10608779
224383155 1450480
220306322 17796417
220169347 15570081
223803507 8157883
221899929 17492082
223092900 14789822
221189523 17666473
227271153 8249856
226585557 3148745
217910285 17089231
228873985 18110149
223489493 7227753
219171453 8890750
229398702 16438643
216080224 9748033
226259763 4669795
228003885 7414420
228261039 16964963
230634446 15868359
225146437 14228833
222424290 811355
216405782 14529438
230027172 10696399
227175678 17527749
225904581 13254305
228776550 17429786
222930244 12074342
218130219 17095921
222666545 351743
217763013 15969477
227332527 355337
219224675 2396591
228240843 7809689
226920585 12417560
217859312 6372049
221452953 9618201
222399932 12655101
216352320 17078565
231176570 4553368
219660889 13665483
217256773 4958548
223189176 9632629
219264350 658988
229974639 5775507
221719249 15265815
233062124 10251372
230672780 16873867
219443877 2486948
221965554 6739774
225547203 12066977
228018720 4981249
221604452 226316
225115691 1123585
231299247 12400300
232424745 11972371
222425538 10615073
227266402 14307591
231944870 5173778
218264317 17900574
216701274 17998927
233218701 4071821
215671650 15005241
221066227 5603121
218638050 16631137
1573 636
9583 2761
10963 7795
12664 15768
15342 19061
16385 20881
22921 27161
26533 27765
33049 27776
49029 29931
52891 31853
59497 34909
63972 36369
65889 40304
67579 46231
67605 53069
68997 61151
80581 64023
82898 64289
90820 64817
96092 65945
104509 68432
119606 68857
121095 69863
136765 74970
149500 75421
151075 80421
151729 90551
152983 92735
154191 92777
156181 95221
158680 98568
159859 99101
160099 103729
170107 109993
175441 110743
179126 111987
179293 113173
188249 129745
196629 141231
207393 150149
207475 154781
209824 155905
210615 170146
219031 171941
220442 182979
230779 187045
251941 200421
252779 203133
254437 207189
263008 213393
264403 214429
267613 217705
270602 218251
270658 218796
270969 231030
271963 232779
273675 257006
280873 257041
284221 257847
284635 258941
288955 265569
290710 273167
290710 273561
290859 274909
295075 275361
295750 277947
301681 295925
302361 298617
306619 301113
504850 306415
312165 311985
314535 318809
322423 320329
323179 322087
328009 327865
333031 329885
334867 330501
336371 335580
340158 341953
340417 343287
343729 345314
360779 345853
374180 361806
374881 365054
381679 365471
383578 389855
384107 392426
389331 392707
401980 398141
404601 399026
412765 399949
415925 409973
419926 410866
434845 423601
439159 424791
472631 431289
475995 433181
485232 439457
502555 441947
1076563 445829
513997 446995
515161 448721
519478 448749
530188 448841
536819 453101
540973 455855
541649 460375
542835 477663
550042 481481
551175 483976
555487 488333
560803 488513
561229 495585
568534 500187
571693 502523
575398 505793
576865 510599
578861 536321
580789 538641
594991 538737
614696 539655
620553 543179
622641 543501
622650 543976
641278 548081
642057 550340
643081 554775
645817 555194
650845 556308
653734 556876
658162 558013
674035 559196
678947 574605
683448 578283
685561 584023
688578 586491
705349 589229
710020 593773
715579 594917
715875 599397
724798 602881
725535 604541
726787 608137
726879 610061
728137 611081
728380 615777
728383 616627
729951 622813
730279 626877
732687 627793
751717 635021
753363 640097
759527 641166
760406 648901
760845 650730
761097 653121
762031 653793
765913 655696
768151 656811
777479 662522
777789 662628
783549 663516
796762 667081
822175 672425
824639 678849
832729 685387
839437 685761
839683 689817
844153 695901
850606 701102
850759 712473
851283 717081
853261 718417
854320 719001
858175 722412
859130 725316
859933 731117
870720 738841
882422 740801
885649 749361
892039 761626
899049 770657
909973 773991
914677 777296
919846 777793
922465 778481
924985 783959
925021 786868
927529 796357
929289 798461
938263 798636
943792 799081
944483 800154
948279 805547
949237 807321
949951 809323
969817 812528
979405 812726
980617 813697
982657 816225
983095 816995
986713 818881
987166 823469
991303 828480
1026125 832001
1037232 836566
1044593 845601
1060123 846205
1061215 851539
1063513 856522
1063555 857297
1064113 858321
1066799 860719
312019 862413
1077931 864841
1080177 868121
1089748 868936
1091327 869934
1091350 870717
1097357 871521
1098009 874601
1098721 879617
1099568 880388
1101590 880468
1104445 884501
1106823 889541
1115495 890006
1116993 893704
1127619 901443
1134785 903367
1135216 903579
1137178 904119
1139871 907707
1148943 908785
1150306 916581
1151095 931665
1151704 932151
1152055 935719
1157464 937501
1170222 938369
1178347 938688
1179031 943764
1192067 949326
1194661 956471
1199503 967756
1208293 968105
1222349 975641
1226021 990441
1229909 997649
250 250 818483623
369041551 49315189
878811368 321775916
219615971 81610445
755105537 293699204
231664101 686969553
212176483 211783582
300945161 27578944
161333971 331260760
367428337 555226
111677825 26992659
325947557 467502679
880323563 188204841
166999961 101030601
880883953 28003956
174780081 163550173
131484161 140383951
893526671 90208920
132556505 168619461
168267233 214451601
189393545 183511682
587282256 469051486
153656691 122129407
637748483 281342237
328414673 6605028
181360649 5820315
508113614 147567421
514791417 315135876
157590056 560875257
881692735 567756521
145850241 230537137
153900521 46436315
229310413 165251479
708259880 551169445
349808180 56621809
218935768 36072129
661718921 767548001
132688951 636966403
202321029 333868549
112710887 3140893
135430028 42263884
269647283 385032838
341638151 6262211
280062165 245096479
215226353 248868043
450952169 329509293
149245497 204797539
876713601 504725905
109773202 52348033
420067593 71746664
685999541 33872116
117113641 78520961
474192141 137784065
189798106 232642901
875036333 322791197
773611137 17005839
205969925 240083686
540418061 32319001
152040458 447517901
121638251 116286661
136195070 513400966
290937671 366573523
284325913 165364198
384412687 80226971
404190221 37003561
206624687 155142555
272124196 651328348
198062712 482142101
668304621 196152811
799174257 82869517
795828029 501142433
468057062 44418866
161479241 25312231
234348410 106683886
486854405 70965925
347882815 664035625
276588731 515583595
732846779 31914401
146140431 282769789
619837601 155577907
559054295 2273869
706671657 184334393
270710396 23906861
135467561 468789728
556999163 670742453
822855809 254224545
377783652 728033687
308198957 223900090
422662181 25749175
161291017 219160189
529686056 566887201
222193761 129022066
112063569 240921827
114542900 214007221
268037705 176012808
246394033 47427961
758875585 523621196
212361017 132674641
274383628 59717101
499292371 46952915
487356437 64129209
578983736 263328289
216103464 115098821
352553209 508312904
817273969 19407389
756992299 37788969
192941943 43488134
207951143 111400273
201768815 321790448
361371965 303868961
508318877 354278183
146581961 37835104
123485657 155897893
243530381 218298997
544010270 64666921
253170695 514712150
697028825 721364855
469733177 522881481
491746921 251119921
380839957 646255303
183961865 428034499
135371187 33094543
128500279 413922601
147101493 25980367
535953593 579589761
427284164 108820405
553695506 12463521
120323633 89836954
231546553 36311107
168768068 128587966
200338433 16530731
343735433 140534233
688667985 279622417
282377225 82630621
123729066 220199942
393353423 145655749
520829286 545326431
137143871 43807817
364555483 478240281
184271081 155009485
138847591 253256067
216503041 48699498
367181146 557990202
236337979 334839751
156846361 37668151
558084528 22091799
146836457 114269521
110242121 330224201
703476025 288133945
194843284 466599259
360061313 114605965
286872457 48789455
297246566 213938201
114018722 621487189
176686301 102034848
823979346 660808297
216435227 640031276
513209306 77064833
686838277 52207161
137595781 614512921
116086937 73212497
582019186 577449124
120569676 8115121
113380146 93814930
270978633 453137760
120766424 185799637
214505321 323959243
638344705 499644251
137477992 85580299
257909203 683731927
483025277 51409597
664622131 598101539
219774422 272512782
125908611 7577932
181601081 706912471
303830281 24414833
315567305 198597043
123053777 308239327
634072457 168978326
811314617 603826141
336005855 122214445
500984345 373648526
497058614 127233066
197911744 663569761
702326633 3911541
763333449 69466645
776219113 664742161
755915446 74601451
607931151 431068051
284306021 271767931
278051827 642371926
279647596 130456789
234635653 17214337
604939721 366878815
108055253 240109757
301595121 672142537
487621321 65556066
386205769 512931553
460350023 430023348
578402957 38206659
151084949 16282501
231449201 514009
464176370 408859861
222557539 3879928
499300094 331317465
153035179 150572791
457127429 67777606
204539709 559479997
445926201 493760194
309077551 56620001
627960584 253400284
394103470 647487732
210781796 23424305
292940533 41706541
570667838 487723373
755037273 123814783
219587786 228939025
240218579 258400000
543278345 180484151
141548051 274808697
521642231 711710613
150607089 21406555
490168310 13821052
569963766 135747585
302123165 211869473
530605044 65442319
345531476 281781793
462737801 177364070
563018993 778286395
435852803 768359161
202250741 377872921
403803021 210259666
302094857 97467661
188968526 3744577
169281141 595146588
734191337 272273281
113475666 551780121
169242469 268629961
473154228 28065699
335469521 665623705
258611781 82146585
126711686 51102649
557970638 394881741
203461115 130422601
172254441 131612645
211116363 197128959
148114115 76060348
329978751 292061263
189583193 76959141
204519005 23584426
650553185 248063998
416325 2421
615221 4501
992569 5861
1146623 9632
1452703 10685
1656247 17381
1693223 20025
2042757 25478
2366128 25914
2416026 25979
2834734 34821
2963473 35177
2993684 37497
3022209 41373
3337244 44075
3639539 44857
3928573 45936
4362906 53076
4608008 56624
4772865 58493
5223961 60233
5410568 60757
5470803 68417
5495799 72064
5502673 74821
5861406 75292
5928069 75907
6255864 87705
6934253 90223
7188769 98232
7297653 98305
7301751 113559
7387367 114691
7555595 115735
7814723 117223
8250097 117828
8547607 123180
8666530 130201
8703876 130308
8891120 130689
9183887 133348
9433767 141997
9519147 144221
10224481 145281
10424563 146495
10562032 154531
10626541 157592
10920982 160705
10989532 169982
11204131 174145
11213369 174433
11538275 175539
11690804 177087
11892557 189801
12374705 191001
12524194 191138
13033131 193061
13193627 199485
13351773 200674
13444489 205337
13505141 206176
13550687 209712
14126445 214839
16027599 217121
16125177 225658
16360329 232720
16484103 235037
16654973 240323
16678419 249300
16936357 249427
16937094 257937
16965034 260410
17342723 260422
18018243 263427
18368625 264001
18383301 268907
18653530 273113
18999506 273409
19510179 284701
19586299 286900
19813105 291621
20077305 292721
20231463 298401
20251212 303359
20362251 314001
20503985 320149
20580184 329026
20615859 332747
20766163 336379
21103133 336516
21155180 338376
21323369 341721
21416534 343425
21886776 344035
21925553 348560
22526925 352519
22812867 354926
22872259 355476
23101491 358249
23342881 365943
23374705 367834
23921865 369057
24598372 377061
24763210 378901
25009513 380761
25017302 381495
25204382 385081
25263419 391005
25526441 397891
25631903 400151
25708466 401274
26134801 401293
26349551 419535
26581365 429405
26716020 430591
26883971 430773
27325756 461931
27369476 465161
27434299 467609
27486931 469751
27860230 469791
28149581 475985
28381695 477509
28491630 480901
28540206 486299
28623686 489317
28848313 491297
28934945 495395
28945239 507737
29173505 514669
29267120 515942
29594701 516066
29652455 516740
29876114 519903
30502421 523918
30605758 524305
30806277 528387
31336822 529671
31374913 533379
31451633 542859
31464217 543617
31465413 544305
31832644 545489
31880677 547621
32268045 552602
32475683 554404
32611441 554494
32918051 559836
32931714 560551
32960213 561653
33381326 569619
33650515 575609
33901953 577793
34146452 578492
34296249 590901
34465439 593043
34740776 598523
34746267 601313
35357837 604951
35428045 633349
35481917 657016
35727993 657201
35766360 666018
35793643 667406
35905225 667865
36189553 667941
36907853 671420
37132369 672650
37991125 672663
38035412 673657
38129025 678209
38262253 679583
38499034 684350
38545854 685993
38634485 687275
38746907 690497
38956603 691178
39507977 691457
39906647 691861
40186253 693120
40316563 708101
40451823 708605
40601997 717476
41004145 727251
41021393 733319
41456579 733923
41497579 742185
41777375 756511
41868967 757281
41940451 759217
42256584 767521
42278407 767791
42638311 769844
42741777 771176
42848586 773151
42901831 780880
43011393 792581
43221255 801602
43241337 801738
43293364 807521
43328925 810601
43378171 811569
43497866 814185
43586096 814801
43913821 817703
44503441 822331
44685370 832767
45221665 834603
45323227 834901
45821833 835091
45855299 837864
45945071 838611
45977377 841071
46301581 849761
46505133 850829
46726849 853501
47011835 855708
47717418 858367
48037219 861745
48132845 862161
48502893 867018
49272401 869915
49279501 871945
49288702 878273
49309357 889332
49325741 889725
49369945 899661
50400351 899676
50454007 900041
51410543 903198
51428183 911530
51988199 917057
52082920 932960
52137501 941819
52196005 942314
52307353 947463
52434982 949969
52483289 963556
52542450 967266
52617747 968185
53227803 969477
53366190 980540
53531056 987069
53698175 987409
54880693 988403
55152868 991109
55431439 992659
55510732 998121
55511367 998665
55536051 999132
