10
35 35 285082690
366796436 66689371
369211223 28771991
448389222 24733686
382380222 44878419
545299608 12245093
418470471 65286946
372404636 120282865
616804110 30206494
420446862 267053343
529305479 73829231
367969654 202294586
400172320 229267561
356970466 164472449
493830159 714613
629702437 212734949
399289416 248318337
404430770 80884619
378185571 127642109
440296413 5454073
354148985 140974837
395066631 144421661
364424946 166725076
472163525 56419281
559682968 176178851
527931000 122346007
581417408 37004821
514713021 150343449
384119961 55816029
431976518 11828993
391437528 237234881
476815720 145815817
376669225 37035818
385119669 226501891
467015676 55220617
464439919 124579915
29618161 3465
22821653 75624
1989607 78053
2275474 119769
3446365 228811
5917129 241035
6423289 258901
6777517 263941
10055317 288145
7565055 312741
16244151 313301
11118517 316165
11592861 323937
11622136 361025
11685805 371145
11815133 419686
11877051 443897
17498041 448824
12719080 493506
24158765 509273
981649 536281
27806133 541679
17746699 560044
18476008 608629
18489249 644128
19983735 713972
23971979 752268
22388579 772976
1281761 779761
21045430 793971
12855841 829155
25014145 852051
12087705 892609
7333763 904103
30186329 940726
35 35 199530949
803673444 117648807
695459933 24134041
740834439 112735657
740501436 105743665
697979631 64681185
885588924 183783192
723713546 194512007
881763350 40090541
770678106 128086062
694739240 68509077
858445820 146448292
721156504 101416958
837724719 102376590
854465542 101377024
733184300 91202671
769537822 166826791
701805560 66597090
822507308 29434713
758351685 91378827
824482264 187261212
698864000 60247067
757460218 119435986
787672414 183314129
695162860 2202426
721672070 69308997
690593079 155650071
788122483 68012933
846795650 161576969
815006777 21658364
729902253 45357313
808222280 12719542
748867910 181835929
802220209 167903989
786378629 13113453
693930766 1989604
8772423 77018
218268 90576
791841 113791
879035 129377
1028749 138101
9829450 139151
1947581 148801
18256760 226522
3976114 227171
1728047 259949
5620748 299856
7538145 304887
12687915 329244
8578309 333661
5148836 365805
17177443 389376
191290 452849
9850545 452985
16114629 457293
12407550 483399
7838329 486841
12688193 491245
13220776 494009
14011869 512197
14737891 569921
10822453 628761
16572025 631389
16990177 642285
9086276 706163
18167182 748801
2008657 789625
18449332 807709
19855457 915801
20783656 933057
21102058 964167
35 35 135565619
72827394 40303683
98990922 104647876
73020668 82886301
124972474 133349345
116724421 68851598
100160848 59348481
67948974 55812824
118817254 27183824
98722602 73489386
121792162 94520690
144863434 43764123
173592415 32526496
69829839 124042879
89668714 44864528
183425122 11236962
103763039 126185214
115807840 71532433
91310230 125423026
158840374 107197082
64045669 66202583
188211810 30937730
175031674 77871665
90286629 57169526
93146536 3437017
67887763 89052245
98066338 41394512
180391229 70639942
64452097 39301938
64148578 124195716
116820142 45878456
95395681 68834468
71000486 129725553
172369678 45873463
118634698 10461961
83713524 78468082
152182 25625
11468309 51871
9982547 66934
603893 67393
12452377 77617
855875 162571
1308749 166587
1466407 227441
1953228 233135
2003881 281452
2729217 293781
3056495 308417
3226951 320846
3870745 324544
5011517 369939
5641003 382561
8029741 422045
6138560 445089
6127234 451709
8795377 472147
8906797 493441
9153864 561509
9786254 564396
592193 603536
11383631 612305
13170841 621866
11520675 664810
829893 735659
395309 823301
13076089 823553
12843181 824193
14800820 832647
14832121 889745
15270081 901655
15477771 997089
35 35 8979762
44124569 2780623
45995553 1957188
41721593 344289
44930269 8710651
41762346 8467063
46778749 4619724
44753128 8717794
41918403 2162787
40170738 8140684
42199540 2982495
47491746 2427950
40767035 5597267
40348077 8758664
40069071 2226562
45280318 7954976
41652496 951753
42113225 972803
46391154 8774488
42663496 199114
48535650 5538801
44302840 7571023
47098329 4572211
48311483 5131975
47452535 5570155
48123977 1123189
48206116 7913851
46004236 4183399
41766424 3689131
46953372 4102945
40370903 4521701
45873849 4423339
47977162 6607894
41925917 7868953
46985966 4317052
42630072 3736312
19977 13831
39457 117505
736493 132141
61877 161041
63230 183937
131321 191391
234377 220401
867861 300907
310817 314019
317119 348396
355062 370809
364953 386546
379299 404467
438617 428378
460581 430942
502230 431951
507761 432983
546248 460749
554193 546198
569612 636401
261104 650619
809865 657141
1005211 691807
851289 726568
842665 741549
57937 743073
853249 768993
867488 814163
647153 883061
889371 883870
894577 911362
977137 942221
990249 961775
997275 979241
738552 993692
35 35 1214035
293054072 447616
292945657 861628
293902078 72307
293833525 16813
293069894 847846
293135073 441255
293309121 632128
293942598 809160
293872881 695160
293568622 1081791
293788334 514798
292820794 260608
293802158 295122
293216810 572580
293779196 299677
293232038 551706
292936124 919381
292967181 399259
292801558 724474
292990270 849706
293715582 892020
293709044 21614
293579714 598906
293616158 1149686
292899810 1125558
293545852 186671
293657010 817773
293598790 370730
293905278 917526
293848930 1066786
292895858 935221
292910166 1100176
293442924 626184
293264924 874596
293734203 118062
2386 21391
4685 23954
5203 82671
57647 153325
10375 188851
11488 196430
14497 200492
125406 327876
20893 340107
77517 340617
31833 404041
58652 434767
43560 460997
50800 466499
51043 480228
51929 490335
7583 518969
102241 559837
64327 581520
70694 588345
76821 633157
28057 643849
82757 648363
83506 657232
89381 661569
101499 676433
34804 734824
105793 893959
111753 895373
113817 907069
114663 911127
116292 911553
18403 914473
137257 945471
138676 995104
35 35 47307635
463326408 7996966
470004244 24885080
471496052 29446549
465639742 13507598
469438708 27101555
460420377 39308441
474714700 20122323
453668092 11770531
479586904 42922882
466752832 33258221
472630542 31866180
471620498 39464438
479750640 16739408
467287966 28155163
440644052 3499723
473214192 37599290
485471878 42534011
477190969 10299826
471574294 26300353
463924864 28576786
474303886 15077184
443809678 33711668
452576474 18881406
484046008 13103114
472323267 38672737
468394800 2061883
453679696 19730506
451793706 912041
466780885 19226875
466089736 3302760
480680780 912583
475802800 25745145
482851762 39430666
483290116 27728001
465181340 17654653
28349 5433
324869 72926
905869 89001
917809 150398
965715 156121
982241 164721
5310209 188601
1164252 228195
2393493 233100
1222769 299489
5404333 304626
1429417 319117
2229437 339831
2245856 343127
2264289 356991
1216785 370197
2510317 398409
2873481 429263
3082401 439809
3150594 454768
3220381 455032
3464777 470217
3605745 481548
3754023 521036
3822421 526505
3851104 534541
3903251 592745
4005609 620456
4193177 686553
4393161 708601
4944197 713521
4975305 747997
5279212 783395
1100665 787542
1396361 811717
35 35 132608122
690353510 5629711
726790597 56719490
704298418 105889512
619883754 62552999
727294928 101007684
701037205 131824513
641312858 37237153
701449217 108262445
722332836 75003762
639652934 99056515
662164828 89745033
710509158 16446243
726341958 51050101
642885236 1050617
735625884 106975422
747561780 34209817
677995029 112868689
630077833 4716882
631312141 87033007
714623778 43408025
695631796 58358431
729604460 56828561
703791280 76994077
652562966 8327907
734560994 12577901
720658445 45407215
726331736 112477289
706826309 42194567
640069436 23675075
688523232 107900640
646297508 110245712
737563392 73296567
631482098 70604843
672660696 77765079
631274701 64376187
103133 19911
647501 71463
796025 114136
970725 114651
1074217 129285
1983989 198682
2284430 212270
10261921 230456
2491700 259029
2551397 286175
2719249 385187
2974096 394386
5192480 472999
6456800 508649
6763966 516091
7343381 532811
8654591 535144
8750343 569691
9002800 575305
9259253 632679
14102952 633631
9936429 640395
10057270 672081
2293149 706311
10505629 724913
10742041 729496
10823918 745533
11862117 749942
9410949 764145
12165939 776969
13079653 808752
14026245 819881
12011634 833938
14146852 836061
15086454 934915
35 35 710798435
365773608 548105825
485129968 26501938
402635544 229658959
237167128 188857141
283758437 623593107
294623140 539543611
530185432 600015295
536286888 477090349
404732052 15476087
413124718 17183629
452002961 433747201
310614558 23242441
730058688 226236052
653166670 397217326
283391074 275918849
815585488 7924231
570172968 26599981
431454006 318670468
383990643 406599751
308617445 145047313
466157811 73131808
487202868 685817866
238914930 34618189
616154800 97163704
450855542 42169505
560270013 144584353
248282728 614489093
882061614 620497978
482020380 342406121
424999348 478802926
609754778 3069593
244113598 73294822
244973106 214816376
449945487 283640701
296061559 206238306
17193843 12501
6459576 29221
56061377 107107
9646563 140146
10376330 242751
10656805 254083
14495341 265776
4875450 272358
18720901 275043
25392979 285061
27571101 323262
29841447 347342
31130440 348944
37551260 390819
39072549 407589
40291791 418761
43666589 461446
44073425 466301
48611904 492865
53319288 516386
54088897 531645
7611229 534075
57414731 597051
62233362 608513
62405617 632799
64055239 645675
65079675 660691
68694695 720985
71363147 740601
72356092 860726
73162618 882259
74649007 904052
75551009 926785
79352039 965611
80014949 995339
35 35 318787100
91810021 13996025
96096622 268992649
301417338 9507941
395043362 149999413
241313829 147342817
143684608 41101789
197483652 167476013
257741308 16410523
172215842 317572577
122350862 36808708
328174997 25995352
89597687 18980291
295474261 202801673
105736927 261909824
191097796 105039707
110730102 148441833
127299448 12158976
112078102 144400641
248922996 38596185
276532627 94433630
296573945 271219217
196737121 41957988
404698809 317556667
264153601 309219533
287845866 278531463
133261861 49409203
335526849 54130416
87045225 31028749
101317137 313669721
149334652 51174601
181344193 36805111
233017434 296101765
347230998 200160836
366571681 21979241
206872054 46971917
668005 82843
1125479 94179
1626769 94839
3443614 239974
4232345 355620
4989997 376736
5376238 380785
8675877 380894
9317238 466625
9724847 470037
9745495 479581
9812037 488957
10170545 528753
12931623 573989
13155564 625193
29553939 647569
14610441 650099
17907813 659017
18355577 663611
18621420 665361
19823114 675262
21313619 679465
21878073 697529
23622123 742511
23845711 759311
25744265 764801
26568026 768355
28014081 777624
13345541 806817
29691541 810816
30572476 825121
31154314 825435
31481135 933891
33162822 943101
34960201 961133
35 35 700537409
267974504 290584633
560288311 524885098
28343340 458101489
7822938 163874743
16096250 93667511
346753416 486944058
160040085 37039906
180331115 214891151
36617270 14408252
319065039 91874876
74962767 178361121
451898388 10932871
215473094 11900035
287033363 329652169
73131493 406727385
323196512 6724603
71068477 96522873
270989415 261827245
79076526 47863927
128937204 4206406
49893602 57257362
286561468 61870447
103659966 180792852
214718478 365178133
364850380 19968697
598807206 101543481
395154396 22386619
304937740 678649453
404059604 136780137
189368297 2721786
45895182 197293563
64672740 133974424
478690227 663666797
422363869 438604121
495998100 182180945
1663989 14345
1820897 18837
1835855 20686
5215680 79671
5268276 83506
6785265 117415
7700144 118572
7884721 210154
8529197 224192
10455194 242607
13395227 280487
13481224 286841
17149634 294443
18816707 301747
21845642 307121
24737993 398161
29278337 398873
29538135 454361
32227841 479812
35359549 564301
46383795 576257
46959427 595191
55062183 601344
56455837 613277
60070298 630236
61111341 688909
65548365 715171
65915223 721921
66261313 729817
66682236 763695
71744115 859457
73359041 868449
75239577 897026
77671113 956551
79683394 994561
