10
5 5 332329981
194133591 7778779
205363789 84903997
201944445 293213131
120284799 142079033
218311515 158856769
23567203 13765
51927154 335329
67302633 581608
133781361 637837
144486001 895961
5 5 302538053
314147188 38005504
509205610 131052366
498209920 99747979
308070402 6101063
230855928 50931812
9973859 109327
43293523 130043
61563051 402149
123526687 594840
168786267 953927
5 5 297083439
348668332 142346169
167576460 97206131
153265245 156744972
171982245 119266393
207775007 118222516
2916181 157038
44347801 264909
90680420 284989
97270561 785281
158555935 989367
5 5 27139010
69988208 17221205
74961483 18597280
86257875 13686925
79304356 14655570
78365045 12120756
175136 78085
287209 273985
3784975 300628
6671482 688261
11961393 935529
5 5 258901
9665866 171752
9749968 35559
9833246 4610
9736785 95388
9600115 212300
10261 16385
18281 87089
48540 285467
58041 901458
76255 945331
5 5 194585594
443128332 18261482
423320902 63180572
286756654 164962501
251832193 28481285
404706589 24867915
42639705 79441
57144607 163417
70984111 182825
74188411 414889
106490852 864533
5 5 241285855
302030118 179086670
376787002 50410381
266690424 64425406
274321986 157481736
360927345 54123706
20076664 14361
30193768 108658
106961019 309887
118579274 615390
140705503 741495
5 5 564671399
263168695 83568362
571113132 17425240
327445764 22771115
200645560 321503329
71605881 17692987
185928418 115553
238041211 621786
298647941 623490
305788498 688920
328962538 944641
5 5 85549523
94250456 53380405
147579755 41660547
146999510 52199567
90414094 38628758
102534346 59260233
7835230 427757
16849633 536566
31700956 614881
34940138 672101
34969501 825376
5 5 11352710
11393719 4904782
12620333 4218001
8025381 3385320
8055185 4138211
16129224 4455967
1344807 174491
2203512 189711
2373398 447174
4413798 493293
6558313 778589
