10
35 35 200847192
19398297 41661084
65813632 136400907
8521385 110510706
65817123 98024851
205564618 108570565
91564043 90104217
17112594 16393198
62852105 59271570
206507343 107861941
168907242 126246709
31633084 189209448
21748726 198713739
96729078 85175893
125138774 133516153
139965288 65687583
170860097 171520984
140246364 767121
128615708 89293854
33126234 41997541
110912026 36466881
37766099 9024457
125610952 53965609
12933834 73906939
123549605 20614441
136322330 160227593
23216460 137938060
47331523 95031425
107753844 43487270
58206369 43481107
29078877 17745957
17544822 58933672
158865769 45971936
85270164 57231538
155730936 66693553
117615221 155469601
5895409 81889
21536285 101634
3156698 112799
14558619 174089
6464613 206934
17917145 231081
6211887 238451
5494371 279315
14065276 286697
7151082 313463
7630302 357831
8011656 364525
8113135 384149
8820417 384381
9808091 388815
10563339 420473
10589696 472078
10764898 532521
12348748 543125
12834383 546511
6995937 567021
3572957 585176
15990717 608323
15995645 682222
16542629 763621
2398815 774081
17210908 775613
18593329 830991
21544441 840641
20301788 844051
2642664 851777
18291417 897181
21631461 938820
22351231 949801
22925983 976029
35 35 153976738
222148584 21513761
152702088 42011163
298378726 92147651
181755306 58865902
158066254 3910803
187529749 20745441
149065871 56108449
287496972 142051157
178737045 6040018
183750963 19113413
197589318 73366124
154785576 1465201
158549464 148505068
239904045 146984993
293947850 89842781
196595828 140589663
271465048 52979359
268034720 34493771
280091461 123780501
156035428 45371013
164485010 23236880
246945015 140674651
151968232 89745151
200455815 11671209
227865754 99929830
167267172 65219101
182890357 103100703
264534751 43057729
281884567 19413892
241287140 7356425
266323036 47194624
196235988 55981165
245177995 60044046
260690726 2694596
203700419 20949374
529253 18682
2140329 27861
941344 126934
1952966 138421
2046079 153439
596601 178973
2445400 207017
2541371 209751
2880381 233388
16693764 281689
9084196 285963
3530755 298781
3937519 304895
4104041 333703
4526328 381129
5070685 395606
6099421 400041
7792138 491899
8015617 517501
15442251 523601
9159645 525974
15780376 545441
12877341 597349
10797917 598783
12483897 614793
14687367 634137
13246123 657489
13794485 739941
10666701 819501
3040507 829081
9857151 847017
16070226 857396
16611088 875020
2912860 914071
16841521 997369
35 35 132999175
137666139 5740953
115404015 5724922
136627695 113784246
87624675 23330482
68302349 34889976
119201099 52165333
136872019 12162501
125158380 70249570
109150687 14718745
62745046 53364006
73091011 57463250
184788253 120087283
138861945 124459338
192698110 114423035
68302435 56300159
67946004 117397401
80405840 87357566
67731167 6527486
161041003 90359403
82200724 57135740
85626123 46554851
107206130 70706106
156253579 19279834
67951391 13474817
95291246 32957989
132671658 48632551
161290576 79823920
147687701 65338803
163514988 9158164
70544649 26910766
80022259 3285831
126719325 131769843
77292797 119548636
191714988 109370004
67380889 87255343
1494928 38041
233085 45827
560994 75784
1166299 94501
2414367 104357
10944165 107081
142140 116267
2789665 149037
3031801 158743
3796600 184489
3808232 221659
3992089 223681
4339313 265829
5515649 316876
5773019 344151
5872327 371952
7937519 411849
8673746 415361
8691491 425468
8918246 438887
9215640 463346
9340023 511831
13275916 534696
9712233 563677
10492913 576376
1580459 633905
11120341 642057
11261913 644796
11617047 659881
11883821 664276
11978381 692761
12571057 771865
9626241 831480
13799481 862033
14548925 938297
35 35 70090028
488066726 34892989
503730227 13205049
500930355 26520288
441483050 4343309
474727245 18819161
481236398 54406529
442612570 50362024
477142445 48779121
500308525 8672073
445313735 36400261
458276456 18416382
456485831 14203762
494272791 42049054
481495295 61960673
472540742 57827707
470663509 11043837
453009275 48115157
461907855 41627237
478080497 16986505
479900596 67326421
452499668 15886701
476295830 45163933
477889292 3442933
443475017 47950917
439028817 39410273
500673621 15548109
461118722 45223801
497593977 45192517
450128405 43935769
469688813 44304277
441608627 44184349
438533851 52574953
485690210 22574985
448058429 11691782
449530015 5098027
2145505 1180
469496 58701
645361 88401
689819 134506
727096 152626
823343 268979
977282 298143
1148620 332129
6230467 354157
1384345 358627
3754637 420677
1495858 431635
1533409 475137
1758259 505434
6519465 530145
1918621 541413
414493 601335
3160399 608717
1772137 618141
1361139 640153
3790811 651677
4380189 665665
5293237 668899
5294485 751491
5310949 841774
5504343 854075
5566929 870196
1426033 885374
3351463 909926
6835981 922429
6951673 940761
7283289 944350
7576209 948389
7603400 951281
8007377 997471
35 35 72226535
639962153 16224641
643555660 37462956
651272969 1913665
631413305 42992821
632882246 8343526
600309274 71423681
626144889 6035597
624558391 35241759
636327305 37110824
638507891 21416014
625349510 4010334
641330072 69073623
661439920 7143866
637680077 71591150
599189661 14424508
656441517 49953921
625962545 32095926
643550957 25919549
615624449 23941744
619578947 2679916
642030197 39588572
670784151 9162711
602521505 28053626
602522789 16973013
638650403 4172597
616798349 41620485
601786461 45643491
614767753 35439310
628065915 18036680
623687305 11440716
649713405 68573802
655720640 21501811
604744365 4303647
612920344 66531498
649585789 36855996
492687 39172
672529 39681
7475486 44881
1156634 92993
1232183 103543
1328455 106436
1408349 108153
7211383 132798
1587669 134150
4337445 147013
2091589 151137
2129665 163671
2141181 228927
2409349 231345
2574058 297301
6253437 304849
2984116 305461
3665815 357273
3904173 384501
4267172 420877
1882125 440151
5094941 509093
5257441 513661
5435306 610479
5506402 624991
2754661 630557
7188939 640856
7208961 703841
1440590 786249
796877 801247
8043085 801653
7840815 816586
7849281 820881
7580481 969265
8191706 988752
35 35 121066097
49811724 102533853
88865484 84533204
37576629 6465054
122968982 47084189
69979000 3615225
105732256 117928330
128639310 71439565
97025446 59894809
138086703 113247477
134324610 53171899
61577514 72973656
43007605 62410964
62164738 79027814
26785256 77149369
125940375 66933633
140549284 10865569
104089488 119979407
89937252 13405703
69001593 109344235
54389812 114192017
86789868 104609555
56149946 5604657
91502766 38471690
66112060 1822375
46040082 14340161
118542874 33547229
79361733 113980702
56650752 95248957
43683948 89533666
105926522 27274905
30026965 61977949
122104388 70448070
109885650 28963133
46418460 61488001
121385832 14659156
1789089 30615
1136200 38197
1151641 104393
1281932 113823
1461829 119921
1526631 141293
1717135 143351
426149 186437
2271885 228249
2697461 232639
12868909 303215
3489227 339853
3854515 382185
5328028 383475
4907158 437221
5410908 492495
5393960 589921
5471283 636436
6241759 648285
6285169 654548
6580865 689054
6874691 692007
7366113 704436
8162649 714696
8197758 805495
9460509 812781
9559741 839005
10955473 859075
11972439 903681
12071388 913576
12260009 934041
3004504 941771
13355708 957295
13594283 971481
13649013 999341
35 35 643132835
305624343 32954689
214069023 592616393
518449336 15540022
372924012 30466327
120339875 597672871
346064490 316751673
435796795 209907245
217928496 54390556
386284703 360154686
233294814 258289669
287255549 194829472
390666766 62423432
410393872 12079831
448856408 227031376
173572448 40456960
380155404 104749943
138447495 195913081
442433471 449255548
611757125 168188401
263551311 323884393
270640382 445597361
269996746 162674867
188247282 114335389
328377828 76594975
419869464 90092865
204424037 248882189
122356389 407634442
199053858 161340316
108120456 588646663
146210869 490797553
168309498 281645617
423403512 70446593
694981094 50109526
95099721 274943257
90517322 308102459
1227739 100481
1776126 143414
2090321 196769
7738999 223145
8720517 238829
10226041 284339
11552799 318641
13144219 351971
14212441 390541
15648649 400321
16937581 452880
17948469 456297
40744525 493983
23770491 507351
25865615 514229
59173852 533511
33875291 582383
35036533 584631
45209665 608981
39666765 635141
22317921 675745
40773679 754745
42006451 764049
42236065 776803
43023579 824456
36529791 835321
48825497 849327
51707885 868239
52959185 869509
53193093 891201
54067978 896372
55973403 922913
56966491 929426
32697435 967963
63211209 984485
35 35 80581347
346886867 61258660
360040895 711261
384250909 2745328
366633609 4616901
378229015 9424513
368285410 31614568
361081173 71896492
367809879 31972033
359103444 63161761
373693416 35350239
415955060 29205870
353321814 4301664
382018556 29772694
365225688 60861618
348829008 66566425
383919584 3447893
371570760 55255215
340898910 8386764
411245574 71975896
372608056 18603061
338773643 48491834
340411076 55273934
360002914 68705522
363462038 53173944
378792414 58003325
369242892 13374318
381026804 48695734
342303510 71988805
378995100 47877889
342100716 71078238
342440133 7779030
410218021 66701783
393331902 63814147
396836560 21088462
339869289 53875405
150561 1401
803313 24226
1255569 59096
1357929 82357
1756215 98784
2306995 227708
2441435 270153
2851041 273139
3024516 278949
3203897 301005
3842333 306301
3382035 395249
3670119 404585
3259153 458681
5291287 465202
4651625 502161
4667446 523052
4834256 538281
4863057 545943
5057371 564212
5202934 582706
3842946 596515
5883741 609507
6152972 632780
6241693 690487
6514591 738053
6591877 752983
6809241 770241
7634763 827057
7798913 840088
8032673 856761
8052433 892585
8376233 913511
8500467 994242
8902719 999150
35 35 119596106
159482318 31719681
161930709 108106505
199129793 110756569
142464221 111292755
142785536 77398483
113929412 25040177
129408003 4602179
104817449 90214377
125627534 58281056
189456428 92960133
112090055 87408937
99774758 77038961
145054349 114892741
194899924 27177191
118123859 64718249
126974099 29490588
195692457 96941332
147961916 95661721
201469415 48078289
146424451 60241113
176124842 51334537
103835918 46202115
179516357 53652737
112109495 5972527
114154701 62020695
133953890 104302894
98070557 28414007
154364795 37754633
129681478 11385949
95674922 5901976
137766752 77081579
168804914 37720355
127276369 92709529
169881491 33332543
176828908 20335644
221551 19817
853549 96863
2875861 119201
3880157 206431
4014145 223762
4350507 251277
4500651 313994
5028393 325330
5077305 361221
5754674 369857
5980351 407189
6270760 442716
6309987 458965
6590734 507071
6592670 534337
9339673 610351
7153785 636715
7326813 655169
7385921 658241
8188699 664351
8458846 710695
8544861 742686
8604387 764825
6651381 777377
9521775 786227
9647855 821585
9896581 859980
9975383 883865
10792753 900917
11831831 906689
11988997 913016
12121306 934641
12199387 969081
12836101 976086
13417246 995597
35 35 349014489
302697778 191664880
259140820 30738982
327561730 104127311
243552468 131342808
262768760 171260109
349561690 92955442
415506280 233808121
219856293 26637543
321688826 38581947
551316566 17782651
232245382 125170945
431350534 128704454
316196612 115132753
285952099 83664580
331959018 172153641
396140352 11333797
480231600 347784827
261579326 7994143
281945413 226675945
439180765 196424264
260953700 176044202
487996752 199096657
364411327 199501852
394905958 27346150
336477949 213219901
421352143 347648001
381352054 246728122
272468646 236599830
434520130 137605936
278345910 165775510
415037383 243856603
211813230 161307937
389274718 23430421
298479793 238799709
239959501 255318661
222782 8506
874855 72793
1321453 108715
5348178 111186
6419371 147581
7034193 160206
7036259 190440
7559245 320179
8005553 330511
9384103 368680
9705803 372809
12382660 407768
14407137 411169
14565509 444521
16193166 455356
18789013 460699
19957569 505646
20150343 513741
22360125 517782
22824712 540265
22859122 600089
23060793 603199
24343265 621609
26904695 636009
27845448 669146
28742305 697169
29048201 698935
30550047 701745
31927842 723315
35849838 767379
36075565 768673
36422645 840451
38038642 863673
39364157 909484
39704390 991576
