10
35 35 31809527
36770142 1699566
31523085 16961451
43985790 8850030
26604770 11596975
24002374 30955215
43104998 17054137
33959194 19512255
42010787 7749330
22933116 6620266
25065048 3748485
16605918 25026966
28671102 24136334
44717518 19576015
32725646 2712173
21030135 2895246
31318088 16832867
16905698 24705997
44146809 25438839
45256170 25163147
32310291 9178963
16489291 22307334
33287298 21994730
33789225 27481363
32766387 8031989
28352759 2462358
22630866 5821383
22628846 5764696
21682308 29472791
44265347 18873816
33606967 17233544
34146594 25821310
25766734 23951654
36384218 23853386
24887799 16498449
17735368 8946670
30685 26950
105204 35620
114901 42809
513391 50701
549681 62161
805490 66641
1971841 100061
1973796 121114
2841909 132929
3016881 171901
1616664 218610
1729577 219561
1879905 224131
1899180 275579
1479318 298125
834297 307971
2669303 327147
1954387 335278
2025921 342585
2083435 421378
2194936 474945
2340899 499942
2360697 596365
2513232 659334
2540129 708715
3601348 713979
1175799 769101
2791769 812749
1340881 845799
2848561 876129
2579821 923851
3056560 947391
3063251 948101
3304314 955426
1992669 985899
35 35 31745710
53705197 5756555
53520136 28731967
60631821 30274648
46538830 26100274
63022876 28202156
66322541 7085269
47686338 98065
53101907 3385456
36234397 192753
60201418 6717526
54845108 16009337
47761893 16754175
64568757 1716549
37603842 7935457
51705762 12608335
63812962 5110531
59954834 18584281
56512952 17446145
45517101 23122207
56730612 23409009
64486451 7320469
54062853 12328021
46380298 22379091
64954523 24454915
51685576 19203499
53749298 26176755
48525161 11821179
37689982 5611625
67180078 6379918
48502264 22876277
58500746 17694876
66151604 8326035
56899716 481273
38490173 15259203
64201316 18952791
569681 2081
309338 11249
349261 31121
353596 58783
386653 75069
412828 93291
439601 200879
549841 220825
2842513 230524
595063 304737
1333812 354801
640124 370033
834121 422137
930513 516049
1152221 560521
2554894 627951
1713835 635401
1951661 651423
2075585 653185
613811 653603
2411603 682991
2414127 728423
2789546 748009
2482071 759871
2487369 783990
2294357 795601
2618335 799056
2671610 807425
2724641 847561
2467315 891825
3025441 895669
187011 897338
2827172 898707
3168449 920423
3495107 968663
35 35 108444017
48696836 5529327
45627458 14753251
91207496 3195057
111763872 89543894
118115522 76533384
27023354 58775102
53500611 65100770
112356351 1376161
46554688 20753568
25463234 68946012
95994842 57506547
109217210 53689501
50966492 40353241
91154109 95809806
34669932 5005311
19217526 30363413
62732375 69797553
16492995 100236139
56175225 41820164
38990006 31493983
105640382 37708265
17366074 52710219
18723116 12192189
110799095 44565566
80364902 25983826
14403442 59283944
113206064 15390237
24699078 29439758
84929120 11408311
105258164 57977011
58017396 55354041
44715510 54988031
47093384 23682907
29284440 76226137
91701321 62023062
1517183 15297
7443365 35870
10938531 67201
1033126 78712
493711 122089
1532653 126631
2205337 144531
3139531 195345
3230577 253071
3421665 256593
5341545 312233
3986309 312843
4452564 442777
5169813 446089
5327329 456172
6976564 501070
5687053 513201
6429211 539563
8138113 561541
7241617 584161
7372116 612602
722914 615816
7588171 655536
8003739 678994
8047225 701781
3864946 732952
8155066 739915
8220682 759974
11589205 779376
9198684 839717
10383161 883273
912071 888093
8923671 893151
11710081 914225
11824351 994801
35 35 23824107
474616966 19596352
467640340 23411242
457574624 22913747
456221754 23339992
462834132 464374
456193059 17256367
454970568 5747289
456816864 1554561
459187599 9278125
467163948 14097952
454624768 19634115
460361618 2915575
468849822 343004
460465202 16884676
470690496 23356793
460861586 21434746
477024805 22281959
460614079 12636047
467266037 21229090
454771727 5108250
466566887 12682531
454401272 7620197
455008648 2014209
464257332 21145816
461649647 12280797
456229708 1625793
467869265 18891631
455194400 4689473
458842866 11865286
462766209 16808916
474319764 13674917
460858116 20227145
461396443 18753880
476076303 22590680
464459656 20738062
2054233 12701
21794 36234
65043 58155
144565 72241
2202013 72260
18487 78453
337645 103741
359443 110191
432565 128489
1481801 139649
681891 184576
988183 199489
1006719 217251
1017705 244526
1024264 308307
1038241 368233
1272589 416126
1361657 420974
544101 452563
1521434 465321
2619241 496145
1562929 545793
1675663 551501
1731088 599958
1746149 615669
183284 651796
1995209 756254
2047571 813057
201513 861796
2095620 903451
1864567 907997
2544961 909897
1525273 929295
2625061 946621
2628277 952007
35 35 41870875
242360610 9839600
239522532 17819056
247261780 3790446
239994244 37261946
240923828 15484225
273280977 33585965
253527206 14580321
241362212 14888097
237801020 9998440
253734468 23972454
253836304 37603080
266903632 5977574
277658378 41241976
244634604 34564889
275563641 27853687
256182344 38449430
240913824 39440008
257544891 3809716
243355115 5292145
265757452 33952566
271583996 32735911
256277635 28201489
275232453 31680942
246133008 27736340
259578004 2904752
270279788 238059
247394376 23477188
277779890 30340909
253905610 436323
237561867 18121025
240043329 23282952
243600070 9725373
244002588 41612987
275549211 14129080
274045069 580151
4551685 24876
2783481 41661
473065 42574
533866 57819
3304341 86005
803389 100878
1248595 173545
1252567 191941
1453457 272097
1489855 280041
1745512 293440
1834729 301000
1891590 312255
4472593 366901
2157366 366933
2264002 404573
2273889 414371
78169 423445
2595664 438363
398911 459281
2844157 473981
2866441 480421
3082271 585857
3082526 603067
731211 614903
3489121 621829
3650353 643510
4128451 658446
2040405 734091
4484665 740674
2565985 792875
4559461 851883
4693311 881727
4717641 887001
4755976 921271
35 35 419294334
729717761 37553472
473023142 145221847
492355760 388428613
521503480 122509180
500787611 36500613
527444252 292466827
444843480 6894098
696441024 201335479
718422272 104206323
639413666 18067421
674231989 391508846
756573233 300063061
628481012 85828583
494275036 158673048
521954060 87059801
599414072 19856656
458402703 70522003
569948172 263968195
434148191 34624055
484619752 30437681
517489424 73572689
555810717 281251270
453200789 213420152
836285746 197376451
443663152 411379153
557882168 184108785
638021642 192358427
451865920 50366053
460371500 46500601
603497483 48193324
433183305 220955297
517987970 55975525
436786449 1331321
483956404 358007871
439436350 185514577
22988201 46099
1752793 62473
34257672 85626
9366536 118726
27431318 147593
10428629 157501
11348819 161567
12082498 189401
14373632 192753
14515439 246369
15127477 267479
16577013 269447
18668857 288956
19016518 300027
21288875 317001
22120422 388795
1620067 417689
23056845 437478
23523017 548689
25423328 563579
26345609 586793
37282341 591899
27751401 625503
29005611 699281
29114966 717429
31272977 726081
33014795 726346
5860876 789537
35307170 791251
36674693 842019
36762787 863246
9803131 871977
41339241 889449
41628977 965121
44169321 972673
35 35 141721930
113122580 834251
37615479 75923123
78312935 102988811
80876766 62969767
72712379 7342407
129711433 84729781
73487344 30437031
148227172 9261191
83030536 54921112
114478327 122879450
68170809 66055045
164233221 108934676
65404768 40727415
157047687 22985106
123992604 133508091
52302956 140782814
134777851 2914107
57878520 75744132
145583358 139323334
152774836 133969177
74957692 104587851
48975172 66686403
50866647 37896283
110175215 59447769
93085792 99812308
57038483 116130963
170809126 138829497
101306998 16108938
87290619 34664831
34650147 110456271
142702763 65833265
147911915 68245041
147275854 16411521
94235052 40298839
112358143 83035053
12098888 45457
1618412 68751
2610173 96151
2612681 157379
2851135 173398
3538188 184710
4841747 195851
5614013 213289
5672573 258481
5736517 264769
7358621 288671
6251370 327981
6313087 336481
6464261 365548
6999465 392353
5916423 399241
7512363 468671
7795281 488241
8031084 488261
9045751 655876
9934509 673182
10151691 682964
10594107 690901
11095637 725413
11389142 726953
1978777 743041
12429735 749381
12628686 761145
12638657 785043
12738993 835571
12790401 839705
13555427 851551
14525793 876801
14854603 883198
15583657 924001
35 35 19273851
217417439 8186113
208466441 646002
212251920 14549905
219344833 15488165
223513904 18396951
212521008 4305976
217391962 7756606
223995816 13478317
210101990 9046214
208172361 11198025
221918452 3585859
205854478 16399006
209193230 11153062
207048797 2651923
218352282 6028577
217791236 1487593
208810927 9238642
216684105 12337779
205842012 11544145
216622276 11652579
210438440 18374623
218704226 16545856
208863335 18646512
207211744 14107580
209658535 3446578
214831730 10898446
215969648 807168
210929550 7666329
223452060 11614607
214483939 15694540
206237980 18875077
224010968 3531713
210429032 2353636
220475688 6234852
218849263 4579120
421427 49581
174025 55521
197007 73085
227365 114675
280639 125986
312283 140841
320031 152865
349521 200523
352617 218345
361771 220017
41925 270225
439921 278016
493823 283489
509239 284177
518633 287042
639792 290896
663522 352153
705493 365633
735912 435471
788945 478170
1916139 537911
921595 553201
1058883 555551
1077325 579548
1208885 636976
1256458 686251
1287643 720285
1466279 726561
1649539 729577
1658997 796604
1715017 812523
1745785 813477
895563 839545
1958835 891911
2020809 984448
35 35 32026293
327410188 29718747
324888323 27529618
315991440 18389821
323583278 11745406
330021020 15167325
319119694 5710633
342908638 31973105
335970770 6216028
326168272 31624264
342774604 15111798
344164818 7060652
326936839 23554471
332465786 11250469
325702689 24547069
329345706 3836662
338794770 16706563
317418524 15605423
340646970 5990914
322513306 23684338
329513307 17184907
330041372 741213
333705377 29112880
326698276 27182379
338123874 10714804
332344894 32024058
343729906 6977812
318277763 5049583
318563010 17948994
323430560 125191
313587990 13405486
344408070 1344039
325616874 1289152
332471795 19104052
327760026 7317582
323912157 4917249
202036 5285
2515537 64947
292645 65671
377633 69721
506215 79639
511387 83103
675024 278737
816922 283861
882625 293505
1440451 313733
1481198 319105
1627697 361326
1850117 378691
2097997 385651
2104547 397879
2129358 410531
2321497 434891
2349775 436269
2355619 437517
2381791 540849
2507491 541157
289825 549127
2567081 549936
2757713 592366
2845297 608793
2862445 672661
2945685 719477
2960755 778626
2964025 798775
3296397 883513
3307255 887646
3386881 890617
3420182 909529
3493873 916841
3557469 936478
35 35 376672408
213359918 74472209
361741942 23632364
75509609 150235537
70980729 128081767
415656545 112749742
354747506 42648621
293537216 64526529
99001466 24832945
188108326 5998849
396329099 36892496
295460793 142011806
332677898 220135681
209143293 361040001
105208182 335955957
126589128 267360017
88598362 266903968
238407513 1404735
194550220 188161672
124037080 111387570
337395616 98303837
76770268 268320079
235914033 20295593
64306604 152522551
362147011 97527473
53621296 205991501
422907218 234287307
119253768 160821701
96996442 367437036
405096048 143091345
100273184 6400881
175769882 36180371
111239736 5682849
74784689 204204673
266192642 223180426
327980014 344725578
251923 17125
1135633 17853
1184503 36851
2246379 92913
2959537 133089
6085203 255377
8281109 275485
8696761 300516
9191415 310337
11698157 351635
11938917 378977
13101155 390501
15856320 423186
16808312 435573
21053365 464496
22802285 470856
25629494 474261
26690737 479694
27035179 523525
28677629 531675
29166862 559115
30295553 617601
31020952 649644
31270327 650891
32243465 689530
33417382 737121
33594383 737185
34554073 752321
35893197 785981
38045037 804156
39012577 839541
40199513 909189
40766905 927481
41069250 929029
42372361 939352
