300 300
239 111 1
129 300 1
237 124 1
111 247 1
275 17 1
115 273 1
263 239 1
130 238 1
239 121 1
206 39 1
57 252 1
200 14 1
175 210 1
168 194 1
159 201 1
107 240 1
271 124 1
192 287 1
49 3 1
159 206 1
212 174 1
130 270 1
203 35 1
241 73 1
36 1 1
255 98 1
148 1 1
192 26 1
275 182 1
148 282 1
289 21 1
122 274 1
211 290 1
270 97 1
293 273 1
193 45 1
127 261 1
256 161 1
2 58 1
240 40 1
190 27 1
213 148 1
108 219 1
177 189 1
54 272 1
265 92 1
199 184 1
219 34 1
293 146 1
180 202 1
181 277 1
199 56 1
15 292 1
130 255 1
188 157 1
172 91 1
243 94 1
290 67 1
6 103 1
211 66 1
224 31 1
193 98 1
178 300 1
31 297 1
53 196 1
50 287 1
56 28 1
114 238 1
272 182 1
58 247 1
34 240 1
278 118 1
204 20 1
253 174 1
108 212 1
181 257 1
116 227 1
251 186 1
240 164 1
48 267 1
182 64 1
146 300 1
123 191 1
13 245 1
128 171 1
48 108 1
74 295 1
195 83 1
272 7 1
137 104 1
242 85 1
143 288 1
13 225 1
293 83 1
99 269 1
237 88 1
223 117 1
159 120 1
157 258 1
234 80 1
153 260 1
198 65 1
10 12 1
270 54 1
108 244 1
59 296 1
98 154 1
291 177 1
298 117 1
233 45 1
162 5 1
186 59 1
283 18 1
66 254 1
291 3 1
157 208 1
245 165 1
153 188 1
127 210 1
237 30 1
66 261 1
221 90 1
17 194 1
94 218 1
202 112 1
75 268 1
171 239 1
38 232 1
223 139 1
83 194 1
205 118 1
97 229 1
4 212 1
226 49 1
248 135 1
160 243 1
297 158 1
267 116 1
224 77 1
1 122 1
10 277 1
176 242 1
128 187 1
252 28 1
202 9 1
109 184 1
269 18 1
287 102 1
159 225 1
260 100 1
27 265 1
273 148 1
278 274 1
21 200 1
239 21 1
189 7 1
32 222 1
141 221 1
249 62 1
218 103 1
76 217 1
227 294 1
267 21 1
127 101 1
135 186 1
256 208 1
101 87 1
270 83 1
261 128 1
289 269 1
25 277 1
280 155 1
277 61 1
297 123 1
70 219 1
231 207 1
286 7 1
176 285 1
50 254 1
66 222 1
177 279 1
254 280 1
57 287 1
279 143 1
120 238 1
271 119 1
170 264 1
116 278 1
286 79 1
285 52 1
187 144 1
283 49 1
209 155 1
273 87 1
140 220 1
29 264 1
234 119 1
45 289 1
100 76 1
130 282 1
114 246 1
9 283 1
209 104 1
205 128 1
193 121 1
104 263 1
219 52 1
137 237 1
59 259 1
167 280 1
84 217 1
53 296 1
177 143 1
137 271 1
181 140 1
239 104 1
260 71 1
68 107 1
104 253 1
282 20 1
103 92 1
76 204 1
165 205 1
38 269 1
264 87 1
57 29 1
28 252 1
255 16 1
137 262 1
178 1 1
74 253 1
180 300 1
44 14 1
114 272 1
244 208 1
194 140 1
172 275 1
193 23 1
45 264 1
265 35 1
266 96 1
46 202 1
171 274 1
18 94 1
257 161 1
149 247 1
172 265 1
148 47 1
64 283 1
117 219 1
241 9 1
74 259 1
121 257 1
67 37 1
179 229 1
94 259 1
85 190 1
283 154 1
86 198 1
147 192 1
84 10 1
9 293 1
208 180 1
295 37 1
184 11 1
175 266 1
263 44 1
199 131 1
50 197 1
40 234 1
36 202 1
171 145 1
54 66 1
263 136 1
286 137 1
289 157 1
22 258 1
197 89 1
48 268 1
209 103 1
216 46 1
86 136 1
22 287 1
62 299 1
161 189 1
295 126 1
251 134 1
69 248 1
167 15 1
55 274 1
290 143 1
116 190 1
214 13 1
120 39 1
136 194 1
247 63 1
151 271 1
215 249 1
253 168 1
218 3 1
