3000 2849
1622 2140 1
2436 1442 1
2253 853 1
758 1222 1
2661 1509 1
2817 1346 1
166 2333 1
2938 119 1
1503 2656 1
528 2069 1
2726 986 1
1072 934 1
1061 2708 1
136 2018 1
2307 1668 1
2629 700 1
579 1932 1
1654 2284 1
1825 1770 1
467 704 1
862 2283 1
2689 1660 1
1810 2329 1
407 1986 1
1904 929 1
820 2615 1
1770 1855 1
1803 2153 1
2504 1415 1
1388 2706 1
2027 925 1
2242 1780 1
2814 2637 1
878 2531 1
615 2492 1
773 2386 1
648 1947 1
1566 2584 1
1770 1834 1
1481 2590 1
1057 186 1
438 2588 1
1757 2849 1
1819 1770 1
1404 2462 1
377 2349 1
818 2002 1
633 129 1
1783 2834 1
2669 596 1
306 2015 1
2423 31 1
988 2843 1
1770 1789 1
427 1978 1
2292 932 1
2862 1420 1
2550 1002 1
2690 525 1
1770 1834 1
2764 1961 1
1770 1798 1
1626 2998 1
1793 1770 1
2131 369 1
1637 2066 1
2130 520 1
3000 597 1
2420 1007 1
2996 736 1
2421 1404 1
2816 74 1
1892 2319 1
1320 2094 1
2307 799 1
1576 2609 1
1325 2237 1
1716 2279 1
551 2738 1
1091 2691 1
2898 1817 1
100 2409 1
2536 655 1
1860 2494 1
2999 398 1
172 2357 1
2041 2227 1
2274 510 1
1286 2158 1
2463 1150 1
2886 260 1
266 2406 1
1359 2347 1
781 2651 1
2054 1353 1
1059 2922 1
1765 2581 1
1753 2009 1
1825 1770 1
2673 488 1
1874 2083 1
2773 1266 1
881 2482 1
2446 217 1
109 2927 1
2409 1211 1
1635 2792 1
1418 2810 1
1742 2331 1
1249 2218 1
1938 1405 1
1563 2547 1
2626 970 1
2105 769 1
2680 1687 1
348 2498 1
2385 392 1
2923 2777 1
699 273 1
2054 1465 1
1770 1837 1
697 2364 1
1596 2005 1
1443 1759 1
139 2921 1
2257 1600 1
548 1166 1
571 2493 1
1446 2900 1
2207 715 1
1770 1847 1
2442 1378 1
752 2007 1
604 2444 1
2742 1438 1
2853 372 1
1770 1841 1
2787 579 1
2969 537 1
2278 270 1
1770 1831 1
147 2087 1
506 2278 1
2595 928 1
1928 1014 1
178 2344 1
2375 58 1
1176 1998 1
904 1927 1
2196 1476 1
1909 866 1
640 2863 1
2379 637 1
499 2184 1
2345 1997 1
557 2523 1
2592 1686 1
1602 2624 1
2041 530 1
337 903 1
2491 1743 1
2204 2777 1
2593 1025 1
672 2143 1
2960 1351 1
2623 627 1
2557 1224 1
2630 1695 1
2630 1781 1
362 2250 1
1631 2760 1
1740 2315 1
1912 1570 1
2047 1707 1
2458 1888 1
186 2377 1
2117 1756 1
1770 1855 1
2774 1214 1
2629 1887 1
2814 672 1
103 2617 1
1981 1299 1
2731 2573 1
890 2324 1
2823 110 1
1580 2316 1
324 2046 1
2231 2563 1
1114 1895 1
1251 2819 1
1404 2420 1
365 2608 1
837 2952 1
1193 1947 1
2857 1010 1
698 2973 1
428 2912 1
1199 2769 1
535 2471 1
949 2111 1
2297 1033 1
2223 1401 1
904 2860 1
2017 46 1
1035 2881 1
768 2335 1
2203 744 1
1732 2139 1
185 2911 1
1500 2663 1
31 2455 1
1877 2808 1
1770 1796 1
690 2902 1
1985 1068 1
1954 279 1
1383 2386 1
1248 2893 1
779 2668 1
2954 1451 1
1550 2214 1
2009 1225 1
2143 502 1
2478 910 1
1625 2181 1
115 2220 1
1730 1974 1
1743 2958 1
216 2442 1
2201 467 1
2992 1420 1
2394 902 1
1979 208 1
389 2885 1
1300 2256 1
1248 2232 1
2229 351 1
1777 2023 1
852 2178 1
2160 943 1
2935 884 1
2404 1174 1
522 1910 1
1948 1373 1
2241 1532 1
2031 1671 1
207 2731 1
909 2446 1
2720 1663 1
577 2744 1
2320 2302 1
1364 2386 1
2185 773 1
1227 2251 1
2429 434 1
2615 1120 1
1497 2272 1
4 2155 1
1792 1770 1
1236 457 1
1248 2068 1
1872 1770 1
1060 2668 1
1395 2452 1
1820 1770 1
2634 40 1
2525 1250 1
1871 1770 1
212 604 1
1243 2332 1
2227 1377 1
1696 2470 1
185 2265 1
2374 372 1
1689 2222 1
2771 323 1
2427 1821 1
2807 1301 1
2982 803 1
1770 1887 1
98 2423 1
1833 1770 1
1770 1854 1
2366 1434 1
2426 283 1
414 1107 1
358 2946 1
757 2353 1
1412 2624 1
1161 2047 1
198 1890 1
2965 205 1
2129 1781 1
908 184 1
2691 798 1
319 2225 1
1993 1222 1
2963 240 1
1205 2404 1
2205 686 1
1167 2780 1
2532 1477 1
543 2667 1
2036 1146 1
2049 1482 1
800 1442 1
101 2004 1
2516 1016 1
878 2092 1
2761 637 1
412 2025 1
1734 1696 1
2192 253 1
2364 713 1
280 2399 1
1988 236 1
2991 495 1
2643 555 1
750 2057 1
1770 1815 1
2436 162 1
602 555 1
1829 1770 1
2549 1410 1
2767 886 1
1791 2943 1
2898 1096 1
2512 242 1
2942 2414 1
1675 2469 1
2303 452 1
1596 2489 1
898 2855 1
351 2612 1
2149 1245 1
465 2536 1
10 2712 1
1852 2849 1
1162 2401 1
2929 2683 1
2961 271 1
2185 1033 1
2304 1179 1
2083 1002 1
1644 2945 1
2757 174 1
2942 1380 1
1875 1770 1
2860 1001 1
512 2758 1
1020 2249 1
1683 2388 1
2820 1477 1
2375 105 1
912 1246 1
2373 926 1
1773 1770 1
225 2769 1
2080 62 1
1715 2495 1
1257 2035 1
407 2148 1
95 2024 1
2083 1617 1
2955 877 1
1205 2152 1
915 2052 1
2625 1671 1
2287 735 1
1703 20 1
330 2622 1
2608 1582 1
2268 1297 1
1157 827 1
1924 1617 1
517 1980 1
1692 2760 1
957 1949 1
2776 1274 1
2453 1049 1
654 2610 1
2283 1853 1
229 2740 1
1563 2596 1
2230 96 1
2276 1393 1
1115 2204 1
1207 903 1
2584 1141 1
495 952 1
1343 2323 1
1276 2380 1
964 2300 1
2821 319 1
660 2559 1
2893 745 1
2066 1430 1
2367 1709 1
413 2435 1
837 2146 1
1806 2730 1
1057 2924 1
1005 214 1
1770 1865 1
49 2954 1
2904 1880 1
1963 1158 1
422 2598 1
1594 760 1
2659 2938 1
1373 2781 1
979 1931 1
2833 473 1
2309 1120 1
2864 1556 1
2411 966 1
2320 33 1
2874 1855 1
2546 1480 1
978 2333 1
1927 641 1
2437 628 1
1966 1062 1
2374 913 1
1505 2069 1
2753 471 1
2482 823 1
347 2381 1
2730 523 1
1986 216 1
757 2524 1
419 1926 1
2419 1587 1
2611 1266 1
586 1947 1
2888 1777 1
486 2517 1
2386 698 1
433 1937 1
687 2037 1
1787 2111 1
973 2405 1
1976 313 1
861 2418 1
2845 1776 1
2694 1325 1
2312 825 1
2750 1518 1
2687 260 1
1513 2239 1
297 2816 1
2265 1509 1
1561 2557 1
1578 2768 1
1904 331 1
1814 1833 1
1447 923 1
2260 1327 1
1654 140 1
746 2679 1
171 2425 1
2050 100 1
2745 852 1
1826 2081 1
2373 1249 1
942 1976 1
809 2311 1
1051 2274 1
2200 387 1
2642 1047 1
500 2718 1
778 2773 1
682 2889 1
1401 2215 1
2117 254 1
645 2077 1
780 1956 1
1840 1770 1
773 2841 1
1435 2338 1
504 2529 1
479 2117 1
793 1257 1
1511 1266 1
289 2928 1
158 2095 1
1614 1956 1
1688 2446 1
2351 1159 1
1778 2401 1
1954 968 1
2512 1377 1
2357 1316 1
1215 2585 1
1186 2728 1
604 2649 1
595 1968 1
2421 1692 1
2250 1877 1
406 758 1
2141 642 1
850 2963 1
2799 1207 1
2930 1603 1
180 1995 1
1770 1862 1
2899 1295 1
2551 1328 1
2865 1432 1
1744 319 1
2451 1231 1
2668 168 1
2992 1375 1
2609 1050 1
1845 926 1
255 1949 1
107 2817 1
2105 501 1
2181 536 1
946 2419 1
2352 1224 1
1937 640 1
1770 1787 1
2302 478 1
1614 1918 1
1913 1058 1
570 2584 1
101 2932 1
2012 745 1
2342 410 1
2967 1162 1
2568 2812 1
1309 2442 1
884 1894 1
2140 1626 1
2128 258 1
1497 2949 1
1876 2661 1
139 2939 1
639 2135 1
512 1973 1
2784 300 1
306 2100 1
1488 224 1
1846 2782 1
2628 1752 1
1774 1770 1
2810 2098 1
1294 2705 1
256 2461 1
2256 1641 1
2532 1820 1
2843 1417 1
1069 550 1
346 2258 1
2642 1251 1
2531 49 1
2982 944 1
573 2257 1
2341 1109 1
793 2727 1
1249 2430 1
1010 2978 1
2141 1290 1
519 2825 1
1142 1994 1
626 2682 1
1510 2155 1
409 2241 1
2491 342 1
2111 588 1
1553 2419 1
351 2523 1
1116 2517 1
1497 1960 1
1770 1832 1
83 1976 1
2738 619 1
1674 2969 1
1831 2732 1
2365 440 1
2131 212 1
683 2372 1
1834 1770 1
953 2991 1
2737 396 1
2984 1877 1
1154 245 1
1390 2130 1
418 2509 1
932 1902 1
2388 71 1
597 2493 1
2781 741 1
2998 95 1
2537 1837 1
2660 1819 1
2392 565 1
2293 656 1
2818 646 1
1261 2432 1
1980 602 1
2082 651 1
355 2111 1
2312 32 1
1601 2003 1
1032 2649 1
1599 567 1
1843 1770 1
919 2934 1
2017 1888 1
2307 976 1
1633 2157 1
559 2251 1
2707 1140 1
2587 2756 1
1853 1770 1
1980 324 1
1142 2141 1
41 2720 1
2639 1816 1
441 2974 1
194 2593 1
1990 528 1
2698 117 1
876 2887 1
2286 1359 1
2131 787 1
2283 2047 1
646 760 1
337 1992 1
2240 660 1
346 2439 1
2022 992 1
1948 1442 1
2244 690 1
1687 2614 1
1274 2313 1
2800 1722 1
2221 1381 1
2921 255 1
568 2048 1
574 2739 1
2402 237 1
362 2966 1
376 2149 1
2939 1286 1
1429 2709 1
1589 2078 1
1770 1781 1
595 2272 1
2675 1050 1
1789 2297 1
2971 1866 1
2306 901 1
1295 2225 1
1539 2824 1
875 1369 1
2977 1500 1
728 2277 1
220 2445 1
2786 170 1
638 2499 1
1944 1868 1
2823 1223 1
962 2879 1
2629 940 1
2680 2765 1
2706 255 1
2407 1461 1
69 2371 1
425 2701 1
2064 280 1
434 217 1
787 2874 1
1703 2998 1
2116 720 1
489 2689 1
2028 2 1
2221 415 1
1770 1868 1
1800 2810 1
2635 1609 1
2333 714 1
1884 1770 1
1152 2209 1
2143 1 1
870 2259 1
1441 2154 1
1768 2240 1
560 1922 1
1625 2652 1
2754 1232 1
2003 814 1
496 278 1
1161 1530 1
854 2200 1
251 2102 1
1831 1770 1
2525 283 1
324 2632 1
2900 2432 1
117 2204 1
2038 1694 1
1259 2296 1
2672 780 1
2080 1664 1
2793 830 1
2240 1528 1
1215 2902 1
2845 178 1
1753 2295 1
2823 269 1
2739 501 1
1238 2523 1
2855 317 1
487 2579 1
1749 2989 1
2931 298 1
2379 127 1
2796 76 1
1211 2982 1
1943 425 1
2954 576 1
2469 458 1
500 2805 1
2173 1303 1
854 2537 1
2425 1774 1
679 2899 1
789 2280 1
1564 2431 1
1933 993 1
1832 2392 1
914 2532 1
2149 1428 1
1001 1930 1
2117 147 1
2054 1023 1
659 2107 1
1306 2214 1
2514 478 1
1182 1068 1
2283 354 1
642 2166 1
1100 2091 1
1000 305 1
2872 1025 1
2890 1435 1
2473 248 1
336 2428 1
865 2909 1
747 2994 1
2928 1702 1
1033 1103 1
1421 2169 1
2899 613 1
1770 1866 1
2061 484 1
2061 1723 1
480 764 1
2637 171 1
839 2439 1
2139 1016 1
318 2710 1
2095 1367 1
417 2805 1
2628 677 1
1840 2529 1
804 2523 1
2932 10 1
2957 1471 1
1656 2234 1
2266 1737 1
1169 2655 1
2741 624 1
2988 1935 1
1301 2782 1
116 1535 1
367 2392 1
2321 1314 1
188 2635 1
2824 1884 1
1418 2263 1
2562 349 1
2176 1145 1
2554 1445 1
133 215 1
1281 1948 1
1486 2845 1
2312 1755 1
295 1958 1
1272 2557 1
611 2487 1
2113 1224 1
339 2706 1
2738 1436 1
2660 104 1
1077 2432 1
1958 1721 1
2286 1649 1
1932 312 1
1375 2180 1
2038 1766 1
123 2458 1
2924 438 1
1425 2116 1
2363 242 1
765 2395 1
2881 679 1
2098 606 1
919 2741 1
2624 1711 1
543 2222 1
767 834 1
2850 288 1
2519 1183 1
2044 1030 1
463 2333 1
1652 2085 1
2394 1596 1
2287 1390 1
2120 2048 1
2124 1633 1
536 2812 1
1141 2845 1
2806 1389 1
1178 1204 1
297 988 1
1566 2119 1
2836 1765 1
1136 355 1
533 2672 1
1796 1197 1
570 1774 1
1882 1696 1
2003 995 1
1937 378 1
1924 1093 1
2776 55 1
1761 1506 1
351 2769 1
1817 1770 1
2713 1163 1
1900 1355 1
472 2252 1
1841 1770 1
959 2259 1
1770 1832 1
256 1930 1
1119 2510 1
1320 2176 1
2252 117 1
2658 856 1
182 2387 1
1049 2711 1
2708 2585 1
1770 1836 1
995 2298 1
2353 261 1
2164 1807 1
1099 569 1
2974 491 1
228 2800 1
1931 842 1
1550 2504 1
2422 232 1
603 2016 1
1898 2839 1
976 2929 1
2554 1161 1
2348 1512 1
1034 2932 1
1487 2606 1
1770 1784 1
1644 2167 1
2067 190 1
1819 1770 1
2003 877 1
1967 2137 1
2070 1453 1
270 2714 1
2507 634 1
1947 1542 1
330 2795 1
2603 84 1
1775 1047 1
829 217 1
1453 2103 1
721 2834 1
2468 207 1
1288 2217 1
2704 1236 1
2719 1495 1
2192 1388 1
2008 1438 1
1770 1853 1
1849 1770 1
1001 2676 1
2351 827 1
1146 2653 1
722 2427 1
55 1963 1
2685 309 1
193 1938 1
1229 2396 1
1627 1460 1
2017 1841 1
2280 175 1
1689 2010 1
1313 2719 1
470 766 1
1911 1020 1
2253 2327 1
1998 1277 1
2572 886 1
2553 138 1
2188 1066 1
1824 1770 1
346 2329 1
84 2655 1
1151 1898 1
1368 2386 1
1689 2155 1
1817 2901 1
1827 2977 1
2741 1447 1
267 1933 1
2867 607 1
1770 1856 1
2378 2745 1
2423 1486 1
356 2309 1
648 2703 1
2658 452 1
1403 2363 1
635 2530 1
2678 781 1
2077 113 1
2244 124 1
2924 534 1
1726 2264 1
2268 170 1
2800 1855 1
2669 773 1
2912 656 1
235 2146 1
2283 1199 1
1770 1869 1
1993 1682 1
1446 2173 1
1301 2760 1
830 2397 1
1370 2173 1
1305 2372 1
581 2983 1
152 1970 1
2963 548 1
92 974 1
446 428 1
1001 2302 1
1854 2563 1
912 1974 1
1122 2807 1
941 2071 1
312 2109 1
1245 450 1
401 2787 1
853 2600 1
165 2555 1
2131 1019 1
1292 2034 1
2579 1427 1
2954 1710 1
1960 806 1
2737 1635 1
2061 1796 1
1189 1161 1
2970 1623 1
2656 642 1
342 766 1
812 2114 1
537 2528 1
2176 1378 1
975 2897 1
2756 1607 1
2538 1853 1
582 2784 1
1296 2114 1
1387 2296 1
2214 449 1
88 1202 1
151 2978 1
363 1910 1
2402 310 1
42 2510 1
2230 1389 1
1542 2845 1
969 1183 1
2385 1699 1
2539 244 1
725 2582 1
2720 1506 1
378 2746 1
1782 1770 1
1183 734 1
1671 2826 1
1013 2173 1
2314 1752 1
1439 2463 1
843 2307 1
2276 1161 1
1877 1770 1
1966 217 1
2372 1126 1
1246 2116 1
1558 2779 1
1326 1991 1
1065 2909 1
1868 2070 1
1775 2445 1
2951 1798 1
523 2426 1
1313 1319 1
1897 73 1
1901 177 1
2136 343 1
2179 839 1
2053 1106 1
2754 468 1
1840 2359 1
425 297 1
365 2915 1
2080 1912 1
2569 102 1
2550 40 1
1819 1770 1
2371 1651 1
2219 514 1
101 2928 1
2318 920 1
2310 1494 1
2362 1719 1
1845 2651 1
2913 809 1
1767 2893 1
1395 2949 1
411 1902 1
1284 2545 1
1169 2701 1
793 2378 1
519 2633 1
2929 390 1
1366 2210 1
1262 2788 1
2917 1622 1
840 2469 1
1836 2711 1
1158 2326 1
2145 1196 1
2607 1853 1
2591 1595 1
1057 1981 1
254 2805 1
2727 1041 1
1366 2286 1
1335 2111 1
2553 146 1
1881 1770 1
2108 1454 1
1902 1290 1
164 2793 1
2996 1176 1
448 2107 1
1770 1833 1
2978 1286 1
1556 2695 1
829 2187 1
688 2178 1
1902 1917 1
2287 731 1
1313 2429 1
2709 1507 1
546 1674 1
2098 1272 1
2353 1152 1
1770 1870 1
1711 2982 1
2989 1005 1
441 1941 1
926 2919 1
1341 2128 1
1065 26 1
66 2844 1
433 2270 1
2512 1733 1
666 1933 1
2455 1559 1
326 2994 1
2308 612 1
347 1985 1
599 2316 1
895 2685 1
49 1932 1
1699 2444 1
1599 2970 1
2464 1392 1
1000 2029 1
542 2758 1
2242 1436 1
962 2747 1
304 2028 1
241 2059 1
1229 2415 1
1672 2617 1
989 2555 1
2515 1586 1
2802 517 1
2778 257 1
2328 894 1
2465 1734 1
500 2571 1
2588 2097 1
1455 2104 1
2253 60 1
2192 1414 1
2346 1726 1
242 2609 1
2775 559 1
2432 1349 1
725 2327 1
1663 2991 1
2059 453 1
2682 1318 1
2522 443 1
232 2237 1
2519 1072 1
2991 735 1
1027 2294 1
2282 1636 1
1158 2380 1
2273 562 1
979 2611 1
297 2506 1
2617 1636 1
1034 2654 1
2035 881 1
2780 281 1
1353 2002 1
2913 1825 1
2697 839 1
1080 2156 1
2713 2580 1
2508 216 1
2207 1388 1
2570 149 1
2081 1047 1
809 2223 1
2926 1113 1
2494 341 1
583 2310 1
415 2069 1
1769 436 1
2983 862 1
189 1909 1
2109 1 1
2954 1103 1
821 2593 1
1832 2146 1
1284 2381 1
2202 1011 1
244 2347 1
1203 2498 1
2171 273 1
2510 1705 1
2860 609 1
1933 797 1
607 2927 1
2537 85 1
2637 204 1
1264 2500 1
1843 1913 1
1319 2135 1
2856 1219 1
1257 1996 1
581 2594 1
2627 860 1
2783 1420 1
2587 714 1
2464 89 1
2528 1661 1
2916 206 1
1800 2101 1
1589 2069 1
2758 1293 1
2492 290 1
1436 2955 1
839 2282 1
2390 399 1
2045 442 1
2245 1718 1
2066 690 1
53 2222 1
1154 2002 1
1770 1785 1
9 2933 1
2195 1072 1
372 2035 1
2101 670 1
2345 162 1
2217 1153 1
836 2025 1
2062 959 1
2808 1639 1
1770 1832 1
1790 1770 1
2902 1669 1
2241 691 1
377 1929 1
881 2767 1
567 2113 1
1954 32 1
2844 1854 1
2701 826 1
2257 1494 1
2249 854 1
1961 1518 1
1238 2070 1
2927 1488 1
2101 498 1
1925 861 1
2479 312 1
575 1991 1
1827 1770 1
1531 2898 1
2144 1336 1
2679 34 1
527 571 1
2655 512 1
1619 2835 1
1958 358 1
2740 332 1
668 2164 1
961 2036 1
2399 731 1
2829 1317 1
1997 647 1
2930 633 1
204 1900 1
2520 979 1
2527 546 1
2615 1793 1
2279 1798 1
2880 23 1
125 1957 1
1349 2375 1
2480 15 1
1992 680 1
1353 2472 1
1428 799 1
2222 1173 1
1393 2969 1
1549 1931 1
2836 703 1
2636 615 1
2474 716 1
2901 705 1
559 2867 1
1726 2619 1
1770 1783 1
2397 1551 1
1597 1963 1
1777 1770 1
2558 21 1
1718 2233 1
243 1998 1
2973 1043 1
1073 2491 1
1368 1598 1
2718 1362 1
1156 1962 1
1281 2429 1
875 54 1
2330 762 1
179 2000 1
528 2915 1
2314 551 1
2775 1519 1
1878 2841 1
176 2160 1
900 1632 1
1764 2187 1
2072 1531 1
2684 1783 1
2544 26 1
909 2340 1
2892 1860 1
2164 136 1
1813 1770 1
306 1919 1
14 239 1
182 2949 1
2740 1882 1
777 1065 1
1001 2675 1
2256 395 1
941 1894 1
1335 2501 1
2971 53 1
2146 1657 1
1103 2622 1
1289 2301 1
274 2826 1
2052 1772 1
74 2014 1
1574 2011 1
2464 2654 1
677 2279 1
768 2701 1
1062 2552 1
432 2203 1
1686 2531 1
906 2183 1
2372 1469 1
2999 1027 1
2612 2661 1
1869 2308 1
687 2678 1
2798 418 1
1857 1770 1
1584 2728 1
2643 1038 1
2267 684 1
1802 2870 1
2623 1535 1
2504 316 1
2854 1403 1
2375 364 1
2375 1228 1
1942 247 1
447 1242 1
2538 1429 1
2215 1633 1
1676 2275 1
2049 1183 1
2276 244 1
321 947 1
1960 1587 1
2687 510 1
1319 2249 1
2477 283 1
97 2358 1
2931 786 1
1579 2409 1
1599 2212 1
2991 904 1
2540 656 1
1338 2081 1
2325 1095 1
2005 1269 1
1022 2540 1
2033 1261 1
2483 543 1
2399 291 1
317 2793 1
2455 948 1
30 1515 1
2999 2983 1
1753 1981 1
1223 2610 1
461 2340 1
763 2378 1
2702 1586 1
2675 972 1
2279 1604 1
2832 366 1
1243 1648 1
2902 185 1
1904 1493 1
232 2556 1
2809 1238 1
2606 302 1
1325 2200 1
1370 1902 1
1724 2117 1
2297 1887 1
1784 1770 1
2237 1366 1
1986 1475 1
1646 2137 1
1775 1936 1
72 2624 1
1365 1187 1
441 1950 1
1343 2131 1
2641 174 1
1096 2217 1
2871 1251 1
1218 2120 1
2416 752 1
1355 2344 1
2069 732 1
773 2964 1
1406 2181 1
1612 2605 1
1339 2747 1
2642 869 1
2458 976 1
1490 2279 1
1248 2691 1
2812 1093 1
2039 1724 1
2789 2865 1
2748 1928 1
527 2248 1
226 1956 1
473 2948 1
957 2422 1
224 2322 1
394 2410 1
1875 2031 1
2450 1434 1
1294 2009 1
1770 1878 1
1174 2023 1
2199 1095 1
1004 1169 1
889 2612 1
516 2677 1
2056 1446 1
2465 593 1
695 2060 1
290 2206 1
811 1485 1
1376 2481 1
476 2639 1
505 1933 1
677 645 1
1334 2123 1
714 2233 1
24 2310 1
1770 1843 1
2200 1376 1
1770 1800 1
1148 2648 1
447 2775 1
2638 429 1
389 2925 1
283 2232 1
2302 1457 1
2394 1503 1
795 2036 1
618 2865 1
1363 2915 1
2069 536 1
1772 1770 1
2701 206 1
2778 100 1
2243 1840 1
1202 1952 1
1787 2016 1
1376 2791 1
1570 2205 1
106 2660 1
1770 1893 1
1109 2148 1
178 2717 1
2459 1432 1
2975 1013 1
1540 2252 1
360 2979 1
2400 400 1
571 2348 1
2768 167 1
882 2889 1
2524 512 1
2201 492 1
1959 461 1
1467 2190 1
1196 2967 1
2176 418 1
429 2886 1
47 2050 1
1422 2092 1
2500 94 1
2370 1040 1
447 2805 1
2821 1689 1
2182 1279 1
2844 768 1
827 2530 1
309 2823 1
548 2521 1
1152 2972 1
435 2049 1
1251 1960 1
2794 459 1
1432 1569 1
2073 502 1
2673 261 1
144 1920 1
1003 2195 1
858 2575 1
2186 1258 1
2739 1434 1
2906 303 1
1421 2204 1
2446 1516 1
2966 642 1
1504 2890 1
2150 177 1
2454 940 1
1336 2730 1
2681 297 1
2378 89 1
1102 2223 1
456 2006 1
2742 1217 1
1090 2979 1
989 2259 1
469 2398 1
1493 2964 1
2358 700 1
2662 1417 1
2096 1865 1
1292 1992 1
2842 1211 1
1612 2387 1
2679 348 1
67 2224 1
2318 1512 1
322 2866 1
2671 357 1
2696 1485 1
612 2674 1
2412 1362 1
39 2740 1
1418 2923 1
899 2084 1
2145 1104 1
1870 1770 1
2637 1426 1
1250 2751 1
2004 1347 1
2912 19 1
122 2571 1
2582 660 1
2127 1608 1
1775 1770 1
1003 2831 1
2725 269 1
2703 747 1
2689 1429 1
2428 812 1
315 2110 1
1783 2200 1
2910 1318 1
715 1905 1
625 2654 1
2865 82 1
2991 1892 1
1766 2128 1
1783 1770 1
1934 240 1
2303 109 1
2850 572 1
2168 2188 1
1111 864 1
3 2209 1
451 2590 1
1882 2949 1
2146 1636 1
1843 1770 1
2501 402 1
635 1911 1
1797 2627 1
2234 1800 1
2724 878 1
1565 1941 1
2366 1334 1
2220 45 1
1385 1905 1
657 2921 1
1486 2709 1
1707 2302 1
62 2407 1
1127 2199 1
2031 2202 1
2330 2329 1
1770 1790 1
88 2841 1
275 2616 1
132 1042 1
2545 897 1
2509 1829 1
1409 2470 1
175 2769 1
2894 26 1
2281 1694 1
2062 760 1
2909 144 1
347 2771 1
1770 1831 1
1770 1813 1
814 1187 1
520 2555 1
2880 82 1
319 2650 1
2270 1330 1
2555 311 1
1232 2209 1
2585 175 1
2863 1359 1
1892 1891 1
408 1989 1
2229 1621 1
1760 2212 1
2085 1350 1
2799 339 1
972 2690 1
2509 1032 1
430 2989 1
701 2979 1
1173 2023 1
1466 2969 1
108 2510 1
2013 1293 1
2279 454 1
2174 208 1
1906 342 1
2982 1415 1
1903 718 1
2806 131 1
2046 744 1
294 2725 1
2750 422 1
2998 4 1
543 2145 1
2058 349 1
783 2686 1
2836 1870 1
53 2898 1
2841 1612 1
2853 1642 1
1720 2155 1
1833 1770 1
1792 1770 1
1448 2900 1
2502 1126 1
2882 1615 1
1192 2653 1
1496 1928 1
1658 2906 1
980 2084 1
1628 2758 1
474 2999 1
18 1130 1
2282 1111 1
113 2496 1
2622 1767 1
1698 2925 1
2837 414 1
1074 2235 1
2265 1527 1
1507 2813 1
1150 2701 1
1704 1603 1
1887 1770 1
2820 275 1
371 2953 1
1466 1946 1
264 1041 1
2134 1629 1
2877 657 1
1914 1782 1
898 1910 1
1767 1948 1
1881 2496 1
88 2174 1
1455 2418 1
1033 2582 1
1071 367 1
348 2456 1
2683 28 1
2200 1594 1
431 1893 1
1973 922 1
2948 940 1
2489 834 1
1024 2797 1
398 720 1
1453 2222 1
432 2091 1
933 2390 1
2722 1718 1
2729 1279 1
1770 1871 1
1664 2655 1
929 2890 1
1249 2263 1
2337 1799 1
2594 1059 1
2541 324 1
2882 787 1
894 2165 1
1527 2622 1
1978 254 1
1444 2279 1
2831 240 1
624 2566 1
1760 2660 1
2887 2387 1
1907 716 1
2283 1855 1
1920 293 1
2881 632 1
1303 2409 1
2606 1627 1
17 2902 1
773 2452 1
2607 1172 1
667 2945 1
1280 2923 1
2507 2738 1
1100 2484 1
1997 397 1
1674 2028 1
898 2036 1
1142 2395 1
374 2202 1
2520 434 1
2286 1057 1
2305 682 1
2850 1551 1
1593 2189 1
881 1907 1
1462 2400 1
2275 632 1
2541 1883 1
1203 2871 1
402 2734 1
2815 1037 1
846 2396 1
168 2849 1
2767 837 1
1513 2129 1
2798 1286 1
2944 293 1
2039 1130 1
1907 572 1
1670 2138 1
1984 1292 1
2549 559 1
1154 1480 1
2630 625 1
1605 2628 1
2282 1357 1
2060 16 1
1236 2419 1
1500 2809 1
340 2220 1
1297 2937 1
1177 2922 1
122 2622 1
1464 2882 1
2736 870 1
1381 2289 1
2817 357 1
433 2544 1
2279 1560 1
202 2900 1
1842 2427 1
1972 626 1
780 2222 1
1770 1848 1
2982 244 1
1032 489 1
2267 1219 1
2907 565 1
2747 745 1
1840 1770 1
335 1131 1
2621 484 1
1587 2665 1
340 2287 1
2601 1368 1
1093 2909 1
2940 1398 1
2189 1345 1
592 2170 1
2696 516 1
564 53 1
2162 916 1
132 2458 1
2328 39 1
1912 894 1
1888 1770 1
36 2719 1
1456 2855 1
2162 251 1
1770 1876 1
948 2065 1
2991 1683 1
1942 462 1
1770 1783 1
2277 2127 1
2269 108 1
123 2513 1
973 2019 1
2748 1647 1
1444 2706 1
2788 1792 1
2311 909 1
1136 2993 1
721 2706 1
1840 1770 1
1269 2797 1
2097 1755 1
2813 1350 1
1059 109 1
219 2834 1
2838 640 1
2951 739 1
2723 297 1
1686 8 1
1692 444 1
2754 1536 1
2144 50 1
1770 1880 1
2834 2454 1
1975 213 1
1360 1965 1
1805 2987 1
1552 2554 1
2327 1760 1
2284 1260 1
1810 2733 1
2992 1080 1
1317 2692 1
2053 1893 1
218 2825 1
1592 2005 1
1833 2874 1
698 2441 1
1377 2724 1
1443 2040 1
88 2801 1
2214 1571 1
1649 2471 1
1819 1934 1
2926 1424 1
1992 931 1
2650 1496 1
320 2239 1
2277 5 1
79 62 1
1457 2873 1
134 2419 1
1439 2179 1
1176 2306 1
427 2907 1
2936 247 1
156 2143 1
2526 296 1
42 2338 1
1447 1923 1
1877 1770 1
941 2733 1
340 2489 1
1327 2461 1
1997 496 1
2588 1456 1
2388 1062 1
1777 1184 1
2778 949 1
137 2016 1
2378 1060 1
227 2645 1
1462 2678 1
222 2101 1
2003 1070 1
2712 1773 1
2511 134 1
1179 2345 1
1702 2095 1
499 2100 1
945 2763 1
2006 1271 1
1640 2425 1
2649 1037 1
2790 376 1
2541 1435 1
500 2253 1
1482 2473 1
1397 1988 1
2175 675 1
927 2372 1
36 2560 1
2519 718 1
2395 934 1
1819 2449 1
1374 2791 1
462 2321 1
468 1888 1
1244 1047 1
1346 2285 1
227 2734 1
2866 600 1
212 2961 1
2512 912 1
2752 795 1
2031 1152 1
2762 1578 1
2268 1598 1
2897 1018 1
2287 1519 1
337 2816 1
2827 35 1
2167 215 1
2561 1466 1
1770 1882 1
1016 2188 1
2732 1331 1
2535 564 1
954 2697 1
773 365 1
648 2641 1
2969 1783 1
1512 2968 1
1198 2163 1
1889 1892 1
1817 1770 1
2081 317 1
945 2440 1
2257 1774 1
2238 915 1
1085 2853 1
1770 1855 1
867 2424 1
293 2880 1
60 867 1
568 2596 1
2238 849 1
431 2007 1
798 2111 1
885 2435 1
864 396 1
1833 2944 1
870 2048 1
2748 2576 1
2713 1105 1
2436 219 1
608 2819 1
2924 1281 1
2437 1862 1
428 2437 1
2105 1641 1
959 1768 1
2611 1192 1
1218 2265 1
178 2622 1
925 2407 1
2694 662 1
1913 1866 1
1937 397 1
277 2267 1
837 2856 1
1921 1088 1
1537 2962 1
1770 1860 1
2712 1400 1
902 2442 1
1712 2101 1
75 2990 1
1116 2062 1
960 1967 1
1209 1904 1
1770 1810 1
2619 1229 1
263 1959 1
1203 2810 1
2986 376 1
2647 1924 1
2024 819 1
641 2992 1
848 852 1
1721 1686 1
1770 1798 1
2646 1547 1
313 2835 1
615 2310 1
594 8 1
2500 267 1
2793 1110 1
2287 1380 1
2887 1454 1
2717 85 1
1701 2223 1
1860 1770 1
2234 538 1
400 2342 1
2358 9 1
1856 2712 1
2909 71 1
1995 1847 1
2174 2962 1
2603 906 1
1442 1937 1
2643 651 1
2340 1685 1
1988 1951 1
1989 1239 1
425 2929 1
2497 1282 1
1597 2553 1
2084 1254 1
468 2765 1
2557 1670 1
1743 2955 1
1837 2014 1
1066 2359 1
907 2670 1
3 2731 1
1732 2285 1
2714 1351 1
2883 1784 1
1152 2914 1
1770 1829 1
304 2476 1
38 2252 1
2084 1792 1
2959 1665 1
768 2315 1
1043 2576 1
1848 1770 1
2683 439 1
1074 2923 1
1748 1980 1
2855 161 1
2912 1843 1
1986 1012 1
244 2317 1
2070 138 1
1321 2593 1
620 2864 1
2635 1465 1
2850 860 1
1882 2696 1
239 2196 1
2571 583 1
2811 707 1
2262 660 1
2460 1086 1
2811 954 1
1121 1961 1
1032 2276 1
2594 955 1
1297 2787 1
2960 670 1
2078 1205 1
1335 2207 1
919 2208 1
2621 717 1
1813 1128 1
2314 287 1
2786 519 1
849 2709 1
2634 674 1
2669 1747 1
511 2861 1
1158 2612 1
705 2622 1
1315 2039 1
2689 1530 1
2125 788 1
2346 597 1
2770 225 1
1832 2780 1
1379 2055 1
2031 1175 1
1736 2565 1
2200 875 1
2868 83 1
2304 507 1
2216 459 1
2688 193 1
2317 1097 1
2196 370 1
1748 2076 1
2106 314 1
2424 912 1
1999 5 1
2836 876 1
820 2066 1
1996 385 1
2751 14 1
1044 2793 1
2488 1554 1
2130 1196 1
2764 1741 1
602 726 1
2983 1819 1
1770 1802 1
836 2522 1
2501 251 1
1777 1770 1
1882 2514 1
2777 1813 1
776 2901 1
2597 1173 1
413 1648 1
1837 2939 1
212 2056 1
2664 1130 1
2964 69 1
1761 2822 1
1157 2398 1
500 1985 1
498 2294 1
463 331 1
1874 1770 1
285 2830 1
1592 2898 1
2262 735 1
2130 633 1
821 181 1
2922 675 1
2045 1480 1
2270 756 1
1502 2994 1
1241 2838 1
2481 440 1
1855 2140 1
2601 506 1
1770 1882 1
1826 1770 1
915 1955 1
1360 2488 1
785 2096 1
2405 345 1
1948 1320 1
2984 319 1
1507 2745 1
2716 808 1
829 1568 1
746 2197 1
896 2617 1
2132 295 1
905 2237 1
2577 1194 1
972 1912 1
1855 1770 1
2943 24 1
1315 2598 1
1671 2759 1
1248 1046 1
1523 2194 1
1770 1842 1
2316 1518 1
2583 1066 1
2966 814 1
462 2313 1
2816 1140 1
2824 392 1
1588 2169 1
1647 2623 1
1770 1888 1
2182 1635 1
281 1485 1
1007 2313 1
2461 1609 1
2431 2327 1
262 2433 1
2082 1790 1
1562 557 1
328 3000 1
2787 1829 1
2902 1124 1
1420 2841 1
635 2874 1
1976 991 1
1059 2821 1
1819 2825 1
1783 1770 1
1143 2167 1
2042 992 1
1952 1843 1
2971 623 1
2034 2953 1
15 2066 1
1063 2603 1
2269 295 1
622 2745 1
2760 414 1
2384 904 1
2434 733 1
2349 157 1
2600 424 1
2436 1406 1
2233 156 1
1410 401 1
971 2070 1
921 2807 1
2192 121 1
2014 587 1
2960 172 1
2551 229 1
1813 2294 1
2965 19 1
2714 597 1
1578 2793 1
1461 2761 1
2957 69 1
1360 2125 1
772 2790 1
1289 2828 1
2427 1302 1
1545 2567 1
1055 2518 1
2261 757 1
2876 216 1
1990 1497 1
807 2183 1
821 2425 1
2547 2232 1
2978 428 1
123 1836 1
1635 2117 1
504 2029 1
1517 2177 1
1770 1882 1
494 2810 1
2813 678 1
2548 247 1
1939 51 1
1790 2627 1
2293 1314 1
1589 428 1
1621 2254 1
851 1998 1
1770 1853 1
1313 2895 1
1018 1968 1
49 2349 1
533 2584 1
658 1984 1
2442 1370 1
1849 2240 1
2602 670 1
810 2736 1
1790 1929 1
630 1902 1
271 2385 1
42 2225 1
2498 1222 1
1918 940 1
834 994 1
2974 1646 1
983 2066 1
2718 499 1
470 2404 1
1354 2927 1
392 2170 1
47 2105 1
1011 2543 1
91 2361 1
1514 2506 1
2050 309 1
768 2660 1
1195 2281 1
2605 5 1
1806 1770 1
233 2616 1
691 2709 1
2331 1614 1
718 2947 1
2944 519 1
1270 2094 1
2193 213 1
1505 2805 1
1781 1770 1
829 2902 1
2602 1834 1
1636 1997 1
2798 1505 1
2705 550 1
2084 1208 1
1973 202 1
2147 852 1
893 2456 1
2447 508 1
1654 2941 1
1320 2122 1
2119 1406 1
1478 1907 1
2650 1798 1
2765 1922 1
1767 257 1
1951 650 1
2966 1644 1
1105 2623 1
2969 742 1
2834 867 1
355 1851 1
1791 2014 1
683 2693 1
1770 1819 1
2538 1321 1
1508 1862 1
90 2978 1
1946 578 1
329 2500 1
1192 2097 1
2069 1210 1
2051 1405 1
2947 2 1
1191 2883 1
2315 77 1
1575 2459 1
1935 895 1
1769 2979 1
988 2828 1
2299 1054 1
2436 1349 1
2455 1441 1
2701 104 1
2942 720 1
2776 1408 1
2623 848 1
916 2560 1
1258 2728 1
2444 750 1
2409 1045 1
388 1361 1
1937 1109 1
2129 1312 1
456 2160 1
995 152 1
942 2443 1
2022 1831 1
623 2512 1
302 2212 1
2015 1504 1
1884 2885 1
2462 1133 1
2212 1565 1
584 1970 1
1054 2580 1
2432 836 1
615 1653 1
547 1967 1
2301 129 1
1770 1837 1
2974 222 1
2429 623 1
2189 793 1
33 2302 1
2838 1460 1
1833 2638 1
1942 1501 1
2892 511 1
375 2118 1
2763 653 1
1834 2218 1
2029 1495 1
1791 1770 1
1770 1893 1
2150 940 1
2601 870 1
956 740 1
419 2764 1
2805 2481 1
2281 1674 1
2795 653 1
192 1898 1
2039 497 1
1770 1868 1
1770 1854 1
1725 2505 1
797 1943 1
1923 930 1
2010 400 1
2553 720 1
2436 479 1
1770 1819 1
695 2012 1
1164 2864 1
2850 170 1
564 2150 1
2500 847 1
1347 2922 1
1637 376 1
1790 1770 1
887 2683 1
2480 624 1
1770 1843 1
444 2144 1
2435 1724 1
1678 2131 1
2731 575 1
431 2879 1
2335 1352 1
1770 1800 1
1551 2964 1
293 2889 1
1460 2567 1
2360 44 1
2651 1169 1
862 218 1
1065 2696 1
521 2085 1
1249 2195 1
1912 1380 1
1262 2489 1
2144 18 1
1709 2433 1
596 2584 1
2912 910 1
392 2648 1
951 1903 1
1896 1430 1
1010 2295 1
137 2379 1
1747 1237 1
243 2769 1
20 2101 1
2759 280 1
1051 2562 1
2912 1917 1
540 2516 1
2126 841 1
1289 2141 1
57 642 1
751 2024 1
1937 217 1
2388 1226 1
294 1197 1
1770 1866 1
1770 1845 1
2269 924 1
1166 2405 1
2067 1384 1
2596 308 1
1864 2274 1
2943 382 1
2769 1287 1
190 2676 1
186 2508 1
1770 1855 1
1756 2300 1
747 2713 1
2753 447 1
35 2768 1
1438 2552 1
214 2298 1
1967 446 1
1523 2443 1
2926 308 1
828 2594 1
1527 2036 1
2165 598 1
1174 2437 1
2226 198 1
2962 747 1
2992 1768 1
1619 1175 1
661 2936 1
2252 1186 1
1164 2987 1
2094 560 1
726 2994 1
2216 160 1
1341 2557 1
2317 688 1
1770 1837 1
650 2975 1
546 2030 1
2593 600 1
2276 970 1
29 2083 1
2984 645 1
635 2990 1
1038 2649 1
2417 1131 1
1770 1787 1
2995 148 1
931 2329 1
401 2258 1
537 2566 1
8 419 1
1902 542 1
1931 1688 1
2313 1251 1
2585 467 1
2682 943 1
2914 1988 1
1117 2442 1
341 2487 1
511 2490 1
2147 247 1
767 1905 1
2495 1434 1
2213 362 1
2828 464 1
2765 710 1
1780 1770 1
2442 288 1
887 2141 1
196 2514 1
1210 2137 1
2356 213 1
1638 2229 1
2589 1240 1
1580 2275 1
1843 1972 1
968 1055 1
2087 1331 1
2586 1559 1
495 2360 1
2218 2993 1
1668 2233 1
897 2849 1
1882 1770 1
1807 1770 1
2125 1182 1
406 2246 1
2546 1299 1
2937 187 1
1498 2389 1
243 2329 1
2703 98 1
1770 1798 1
708 2011 1
1950 514 1
149 2435 1
1738 2817 1
1841 2332 1
331 2019 1
1634 1729 1
2059 666 1
2613 1062 1
2634 19 1
1052 2276 1
2235 612 1
1757 2016 1
2472 266 1
818 2934 1
2511 1374 1
1770 1799 1
2057 1632 1
2083 938 1
699 2159 1
2527 1147 1
538 2320 1
568 2248 1
1635 1562 1
622 2474 1
2513 1444 1
2210 1374 1
1871 2622 1
1670 2183 1
2535 44 1
1947 1633 1
1770 1805 1
2054 1824 1
2355 876 1
1156 2916 1
1043 1983 1
1923 1872 1
2877 1638 1
1767 1902 1
2880 1017 1
1857 2688 1
2847 1565 1
1848 2147 1
2173 1777 1
47 2136 1
1791 1770 1
1011 2053 1
2484 763 1
2867 735 1
2157 738 1
2067 269 1
1672 817 1
2329 1734 1
2953 1246 1
99 2848 1
44 533 1
259 1915 1
1449 2227 1
2453 1893 1
1980 516 1
2387 1461 1
782 2868 1
864 2191 1
1297 2653 1
1007 2481 1
1770 1803 1
1669 2993 1
2868 1520 1
2622 780 1
1301 2064 1
1288 2111 1
1103 2349 1
1001 169 1
1524 2305 1
52 2868 1
2723 941 1
95 2795 1
2247 1120 1
2087 2146 1
2215 1834 1
2960 653 1
7 2227 1
1596 2939 1
1816 1770 1
2452 1239 1
1864 1863 1
2849 801 1
2979 1751 1
2025 1533 1
2458 147 1
1216 2124 1
1652 2875 1
1576 2294 1
1961 1389 1
2435 1072 1
1112 2694 1
1454 2314 1
872 2899 1
2934 1626 1
1912 680 1
837 2320 1
2900 2930 1
2315 928 1
145 2808 1
2306 231 1
2664 1837 1
847 2410 1
1917 1198 1
2074 89 1
2423 1468 1
1781 1770 1
2843 801 1
1993 586 1
5 2579 1
2357 1298 1
2452 597 1
1781 2746 1
1707 2654 1
1299 2967 1
2891 8 1
1770 1877 1
2985 2598 1
838 2536 1
2711 828 1
2179 749 1
1461 2630 1
564 2914 1
2903 159 1
2203 1230 1
2841 1639 1
2229 618 1
589 2130 1
810 2193 1
2623 756 1
2607 2275 1
649 2436 1
664 2698 1
2418 2564 1
2717 1000 1
291 2533 1
353 2780 1
862 2549 1
2073 1442 1
2041 1098 1
102 2078 1
2436 1511 1
95 2443 1
1410 2233 1
1758 2277 1
1443 2628 1
567 320 1
2717 1005 1
1945 1432 1
771 2225 1
2862 1438 1
1536 1908 1
2542 51 1
1988 1245 1
2529 1272 1
2485 912 1
2611 1473 1
2648 1007 1
1409 598 1
2257 582 1
989 2263 1
2386 1649 1
2836 693 1
626 2412 1
2682 302 1
2173 1404 1
1903 235 1
1349 2848 1
353 2616 1
2306 489 1
2687 460 1
568 2450 1
100 2209 1
500 1951 1
2873 144 1
175 2874 1
738 1059 1
2611 1115 1
1906 223 1
744 2752 1
1962 951 1
2901 65 1
2294 105 1
1675 760 1
2014 716 1
2937 596 1
1774 1770 1
205 2654 1
413 1949 1
716 2116 1
2141 1245 1
900 2906 1
768 2681 1
926 2749 1
2760 2056 1
2859 2378 1
2405 1643 1
2357 1005 1
134 2413 1
2104 1189 1
1976 1825 1
1770 1777 1
2922 1657 1
971 2956 1
2697 1614 1
2588 1784 1
1833 2892 1
1566 1442 1
2568 898 1
2837 1383 1
2460 382 1
2822 911 1
2760 2900 1
1770 1821 1
521 1883 1
1104 2695 1
2553 1296 1
2352 888 1
2102 564 1
2534 711 1
2840 1242 1
1479 2996 1
2743 2531 1
2966 1592 1
359 2257 1
1396 2775 1
457 2918 1
2130 894 1
1815 2040 1
1735 2773 1
622 2724 1
2888 1103 1
1855 2147 1
1871 2839 1
2205 1272 1
2118 332 1
2469 1669 1
366 2481 1
1947 1025 1
2991 1631 1
269 2213 1
1770 1810 1
1632 2918 1
1997 1629 1
14 2841 1
1906 437 1
1800 1770 1
1319 2780 1
512 2008 1
2445 431 1
2016 727 1
2496 1009 1
2019 1552 1
2202 289 1
1387 2565 1
2795 1014 1
389 2068 1
1870 2981 1
529 1974 1
1985 876 1
1992 847 1
1924 1256 1
2249 2801 1
2955 1312 1
265 2135 1
2737 1785 1
1512 2049 1
2783 1679 1
312 2678 1
946 1917 1
1848 2217 1
583 1912 1
2311 235 1
210 2789 1
152 2866 1
596 2677 1
362 604 1
1147 53 1
2706 1070 1
2333 390 1
2403 426 1
342 2805 1
1504 2472 1
2005 72 1
2936 1831 1
1271 2032 1
140 2451 1
1302 1153 1
2990 1662 1
594 39 1
2484 772 1
2749 1480 1
27 1997 1
1979 1042 1
2384 1406 1
901 2772 1
2804 275 1
2918 1548 1
1430 816 1
1104 2091 1
794 2328 1
1093 2653 1
1371 2710 1
888 2432 1
1707 2276 1
2331 1644 1
2364 782 1
390 2103 1
1230 2046 1
2157 2866 1
1405 2630 1
1676 2578 1
