3000 3000
35 1590 1
736 876 1
215 1627 1
851 736 1
41 1463 1
661 2002 1
859 1729 1
736 849 1
287 2964 1
2394 480 1
2754 749 1
2058 596 1
2130 26 1
1643 2557 1
800 736 1
1049 675 1
600 1815 1
543 2660 1
794 736 1
2959 672 1
1587 187 1
723 2187 1
190 2932 1
2114 502 1
387 2694 1
2084 542 1
2003 708 1
2746 78 1
631 2476 1
29 1093 1
816 2603 1
34 2411 1
2733 166 1
563 918 1
2901 2165 1
1918 842 1
736 773 1
799 2143 1
2325 198 1
91 2909 1
877 2159 1
979 740 1
973 781 1
581 971 1
2990 834 1
2406 800 1
820 1070 1
1938 587 1
78 2154 1
11 2445 1
2779 820 1
2203 422 1
736 874 1
414 1298 1
145 2273 1
804 1622 1
168 2404 1
813 1030 1
1267 103 1
784 736 1
73 982 1
495 929 1
2805 621 1
1795 104 1
385 428 1
1177 333 1
366 2310 1
629 1280 1
1178 788 1
571 1839 1
2149 531 1
1623 228 1
2256 190 1
2914 14 1
414 1752 1
825 1043 1
133 2099 1
328 2420 1
225 2504 1
1949 686 1
1709 399 1
807 1609 1
1332 493 1
964 637 1
792 736 1
2797 2477 1
478 1710 1
517 1063 1
1732 804 1
1765 514 1
1671 642 1
261 2218 1
1682 297 1
545 2679 1
2890 58 1
1256 876 1
880 921 1
760 736 1
801 2485 1
736 846 1
402 1578 1
559 1075 1
806 2937 1
816 1707 1
1919 1256 1
1921 576 1
873 1219 1
2783 561 1
2665 228 1
1383 888 1
707 1266 1
1512 399 1
90 1833 1
1312 293 1
263 2153 1
347 834 1
938 358 1
736 881 1
1047 770 1
854 736 1
2032 153 1
1462 145 1
856 1077 1
1911 196 1
1449 2029 1
789 2165 1
736 884 1
2237 586 1
2768 188 1
2576 1559 1
562 1064 1
2932 76 1
2847 783 1
736 776 1
17 2982 1
2412 55 1
1421 163 1
882 736 1
296 1007 1
443 982 1
1672 413 1
1520 390 1
2214 334 1
432 2671 1
1430 42 1
2808 316 1
992 680 1
792 2653 1
492 1359 1
380 2053 1
815 1582 1
655 1686 1
789 1010 1
2126 112 1
2009 876 1
845 736 1
909 125 1
2103 1201 1
789 736 1
290 1724 1
885 1028 1
998 2505 1
2466 660 1
59 2501 1
2647 612 1
893 736 1
414 1916 1
873 2828 1
407 1564 1
1405 397 1
2238 2508 1
989 608 1
243 1585 1
1973 556 1
105 2557 1
1732 47 1
2340 201 1
2585 1255 1
220 2536 1
393 904 1
896 2589 1
357 1390 1
86 2407 1
736 845 1
1231 100 1
1143 678 1
808 736 1
775 2798 1
893 2618 1
2693 679 1
457 2940 1
820 736 1
632 2603 1
832 1687 1
858 1754 1
2525 734 1
734 2934 1
1561 287 1
322 1761 1
427 2834 1
580 1572 1
2798 419 1
1644 2269 1
528 2329 1
340 1733 1
736 810 1
858 1879 1
1741 631 1
2063 861 1
2207 57 1
907 11 1
679 87 1
744 736 1
2406 659 1
2559 43 1
2501 195 1
1782 315 1
160 2161 1
850 2766 1
856 1579 1
168 1796 1
2948 681 1
1248 370 1
149 670 1
1194 713 1
2713 431 1
1101 150 1
439 2006 1
2594 2080 1
2422 839 1
688 1861 1
194 1448 1
2826 1372 1
2678 561 1
1894 1352 1
2250 352 1
2654 708 1
405 914 1
509 934 1
866 1395 1
736 858 1
736 812 1
1036 550 1
60 1017 1
816 736 1
1473 1652 1
1073 443 1
841 736 1
444 2677 1
2439 783 1
1068 569 1
838 736 1
607 2722 1
736 882 1
1447 402 1
595 1312 1
2818 351 1
164 1678 1
1340 761 1
101 1113 1
736 790 1
1798 663 1
792 2416 1
2188 840 1
736 847 1
1776 539 1
2900 677 1
556 2619 1
805 2720 1
874 2228 1
842 736 1
1503 282 1
2730 724 1
217 2879 1
1554 334 1
478 2104 1
2253 808 1
442 2122 1
800 736 1
867 736 1
103 2231 1
115 1054 1
764 2922 1
83 2214 1
113 1383 1
736 821 1
2720 719 1
115 2695 1
2813 114 1
743 736 1
2444 915 1
2065 1473 1
131 1493 1
1630 581 1
616 2687 1
1407 1280 1
831 736 1
868 2644 1
736 875 1
369 1970 1
405 1053 1
1764 502 1
1363 545 1
736 802 1
2792 96 1
2359 620 1
1585 2430 1
417 959 1
231 1097 1
1102 401 1
479 1945 1
2727 827 1
752 3 1
1256 453 1
2527 51 1
630 1243 1
736 746 1
12 1872 1
1167 2530 1
250 1803 1
2029 398 1
1679 2615 1
495 2906 1
507 1645 1
363 1881 1
2263 803 1
2045 31 1
778 1261 1
602 2969 1
2845 2690 1
1759 431 1
503 1242 1
2643 394 1
672 2752 1
2991 16 1
469 1620 1
695 2094 1
736 833 1
525 1543 1
2382 186 1
736 799 1
926 272 1
2537 325 1
1994 365 1
568 2522 1
1549 178 1
685 1302 1
1267 857 1
392 1647 1
864 2012 1
491 1690 1
1016 480 1
808 736 1
376 2145 1
736 743 1
1938 483 1
804 1279 1
2061 654 1
1611 917 1
1563 2573 1
36 1874 1
1651 12 1
629 1817 1
343 2879 1
2654 735 1
351 1164 1
80 2795 1
736 793 1
1534 385 1
2065 2430 1
644 133 1
2650 507 1
958 868 1
1977 407 1
2740 602 1
2028 253 1
1804 257 1
1459 808 1
450 1629 1
219 1777 1
995 541 1
491 2369 1
283 1664 1
392 2872 1
689 506 1
842 736 1
2478 499 1
736 843 1
2865 782 1
1956 118 1
1105 825 1
578 1972 1
1527 13 1
2339 36 1
736 800 1
284 1614 1
180 1448 1
2087 397 1
1326 246 1
254 2488 1
725 2849 1
2320 854 1
1443 513 1
348 1195 1
748 2859 1
2534 21 1
1899 1 1
792 2703 1
11 2483 1
270 1239 1
2680 408 1
1788 1640 1
1841 238 1
2622 507 1
472 2551 1
674 1658 1
1259 643 1
2691 1266 1
2826 820 1
825 736 1
736 768 1
1102 293 1
3 2043 1
2804 581 1
2864 2315 1
1611 292 1
826 736 1
1842 60 1
2121 7 1
894 1934 1
1472 336 1
825 1214 1
2488 750 1
1825 326 1
649 1032 1
1221 2103 1
2674 505 1
443 1241 1
801 736 1
454 1670 1
1630 230 1
843 2995 1
354 2382 1
2721 703 1
1232 767 1
1682 50 1
260 2904 1
121 1071 1
577 2836 1
2853 579 1
736 865 1
361 1434 1
692 2188 1
956 954 1
84 1720 1
1417 638 1
1826 670 1
223 1597 1
381 1557 1
837 2378 1
1047 517 1
927 2572 1
967 72 1
626 2031 1
2050 607 1
1815 296 1
736 894 1
926 132 1
639 1585 1
17 2197 1
2406 2023 1
32 2846 1
364 1480 1
757 736 1
551 2862 1
2723 73 1
736 831 1
571 1340 1
488 2829 1
605 1869 1
2599 13 1
736 883 1
374 1129 1
741 736 1
2552 243 1
484 1295 1
2380 770 1
736 879 1
743 2954 1
2248 173 1
1766 680 1
1942 277 1
748 2336 1
551 1196 1
2358 49 1
736 789 1
709 1440 1
119 1790 1
2519 58 1
2377 749 1
630 2520 1
736 753 1
1630 193 1
331 1859 1
992 798 1
377 2271 1
2808 229 1
255 2566 1
2349 733 1
19 1975 1
780 2222 1
631 2305 1
1 2530 1
2525 720 1
881 1228 1
249 968 1
736 900 1
1450 73 1
135 2080 1
60 1398 1
2562 835 1
818 736 1
806 736 1
1798 625 1
736 889 1
1101 578 1
441 1164 1
745 736 1
352 111 1
858 2570 1
1835 209 1
1930 389 1
486 1025 1
855 736 1
802 2662 1
722 2603 1
195 2116 1
793 1884 1
684 1985 1
579 2445 1
782 736 1
319 849 1
2399 102 1
816 2317 1
755 736 1
748 736 1
2108 844 1
245 2429 1
2800 2343 1
879 2447 1
2970 199 1
644 1382 1
501 2037 1
569 2600 1
1038 82 1
776 736 1
279 2404 1
291 2185 1
93 1131 1
861 736 1
497 2697 1
820 2077 1
915 776 1
772 736 1
1626 319 1
287 2098 1
340 2650 1
873 2524 1
1052 876 1
2738 529 1
1141 258 1
791 2753 1
2450 780 1
424 1814 1
736 816 1
736 801 1
736 873 1
1947 898 1
736 774 1
308 2274 1
319 1494 1
2200 276 1
736 790 1
451 1194 1
2365 301 1
58 2558 1
1945 1826 1
1024 2017 1
1703 1597 1
932 915 1
179 2846 1
501 971 1
627 1109 1
573 1325 1
736 770 1
1930 808 1
825 2961 1
736 842 1
868 983 1
736 816 1
736 871 1
1183 2 1
2596 2537 1
1575 766 1
344 2521 1
350 2292 1
261 2796 1
2948 335 1
208 2340 1
2832 2189 1
805 736 1
748 1078 1
2754 604 1
422 2946 1
1366 583 1
196 1261 1
1974 1168 1
900 2694 1
749 736 1
621 2034 1
786 736 1
880 736 1
556 1111 1
1034 851 1
170 2944 1
2551 497 1
2551 540 1
249 1672 1
891 736 1
2879 372 1
2518 173 1
993 856 1
237 1923 1
127 1277 1
2275 33 1
819 1796 1
2924 311 1
637 1938 1
193 1014 1
939 1068 1
2870 630 1
677 1233 1
2506 341 1
146 1097 1
829 736 1
1353 584 1
1141 193 1
32 1362 1
876 1239 1
1987 308 1
1465 963 1
736 860 1
1032 463 1
712 2115 1
2245 338 1
1280 20 1
788 1465 1
93 1867 1
29 1193 1
962 853 1
736 754 1
876 2289 1
2256 714 1
2308 699 1
736 833 1
2427 561 1
2763 687 1
609 1563 1
858 2780 1
664 1141 1
187 2026 1
764 736 1
1235 700 1
890 736 1
736 764 1
614 1201 1
2099 875 1
1578 412 1
134 2487 1
2900 218 1
783 1757 1
173 1619 1
1893 1197 1
848 736 1
1360 861 1
884 1270 1
736 778 1
1668 603 1
1766 1723 1
858 736 1
436 2498 1
2951 193 1
1371 343 1
1004 638 1
684 1359 1
736 868 1
1200 298 1
908 17 1
762 2023 1
6 2156 1
2191 795 1
1131 841 1
788 736 1
2112 459 1
530 938 1
777 2488 1
542 1980 1
608 2027 1
300 1370 1
2961 553 1
2930 119 1
2201 714 1
1965 343 1
285 1010 1
1933 546 1
1708 421 1
879 2482 1
2884 357 1
151 2551 1
745 1308 1
2194 383 1
2163 240 1
1432 182 1
736 804 1
72 2345 1
518 2626 1
797 736 1
1803 459 1
550 1281 1
262 1388 1
2428 1713 1
784 2730 1
736 764 1
806 1335 1
838 736 1
2474 331 1
588 1779 1
2496 264 1
331 1703 1
858 736 1
2966 757 1
391 1321 1
846 736 1
2173 2166 1
831 2963 1
154 1429 1
152 2013 1
363 2903 1
607 1097 1
736 842 1
518 1842 1
2856 178 1
583 2661 1
116 1179 1
2623 306 1
769 736 1
932 2177 1
1911 573 1
2444 117 1
1346 436 1
261 2237 1
534 2920 1
1826 472 1
2442 825 1
2824 536 1
1719 693 1
1623 316 1
1579 598 1
2264 224 1
946 22 1
769 736 1
2166 110 1
2266 396 1
1712 214 1
1302 835 1
2635 108 1
736 791 1
2397 313 1
1091 595 1
2518 368 1
909 5 1
477 1124 1
1125 302 1
872 1036 1
741 2765 1
63 2022 1
1539 493 1
1266 220 1
1746 643 1
766 736 1
97 2331 1
831 989 1
289 1002 1
2094 344 1
1394 756 1
246 2608 1
2816 265 1
491 1531 1
1348 69 1
397 986 1
132 913 1
812 905 1
1997 40 1
550 911 1
777 736 1
62 2764 1
1635 51 1
2403 143 1
399 969 1
2960 29 1
24 2680 1
845 1862 1
1043 863 1
393 1106 1
615 1924 1
12 2430 1
885 736 1
443 1215 1
480 2218 1
1482 2230 1
1978 701 1
739 2621 1
2893 360 1
846 1399 1
254 2499 1
300 1510 1
79 2031 1
423 1520 1
1898 295 1
798 736 1
336 1030 1
588 1111 1
826 736 1
203 1053 1
653 2714 1
243 2062 1
2 1905 1
1282 457 1
203 1209 1
2681 524 1
1301 882 1
1908 595 1
493 2525 1
1511 882 1
361 1226 1
1399 2173 1
1227 655 1
736 892 1
2972 886 1
1536 2241 1
2847 344 1
8 1858 1
2630 27 1
2201 351 1
876 736 1
798 1411 1
2711 1047 1
630 1477 1
987 305 1
759 2404 1
723 1035 1
2723 704 1
736 889 1
736 812 1
587 2548 1
736 777 1
1934 764 1
114 2769 1
83 1138 1
791 1972 1
93 2189 1
127 2041 1
890 2883 1
784 736 1
898 2613 1
444 2732 1
39 1156 1
244 1449 1
1998 179 1
388 1670 1
2935 612 1
736 898 1
565 1793 1
234 2747 1
1389 211 1
690 2533 1
2026 150 1
1990 741 1
2430 797 1
897 736 1
285 1925 1
2307 1131 1
858 2709 1
842 2607 1
863 736 1
1443 1015 1
807 736 1
376 1127 1
977 151 1
799 736 1
1805 221 1
863 2681 1
718 1844 1
2814 267 1
519 1249 1
1597 2089 1
2554 519 1
858 2160 1
1094 670 1
1463 416 1
1227 592 1
840 1630 1
2485 25 1
736 783 1
683 2626 1
2753 382 1
736 738 1
1863 815 1
2508 357 1
2503 725 1
2910 256 1
1475 485 1
2062 806 1
1417 189 1
739 1399 1
288 2641 1
2164 624 1
1710 76 1
1237 771 1
1444 351 1
556 2814 1
374 1625 1
1604 515 1
772 736 1
2688 242 1
837 736 1
746 1292 1
1464 95 1
727 2100 1
1074 1644 1
927 382 1
2442 710 1
2772 1453 1
670 1989 1
466 2863 1
1660 609 1
267 2516 1
489 2491 1
409 2664 1
504 1610 1
290 2502 1
2828 175 1
784 736 1
1192 415 1
194 2329 1
1061 431 1
108 1906 1
605 2934 1
820 736 1
463 1412 1
2337 242 1
2939 820 1
2726 358 1
1555 847 1
2508 131 1
2222 2654 1
678 2947 1
1106 349 1
1175 486 1
890 1882 1
1259 106 1
548 2788 1
2711 231 1
281 1582 1
2520 221 1
2691 562 1
1533 171 1
736 757 1
2696 158 1
2808 438 1
736 769 1
2419 4 1
600 2561 1
2610 624 1
740 736 1
736 842 1
1756 487 1
1981 4 1
736 759 1
270 1525 1
736 771 1
423 2971 1
2778 727 1
849 2563 1
1236 183 1
1625 226 1
2961 868 1
736 792 1
1209 194 1
2058 55 1
1741 555 1
423 1891 1
83 1655 1
2589 598 1
2657 744 1
836 736 1
692 1412 1
712 1562 1
2160 2199 1
795 736 1
2252 159 1
318 640 1
1343 358 1
165 2067 1
1169 860 1
528 2588 1
611 1754 1
919 1 1
1078 847 1
1657 299 1
2560 323 1
820 736 1
2199 226 1
511 1507 1
810 1065 1
472 2733 1
881 736 1
1122 445 1
445 2734 1
378 2467 1
2731 572 1
2369 487 1
1025 981 1
37 1524 1
1841 74 1
2574 732 1
655 2146 1
511 2615 1
821 736 1
147 2856 1
980 812 1
2171 455 1
469 2270 1
2525 561 1
736 866 1
2501 2115 1
757 736 1
226 1536 1
2997 181 1
736 748 1
2693 348 1
591 1050 1
738 1449 1
2350 35 1
214 1310 1
6 1789 1
688 2785 1
7 2031 1
2326 279 1
301 1530 1
2756 238 1
1163 2251 1
761 736 1
1925 233 1
809 736 1
1808 1012 1
64 1079 1
2518 111 1
820 736 1
953 653 1
797 1898 1
1968 178 1
2386 885 1
322 1996 1
1764 799 1
411 2543 1
743 736 1
2940 2711 1
2733 671 1
2658 67 1
629 2077 1
847 2724 1
854 736 1
485 1019 1
1011 517 1
732 188 1
808 736 1
807 736 1
736 857 1
728 1689 1
1181 110 1
2633 41 1
2249 252 1
2895 910 1
742 736 1
707 1745 1
2088 2164 1
1074 22 1
2581 342 1
759 132 1
2498 706 1
736 799 1
861 736 1
2169 78 1
1004 99 1
108 2608 1
736 767 1
1765 496 1
719 2449 1
2443 502 1
2677 774 1
393 1633 1
736 741 1
1945 822 1
685 1746 1
601 1960 1
1411 2543 1
2814 381 1
455 2247 1
2383 17 1
1293 702 1
368 2589 1
826 2111 1
2808 1761 1
1278 583 1
1061 585 1
736 737 1
834 736 1
593 1098 1
1867 2582 1
2487 391 1
1428 298 1
39 2912 1
1653 514 1
2911 1395 1
1420 330 1
539 2106 1
1890 1311 1
848 1943 1
2733 527 1
309 1757 1
2029 666 1
2218 1599 1
797 1148 1
2133 1909 1
33 1605 1
998 316 1
405 922 1
2235 292 1
2493 683 1
1602 2059 1
2367 572 1
1715 2271 1
2616 471 1
63 1971 1
966 131 1
2729 498 1
247 2503 1
2154 842 1
1256 520 1
825 736 1
942 246 1
2494 385 1
2057 34 1
1124 599 1
1447 161 1
736 791 1
2703 534 1
736 874 1
431 1120 1
1599 829 1
628 2007 1
2978 250 1
446 1684 1
577 1110 1
480 1641 1
187 2042 1
1102 702 1
2936 147 1
2827 2252 1
2761 182 1
1834 47 1
1222 748 1
196 1177 1
399 2850 1
556 2798 1
676 2506 1
547 1447 1
303 2031 1
2637 776 1
1884 51 1
2482 463 1
1481 2408 1
736 773 1
1432 234 1
579 2330 1
206 2715 1
757 736 1
276 1038 1
748 736 1
658 1469 1
736 835 1
2862 515 1
2931 106 1
428 2262 1
591 1274 1
581 1614 1
339 1175 1
923 639 1
589 1090 1
167 1971 1
2803 469 1
728 1195 1
2589 424 1
1378 363 1
1169 257 1
300 1930 1
1713 473 1
736 806 1
1585 98 1
48 1121 1
2742 405 1
533 1473 1
456 933 1
2801 345 1
795 2997 1
1070 2417 1
51 1325 1
600 746 1
1313 717 1
72 1890 1
652 2419 1
2518 696 1
2479 556 1
778 2698 1
2785 744 1
587 1597 1
1172 795 1
351 1697 1
206 1279 1
2222 171 1
836 736 1
2600 694 1
764 736 1
756 736 1
38 2535 1
1043 397 1
388 1008 1
688 2473 1
1152 424 1
2204 595 1
900 2867 1
685 937 1
963 305 1
435 1107 1
222 1941 1
856 736 1
426 2087 1
546 2057 1
802 2066 1
2228 833 1
670 1331 1
2109 453 1
1000 699 1
2444 611 1
382 1001 1
1668 613 1
1608 799 1
2065 196 1
2436 285 1
481 2678 1
1573 158 1
2848 12 1
122 1969 1
1350 564 1
2309 648 1
795 2192 1
1683 211 1
666 1496 1
369 157 1
345 2375 1
736 868 1
1567 264 1
2266 574 1
2543 2249 1
499 2474 1
475 1191 1
728 2456 1
2527 58 1
49 1757 1
2255 289 1
946 241 1
744 2958 1
447 2044 1
1994 154 1
1364 772 1
1694 859 1
2970 894 1
502 1473 1
587 2950 1
736 2066 1
849 736 1
962 717 1
869 736 1
488 1811 1
267 1804 1
863 736 1
636 1708 1
1744 822 1
736 886 1
1167 204 1
269 2310 1
2645 404 1
582 1536 1
252 2067 1
1461 168 1
368 2849 1
2481 384 1
327 2923 1
269 2032 1
1863 665 1
638 1459 1
1059 241 1
915 925 1
1399 492 1
745 1578 1
999 285 1
348 2476 1
1758 291 1
2502 632 1
563 1720 1
2057 731 1
2544 676 1
2700 526 1
377 2855 1
630 2253 1
1864 236 1
2719 700 1
2137 423 1
2387 373 1
638 2799 1
2902 874 1
588 1796 1
890 736 1
208 1688 1
564 1997 1
380 1727 1
567 2857 1
391 2305 1
275 2222 1
861 736 1
1371 20 1
537 2341 1
2764 79 1
1411 716 1
640 1775 1
429 2640 1
420 2871 1
925 2482 1
582 1991 1
905 493 1
1379 543 1
2113 139 1
2566 654 1
305 1093 1
2707 414 1
836 1737 1
586 1645 1
2595 91 1
783 736 1
1404 24 1
445 1400 1
474 2449 1
2908 587 1
527 1064 1
1240 230 1
1992 464 1
272 2592 1
823 736 1
39 1285 1
2485 143 1
736 768 1
141 1501 1
82 1112 1
823 736 1
228 1756 1
106 1183 1
833 736 1
232 1887 1
2548 20 1
523 2130 1
1927 1231 1
1118 2156 1
2245 577 1
368 2289 1
1672 215 1
864 1226 1
2532 2943 1
1682 370 1
199 2950 1
1097 897 1
1427 271 1
2453 1907 1
315 1995 1
2111 2552 1
431 1168 1
2523 95 1
1993 1486 1
2410 546 1
410 2234 1
910 793 1
1734 620 1
873 736 1
509 1043 1
1683 514 1
2063 518 1
1159 512 1
2153 753 1
788 736 1
1668 32 1
2609 975 1
1742 2065 1
1508 789 1
810 1492 1
701 1367 1
84 2590 1
160 914 1
819 2133 1
2436 412 1
2971 589 1
1687 655 1
442 2990 1
605 919 1
736 876 1
1240 427 1
736 753 1
763 1209 1
736 872 1
773 2595 1
552 1606 1
698 2905 1
958 214 1
885 736 1
1037 824 1
1064 204 1
705 1728 1
1680 1331 1
2657 476 1
429 1449 1
59 1604 1
764 736 1
736 744 1
1493 434 1
626 2983 1
165 1007 1
736 789 1
1875 220 1
2284 1467 1
1335 443 1
2964 137 1
788 1462 1
768 2391 1
736 894 1
897 2038 1
317 1637 1
581 2123 1
736 895 1
362 2630 1
427 1207 1
1160 71 1
2088 566 1
2890 278 1
960 676 1
690 1434 1
736 765 1
769 1039 1
2695 777 1
2892 743 1
1879 1097 1
2994 349 1
874 736 1
632 1404 1
2548 591 1
842 736 1
632 1672 1
2045 760 1
2300 747 1
2587 736 1
554 2120 1
821 2735 1
133 2767 1
732 2234 1
2559 104 1
1173 363 1
1924 2557 1
481 1251 1
2695 795 1
604 925 1
2491 332 1
736 771 1
736 780 1
183 1757 1
736 869 1
1517 261 1
784 736 1
1480 1218 1
1389 753 1
598 1648 1
81 2824 1
1778 439 1
825 736 1
2703 2290 1
2597 413 1
789 736 1
731 1425 1
2012 660 1
1602 550 1
492 2173 1
736 767 1
522 1713 1
672 1005 1
286 838 1
520 2473 1
566 980 1
301 1836 1
957 85 1
2702 755 1
755 2425 1
2198 3 1
48 1584 1
264 2103 1
2948 130 1
52 1917 1
1969 244 1
81 2773 1
292 1123 1
230 2632 1
2510 2956 1
1543 838 1
640 2025 1
2232 360 1
672 2950 1
595 2076 1
1358 147 1
1635 790 1
677 437 1
881 2139 1
25 2924 1
834 2178 1
764 2666 1
736 863 1
736 856 1
143 1452 1
2654 332 1
476 2797 1
812 1904 1
248 2125 1
2992 264 1
74 1366 1
1980 345 1
2264 499 1
325 2834 1
1891 184 1
736 828 1
733 1663 1
799 2704 1
1136 393 1
2110 875 1
130 1889 1
1745 122 1
1902 853 1
2581 668 1
2766 710 1
384 1095 1
1142 81 1
475 2704 1
848 736 1
607 1069 1
893 1948 1
1606 538 1
2847 258 1
883 2966 1
1696 871 1
1092 323 1
598 2467 1
1894 872 1
193 2765 1
630 2054 1
131 2782 1
2541 120 1
836 736 1
736 823 1
2008 79 1
980 1489 1
2294 830 1
303 2464 1
1268 136 1
1339 825 1
778 2810 1
826 736 1
2629 231 1
2754 575 1
900 295 1
737 2894 1
1596 115 1
2197 271 1
876 736 1
1847 482 1
2661 515 1
1013 367 1
2026 662 1
852 1934 1
522 2802 1
736 799 1
772 736 1
43 2398 1
68 2185 1
470 1323 1
949 202 1
1809 239 1
1787 256 1
1605 543 1
191 1083 1
2434 1243 1
799 736 1
384 2893 1
530 2816 1
799 2844 1
458 2288 1
718 1703 1
144 1138 1
1115 1025 1
1200 771 1
2369 2267 1
862 736 1
2329 321 1
190 1627 1
999 1717 1
778 736 1
1370 2741 1
501 1016 1
354 295 1
30 2783 1
864 736 1
643 1600 1
342 2259 1
575 1301 1
2006 461 1
597 1573 1
913 899 1
1622 720 1
1211 279 1
647 1942 1
736 1497 1
2161 634 1
2926 509 1
522 1420 1
1895 544 1
2640 2983 1
1407 187 1
2217 245 1
1557 1792 1
778 2272 1
1750 267 1
1629 146 1
777 1442 1
1846 554 1
736 840 1
1309 643 1
736 741 1
780 736 1
2535 817 1
770 2503 1
2681 593 1
882 736 1
220 300 1
120 2839 1
500 1798 1
2591 344 1
736 827 1
41 2814 1
210 1368 1
927 416 1
1272 869 1
555 1291 1
736 763 1
1832 1392 1
2902 801 1
598 2305 1
2043 48 1
2411 77 1
589 2475 1
1814 611 1
2187 325 1
326 1384 1
736 808 1
1255 391 1
507 2132 1
107 2369 1
956 2260 1
601 2807 1
2457 778 1
818 1292 1
71 1020 1
219 940 1
888 2597 1
736 853 1
851 2050 1
842 2399 1
486 1563 1
2791 552 1
2524 862 1
736 852 1
596 2895 1
320 2861 1
801 1770 1
1195 171 1
700 480 1
362 2717 1
1574 483 1
2797 722 1
781 736 1
490 1519 1
823 2058 1
749 736 1
554 1123 1
1419 195 1
1547 473 1
242 1247 1
555 2145 1
809 1107 1
1009 140 1
736 894 1
1526 554 1
306 1121 1
241 2914 1
1625 550 1
736 822 1
201 2585 1
2642 2127 1
1249 193 1
736 775 1
736 804 1
2773 458 1
575 1049 1
275 2105 1
2000 599 1
1387 825 1
93 1918 1
1157 493 1
726 2308 1
279 1295 1
736 739 1
2782 2363 1
2642 342 1
736 879 1
2449 860 1
571 2215 1
2211 71 1
679 2042 1
143 1673 1
657 1794 1
1228 604 1
567 1622 1
1202 1081 1
1435 463 1
2443 2342 1
205 661 1
1202 422 1
38 1175 1
277 2137 1
1737 304 1
1808 1474 1
1527 871 1
2562 766 1
2745 63 1
1954 2315 1
2716 337 1
1354 338 1
230 2273 1
1867 539 1
1744 894 1
80 2669 1
368 1834 1
543 1011 1
2055 1305 1
886 736 1
1076 91 1
2531 465 1
2672 162 1
822 736 1
837 2037 1
1577 218 1
2649 807 1
397 2996 1
1136 2013 1
268 1213 1
2533 602 1
2893 37 1
736 797 1
1872 42 1
851 736 1
1074 175 1
1418 1917 1
580 1271 1
487 2928 1
155 2180 1
2375 787 1
2646 692 1
1061 293 1
837 736 1
1856 1804 1
2827 464 1
2468 219 1
822 736 1
1624 2815 1
784 1131 1
1251 248 1
146 2641 1
736 861 1
849 2067 1
363 2542 1
1146 793 1
556 1768 1
2525 62 1
1464 322 1
2160 781 1
562 1540 1
1685 392 1
2051 232 1
736 810 1
815 736 1
2706 1 1
318 1716 1
310 1037 1
2447 182 1
1745 793 1
781 2657 1
585 991 1
862 2317 1
1584 242 1
795 736 1
163 2929 1
2152 654 1
867 736 1
1031 396 1
1219 185 1
1189 97 1
2301 559 1
116 2113 1
1866 653 1
806 736 1
1854 807 1
645 2793 1
866 736 1
347 2375 1
199 1086 1
91 1777 1
528 1251 1
1451 499 1
2452 101 1
218 1468 1
559 2319 1
2645 664 1
947 525 1
882 949 1
335 2920 1
2518 778 1
799 736 1
2171 657 1
2815 427 1
736 794 1
2291 8 1
777 736 1
1590 23 1
939 699 1
736 789 1
120 2061 1
1674 564 1
302 2684 1
2290 625 1
667 1066 1
412 2515 1
432 997 1
777 2397 1
2552 64 1
1706 302 1
1345 889 1
1043 706 1
578 2251 1
531 1387 1
767 2528 1
171 1797 1
1836 147 1
25 2370 1
927 325 1
1130 1530 1
325 2076 1
301 2397 1
468 2632 1
986 727 1
1775 338 1
500 2106 1
811 1995 1
1818 619 1
795 736 1
74 1432 1
736 819 1
647 2755 1
1005 861 1
1637 1681 1
791 736 1
778 736 1
788 1264 1
2378 384 1
2220 670 1
329 1149 1
2051 364 1
1300 759 1
2065 353 1
966 661 1
2587 449 1
216 2328 1
372 914 1
2044 317 1
801 736 1
736 754 1
821 736 1
433 1917 1
151 2851 1
1900 649 1
647 2140 1
82 1494 1
2241 517 1
1017 684 1
1935 684 1
254 1748 1
2036 782 1
2643 653 1
1468 224 1
726 1096 1
2027 648 1
322 2198 1
124 2084 1
2718 2 1
1100 708 1
822 2202 1
1830 1 1
745 736 1
736 798 1
427 1479 1
409 1214 1
1797 12 1
795 1762 1
2016 709 1
35 2933 1
906 1903 1
623 1725 1
2955 137 1
386 2244 1
916 386 1
2942 846 1
1534 645 1
2820 107 1
736 888 1
467 2654 1
1242 892 1
201 2371 1
2690 1713 1
2761 558 1
1304 684 1
2333 285 1
2247 823 1
425 1256 1
75 2256 1
1342 192 1
817 736 1
439 1282 1
2845 196 1
275 1820 1
598 1254 1
739 736 1
245 2649 1
736 745 1
2329 588 1
1626 818 1
1645 340 1
2669 68 1
2306 190 1
131 1406 1
2194 234 1
1726 713 1
566 2605 1
2433 371 1
1519 2944 1
736 853 1
736 860 1
586 2767 1
898 736 1
1058 465 1
736 882 1
467 1946 1
1552 1405 1
1678 1700 1
2534 836 1
51 1478 1
2992 842 1
2957 769 1
886 972 1
494 2651 1
671 2113 1
211 1565 1
819 2630 1
1422 178 1
736 820 1
58 2507 1
205 2341 1
791 1422 1
275 2584 1
247 2895 1
764 2328 1
1442 678 1
2772 600 1
172 1664 1
2177 228 1
2845 666 1
1837 79 1
2837 768 1
2061 776 1
2918 1847 1
73 2629 1
2322 451 1
2626 310 1
2921 258 1
2613 380 1
2631 719 1
1869 8 1
1972 605 1
2059 842 1
872 2497 1
2289 1689 1
25 2683 1
1333 643 1
601 2086 1
644 1579 1
736 878 1
1424 2007 1
1502 138 1
1764 1443 1
794 1403 1
83 2792 1
783 1497 1
251 2173 1
789 2828 1
2424 61 1
861 736 1
971 182 1
2203 2909 1
521 1937 1
2519 535 1
812 736 1
27 2374 1
736 787 1
920 1172 1
443 1486 1
1106 2520 1
1285 792 1
559 2487 1
930 305 1
2092 285 1
908 398 1
2611 356 1
591 2372 1
731 1979 1
776 1160 1
689 1383 1
176 1643 1
736 744 1
1319 611 1
867 1993 1
941 463 1
825 736 1
215 2061 1
1883 1495 1
1404 248 1
417 1909 1
1469 320 1
1188 167 1
2015 2590 1
375 1208 1
517 1449 1
1564 535 1
760 2815 1
191 1644 1
1560 2616 1
417 846 1
327 1413 1
419 2380 1
86 1244 1
2928 453 1
839 736 1
1145 2169 1
1644 586 1
786 2344 1
1027 463 1
144 301 1
2326 801 1
117 2555 1
985 280 1
337 2144 1
2519 433 1
2003 542 1
2483 162 1
1768 32 1
365 1507 1
240 1937 1
1320 118 1
801 736 1
876 1095 1
736 747 1
1434 608 1
34 2821 1
736 862 1
372 2071 1
576 2871 1
317 2526 1
415 2414 1
1637 111 1
284 2321 1
18 2746 1
7 1194 1
334 2488 1
450 2529 1
1508 63 1
142 1512 1
867 2142 1
524 1280 1
402 2141 1
2848 299 1
1353 1783 1
536 1488 1
56 1222 1
1225 246 1
549 1240 1
1948 1143 1
748 736 1
800 2790 1
886 1842 1
482 2879 1
449 1259 1
2703 869 1
2614 657 1
2710 836 1
1123 231 1
1853 222 1
1337 1899 1
2108 2341 1
1278 1517 1
611 1193 1
478 1396 1
1722 121 1
2550 373 1
2591 612 1
336 2642 1
341 2293 1
595 1156 1
1989 109 1
1908 21 1
1011 172 1
638 1998 1
2593 2582 1
2449 705 1
391 1330 1
734 1330 1
2769 1859 1
2471 603 1
173 2097 1
819 736 1
2989 119 1
2836 679 1
736 859 1
714 1061 1
74 2206 1
1633 472 1
2961 823 1
1122 58 1
485 932 1
1549 154 1
2018 1712 1
8 2735 1
569 2130 1
489 2297 1
482 1820 1
1292 23 1
27 1836 1
1995 620 1
1962 418 1
258 907 1
1594 228 1
233 1972 1
920 193 1
1558 388 1
332 2174 1
2586 2957 1
723 1688 1
1806 2220 1
776 736 1
1448 59 1
1206 478 1
2416 439 1
736 764 1
2613 331 1
736 782 1
1028 97 1
736 811 1
720 1955 1
2406 502 1
2038 59 1
2834 879 1
163 2377 1
2656 940 1
1529 59 1
1721 243 1
736 772 1
736 836 1
773 1367 1
934 843 1
1979 353 1
2947 607 1
42 2471 1
901 2180 1
739 1416 1
818 1852 1
935 72 1
401 1842 1
599 2469 1
2657 530 1
700 2127 1
621 1054 1
272 930 1
820 1480 1
838 2238 1
721 2414 1
632 1371 1
2329 396 1
608 1734 1
824 736 1
1813 555 1
66 1891 1
1348 4 1
555 2986 1
924 2508 1
312 1677 1
208 1747 1
1766 245 1
70 1558 1
2885 734 1
1174 857 1
435 2639 1
2158 174 1
2665 489 1
317 1973 1
1941 382 1
118 2797 1
253 2278 1
2511 2268 1
736 790 1
2449 661 1
563 2725 1
1862 239 1
136 1839 1
737 1883 1
1210 442 1
818 736 1
2390 369 1
178 1183 1
2994 6 1
2365 464 1
850 736 1
2805 198 1
752 1120 1
841 2692 1
142 2291 1
726 2939 1
861 199 1
217 2973 1
736 876 1
1033 832 1
1845 270 1
2446 2260 1
160 1648 1
976 535 1
599 1559 1
736 825 1
59 2160 1
736 897 1
147 1576 1
1533 648 1
1378 216 1
1378 155 1
80 2182 1
669 2299 1
493 2498 1
822 736 1
188 2594 1
736 739 1
770 736 1
379 2234 1
463 1976 1
837 908 1
964 414 1
736 792 1
2915 654 1
28 239 1
1258 166 1
486 2338 1
895 736 1
171 1902 1
895 1820 1
840 1581 1
2127 324 1
1625 821 1
2540 2605 1
845 1579 1
1714 272 1
1290 111 1
71 2453 1
469 1647 1
1905 615 1
1778 645 1
1955 727 1
736 872 1
736 788 1
1506 343 1
2611 577 1
778 736 1
725 2421 1
2822 253 1
1321 407 1
1941 453 1
2693 2234 1
1546 845 1
900 736 1
1374 163 1
1697 559 1
877 736 1
2325 753 1
2932 848 1
1891 1555 1
777 736 1
1215 742 1
2459 94 1
452 2093 1
870 736 1
2293 547 1
1258 712 1
961 182 1
55 2670 1
639 2282 1
628 1425 1
747 1710 1
2262 8 1
1606 850 1
1843 502 1
664 2046 1
1627 2857 1
146 2376 1
391 2126 1
278 1271 1
753 736 1
2783 665 1
1543 89 1
1604 544 1
1174 754 1
1685 453 1
271 2779 1
33 348 1
2041 790 1
2585 25 1
736 858 1
444 1514 1
638 1008 1
2020 129 1
744 736 1
1169 2416 1
2250 500 1
2053 703 1
229 2218 1
750 736 1
7 1272 1
2094 317 1
579 1931 1
914 148 1
2444 826 1
115 1918 1
494 2749 1
418 1119 1
68 2128 1
1412 554 1
1185 491 1
2265 344 1
316 2127 1
736 886 1
504 831 1
287 2739 1
2178 736 1
1950 56 1
736 837 1
741 952 1
1447 2165 1
2806 722 1
603 1653 1
532 1880 1
2229 882 1
746 736 1
317 1017 1
1928 353 1
1715 644 1
2741 650 1
2590 889 1
8 2346 1
1733 653 1
829 2689 1
2389 274 1
1914 772 1
1850 889 1
755 736 1
578 1918 1
2592 284 1
2351 25 1
1898 2647 1
194 1642 1
769 2579 1
749 1030 1
62 1689 1
183 988 1
757 1982 1
2947 1429 1
3 1041 1
417 1285 1
2271 394 1
559 1005 1
1960 1205 1
605 2110 1
2737 317 1
110 906 1
631 2858 1
736 824 1
827 2270 1
2920 456 1
2102 218 1
2627 456 1
2233 595 1
720 2524 1
690 1934 1
853 736 1
1398 821 1
2065 2642 1
2477 772 1
832 736 1
244 2664 1
1385 2586 1
1203 765 1
115 2766 1
111 2717 1
770 736 1
1443 736 1
1 1409 1
475 2125 1
639 2224 1
211 2747 1
580 1411 1
726 2389 1
492 2968 1
2771 558 1
1973 895 1
2926 569 1
2592 872 1
2352 758 1
739 2073 1
560 1076 1
2782 344 1
1317 323 1
736 792 1
338 1275 1
512 2774 1
736 800 1
2864 514 1
1275 218 1
871 1051 1
81 2215 1
2136 563 1
47 1231 1
909 422 1
702 2552 1
358 1041 1
1508 2910 1
764 2323 1
859 736 1
468 2388 1
2567 214 1
2622 731 1
789 974 1
861 736 1
298 1137 1
2131 253 1
736 845 1
736 857 1
915 429 1
894 2957 1
2588 588 1
1461 833 1
1514 863 1
2002 970 1
2448 599 1
2556 66 1
1866 438 1
1782 278 1
241 1154 1
794 1967 1
1373 791 1
736 783 1
2631 333 1
91 2971 1
994 520 1
797 2276 1
1366 643 1
632 2329 1
2198 854 1
369 1253 1
2793 885 1
1202 801 1
1057 681 1
465 1184 1
126 1188 1
571 987 1
1601 118 1
757 1232 1
822 2768 1
861 1554 1
872 736 1
1684 585 1
2495 593 1
112 969 1
2098 392 1
2485 2228 1
630 2020 1
646 1824 1
235 1519 1
847 736 1
1449 1122 1
484 2917 1
351 1102 1
553 2692 1
2602 38 1
430 2138 1
1038 670 1
1637 754 1
1001 139 1
501 2494 1
131 2434 1
1036 661 1
1501 164 1
622 2230 1
723 2452 1
1436 545 1
759 736 1
2507 165 1
647 2804 1
180 1920 1
736 778 1
636 2222 1
494 1311 1
559 2185 1
1192 115 1
792 736 1
1457 250 1
516 1457 1
89 1619 1
1369 1292 1
874 1557 1
1279 440 1
58 2491 1
505 1343 1
736 804 1
2013 839 1
680 960 1
155 2520 1
736 894 1
1137 157 1
2877 669 1
1333 340 1
2797 426 1
2343 373 1
2271 313 1
182 1723 1
2264 565 1
1974 2591 1
1916 525 1
793 736 1
358 1759 1
2005 501 1
703 2614 1
84 1166 1
50 1714 1
2274 2902 1
641 2795 1
2004 562 1
2262 842 1
756 1759 1
1065 15 1
2564 2274 1
2028 264 1
6 2747 1
1536 275 1
2753 784 1
871 736 1
2612 654 1
646 180 1
150 2105 1
279 1286 1
1143 1445 1
759 736 1
1153 358 1
2582 704 1
736 844 1
2953 305 1
1669 228 1
1233 134 1
706 2490 1
619 1767 1
1498 437 1
781 736 1
2282 527 1
248 922 1
736 783 1
705 2178 1
845 736 1
803 736 1
1489 306 1
894 2013 1
736 858 1
736 752 1
834 736 1
343 1896 1
1902 16 1
354 2622 1
2414 110 1
2058 698 1
2126 246 1
252 1786 1
704 2492 1
1288 2018 1
736 879 1
2940 814 1
875 736 1
2443 665 1
198 1930 1
885 736 1
1623 366 1
1873 63 1
812 736 1
182 1273 1
270 2509 1
514 2699 1
2077 2711 1
822 736 1
421 2326 1
737 1317 1
1452 14 1
639 1360 1
2301 753 1
61 1609 1
2552 1657 1
1236 95 1
734 1758 1
736 749 1
736 788 1
552 2289 1
1639 81 1
788 2813 1
797 736 1
1108 205 1
862 2025 1
2338 542 1
822 918 1
640 971 1
2823 46 1
1092 626 1
870 427 1
1685 103 1
736 888 1
736 858 1
2621 926 1
560 2586 1
82 1377 1
361 1069 1
1861 2898 1
2763 14 1
849 1166 1
68 1242 1
453 1367 1
736 739 1
736 886 1
107 1384 1
256 1038 1
1964 258 1
2227 535 1
119 2032 1
2583 2169 1
1475 746 1
1024 1010 1
2676 78 1
2356 26 1
1738 919 1
1606 2047 1
514 2351 1
2033 143 1
3000 1946 1
2024 145 1
1330 168 1
32 1490 1
873 1677 1
1999 668 1
437 1502 1
1084 226 1
111 1549 1
200 2841 1
649 967 1
355 116 1
169 1083 1
413 2226 1
1176 49 1
576 1326 1
37 1079 1
2367 34 1
1094 826 1
1322 360 1
2507 404 1
492 1865 1
2389 110 1
1898 567 1
2897 756 1
510 1298 1
2520 1337 1
2372 279 1
893 736 1
840 736 1
2089 53 1
389 1966 1
84 2123 1
266 2185 1
1984 298 1
736 876 1
736 822 1
2541 477 1
428 1921 1
2 1328 1
727 1234 1
495 1154 1
2091 592 1
853 2833 1
1271 2897 1
833 2569 1
15 1287 1
1852 146 1
1084 975 1
736 758 1
815 736 1
201 2582 1
1891 2759 1
589 2994 1
2505 2529 1
2268 219 1
171 1287 1
1158 509 1
127 1675 1
572 980 1
873 736 1
443 1497 1
518 461 1
2380 369 1
337 1356 1
2234 88 1
487 2285 1
736 849 1
1731 106 1
791 736 1
736 737 1
1412 676 1
1356 732 1
2408 285 1
277 1342 1
1322 845 1
1594 658 1
861 2369 1
2663 2831 1
137 2444 1
464 2297 1
516 2132 1
2633 1330 1
736 843 1
2487 591 1
797 736 1
825 736 1
1670 669 1
2374 535 1
1562 836 1
546 1628 1
1692 895 1
2924 708 1
743 2333 1
810 2631 1
690 1237 1
2789 258 1
736 813 1
2299 15 1
311 2527 1
736 889 1
830 736 1
655 2003 1
2599 601 1
2948 681 1
542 1062 1
161 1375 1
1898 77 1
170 1450 1
2133 536 1
2032 2323 1
744 1588 1
2249 505 1
146 1855 1
1661 142 1
736 807 1
795 736 1
1262 770 1
2107 154 1
428 1225 1
1428 480 1
1244 159 1
92 2198 1
97 2620 1
1324 149 1
2194 1712 1
2589 688 1
736 868 1
824 2947 1
2911 160 1
749 1504 1
1034 557 1
2371 2652 1
2353 352 1
43 1509 1
2110 330 1
736 795 1
342 1296 1
736 895 1
377 2541 1
192 2468 1
827 736 1
2476 629 1
736 872 1
1858 61 1
872 736 1
702 2848 1
2224 279 1
2341 387 1
1178 129 1
842 736 1
2565 2800 1
1084 306 1
2027 674 1
336 1482 1
655 1370 1
1755 757 1
173 1772 1
1644 111 1
697 1625 1
822 1336 1
2051 24 1
1010 141 1
60 2058 1
736 810 1
202 1030 1
736 820 1
270 1387 1
1440 443 1
2811 2009 1
2583 780 1
83 2729 1
991 397 1
6 2113 1
477 2531 1
1265 430 1
1158 14 1
1079 635 1
425 1361 1
368 2876 1
258 1152 1
379 933 1
86 2374 1
770 736 1
2017 509 1
622 2706 1
50 1967 1
2654 327 1
1951 534 1
736 762 1
968 727 1
1217 66 1
736 774 1
2471 669 1
2294 91 1
800 2338 1
790 1437 1
1304 596 1
1481 221 1
1528 271 1
205 1009 1
2958 465 1
2726 489 1
1665 1873 1
277 1022 1
460 1053 1
984 626 1
248 2382 1
662 2079 1
2420 441 1
802 736 1
2059 636 1
2104 855 1
736 868 1
345 2941 1
2353 309 1
736 827 1
1086 546 1
424 2128 1
2874 639 1
1075 338 1
218 2844 1
579 2190 1
1397 859 1
2524 579 1
520 1451 1
814 736 1
801 736 1
828 2554 1
794 736 1
405 2827 1
2487 762 1
1422 164 1
2527 570 1
603 1331 1
152 1527 1
1503 2237 1
1552 135 1
736 778 1
236 2378 1
801 736 1
585 1119 1
736 776 1
1318 417 1
2175 720 1
635 2561 1
1837 316 1
317 2020 1
2996 82 1
2779 132 1
819 736 1
2570 861 1
736 873 1
2725 730 1
837 736 1
1172 784 1
126 1381 1
736 737 1
736 825 1
624 1930 1
1442 1735 1
136 2057 1
1377 175 1
1530 1528 1
749 736 1
736 795 1
662 1658 1
432 1417 1
726 2117 1
827 1651 1
2928 623 1
2953 800 1
29 2017 1
546 1306 1
859 736 1
50 1713 1
736 762 1
736 864 1
2539 1694 1
839 1917 1
359 1113 1
89 1075 1
