300 300
136 59 1
50 94 1
141 70 1
130 85 1
140 123 1
65 159 1
126 82 1
102 77 1
74 90 1
73 300 1
133 88 1
111 79 1
114 78 1
85 89 1
266 189 1
139 54 1
134 79 1
126 63 1
69 152 1
72 96 1
85 93 1
280 1 1
136 52 1
134 86 1
66 6 1
79 134 1
187 82 1
285 292 1
75 139 1
77 181 1
58 99 1
134 84 1
156 77 1
78 124 1
89 69 1
81 124 1
219 156 1
265 210 1
87 125 1
189 67 1
82 145 1
285 86 1
40 112 1
164 108 1
154 282 1
9 192 1
105 88 1
122 268 1
69 130 1
263 50 1
296 153 1
142 76 1
143 37 1
136 83 1
71 176 1
80 113 1
16 245 1
82 147 1
68 163 1
104 71 1
99 53 1
71 90 1
76 103 1
197 298 1
293 60 1
168 65 1
134 76 1
75 121 1
300 103 1
5 168 1
67 115 1
153 49 1
68 223 1
96 72 1
77 94 1
118 204 1
172 86 1
86 126 1
86 98 1
111 52 1
70 117 1
53 89 1
54 128 1
169 111 1
129 78 1
77 112 1
129 115 1
81 89 1
196 256 1
36 225 1
58 141 1
75 89 1
160 2 1
162 289 1
129 72 1
90 21 1
74 130 1
38 242 1
111 79 1
58 120 1
91 233 1
82 115 1
95 77 1
124 81 1
83 215 1
79 123 1
128 87 1
77 114 1
106 71 1
146 57 1
105 262 1
114 68 1
108 216 1
13 291 1
66 126 1
116 61 1
99 78 1
54 105 1
187 149 1
107 234 1
240 33 1
113 72 1
86 101 1
223 189 1
109 86 1
89 60 1
100 84 1
74 94 1
79 115 1
117 72 1
213 244 1
120 139 1
75 151 1
115 79 1
73 133 1
132 88 1
287 108 1
132 74 1
231 281 1
95 86 1
294 251 1
186 287 1
106 67 1
69 105 1
74 170 1
130 70 1
4 111 1
97 176 1
16 52 1
111 69 1
39 191 1
78 146 1
133 70 1
88 99 1
66 95 1
73 97 1
103 79 1
84 107 1
95 84 1
81 147 1
112 85 1
158 80 1
166 180 1
143 140 1
123 76 1
42 156 1
142 69 1
69 275 1
50 113 1
105 67 1
289 77 1
139 77 1
96 54 1
171 69 1
210 280 1
96 88 1
86 124 1
78 132 1
93 25 1
133 67 1
131 242 1
70 90 1
170 83 1
138 51 1
100 65 1
74 121 1
116 68 1
52 185 1
82 109 1
74 104 1
128 57 1
67 96 1
73 92 1
128 47 1
83 136 1
137 85 1
74 132 1
76 123 1
110 88 1
16 165 1
93 67 1
58 151 1
131 66 1
87 123 1
108 81 1
59 105 1
67 45 1
72 89 1
119 68 1
104 83 1
53 3 1
99 87 1
117 66 1
97 82 1
122 59 1
75 131 1
54 193 1
65 41 1
141 83 1
188 240 1
130 87 1
71 112 1
154 263 1
67 157 1
125 25 1
111 65 1
25 43 1
106 63 1
172 69 1
112 78 1
109 66 1
287 121 1
245 174 1
64 148 1
74 111 1
106 71 1
104 63 1
100 57 1
83 154 1
80 122 1
89 88 1
290 232 1
75 114 1
117 67 1
175 60 1
111 76 1
104 72 1
74 186 1
119 151 1
140 73 1
162 183 1
93 83 1
128 72 1
78 172 1
85 102 1
69 102 1
130 80 1
107 70 1
121 54 1
95 86 1
75 117 1
9 227 1
60 139 1
137 81 1
80 93 1
112 72 1
13 206 1
36 213 1
86 160 1
82 143 1
83 150 1
208 216 1
111 72 1
121 70 1
121 84 1
157 225 1
113 79 1
121 87 1
85 116 1
174 81 1
65 98 1
102 147 1
78 149 1
79 147 1
148 102 1
113 51 1
116 142 1
88 136 1
130 11 1
132 41 1
70 98 1
58 90 1
129 74 1
72 106 1
85 149 1
68 100 1
59 110 1
79 127 1
73 146 1
72 155 1
