3000 3000
749 353 1
727 2437 1
109 2772 1
2400 119 1
2300 43 1
2161 23 1
2648 900 1
1949 324 1
2561 335 1
2536 879 1
1403 763 1
1107 934 1
2303 1284 1
1552 2248 1
625 2410 1
735 2364 1
758 2100 1
1743 815 1
1590 420 1
2966 1316 1
1833 341 1
2626 1369 1
2326 1490 1
2533 1851 1
1784 529 1
1700 841 1
2 2797 1
1590 1340 1
904 2003 1
2979 1819 1
1206 2905 1
619 2920 1
2018 1259 1
1388 1823 1
2692 773 1
2812 1703 1
668 2915 1
948 2814 1
2128 2640 1
2348 1440 1
2469 1191 1
1103 1824 1
2507 754 1
2906 1003 1
2390 1073 1
2588 52 1
2088 141 1
2225 655 1
266 2038 1
2984 2137 1
1447 1519 1
1086 1184 1
1063 1987 1
1341 2399 1
982 2840 1
1828 887 1
1107 2722 1
624 1724 1
1565 2287 1
529 2108 1
2115 1563 1
2664 599 1
853 54 1
174 1746 1
1516 1498 1
1577 2242 1
2973 1447 1
845 2191 1
2698 955 1
117 702 1
585 1816 1
1623 38 1
2747 433 1
1142 1977 1
520 2023 1
2366 1562 1
2896 977 1
765 2146 1
1874 1049 1
2013 1494 1
1527 2353 1
111 2979 1
2102 2601 1
2764 127 1
1526 2367 1
186 2878 1
1958 1669 1
2483 844 1
2544 2715 1
1798 1274 1
2584 890 1
1770 2560 1
271 2979 1
1702 25 1
2164 804 1
2741 1863 1
2940 284 1
1426 929 1
1639 773 1
2658 1133 1
1591 17 1
372 2649 1
892 2168 1
2902 1220 1
2874 1216 1
1361 1904 1
1166 2816 1
1753 2825 1
639 2110 1
2741 1094 1
84 2518 1
1142 2918 1
375 744 1
2707 2575 1
714 2205 1
2416 1053 1
1591 417 1
1081 1233 1
2603 1231 1
49 1718 1
881 1791 1
1616 1293 1
544 2812 1
1169 2206 1
371 1902 1
1859 7 1
2560 777 1
358 2091 1
1619 1535 1
751 22 1
1619 434 1
2917 1382 1
1009 2046 1
2646 1305 1
2260 1223 1
1976 1371 1
1919 2245 1
110 2897 1
121 1850 1
1949 2802 1
511 2995 1
428 2740 1
1461 2540 1
683 294 1
2528 2550 1
861 2188 1
2649 2745 1
317 2758 1
2000 1317 1
549 2623 1
2862 476 1
1535 2917 1
1718 1179 1
2391 2903 1
306 1697 1
1774 363 1
1369 1696 1
1312 2976 1
2334 1137 1
1937 1188 1
1081 1260 1
1425 2951 1
2090 293 1
2396 2743 1
273 2215 1
1552 818 1
1011 1628 1
2326 2501 1
660 2527 1
231 144 1
344 2979 1
1092 2528 1
401 2040 1
2447 1829 1
1740 2123 1
2266 955 1
2008 284 1
445 2582 1
2867 2870 1
1669 344 1
2967 782 1
1539 2232 1
279 1548 1
1610 881 1
1781 777 1
3 339 1
2817 716 1
982 1772 1
2727 1812 1
1259 2674 1
943 301 1
2523 1735 1
1813 1390 1
1805 537 1
1754 1374 1
485 2484 1
2572 1415 1
1840 698 1
2711 1587 1
1312 2054 1
1531 1042 1
500 1897 1
194 278 1
169 1803 1
1734 168 1
2499 564 1
955 814 1
1589 808 1
271 437 1
2498 1316 1
1395 2396 1
864 773 1
2920 1536 1
2911 2004 1
2420 1353 1
2380 752 1
1246 2271 1
426 1899 1
1747 2796 1
1000 2317 1
1541 2293 1
1895 1251 1
919 364 1
1420 2017 1
1921 594 1
1895 464 1
1768 380 1
325 1405 1
925 2413 1
2640 133 1
2768 649 1
1216 1637 1
1667 1414 1
698 2133 1
1942 1568 1
693 1720 1
1625 787 1
2539 1148 1
2698 1488 1
1605 2215 1
2684 2805 1
1705 1433 1
484 2949 1
2652 645 1
1695 2647 1
663 2329 1
308 2150 1
1870 1101 1
2436 1187 1
359 99 1
515 2788 1
139 2118 1
2210 923 1
1414 1779 1
2730 137 1
2641 739 1
1622 672 1
2899 1785 1
1289 2064 1
1201 2980 1
2839 1162 1
319 804 1
1374 2996 1
889 1734 1
1494 1679 1
1529 2214 1
2203 1950 1
2639 2923 1
448 2776 1
1190 2527 1
1503 2147 1
701 525 1
1368 2709 1
2400 565 1
1962 755 1
2640 280 1
1205 1566 1
1083 260 1
1768 2232 1
1894 179 1
2523 232 1
1592 1094 1
2590 131 1
2869 1122 1
1754 198 1
2125 220 1
1786 174 1
2416 1844 1
636 1834 1
509 1507 1
1386 2002 1
1477 2281 1
2997 1519 1
324 1973 1
2633 1440 1
1634 64 1
337 1544 1
2915 1095 1
990 1985 1
1716 528 1
1303 1578 1
2653 1714 1
1126 2246 1
2260 556 1
2255 686 1
58 121 1
2301 313 1
34 2349 1
611 132 1
818 774 1
2696 1035 1
16 2397 1
68 589 1
1094 1219 1
936 1960 1
1499 2766 1
2866 2415 1
1784 829 1
2876 1540 1
969 2300 1
1058 2485 1
2345 2336 1
401 2614 1
2943 919 1
1746 1511 1
2218 645 1
31 2424 1
3000 2217 1
2608 796 1
1913 1554 1
1703 1398 1
2847 237 1
866 2227 1
1452 2798 1
2336 1050 1
381 1750 1
711 670 1
1140 913 1
1215 1700 1
541 1438 1
1681 294 1
289 2125 1
1422 1693 1
2327 24 1
2031 2284 1
754 1912 1
2098 1079 1
1080 2712 1
13 2952 1
91 1862 1
1952 89 1
1190 2013 1
660 1994 1
977 2403 1
2932 2426 1
2948 344 1
2360 430 1
2557 436 1
486 2463 1
2482 1049 1
2293 25 1
785 2546 1
638 1803 1
1494 919 1
2791 2645 1
1003 1164 1
1147 2589 1
2574 2390 1
2089 188 1
2309 907 1
374 2086 1
445 1813 1
1626 1547 1
1309 1882 1
1597 2540 1
101 2220 1
483 2713 1
2706 1975 1
57 1928 1
596 2694 1
1382 1103 1
2528 200 1
1952 1453 1
1715 594 1
1834 971 1
1013 2825 1
1366 1510 1
1922 875 1
211 725 1
2208 921 1
423 654 1
1057 817 1
1494 1716 1
1611 714 1
579 2635 1
2514 124 1
529 846 1
942 2069 1
53 2250 1
2585 196 1
1706 2596 1
1335 2227 1
869 1590 1
646 2417 1
1452 1689 1
188 756 1
2761 2559 1
1213 2697 1
1832 11 1
2580 1237 1
48 2021 1
2030 19 1
2820 2720 1
395 2557 1
2119 1155 1
1556 2029 1
1414 2770 1
2426 1519 1
298 2485 1
2224 1449 1
2820 1532 1
181 2350 1
1342 2316 1
2629 1089 1
2340 55 1
2010 964 1
1252 461 1
264 2922 1
2291 711 1
588 2527 1
50 2020 1
972 2509 1
578 1912 1
1654 1223 1
2315 2682 1
2918 1028 1
47 1747 1
2324 312 1
2418 288 1
2629 1947 1
543 310 1
2332 1401 1
161 1954 1
1702 1434 1
1023 2760 1
1868 1385 1
247 1878 1
2040 1176 1
2194 755 1
1207 2991 1
456 881 1
2154 1048 1
40 1600 1
801 2588 1
2458 1346 1
2598 1737 1
2733 648 1
1118 747 1
811 2922 1
912 2979 1
274 64 1
1048 347 1
1973 592 1
1207 2490 1
945 2002 1
2039 146 1
2391 1380 1
588 423 1
1580 2219 1
2472 1092 1
1532 2903 1
538 2485 1
1682 1847 1
863 591 1
1445 1920 1
2081 1327 1
772 2887 1
1539 2659 1
523 626 1
2924 215 1
1252 126 1
1619 938 1
1482 1726 1
1181 2852 1
2512 838 1
530 835 1
2522 178 1
1441 2834 1
2465 2221 1
2578 70 1
1020 2215 1
2124 1851 1
2470 1754 1
2634 744 1
327 2109 1
247 1696 1
1438 1909 1
1606 1132 1
2997 306 1
988 58 1
1854 2134 1
2629 1809 1
1134 2244 1
713 1806 1
2277 142 1
2519 1289 1
1350 2674 1
2928 1584 1
896 1141 1
1745 1106 1
75 2122 1
2984 729 1
1840 1214 1
947 1811 1
2584 930 1
1363 1870 1
1993 1219 1
2968 646 1
1324 2345 1
178 503 1
460 2611 1
2299 2558 1
953 1757 1
1558 640 1
1569 2401 1
1984 167 1
668 1983 1
1367 2628 1
2019 1138 1
2003 2580 1
2185 1659 1
1214 2840 1
1057 2026 1
2803 724 1
2811 611 1
2932 545 1
975 2440 1
872 1479 1
484 2995 1
854 1703 1
52 2159 1
1769 476 1
318 628 1
1305 2507 1
819 2898 1
2820 1001 1
1876 376 1
1775 800 1
919 659 1
1157 2798 1
908 2497 1
1148 2617 1
2547 686 1
2383 1370 1
1947 535 1
500 1934 1
2428 148 1
1154 476 1
2701 2159 1
2184 1934 1
528 1800 1
1152 243 1
406 2684 1
395 2464 1
2387 1934 1
2437 876 1
2117 597 1
2869 1205 1
2956 670 1
1518 57 1
2894 2617 1
989 2791 1
1692 247 1
2225 1532 1
2790 888 1
1966 228 1
2832 1577 1
1357 2207 1
1535 2702 1
1425 2736 1
2265 348 1
1634 2405 1
2677 992 1
2788 1097 1
484 1986 1
2324 774 1
193 860 1
1820 418 1
2890 2628 1
1705 1584 1
824 774 1
2338 1175 1
578 1757 1
1171 2561 1
1614 2760 1
885 1376 1
1336 2522 1
126 1910 1
2766 1699 1
2675 876 1
2508 1524 1
2630 2206 1
1641 1045 1
1820 817 1
921 808 1
2711 541 1
1696 1010 1
1090 2532 1
2707 351 1
1841 963 1
2969 475 1
1026 1816 1
2782 1091 1
123 2977 1
504 1674 1
2702 1988 1
1797 89 1
126 2811 1
2890 204 1
2342 689 1
49 1159 1
229 281 1
2234 726 1
1781 1560 1
549 2034 1
1986 760 1
1895 453 1
464 2826 1
2488 1198 1
1454 2618 1
1492 1987 1
837 1132 1
261 1776 1
1875 1115 1
5 2637 1
1300 2051 1
2213 1261 1
804 387 1
2959 518 1
610 2329 1
1647 445 1
2464 1210 1
1455 2645 1
661 2868 1
1163 1871 1
1856 2587 1
1565 1686 1
2756 367 1
2966 1553 1
2538 2322 1
812 1387 1
1372 2083 1
330 2821 1
665 2606 1
1051 984 1
2259 748 1
551 2907 1
447 2491 1
1400 291 1
884 594 1
2919 1341 1
368 2925 1
1488 2064 1
381 2616 1
1061 1983 1
2375 1030 1
1265 178 1
1886 931 1
2438 1318 1
2428 144 1
2909 637 1
1402 2282 1
1657 838 1
2811 695 1
864 44 1
1877 949 1
2112 2956 1
1964 1213 1
2513 1041 1
1622 187 1
756 1722 1
1906 791 1
198 2547 1
1066 2985 1
2041 644 1
420 2545 1
2896 1021 1
1334 2699 1
2796 1118 1
2829 2354 1
1144 2622 1
2633 1332 1
1030 2877 1
1335 2865 1
167 1943 1
279 294 1
1668 1424 1
2646 1552 1
2710 1231 1
2904 460 1
1540 2093 1
2320 2096 1
2709 2138 1
2737 679 1
543 2345 1
887 2197 1
1339 2268 1
282 188 1
2691 1109 1
1926 1466 1
1528 1084 1
1054 2541 1
2348 2274 1
2162 693 1
2306 1381 1
1656 366 1
1795 741 1
306 679 1
1514 2662 1
1379 2505 1
1755 2501 1
1955 642 1
2527 389 1
1120 2988 1
1252 1092 1
1425 2216 1
826 1499 1
2800 205 1
190 1983 1
1892 176 1
497 2451 1
2335 570 1
479 2221 1
1762 638 1
760 58 1
1168 1916 1
14 1901 1
210 2489 1
301 2394 1
294 290 1
942 2504 1
1816 1551 1
1213 2758 1
1105 1912 1
1308 2230 1
1509 2079 1
1907 1435 1
2242 19 1
2028 573 1
2395 1464 1
1690 870 1
2110 1976 1
2081 519 1
1725 1821 1
121 2699 1
2074 1524 1
1460 2590 1
1571 2915 1
471 1484 1
970 2912 1
449 2067 1
1035 1766 1
2359 470 1
2038 656 1
1262 2392 1
2882 1138 1
2437 238 1
2313 1244 1
2565 973 1
1493 2864 1
544 1846 1
1562 2321 1
2121 367 1
2818 782 1
1124 2263 1
2841 25 1
2332 4 1
13 712 1
2258 228 1
1697 35 1
2916 2595 1
257 1961 1
819 352 1
1700 497 1
2871 797 1
2722 1123 1
1307 625 1
127 2898 1
2093 620 1
1099 2953 1
2339 1184 1
477 218 1
2771 561 1
1678 28 1
2151 1483 1
2406 1427 1
2857 394 1
1611 186 1
454 2743 1
2473 120 1
1196 2229 1
230 1922 1
404 2182 1
2523 388 1
2669 652 1
565 2014 1
1348 1609 1
1651 2820 1
1131 2618 1
695 2650 1
1275 2778 1
2277 1492 1
1945 1252 1
648 566 1
2902 2919 1
2392 955 1
1786 880 1
2067 1524 1
1220 973 1
575 2510 1
1740 2689 1
1916 615 1
1000 2244 1
1592 2726 1
961 1800 1
2934 808 1
2664 1201 1
499 2826 1
2702 298 1
175 1792 1
577 2890 1
2676 358 1
2946 277 1
1745 373 1
447 1711 1
2232 447 1
1950 2949 1
68 2558 1
2249 2355 1
333 2090 1
1677 2129 1
2122 577 1
413 2505 1
2594 915 1
2251 391 1
1632 1466 1
881 2806 1
206 2790 1
1346 2266 1
1750 172 1
974 2210 1
1110 2947 1
2088 220 1
1185 2738 1
789 1997 1
2967 286 1
37 588 1
1363 1703 1
1670 737 1
1201 1657 1
1847 1220 1
1120 2515 1
335 2271 1
614 1280 1
2373 1327 1
397 1668 1
1412 1854 1
804 2320 1
668 2665 1
2835 525 1
1195 1136 1
1364 2461 1
2665 1135 1
2976 1270 1
1862 362 1
2039 1137 1
2732 703 1
2581 630 1
2887 1305 1
1289 1759 1
937 2436 1
509 2637 1
1849 1396 1
686 1628 1
1308 1819 1
82 2841 1
1273 575 1
2542 523 1
2808 753 1
2017 1160 1
2816 1655 1
2890 703 1
2581 211 1
2265 2686 1
2640 772 1
2100 1228 1
2145 437 1
2098 978 1
1600 1387 1
1810 13 1
2826 599 1
2306 580 1
2716 344 1
1675 820 1
2982 2487 1
2548 396 1
1261 1711 1
2488 1531 1
466 2582 1
1814 1582 1
2615 418 1
308 2237 1
366 2966 1
595 2268 1
2990 1254 1
1673 1200 1
2554 1484 1
1449 1682 1
509 558 1
9 2969 1
2297 407 1
449 873 1
1637 448 1
2040 1361 1
405 1902 1
495 2313 1
1129 2720 1
146 2415 1
1341 2240 1
2507 24 1
759 973 1
2203 1534 1
2050 300 1
2796 1125 1
246 2645 1
178 2283 1
2145 636 1
504 2958 1
2507 926 1
1501 2888 1
2433 1162 1
2204 2755 1
2713 1516 1
75 1816 1
93 2375 1
2089 1271 1
99 1592 1
784 2064 1
308 1642 1
826 2983 1
455 1806 1
1377 1752 1
1601 170 1
2137 544 1
2945 412 1
1890 374 1
672 484 1
1996 707 1
291 2785 1
1992 1253 1
1942 41 1
2451 986 1
2120 789 1
2005 928 1
450 2938 1
2222 511 1
780 2971 1
863 2601 1
250 2037 1
177 2544 1
2532 311 1
2237 1058 1
1500 1824 1
2716 1444 1
1825 1152 1
635 1982 1
73 1982 1
1682 184 1
1078 1717 1
392 2378 1
1583 1517 1
2401 253 1
2408 596 1
2327 1379 1
2109 2198 1
2068 349 1
329 2372 1
1317 1966 1
212 2694 1
104 1841 1
181 1649 1
1966 503 1
716 2254 1
2815 1456 1
241 2684 1
1213 2343 1
1795 2165 1
1682 361 1
2306 886 1
2224 1017 1
431 2625 1
709 1806 1
1043 2095 1
2872 230 1
1839 1042 1
157 2462 1
955 1805 1
403 2730 1
687 1958 1
1105 2859 1
2544 71 1
29 2908 1
2511 2185 1
935 2952 1
1714 728 1
917 2859 1
2024 1463 1
588 2789 1
2007 963 1
2315 1509 1
217 1755 1
844 2384 1
2676 452 1
601 2869 1
2569 2341 1
1565 143 1
1159 2132 1
2903 1135 1
2950 1079 1
1906 290 1
240 2626 1
1497 2805 1
1255 2575 1
2399 278 1
984 831 1
2840 146 1
2370 590 1
241 2572 1
1911 725 1
1816 880 1
2660 293 1
1291 2865 1
475 2644 1
2093 2617 1
1719 20 1
1854 642 1
1604 870 1
167 1460 1
2977 2338 1
2650 957 1
1362 2330 1
2451 1150 1
2111 583 1
1224 2719 1
837 846 1
2749 437 1
1529 2373 1
1351 2397 1
2167 1942 1
370 2404 1
1777 866 1
1780 1418 1
1184 1972 1
2073 667 1
2764 2838 1
754 236 1
2229 402 1
1371 74 1
621 895 1
2854 926 1
66 2261 1
244 2688 1
2912 2769 1
848 2665 1
974 2127 1
1015 2404 1
2382 729 1
1415 338 1
2362 1232 1
2470 79 1
720 2887 1
2340 802 1
1805 2564 1
17 2372 1
876 2442 1
237 2652 1
1935 494 1
1186 1729 1
315 2200 1
1381 80 1
407 2807 1
1126 920 1
2740 1528 1
2478 2918 1
1998 91 1
1937 292 1
1069 2812 1
2880 788 1
2982 507 1
2716 896 1
446 1227 1
2217 1302 1
1567 2521 1
681 2264 1
137 2081 1
2062 2074 1
135 2125 1
714 591 1
1871 227 1
2356 798 1
2342 832 1
1322 1929 1
952 2701 1
2672 1060 1
123 2504 1
1077 1627 1
2478 1006 1
1789 173 1
893 2611 1
1354 2776 1
2122 1475 1
2344 850 1
2106 968 1
1837 892 1
746 2062 1
2033 2928 1
1085 2230 1
314 686 1
1687 469 1
1057 2167 1
745 188 1
2149 1494 1
756 1913 1
1572 753 1
2052 675 1
1808 1164 1
2336 106 1
272 2901 1
2966 639 1
1769 687 1
1482 2918 1
253 1766 1
2975 794 1
2380 538 1
371 515 1
1865 2324 1
1841 74 1
864 2068 1
2658 1400 1
1417 1776 1
1079 1923 1
1469 1842 1
1457 362 1
2531 2692 1
2911 1673 1
2572 542 1
141 2821 1
933 2980 1
1779 1165 1
2413 1217 1
646 2271 1
1751 196 1
380 1671 1
2915 137 1
1119 1930 1
130 2925 1
1501 2570 1
312 2832 1
185 2181 1
1457 2175 1
1798 2908 1
1217 2839 1
2792 1101 1
2076 1252 1
2982 1340 1
1454 2486 1
2702 870 1
1058 2526 1
2663 1328 1
1926 664 1
2164 1508 1
1069 2754 1
1521 2872 1
922 2756 1
1950 1134 1
2425 2403 1
2266 995 1
1071 1971 1
1695 2637 1
742 1911 1
854 1920 1
286 1951 1
1143 1137 1
1683 709 1
2592 2583 1
829 926 1
2888 727 1
2300 2213 1
491 1770 1
1329 1456 1
1771 941 1
1668 1497 1
12 2570 1
200 1563 1
1163 424 1
9 2253 1
1060 1826 1
2369 527 1
2423 1364 1
2635 1470 1
2121 1457 1
2595 1179 1
2681 1312 1
1281 1943 1
1421 2021 1
973 2450 1
2267 2617 1
1119 2083 1
2964 391 1
739 1094 1
103 2617 1
1001 1868 1
1516 37 1
2669 359 1
1146 2098 1
2698 1076 1
2048 620 1
480 2145 1
1942 1150 1
1457 2964 1
754 1764 1
2105 1490 1
2889 1005 1
2366 1306 1
2836 2077 1
662 1963 1
752 1694 1
1278 1850 1
1850 1450 1
549 1816 1
1703 239 1
654 1794 1
1424 1648 1
2905 986 1
612 1676 1
1327 2775 1
1301 2173 1
2631 1461 1
2720 137 1
2751 2653 1
1724 1407 1
708 2797 1
769 1936 1
48 1293 1
90 1959 1
1088 2673 1
1636 403 1
1825 2110 1
2058 885 1
2202 1682 1
1484 2464 1
1032 2217 1
103 2980 1
2232 1006 1
83 2334 1
1648 794 1
1692 362 1
811 2452 1
2049 458 1
230 2552 1
1858 1441 1
848 959 1
1869 1417 1
1359 1951 1
2300 1357 1
1017 2614 1
359 1327 1
1926 2040 1
480 2550 1
1048 2786 1
2907 1594 1
2998 1523 1
2234 106 1
2101 911 1
1934 2858 1
1114 1675 1
1141 2308 1
2016 1201 1
1819 2883 1
2111 2027 1
2990 492 1
2947 529 1
373 2564 1
1244 2670 1
1289 2192 1
173 2784 1
2669 228 1
927 494 1
1616 675 1
1938 1432 1
532 2570 1
1864 1433 1
1199 2742 1
1527 2341 1
1142 2296 1
1100 2274 1
2023 1583 1
799 1719 1
189 2801 1
2141 1106 1
2464 173 1
2623 995 1
1809 954 1
1921 938 1
2962 1153 1
1576 2189 1
2873 2674 1
1814 2333 1
1715 568 1
366 2648 1
2306 1342 1
2777 2900 1
1679 915 1
2636 1574 1
923 1327 1
1276 2421 1
1447 2856 1
1693 856 1
1252 2336 1
2249 1764 1
2452 649 1
2256 1292 1
993 1043 1
2059 2180 1
2499 1749 1
617 2644 1
1606 1296 1
2063 1342 1
280 278 1
945 579 1
1834 1049 1
2126 2671 1
1867 2200 1
1784 2137 1
1040 1802 1
168 1883 1
1644 690 1
793 2593 1
314 1868 1
1003 152 1
2386 1487 1
2932 1329 1
2063 889 1
270 766 1
662 1725 1
2883 17 1
2519 334 1
995 2931 1
1371 2649 1
2102 861 1
1436 2786 1
480 311 1
1274 1927 1
1310 710 1
792 1773 1
1763 709 1
1860 184 1
703 2298 1
2476 1421 1
2488 1645 1
140 56 1
1968 418 1
338 1729 1
2161 1102 1
2816 1147 1
2927 317 1
2382 696 1
2220 1503 1
1002 997 1
2810 349 1
2231 203 1
2624 787 1
2718 1222 1
2293 779 1
1553 2318 1
2086 70 1
1762 153 1
1114 2072 1
524 1795 1
1234 2915 1
2641 1143 1
2654 539 1
1932 781 1
1599 985 1
2072 1351 1
2328 277 1
1653 2612 1
2785 1493 1
1544 1819 1
1805 392 1
770 2064 1
1809 1444 1
2129 1436 1
1854 1469 1
2296 1247 1
1434 2788 1
2786 1886 1
482 1780 1
2281 550 1
2022 1392 1
682 2371 1
2637 1042 1
622 1665 1
1838 544 1
2506 2482 1
1180 2558 1
2931 2520 1
2021 1088 1
2164 2426 1
1811 951 1
2746 484 1
112 1597 1
187 2279 1
698 2679 1
1051 1892 1
2327 1319 1
1503 2541 1
1025 2001 1
1304 2479 1
774 1846 1
1402 2953 1
391 286 1
580 1970 1
816 2089 1
1125 2061 1
899 2814 1
1038 1663 1
150 2445 1
521 2687 1
2645 1045 1
2377 1219 1
1805 461 1
2517 71 1
691 2828 1
1830 700 1
2574 2855 1
1209 2890 1
495 1755 1
679 2314 1
253 1631 1
1721 801 1
1936 937 1
1379 2195 1
2122 1371 1
1086 1931 1
1501 1762 1
2086 2493 1
536 2101 1
497 2896 1
436 2865 1
918 2754 1
1083 1726 1
1659 210 1
2955 1481 1
2528 822 1
2713 2048 1
438 2462 1
131 2670 1
188 2737 1
2952 121 1
877 1800 1
2475 384 1
433 2840 1
1293 1 1
662 2651 1
213 2852 1
1875 226 1
2903 732 1
1527 1641 1
2025 2499 1
2538 728 1
2433 885 1
1945 394 1
1962 715 1
999 1797 1
1210 1853 1
2992 1456 1
2294 1144 1
521 1662 1
1004 1483 1
2653 1448 1
2307 1318 1
866 1469 1
1866 354 1
2145 266 1
203 2889 1
538 2592 1
2552 1330 1
1367 2318 1
17 1790 1
2099 915 1
947 2102 1
1198 2073 1
1066 289 1
1785 1119 1
2596 36 1
1877 1398 1
1910 1372 1
2541 513 1
985 1305 1
1288 2671 1
1201 2752 1
1935 1269 1
938 2449 1
2184 579 1
1186 1834 1
2846 1532 1
82 338 1
850 2122 1
1358 2935 1
1075 362 1
2549 973 1
2216 844 1
1600 117 1
822 2466 1
2174 1269 1
2906 292 1
457 2027 1
2977 1366 1
2056 342 1
77 2800 1
1316 595 1
2494 1128 1
560 1719 1
587 1733 1
1083 2913 1
2733 1855 1
241 2584 1
2903 448 1
937 1653 1
1793 2329 1
486 2766 1
2349 1024 1
2640 209 1
2244 550 1
2307 1503 1
1197 2597 1
2106 135 1
15 2075 1
702 2394 1
353 2972 1
522 18 1
2186 2008 1
2183 660 1
1371 1051 1
1181 2990 1
1446 626 1
1648 660 1
1753 195 1
2282 2108 1
237 2549 1
1345 2654 1
2435 1058 1
2332 914 1
2722 569 1
2551 1047 1
2817 269 1
1927 827 1
143 2125 1
2770 450 1
1953 2845 1
2070 810 1
2291 218 1
707 1863 1
1668 1172 1
2531 1168 1
2116 36 1
347 2150 1
735 1260 1
1124 751 1
2680 1321 1
40 1713 1
2564 1197 1
576 1144 1
2167 2043 1
366 2508 1
647 1818 1
1336 2591 1
1895 899 1
1791 1058 1
4 2487 1
334 2228 1
917 1898 1
2406 1899 1
552 265 1
314 2886 1
1478 2752 1
801 1970 1
2551 2365 1
1972 196 1
2639 855 1
2659 673 1
1927 760 1
2787 1561 1
550 1631 1
2671 1054 1
1468 2421 1
284 1839 1
2795 314 1
1737 537 1
2172 502 1
2388 301 1
1672 550 1
2353 766 1
2829 2351 1
2692 380 1
1549 1905 1
2137 707 1
2972 483 1
2583 620 1
2657 2615 1
902 2947 1
1116 2122 1
1869 1236 1
2738 2348 1
1611 1445 1
1097 2421 1
1974 1180 1
2485 167 1
2803 870 1
264 1691 1
2141 10 1
2894 322 1
368 2804 1
1187 2998 1
132 2110 1
1402 2481 1
875 1468 1
2953 1229 1
1017 1387 1
2405 879 1
1843 1440 1
1458 2909 1
2816 954 1
1449 2426 1
1311 2404 1
2244 648 1
1923 1547 1
606 2568 1
1201 1636 1
724 812 1
2489 1553 1
2235 947 1
1082 923 1
2313 1355 1
2103 1324 1
1040 1629 1
1204 2925 1
2171 103 1
828 1606 1
2120 1356 1
2011 815 1
1240 2506 1
607 2666 1
920 1769 1
2540 536 1
2122 1577 1
2294 147 1
334 1658 1
2426 1470 1
802 2916 1
2335 1405 1
480 255 1
1976 1274 1
2911 1000 1
536 2672 1
306 1252 1
1972 257 1
607 2368 1
401 2250 1
1619 949 1
2621 438 1
602 2701 1
2725 11 1
858 134 1
2140 1102 1
939 2480 1
421 931 1
2907 960 1
2211 141 1
1694 827 1
46 1695 1
2525 1320 1
294 1726 1
2049 1562 1
1802 401 1
1361 2258 1
423 1890 1
212 1697 1
2874 1252 1
2919 927 1
2154 940 1
1805 1096 1
1426 1927 1
1944 1048 1
2931 1489 1
974 51 1
328 1809 1
426 236 1
2963 587 1
417 2293 1
2614 1208 1
12 2370 1
2632 1316 1
1219 1298 1
2889 1186 1
660 2945 1
197 367 1
1383 587 1
158 434 1
54 2591 1
1181 2095 1
2462 1440 1
2107 501 1
1818 1534 1
1694 1525 1
301 1365 1
1388 1688 1
950 1846 1
503 2220 1
2601 1238 1
2986 1250 1
1479 2146 1
299 1966 1
2826 1480 1
1942 343 1
2060 239 1
2185 512 1
614 1758 1
2709 1219 1
2730 1415 1
2442 958 1
2866 242 1
2097 104 1
2588 357 1
846 1201 1
333 1771 1
626 2313 1
2293 2530 1
442 110 1
1191 2233 1
2754 589 1
2444 536 1
2552 93 1
673 2458 1
165 2022 1
2178 1460 1
553 1687 1
40 2354 1
2586 422 1
2636 1232 1
2015 1325 1
1026 2220 1
766 2440 1
1313 1303 1
739 2664 1
2176 1435 1
121 1935 1
23 325 1
1293 17 1
2339 1366 1
329 1467 1
1389 2054 1
535 2395 1
854 2537 1
326 1763 1
497 2367 1
294 68 1
2662 1464 1
2648 488 1
2669 976 1
1908 542 1
326 1466 1
2212 12 1
1225 2755 1
2039 198 1
500 1864 1
2896 906 1
909 2045 1
98 1819 1
1364 1635 1
1558 1909 1
2290 1283 1
2502 1744 1
2301 1258 1
2349 941 1
1122 2378 1
437 140 1
2585 1364 1
1768 2454 1
2680 322 1
49 1778 1
273 2672 1
2122 1189 1
2584 1229 1
1685 1415 1
1735 1828 1
1188 1722 1
822 2504 1
1401 240 1
1783 459 1
764 765 1
2356 902 1
2010 24 1
1179 2250 1
2270 294 1
584 368 1
2318 1796 1
727 2448 1
1711 162 1
2941 1184 1
831 2441 1
2014 1430 1
1374 2295 1
2565 509 1
2939 543 1
935 2674 1
1784 1503 1
702 496 1
392 2192 1
1420 1661 1
2986 718 1
1539 2753 1
853 2795 1
1316 2129 1
300 1287 1
1307 2945 1
433 1845 1
2554 552 1
1801 271 1
372 2483 1
444 2581 1
824 2348 1
1524 821 1
2072 1020 1
1352 2947 1
2321 1192 1
72 2063 1
1700 541 1
565 1684 1
1850 68 1
314 330 1
2621 389 1
1048 2646 1
2229 80 1
1659 1624 1
2540 1629 1
1980 6 1
1601 355 1
1292 1954 1
2939 2858 1
500 2633 1
1717 337 1
1546 2262 1
1662 1331 1
1928 1440 1
2149 2012 1
1721 879 1
127 2011 1
582 2529 1
407 1113 1
230 2217 1
2445 93 1
538 2816 1
1920 462 1
2189 178 1
1534 2161 1
2976 995 1
2689 664 1
1497 1920 1
1516 542 1
1092 1589 1
1236 2896 1
2851 1602 1
9 822 1
377 1742 1
318 612 1
2844 404 1
1185 2030 1
2863 283 1
1677 1407 1
1423 2592 1
502 2647 1
276 2927 1
1069 1703 1
344 590 1
2755 1903 1
1039 2106 1
2454 325 1
549 2187 1
2057 2843 1
2558 287 1
309 2326 1
2572 1330 1
1795 1602 1
2333 896 1
2101 134 1
1885 1045 1
2334 439 1
2776 564 1
2631 2601 1
1995 539 1
2634 1586 1
2616 1187 1
150 2966 1
1337 1771 1
976 2404 1
426 445 1
526 2717 1
1956 1276 1
1343 1444 1
735 1296 1
675 2726 1
1537 2934 1
1412 2794 1
2629 1854 1
1940 359 1
2493 1061 1
589 1546 1
432 2214 1
2465 233 1
2422 2023 1
1319 1698 1
2100 1155 1
1454 2628 1
2985 609 1
1171 2547 1
2326 2748 1
130 1823 1
635 2404 1
1271 392 1
2892 302 1
655 1334 1
929 1601 1
1996 1521 1
1524 2286 1
257 1926 1
1087 1693 1
859 1829 1
2729 910 1
834 1899 1
1898 163 1
2498 1565 1
2878 1132 1
1517 703 1
452 1605 1
2754 1214 1
2810 2905 1
1370 2676 1
429 171 1
1563 2341 1
2562 939 1
1676 1420 1
2243 2560 1
1970 1314 1
685 2548 1
2195 1539 1
2898 1047 1
2398 740 1
438 1693 1
2322 1042 1
2957 279 1
2373 2280 1
1882 2346 1
1304 2333 1
2397 2656 1
1021 45 1
569 2795 1
174 1841 1
386 1663 1
2350 231 1
290 1699 1
2621 876 1
572 1266 1
249 2426 1
524 2690 1
2590 2406 1
2240 505 1
2019 1266 1
1348 2224 1
731 2575 1
2438 1309 1
1353 2029 1
2218 1402 1
1202 2691 1
990 1645 1
406 300 1
1039 2187 1
2775 655 1
1067 2418 1
2075 1351 1
2026 1201 1
1313 2418 1
2418 1003 1
1828 530 1
1684 282 1
77 1730 1
49 47 1
2412 1703 1
2356 2724 1
2423 2766 1
359 2625 1
1554 2302 1
69 1954 1
1772 1144 1
694 2244 1
1178 1877 1
990 379 1
1434 468 1
1297 2813 1
2462 1501 1
2387 987 1
2486 89 1
2821 1298 1
1693 641 1
1956 1493 1
2936 1853 1
1344 1622 1
89 2741 1
577 2819 1
2792 899 1
2525 946 1
670 2797 1
629 2677 1
2044 1499 1
705 2496 1
894 2647 1
34 2612 1
156 2933 1
856 707 1
627 2545 1
1522 10 1
2421 229 1
1017 1921 1
1066 773 1
1641 945 1
1076 1855 1
2494 439 1
2320 2658 1
108 2288 1
2795 1283 1
1209 1901 1
2661 204 1
1914 1294 1
494 2944 1
2924 1688 1
2880 1119 1
2989 305 1
178 1973 1
107 2210 1
2074 1210 1
2013 457 1
1668 1388 1
421 2591 1
607 1778 1
664 2922 1
1904 756 1
634 491 1
1099 270 1
1678 1338 1
410 2375 1
2032 279 1
60 1662 1
992 2078 1
1683 906 1
2734 1523 1
1320 2895 1
1066 2323 1
2740 1300 1
264 2857 1
209 2522 1
2055 1339 1
2618 1376 1
2831 741 1
130 1708 1
1886 813 1
1261 2590 1
862 2309 1
2380 856 1
2997 1003 1
1979 295 1
475 1856 1
2523 831 1
2660 1435 1
2939 322 1
1218 1966 1
2095 1201 1
938 2392 1
1004 2249 1
82 2829 1
871 2938 1
2448 314 1
2029 650 1
2083 598 1
771 2946 1
2791 1260 1
2046 1068 1
228 2764 1
2523 1328 1
351 1605 1
994 2932 1
2761 1418 1
487 505 1
409 1705 1
1692 2391 1
1159 427 1
1722 927 1
1251 1652 1
1712 1245 1
1364 1166 1
1065 1211 1
1015 235 1
1933 1265 1
2145 1907 1
2972 1566 1
1270 1667 1
2138 874 1
2542 2258 1
1288 2977 1
2046 330 1
2307 891 1
2039 2015 1
2371 812 1
1373 2824 1
626 581 1
2559 45 1
1056 1781 1
556 2154 1
134 844 1
2289 925 1
2788 1348 1
2595 2762 1
1399 2630 1
126 2852 1
1109 1495 1
2500 1099 1
2797 333 1
1523 60 1
2486 1142 1
870 2350 1
1080 788 1
1584 2100 1
1354 1646 1
1742 1515 1
384 1899 1
2992 1148 1
182 683 1
786 2583 1
587 382 1
815 2248 1
2138 1537 1
1650 2262 1
121 2474 1
1775 910 1
878 943 1
462 1043 1
1811 2440 1
1020 2275 1
1443 2534 1
2177 987 1
1581 2732 1
754 905 1
1187 2245 1
352 720 1
1805 105 1
513 2020 1
208 2564 1
2552 1891 1
2563 781 1
1547 2473 1
65 1680 1
1067 1854 1
1821 2167 1
1404 2032 1
1697 335 1
1341 2515 1
568 1988 1
2077 134 1
350 2597 1
392 1270 1
2468 722 1
457 1893 1
588 2785 1
707 2649 1
2632 2455 1
2600 2423 1
1384 2400 1
2354 656 1
2933 1546 1
725 2759 1
1370 1847 1
829 2465 1
2898 1770 1
312 1601 1
1284 2117 1
71 2769 1
669 1776 1
2371 1539 1
3 1694 1
1586 1980 1
2230 2112 1
2343 355 1
2944 293 1
2255 583 1
1398 1294 1
2654 1272 1
1554 749 1
889 2585 1
2146 104 1
2666 215 1
104 1756 1
2509 466 1
1503 2760 1
284 202 1
200 535 1
715 1830 1
1030 2743 1
1015 341 1
2048 1004 1
732 2791 1
1659 1418 1
1572 2832 1
2799 482 1
2444 571 1
2978 1361 1
1906 657 1
1202 2601 1
170 437 1
1145 30 1
909 2494 1
1718 2551 1
211 2052 1
1247 1912 1
459 2162 1
349 2051 1
1094 2554 1
246 2322 1
613 2453 1
1127 2062 1
717 2283 1
1677 234 1
1369 1997 1
2398 2208 1
256 2218 1
2449 591 1
976 1909 1
1806 1458 1
1901 1028 1
1345 1514 1
245 2049 1
1936 1107 1
1465 2226 1
1728 2850 1
1947 618 1
1416 2986 1
2583 68 1
2161 492 1
1310 2640 1
2421 1324 1
2093 835 1
1348 186 1
806 2760 1
695 1804 1
2766 11 1
2410 2275 1
2768 1271 1
2381 435 1
1752 724 1
334 2577 1
319 1553 1
151 1746 1
1992 1029 1
1466 1263 1
2950 25 1
251 2566 1
2374 762 1
870 575 1
1719 75 1
1569 2445 1
2219 1205 1
2669 1044 1
1248 2869 1
1936 360 1
1708 207 1
1547 1823 1
2498 1315 1
1645 684 1
1829 869 1
7 723 1
2220 484 1
2706 73 1
2670 383 1
106 2460 1
580 2668 1
719 2254 1
1861 2979 1
1213 2210 1
1910 1142 1
1496 2888 1
1889 1138 1
2062 176 1
1844 737 1
465 1762 1
1418 2000 1
2032 650 1
1028 1780 1
2137 2909 1
1673 2557 1
2721 1397 1
446 2509 1
1332 1876 1
1433 2505 1
521 1683 1
181 79 1
403 2217 1
406 2099 1
210 1270 1
1072 2756 1
891 248 1
2836 201 1
521 1374 1
2776 1896 1
2109 798 1
477 1888 1
140 2236 1
1581 575 1
2345 141 1
1784 1515 1
2586 1311 1
1542 2110 1
1833 1016 1
620 1780 1
2642 2194 1
2656 339 1
2977 365 1
1820 2836 1
618 1827 1
1628 1020 1
2877 674 1
2533 7 1
439 2348 1
2824 2794 1
399 2439 1
746 2437 1
2287 574 1
2508 1298 1
227 2531 1
1829 55 1
2270 374 1
150 2781 1
645 2068 1
829 1925 1
668 1637 1
252 2819 1
45 2167 1
2400 1300 1
771 1824 1
1825 619 1
2085 1413 1
2015 611 1
929 233 1
2498 25 1
902 1717 1
837 1887 1
2352 865 1
2316 1266 1
1565 1804 1
151 2959 1
1917 748 1
173 1106 1
1816 1206 1
1915 1504 1
1726 620 1
2888 716 1
575 2359 1
2993 406 1
1603 2761 1
22 1779 1
1415 1803 1
1976 193 1
2581 1450 1
2867 692 1
652 2083 1
2260 86 1
2185 1260 1
2027 1575 1
2493 1498 1
413 401 1
1660 1003 1
286 203 1
1974 1411 1
1431 1276 1
2876 803 1
833 2701 1
1171 2831 1
2714 1337 1
1828 1671 1
455 2475 1
2032 1530 1
1284 2940 1
2962 821 1
2 2651 1
1759 2052 1
981 1909 1
72 2285 1
1394 2238 1
765 2833 1
1638 2004 1
642 1699 1
359 1626 1
2329 468 1
2023 444 1
2627 432 1
2093 30 1
2274 621 1
2223 1568 1
977 1216 1
1351 1777 1
1822 2474 1
2131 1083 1
957 2172 1
1291 2707 1
1988 613 1
837 1422 1
705 1001 1
2658 2734 1
1051 2352 1
2923 442 1
2941 1171 1
872 1702 1
2032 1412 1
2657 1612 1
613 2942 1
2916 494 1
1416 2905 1
343 1284 1
2145 307 1
210 1861 1
666 2557 1
1240 2454 1
1569 1120 1
2815 12 1
2325 617 1
945 2309 1
1923 2226 1
2500 1558 1
2030 742 1
1723 1398 1
2383 2252 1
1306 2928 1
499 604 1
1072 2249 1
474 2659 1
2756 1524 1
2648 469 1
1353 425 1
1031 1607 1
1936 187 1
2079 1331 1
537 2768 1
2725 267 1
800 1229 1
480 701 1
571 2291 1
2307 1490 1
49 373 1
1653 859 1
1682 504 1
2050 877 1
1787 1087 1
1143 2778 1
2209 382 1
2808 317 1
2080 2569 1
2241 2900 1
2183 322 1
44 2117 1
2730 204 1
2975 710 1
2931 1225 1
1510 2223 1
1993 682 1
549 2555 1
368 2736 1
2069 2239 1
1080 2545 1
1131 2689 1
2911 1265 1
206 2865 1
2507 2890 1
1619 698 1
808 2711 1
471 1624 1
1852 124 1
2717 607 1
2829 1467 1
1395 699 1
2115 233 1
541 1864 1
281 2071 1
1496 2328 1
1268 1671 1
856 2207 1
1631 1183 1
2882 1599 1
2558 437 1
44 1572 1
1908 254 1
2675 1854 1
1904 171 1
400 2812 1
1602 418 1
2767 665 1
2248 1150 1
422 1 1
1646 761 1
1553 2971 1
422 1700 1
1655 1213 1
532 2878 1
410 1218 1
1846 1442 1
529 1997 1
1059 2120 1
1820 1489 1
899 1831 1
1561 588 1
2044 473 1
1297 2296 1
1913 1031 1
1352 2395 1
2 2317 1
600 2425 1
315 2733 1
641 2926 1
1975 1546 1
1640 1276 1
1561 2344 1
1139 2954 1
1603 1108 1
752 1793 1
1901 1311 1
215 2032 1
68 2954 1
2173 1233 1
1466 2384 1
1568 2026 1
1058 2212 1
2210 518 1
911 2862 1
2700 449 1
668 2374 1
2871 1979 1
2578 270 1
1654 386 1
2072 2814 1
377 2886 1
2075 349 1
817 2292 1
2421 74 1
569 2299 1
1769 152 1
147 1029 1
105 1896 1
504 93 1
877 2714 1
1292 1822 1
1705 1472 1
2009 1406 1
1032 1239 1
1900 110 1
448 2194 1
1832 830 1
2359 602 1
456 1938 1
2594 1315 1
2452 1506 1
2333 787 1
2252 1478 1
1002 1341 1
695 2011 1
2291 667 1
2050 2487 1
1793 2344 1
2379 633 1
2707 645 1
2869 1460 1
2168 1038 1
1026 1983 1
2487 1491 1
207 2364 1
2445 2552 1
2902 457 1
2273 412 1
366 2088 1
2632 686 1
945 2042 1
653 167 1
2985 1147 1
2667 752 1
610 1755 1
2155 164 1
489 2278 1
2856 289 1
2738 1915 1
1929 96 1
1376 2944 1
1916 629 1
244 1135 1
2072 1582 1
2261 2688 1
1911 1279 1
693 2411 1
155 2170 1
2579 473 1
2503 1758 1
748 2706 1
507 2309 1
1188 1766 1
1412 1605 1
102 2691 1
2750 451 1
520 1838 1
1804 682 1
461 1706 1
734 2093 1
1347 1948 1
2430 1226 1
2028 745 1
151 1434 1
748 2627 1
950 2029 1
1219 1965 1
2832 1822 1
1362 1818 1
552 2377 1
1403 1735 1
1505 2192 1
1823 2456 1
560 1192 1
316 2784 1
130 2128 1
359 2904 1
2504 1754 1
2806 45 1
1872 370 1
1483 2889 1
2027 1386 1
2986 1302 1
2910 363 1
632 751 1
467 2614 1
257 743 1
2632 1067 1
905 2413 1
846 2995 1
2031 295 1
473 2272 1
196 2385 1
266 1904 1
1797 757 1
1489 2512 1
2912 54 1
2060 1237 1
2824 2196 1
1053 2217 1
2376 1550 1
908 1958 1
2583 1474 1
2717 1372 1
2209 502 1
2001 1696 1
1691 1817 1
1378 2824 1
1879 230 1
2696 568 1
2591 1461 1
531 2920 1
1306 2798 1
2001 669 1
2098 992 1
718 1802 1
2810 377 1
2447 332 1
492 1825 1
2870 1389 1
2440 48 1
2959 1505 1
2785 325 1
2794 596 1
1243 2881 1
826 2374 1
71 1854 1
519 2638 1
1983 868 1
2003 712 1
827 2569 1
1970 160 1
383 1660 1
2624 960 1
806 2743 1
431 2839 1
1930 2220 1
1941 1321 1
2792 2285 1
1771 1154 1
1201 1587 1
1949 1468 1
1996 842 1
604 2493 1
1883 251 1
2637 125 1
388 1809 1
2008 112 1
1624 496 1
236 1785 1
2470 1359 1
1732 1470 1
2387 1525 1
2677 1394 1
1651 1164 1
2681 664 1
311 2887 1
1551 176 1
2571 1101 1
1708 775 1
1833 1539 1
2999 181 1
1246 619 1
1905 2539 1
2753 783 1
661 1720 1
592 600 1
26 2949 1
2438 687 1
870 2093 1
2115 401 1
1279 1050 1
1147 48 1
1375 1205 1
810 1839 1
1860 1018 1
319 1763 1
2494 2737 1
2416 286 1
1937 527 1
2688 164 1
292 2344 1
598 1689 1
2902 560 1
1728 854 1
481 2646 1
107 443 1
2445 88 1
1485 1907 1
1316 1779 1
816 1821 1
1743 770 1
79 841 1
1274 2777 1
371 2108 1
186 1507 1
1471 2374 1
2109 2865 1
75 1381 1
2350 819 1
1258 1723 1
1465 2311 1
10 1597 1
755 2796 1
1944 1611 1
1456 1203 1
455 1817 1
431 2247 1
2025 1456 1
1025 2649 1
2679 25 1
2388 1569 1
921 2694 1
96 1836 1
296 2329 1
1078 1923 1
572 1953 1
2331 1428 1
1842 271 1
1041 2107 1
2467 1183 1
2479 1281 1
550 665 1
1223 2477 1
981 1955 1
2614 952 1
2607 1351 1
1893 1134 1
424 2673 1
1567 2301 1
1018 2454 1
1532 2936 1
2346 1586 1
1986 175 1
1262 1984 1
2764 355 1
2970 1335 1
1675 333 1
1747 586 1
1919 195 1
2756 1502 1
2134 1091 1
135 2046 1
1697 695 1
2280 2882 1
2339 603 1
107 1616 1
1194 2291 1
1225 1883 1
1143 1645 1
165 1268 1
569 2436 1
2002 147 1
2631 1316 1
2600 929 1
1773 2681 1
2907 43 1
1130 2269 1
2364 475 1
2290 1198 1
2873 401 1
59 2692 1
2633 1254 1
2940 526 1
2256 965 1
1799 1172 1
2984 2545 1
2447 328 1
209 2350 1
2261 2982 1
1383 1607 1
440 2745 1
455 1719 1
10 1820 1
2815 2545 1
35 2078 1
1562 1807 1
1726 694 1
1516 128 1
2849 2258 1
899 2237 1
134 2518 1
2610 476 1
2326 1096 1
125 2274 1
2072 1268 1
1647 1358 1
1797 90 1
1764 2174 1
2282 1395 1
2635 1909 1
1500 1489 1
1766 1017 1
1814 1335 1
1244 1699 1
331 2346 1
1523 28 1
2325 2209 1
2811 1134 1
2651 755 1
2072 590 1
2536 1526 1
2777 1187 1
1853 389 1
1252 2353 1
1559 1948 1
1955 1354 1
427 2324 1
2023 293 1
757 2493 1
2012 380 1
1836 997 1
1732 1324 1
1906 689 1
690 1710 1
591 2559 1
1890 331 1
544 2368 1
286 2574 1
2353 1134 1
819 2838 1
1016 2800 1
2323 309 1
2438 1005 1
1331 2257 1
1950 1526 1
2286 111 1
1600 1275 1
1869 94 1
1489 2944 1
1765 809 1
1712 1261 1
1234 2146 1
2047 862 1
1900 100 1
2599 1484 1
1384 2512 1
123 2784 1
2961 373 1
2184 1297 1
1344 2301 1
2051 343 1
598 2138 1
1450 2697 1
2441 773 1
25 2340 1
2699 719 1
1173 2903 1
974 2032 1
2775 897 1
582 1682 1
2434 1536 1
1492 2296 1
2443 2465 1
2389 665 1
2039 2319 1
2665 634 1
2693 2944 1
354 1610 1
229 2843 1
300 2545 1
2528 1024 1
88 473 1
2251 849 1
267 1841 1
1565 1654 1
2941 520 1
1829 105 1
2106 1312 1
1372 2999 1
2984 920 1
1547 1878 1
1922 990 1
482 594 1
1044 1876 1
2535 338 1
1779 951 1
1127 395 1
1073 1498 1
312 2992 1
1416 142 1
2403 798 1
2149 1023 1
266 2615 1
2717 2964 1
2872 290 1
2622 773 1
2363 49 1
2762 1483 1
2796 208 1
744 2512 1
724 2672 1
2698 627 1
2206 1184 1
865 2044 1
1192 2208 1
2567 2544 1
464 350 1
1488 1927 1
1626 1359 1
659 1960 1
2851 158 1
1575 2477 1
1994 1024 1
2156 2241 1
2590 2109 1
760 2086 1
1397 2054 1
1040 17 1
1992 133 1
2037 1232 1
421 2784 1
2072 358 1
1501 2145 1
1973 1045 1
1752 1565 1
2034 774 1
824 2085 1
2009 1233 1
879 2767 1
1271 1850 1
2445 93 1
2276 602 1
2747 1114 1
