3000 3000
457 947 1
2013 2503 1
356 2866 1
2931 421 1
2559 2069 1
397 2907 1
888 398 1
2131 2621 1
872 382 1
247 737 1
2797 287 1
2824 314 1
846 1336 1
1480 1970 1
116 2626 1
2733 223 1
2306 2796 1
2170 2660 1
1623 2113 1
83 573 1
2624 114 1
2657 147 1
1605 1115 1
2676 2186 1
912 422 1
2749 2259 1
858 368 1
2152 2642 1
775 285 1
2851 2361 1
2167 2657 1
1722 1232 1
1567 2057 1
2139 2629 1
2363 2853 1
2620 110 1
2315 1825 1
540 1030 1
30 520 1
217 2727 1
1508 1998 1
49 2559 1
701 1191 1
1191 1681 1
669 179 1
1334 844 1
621 1111 1
2671 161 1
1611 2101 1
1410 1900 1
2010 1520 1
907 1397 1
1408 918 1
1240 750 1
2340 2830 1
616 1106 1
477 2987 1
2187 1697 1
1279 1769 1
1290 800 1
1771 2261 1
2690 180 1
1985 1495 1
1545 1055 1
36 2546 1
2551 41 1
538 1028 1
783 1273 1
170 2680 1
1097 607 1
1014 524 1
212 2722 1
1830 2320 1
1955 1465 1
2540 30 1
2534 24 1
1767 2257 1
1648 1158 1
1268 1758 1
242 2752 1
2981 471 1
1117 1607 1
1595 1105 1
710 1200 1
32 522 1
272 2782 1
2978 2488 1
2972 462 1
8 498 1
1798 1308 1
1129 1619 1
1053 1543 1
905 1395 1
1889 2379 1
1489 1979 1
212 702 1
2284 1794 1
1421 931 1
1385 1875 1
82 572 1
2156 1666 1
332 822 1
747 1237 1
2431 2921 1
1966 1476 1
241 731 1
2323 2813 1
579 89 1
56 2566 1
494 984 1
987 1477 1
1755 1265 1
2127 1637 1
2887 2397 1
1727 2217 1
2531 21 1
2079 2569 1
2634 2144 1
507 17 1
2000 1510 1
1606 2096 1
707 1197 1
977 1467 1
1496 1006 1
2512 2022 1
1166 676 1
1132 642 1
2761 251 1
2349 2839 1
1468 1958 1
785 1275 1
1561 1071 1
1639 2129 1
2535 2045 1
1456 966 1
184 674 1
1609 1119 1
1654 2144 1
1316 1806 1
2748 2258 1
2672 2182 1
824 1314 1
529 39 1
1073 583 1
1963 1473 1
2587 2097 1
2415 1925 1
979 489 1
2298 1808 1
1214 1704 1
2847 337 1
2708 2218 1
1228 1718 1
250 2760 1
1372 882 1
127 617 1
1537 1047 1
1943 1453 1
954 464 1
463 953 1
1704 2194 1
790 300 1
1282 792 1
1819 1329 1
1316 826 1
169 2679 1
2109 2599 1
154 2664 1
543 53 1
2725 2235 1
1100 610 1
186 676 1
88 578 1
1469 1959 1
2472 1982 1
1876 1386 1
1756 1266 1
1190 700 1
2919 409 1
440 2950 1
2692 182 1
1857 2347 1
231 2741 1
1618 2108 1
257 2767 1
1522 2012 1
1391 901 1
605 115 1
1870 2360 1
2266 2756 1
461 2971 1
924 1414 1
2394 1904 1
155 645 1
226 2736 1
1544 2034 1
880 1370 1
606 1096 1
2196 2686 1
284 774 1
1155 1645 1
663 1153 1
1176 686 1
2451 1961 1
1587 2077 1
1283 793 1
2798 2308 1
2523 2033 1
1501 1011 1
2118 2608 1
1229 739 1
2937 427 1
2244 2734 1
2581 2091 1
2735 225 1
182 672 1
2162 1672 1
598 1088 1
216 706 1
2701 191 1
517 1007 1
1853 2343 1
1625 1135 1
2494 2004 1
847 1337 1
2578 2088 1
2506 2996 1
1352 862 1
2734 224 1
2682 172 1
2594 84 1
1117 627 1
1207 717 1
582 1072 1
1618 1128 1
108 2618 1
530 40 1
151 641 1
235 2745 1
657 1147 1
2932 2442 1
1941 1451 1
1470 980 1
1136 1626 1
256 746 1
2117 1627 1
400 890 1
2207 2697 1
2283 2773 1
2727 2237 1
363 2873 1
1748 1258 1
1849 1359 1
1760 2250 1
1347 857 1
2294 1804 1
1521 2011 1
1448 1938 1
1057 567 1
1430 940 1
693 1183 1
269 2779 1
2285 2775 1
2533 2043 1
577 1067 1
1817 2307 1
962 1452 1
2476 2966 1
1384 1874 1
642 152 1
2884 374 1
1693 2183 1
445 935 1
1977 1487 1
1433 943 1
1099 609 1
1791 2281 1
1867 1377 1
1021 1511 1
2046 2536 1
1150 660 1
1584 1094 1
999 509 1
2964 454 1
1216 1706 1
2271 1781 1
1941 2431 1
892 402 1
808 1298 1
2665 155 1
1320 830 1
570 80 1
1706 2196 1
2236 2726 1
2358 1868 1
1815 1325 1
1801 1311 1
2504 2994 1
1353 863 1
492 2 1
2800 290 1
1351 1841 1
2150 1660 1
1101 1591 1
1653 1163 1
955 1445 1
2326 2816 1
2555 2065 1
2594 2104 1
2035 2525 1
1381 1871 1
2809 299 1
2432 2922 1
2970 460 1
2086 1596 1
681 191 1
1843 1353 1
599 1089 1
1393 1883 1
143 2653 1
1349 859 1
106 2616 1
1474 1964 1
1054 564 1
1457 1947 1
2846 2356 1
2077 2567 1
2527 2037 1
2687 177 1
335 2845 1
1064 1554 1
293 783 1
406 896 1
1994 2484 1
2566 2076 1
239 2749 1
52 542 1
1854 1364 1
1127 637 1
381 2891 1
2084 2574 1
25 2535 1
1928 1438 1
724 234 1
1677 1187 1
301 791 1
1847 1357 1
2220 1730 1
64 2574 1
592 102 1
2051 2541 1
2842 332 1
2137 2627 1
49 539 1
1182 1672 1
1186 1676 1
1737 2227 1
531 41 1
2458 2948 1
170 660 1
200 2710 1
2354 2844 1
1260 1750 1
2006 1516 1
2031 2521 1
957 467 1
2015 2505 1
2503 2993 1
1811 2301 1
1423 1913 1
1987 1497 1
2149 2639 1
2126 2616 1
2005 1515 1
1282 1772 1
2785 2295 1
2918 408 1
1277 787 1
711 1201 1
1828 1338 1
2138 2628 1
781 291 1
1304 814 1
369 2879 1
1729 2219 1
2512 2 1
1572 2062 1
124 614 1
1978 1488 1
2412 2902 1
2205 1715 1
2825 2335 1
1498 1008 1
2499 2989 1
2949 439 1
713 223 1
1652 2142 1
1210 720 1
298 788 1
700 210 1
800 310 1
1644 1154 1
1326 1816 1
1754 1264 1
2381 2871 1
229 2739 1
1872 1382 1
889 1379 1
1360 870 1
1539 2029 1
2894 2404 1
422 2932 1
945 455 1
2408 2898 1
1649 2139 1
1338 848 1
2291 2781 1
1512 1022 1
2312 2802 1
1544 1054 1
1075 585 1
867 377 1
1578 1088 1
1498 1988 1
2165 2655 1
456 946 1
2089 1599 1
677 1167 1
146 2656 1
1228 738 1
419 909 1
2009 2499 1
765 275 1
2907 2417 1
288 778 1
1926 2416 1
2909 2419 1
157 647 1
1361 871 1
1756 2246 1
1799 1309 1
1226 736 1
307 2817 1
770 1260 1
1207 1697 1
241 2751 1
2270 1780 1
1721 2211 1
747 257 1
2812 302 1
1368 878 1
1793 1303 1
2127 2617 1
2002 2492 1
10 2520 1
512 1002 1
1189 699 1
673 1163 1
2666 156 1
2508 2998 1
2455 1965 1
2041 2531 1
839 1329 1
211 2721 1
1513 1023 1
449 2959 1
2905 395 1
857 367 1
2450 1960 1
1465 975 1
1919 1429 1
2805 295 1
959 469 1
2791 2301 1
2087 2577 1
1340 1830 1
1575 1085 1
758 1248 1
1209 719 1
1962 1472 1
2434 2924 1
2510 3000 1
1857 1367 1
886 396 1
1399 909 1
1081 591 1
1635 1145 1
2064 1574 1
1175 685 1
2774 2284 1
2803 293 1
10 500 1
1904 1414 1
1635 2125 1
730 240 1
2740 2250 1
2747 2257 1
1959 2449 1
2272 2762 1
2643 133 1
2716 206 1
2324 1834 1
964 474 1
1844 2334 1
895 405 1
1548 1058 1
752 1242 1
2991 2501 1
1475 1965 1
2548 2058 1
507 997 1
2047 2537 1
1324 1814 1
2601 91 1
1607 2097 1
389 879 1
504 14 1
2282 1792 1
945 1435 1
1082 1572 1
1506 1996 1
1560 1070 1
1708 1218 1
490 3000 1
1931 2421 1
1289 1779 1
2170 1680 1
1589 2079 1
2689 2199 1
1954 2444 1
523 1013 1
883 393 1
735 1225 1
2471 1981 1
1060 570 1
1526 2016 1
1651 2141 1
1802 1312 1
1792 1302 1
1868 1378 1
1877 1387 1
2928 418 1
2675 165 1
820 1310 1
558 1048 1
519 29 1
2175 1685 1
270 760 1
126 616 1
684 194 1
2807 2317 1
235 725 1
655 165 1
719 229 1
1698 2188 1
1331 841 1
1604 2094 1
270 2780 1
116 606 1
2553 43 1
468 958 1
1943 2433 1
2905 2415 1
44 2554 1
1450 1940 1
190 2700 1
105 595 1
2825 315 1
2947 437 1
2882 372 1
658 168 1
865 1355 1
2167 1677 1
1427 1917 1
2678 2188 1
1237 1727 1
2632 2142 1
1479 1969 1
1122 632 1
2276 1786 1
2652 142 1
2725 215 1
804 1294 1
1219 729 1
1299 809 1
1495 1005 1
560 1050 1
2799 289 1
1211 1701 1
2265 2755 1
2791 281 1
2985 2495 1
2106 1616 1
2651 2161 1
2915 405 1
2399 2889 1
2893 2403 1
537 1027 1
2962 2472 1
128 2638 1
2040 2530 1
175 665 1
2984 474 1
1046 556 1
749 259 1
2849 339 1
1771 1281 1
2702 192 1
1532 2022 1
796 306 1
1507 1017 1
379 869 1
2857 347 1
2556 2066 1
409 899 1
2086 2576 1
2817 2327 1
1972 1482 1
2815 2325 1
974 484 1
2759 249 1
601 111 1
2066 1576 1
1683 1193 1
1035 1525 1
961 471 1
1776 1286 1
2837 327 1
483 973 1
185 675 1
2059 1569 1
1287 1777 1
1998 2488 1
2768 2278 1
253 2763 1
1053 563 1
2172 2662 1
1126 636 1
37 2547 1
1630 1140 1
1662 2152 1
2308 1818 1
398 2908 1
1152 662 1
1104 614 1
1318 828 1
2738 2248 1
1390 1880 1
2383 1893 1
2165 1675 1
1696 2186 1
884 394 1
1509 1019 1
2974 2484 1
543 1033 1
1494 1984 1
2577 67 1
2793 2303 1
1065 1555 1
575 1065 1
33 523 1
1668 2158 1
1462 1952 1
2205 2695 1
122 2632 1
206 696 1
1443 1933 1
2591 81 1
912 1402 1
1406 916 1
117 2627 1
2517 7 1
158 2668 1
628 138 1
2440 1950 1
323 2833 1
1481 991 1
70 2580 1
2335 1845 1
2629 119 1
1874 2364 1
443 933 1
1855 2345 1
1319 829 1
1745 2235 1
568 1058 1
2561 51 1
1578 2068 1
1419 1909 1
681 1171 1
718 1208 1
963 473 1
2852 342 1
2784 274 1
1548 2038 1
2608 98 1
1935 1445 1
1016 526 1
2405 2895 1
1755 2245 1
2810 300 1
1679 2169 1
64 554 1
2800 2310 1
2737 2247 1
980 490 1
1032 1522 1
414 2924 1
620 130 1
1413 923 1
2659 2169 1
2023 2513 1
1967 2457 1
1716 2206 1
431 921 1
1308 818 1
595 1085 1
4 2514 1
2655 145 1
2082 2572 1
2643 2153 1
1299 1789 1
1470 1960 1
2568 2078 1
2776 2286 1
81 571 1
760 1250 1
884 1374 1
532 42 1
1442 952 1
983 493 1
752 262 1
785 295 1
586 96 1
2109 1619 1
1745 1255 1
482 972 1
1399 1889 1
619 129 1
630 140 1
1691 2181 1
1999 2489 1
435 925 1
2311 1821 1
328 2838 1
2495 2005 1
1493 1983 1
1149 659 1
278 2788 1
757 267 1
733 243 1
1370 1860 1
2771 2281 1
1032 542 1
2185 1695 1
2333 1843 1
2601 2111 1
661 1151 1
1301 811 1
2074 1584 1
2511 1 1
220 710 1
1179 689 1
1815 2305 1
2061 2551 1
227 2737 1
2259 1769 1
708 1198 1
127 2637 1
338 828 1
2575 2085 1
2975 2485 1
2533 23 1
1538 1048 1
1586 2076 1
594 104 1
1861 2351 1
2266 1776 1
2348 1858 1
862 372 1
2902 392 1
2818 2328 1
723 233 1
1159 1649 1
1455 1945 1
1141 651 1
2355 1865 1
1882 2372 1
1719 2209 1
149 639 1
1099 1589 1
2683 2193 1
2528 2038 1
1994 1504 1
787 297 1
357 2867 1
1411 1901 1
2352 1862 1
353 843 1
2610 100 1
755 265 1
2654 144 1
1955 2445 1
1680 1190 1
1398 908 1
261 2771 1
2605 95 1
728 238 1
2490 2000 1
2598 2108 1
2202 1712 1
1365 1855 1
2054 1564 1
2525 15 1
1547 1057 1
1894 2384 1
520 1010 1
2729 2239 1
1543 2033 1
2072 2562 1
399 889 1
1927 2417 1
504 994 1
1229 1719 1
899 1389 1
1302 812 1
2416 2906 1
320 2830 1
31 521 1
766 276 1
1956 1466 1
2549 2059 1
2620 2130 1
1539 1049 1
2641 2151 1
553 1043 1
1481 1971 1
1066 1556 1
1707 2197 1
961 1451 1
1948 1458 1
1911 2401 1
2999 489 1
2892 382 1
962 472 1
1213 1703 1
2789 279 1
1848 2338 1
1332 842 1
47 537 1
2422 1932 1
1952 2442 1
1946 1456 1
2134 1644 1
2486 1996 1
2670 160 1
2179 1689 1
329 2839 1
688 1178 1
2709 199 1
1020 1510 1
2454 1964 1
695 205 1
1154 664 1
1739 2229 1
119 609 1
2859 2369 1
833 343 1
2647 2157 1
345 2855 1
2056 1566 1
440 930 1
2293 2783 1
897 1387 1
869 1359 1
1825 1335 1
750 260 1
805 1295 1
2778 2288 1
72 2582 1
52 2562 1
597 1087 1
314 804 1
1093 1583 1
998 508 1
2554 2064 1
2305 2795 1
2714 2224 1
2275 1785 1
1986 1496 1
2428 2918 1
153 2663 1
2423 1933 1
1343 1833 1
370 2880 1
1112 1602 1
1856 1366 1
611 1101 1
651 161 1
2177 1687 1
924 434 1
1351 861 1
2138 1648 1
163 2673 1
1674 2164 1
758 268 1
1820 2310 1
2225 2715 1
1711 2201 1
1867 2357 1
1633 2123 1
2553 2063 1
1807 2297 1
176 666 1
511 1001 1
2563 53 1
2699 2209 1
647 1137 1
2502 2012 1
1731 2221 1
2171 2661 1
2997 2507 1
1134 1624 1
732 242 1
1919 2409 1
2726 216 1
577 87 1
1786 1296 1
2003 1513 1
1203 1693 1
845 355 1
484 2994 1
894 404 1
1285 795 1
789 299 1
1795 2285 1
2770 2280 1
367 2877 1
1940 2430 1
240 2750 1
2547 2057 1
600 1090 1
1506 1016 1
538 48 1
1601 2091 1
2557 47 1
1453 963 1
1109 1599 1
1558 2048 1
2009 1519 1
1130 1620 1
2080 2570 1
1444 1934 1
1503 1993 1
13 2523 1
644 1134 1
273 763 1
432 2942 1
1062 572 1
2007 1517 1
1358 868 1
2277 2767 1
2073 2563 1
740 250 1
71 2581 1
902 412 1
205 2715 1
74 2584 1
1497 1007 1
1922 2412 1
2482 1992 1
2658 2168 1
2134 2624 1
2893 383 1
2982 2492 1
55 2565 1
1063 1553 1
637 147 1
2946 436 1
1192 1682 1
1819 2309 1
1552 1062 1
751 261 1
2639 129 1
2353 1863 1
2119 1629 1
2964 2474 1
391 881 1
90 2600 1
1562 1072 1
655 1145 1
1785 1295 1
1812 1322 1
2383 2873 1
313 2823 1
96 2606 1
603 113 1
2272 1782 1
781 1271 1
429 919 1
2831 2341 1
2579 69 1
18 508 1
132 2642 1
1352 1842 1
2622 2132 1
2614 104 1
2096 2586 1
48 2558 1
1854 2344 1
2403 1913 1
1392 1882 1
2829 319 1
1709 2199 1
2868 2378 1
680 190 1
2255 1765 1
1602 2092 1
830 340 1
378 868 1
1466 976 1
990 500 1
133 623 1
1109 619 1
2695 185 1
1283 1773 1
368 2878 1
796 1286 1
2015 1525 1
2953 2463 1
2764 254 1
215 705 1
982 1472 1
1239 749 1
1580 1090 1
475 2985 1
743 1233 1
634 1124 1
1609 2099 1
2252 1762 1
2341 1851 1
1905 1415 1
620 1110 1
1155 665 1
1091 601 1
916 426 1
2745 2255 1
1569 1079 1
2427 1937 1
2969 2479 1
43 533 1
2506 2016 1
2349 1859 1
321 811 1
517 27 1
498 988 1
1549 2039 1
1795 1305 1
1848 1358 1
1362 1852 1
2804 294 1
5 495 1
1914 2404 1
1084 1574 1
1717 2207 1
2466 1976 1
1707 1217 1
50 2560 1
1531 1041 1
2814 2324 1
1910 2400 1
416 906 1
1593 1103 1
2703 2213 1
2792 282 1
211 701 1
2158 2648 1
1827 1337 1
679 189 1
1454 1944 1
1317 1807 1
1886 2376 1
466 2976 1
1535 2025 1
222 2732 1
1064 574 1
1924 1434 1
2961 451 1
2146 2636 1
1593 2083 1
2342 2832 1
1610 2100 1
1550 1060 1
2043 1553 1
1631 2121 1
42 2552 1
1923 2413 1
2376 2866 1
444 2954 1
65 555 1
2115 2605 1
1098 1588 1
2615 2125 1
2346 2836 1
2855 2365 1
392 882 1
1907 2397 1
2916 406 1
209 699 1
2246 2736 1
1459 969 1
2585 2095 1
2101 2591 1
2001 1511 1
1464 974 1
1153 1643 1
352 2862 1
2993 483 1
1920 1430 1
2339 1849 1
2684 174 1
1407 1897 1
2389 1899 1
663 173 1
2956 446 1
1969 2459 1
2728 2238 1
2481 2971 1
1078 588 1
413 2923 1
2008 1518 1
2175 2665 1
2513 3 1
1528 2018 1
2534 2044 1
73 563 1
391 2901 1
2697 187 1
1019 529 1
1132 1622 1
879 1369 1
2635 2145 1
298 2808 1
1158 668 1
1493 1003 1
2780 2290 1
269 759 1
179 2689 1
1594 1104 1
1790 2280 1
2858 348 1
364 854 1
1323 833 1
2750 2260 1
1138 1628 1
555 1045 1
1400 910 1
239 729 1
2163 1673 1
2475 2965 1
151 2661 1
1381 891 1
1403 913 1
477 967 1
932 442 1
1652 1162 1
2863 353 1
1015 1505 1
1633 1143 1
1592 2082 1
1231 1721 1
1976 1486 1
387 2897 1
652 162 1
1285 1775 1
2438 2928 1
910 420 1
1699 2189 1
822 1312 1
230 720 1
244 2754 1
1761 2251 1
1505 1995 1
2744 234 1
1374 1864 1
2766 256 1
222 712 1
799 309 1
2723 213 1
363 853 1
1805 1315 1
1171 1661 1
668 178 1
1447 1937 1
817 327 1
2854 2364 1
1936 1446 1
1367 877 1
1377 887 1
1037 1527 1
1887 2377 1
2389 2879 1
612 122 1
2465 2955 1
2923 2433 1
1861 1371 1
1409 919 1
1036 546 1
2631 121 1
1220 1710 1
1734 1244 1
2337 2827 1
2279 1789 1
159 2669 1
2718 2228 1
2106 2596 1
2378 1888 1
1748 2238 1
670 1160 1
1052 1542 1
736 246 1
1483 993 1
1063 573 1
2233 1743 1
2613 2123 1
1956 2446 1
1263 1753 1
998 1488 1
1763 1273 1
1008 518 1
333 823 1
1424 934 1
2957 447 1
2845 2355 1
1852 2342 1
941 1431 1
1597 1107 1
685 195 1
19 2529 1
1499 1989 1
1986 2476 1
77 567 1
713 1203 1
2326 1836 1
2337 1847 1
312 802 1
2667 2177 1
864 374 1
55 545 1
2352 2842 1
2630 2140 1
2887 377 1
85 2595 1
1885 2375 1
2788 2298 1
1877 2367 1
2650 2160 1
1339 849 1
638 148 1
964 1454 1
1269 1759 1
2028 1538 1
1291 801 1
1590 1100 1
2180 2670 1
171 661 1
2019 1529 1
2851 341 1
2470 1980 1
1973 2463 1
2688 178 1
1979 2469 1
1557 1067 1
2053 2543 1
196 2706 1
893 1383 1
2191 2681 1
1891 1401 1
876 386 1
745 1235 1
204 2714 1
2304 1814 1
2110 2600 1
430 2940 1
1911 1421 1
2439 2929 1
1457 967 1
545 1035 1
1137 1627 1
2234 2724 1
2705 2215 1
134 2644 1
2965 455 1
2856 2366 1
1688 1198 1
1982 1492 1
2297 2787 1
108 598 1
1720 2210 1
708 218 1
1601 1111 1
407 2917 1
1646 2136 1
2083 2573 1
1640 2130 1
1922 1432 1
2319 2809 1
46 536 1
2611 101 1
1003 513 1
1047 557 1
321 2831 1
470 960 1
2261 2751 1
2398 2888 1
449 939 1
1375 885 1
94 584 1
776 1266 1
2509 2019 1
514 1004 1
2162 2652 1
927 437 1
2986 476 1
1184 694 1
1061 571 1
463 2973 1
1826 2316 1
193 683 1
1330 840 1
2703 193 1
464 2974 1
2470 2960 1
1763 2253 1
2967 457 1
1524 1034 1
2569 59 1
1278 788 1
1663 1173 1
807 1297 1
292 782 1
497 987 1
2983 473 1
2332 2822 1
994 1484 1
1664 2154 1
775 1265 1
1034 544 1
344 834 1
1840 1350 1
764 1254 1
1 491 1
727 237 1
2288 1798 1
414 904 1
1471 1961 1
2166 2656 1
485 975 1
2354 1864 1
524 34 1
995 1485 1
1631 1141 1
324 2834 1
888 1378 1
1523 1033 1
658 1148 1
1095 1585 1
1703 2193 1
12 2522 1
2592 2102 1
2755 245 1
401 2911 1
2850 340 1
2904 2414 1
2321 2811 1
824 334 1
1391 1881 1
2140 1650 1
233 2743 1
189 2699 1
1294 1784 1
1319 1809 1
1396 1886 1
2913 403 1
722 1212 1
813 1303 1
1533 2023 1
1246 1736 1
2478 2968 1
1608 1118 1
2977 2487 1
2339 2829 1
1480 990 1
836 1326 1
1971 2461 1
2426 2916 1
1252 762 1
2625 115 1
448 938 1
2649 139 1
2772 262 1
2248 1758 1
1805 2295 1
1915 2405 1
1827 2317 1
996 1486 1
2040 1550 1
2369 1879 1
2590 2100 1
941 451 1
691 201 1
854 1344 1
1368 1858 1
2702 2212 1
2843 2353 1
2763 2273 1
2799 2309 1
1733 1243 1
1271 1761 1
245 735 1
727 1217 1
1519 1029 1
2050 1560 1
1752 2242 1
1709 1219 1
820 330 1
2274 2764 1
2491 2981 1
2862 2372 1
1334 1824 1
1773 2263 1
1624 2114 1
356 846 1
1373 1863 1
1224 1714 1
1440 950 1
2622 112 1
50 540 1
2350 1860 1
2313 1823 1
2105 1615 1
1966 2456 1
2230 2720 1
1413 1903 1
1846 1356 1
1018 528 1
1126 1616 1
643 1133 1
1450 960 1
1051 561 1
1654 1164 1
2592 82 1
221 711 1
2216 1726 1
951 1441 1
2318 1828 1
1436 1926 1
2322 1832 1
297 2807 1
503 993 1
550 1040 1
2604 2114 1
1561 2051 1
137 627 1
2936 426 1
2061 1571 1
852 362 1
98 588 1
594 1084 1
1234 1724 1
2110 1620 1
1821 1331 1
2713 203 1
423 913 1
513 23 1
1747 1257 1
2819 309 1
459 2969 1
2542 32 1
1327 1817 1
891 401 1
1834 1344 1
791 1281 1
1948 2438 1
1784 2274 1
492 982 1
1345 1835 1
2963 2473 1
2680 2190 1
761 271 1
806 316 1
2054 2544 1
817 1307 1
2063 1573 1
2739 2249 1
1343 853 1
782 1272 1
2374 1884 1
1106 1596 1
2590 80 1
519 1009 1
2607 2117 1
2336 1846 1
16 506 1
2904 394 1
1199 709 1
1212 1702 1
1669 2159 1
1562 2052 1
1702 2192 1
2116 1626 1
2900 2410 1
2863 2373 1
148 2658 1
1542 2032 1
880 390 1
2328 1838 1
1984 2474 1
388 2898 1
219 709 1
1076 586 1
1089 1579 1
2698 2208 1
850 360 1
1397 1887 1
877 387 1
322 812 1
951 461 1
2300 2790 1
468 2978 1
1074 584 1
772 282 1
1516 1026 1
599 109 1
2273 1783 1
1555 2045 1
338 2848 1
653 163 1
1270 780 1
1349 1839 1
1674 1184 1
76 566 1
200 690 1
1335 845 1
1128 638 1
2312 1822 1
1997 2487 1
2850 2360 1
1179 1669 1
1342 1832 1
2420 2910 1
2940 2450 1
1300 1790 1
2345 2835 1
2216 2706 1
2331 2821 1
1448 958 1
2550 40 1
1188 1678 1
2995 485 1
479 2989 1
1932 1442 1
2801 2311 1
2645 2155 1
2380 2870 1
2828 318 1
2891 2401 1
2422 2912 1
1376 1866 1
1757 1267 1
2832 322 1
410 2920 1
1018 1508 1
2677 2187 1
2168 1678 1
2694 184 1
2464 1974 1
253 743 1
2128 2618 1
1172 682 1
744 1234 1
1102 1592 1
552 1042 1
349 2859 1
1272 1762 1
629 139 1
2302 2792 1
397 887 1
1204 714 1
1278 1768 1
2802 292 1
989 499 1
2952 2462 1
1540 1050 1
1385 895 1
39 2549 1
2477 2967 1
1897 2387 1
1341 851 1
1036 1526 1
2816 306 1
1122 1612 1
2465 1975 1
940 450 1
1934 2424 1
208 2718 1
1927 1437 1
2589 79 1
2609 2119 1
1646 1156 1
1081 1571 1
2844 334 1
1788 2278 1
2649 2159 1
625 1115 1
1972 2462 1
1772 2262 1
1603 1113 1
1056 566 1
134 624 1
1001 1491 1
2640 2150 1
1597 2087 1
984 1474 1
2223 2713 1
829 339 1
2090 2580 1
1441 1931 1
1799 2289 1
255 2765 1
20 510 1
214 2724 1
164 2674 1
2388 2878 1
1380 1870 1
1143 653 1
2366 1876 1
2394 2884 1
772 1262 1
248 738 1
2456 2946 1
532 1022 1
1055 565 1
784 294 1
1930 2420 1
2365 1875 1
704 1194 1
2836 326 1
1611 1121 1
1086 1576 1
777 287 1
640 150 1
843 1333 1
983 1473 1
1066 576 1
434 2944 1
2556 46 1
2732 2242 1
654 1144 1
2757 2267 1
669 1159 1
1873 1383 1
2468 2958 1
1915 1425 1
112 602 1
1570 1080 1
1275 1765 1
2688 2198 1
2588 78 1
1382 892 1
93 2603 1
2524 14 1
1180 690 1
2406 1916 1
1942 1452 1
2919 2429 1
850 1340 1
1890 2380 1
217 707 1
2634 124 1
61 551 1
417 907 1
1742 1252 1
2032 2522 1
1070 580 1
252 2762 1
1227 737 1
60 550 1
1842 2332 1
136 2646 1
402 2912 1
589 99 1
1563 1073 1
1970 2460 1
2286 1796 1
914 424 1
38 2548 1
929 439 1
1267 777 1
230 2740 1
1177 687 1
1238 1728 1
946 1436 1
1730 1240 1
2122 1632 1
2092 2582 1
2602 92 1
1692 1202 1
1322 832 1
1751 1261 1
2218 1728 1
1315 825 1
1236 746 1
644 154 1
680 1170 1
1885 1395 1
2143 1653 1
1928 2418 1
956 1446 1
2988 2498 1
1551 1061 1
1500 1010 1
1787 1297 1
2254 2744 1
2486 2976 1
835 1325 1
266 756 1
996 506 1
126 2636 1
180 670 1
1655 1165 1
1823 1333 1
632 142 1
198 2708 1
1428 1918 1
2382 2872 1
1490 1000 1
110 600 1
832 342 1
1614 1124 1
1420 930 1
1021 531 1
704 214 1
275 2785 1
1738 2228 1
803 1293 1
2496 2986 1
1274 784 1
2911 2421 1
280 2790 1
1559 1069 1
650 160 1
2391 2881 1
1520 1030 1
29 2539 1
2806 2316 1
2956 2466 1
1175 1665 1
1208 1698 1
1744 2234 1
1568 1078 1
1954 1464 1
881 1371 1
36 526 1
283 2793 1
415 2925 1
786 1276 1
1695 1205 1
2555 45 1
2530 20 1
1806 2296 1
2163 2653 1
2065 1575 1
1083 593 1
593 103 1
1968 2458 1
622 132 1
840 350 1
928 438 1
1953 1463 1
739 249 1
1980 1490 1
774 1264 1
86 2596 1
18 2528 1
515 1005 1
470 2980 1
1323 1813 1
45 535 1
541 1031 1
2865 355 1
2041 1551 1
2374 2864 1
581 91 1
430 920 1
1583 2073 1
1563 2053 1
1899 1409 1
1346 1836 1
1710 2200 1
2390 2880 1
631 1121 1
1426 936 1
933 1423 1
2565 2075 1
1204 1694 1
515 25 1
213 703 1
2157 1667 1
865 375 1
2823 2333 1
2452 2942 1
2081 2571 1
272 762 1
1366 876 1
728 1218 1
1641 2131 1
2094 2584 1
2194 2684 1
1878 1388 1
2425 2915 1
2439 1949 1
120 2630 1
1585 2075 1
645 1135 1
662 172 1
2240 1750 1
2773 263 1
125 615 1
227 717 1
1629 1139 1
534 44 1
2014 2504 1
366 856 1
2392 2882 1
966 476 1
649 1139 1
1131 641 1
62 2572 1
2641 131 1
2515 2025 1
847 357 1
1906 2396 1
656 1146 1
236 726 1
1350 860 1
679 1169 1
305 795 1
2436 1946 1
1164 674 1
156 646 1
766 1256 1
1741 2231 1
2156 2646 1
2696 186 1
2243 1753 1
1398 1888 1
2875 2385 1
2085 1595 1
2210 2700 1
2990 480 1
1546 1056 1
742 1232 1
486 976 1
1186 696 1
1839 2329 1
723 1213 1
1768 2258 1
2265 1775 1
1509 1999 1
2917 2427 1
2393 1903 1
65 2575 1
1632 1142 1
2363 1873 1
2129 2619 1
2236 1746 1
917 1407 1
403 893 1
2984 2494 1
1401 911 1
1116 1606 1
1348 1838 1
2774 264 1
849 359 1
2478 1988 1
1289 799 1
472 2982 1
1429 939 1
2245 2735 1
2018 2508 1
1902 2392 1
1600 1110 1
2707 197 1
874 1364 1
911 421 1
1094 604 1
1079 589 1
1686 2176 1
105 2615 1
481 971 1
164 654 1
1015 525 1
375 2885 1
1942 2432 1
1725 2215 1
488 2998 1
1178 1668 1
11 501 1
1662 1172 1
2182 1692 1
827 337 1
252 742 1
2029 2519 1
2835 325 1
831 1321 1
9 2519 1
2794 2304 1
1045 1535 1
1782 1292 1
2313 2803 1
202 692 1
931 441 1
62 552 1
1112 622 1
2673 2183 1
1069 579 1
2999 2509 1
1287 797 1
1046 1536 1
482 2992 1
1428 938 1
985 495 1
1935 2425 1
2992 2502 1
1541 2031 1
2815 305 1
2241 2731 1
1808 1318 1
2797 2307 1
2934 424 1
1953 2443 1
2840 2350 1
2243 2733 1
219 2729 1
2857 2367 1
1123 633 1
1052 562 1
792 302 1
5 2515 1
1554 2044 1
2306 1816 1
1412 922 1
2449 2939 1
721 231 1
633 143 1
1577 2067 1
443 2953 1
1173 683 1
835 345 1
547 57 1
2435 1945 1
181 671 1
258 2768 1
448 2958 1
1735 2225 1
527 37 1
1394 1884 1
1749 2239 1
815 1305 1
1224 734 1
2883 373 1
534 1024 1
2648 138 1
1621 2111 1
2481 1991 1
1004 1494 1
1896 1406 1
1636 2126 1
518 28 1
1251 1741 1
361 851 1
33 2543 1
992 1482 1
819 1309 1
2434 1944 1
2910 400 1
1580 2070 1
675 1165 1
1781 1291 1
1274 1764 1
2034 2524 1
1690 1200 1
1477 1967 1
1774 1284 1
351 841 1
1268 778 1
2468 1978 1
2233 2723 1
2933 423 1
2691 2201 1
1363 1853 1
1041 551 1
204 694 1
2748 238 1
751 1241 1
196 686 1
2485 1995 1
753 263 1
1909 2399 1
1027 1517 1
383 873 1
1608 2098 1
2453 1963 1
2146 1656 1
277 767 1
596 106 1
2716 2226 1
503 13 1
1195 1685 1
169 659 1
2088 1598 1
349 839 1
2731 221 1
2505 2995 1
2846 336 1
183 2693 1
2464 2954 1
480 970 1
2448 1958 1
131 621 1
2300 1810 1
243 2753 1
1688 2178 1
1146 1636 1
968 478 1
276 2786 1
255 745 1
2988 478 1
1778 1288 1
2447 1957 1
1113 623 1
764 274 1
2908 2418 1
1227 1717 1
1107 617 1
1912 2402 1
89 2599 1
2644 2154 1
562 72 1
1742 2232 1
1293 1783 1
2579 2089 1
361 2871 1
2996 486 1
604 114 1
1114 624 1
1567 1077 1
657 167 1
1125 1615 1
1246 756 1
521 1011 1
1221 1711 1
433 2943 1
1093 603 1
2275 2765 1
2869 359 1
1987 2477 1
153 643 1
2930 2440 1
2654 2164 1
2151 1661 1
2268 1778 1
288 2798 1
2388 1898 1
1462 972 1
11 2521 1
1181 691 1
596 1086 1
2480 2970 1
201 2711 1
2469 2959 1
706 1196 1
1638 1148 1
2099 2589 1
790 1280 1
568 78 1
228 2738 1
565 75 1
2093 2583 1
530 1020 1
202 2712 1
1890 1400 1
376 866 1
564 74 1
808 318 1
1614 2104 1
1643 2133 1
1559 2049 1
2409 2899 1
536 1026 1
2585 75 1
2693 2203 1
330 2840 1
225 715 1
2812 2322 1
1582 1092 1
1087 1577 1
2516 6 1
2865 2375 1
2386 1896 1
417 2927 1
575 85 1
928 1418 1
228 718 1
1336 1826 1
753 1243 1
549 59 1
1740 1250 1
2717 207 1
547 1037 1
1831 2321 1
2997 487 1
385 875 1
1558 1068 1
2419 1929 1
917 427 1
864 1354 1
510 1000 1
866 1356 1
1733 2223 1
1723 2213 1
716 226 1
369 859 1
26 2536 1
1347 1837 1
1196 1686 1
528 38 1
2413 2903 1
2430 2920 1
667 177 1
789 1279 1
2926 416 1
2203 1713 1
384 2894 1
1737 1247 1
2231 2721 1
454 944 1
1025 1515 1
433 923 1
1837 2327 1
2047 1557 1
816 326 1
2407 2897 1
1929 1439 1
2609 99 1
1363 873 1
2682 2192 1
1671 1181 1
1469 979 1
2290 1800 1
2184 1694 1
2441 1951 1
2922 412 1
1813 2303 1
2781 271 1
903 1393 1
2445 2935 1
1479 989 1
2719 209 1
1936 2426 1
693 203 1
2024 1534 1
1306 1796 1
348 838 1
2717 2227 1
1780 1290 1
2112 2602 1
1766 2256 1
590 1080 1
166 656 1
125 2635 1
561 71 1
2853 343 1
2571 61 1
123 613 1
773 1263 1
2747 237 1
1851 1361 1
544 54 1
76 2586 1
1760 1270 1
1638 2128 1
2757 247 1
1095 605 1
648 158 1
861 371 1
407 897 1
2069 1579 1
2020 2510 1
388 878 1
1463 973 1
786 296 1
2021 2511 1
952 462 1
925 1415 1
1612 2102 1
759 1249 1
1684 2174 1
466 956 1
649 159 1
2219 2709 1
2685 2195 1
2336 2826 1
2827 317 1
1435 1925 1
2820 2330 1
2479 1989 1
8 2518 1
2612 102 1
2633 2143 1
34 2544 1
1327 837 1
487 977 1
224 714 1
2852 2362 1
2189 2679 1
265 2775 1
1017 527 1
2098 2588 1
130 2640 1
1029 539 1
491 981 1
1713 1223 1
1417 1907 1
1484 1974 1
2806 296 1
2752 2262 1
444 934 1
618 128 1
896 1386 1
2291 1801 1
140 2650 1
2027 1537 1
1380 890 1
1180 1670 1
1651 1161 1
2741 2251 1
2886 376 1
712 1202 1
926 436 1
428 918 1
1604 1114 1
1071 581 1
1642 1152 1
1720 1230 1
2244 1754 1
1691 1201 1
1422 1912 1
2746 236 1
1759 2249 1
1251 761 1
997 1487 1
1581 1091 1
1895 1405 1
733 1223 1
2173 1683 1
258 748 1
569 1059 1
2212 1722 1
2777 2287 1
335 825 1
1412 1902 1
207 697 1
73 2583 1
2973 2483 1
1023 533 1
277 2787 1
2408 1918 1
1818 1328 1
2766 2276 1
1666 1176 1
1151 1641 1
1507 1997 1
2659 149 1
1850 1360 1
776 286 1
2631 2141 1
1096 1586 1
724 1214 1
254 744 1
1696 1206 1
2939 429 1
1634 2124 1
1527 2017 1
1859 1369 1
1810 1320 1
631 141 1
1757 2247 1
183 673 1
2195 1705 1
1222 1712 1
2707 2217 1
1256 1746 1
2447 2937 1
1528 1038 1
1307 1797 1
1276 1766 1
2889 379 1
58 548 1
1605 2095 1
726 1216 1
2120 2610 1
2358 2848 1
1739 1249 1
1777 2267 1
2148 2638 1
2346 1856 1
1167 1657 1
926 1416 1
1529 1039 1
317 807 1
1793 2283 1
1296 806 1
311 801 1
1077 587 1
559 1049 1
809 319 1
2436 2926 1
1346 856 1
1622 2112 1
1392 902 1
2042 1552 1
1416 1906 1
698 1188 1
1634 1144 1
827 1317 1
1253 763 1
2941 2451 1
1160 1650 1
2411 1921 1
2921 411 1
2147 2637 1
978 1468 1
31 2541 1
1892 1402 1
1426 1916 1
137 2647 1
2002 1512 1
2135 2625 1
732 1222 1
2711 2221 1
1247 757 1
2325 1835 1
232 722 1
886 1376 1
2867 2377 1
304 794 1
2651 141 1
721 1211 1
2838 2348 1
1898 1408 1
2966 456 1
1185 695 1
2841 331 1
921 1411 1
1043 1533 1
2617 107 1
157 2667 1
2074 2564 1
347 837 1
1189 1679 1
494 4 1
2393 2883 1
1157 667 1
2805 2315 1
2444 2934 1
1617 2107 1
1923 1433 1
1420 1910 1
1197 1687 1
313 803 1
848 358 1
1231 741 1
1375 1865 1
1892 2382 1
2870 360 1
2759 2269 1
2008 2498 1
978 488 1
1701 2191 1
2685 175 1
2814 304 1
35 525 1
2542 2052 1
821 1311 1
1012 522 1
2660 150 1
2153 1663 1
2293 1803 1
1170 1660 1
2936 2446 1
1718 2208 1
1991 1501 1
664 174 1
1950 1460 1
2302 1812 1
1725 1235 1
1895 2385 1
634 144 1
2955 445 1
1304 1794 1
1131 1621 1
2237 1747 1
981 1471 1
312 2822 1
1659 2149 1
1900 2390 1
1437 947 1
411 901 1
2552 2062 1
63 553 1
232 2742 1
450 2960 1
389 2899 1
968 1458 1
2480 1990 1
1031 1521 1
1461 971 1
900 410 1
2900 390 1
1531 2021 1
2872 362 1
1732 1242 1
1149 1639 1
171 2681 1
188 678 1
83 2593 1
991 501 1
1439 949 1
2834 2344 1
2947 2457 1
608 1098 1
1547 2037 1
1384 894 1
2004 1514 1
1405 915 1
2067 2557 1
2520 2030 1
765 1255 1
855 365 1
1715 1225 1
2567 57 1
1564 1074 1
1957 1467 1
381 871 1
1206 716 1
592 1082 1
1534 1044 1
2042 2532 1
831 341 1
969 479 1
2801 291 1
2132 1642 1
1914 1424 1
1187 697 1
2373 1883 1
1587 1097 1
2048 2538 1
1613 1123 1
135 2645 1
2819 2329 1
1524 2014 1
2828 2338 1
2943 2453 1
2179 2669 1
2860 350 1
2558 2068 1
1549 1059 1
1076 1566 1
2103 2593 1
2115 1625 1
324 814 1
2396 2886 1
2279 2769 1
268 2778 1
2576 66 1
1248 1738 1
2578 68 1
1475 985 1
1157 1647 1
117 607 1
2664 2174 1
1341 1831 1
1253 1743 1
2145 1655 1
2570 60 1
2027 2517 1
2424 2914 1
162 2672 1
198 688 1
2314 1824 1
1921 1431 1
2330 1840 1
325 815 1
2611 2121 1
346 2856 1
1500 1990 1
2254 1764 1
2020 1530 1
1024 1514 1
2497 2007 1
2962 452 1
35 2545 1
2161 1671 1
1221 731 1
1120 1610 1
576 86 1
635 145 1
703 1193 1
68 558 1
2779 2289 1
308 798 1
2155 1665 1
2861 351 1
9 499 1
264 754 1
1744 1254 1
1869 2359 1
773 283 1
1705 1215 1
2120 1630 1
2808 2318 1
943 453 1
1628 2118 1
259 2769 1
2758 248 1
21 511 1
425 915 1
509 19 1
16 2526 1
1905 2395 1
942 452 1
1880 2370 1
446 936 1
615 1105 1
585 95 1
2039 2529 1
908 418 1
2666 2176 1
922 432 1
2224 1734 1
1328 838 1
2500 2990 1
2471 2961 1
2260 1770 1
1949 1459 1
1390 900 1
1092 602 1
7 497 1
146 636 1
2561 2071 1
77 2587 1
27 2537 1
1992 1502 1
365 2875 1
2777 267 1
2677 167 1
2166 1676 1
2597 87 1
310 2820 1
2776 266 1
2698 188 1
1751 2241 1
2214 2704 1
1075 1565 1
2135 1645 1
1262 1752 1
948 458 1
2874 2384 1
2501 2011 1
2398 1908 1
698 208 1
988 1478 1
97 587 1
823 1313 1
1259 1749 1
194 2704 1
1365 875 1
2282 2772 1
1038 548 1
1125 635 1
1373 883 1
2428 1938 1
2493 2983 1
867 1357 1
885 395 1
1330 1820 1
953 1443 1
992 502 1
1306 816 1
949 459 1
583 93 1
2968 458 1
2133 2623 1
2148 1658 1
755 1245 1
1532 1042 1
2357 2847 1
1489 999 1
702 1192 1
2526 2036 1
2860 2370 1
1403 1893 1
2564 54 1
2147 1657 1
2545 2055 1
610 120 1
1917 2407 1
1339 1829 1
505 15 1
2941 431 1
1866 2356 1
1177 1667 1
2613 103 1
1241 1731 1
2340 1850 1
502 12 1
1419 929 1
2482 2972 1
1729 1239 1
2473 1983 1
384 874 1
794 1284 1
1740 2230 1
944 1434 1
94 2604 1
101 591 1
1530 1040 1
1518 1028 1
1150 1640 1
986 1476 1
1120 630 1
1908 1418 1
1993 2483 1
2084 1594 1
289 779 1
692 1182 1
798 1288 1
625 135 1
549 1039 1
1025 535 1
2437 2927 1
860 370 1
97 2607 1
2078 1588 1
2343 2833 1
1161 671 1
2320 2810 1
408 898 1
56 546 1
1822 1332 1
1006 516 1
1767 1277 1
2292 2782 1
1432 942 1
1779 2269 1
1673 1183 1
1142 652 1
1321 1811 1
1658 1168 1
1939 2429 1
640 1130 1
1300 810 1
152 2662 1
569 79 1
2294 2784 1
898 1388 1
1140 650 1
2204 2694 1
2696 2206 1
1675 1185 1
385 2895 1
2701 2211 1
1002 1492 1
1829 2319 1
1012 1502 1
1138 648 1
2903 393 1
2811 301 1
608 118 1
1700 2190 1
280 770 1
2691 181 1
2256 2746 1
2026 1536 1
285 2795 1
2914 404 1
2185 2675 1
1788 1298 1
2720 210 1
303 793 1
2264 2754 1
336 826 1
2113 2603 1
465 955 1
1600 2090 1
244 734 1
2491 2001 1
2950 2460 1
1724 2214 1
17 2527 1
2597 2107 1
1174 684 1
2200 2690 1
1261 771 1
1774 2264 1
2137 1647 1
1985 2475 1
905 415 1
1313 1803 1
618 1108 1
805 315 1
1802 2292 1
1699 1209 1
2929 419 1
937 1427 1
2411 2901 1
2626 2136 1
1617 1127 1
352 842 1
2160 1670 1
810 320 1
2351 2841 1
965 475 1
2957 2467 1
380 870 1
109 2619 1
2719 2229 1
2730 220 1
1118 628 1
2056 2546 1
2668 2178 1
2892 2402 1
496 986 1
1215 725 1
380 2890 1
69 559 1
2197 2687 1
2448 2938 1
1879 1389 1
2977 467 1
2406 2896 1
1236 1726 1
2459 2949 1
1169 1659 1
1499 1009 1
1269 779 1
1708 2198 1
906 1396 1
199 689 1
2913 2423 1
863 373 1
2890 2400 1
1682 2172 1
2975 465 1
2896 386 1
2116 2606 1
512 22 1
2881 371 1
1119 629 1
2728 218 1
1199 1689 1
2253 2743 1
284 2794 1
2362 1872 1
328 818 1
2991 481 1
1233 1723 1
1345 855 1
2493 2003 1
3 493 1
1623 1133 1
333 2843 1
1342 852 1
2024 2514 1
2072 1582 1
965 1455 1
1603 2093 1
995 505 1
2271 2761 1
281 771 1
1787 2277 1
1404 1894 1
2938 428 1
836 346 1
303 2813 1
2443 2933 1
187 677 1
316 2826 1
2980 2490 1
2550 2060 1
1166 1656 1
611 121 1
260 2770 1
2028 2518 1
1258 768 1
1083 1573 1
1973 1483 1
1417 927 1
2441 2931 1
354 844 1
959 1449 1
2500 2010 1
932 1422 1
2222 2712 1
2387 2877 1
802 1292 1
2568 58 1
1637 1147 1
2331 1841 1
329 819 1
1797 2287 1
1714 2204 1
2379 2869 1
166 2676 1
2030 1540 1
2252 2742 1
2049 2539 1
2540 2050 1
1503 1013 1
2516 2026 1
176 2686 1
1404 914 1
2414 1924 1
308 2818 1
2633 123 1
797 307 1
858 1348 1
1129 639 1
2103 1613 1
1210 1700 1
2361 1871 1
2268 2758 1
1869 1379 1
903 413 1
2060 1570 1
2058 1568 1
2323 1833 1
447 937 1
2232 2722 1
2614 2124 1
872 1362 1
1690 2180 1
904 1394 1
2786 2296 1
1220 730 1
168 2678 1
1245 1735 1
2598 88 1
100 590 1
2395 2885 1
2621 111 1
1968 1478 1
2532 22 1
173 2683 1
1684 1194 1
626 136 1
453 2963 1
740 1230 1
1162 672 1
2783 273 1
1951 1461 1
1102 612 1
2909 399 1
311 2821 1
2612 2122 1
748 1238 1
1259 769 1
2184 2674 1
2452 1962 1
1491 1981 1
1280 1770 1
364 2874 1
541 51 1
813 323 1
118 2628 1
331 821 1
1800 1310 1
279 769 1
2347 2837 1
1930 1440 1
935 1425 1
1598 1108 1
970 1460 1
2861 2371 1
26 516 1
1014 1504 1
2368 2858 1
741 251 1
2371 1881 1
2202 2692 1
1485 1975 1
1372 1862 1
2573 63 1
2055 1565 1
2623 113 1
2944 2454 1
560 70 1
67 557 1
580 90 1
2006 2496 1
66 556 1
1939 1449 1
2876 366 1
1174 1664 1
715 1205 1
2435 2925 1
92 582 1
2710 2220 1
1844 1354 1
1541 1051 1
834 1324 1
2314 2804 1
666 1156 1
2080 1590 1
554 1044 1
290 780 1
1809 2299 1
28 2538 1
1195 705 1
1447 957 1
2437 1947 1
2560 2070 1
1891 2381 1
578 1068 1
2071 1581 1
613 1103 1
2945 435 1
948 1438 1
2948 438 1
2334 2824 1
1681 2171 1
246 2756 1
2730 2240 1
1901 2391 1
396 2906 1
2105 2595 1
2455 2945 1
1301 1791 1
24 514 1
2951 441 1
1546 2036 1
2046 1556 1
2222 1732 1
1168 678 1
2386 2876 1
1314 1804 1
1257 767 1
2987 2497 1
2935 425 1
687 197 1
2760 2270 1
1878 2368 1
2263 2753 1
754 1244 1
1444 954 1
2671 2181 1
286 2796 1
2789 2299 1
1845 1355 1
2035 1545 1
2359 2849 1
344 2854 1
2979 469 1
2489 2979 1
378 2888 1
2930 420 1
574 84 1
626 1116 1
1736 2226 1
107 597 1
192 682 1
2868 358 1
920 1410 1
1716 1226 1
2951 2461 1
646 1136 1
2663 2173 1
2952 442 1
2013 1523 1
496 6 1
195 2705 1
2467 1977 1
2864 354 1
2081 1591 1
768 278 1
1920 2410 1
2017 2507 1
950 460 1
