3000 3000
2905 979 1
2707 580 1
2885 2949 1
2309 650 1
2352 703 1
32 546 1
2027 2205 1
2957 1107 1
2215 28 1
2257 63 1
2643 1373 1
308 466 1
2764 1650 1
1968 1916 1
660 2338 1
1851 2269 1
1328 1416 1
1227 1660 1
1381 2123 1
560 1284 1
2346 613 1
2553 1250 1
1858 1818 1
1970 2390 1
2717 2048 1
989 1922 1
141 2280 1
2904 325 1
1676 2816 1
1399 1532 1
1093 1867 1
2567 1069 1
796 354 1
2272 1079 1
5 2811 1
2901 1292 1
1759 2969 1
1129 2428 1
661 2110 1
387 2808 1
1337 2684 1
2254 1250 1
2121 1720 1
569 2409 1
1826 1881 1
2744 1218 1
1157 2686 1
2739 1398 1
2318 1433 1
2699 727 1
699 2984 1
2551 550 1
497 1803 1
1059 2904 1
2559 1311 1
1543 2652 1
1805 2601 1
106 2672 1
154 2273 1
2232 1089 1
2135 2021 1
2777 2500 1
2179 954 1
2217 1556 1
1916 2803 1
2741 1531 1
2883 20 1
1260 2387 1
1203 534 1
531 2163 1
2234 775 1
1204 2414 1
2116 1422 1
1141 2701 1
2250 1354 1
1728 2958 1
1374 881 1
2443 808 1
777 2067 1
359 2215 1
1542 1293 1
728 2320 1
2597 1358 1
2243 1468 1
2534 1683 1
2146 37 1
608 2602 1
2102 1218 1
2534 1120 1
2535 1436 1
2581 1950 1
2707 864 1
1833 1909 1
2764 267 1
2551 253 1
1057 2982 1
2919 2889 1
1078 2087 1
2566 385 1
419 2308 1
2647 951 1
529 2350 1
582 2441 1
2212 1044 1
1716 270 1
63 888 1
1365 2709 1
2247 1163 1
2822 1319 1
512 2710 1
1883 1882 1
311 1049 1
2606 594 1
2286 271 1
1403 2576 1
2291 1408 1
2806 1227 1
1528 2122 1
963 2459 1
991 2139 1
511 2878 1
2696 536 1
2873 2351 1
2900 2473 1
1210 2974 1
2780 121 1
2608 2025 1
2348 214 1
2249 1625 1
1059 354 1
1741 2489 1
2594 2519 1
829 556 1
2549 2571 1
1200 1935 1
2342 336 1
2403 2064 1
2563 1650 1
2533 2154 1
2616 971 1
383 1035 1
2345 1937 1
1999 616 1
2118 2846 1
2385 2006 1
2264 1207 1
2895 878 1
1848 2329 1
1363 1524 1
1886 2843 1
2895 648 1
2378 1552 1
2407 2130 1
2339 1877 1
839 2364 1
1490 459 1
2737 2511 1
1466 2302 1
2146 1844 1
2729 2002 1
1063 2663 1
195 2507 1
2142 673 1
2888 637 1
567 1373 1
1927 862 1
2270 2063 1
795 2440 1
2907 1823 1
154 2482 1
2551 945 1
1471 2397 1
2185 205 1
2649 1441 1
1007 2806 1
1055 2100 1
2466 274 1
178 495 1
2396 962 1
1574 2734 1
428 2905 1
2117 2059 1
2278 2286 1
1043 537 1
2727 1660 1
1558 1883 1
2008 2254 1
2589 1493 1
1636 2683 1
50 2725 1
1391 2383 1
2811 2012 1
2707 1557 1
216 2165 1
409 1994 1
1118 2874 1
2445 2191 1
646 2501 1
982 2967 1
1410 228 1
1447 2694 1
60 483 1
2300 1956 1
2984 1166 1
191 1907 1
337 332 1
2351 858 1
2865 2827 1
2245 424 1
1392 2672 1
2335 251 1
1438 2467 1
1713 607 1
2431 1245 1
2588 1483 1
2905 2088 1
2839 1964 1
399 2309 1
652 2345 1
2255 1870 1
1117 2668 1
50 2281 1
2957 250 1
18 2523 1
2552 2609 1
2419 1465 1
2774 1945 1
203 2853 1
1233 559 1
1183 2686 1
1399 964 1
2397 428 1
2281 1060 1
2200 567 1
737 2875 1
674 966 1
2528 1478 1
1157 692 1
2100 1542 1
1960 2620 1
368 2164 1
38 2833 1
82 2278 1
1955 1897 1
1330 2434 1
2279 350 1
1258 2781 1
888 2407 1
1264 2996 1
2311 462 1
1396 2646 1
2561 244 1
976 2288 1
21 2434 1
302 2964 1
942 2341 1
2305 1020 1
2212 1405 1
2108 2424 1
256 2279 1
2310 207 1
2716 2088 1
133 2317 1
1132 2897 1
2810 130 1
844 1289 1
2565 300 1
2769 1488 1
2063 2414 1
2201 1445 1
1601 2846 1
1171 730 1
2622 311 1
828 2536 1
2926 131 1
1172 1870 1
1235 2415 1
1347 1143 1
366 1939 1
1650 2180 1
93 2341 1
2726 1134 1
157 2847 1
1436 2946 1
579 2493 1
2736 2138 1
514 1094 1
209 2516 1
1225 1819 1
1709 1900 1
2272 669 1
719 2708 1
2917 811 1
629 690 1
2543 1405 1
2035 2809 1
654 1455 1
2888 2090 1
488 2646 1
23 2551 1
2808 451 1
676 2241 1
2707 510 1
2077 2182 1
2961 505 1
883 2102 1
2541 116 1
1421 2177 1
2641 152 1
117 2190 1
2724 1186 1
1429 2811 1
80 219 1
2721 159 1
367 2368 1
1730 1604 1
2502 1423 1
221 2616 1
1571 2356 1
1995 2106 1
228 1449 1
1249 2691 1
2473 375 1
1491 2310 1
1935 2445 1
2592 784 1
1745 1252 1
614 1322 1
727 2914 1
1227 1071 1
1526 133 1
2942 212 1
2404 182 1
178 2115 1
223 2601 1
800 2470 1
1126 1942 1
600 2276 1
2296 137 1
1476 2584 1
648 2385 1
2569 1738 1
1841 2295 1
1288 2828 1
2140 1546 1
308 2711 1
2951 1334 1
2073 2458 1
204 2342 1
885 360 1
2237 1930 1
1044 2224 1
586 2511 1
1800 776 1
587 1657 1
703 1814 1
1035 2571 1
1564 2969 1
1025 2349 1
1661 2019 1
1391 2125 1
2220 674 1
1175 1658 1
2312 1268 1
2001 2960 1
2952 1067 1
2211 202 1
2037 2290 1
1714 2139 1
2446 2653 1
871 2174 1
2219 1114 1
2337 635 1
1415 2997 1
1289 2990 1
2342 2011 1
141 2971 1
756 2719 1
590 2740 1
230 2157 1
1258 2466 1
1711 2592 1
2384 237 1
2826 1740 1
2453 774 1
180 2209 1
323 2905 1
490 2929 1
2372 404 1
229 1891 1
517 936 1
1210 2300 1
478 1505 1
588 2655 1
7 2373 1
940 1394 1
2443 1080 1
385 2457 1
2642 949 1
2461 477 1
2943 880 1
1126 2427 1
2488 946 1
1468 266 1
1412 2911 1
985 2487 1
1706 2932 1
2518 1413 1
2257 1380 1
678 2434 1
1509 2947 1
71 2468 1
589 2686 1
2776 848 1
822 2754 1
2320 1032 1
2425 1205 1
2699 334 1
2177 641 1
2373 1483 1
1854 2824 1
2703 2092 1
403 1941 1
607 2183 1
1544 2312 1
983 2989 1
1771 2107 1
2900 1900 1
562 252 1
458 2708 1
2506 2728 1
1337 2197 1
884 1868 1
1903 2884 1
2755 226 1
1836 2690 1
2589 1571 1
83 2700 1
43 770 1
2782 961 1
678 727 1
2174 932 1
2788 1430 1
1616 2714 1
2441 751 1
1145 1102 1
669 1009 1
2608 1115 1
2589 385 1
344 2239 1
2294 371 1
2801 1746 1
1301 2298 1
2488 2022 1
1612 1567 1
1423 2936 1
2601 1972 1
1014 690 1
2475 950 1
2155 2676 1
395 2824 1
805 2737 1
1148 2593 1
2204 1901 1
1892 2340 1
2826 333 1
372 645 1
2528 742 1
836 1646 1
1048 477 1
2579 1362 1
694 2001 1
2332 1484 1
1829 2614 1
1342 2790 1
76 2814 1
2563 1204 1
1752 2621 1
2970 910 1
1799 711 1
2759 133 1
1421 2119 1
2571 100 1
24 1795 1
2823 1997 1
2957 2637 1
1943 2942 1
705 2990 1
2619 910 1
2188 1065 1
850 2269 1
1309 180 1
2286 1128 1
2764 2002 1
857 2443 1
2330 568 1
2771 329 1
2714 1603 1
2499 1125 1
267 1135 1
2120 551 1
1504 331 1
2938 1330 1
1793 2760 1
2992 1831 1
907 2141 1
223 2161 1
448 2148 1
656 2663 1
2134 2035 1
2888 1847 1
753 2343 1
450 951 1
2619 616 1
2101 85 1
1342 797 1
366 1311 1
2926 1388 1
2834 841 1
1495 2492 1
1741 2173 1
1504 2150 1
2418 1575 1
1163 2317 1
1284 2647 1
2509 533 1
620 2633 1
2209 1199 1
2780 1459 1
367 1661 1
701 2337 1
1048 1061 1
145 2411 1
2289 391 1
2393 427 1
1670 1484 1
300 1133 1
1047 82 1
1168 1671 1
453 2580 1
2913 1331 1
639 815 1
1521 1501 1
2098 930 1
2736 827 1
2500 1117 1
1387 2348 1
1139 2921 1
2112 213 1
1604 2880 1
2173 1155 1
2782 1648 1
1467 2767 1
1998 2681 1
1637 1278 1
2369 1711 1
892 972 1
2865 1139 1
2955 1538 1
124 2976 1
2620 546 1
2127 571 1
1761 2520 1
2648 2085 1
2132 1479 1
1086 1991 1
45 1083 1
2553 1337 1
2770 575 1
55 2390 1
2496 1070 1
1796 2023 1
890 2788 1
1854 1398 1
913 1190 1
1122 2887 1
364 2010 1
2871 1569 1
1218 2339 1
1755 2936 1
1515 2667 1
2891 1159 1
2263 2396 1
457 2075 1
322 607 1
2242 1439 1
1780 2474 1
2296 1564 1
2185 840 1
2091 2276 1
415 2417 1
629 2355 1
2392 1075 1
967 2292 1
2796 590 1
2608 1722 1
2170 2029 1
69 2660 1
2826 2168 1
662 1844 1
2263 2650 1
2741 472 1
813 122 1
1428 2328 1
2433 1629 1
2556 253 1
539 355 1
2978 648 1
715 2273 1
1359 2738 1
1957 2373 1
649 2025 1
1457 2965 1
70 2643 1
2198 122 1
743 2181 1
2415 174 1
2201 1048 1
2902 1968 1
2646 1647 1
2989 1803 1
227 2704 1
575 2657 1
2278 1876 1
1301 2577 1
910 2402 1
2004 2613 1
1011 2368 1
2443 1797 1
2265 799 1
2584 14 1
800 2861 1
2807 1272 1
1190 2525 1
2152 757 1
1545 2978 1
1295 2884 1
2973 50 1
2662 332 1
382 34 1
2812 1215 1
2941 1770 1
1435 2653 1
1920 2343 1
2851 69 1
2884 374 1
1012 1021 1
600 1897 1
2888 1680 1
2660 181 1
2501 866 1
130 2796 1
2352 1666 1
547 2808 1
2234 515 1
1938 1433 1
1994 2697 1
372 2471 1
296 2583 1
2123 1319 1
2687 1295 1
1450 617 1
2035 2694 1
2570 820 1
5 2133 1
1184 1467 1
2638 2870 1
131 2994 1
1004 2792 1
1341 2504 1
2236 2078 1
1844 2358 1
1522 2931 1
284 1596 1
603 2310 1
1016 2202 1
2897 1788 1
2471 1437 1
2020 1252 1
2877 2 1
1762 2937 1
1649 2509 1
2937 1002 1
2773 677 1
2596 1775 1
493 2128 1
2368 1283 1
2875 1568 1
404 2976 1
2479 2591 1
1260 2569 1
601 1501 1
1609 2444 1
2519 777 1
1961 2278 1
92 2373 1
1710 632 1
324 2513 1
968 2998 1
1831 2109 1
1820 2699 1
2729 590 1
842 810 1
350 463 1
542 673 1
560 2167 1
2098 1481 1
1348 2230 1
2852 1710 1
2984 2222 1
2423 2128 1
2535 2156 1
2422 1347 1
842 2521 1
1188 2114 1
1066 2187 1
207 873 1
1721 1256 1
2673 1266 1
1122 2955 1
1508 589 1
1100 2235 1
2902 1289 1
2585 498 1
115 1010 1
1003 347 1
2844 1290 1
1985 2204 1
1387 2971 1
1288 2318 1
1990 2317 1
21 2245 1
825 1522 1
775 1217 1
655 2792 1
1445 2459 1
514 2867 1
2667 941 1
476 2128 1
814 2870 1
1899 2449 1
1682 2847 1
71 2571 1
2154 1802 1
237 1102 1
1664 2957 1
1337 2832 1
2222 686 1
2238 1323 1
1658 2957 1
350 2278 1
1259 2142 1
507 2977 1
2419 1234 1
1818 2385 1
1613 2786 1
2231 122 1
1635 392 1
776 2534 1
469 2974 1
1614 2204 1
1215 2660 1
2081 1039 1
853 2818 1
1861 2988 1
2349 354 1
2703 1050 1
292 2621 1
683 1188 1
2545 1664 1
2049 2345 1
2173 1816 1
2534 1816 1
394 2036 1
2515 942 1
462 2721 1
2049 2801 1
1490 483 1
2984 53 1
2551 1626 1
624 62 1
1051 2675 1
2224 562 1
1601 2188 1
2886 408 1
1936 2814 1
2736 1115 1
2925 513 1
523 2750 1
395 2652 1
2737 494 1
1715 1994 1
2831 1135 1
895 1392 1
2755 2007 1
1871 2476 1
1108 112 1
1795 2565 1
2473 823 1
951 2285 1
2480 861 1
1207 2690 1
303 2120 1
72 2272 1
729 2099 1
1455 2762 1
2276 207 1
2909 910 1
2686 765 1
2157 1665 1
2203 1596 1
2204 740 1
2272 399 1
2989 1051 1
790 2731 1
2921 1014 1
805 2166 1
2696 587 1
2035 1501 1
2183 2004 1
1089 61 1
611 2412 1
221 2515 1
2488 1084 1
1426 2959 1
214 2265 1
1701 2892 1
2992 75 1
2838 1000 1
2373 2806 1
6 1141 1
2485 137 1
2610 820 1
1054 2232 1
461 2315 1
664 2311 1
1998 93 1
1754 2209 1
2620 897 1
456 2981 1
2290 364 1
2189 945 1
2733 246 1
1175 1298 1
2198 864 1
1021 2967 1
2086 2708 1
2853 602 1
334 1805 1
2485 280 1
1338 2142 1
1975 2528 1
2155 205 1
400 2660 1
398 2275 1
2613 23 1
706 2671 1
274 2641 1
2730 2250 1
1307 316 1
1170 1415 1
1102 2182 1
2778 1327 1
1991 574 1
646 858 1
2809 10 1
1018 2519 1
1401 2847 1
958 2928 1
2033 2857 1
2190 1734 1
1927 2752 1
2840 352 1
1245 2181 1
2384 1464 1
2288 554 1
1161 1596 1
23 2340 1
288 2464 1
2954 1094 1
1207 2517 1
309 1819 1
2399 1373 1
1436 1324 1
2681 2433 1
2243 2446 1
71 2112 1
2482 1167 1
451 1804 1
2664 311 1
1049 487 1
2774 645 1
991 1086 1
2538 815 1
1866 291 1
1108 2489 1
1397 2637 1
575 540 1
2345 803 1
1351 873 1
2353 1958 1
1809 2354 1
689 228 1
2597 1869 1
873 758 1
1486 2679 1
2983 1153 1
1169 1767 1
446 2519 1
2362 764 1
2626 345 1
2505 1931 1
65 661 1
2671 1765 1
31 2742 1
2308 1894 1
2597 1515 1
162 2898 1
507 2299 1
749 1551 1
1801 2922 1
769 2999 1
2300 682 1
1803 2168 1
2802 1905 1
1237 168 1
2480 1185 1
2206 1858 1
2317 78 1
2199 852 1
1823 1679 1
1137 2277 1
1799 2564 1
2885 892 1
539 2162 1
766 609 1
404 2429 1
708 2574 1
2582 1951 1
2501 1116 1
2745 1212 1
412 2936 1
2533 318 1
1041 2188 1
2470 1807 1
2427 1248 1
2545 709 1
2712 1207 1
29 2486 1
847 1275 1
2611 66 1
1242 2436 1
2223 161 1
2048 2285 1
2910 1438 1
1537 2868 1
1518 2629 1
2856 1865 1
1760 82 1
731 2254 1
2596 1436 1
2726 1297 1
1652 2907 1
41 2576 1
1144 2964 1
2113 1052 1
2961 1625 1
1959 2482 1
546 248 1
674 2407 1
2145 1462 1
423 859 1
57 2300 1
2523 273 1
842 2467 1
2753 2451 1
1261 2050 1
494 1806 1
2564 1343 1
127 2918 1
987 2266 1
2650 1517 1
2234 224 1
842 2839 1
2803 256 1
2476 1684 1
935 2407 1
543 2474 1
2831 1155 1
2538 52 1
2492 1942 1
2621 1976 1
2633 862 1
2534 1170 1
2392 2927 1
1142 2615 1
466 2396 1
2795 1790 1
410 409 1
2137 756 1
1022 2584 1
604 2687 1
2947 836 1
1021 120 1
1792 2199 1
1594 2378 1
2629 2931 1
618 2164 1
483 258 1
965 2119 1
2448 1106 1
2792 493 1
1930 524 1
415 2125 1
2901 220 1
2382 2982 1
2326 1921 1
2592 1498 1
474 2133 1
840 2416 1
2352 893 1
2154 972 1
2460 9 1
260 352 1
935 1160 1
1494 2306 1
2909 534 1
596 2720 1
1263 1454 1
1140 1541 1
2335 1903 1
2954 706 1
2195 333 1
2725 1071 1
2253 1942 1
58 843 1
2888 952 1
807 2504 1
83 2574 1
11 2850 1
1409 319 1
1779 763 1
2229 986 1
2864 1002 1
332 2438 1
994 283 1
2971 2439 1
593 2465 1
1050 2905 1
2197 299 1
149 2988 1
2690 1187 1
1939 2332 1
1413 2372 1
2868 180 1
1426 2894 1
1517 2555 1
1730 2531 1
2801 896 1
2387 331 1
2351 1943 1
1071 1595 1
1068 2780 1
1759 2662 1
2289 982 1
426 2809 1
1041 2910 1
2967 827 1
2979 1098 1
951 2624 1
2439 538 1
2765 2075 1
1337 2636 1
2545 1820 1
2255 1788 1
2402 1617 1
2911 393 1
2145 258 1
71 2437 1
2887 909 1
698 2622 1
763 2319 1
1329 2805 1
2711 1599 1
2208 527 1
601 2372 1
1050 2164 1
1567 2754 1
49 2293 1
2458 1261 1
857 1984 1
368 2631 1
1498 2991 1
2943 876 1
389 1144 1
2379 1548 1
949 2549 1
2818 2090 1
2135 357 1
2561 1206 1
2799 1887 1
2126 2504 1
2477 944 1
232 2640 1
1815 2136 1
2879 88 1
2115 637 1
1023 1766 1
62 1641 1
280 2853 1
2742 1069 1
1259 1209 1
2515 1197 1
912 2530 1
2989 48 1
1193 2055 1
336 2489 1
280 1087 1
2321 131 1
628 2271 1
2679 994 1
2141 1927 1
733 2417 1
1413 2939 1
262 2611 1
2783 1439 1
1660 2793 1
938 365 1
1944 2438 1
1314 601 1
2178 653 1
2278 723 1
1286 1094 1
1734 2447 1
1995 262 1
2755 3 1
1104 20 1
1000 2857 1
2226 1707 1
2221 703 1
2571 489 1
779 2089 1
1719 993 1
2721 586 1
2219 959 1
2240 295 1
480 2124 1
1525 73 1
1708 2769 1
1857 692 1
2091 2354 1
1583 2436 1
1351 2604 1
2544 1978 1
2777 2152 1
2279 292 1
357 2747 1
2923 764 1
323 2461 1
158 342 1
2901 704 1
2923 91 1
2399 1934 1
935 2411 1
2043 1966 1
122 2654 1
2194 1964 1
1105 2880 1
1431 2321 1
1598 2142 1
2412 1235 1
2381 1621 1
430 1606 1
1349 2628 1
700 2301 1
1643 2251 1
40 2387 1
2979 1292 1
2701 160 1
2246 2011 1
1951 2237 1
1366 718 1
2754 2473 1
2538 271 1
1917 2855 1
2582 1420 1
1182 1235 1
2579 691 1
1719 2188 1
2243 1810 1
66 2297 1
834 2639 1
2271 1732 1
1078 865 1
2196 1059 1
1800 905 1
1401 2403 1
2208 1863 1
2989 647 1
2654 289 1
2680 293 1
1104 524 1
2455 1491 1
303 2308 1
66 2254 1
2225 2081 1
770 2211 1
176 2856 1
547 2302 1
1699 2145 1
2686 473 1
2665 1310 1
1690 1471 1
2612 704 1
2183 1617 1
683 2146 1
1258 2892 1
919 2741 1
2691 1336 1
2401 918 1
601 1000 1
2079 2519 1
2387 783 1
2816 1034 1
1410 2703 1
400 2428 1
2282 1557 1
2417 88 1
2650 85 1
2758 684 1
1364 2601 1
1972 2664 1
368 2810 1
2897 2269 1
2880 1378 1
1555 1716 1
250 1988 1
1798 2729 1
2805 1368 1
778 1239 1
188 2338 1
2894 683 1
2260 1684 1
2055 2597 1
2372 961 1
1564 1836 1
2330 1774 1
865 2364 1
1894 2835 1
647 1578 1
2268 371 1
2974 892 1
2105 629 1
1148 2678 1
2820 952 1
1878 2192 1
2048 2563 1
2122 219 1
522 2797 1
2514 1108 1
1831 2199 1
1791 2294 1
2831 1500 1
1879 2637 1
551 90 1
2048 51 1
722 169 1
1810 1366 1
2231 1891 1
1563 1032 1
2842 1444 1
1247 1218 1
2531 64 1
965 2255 1
1542 1582 1
2804 97 1
2565 850 1
824 1146 1
2637 2055 1
185 2699 1
265 1667 1
2927 1091 1
2643 630 1
2783 1410 1
1624 2496 1
1789 2442 1
2492 357 1
2234 978 1
1229 2639 1
80 2560 1
592 2447 1
478 651 1
1068 184 1
2873 201 1
2618 577 1
376 2647 1
1053 2160 1
549 2469 1
2364 971 1
694 171 1
2168 1061 1
396 967 1
2928 245 1
1575 2133 1
632 1602 1
1017 2966 1
560 2275 1
1542 969 1
758 2117 1
2694 1634 1
1605 2990 1
331 2535 1
2578 482 1
1632 2311 1
1457 2518 1
1924 1679 1
2642 566 1
925 2798 1
2869 1328 1
1003 2269 1
2960 331 1
1824 1154 1
196 1530 1
222 2227 1
176 2417 1
2316 1779 1
1074 2945 1
2989 845 1
1538 2728 1
1189 2215 1
479 2697 1
212 2817 1
793 1386 1
422 2143 1
110 2412 1
2194 316 1
246 596 1
2113 387 1
1664 2108 1
2825 594 1
115 1679 1
220 2504 1
2415 1659 1
2976 2478 1
140 2425 1
2974 1102 1
2429 1636 1
432 2884 1
557 819 1
1597 2616 1
2335 1937 1
2128 2538 1
2939 2490 1
2494 531 1
1316 2582 1
2377 1636 1
790 2149 1
925 2581 1
2256 949 1
1256 2696 1
576 2122 1
1498 2921 1
2211 220 1
1438 34 1
2611 2008 1
858 2366 1
1454 2497 1
2366 796 1
468 2596 1
2266 187 1
2781 852 1
2793 336 1
2568 2079 1
509 1260 1
1984 859 1
826 2518 1
1252 2716 1
127 595 1
1086 292 1
2694 1302 1
180 2908 1
1071 2890 1
2758 417 1
2939 687 1
1297 2857 1
943 2353 1
2600 1880 1
2082 2496 1
2938 85 1
474 2702 1
1648 2208 1
2546 748 1
595 2438 1
2263 1375 1
509 463 1
2706 1737 1
2805 822 1
2759 213 1
655 2605 1
14 259 1
2264 345 1
321 2266 1
2835 1195 1
537 1705 1
281 2336 1
1488 2676 1
2332 1127 1
2269 1432 1
800 2485 1
2298 991 1
1079 2223 1
2835 1177 1
310 2295 1
1364 2659 1
2582 2005 1
1488 238 1
2038 2220 1
2025 2352 1
271 694 1
726 246 1
1388 1050 1
2693 742 1
487 2624 1
2057 2985 1
72 2964 1
2275 727 1
469 1088 1
640 2051 1
1762 2220 1
2272 470 1
2952 2032 1
2492 1770 1
1441 2096 1
2791 1431 1
1602 1606 1
1749 2714 1
256 2910 1
597 2414 1
2112 795 1
2155 57 1
2767 1481 1
2891 151 1
2085 1379 1
2867 760 1
1613 2144 1
307 523 1
186 2273 1
397 2650 1
1416 2392 1
1092 2420 1
2410 2998 1
2393 1541 1
770 8 1
2039 2114 1
217 2675 1
2820 90 1
427 1840 1
2252 253 1
2682 630 1
2822 868 1
574 2545 1
1699 2248 1
2417 234 1
1269 348 1
1512 2762 1
2967 91 1
2867 1452 1
185 2359 1
2227 1513 1
329 2298 1
2661 2942 1
1717 2740 1
812 2257 1
2350 100 1
1698 537 1
1999 1333 1
176 2283 1
1874 706 1
2936 917 1
2876 1789 1
755 854 1
2577 2831 1
1786 1128 1
2835 918 1
1963 903 1
997 2899 1
1727 2563 1
2738 1399 1
2699 1164 1
2441 1212 1
3000 854 1
726 1955 1
2741 1451 1
2777 1590 1
712 2308 1
1200 2319 1
389 2475 1
708 2252 1
1853 133 1
2834 1920 1
2527 317 1
2285 191 1
2775 1245 1
1638 2075 1
214 2980 1
481 1505 1
517 1574 1
514 1359 1
168 1902 1
446 2494 1
2855 228 1
1309 2473 1
958 2999 1
962 2156 1
2074 2681 1
2817 764 1
2597 1879 1
1111 2334 1
523 2021 1
2174 1152 1
1114 564 1
2012 469 1
421 2072 1
1757 2835 1
618 2760 1
2977 1694 1
2495 1955 1
981 230 1
1027 2108 1
288 2664 1
463 2443 1
1663 375 1
2233 1066 1
2409 2445 1
673 2742 1
2155 140 1
57 2349 1
1248 2905 1
1440 2801 1
1695 2174 1
371 885 1
2245 1901 1
2057 2771 1
1789 2808 1
485 897 1
627 2206 1
2512 163 1
2386 1360 1
1926 2362 1
2395 2397 1
580 2584 1
2389 879 1
2585 1363 1
1446 2914 1
2724 702 1
1891 2846 1
2837 1231 1
324 608 1
2341 215 1
1544 2571 1
2007 2292 1
1711 2250 1
2993 1217 1
1859 2767 1
2414 1927 1
2827 123 1
2033 1735 1
1768 424 1
2952 2007 1
1434 2314 1
1582 2560 1
2 2485 1
2413 1701 1
2226 162 1
2772 1042 1
575 2185 1
2352 1298 1
1777 316 1
680 2183 1
2355 1102 1
2703 1529 1
1649 1298 1
2305 2037 1
1605 1505 1
2309 2435 1
206 609 1
1081 2140 1
1223 2183 1
1326 2249 1
2992 1535 1
2704 575 1
2992 194 1
2133 1302 1
392 2434 1
2894 1000 1
1951 2281 1
973 2473 1
2611 1973 1
2978 1710 1
642 2102 1
2885 948 1
1497 2407 1
1505 2116 1
2280 675 1
109 2240 1
1499 2636 1
777 2334 1
2222 825 1
2789 1813 1
44 2817 1
324 2177 1
1984 2719 1
853 2601 1
1839 1929 1
992 608 1
469 1562 1
2605 364 1
212 2670 1
2957 253 1
1887 2531 1
1865 2321 1
2339 98 1
1317 2372 1
848 2498 1
2130 1687 1
839 2910 1
955 2824 1
2109 554 1
14 2415 1
236 2323 1
2807 2054 1
1776 2801 1
1662 2422 1
2872 64 1
2803 359 1
711 1281 1
2887 594 1
2835 1279 1
2345 995 1
889 1072 1
1931 832 1
2713 1201 1
1547 246 1
1662 1418 1
2495 1933 1
2739 2015 1
1369 2314 1
566 2210 1
2846 850 1
2968 972 1
2132 1083 1
2607 1966 1
2230 2652 1
2609 407 1
2195 18 1
561 2111 1
1013 2895 1
1127 744 1
284 2530 1
348 1499 1
2814 973 1
2478 1136 1
2100 1340 1
1594 2125 1
414 2236 1
763 2289 1
2386 1177 1
1944 2632 1
2274 2064 1
2693 1650 1
1639 2977 1
2938 1632 1
2396 1334 1
299 2416 1
2843 428 1
2024 2496 1
291 2836 1
2297 179 1
2535 1403 1
455 2896 1
1059 2587 1
145 1825 1
2716 52 1
2760 1356 1
1019 2207 1
1701 2235 1
2645 281 1
2770 693 1
866 127 1
2546 1161 1
1127 1171 1
2828 295 1
954 1820 1
1673 2980 1
832 1640 1
754 2477 1
643 2645 1
126 2216 1
2433 655 1
1246 2102 1
2699 1181 1
1385 2808 1
580 409 1
2070 2199 1
2728 30 1
784 1688 1
1764 797 1
2739 885 1
100 2731 1
1028 2719 1
2597 1650 1
1622 2999 1
2871 1327 1
2524 586 1
2397 1048 1
718 2960 1
244 654 1
2910 330 1
2861 763 1
212 2731 1
387 2910 1
919 2283 1
1398 2022 1
2549 801 1
98 2973 1
1719 2834 1
2442 579 1
1540 2444 1
1404 256 1
1846 2394 1
1968 1672 1
1513 2123 1
341 2049 1
2419 1097 1
2269 795 1
832 1804 1
763 2791 1
385 2272 1
781 804 1
651 826 1
2062 2404 1
801 2430 1
424 2319 1
1071 893 1
2875 1416 1
1755 2128 1
1017 2960 1
1763 1952 1
2551 1168 1
2712 2528 1
2305 263 1
1140 2477 1
410 2471 1
2755 56 1
2975 506 1
1223 2307 1
2017 235 1
392 778 1
2753 45 1
952 2263 1
1622 2456 1
1829 2099 1
2153 437 1
2759 1188 1
1259 2513 1
1072 2661 1
2685 1557 1
1147 1200 1
1797 661 1
2563 1699 1
1777 2809 1
793 2223 1
1967 2635 1
1135 2423 1
2282 1697 1
663 2405 1
116 2695 1
2505 2050 1
49 2379 1
2905 1003 1
2689 853 1
2681 2092 1
696 2951 1
162 1401 1
1192 2856 1
2052 2168 1
2107 24 1
2517 2097 1
2824 1696 1
1639 2959 1
2144 251 1
1480 2805 1
1731 394 1
1578 618 1
1698 501 1
503 2965 1
632 2483 1
1141 2744 1
2127 2040 1
898 1683 1
2118 276 1
587 2756 1
2400 2745 1
932 2796 1
19 2184 1
732 2789 1
1842 2252 1
2866 215 1
2038 189 1
1325 267 1
282 2961 1
2949 1860 1
2062 2995 1
2729 1182 1
963 459 1
1111 1263 1
2481 2016 1
2649 182 1
2012 2411 1
2228 314 1
2116 2033 1
2498 1172 1
2882 1272 1
2802 1310 1
2175 364 1
2746 706 1
1360 2213 1
967 2325 1
2938 2093 1
1399 2888 1
1161 2079 1
1350 2319 1
180 2149 1
2990 705 1
2294 1953 1
279 2318 1
1004 2340 1
2383 756 1
1321 2470 1
257 862 1
1775 2303 1
2539 1702 1
2820 2005 1
980 2172 1
309 2880 1
1295 2538 1
2112 193 1
2968 1202 1
1932 1964 1
1243 2693 1
2480 1534 1
1444 6 1
918 2822 1
2111 1432 1
2913 2033 1
2567 1506 1
603 2591 1
1932 2763 1
2477 560 1
2454 2031 1
2330 188 1
1096 1046 1
944 1174 1
2211 1665 1
810 2615 1
1519 2792 1
42 2569 1
1210 1949 1
2633 1621 1
2287 1504 1
133 2471 1
845 1031 1
708 2859 1
2548 1586 1
1435 2649 1
2010 2261 1
2216 1054 1
348 2178 1
2531 142 1
2924 219 1
842 2229 1
713 2649 1
1347 2498 1
2005 2134 1
2804 1051 1
16 2323 1
169 94 1
1162 2491 1
1012 2259 1
2277 1448 1
621 2691 1
1424 1964 1
1826 2680 1
2921 554 1
856 2718 1
1035 2558 1
2316 2545 1
2602 222 1
1974 756 1
325 1888 1
2895 1518 1
1031 2286 1
557 2552 1
1655 1148 1
2341 120 1
64 2883 1
2468 1463 1
2759 465 1
2778 2836 1
667 2895 1
919 1158 1
1691 2204 1
1849 2894 1
1098 2548 1
2165 525 1
222 2072 1
2879 397 1
2699 1487 1
538 2740 1
1139 2931 1
2273 1450 1
2936 1487 1
2760 885 1
188 2924 1
2220 1671 1
987 2040 1
2402 210 1
2797 596 1
1844 1248 1
2920 2017 1
952 533 1
2324 2095 1
717 2402 1
218 2559 1
1973 2222 1
80 674 1
2854 725 1
1629 2961 1
2513 1237 1
2519 2057 1
1869 2875 1
464 2164 1
94 2316 1
1754 2125 1
1744 2519 1
2748 650 1
1986 2410 1
2185 1018 1
1198 2849 1
2097 188 1
1144 2990 1
1901 2718 1
2622 1032 1
1945 2284 1
1318 2879 1
152 2375 1
1651 2279 1
2067 2514 1
1557 2572 1
2151 1196 1
1324 2835 1
2071 370 1
856 2950 1
1361 1997 1
1142 1327 1
504 2539 1
2934 1369 1
1431 2558 1
2519 1561 1
86 2792 1
1850 1740 1
2696 832 1
1457 2242 1
2243 171 1
1850 1727 1
991 2687 1
2916 2058 1
2774 1531 1
950 1011 1
2724 398 1
1385 2722 1
2968 36 1
1551 2835 1
576 562 1
1533 586 1
2564 1574 1
486 2169 1
199 547 1
747 2873 1
598 2607 1
1434 782 1
1724 2354 1
441 2710 1
1287 772 1
1147 478 1
1967 2631 1
486 2881 1
116 2330 1
1567 2386 1
643 426 1
2605 1742 1
2849 767 1
2150 261 1
2932 796 1
2611 2041 1
66 1255 1
2594 1917 1
2626 1585 1
1633 2940 1
1767 1367 1
2687 2074 1
2199 477 1
1580 1833 1
399 2414 1
405 1449 1
878 2990 1
2684 1536 1
1567 1848 1
283 2648 1
1335 98 1
2510 1384 1
1211 2756 1
1340 2345 1
783 2519 1
2445 263 1
2197 100 1
2418 1762 1
2496 2360 1
701 2741 1
913 2204 1
2230 2688 1
1822 2492 1
878 2316 1
2983 2082 1
1007 2955 1
48 2687 1
2457 1226 1
2539 232 1
2848 1382 1
2741 1305 1
2952 864 1
1461 2767 1
204 2559 1
1890 2522 1
745 2317 1
1300 2504 1
2367 1370 1
915 281 1
2195 677 1
1436 2100 1
1808 1537 1
2559 1902 1
670 2123 1
817 2413 1
2988 2117 1
2875 235 1
2963 340 1
2791 632 1
928 2126 1
2107 1904 1
2934 626 1
2750 2056 1
2206 603 1
1549 2249 1
1893 2861 1
1380 2506 1
1754 2363 1
772 1866 1
2368 2639 1
264 2876 1
1219 2973 1
1397 2268 1
682 2297 1
1169 2244 1
660 2643 1
321 2831 1
273 2952 1
2247 2895 1
137 449 1
311 2816 1
53 2752 1
410 2422 1
337 2765 1
1738 2403 1
291 718 1
2585 1965 1
1017 906 1
2888 601 1
513 2482 1
2562 1233 1
860 2997 1
992 1781 1
2676 6 1
2701 841 1
487 2472 1
1781 394 1
922 2356 1
1391 2767 1
997 2740 1
2495 1684 1
2681 187 1
2961 1675 1
2844 545 1
1507 2070 1
1525 2897 1
2618 431 1
2662 60 1
1922 148 1
2231 2038 1
1662 1212 1
2528 1556 1
1232 2693 1
993 1997 1
731 2601 1
821 2910 1
3000 1623 1
939 2918 1
2091 16 1
2381 731 1
1122 288 1
885 793 1
2667 1269 1
2360 304 1
1588 266 1
2209 325 1
2782 10 1
1614 2943 1
2549 595 1
1173 2457 1
2194 84 1
2288 293 1
2825 507 1
1593 2790 1
1333 2346 1
2616 1867 1
12 932 1
2866 672 1
1588 2605 1
2 1124 1
2194 549 1
2224 615 1
51 2442 1
1510 2831 1
2489 1104 1
2687 2092 1
2012 2443 1
1963 1473 1
164 2383 1
2101 303 1
456 2896 1
2352 583 1
2409 2545 1
2149 2761 1
2748 523 1
2601 1500 1
2080 2816 1
949 2485 1
1554 1211 1
2285 404 1
997 2676 1
2753 1715 1
2140 1195 1
1253 2288 1
1663 2905 1
1931 2191 1
2137 1554 1
1816 1797 1
2304 127 1
296 887 1
2935 1965 1
2449 2951 1
2203 407 1
391 2624 1
430 2812 1
2361 1934 1
2012 2801 1
1515 2751 1
298 75 1
2371 371 1
2344 1836 1
2115 704 1
2429 793 1
2984 1102 1
2710 379 1
2015 2412 1
1394 2755 1
2608 1477 1
1038 2541 1
2055 2311 1
2474 491 1
2587 2043 1
2563 410 1
2717 628 1
1990 2167 1
1188 2434 1
2776 779 1
2555 1853 1
2560 1759 1
1051 3000 1
940 1764 1
1158 2080 1
41 2367 1
850 2822 1
2382 1363 1
859 2412 1
2977 1365 1
432 1341 1
359 704 1
2524 576 1
2833 1933 1
1190 254 1
2876 115 1
228 2269 1
2880 1577 1
2345 99 1
2127 178 1
2310 650 1
534 936 1
1660 2823 1
1759 2749 1
2103 703 1
618 777 1
881 2450 1
2616 252 1
2417 2202 1
2353 2044 1
1695 2488 1
543 1427 1
128 2110 1
1262 2701 1
2365 744 1
358 1745 1
2896 1622 1
1609 2225 1
2269 948 1
2055 1977 1
2530 398 1
880 2433 1
1120 835 1
2910 1906 1
2382 1521 1
2305 216 1
2572 541 1
2457 928 1
2871 1021 1
2406 2062 1
2723 729 1
1346 2477 1
2127 1667 1
39 2296 1
436 1170 1
1271 2879 1
2577 2948 1
2851 1792 1
1884 1230 1
2595 749 1
1921 2233 1
376 2616 1
1002 207 1
649 2639 1
1494 2880 1
2964 613 1
2578 508 1
1543 2543 1
2018 2705 1
2938 180 1
2592 2048 1
2635 284 1
2200 676 1
1871 2934 1
2488 831 1
1984 2229 1
1246 2264 1
252 2658 1
2616 2931 1
1758 2401 1
35 2354 1
1231 2675 1
491 2709 1
1957 2445 1
2262 1915 1
2269 926 1
1583 1116 1
2115 1030 1
2805 2378 1
2075 2611 1
809 2725 1
472 2601 1
2808 753 1
2974 192 1
221 2239 1
17 2893 1
2948 1669 1
2659 1751 1
510 2883 1
1849 351 1
1180 2721 1
2748 1996 1
2202 2438 1
2440 777 1
781 2172 1
1421 1900 1
2261 1623 1
2488 877 1
2779 474 1
167 2701 1
591 2780 1
2107 161 1
1319 2923 1
1666 2612 1
584 2636 1
1877 2574 1
1544 1482 1
2999 559 1
2783 1738 1
666 2236 1
1549 1315 1
131 2961 1
2809 1283 1
1686 2466 1
2768 81 1
1743 2652 1
1692 2849 1
1329 2309 1
1053 2588 1
2054 565 1
1013 259 1
274 2627 1
1880 2553 1
1999 1588 1
1995 2327 1
2584 1754 1
1109 2717 1
1570 974 1
2929 1419 1
2726 2764 1
1055 2272 1
2270 1032 1
2944 529 1
1741 2771 1
1308 2745 1
2869 1207 1
850 2855 1
1622 2591 1
1177 2296 1
2952 1526 1
2630 1013 1
2457 1675 1
1697 2797 1
1213 2666 1
2702 1965 1
2605 1887 1
815 2885 1
2068 2232 1
1304 347 1
2437 1861 1
2061 2109 1
1566 2816 1
2191 2036 1
176 1945 1
2441 595 1
1413 2651 1
1780 1026 1
2640 1992 1
2896 1930 1
2715 622 1
1224 2758 1
2150 998 1
1884 2780 1
2880 835 1
15 2199 1
2679 31 1
2421 1638 1
1450 2171 1
2667 1251 1
2492 297 1
1106 2447 1
434 1 1
2695 428 1
706 2938 1
2561 901 1
491 2986 1
694 2951 1
2491 2092 1
1996 1617 1
666 2782 1
1987 2420 1
2822 1292 1
246 2951 1
1506 2430 1
1593 2900 1
2126 1072 1
1200 2798 1
401 1393 1
2439 2545 1
2870 2371 1
2400 516 1
2775 620 1
2515 1406 1
1380 2962 1
1397 2437 1
1609 2679 1
2826 1704 1
89 2590 1
2227 2964 1
916 75 1
859 2403 1
2136 111 1
816 96 1
140 2532 1
2191 467 1
2257 153 1
2693 1453 1
1069 2499 1
2257 1187 1
27 2484 1
2808 1571 1
2009 2520 1
272 1628 1
654 2310 1
707 1193 1
2360 1429 1
2369 1725 1
450 1807 1
206 2448 1
1901 1477 1
2703 1144 1
2617 1294 1
646 2899 1
2519 1996 1
2421 746 1
1979 2321 1
1511 2457 1
2633 544 1
2985 275 1
2098 1296 1
1967 2648 1
2507 1524 1
2518 1642 1
1100 2650 1
2490 2755 1
835 2145 1
1229 2982 1
2886 1362 1
1494 1734 1
2732 1695 1
2389 1828 1
2759 1649 1
2960 1452 1
2923 1735 1
1158 2844 1
2634 1280 1
483 1766 1
1661 2246 1
165 2704 1
1187 2194 1
2944 1611 1
2893 1190 1
2301 896 1
2846 129 1
2681 355 1
2106 1412 1
1358 2237 1
2323 999 1
196 2469 1
2043 2114 1
2174 481 1
525 2638 1
529 2425 1
2765 721 1
2314 2037 1
726 2352 1
1874 1696 1
198 2507 1
615 2358 1
2080 2615 1
2844 929 1
2782 2040 1
1349 702 1
2208 711 1
920 2959 1
2470 1754 1
408 2108 1
948 2802 1
531 1787 1
1097 2765 1
662 801 1
2241 89 1
588 427 1
2087 2111 1
1008 2126 1
1785 2574 1
1952 619 1
2417 1554 1
1778 2390 1
1793 2558 1
2502 558 1
2695 1588 1
2499 196 1
1574 2256 1
1643 1581 1
1586 1963 1
2110 271 1
2370 848 1
1364 2710 1
2236 1220 1
1052 2649 1
163 2664 1
136 2709 1
1726 2242 1
2401 821 1
2922 1589 1
2483 1917 1
2377 848 1
518 1051 1
667 1378 1
1466 2433 1
164 1351 1
2487 650 1
2045 2524 1
56 2961 1
2948 440 1
2240 2079 1
2616 1058 1
2187 1436 1
2865 285 1
2999 1099 1
2360 2230 1
848 2406 1
2688 375 1
1085 2334 1
409 2167 1
1104 1670 1
1618 2874 1
971 2409 1
422 1805 1
2386 1325 1
966 1080 1
1280 2295 1
2598 298 1
1581 2340 1
247 2412 1
123 2584 1
1098 2402 1
2465 1149 1
828 2606 1
1143 1856 1
2293 2309 1
2954 1492 1
256 1039 1
2248 377 1
226 2670 1
2861 1722 1
2318 1464 1
2026 2673 1
1844 918 1
827 1661 1
1269 2225 1
440 249 1
1461 2342 1
2250 1958 1
1134 2795 1
581 1820 1
178 1109 1
1917 2456 1
2167 1206 1
2614 42 1
565 2258 1
1201 2930 1
737 1101 1
2924 1560 1
82 2305 1
2709 2626 1
2366 2029 1
1493 959 1
1690 513 1
2795 486 1
2975 98 1
2537 563 1
1517 865 1
367 1210 1
2803 641 1
2479 651 1
2700 112 1
201 2728 1
334 2356 1
2118 1815 1
836 2406 1
618 2509 1
1308 2188 1
2557 1086 1
2106 1771 1
1730 2667 1
2390 727 1
1553 2969 1
1281 2476 1
576 2812 1
1059 2309 1
1323 1117 1
998 2647 1
2867 1008 1
923 2679 1
2790 1544 1
2387 406 1
2891 1957 1
2888 2464 1
1223 2238 1
2793 1492 1
297 2447 1
2305 679 1
912 2866 1
1648 224 1
2333 46 1
2654 1458 1
2238 1797 1
1129 2980 1
686 2900 1
2708 1598 1
113 156 1
481 2987 1
1114 2219 1
2262 445 1
486 1659 1
1155 2056 1
1981 2412 1
2136 1841 1
1608 2030 1
1624 2299 1
910 2486 1
1842 2264 1
767 2421 1
2514 1806 1
1142 2954 1
50 2161 1
860 2488 1
2495 153 1
852 2985 1
971 2789 1
2644 1580 1
2539 369 1
1171 2078 1
1112 1146 1
2254 1931 1
2300 453 1
2468 1933 1
893 2506 1
795 1127 1
1228 2629 1
2168 42 1
2433 1152 1
95 2802 1
2257 369 1
767 2195 1
432 1397 1
2022 2855 1
2959 719 1
1024 2346 1
1306 2413 1
498 2110 1
492 2627 1
23 2386 1
86 2831 1
272 2311 1
1024 2635 1
445 1250 1
1018 1784 1
2459 1702 1
3000 2035 1
2297 2821 1
55 2530 1
65 736 1
461 51 1
1859 1237 1
2309 1451 1
2854 2120 1
2934 2768 1
846 1585 1
2691 370 1
1861 1104 1
2505 137 1
2032 998 1
1688 1647 1
2418 511 1
2259 1714 1
179 2905 1
224 2648 1
2351 1773 1
2747 913 1
78 2710 1
465 2541 1
2200 2016 1
229 2646 1
841 2566 1
2721 121 1
2945 2095 1
2436 327 1
1296 2625 1
378 1035 1
1715 2625 1
1149 2274 1
2923 1156 1
2846 1745 1
1022 2832 1
527 738 1
2576 2066 1
826 2291 1
2711 1694 1
1209 2374 1
2220 2983 1
1884 2301 1
1429 2977 1
166 2185 1
2202 325 1
1601 2828 1
339 2837 1
1398 2913 1
264 4 1
971 2834 1
2106 197 1
2448 2774 1
670 2928 1
207 2146 1
1821 2440 1
1837 2721 1
497 2729 1
2594 418 1
2288 1248 1
1327 2125 1
977 2891 1
1193 2416 1
630 96 1
1654 2154 1
2170 1504 1
124 2750 1
2212 1929 1
2514 838 1
2541 1197 1
2147 2839 1
2620 2068 1
1601 2738 1
2829 837 1
960 2547 1
1527 2720 1
1119 2450 1
2934 2799 1
251 2973 1
2913 136 1
70 2255 1
2799 1448 1
1930 2820 1
536 182 1
2088 2812 1
2474 107 1
838 2300 1
1475 2436 1
744 311 1
744 2437 1
866 2169 1
2616 1785 1
47 86 1
1773 2917 1
613 1847 1
1128 2354 1
2887 374 1
2761 961 1
1 617 1
2817 155 1
2902 2016 1
1536 1539 1
1468 686 1
449 2149 1
2697 1627 1
1375 2549 1
489 2589 1
758 2725 1
2836 2449 1
2671 1365 1
2159 1374 1
1847 2523 1
2271 1881 1
2589 2062 1
2210 652 1
2603 1360 1
1206 1935 1
547 120 1
2599 750 1
2732 2046 1
2996 602 1
911 2919 1
2899 2093 1
174 2389 1
202 786 1
349 2561 1
317 2906 1
1319 2157 1
560 2250 1
2969 88 1
2491 1065 1
2328 1757 1
2237 2883 1
2780 803 1
2092 2580 1
2140 2953 1
675 2134 1
2362 179 1
1621 718 1
2867 2622 1
2141 941 1
1576 2296 1
1688 2423 1
1636 2747 1
2805 1701 1
381 2274 1
1132 2431 1
232 2514 1
2292 568 1
1101 512 1
2580 317 1
2542 1033 1
855 2979 1
2936 852 1
755 1252 1
1225 2142 1
2456 1499 1
2382 966 1
346 2804 1
373 2860 1
2439 29 1
2840 1389 1
2316 789 1
1492 2540 1
742 264 1
59 2341 1
985 2269 1
976 2687 1
2538 1670 1
2738 390 1
1902 2572 1
2412 1436 1
1924 2279 1
2189 1047 1
4 2208 1
269 2932 1
853 2241 1
1461 2545 1
1607 2255 1
747 1185 1
2357 740 1
2650 1809 1
1504 2919 1
549 1976 1
2533 1730 1
2241 1011 1
2198 1703 1
2235 1504 1
2715 1327 1
1486 2664 1
284 1771 1
735 2518 1
2094 2275 1
2701 511 1
489 2109 1
2649 716 1
2788 1686 1
1252 368 1
1900 2908 1
860 2315 1
1123 340 1
628 2856 1
2495 506 1
2374 40 1
1835 2783 1
2680 559 1
2029 2772 1
2904 2088 1
2062 382 1
2957 1071 1
2779 91 1
289 2165 1
2668 1381 1
1941 2600 1
1409 1661 1
2191 2021 1
2963 1539 1
1547 2765 1
2183 1197 1
1394 2120 1
2560 1520 1
1073 2713 1
1351 2877 1
635 2425 1
1097 2391 1
1831 812 1
1513 2160 1
568 2759 1
670 2128 1
234 2781 1
2621 1232 1
2652 93 1
1889 2593 1
1147 1861 1
218 2789 1
2722 1169 1
2902 2549 1
1555 2951 1
364 2473 1
512 2581 1
1352 2728 1
1698 1979 1
2800 1308 1
1416 2183 1
1087 2839 1
1723 1431 1
2689 1856 1
1452 2223 1
2480 2038 1
2271 2044 1
1723 2789 1
741 2163 1
538 2848 1
2427 316 1
2379 1780 1
2884 653 1
2275 178 1
1487 1678 1
2559 1572 1
2580 1407 1
2543 1923 1
2638 1730 1
1942 2649 1
240 2282 1
341 714 1
2728 1553 1
809 2579 1
1552 2342 1
1246 2540 1
1050 1871 1
488 2889 1
292 2840 1
1128 2579 1
2490 2252 1
2482 1359 1
2439 2999 1
414 2680 1
798 2452 1
1577 2320 1
1510 2392 1
664 2465 1
640 2735 1
466 2670 1
2761 295 1
173 2184 1
189 2749 1
1066 2988 1
1795 2772 1
773 2878 1
2494 2435 1
1520 521 1
695 2987 1
2880 1839 1
2382 964 1
1682 164 1
2695 1976 1
2944 301 1
2006 2698 1
2108 1857 1
887 2223 1
1555 1157 1
2401 674 1
1931 887 1
713 1567 1
2178 1014 1
1370 2231 1
2901 1263 1
2165 1974 1
2127 1991 1
1536 2421 1
48 1952 1
1513 2410 1
1864 615 1
6 2750 1
2504 1445 1
814 799 1
1052 2499 1
2978 470 1
172 1841 1
2938 1683 1
8 2934 1
2056 2299 1
501 2484 1
1579 2871 1
309 2423 1
1837 2235 1
136 2756 1
660 2782 1
1561 678 1
218 2445 1
1563 2477 1
2600 1732 1
689 1804 1
