3000 3000
1415 2616 1
2087 288 1
1384 2585 1
776 2575 1
2207 408 1
1182 2383 1
1315 114 1
2158 957 1
1790 2991 1
156 1357 1
313 1514 1
340 2139 1
704 2503 1
1968 169 1
646 2445 1
2745 946 1
679 2478 1
2641 1440 1
2037 836 1
751 2550 1
2921 1720 1
827 2028 1
235 1436 1
2328 529 1
2321 1120 1
2713 1512 1
586 1787 1
1385 184 1
332 1533 1
205 2004 1
1340 2541 1
1399 198 1
1034 2235 1
711 1912 1
523 1724 1
2449 1248 1
807 2606 1
317 1518 1
2172 971 1
2746 947 1
266 2065 1
559 1760 1
1387 2588 1
2358 559 1
1085 2884 1
2168 967 1
2785 1584 1
1459 2660 1
2409 1208 1
2626 1425 1
946 2147 1
1231 2432 1
1252 51 1
2552 1351 1
159 1958 1
67 1268 1
1431 230 1
213 2012 1
1495 294 1
1723 2924 1
2867 1068 1
2675 1474 1
2584 785 1
1705 504 1
1026 2825 1
1069 2270 1
494 1695 1
994 2195 1
1858 657 1
2370 1169 1
1515 2716 1
1486 2687 1
2381 1180 1
2520 1319 1
386 1587 1
1147 2946 1
634 1835 1
1957 756 1
2915 1116 1
2736 937 1
2062 263 1
2231 1030 1
2243 444 1
2847 1646 1
2710 911 1
725 1926 1
2253 1052 1
692 2491 1
2018 817 1
23 1224 1
2870 1071 1
2162 363 1
2631 1430 1
1509 308 1
261 1462 1
687 1888 1
434 1635 1
1901 102 1
474 1675 1
639 2438 1
20 1819 1
1126 2925 1
355 2154 1
1868 69 1
1593 2794 1
2759 960 1
2172 373 1
820 2021 1
2650 851 1
1590 389 1
772 2571 1
2212 413 1
1499 2700 1
2240 441 1
31 1830 1
1416 215 1
2856 1057 1
110 1909 1
48 1249 1
1578 2779 1
458 2257 1
1227 2428 1
2426 627 1
2505 706 1
393 1594 1
297 1498 1
1912 113 1
1608 2809 1
1768 2969 1
793 1994 1
890 2689 1
445 1646 1
1608 407 1
1697 496 1
2770 971 1
1690 489 1
126 1925 1
2587 788 1
2189 988 1
2909 1110 1
410 1611 1
2593 794 1
2108 309 1
2309 510 1
838 2637 1
1604 2805 1
843 2044 1
1476 2677 1
502 2301 1
1697 2898 1
165 1964 1
2878 1079 1
1936 735 1
2224 1023 1
187 1388 1
1670 469 1
335 2134 1
319 1520 1
660 2459 1
1980 779 1
1918 717 1
2203 404 1
2718 1517 1
719 1920 1
962 2163 1
293 2092 1
172 1971 1
2552 753 1
2642 843 1
2381 582 1
2329 1128 1
298 2097 1
1158 2957 1
804 2005 1
356 1557 1
1696 495 1
748 1949 1
2363 1162 1
1009 2808 1
1175 2974 1
1904 105 1
1020 2819 1
2561 1360 1
2939 1738 1
2848 1647 1
2690 1489 1
2678 1477 1
1624 423 1
2436 637 1
2201 402 1
848 2647 1
1889 90 1
799 2000 1
302 1503 1
497 2296 1
718 2517 1
1769 2970 1
808 2009 1
2808 1607 1
1671 470 1
1024 2823 1
2904 1703 1
1916 715 1
2019 818 1
719 2518 1
307 2106 1
35 1834 1
1743 2944 1
963 2164 1
2784 1583 1
1173 2374 1
1391 190 1
1603 2804 1
2015 216 1
671 1872 1
1729 2930 1
2209 1008 1
2103 902 1
2633 1432 1
2598 799 1
168 1369 1
167 1368 1
1875 76 1
986 2785 1
1239 38 1
2094 295 1
939 2738 1
1102 2303 1
2842 1641 1
2936 1137 1
435 2234 1
1955 754 1
2262 463 1
2150 949 1
808 2607 1
456 2255 1
1339 2540 1
2470 671 1
1591 2792 1
2189 390 1
268 1469 1
1096 2297 1
424 2223 1
2231 432 1
896 2097 1
575 1776 1
2868 1069 1
2852 1053 1
2574 775 1
2582 783 1
1797 596 1
2404 605 1
1125 2924 1
1439 238 1
2705 906 1
2742 1541 1
492 2291 1
98 1897 1
397 1598 1
118 1319 1
917 2118 1
2798 1597 1
1174 2375 1
412 1613 1
206 1407 1
659 1860 1
996 2795 1
198 1997 1
1346 145 1
175 1376 1
2667 868 1
1931 132 1
689 1890 1
81 1880 1
771 1972 1
1219 18 1
2521 1320 1
2127 926 1
2331 532 1
149 1948 1
1655 2856 1
1816 615 1
1782 2983 1
897 2098 1
1081 2282 1
1688 2889 1
1022 2821 1
1725 524 1
1840 41 1
2293 494 1
1648 447 1
2370 571 1
1742 541 1
366 1567 1
2416 617 1
676 1877 1
1342 141 1
141 1940 1
2473 674 1
1996 197 1
2270 471 1
2545 746 1
2631 832 1
989 2788 1
336 1537 1
1937 138 1
948 2747 1
2952 1751 1
1817 18 1
1873 74 1
1811 12 1
912 2711 1
2956 1755 1
2015 814 1
2288 489 1
1820 21 1
568 2367 1
1472 2673 1
2784 985 1
1204 2405 1
1970 171 1
1621 2822 1
1060 2859 1
101 1900 1
472 1673 1
1589 2790 1
2341 1140 1
2686 887 1
2628 829 1
1132 2333 1
861 2660 1
1576 2777 1
2556 757 1
2320 521 1
2510 1309 1
1311 110 1
2026 825 1
2480 1279 1
1778 577 1
2439 1238 1
59 1260 1
349 2148 1
2559 1358 1
148 1947 1
421 1622 1
2122 323 1
959 2758 1
1866 665 1
2813 1612 1
2072 871 1
381 1582 1
1476 275 1
1372 2573 1
501 2300 1
1924 125 1
1277 76 1
1851 650 1
684 2483 1
609 2408 1
1969 170 1
275 2074 1
728 2527 1
1676 475 1
795 1996 1
2152 951 1
314 2113 1
1887 686 1
1059 2858 1
1861 660 1
2360 1159 1
1380 2581 1
613 2412 1
2837 1038 1
1350 149 1
260 1461 1
2658 859 1
1629 2830 1
1006 2805 1
873 2672 1
1844 45 1
1865 66 1
367 1568 1
2957 1756 1
2691 892 1
337 2136 1
907 2108 1
844 2045 1
320 2119 1
2452 1251 1
1072 2273 1
2891 1092 1
2236 437 1
406 1607 1
1994 195 1
2533 1332 1
817 2616 1
2890 1091 1
666 1867 1
1595 394 1
1480 2681 1
2348 549 1
626 1827 1
1257 56 1
1631 2832 1
2170 969 1
1814 15 1
611 2410 1
2476 1275 1
2174 375 1
2128 329 1
859 2060 1
1527 326 1
2064 863 1
2696 897 1
1787 2988 1
2711 1510 1
116 1317 1
1881 82 1
2645 846 1
1636 435 1
2090 291 1
2043 842 1
2634 1433 1
1168 2967 1
739 2538 1
1699 2900 1
306 1507 1
169 1370 1
121 1920 1
2042 243 1
674 1875 1
850 2051 1
2076 277 1
1652 451 1
507 2306 1
2119 918 1
1381 180 1
2392 1191 1
1366 2567 1
1886 685 1
54 1853 1
775 1976 1
1206 5 1
1977 776 1
2895 1096 1
290 2089 1
483 2282 1
2563 764 1
1636 2837 1
594 2393 1
2402 603 1
1121 2322 1
2864 1065 1
1491 290 1
2911 1112 1
2964 1763 1
2524 1323 1
2298 1097 1
691 2490 1
545 1746 1
1212 11 1
1404 203 1
1173 2972 1
2886 1685 1
2082 283 1
1136 2935 1
2551 1350 1
2627 828 1
1919 718 1
1947 746 1
2888 1089 1
14 1813 1
2875 1076 1
2423 1222 1
571 1772 1
1392 191 1
1091 2292 1
223 2022 1
1874 75 1
618 1819 1
772 1973 1
313 2112 1
2415 1214 1
1203 2404 1
2407 608 1
973 2772 1
2311 512 1
1155 2954 1
2938 1737 1
2247 448 1
2308 1107 1
1373 2574 1
2055 256 1
1719 2920 1
1823 622 1
2621 822 1
2668 1467 1
2092 891 1
438 2237 1
649 1850 1
1011 2810 1
314 1515 1
690 1891 1
948 2149 1
211 2010 1
1283 82 1
1077 2876 1
2137 338 1
111 1312 1
1254 53 1
1749 548 1
347 2146 1
1840 639 1
1399 2600 1
869 2070 1
117 1916 1
2978 1777 1
1809 10 1
2247 1046 1
1359 2560 1
654 1855 1
624 1825 1
2870 1669 1
1766 2967 1
382 2181 1
2391 1190 1
2053 852 1
160 1959 1
1121 2920 1
119 1918 1
224 2023 1
1354 153 1
247 1448 1
1208 7 1
802 2601 1
1070 2869 1
614 2413 1
958 2159 1
294 2093 1
1101 2900 1
2529 1328 1
794 1995 1
2647 1446 1
2317 518 1
1027 2228 1
1566 365 1
1488 287 1
1028 2229 1
292 1493 1
530 2329 1
2360 561 1
2474 1273 1
1937 736 1
332 2131 1
1347 2548 1
363 1564 1
2227 1026 1
823 2024 1
908 2707 1
318 1519 1
576 1777 1
2069 270 1
2286 487 1
1869 668 1
234 2033 1
450 1651 1
1145 2944 1
925 2724 1
2798 999 1
1864 663 1
2159 360 1
119 1320 1
547 2346 1
2684 1483 1
727 1928 1
279 1480 1
244 1445 1
117 1318 1
1799 598 1
2346 1145 1
366 2165 1
982 2781 1
1077 2278 1
655 2454 1
1806 605 1
2335 536 1
1886 87 1
2075 874 1
1164 2963 1
1545 2746 1
1704 2905 1
1150 2351 1
1454 253 1
927 2726 1
648 2447 1
1222 21 1
1896 97 1
2158 359 1
1884 85 1
2448 649 1
2113 912 1
687 2486 1
2443 644 1
93 1892 1
2622 823 1
2978 1179 1
431 2230 1
2072 273 1
743 1944 1
768 1969 1
1551 2752 1
78 1877 1
578 2377 1
2442 643 1
2423 624 1
1054 2853 1
1604 403 1
1189 2390 1
2090 889 1
2675 876 1
2481 682 1
1087 2886 1
665 2464 1
1686 485 1
312 2111 1
2266 1065 1
2906 1705 1
734 2533 1
1985 186 1
2013 812 1
1506 305 1
1280 79 1
159 1360 1
2263 1062 1
723 2522 1
1675 2876 1
144 1943 1
2564 1363 1
1633 2834 1
1531 330 1
222 2021 1
1290 2491 1
2925 1724 1
1500 2701 1
2095 894 1
1832 33 1
1538 337 1
1046 2845 1
1905 106 1
2988 1189 1
834 2633 1
2883 1682 1
2486 1285 1
735 2534 1
2054 853 1
2279 1078 1
1144 2943 1
926 2725 1
2941 1142 1
1361 160 1
2260 461 1
1250 49 1
1987 786 1
2403 1202 1
1863 64 1
2332 1131 1
1874 673 1
2614 1413 1
2508 1307 1
2004 803 1
1536 2737 1
415 1616 1
1716 515 1
2620 821 1
553 1754 1
490 2289 1
2797 998 1
2564 765 1
1526 325 1
2030 231 1
1321 2522 1
1368 2569 1
2294 495 1
123 1324 1
1067 2866 1
550 2349 1
2458 1257 1
2506 707 1
2464 1263 1
2400 1199 1
2734 935 1
192 1991 1
713 2512 1
2338 539 1
131 1930 1
1985 784 1
2472 1271 1
1397 196 1
2410 1209 1
1152 2951 1
617 1818 1
1707 2908 1
1691 2892 1
1241 2442 1
499 1700 1
1733 532 1
931 2730 1
1232 31 1
2446 647 1
280 2079 1
2615 1414 1
1051 2850 1
1454 2655 1
909 2708 1
2226 427 1
2055 854 1
310 1511 1
569 2368 1
208 2007 1
701 2500 1
2617 1416 1
1218 17 1
2794 995 1
1955 156 1
1759 558 1
2036 237 1
1866 67 1
1054 2255 1
2167 966 1
1281 80 1
2272 1071 1
1209 8 1
1755 554 1
1859 658 1
1960 759 1
2045 246 1
2187 388 1
151 1352 1
2426 1225 1
204 2003 1
1266 2467 1
2965 1764 1
297 2096 1
251 2050 1
2659 1458 1
1451 2652 1
2328 1127 1
2872 1671 1
172 1373 1
1003 2802 1
164 1365 1
2573 774 1
1496 2697 1
2275 476 1
1255 54 1
738 1939 1
515 2314 1
17 1816 1
1244 2445 1
1244 43 1
189 1390 1
1570 369 1
601 2400 1
1865 664 1
600 2399 1
322 2121 1
2846 1047 1
2602 803 1
2016 217 1
855 2654 1
1226 25 1
965 2166 1
2596 1395 1
2780 1579 1
2241 442 1
2315 516 1
2161 362 1
2380 581 1
807 2008 1
536 1737 1
1183 2982 1
1647 446 1
468 2267 1
260 2059 1
1463 2664 1
2842 1043 1
2274 1073 1
882 2083 1
2507 1306 1
2545 1344 1
311 2110 1
1161 2362 1
113 1314 1
2772 1571 1
2555 1354 1
2820 1021 1
2818 1617 1
1632 431 1
410 2209 1
2124 923 1
1276 75 1
173 1972 1
709 1910 1
591 2390 1
1981 182 1
383 1584 1
2503 1302 1
1447 2648 1
241 2040 1
2845 1644 1
1142 2343 1
1978 179 1
2156 357 1
196 1995 1
711 2510 1
828 2029 1
2112 911 1
1546 345 1
574 1775 1
130 1331 1
1042 2243 1
1509 2710 1
42 1243 1
2122 921 1
2933 1732 1
2281 482 1
2475 1274 1
755 1956 1
1565 364 1
1638 437 1
78 1279 1
469 2268 1
83 1284 1
22 1223 1
525 2324 1
465 2264 1
2023 822 1
2376 1175 1
907 2706 1
1023 2822 1
1259 58 1
2369 1168 1
2038 239 1
1106 2905 1
2963 1762 1
1914 713 1
1577 376 1
554 2353 1
2922 1123 1
336 2135 1
479 2278 1
60 1261 1
1720 519 1
2809 1010 1
1932 133 1
46 1845 1
1768 567 1
1484 283 1
2028 229 1
2355 1154 1
2310 1109 1
343 2142 1
1773 2974 1
1503 2704 1
1488 2689 1
1538 2739 1
1834 633 1
2611 1410 1
1114 2315 1
2289 1088 1
1700 2901 1
1163 2364 1
2337 1136 1
2406 1205 1
974 2773 1
2724 1523 1
445 2244 1
2422 623 1
1152 2353 1
2224 425 1
739 1940 1
1086 2885 1
2399 1198 1
2701 902 1
505 2304 1
2116 915 1
345 2144 1
2340 1139 1
872 2073 1
148 1349 1
2120 321 1
1475 2676 1
2523 724 1
662 1863 1
844 2643 1
2186 985 1
1134 2335 1
2537 738 1
242 2041 1
1552 351 1
2732 1531 1
2448 1247 1
2065 864 1
903 2702 1
1345 2546 1
2740 941 1
1831 630 1
516 1717 1
715 2514 1
1868 667 1
1028 2827 1
2723 1522 1
1298 2499 1
1764 563 1
168 1967 1
1439 2640 1
1233 2434 1
1063 2862 1
422 2221 1
242 1443 1
1548 347 1
315 1516 1
2774 975 1
953 2154 1
2629 1428 1
2998 1199 1
1939 140 1
2129 330 1
1879 80 1
1592 2793 1
2271 472 1
2874 1673 1
1316 115 1
2220 421 1
629 1830 1
2735 936 1
134 1335 1
271 1472 1
304 1505 1
1092 2293 1
1803 4 1
103 1304 1
1792 591 1
2566 767 1
2133 932 1
1085 2286 1
519 2318 1
1851 52 1
1045 2246 1
1657 2858 1
147 1946 1
1167 2368 1
2201 1000 1
2626 827 1
540 2339 1
970 2171 1
2232 1031 1
1848 647 1
409 2208 1
2947 1746 1
2740 1539 1
781 1982 1
220 2019 1
1752 551 1
2844 1643 1
1600 399 1
1449 248 1
1444 243 1
125 1326 1
1638 2839 1
1420 2621 1
2470 1269 1
642 2441 1
2662 863 1
1957 158 1
1015 2216 1
543 2342 1
830 2031 1
2709 910 1
645 2444 1
1149 2948 1
1147 2348 1
1760 2961 1
517 2316 1
2765 966 1
2922 1721 1
144 1345 1
929 2130 1
2604 805 1
1598 2799 1
1566 2767 1
2173 374 1
261 2060 1
2482 683 1
1364 2565 1
227 1428 1
1328 127 1
460 1661 1
1774 573 1
730 2529 1
1635 2836 1
2068 269 1
716 1917 1
2928 1129 1
1052 2851 1
2472 673 1
643 1844 1
2861 1062 1
2771 972 1
161 1960 1
2453 654 1
2000 201 1
1980 181 1
1630 2831 1
1984 783 1
2596 797 1
10 1211 1
2911 1710 1
1164 2365 1
2651 852 1
188 1987 1
2873 1074 1
2898 1099 1
1785 584 1
2641 842 1
9 1808 1
2463 664 1
493 1694 1
2280 1079 1
1033 2234 1
652 2451 1
380 1581 1
1841 42 1
161 1362 1
934 2135 1
2430 1229 1
493 2292 1
2440 641 1
143 1942 1
838 2039 1
634 2433 1
1637 2838 1
2319 520 1
1219 2420 1
1742 2943 1
58 1857 1
1906 705 1
171 1372 1
1293 2494 1
1115 2316 1
2866 1665 1
2744 1543 1
1358 157 1
2297 498 1
1032 2831 1
1547 2748 1
1115 2914 1
1444 2645 1
2936 1735 1
1109 2908 1
1836 37 1
2334 1133 1
2550 1349 1
1213 12 1
319 2118 1
2774 1573 1
744 2543 1
724 1925 1
2975 1176 1
990 2191 1
1367 166 1
1288 87 1
2682 1481 1
1132 2931 1
29 1230 1
2354 555 1
778 1979 1
1586 385 1
845 2644 1
1293 92 1
1550 349 1
2102 303 1
1790 589 1
163 1962 1
1832 631 1
1155 2356 1
1766 565 1
767 1968 1
2077 278 1
953 2752 1
1659 458 1
1501 2702 1
74 1275 1
893 2094 1
451 2250 1
1915 714 1
2838 1039 1
2732 933 1
632 1833 1
1801 2 1
2295 496 1
837 2038 1
2744 945 1
2111 910 1
1334 133 1
400 1601 1
2768 969 1
2101 900 1
214 2013 1
2427 1226 1
2751 1550 1
1997 796 1
1420 219 1
686 2485 1
2617 818 1
1299 98 1
727 2526 1
30 1829 1
341 1542 1
847 2048 1
1196 2995 1
661 2460 1
1651 2852 1
1218 2419 1
1156 2357 1
2040 839 1
1141 2342 1
2421 622 1
2614 815 1
329 1530 1
2240 1039 1
1153 2354 1
414 1615 1
2152 353 1
2302 1101 1
267 2066 1
2875 1674 1
1064 2265 1
2305 1104 1
1891 92 1
2519 1318 1
1641 440 1
2589 790 1
1547 346 1
207 1408 1
232 1433 1
2833 1632 1
982 2183 1
2807 1008 1
231 1432 1
2547 1346 1
1317 2518 1
1935 136 1
1389 188 1
1312 2513 1
2466 667 1
1310 2511 1
771 2570 1
1387 186 1
1931 730 1
1377 2578 1
357 1558 1
2411 612 1
328 2127 1
2061 262 1
1559 358 1
1055 2256 1
222 1423 1
1238 37 1
599 1800 1
1 1202 1
486 2285 1
1656 455 1
762 1963 1
500 2299 1
1553 352 1
2559 760 1
2238 439 1
1221 20 1
1824 25 1
59 1858 1
1261 2462 1
2059 858 1
1494 2695 1
670 1871 1
251 1452 1
1906 107 1
2132 931 1
2217 1016 1
2193 992 1
258 2057 1
2625 826 1
1104 2903 1
1626 425 1
2728 1527 1
2034 833 1
1055 2854 1
2487 688 1
1938 737 1
1267 66 1
2138 339 1
1956 157 1
604 1805 1
1597 396 1
2147 348 1
816 2615 1
2027 228 1
1581 2782 1
534 2333 1
1734 2935 1
769 1970 1
2300 1099 1
2230 1029 1
1769 568 1
1944 145 1
274 2073 1
256 1457 1
2779 980 1
866 2665 1
1525 2726 1
1852 53 1
2425 626 1
1560 359 1
2313 514 1
1422 221 1
180 1979 1
1138 2937 1
872 2671 1
1185 2386 1
1582 2783 1
2349 1148 1
362 1563 1
804 2603 1
2009 210 1
885 2086 1
2507 708 1
299 2098 1
722 1923 1
1619 2820 1
419 2218 1
2466 1265 1
2320 1119 1
1989 788 1
525 1726 1
914 2115 1
1129 2330 1
2337 538 1
459 2258 1
1410 209 1
104 1305 1
707 1908 1
245 2044 1
2143 942 1
2769 970 1
1188 2987 1
1056 2257 1
925 2126 1
702 2501 1
2663 864 1
640 2439 1
1664 463 1
299 1500 1
103 1902 1
2375 576 1
2393 1192 1
2841 1640 1
1594 2795 1
2560 761 1
2791 1590 1
1160 2361 1
1815 16 1
1548 2749 1
1710 509 1
2639 840 1
1824 623 1
1187 2388 1
154 1355 1
1037 2836 1
558 2357 1
365 2164 1
440 2239 1
1699 498 1
1204 3 1
1884 683 1
2262 1061 1
2739 940 1
386 2185 1
2646 847 1
2 1203 1
1090 2291 1
1601 2802 1
916 2715 1
1809 608 1
2606 1405 1
405 2204 1
747 2546 1
748 2547 1
351 2150 1
503 1704 1
1923 124 1
1554 2755 1
1458 257 1
809 2608 1
2958 1757 1
983 2184 1
1007 2208 1
616 2415 1
2450 1249 1
213 1414 1
1269 68 1
881 2680 1
1767 566 1
1535 2736 1
1876 77 1
644 1845 1
2280 481 1
1064 2863 1
1200 2999 1
239 1440 1
1435 234 1
2607 1406 1
1295 94 1
2670 1469 1
2583 1382 1
853 2652 1
2145 346 1
1945 146 1
1108 2309 1
1138 2339 1
2815 1614 1
2865 1066 1
935 2136 1
1835 36 1
2912 1113 1
1156 2955 1
1564 2765 1
143 1344 1
811 2610 1
2783 984 1
214 1415 1
466 2265 1
1144 2345 1
2515 1314 1
537 1738 1
2319 1118 1
2593 1392 1
2196 397 1
429 1630 1
354 1555 1
1804 603 1
452 2251 1
522 2321 1
217 1418 1
1491 2692 1
483 1684 1
1374 2575 1
1817 616 1
1180 2979 1
2769 1568 1
368 1569 1
1253 52 1
1814 613 1
2942 1143 1
1573 372 1
612 1813 1
2120 919 1
1240 2441 1
430 1631 1
2766 1565 1
2673 874 1
1736 535 1
276 2075 1
247 2046 1
361 1562 1
1102 2901 1
2184 385 1
2670 871 1
1084 2285 1
2657 858 1
557 1758 1
1393 2594 1
2249 450 1
1353 152 1
176 1975 1
2071 272 1
717 2516 1
416 1617 1
1338 137 1
2124 325 1
677 1878 1
1654 453 1
280 1481 1
2099 300 1
1950 749 1
417 1618 1
1723 522 1
2355 556 1
1270 2471 1
2956 1157 1
2078 279 1
2502 703 1
2489 690 1
830 2629 1
1727 2928 1
1838 637 1
2463 1262 1
538 1739 1
860 2061 1
2493 1292 1
49 1848 1
65 1864 1
587 2386 1
689 2488 1
1765 564 1
684 1885 1
2804 1005 1
96 1895 1
1460 259 1
1093 2294 1
1967 766 1
132 1333 1
1867 68 1
1303 102 1
1252 2453 1
900 2699 1
1992 791 1
1049 2848 1
151 1950 1
315 2114 1
1036 2237 1
1822 621 1
88 1289 1
2653 854 1
86 1885 1
2949 1150 1
1282 81 1
1649 2850 1
1826 625 1
2806 1605 1
1228 27 1
1953 752 1
696 1897 1
1419 218 1
798 2597 1
773 2572 1
833 2632 1
306 2105 1
1767 2968 1
1172 2971 1
2989 1788 1
850 2649 1
461 1662 1
655 1856 1
749 2548 1
443 2242 1
480 2279 1
1378 2579 1
572 1773 1
62 1263 1
2211 1010 1
1004 2205 1
1658 457 1
1825 26 1
657 2456 1
2977 1178 1
2180 979 1
1517 316 1
1740 539 1
965 2764 1
593 2392 1
131 1332 1
2063 264 1
886 2685 1
2979 1778 1
1295 2496 1
1587 2788 1
2699 1498 1
158 1359 1
2962 1163 1
2107 308 1
413 1614 1
2176 975 1
2074 873 1
681 1882 1
1047 2248 1
1741 540 1
1616 2817 1
2570 1369 1
320 1521 1
2623 824 1
1254 2455 1
800 2599 1
2819 1618 1
1464 263 1
606 1807 1
1195 2994 1
1829 628 1
810 2609 1
2148 947 1
373 1574 1
447 2246 1
1280 2481 1
1325 2526 1
2657 1456 1
2705 1504 1
993 2792 1
2056 855 1
1645 2846 1
700 2499 1
1405 204 1
1291 2492 1
2932 1731 1
2056 257 1
2980 1181 1
1367 2568 1
916 2117 1
2776 1575 1
497 1698 1
112 1313 1
989 2190 1
1396 195 1
318 2117 1
867 2666 1
609 1810 1
2003 802 1
2965 1166 1
2389 1188 1
1340 139 1
2730 1529 1
140 1341 1
2571 1370 1
272 1473 1
1393 192 1
2180 381 1
1165 2366 1
512 1713 1
1059 2260 1
1523 322 1
1883 84 1
1334 2535 1
2287 488 1
604 2403 1
1992 193 1
1667 466 1
755 2554 1
1625 2826 1
2742 943 1
1559 2760 1
1166 2367 1
1513 312 1
551 2350 1
2374 575 1
1741 2942 1
1681 480 1
1922 123 1
1463 262 1
542 2341 1
930 2131 1
1190 2989 1
1390 2591 1
712 1913 1
364 2163 1
233 1434 1
2958 1159 1
205 1406 1
2468 669 1
2269 1068 1
579 1780 1
2212 1011 1
582 1783 1
1402 201 1
1441 240 1
1628 427 1
1554 353 1
721 2520 1
460 2259 1
401 2200 1
2244 1043 1
909 2110 1
2397 598 1
1253 2454 1
1236 2437 1
1560 2761 1
1927 726 1
1642 2843 1
1146 2347 1
2299 1098 1
1266 65 1
2715 1514 1
597 2396 1
252 1453 1
1441 2642 1
1075 2276 1
967 2766 1
255 2054 1
1262 61 1
1901 700 1
698 2497 1
248 2047 1
2745 1544 1
901 2102 1
1067 2268 1
1072 2871 1
288 1489 1
862 2063 1
2811 1610 1
2821 1620 1
1575 374 1
1921 122 1
1795 594 1
2273 474 1
2205 406 1
2134 933 1
2756 1555 1
1714 513 1
2078 877 1
2962 1761 1
468 1669 1
2913 1712 1
954 2753 1
1083 2882 1
116 1915 1
1327 126 1
2558 1357 1
475 2274 1
2741 942 1
2797 1596 1
2198 997 1
901 2700 1
334 2133 1
698 1899 1
134 1933 1
1502 301 1
2250 1049 1
2640 841 1
806 2007 1
2263 464 1
1117 2318 1
1022 2223 1
399 2198 1
1690 2891 1
185 1386 1
2553 1352 1
1715 514 1
1246 2447 1
1384 183 1
1321 120 1
1012 2811 1
2417 1216 1
2619 1418 1
2153 354 1
2465 666 1
2461 662 1
2709 1508 1
2473 1272 1
785 1986 1
1105 2306 1
477 2276 1
1521 2722 1
964 2165 1
2923 1124 1
1520 2721 1
1909 708 1
2683 1482 1
2160 361 1
2195 396 1
2674 875 1
1411 210 1
2378 579 1
917 2716 1
2722 923 1
1599 398 1
26 1227 1
1264 2465 1
1831 32 1
1653 2854 1
2985 1784 1
846 2047 1
478 1679 1
781 2580 1
108 1907 1
1759 2960 1
1291 90 1
764 1965 1
2544 745 1
1157 2358 1
2429 1228 1
178 1977 1
281 2080 1
1108 2907 1
2955 1754 1
511 1712 1
2479 1278 1
879 2678 1
2793 994 1
816 2017 1
2966 1167 1
1270 69 1
1013 2214 1
2869 1668 1
2586 1385 1
1843 44 1
2945 1744 1
1966 765 1
2750 951 1
1348 147 1
1663 2864 1
987 2786 1
701 1902 1
1634 433 1
1623 422 1
1297 96 1
1748 547 1
2416 1215 1
646 1847 1
142 1343 1
979 2778 1
2046 845 1
2557 758 1
736 2535 1
945 2146 1
1660 459 1
2398 599 1
2311 1110 1
269 1470 1
2873 1672 1
369 2168 1
265 2064 1
2312 1111 1
731 1932 1
867 2068 1
1294 93 1
200 1999 1
398 2197 1
284 1485 1
2983 1184 1
506 1707 1
1437 2638 1
1859 60 1
663 2462 1
1171 2970 1
1361 2562 1
750 1951 1
478 2277 1
1396 2597 1
1229 28 1
1606 2807 1
215 2014 1
2753 1552 1
2536 1335 1
2438 1237 1
1137 2338 1
720 2519 1
285 2084 1
1701 500 1
1490 2691 1
1470 2671 1
2676 877 1
984 2185 1
2929 1130 1
2192 393 1
1305 2506 1
2778 1577 1
71 1272 1
32 1233 1
2125 326 1
1300 2501 1
1549 2750 1
454 1655 1
1721 520 1
1732 531 1
1017 2816 1
1282 2483 1
2906 1107 1
2909 1708 1
402 1603 1
2173 972 1
2070 271 1
517 1718 1
2104 305 1
777 2576 1
2480 681 1
562 1763 1
726 2525 1
2258 1057 1
63 1862 1
577 2376 1
1103 2304 1
245 1446 1
978 2777 1
2332 533 1
1125 2326 1
1880 679 1
1889 688 1
2940 1739 1
2359 1158 1
1457 2658 1
2069 868 1
894 2693 1
2391 592 1
44 1245 1
1776 2977 1
162 1363 1
2251 1050 1
2331 1130 1
895 2694 1
1576 375 1
1351 150 1
197 1398 1
1258 57 1
1642 441 1
2538 1337 1
2638 839 1
2605 806 1
433 2232 1
1239 2440 1
2557 1356 1
2469 1268 1
2749 950 1
2776 977 1
1959 758 1
1799 3000 1
1954 155 1
2336 1135 1
1752 2953 1
2178 977 1
45 1246 1
1789 588 1
430 2229 1
2035 236 1
420 1621 1
2531 1330 1
1296 95 1
1861 62 1
2828 1029 1
1855 56 1
2330 531 1
1567 2768 1
1810 11 1
1001 2800 1
2188 987 1
370 1571 1
2194 395 1
2961 1162 1
2369 570 1
1942 741 1
1958 757 1
2429 630 1
412 2211 1
2748 949 1
2066 865 1
135 1934 1
2388 589 1
2424 625 1
241 1442 1
963 2762 1
606 2405 1
2058 857 1
574 2373 1
1347 146 1
2860 1659 1
2624 825 1
456 1657 1
1975 774 1
1687 486 1
731 2530 1
2177 976 1
2103 304 1
2656 1455 1
1536 335 1
537 2336 1
2759 1558 1
1235 2436 1
2567 768 1
699 1900 1
1893 692 1
1285 84 1
1805 6 1
265 1466 1
2385 1184 1
741 2540 1
2093 892 1
1703 502 1
621 2420 1
1009 2210 1
991 2790 1
956 2157 1
2058 259 1
2981 1182 1
915 2714 1
1534 2735 1
2579 780 1
1626 2827 1
1678 2879 1
2843 1044 1
2855 1056 1
2513 714 1
518 1719 1
1791 590 1
2155 356 1
2389 590 1
1903 104 1
284 2083 1
908 2109 1
2867 1666 1
46 1247 1
1946 745 1
583 1784 1
2418 619 1
282 1483 1
677 2476 1
2325 1124 1
1750 549 1
2516 1315 1
1171 2372 1
152 1951 1
1711 510 1
1821 620 1
2199 998 1
1734 533 1
978 2179 1
1770 2971 1
2725 1524 1
614 1815 1
1583 382 1
2973 1772 1
2001 800 1
876 2077 1
1217 16 1
2706 1505 1
1341 2542 1
1847 48 1
1292 91 1
2757 958 1
2799 1000 1
2698 899 1
1952 153 1
1639 2840 1
638 2437 1
1051 2252 1
1214 13 1
414 2213 1
1556 2757 1
2828 1627 1
1613 2814 1
221 2020 1
1178 2379 1
1745 2946 1
2523 1322 1
1394 2595 1
766 2565 1
1256 55 1
841 2042 1
586 2385 1
2572 1371 1
4 1205 1
2005 206 1
1713 2914 1
429 2228 1
716 2515 1
106 1307 1
2305 506 1
2267 1066 1
1083 2284 1
2703 1502 1
2395 596 1
1602 2803 1
2039 240 1
419 1620 1
753 1954 1
2688 1487 1
436 1637 1
175 1974 1
2076 875 1
2166 367 1
1036 2835 1
2222 1021 1
403 2202 1
1117 2916 1
1983 184 1
2969 1170 1
2991 1192 1
432 1633 1
36 1237 1
1329 2530 1
1988 787 1
2751 952 1
491 2290 1
189 1988 1
376 2175 1
2432 633 1
913 2114 1
1186 2387 1
64 1265 1
508 2307 1
1791 2992 1
109 1310 1
1640 439 1
1378 177 1
548 2347 1
209 2008 1
476 1677 1
1210 9 1
2295 1094 1
1443 2644 1
1003 2204 1
2816 1615 1
1543 342 1
1329 128 1
2787 988 1
811 2012 1
2860 1061 1
851 2052 1
530 1731 1
1808 607 1
2719 920 1
2929 1728 1
2104 903 1
2443 1242 1
2162 961 1
194 1395 1
2587 1386 1
1924 723 1
170 1371 1
426 1627 1
672 1873 1
1678 477 1
507 1708 1
2634 835 1
962 2761 1
2966 1765 1
199 1400 1
1578 377 1
1823 24 1
228 1429 1
2261 1060 1
653 1854 1
2498 1297 1
2812 1013 1
2851 1650 1
107 1308 1
2534 1333 1
1881 680 1
423 2222 1
338 1539 1
2030 829 1
1743 542 1
2326 527 1
2284 485 1
675 2474 1
1007 2806 1
250 2049 1
327 1528 1
927 2128 1
1652 2853 1
1467 266 1
2682 883 1
2899 1100 1
1389 2590 1
190 1989 1
1053 2254 1
1883 682 1
1025 2824 1
2001 202 1
2143 344 1
956 2755 1
955 2754 1
1466 2667 1
2868 1667 1
2502 1301 1
545 2344 1
408 1609 1
787 2586 1
694 2493 1
1596 395 1
2796 997 1
33 1234 1
481 1682 1
1245 2446 1
2352 1151 1
1365 2566 1
1828 627 1
2764 1563 1
2215 416 1
1034 2833 1
2688 889 1
1486 285 1
2839 1040 1
1757 556 1
1780 2981 1
2818 1019 1
174 1973 1
2931 1730 1
504 2303 1
1933 732 1
418 1619 1
2743 1542 1
2814 1015 1
2215 1014 1
344 1545 1
1271 70 1
1080 2281 1
2894 1693 1
2780 981 1
2635 836 1
920 2121 1
1747 2948 1
1290 89 1
2495 696 1
1160 2959 1
2829 1030 1
14 1215 1
2938 1139 1
1250 2451 1
1018 2817 1
2383 584 1
1278 77 1
2737 938 1
913 2712 1
348 1549 1
1588 2789 1
1201 2402 1
2417 618 1
879 2080 1
1680 479 1
2051 252 1
391 1592 1
1689 2890 1
2249 1048 1
950 2151 1
2539 740 1
1894 95 1
1794 593 1
1949 150 1
2980 1779 1
585 2384 1
28 1827 1
2138 937 1
1786 2987 1
1653 452 1
2959 1758 1
1258 2459 1
905 2106 1
163 1364 1
1935 734 1
578 1779 1
2014 813 1
563 2362 1
615 2414 1
1273 72 1
2558 759 1
693 1894 1
1409 208 1
2181 980 1
2359 560 1
936 2137 1
2733 934 1
555 1756 1
2649 1448 1
712 2511 1
167 1966 1
2199 400 1
2017 218 1
2881 1082 1
258 1459 1
1016 2815 1
544 1745 1
1774 2975 1
534 1735 1
668 2467 1
2826 1027 1
1379 2580 1
552 2351 1
2941 1740 1
1553 2754 1
436 2235 1
821 2022 1
2086 287 1
2032 831 1
282 2081 1
869 2668 1
2536 737 1
1595 2796 1
1198 2997 1
2394 1193 1
2298 499 1
1941 740 1
122 1323 1
2365 566 1
523 2322 1
1869 70 1
1426 2627 1
2679 1478 1
1417 2618 1
1403 2604 1
390 1591 1
2397 1196 1
1839 40 1
793 2592 1
959 2160 1
513 2312 1
301 2100 1
2182 981 1
2327 528 1
792 2591 1
1456 255 1
2893 1094 1
928 2129 1
1304 2505 1
1331 2532 1
2729 930 1
786 2585 1
2786 1585 1
100 1899 1
2840 1041 1
1286 85 1
552 1753 1
1726 2927 1
1177 2976 1
2893 1692 1
1540 339 1
2835 1634 1
610 2409 1
2495 1294 1
136 1337 1
1793 592 1
2132 333 1
2081 880 1
2997 1796 1
2934 1135 1
2350 1149 1
2178 379 1
135 1336 1
236 1437 1
2895 1694 1
940 2141 1
883 2084 1
1660 2861 1
2236 1035 1
1430 229 1
1461 2662 1
1706 505 1
2563 1362 1
464 1665 1
1375 2576 1
2896 1097 1
1391 2592 1
2031 232 1
1683 482 1
2419 620 1
1677 2878 1
1348 2549 1
1259 2460 1
524 2323 1
2427 628 1
446 2245 1
1302 101 1
200 1401 1
1131 2930 1
2824 1623 1
706 1907 1
2018 219 1
118 1917 1
154 1953 1
401 1602 1
564 2363 1
1465 264 1
588 2387 1
2999 1798 1
2123 324 1
1605 404 1
71 1870 1
2871 1670 1
2296 1095 1
790 1991 1
250 1451 1
1668 467 1
2407 1206 1
2945 1146 1
834 2035 1
303 1504 1
1890 91 1
743 2542 1
1327 2528 1
1693 492 1
2952 1153 1
2986 1785 1
83 1882 1
1426 225 1
1412 2613 1
1961 760 1
2625 1424 1
2731 1530 1
1529 328 1
2171 372 1
355 1556 1
224 1425 1
640 1841 1
327 2126 1
2219 420 1
835 2036 1
2650 1449 1
1045 2844 1
1316 2517 1
387 1588 1
1878 79 1
2484 685 1
2182 383 1
1427 2628 1
2301 1100 1
1325 124 1
1088 2887 1
334 1535 1
370 2169 1
2894 1095 1
238 2037 1
645 1846 1
1871 72 1
1240 39 1
1183 2384 1
1934 733 1
565 2364 1
751 1952 1
2603 1402 1
2679 880 1
1792 2993 1
1714 2915 1
2225 1024 1
1585 384 1
424 1625 1
878 2677 1
905 2704 1
2478 1277 1
1986 187 1
1611 2812 1
2395 1194 1
2551 752 1
115 1914 1
473 2272 1
1128 2927 1
669 1870 1
1895 694 1
747 1948 1
212 1413 1
38 1837 1
2582 1381 1
1664 2865 1
2271 1070 1
2382 583 1
2324 1123 1
2479 680 1
2589 1388 1
1628 2829 1
1309 108 1
1306 105 1
964 2763 1
1274 73 1
2685 1484 1
1689 488 1
2492 693 1
1499 298 1
1609 2810 1
1786 585 1
2904 1105 1
166 1965 1
762 2561 1
2600 801 1
2932 1133 1
1574 2775 1
2139 938 1
443 1644 1
1857 656 1
891 2690 1
1525 324 1
2213 1012 1
1235 34 1
2157 358 1
1982 183 1
961 2760 1
449 2248 1
1260 2461 1
1718 2919 1
1802 601 1
1843 642 1
470 2269 1
380 2179 1
2458 659 1
1251 50 1
1194 2993 1
2509 710 1
812 2611 1
307 1508 1
826 2027 1
2156 955 1
2595 796 1
2610 1409 1
1853 652 1
2227 428 1
2863 1662 1
1730 529 1
976 2775 1
1998 797 1
388 1589 1
13 1812 1
2524 725 1
2767 968 1
906 2107 1
2857 1656 1
509 2308 1
1941 142 1
2287 1086 1
1533 2734 1
1232 2433 1
2554 1353 1
2398 1197 1
2960 1161 1
1460 2661 1
1493 2694 1
2913 1114 1
1546 2747 1
2140 341 1
246 1447 1
1929 728 1
1715 2916 1
360 1561 1
2897 1098 1
1998 199 1
1974 773 1
2323 1122 1
268 2067 1
904 2703 1
5 1804 1
2801 1600 1
1781 2982 1
2781 1580 1
1978 777 1
1879 678 1
1339 138 1
792 1993 1
2026 227 1
2256 457 1
2002 801 1
2259 1058 1
274 1475 1
1442 2643 1
1572 371 1
691 1892 1
780 1981 1
704 1905 1
1928 129 1
23 1822 1
1964 763 1
1919 120 1
2630 1429 1
528 1729 1
2972 1771 1
1044 2245 1
1423 2624 1
1445 2646 1
1524 323 1
2954 1753 1
742 2541 1
43 1842 1
890 2091 1
2194 993 1
2583 784 1
2176 377 1
729 1930 1
462 2261 1
1134 2933 1
2144 943 1
99 1300 1
1403 202 1
887 2088 1
884 2683 1
1624 2825 1
321 1522 1
2123 922 1
2091 292 1
1479 278 1
1172 2373 1
225 2024 1
2698 1497 1
465 1666 1
415 2214 1
281 1482 1
1544 343 1
194 1993 1
710 1911 1
1802 3 1
2907 1706 1
1761 560 1
405 1606 1
2849 1648 1
2623 1422 1
2934 1733 1
2149 350 1
1497 296 1
1286 2487 1
1421 2622 1
1241 40 1
2720 1519 1
1343 2544 1
8 1807 1
2834 1035 1
2741 1540 1
2539 1338 1
1436 2637 1
2361 562 1
1789 2990 1
1014 2813 1
73 1872 1
1806 7 1
2498 699 1
798 1999 1
2733 1532 1
128 1927 1
1811 610 1
1289 2490 1
1220 2421 1
526 1727 1
2509 1308 1
1812 611 1
2569 770 1
973 2174 1
695 1896 1
2216 417 1
2912 1711 1
352 2151 1
918 2717 1
179 1380 1
815 2016 1
2101 302 1
1818 19 1
546 1747 1
3000 1201 1
1801 600 1
1017 2218 1
2302 503 1
203 2002 1
1298 97 1
1501 300 1
1770 569 1
1860 61 1
1311 2512 1
2661 862 1
813 2612 1
587 1788 1
941 2142 1
2052 253 1
814 2613 1
580 1781 1
1207 2408 1
895 2096 1
2528 729 1
1487 286 1
1537 2738 1
1438 237 1
2531 732 1
1654 2855 1
2109 310 1
2099 898 1
2940 1141 1
392 1593 1
1127 2926 1
86 1287 1
2477 678 1
1898 99 1
2525 1324 1
2984 1185 1
1478 277 1
672 2471 1
57 1856 1
2917 1716 1
2789 990 1
2283 1082 1
635 1836 1
1639 438 1
2707 1506 1
1207 6 1
1849 648 1
249 1450 1
22 1821 1
230 2029 1
899 2100 1
595 1796 1
296 2095 1
2153 952 1
2514 1313 1
2695 896 1
2033 832 1
2130 331 1
2457 1256 1
2872 1073 1
638 1839 1
333 1534 1
2693 1492 1
1078 2877 1
164 1963 1
1709 508 1
2190 391 1
1728 527 1
207 2006 1
1462 2663 1
2899 1698 1
2968 1169 1
1984 185 1
467 2266 1
2239 1038 1
1 1800 1
1572 2773 1
2656 857 1
2847 1048 1
1561 2762 1
1179 2380 1
100 1301 1
2680 1479 1
2692 893 1
1921 720 1
1507 2708 1
1828 29 1
1267 2468 1
2879 1080 1
1512 311 1
1793 2994 1
2057 856 1
2206 1005 1
2684 885 1
1926 127 1
1002 2203 1
2011 810 1
1722 521 1
2401 1200 1
1299 2500 1
291 1492 1
293 1494 1
1717 2918 1
426 2225 1
1186 2985 1
2990 1191 1
88 1887 1
1913 114 1
484 1685 1
2457 658 1
1452 2653 1
2636 1435 1
1725 2926 1
557 2356 1
2568 769 1
1650 449 1
316 2115 1
2687 888 1
702 1903 1
2964 1165 1
999 2200 1
1438 2639 1
944 2743 1
932 2731 1
878 2079 1
1424 223 1
2125 924 1
996 2197 1
535 2334 1
2857 1058 1
1908 109 1
1702 501 1
2401 602 1
2452 653 1
2034 235 1
342 2141 1
2782 983 1
378 1579 1
884 2085 1
543 1744 1
471 1672 1
2488 1287 1
1888 89 1
1041 2242 1
24 1225 1
2902 1103 1
2532 733 1
1516 2717 1
1684 2885 1
2669 1468 1
1116 2317 1
570 1771 1
2183 384 1
317 2116 1
2406 607 1
394 2193 1
722 2521 1
462 1663 1
1629 428 1
2430 631 1
176 1377 1
742 1943 1
2910 1111 1
2714 1513 1
1217 2418 1
1465 2666 1
1213 2414 1
473 1674 1
1401 2602 1
914 2713 1
2025 824 1
448 1649 1
216 1417 1
442 1643 1
2588 789 1
1412 211 1
1322 121 1
1610 409 1
453 2252 1
860 2659 1
2888 1687 1
2849 1050 1
840 2041 1
1112 2313 1
2923 1722 1
1709 2910 1
1696 2897 1
2343 544 1
1118 2917 1
2327 1126 1
2431 632 1
1063 2264 1
1876 675 1
2951 1750 1
2307 1106 1
1688 487 1
2672 1471 1
1580 379 1
1826 27 1
2456 1255 1
181 1382 1
1281 2482 1
174 1375 1
2425 1224 1
2902 1701 1
2372 573 1
1680 2881 1
286 2085 1
2192 991 1
254 2053 1
1177 2378 1
2718 919 1
1143 2344 1
721 1922 1
2720 921 1
2527 1326 1
2233 1032 1
2087 886 1
1622 2823 1
2345 546 1
1661 2862 1
2145 944 1
2434 635 1
870 2669 1
2238 1037 1
273 1474 1
881 2082 1
831 2630 1
629 2428 1
267 1468 1
2654 1453 1
2140 939 1
703 1904 1
2756 957 1
2025 226 1
350 1551 1
2444 1243 1
974 2175 1
791 2590 1
636 2435 1
1090 2889 1
2973 1174 1
2892 1093 1
2976 1775 1
434 2233 1
1004 2803 1
2379 580 1
763 2562 1
2187 986 1
2998 1797 1
1001 2202 1
1411 2612 1
2686 1485 1
870 2071 1
490 1691 1
2949 1748 1
63 1264 1
1211 2412 1
2543 1342 1
2504 705 1
2449 650 1
2651 1450 1
805 2006 1
2382 1181 1
2352 553 1
2609 1408 1
848 2049 1
1702 2903 1
1473 2674 1
212 2011 1
2167 368 1
2043 244 1
392 2191 1
444 1645 1
1284 2485 1
2275 1074 1
1210 2411 1
1842 641 1
1220 19 1
15 1216 1
1569 2770 1
2089 888 1
1374 173 1
2712 1511 1
849 2050 1
1296 2497 1
1231 30 1
51 1850 1
1803 602 1
1510 309 1
162 1961 1
1020 2221 1
289 2088 1
47 1846 1
2801 1002 1
1404 2605 1
389 2188 1
2424 1223 1
2394 595 1
1762 561 1
35 1236 1
2992 1193 1
2220 1019 1
2210 411 1
2599 1398 1
1154 2953 1
581 1782 1
1837 636 1
1477 276 1
754 2553 1
1336 2537 1
289 1490 1
1394 193 1
709 2508 1
2577 778 1
2048 249 1
2206 407 1
904 2105 1
2636 837 1
1557 2758 1
454 2253 1
1679 2880 1
1586 2787 1
2161 960 1
2020 819 1
782 1983 1
2494 695 1
744 1945 1
2169 968 1
455 2254 1
2984 1783 1
2635 1434 1
2950 1151 1
2556 1355 1
2431 1230 1
2880 1081 1
2939 1140 1
882 2681 1
2791 992 1
1692 491 1
2995 1794 1
1898 697 1
2207 1006 1
1528 2729 1
1330 129 1
2620 1419 1
1862 661 1
1383 2584 1
1936 137 1
770 1971 1
2217 418 1
2555 756 1
2581 782 1
2290 1089 1
2170 371 1
2371 1170 1
2832 1033 1
378 2177 1
1496 295 1
1397 2598 1
1686 2887 1
2986 1187 1
1911 112 1
2996 1197 1
1148 2947 1
819 2618 1
2918 1119 1
2719 1518 1
750 2549 1
2422 1221 1
2288 1087 1
550 1751 1
2496 697 1
866 2067 1
2655 856 1
779 2578 1
387 2186 1
2883 1084 1
2619 820 1
191 1990 1
484 2283 1
2771 1570 1
2435 1234 1
865 2664 1
1288 2489 1
331 1532 1
1122 2921 1
55 1854 1
2727 1526 1
2859 1658 1
2371 572 1
1276 2477 1
2366 567 1
1113 2314 1
922 2721 1
809 2010 1
929 2728 1
651 2450 1
2896 1695 1
789 1990 1
2469 670 1
2155 954 1
2763 1562 1
1427 226 1
1431 2632 1
1018 2219 1
511 2310 1
761 1962 1
656 2455 1
526 2325 1
1938 139 1
2594 795 1
220 1421 1
1248 47 1
1541 340 1
597 1798 1
1195 2396 1
1471 270 1
2919 1120 1
1612 411 1
2577 1376 1
94 1893 1
1075 2874 1
1495 2696 1
41 1242 1
2648 849 1
2062 861 1
2608 1407 1
1212 2413 1
1455 254 1
1303 2504 1
619 1820 1
34 1833 1
2032 233 1
155 1356 1
165 1366 1
1076 2277 1
1040 2241 1
1599 2800 1
2727 928 1
1383 182 1
2377 1176 1
541 2340 1
39 1838 1
177 1976 1
1910 111 1
1042 2841 1
1795 2996 1
1031 2830 1
1683 2884 1
676 2475 1
2601 1400 1
2950 1749 1
50 1849 1
2484 1283 1
2877 1676 1
2697 898 1
2196 995 1
1025 2226 1
1929 130 1
1379 178 1
2723 924 1
2937 1736 1
1852 651 1
1464 2665 1
1681 2882 1
