300 300
112 232 1
263 92 1
216 195 1
240 71 1
73 170 1
189 251 1
224 167 1
68 199 1
38 212 1
262 36 1
128 229 1
18 277 1
131 150 1
132 231 1
167 252 1
58 243 1
225 58 1
128 119 1
163 269 1
284 22 1
33 108 1
266 95 1
20 218 1
168 109 1
243 135 1
117 242 1
127 221 1
216 31 1
22 283 1
108 215 1
213 46 1
216 122 1
172 261 1
61 276 1
12 32 1
116 230 1
218 104 1
210 80 1
170 239 1
276 217 1
236 94 1
268 167 1
258 202 1
145 252 1
14 277 1
295 283 1
39 215 1
93 189 1
82 213 1
264 163 1
13 236 1
190 223 1
204 86 1
118 246 1
257 40 1
50 283 1
32 171 1
209 96 1
169 250 1
188 273 1
113 140 1
120 254 1
245 133 1
28 289 1
260 165 1
33 241 1
142 241 1
154 211 1
78 256 1
293 49 1
65 219 1
96 280 1
184 258 1
212 115 1
75 287 1
283 157 1
40 6 1
68 294 1
15 235 1
288 115 1
90 172 1
212 112 1
109 265 1
107 212 1
62 300 1
58 258 1
35 222 1
88 297 1
23 150 1
235 83 1
123 285 1
218 65 1
79 280 1
223 94 1
115 251 1
49 45 1
208 8 1
288 20 1
298 73 1
260 165 1
294 43 1
241 61 1
203 277 1
246 38 1
106 215 1
154 239 1
149 209 1
153 267 1
154 265 1
101 225 1
127 116 1
191 236 1
226 18 1
201 114 1
131 240 1
253 79 1
225 273 1
300 53 1
235 115 1
70 235 1
25 219 1
212 31 1
276 55 1
259 160 1
208 195 1
289 3 1
76 279 1
234 82 1
299 50 1
158 232 1
117 264 1
195 271 1
210 171 1
196 11 1
183 298 1
139 208 1
43 274 1
201 293 1
295 178 1
175 231 1
142 298 1
137 299 1
193 294 1
70 248 1
97 4 1
93 226 1
149 291 1
17 276 1
285 87 1
137 215 1
208 149 1
226 60 1
284 32 1
295 21 1
8 210 1
193 191 1
255 272 1
260 237 1
245 96 1
131 295 1
292 89 1
270 78 1
268 112 1
186 266 1
46 267 1
109 229 1
149 264 1
121 157 1
180 277 1
160 264 1
5 221 1
97 228 1
225 33 1
37 294 1
23 141 1
282 165 1
16 268 1
82 145 1
40 213 1
44 256 1
195 222 1
239 221 1
210 200 1
268 182 1
237 15 1
29 223 1
81 242 1
198 223 1
44 263 1
223 74 1
7 133 1
210 110 1
54 274 1
15 227 1
226 76 1
164 205 1
47 264 1
82 1 1
156 280 1
60 272 1
73 93 1
213 140 1
212 33 1
142 53 1
179 94 1
10 110 1
37 201 1
230 185 1
218 89 1
173 194 1
147 273 1
83 244 1
45 205 1
205 44 1
44 211 1
98 12 1
87 206 1
265 65 1
225 6 1
42 268 1
194 204 1
36 85 1
68 259 1
293 240 1
127 231 1
26 233 1
234 6 1
43 271 1
237 84 1
28 198 1
203 273 1
123 270 1
174 2 1
173 255 1
282 201 1
165 1 1
187 14 1
201 293 1
295 248 1
259 186 1
5 92 1
289 75 1
174 99 1
113 205 1
178 271 1
91 65 1
296 178 1
291 39 1
242 153 1
218 20 1
175 213 1
277 168 1
252 160 1
131 134 1
286 53 1
251 148 1
25 24 1
217 81 1
225 48 1
147 255 1
216 61 1
224 104 1
210 71 1
213 275 1
242 157 1
287 190 1
95 244 1
20 269 1
131 266 1
275 42 1
282 169 1
78 171 1
2 220 1
237 162 1
157 224 1
249 113 1
55 283 1
228 145 1
267 200 1
211 185 1
205 32 1
221 22 1
283 11 1
43 258 1
155 256 1
236 30 1
139 235 1
29 238 1
158 211 1
297 66 1
135 237 1
198 82 1
256 246 1
176 231 1
206 8 1
253 24 1
220 63 1
130 213 1
71 224 1
289 194 1
