300 300
245 42 1
227 29 1
150 185 1
237 40 1
299 12 1
233 67 1
1 123 1
190 296 1
293 103 1
50 231 1
83 233 1
261 109 1
94 262 1
242 172 1
8 1 1
118 230 1
132 196 1
276 87 1
117 277 1
77 198 1
165 1 1
10 146 1
212 10 1
215 69 1
276 174 1
34 188 1
140 177 1
65 141 1
66 208 1
205 120 1
84 229 1
118 239 1
179 298 1
4 245 1
135 285 1
32 210 1
158 226 1
269 140 1
9 243 1
9 275 1
226 165 1
294 125 1
244 24 1
235 112 1
193 176 1
227 254 1
276 89 1
151 84 1
292 190 1
298 73 1
10 281 1
293 58 1
260 18 1
16 84 1
97 242 1
17 263 1
15 237 1
83 295 1
196 248 1
140 265 1
210 39 1
224 115 1
297 15 1
292 11 1
65 162 1
54 257 1
28 299 1
75 260 1
206 76 1
206 39 1
244 73 1
78 252 1
202 55 1
273 6 1
142 292 1
240 61 1
20 193 1
105 216 1
11 247 1
40 275 1
251 30 1
256 16 1
184 289 1
251 160 1
294 143 1
65 21 1
74 249 1
199 284 1
98 213 1
88 268 1
63 263 1
289 186 1
72 279 1
292 35 1
277 229 1
213 158 1
112 220 1
92 291 1
152 119 1
197 37 1
116 291 1
236 258 1
31 257 1
155 226 1
55 221 1
118 242 1
72 276 1
259 4 1
228 157 1
224 182 1
262 51 1
27 229 1
149 251 1
254 165 1
162 131 1
261 135 1
11 227 1
191 215 1
151 201 1
208 153 1
192 31 1
252 45 1
272 175 1
243 181 1
190 70 1
150 214 1
293 69 1
171 293 1
69 238 1
225 147 1
210 165 1
241 142 1
127 192 1
207 164 1
101 250 1
258 4 1
224 182 1
187 265 1
177 239 1
168 197 1
205 22 1
6 259 1
114 270 1
107 195 1
13 228 1
192 205 1
83 214 1
68 254 1
176 204 1
252 191 1
215 147 1
80 274 1
275 57 1
3 258 1
17 258 1
296 50 1
245 85 1
219 112 1
49 166 1
8 243 1
243 182 1
291 152 1
270 183 1
67 249 1
149 49 1
178 93 1
227 109 1
271 6 1
300 116 1
206 7 1
220 87 1
159 128 1
226 33 1
245 141 1
14 284 1
173 217 1
157 215 1
164 248 1
294 33 1
269 173 1
279 75 1
94 300 1
42 264 1
197 172 1
293 27 1
36 170 1
139 253 1
240 59 1
283 22 1
34 207 1
281 177 1
270 184 1
257 141 1
35 206 1
104 220 1
60 276 1
292 125 1
232 220 1
290 9 1
226 124 1
64 199 1
153 204 1
275 46 1
258 38 1
16 264 1
239 169 1
207 40 1
260 40 1
285 132 1
8 285 1
194 178 1
210 60 1
284 146 1
255 148 1
6 263 1
259 134 1
200 134 1
208 107 1
283 30 1
157 11 1
264 80 1
241 14 1
174 61 1
4 194 1
254 10 1
66 78 1
153 274 1
146 220 1
67 244 1
98 227 1
117 254 1
204 34 1
246 86 1
147 252 1
83 251 1
158 223 1
147 77 1
262 40 1
132 277 1
57 245 1
6 196 1
100 222 1
179 242 1
208 141 1
91 287 1
98 208 1
10 296 1
144 207 1
203 95 1
150 278 1
80 285 1
51 188 1
231 55 1
261 166 1
202 165 1
22 286 1
88 211 1
152 281 1
290 271 1
208 135 1
264 170 1
219 107 1
175 31 1
235 188 1
70 212 1
183 1 1
177 296 1
113 241 1
153 224 1
238 36 1
103 266 1
169 247 1
264 118 1
79 270 1
220 209 1
286 166 1
129 255 1
224 85 1
277 50 1
226 16 1
252 174 1
230 17 1
26 225 1
130 198 1
209 96 1
91 227 1
157 164 1
47 288 1
43 272 1
102 139 1
136 243 1
238 183 1
217 40 1
247 85 1
297 38 1
197 41 1
27 274 1
4 295 1
279 87 1
233 152 1
