300 300
144 251 1
55 263 1
3 287 1
135 258 1
299 154 1
173 273 1
261 70 1
94 81 1
214 175 1
145 262 1
255 180 1
95 10 1
65 288 1
178 234 1
281 89 1
171 275 1
62 91 1
25 263 1
195 244 1
85 199 1
117 254 1
262 144 1
24 1 1
259 46 1
122 210 1
97 290 1
221 127 1
201 88 1
7 262 1
114 267 1
1 64 1
236 30 1
284 146 1
296 114 1
74 272 1
204 161 1
231 3 1
194 158 1
258 73 1
12 298 1
130 274 1
227 194 1
1 97 1
265 162 1
226 74 1
282 62 1
264 235 1
81 289 1
191 270 1
123 46 1
111 254 1
278 114 1
205 113 1
83 249 1
254 193 1
38 118 1
82 270 1
142 198 1
137 201 1
41 277 1
253 105 1
192 234 1
230 172 1
220 6 1
60 201 1
72 245 1
54 1 1
265 130 1
254 47 1
116 259 1
75 170 1
246 168 1
241 24 1
140 113 1
32 12 1
60 98 1
147 249 1
76 112 1
37 244 1
209 160 1
174 116 1
74 219 1
73 251 1
147 274 1
95 252 1
215 170 1
286 7 1
193 217 1
179 275 1
252 54 1
111 222 1
240 41 1
5 103 1
168 226 1
189 13 1
169 209 1
45 123 1
31 226 1
155 273 1
158 200 1
288 33 1
176 278 1
77 268 1
274 75 1
189 149 1
97 201 1
187 25 1
295 103 1
231 159 1
23 296 1
203 70 1
201 34 1
227 129 1
23 200 1
172 286 1
218 172 1
267 183 1
179 241 1
170 268 1
14 221 1
81 275 1
295 73 1
64 293 1
76 300 1
178 38 1
238 107 1
49 299 1
58 236 1
88 262 1
25 34 1
267 12 1
277 25 1
274 132 1
248 115 1
177 206 1
136 171 1
213 69 1
233 106 1
242 61 1
131 254 1
171 268 1
250 155 1
220 44 1
210 140 1
117 160 1
221 187 1
131 238 1
198 45 1
58 262 1
62 145 1
117 277 1
243 265 1
101 214 1
40 224 1
291 22 1
274 79 1
39 293 1
199 159 1
264 179 1
222 146 1
112 200 1
21 122 1
252 156 1
213 25 1
268 119 1
254 299 1
116 203 1
40 234 1
97 215 1
60 198 1
133 199 1
1 90 1
57 239 1
203 62 1
293 16 1
53 120 1
239 15 1
6 299 1
285 17 1
65 253 1
31 279 1
297 5 1
142 262 1
47 246 1
296 172 1
254 89 1
297 84 1
138 199 1
256 71 1
199 187 1
210 34 1
297 196 1
9 297 1
24 273 1
270 39 1
298 187 1
220 108 1
258 97 1
118 245 1
37 224 1
68 204 1
201 100 1
154 254 1
74 259 1
27 299 1
219 190 1
122 295 1
252 17 1
274 108 1
278 85 1
183 289 1
176 25 1
28 219 1
271 169 1
119 215 1
154 271 1
225 88 1
257 39 1
294 187 1
45 250 1
203 188 1
88 164 1
125 231 1
36 298 1
275 67 1
272 188 1
222 136 1
18 209 1
266 78 1
31 63 1
218 35 1
21 224 1
267 44 1
87 120 1
83 97 1
100 25 1
143 298 1
262 274 1
137 274 1
107 297 1
39 256 1
184 227 1
184 23 1
22 298 1
205 98 1
251 195 1
246 100 1
167 226 1
192 292 1
22 225 1
287 52 1
20 222 1
98 232 1
216 34 1
17 242 1
194 201 1
192 291 1
281 117 1
201 122 1
208 154 1
245 83 1
8 55 1
292 149 1
55 266 1
38 98 1
184 126 1
124 273 1
219 163 1
246 111 1
14 226 1
210 71 1
91 249 1
265 2 1
242 26 1
258 129 1
136 9 1
121 291 1
213 82 1
271 70 1
222 26 1
224 75 1
184 233 1
165 281 1
246 81 1
244 40 1
149 224 1
100 230 1
207 9 1
295 133 1
291 95 1
163 18 1
16 211 1
215 79 1
294 194 1
88 300 1
209 49 1
174 283 1
202 101 1
227 187 1
255 232 1
