3000 3000
1345 2132 1
1818 1259 1
1806 1220 1
2049 1326 1
1871 1290 1
1464 2046 1
1832 1021 1
1742 1476 1
1474 1884 1
1545 1731 1
2473 752 1
1788 1331 1
1913 1425 1
1229 1844 1
1529 1784 1
1227 1794 1
942 1854 1
2175 790 1
1083 2059 1
2980 2271 1
1419 1792 1
1871 1271 1
2796 2503 1
1979 1153 1
139 2456 1
1686 1515 1
1679 1088 1
1240 1648 1
890 768 1
1748 1487 1
1804 653 1
1720 1190 1
1702 1519 1
2007 1178 1
1247 1970 1
1926 1452 1
2982 2321 1
1752 1150 1
1656 1230 1
1496 1611 1
2176 2157 1
159 931 1
1672 1277 1
1274 2054 1
543 264 1
1524 1620 1
1720 1140 1
1648 483 1
1885 1273 1
1339 1633 1
1271 1403 1
1249 1655 1
1642 1484 1
1594 1774 1
1733 1595 1
1934 1540 1
1769 1540 1
677 395 1
2233 2372 1
203 2566 1
851 2465 1
1714 753 1
2183 1781 1
362 2990 1
1946 1193 1
1195 2107 1
1763 1098 1
2267 700 1
151 2852 1
1746 1242 1
1976 1353 1
1197 1787 1
1985 1530 1
1381 1788 1
1037 1853 1
2250 2815 1
1707 1391 1
1704 1350 1
1464 1783 1
1117 1726 1
125 966 1
1754 1131 1
1798 1320 1
2018 1590 1
1502 2306 1
1409 1726 1
1819 1595 1
2178 731 1
1319 1667 1
1782 1503 1
1480 1958 1
1149 1864 1
1603 1669 1
1578 1089 1
1112 1043 1
1627 1318 1
1704 1399 1
1753 1393 1
2190 1538 1
1465 1757 1
1958 881 1
991 1696 1
1943 230 1
88 1197 1
1178 1714 1
2476 2165 1
1283 1959 1
1548 1758 1
1323 169 1
1705 1529 1
1209 1695 1
1548 1924 1
1119 2863 1
1502 1957 1
1561 1620 1
1088 2711 1
1738 818 1
1465 1814 1
1715 901 1
1554 1881 1
1779 1398 1
1353 1768 1
1784 1442 1
1579 1713 1
1407 1908 1
55 1055 1
1194 1688 1
2495 1147 1
1481 1678 1
1651 1157 1
1620 1319 1
986 606 1
1462 1770 1
1758 1506 1
2210 1382 1
2182 1194 1
1904 1997 1
918 2646 1
1492 1610 1
2002 1452 1
1906 1289 1
1172 2571 1
1586 1829 1
2128 50 1
1047 1816 1
1341 1652 1
2019 1086 1
1712 2972 1
1166 1748 1
1798 1214 1
1117 1769 1
2981 1526 1
1658 1361 1
223 2680 1
1565 1677 1
2769 2257 1
1786 1800 1
1551 2163 1
1574 2105 1
2099 1134 1
1668 1461 1
2398 2390 1
1944 1402 1
1487 1745 1
1355 2219 1
1267 2638 1
1514 498 1
1360 1951 1
2031 296 1
1519 1927 1
1398 1622 1
2417 1089 1
908 1452 1
1095 1340 1
350 1312 1
1481 2164 1
1336 1809 1
2035 890 1
1758 1523 1
1819 1456 1
1335 1831 1
1194 1738 1
1528 2240 1
1540 1970 1
1580 1684 1
725 469 1
2716 1542 1
1599 1806 1
464 2720 1
1916 879 1
1864 1424 1
1506 2080 1
1086 1982 1
1166 2368 1
368 2110 1
833 952 1
1861 1244 1
67 2890 1
2022 2933 1
1029 737 1
191 442 1
2277 1289 1
1852 1532 1
1501 2143 1
1574 1655 1
1285 701 1
1313 2306 1
2082 760 1
1821 1289 1
1340 1724 1
1853 643 1
846 1868 1
1408 1632 1
1931 404 1
2074 1221 1
1729 1468 1
1850 1357 1
1167 1722 1
2436 2219 1
979 2283 1
2765 2676 1
1704 1500 1
944 1492 1
1414 1889 1
1656 951 1
1764 1517 1
1798 1330 1
1532 1957 1
1526 1611 1
1635 1028 1
1826 1441 1
1019 885 1
1058 1791 1
449 560 1
2288 426 1
1694 1149 1
1150 1965 1
1912 1102 1
620 1262 1
613 2555 1
1718 1419 1
1934 1598 1
1288 1875 1
546 1313 1
1432 1705 1
567 87 1
1208 1634 1
1511 167 1
2077 2441 1
1983 1191 1
2502 1751 1
1840 1298 1
2430 85 1
2106 2008 1
1022 1804 1
2133 2194 1
1377 1621 1
1893 1245 1
1481 2008 1
1412 1891 1
1441 1863 1
1674 919 1
1543 1921 1
1526 1995 1
1780 1602 1
1686 1371 1
1753 1596 1
1440 1756 1
1123 608 1
2215 2148 1
964 2260 1
643 477 1
1681 1468 1
1107 1686 1
2004 228 1
1189 1666 1
1593 1642 1
2918 1473 1
1366 1936 1
1182 1670 1
1706 2316 1
334 547 1
1108 1805 1
1724 1471 1
2914 2335 1
1716 1136 1
144 2994 1
2297 1514 1
1508 1732 1
1344 1884 1
1881 1437 1
1715 1564 1
1889 1589 1
1125 1828 1
1476 1885 1
1425 1702 1
1160 2398 1
284 2056 1
1275 1636 1
1305 1992 1
1875 1325 1
1384 1659 1
1660 1199 1
1608 1922 1
1619 1577 1
1780 1228 1
492 55 1
1397 1618 1
248 1908 1
1743 1175 1
463 1632 1
1032 2160 1
1872 1266 1
1373 1657 1
1671 1076 1
1625 1533 1
434 849 1
1491 1661 1
1548 1635 1
1634 114 1
1301 1625 1
1652 1429 1
1247 2107 1
1923 1522 1
1664 1330 1
1062 1989 1
1800 1591 1
1151 1946 1
1678 1154 1
1407 1811 1
194 457 1
1876 1479 1
1543 1683 1
467 1138 1
1058 1892 1
1652 1418 1
1613 1312 1
2144 1464 1
1216 960 1
1085 1777 1
2452 788 1
1271 728 1
1451 1812 1
2108 714 1
1661 1244 1
1339 1785 1
1070 2352 1
1907 707 1
864 23 1
1920 1583 1
2793 2664 1
2478 725 1
1100 2687 1
1606 1804 1
1583 1996 1
2968 809 1
1263 1846 1
1360 1829 1
1334 2041 1
1304 2040 1
1163 571 1
1172 1655 1
1493 1874 1
1495 1702 1
1821 1172 1
1061 1664 1
1924 1534 1
1808 2983 1
2025 125 1
1747 1305 1
2529 2939 1
1687 1559 1
831 567 1
2263 486 1
1867 1169 1
1574 1830 1
1774 1091 1
256 767 1
1596 1930 1
2795 2562 1
1698 1536 1
1072 1816 1
1866 919 1
2326 1600 1
1000 2214 1
1602 1659 1
1425 2003 1
280 1132 1
1885 1522 1
1902 1101 1
1984 713 1
1364 1622 1
2780 1206 1
2022 712 1
1578 1869 1
1798 1528 1
2877 2051 1
1790 1445 1
456 605 1
1783 989 1
1753 1774 1
1473 2660 1
2007 1482 1
1454 1855 1
1135 1657 1
2963 2959 1
1232 1938 1
1615 1383 1
2959 213 1
877 820 1
1664 1850 1
1419 1866 1
1623 1587 1
159 2421 1
2116 1498 1
2691 2427 1
1752 1497 1
1507 1693 1
808 2189 1
1591 1711 1
1005 1236 1
1043 2360 1
1331 1913 1
2551 2012 1
1425 1793 1
1682 2885 1
1856 1378 1
906 2712 1
1812 1251 1
618 2337 1
2872 1501 1
1743 1398 1
2108 1536 1
199 1178 1
1558 1787 1
1350 1717 1
1135 2022 1
1141 1406 1
1382 1633 1
2027 1446 1
1607 1630 1
1755 1546 1
244 1025 1
1688 772 1
1893 2770 1
1878 1385 1
2274 1111 1
1518 1871 1
417 1741 1
2988 2781 1
1278 1889 1
1779 1390 1
1647 1367 1
1710 1469 1
389 1225 1
1743 1471 1
1714 1408 1
1007 1744 1
1294 1903 1
1164 1627 1
1129 2632 1
1854 1090 1
1246 1775 1
1885 1409 1
57 2604 1
1716 1166 1
1751 1564 1
316 1985 1
1439 1663 1
1490 2016 1
2194 1472 1
1971 1310 1
1818 1365 1
1994 1491 1
1129 1774 1
1311 1801 1
1123 1749 1
1559 718 1
1774 1078 1
2083 2695 1
1511 1884 1
1330 1940 1
1716 1480 1
1695 1451 1
1286 1628 1
1573 1824 1
1986 1602 1
1373 1900 1
529 1762 1
1559 1771 1
2426 1920 1
1584 1800 1
1722 1454 1
1266 1706 1
1433 2220 1
1728 1440 1
1661 1271 1
1908 1776 1
1117 1868 1
2365 2909 1
2215 869 1
1441 2172 1
1799 2378 1
1656 1454 1
1087 744 1
1600 1994 1
2425 981 1
220 2919 1
2645 1830 1
645 2779 1
2070 1505 1
1850 222 1
2024 1172 1
1512 2235 1
104 242 1
1906 1008 1
1198 1835 1
1689 1509 1
1250 1798 1
2381 1053 1
2250 1251 1
1911 1415 1
1367 1642 1
337 832 1
2909 947 1
2198 1488 1
2920 150 1
2124 1383 1
1097 1736 1
1984 1154 1
288 2511 1
1494 1952 1
1744 1452 1
1733 1562 1
1385 1684 1
2740 2254 1
1334 2229 1
1858 1557 1
1734 759 1
2709 2002 1
1427 1623 1
1402 1816 1
1633 1449 1
1523 1621 1
1772 1101 1
470 2321 1
1891 482 1
1499 1867 1
616 2208 1
1362 806 1
2435 1182 1
1268 2028 1
1590 2050 1
1530 794 1
1479 1748 1
512 1392 1
2010 1681 1
1756 1519 1
1053 1897 1
1340 1773 1
2060 1221 1
1530 1462 1
1175 1785 1
2239 2602 1
1540 1639 1
1836 1496 1
1706 1438 1
1657 1106 1
1478 2046 1
1427 1906 1
1599 2476 1
1648 1254 1
1691 1145 1
1228 1617 1
1513 1885 1
1524 1729 1
1714 1303 1
1358 1963 1
1 1789 1
566 1703 1
1460 2160 1
1841 1463 1
1745 1177 1
2331 1458 1
1613 1474 1
1693 63 1
2186 263 1
1137 2155 1
1990 1396 1
2058 1205 1
1624 1502 1
1475 2208 1
1491 1873 1
1428 1831 1
2074 1143 1
2850 551 1
1512 1862 1
1812 1570 1
1796 1526 1
1856 1555 1
1060 1667 1
30 988 1
488 2582 1
1785 1382 1
1702 1189 1
1015 1963 1
1253 1659 1
1049 305 1
2774 605 1
1449 1734 1
1683 1537 1
2522 2494 1
1459 2042 1
322 2915 1
2945 2549 1
1793 1456 1
2708 1569 1
2171 2370 1
1685 1102 1
1807 1530 1
2174 1875 1
300 830 1
1994 1321 1
1396 1879 1
1719 1434 1
1387 1823 1
1255 1644 1
1922 1572 1
2908 2013 1
1360 1820 1
1190 2477 1
2330 1574 1
1598 1859 1
2069 1514 1
2298 1351 1
2955 504 1
2032 1172 1
1878 1055 1
1902 189 1
2397 670 1
1777 1472 1
1374 1666 1
1898 324 1
1871 1497 1
2662 1174 1
2054 1053 1
1211 1615 1
2665 700 1
1784 1186 1
420 265 1
904 1699 1
1815 789 1
1677 1606 1
1288 1676 1
1926 1220 1
1833 1434 1
1569 2194 1
544 1060 1
1662 1523 1
1951 1599 1
1334 1886 1
2462 2308 1
1756 1592 1
1433 1682 1
1810 1368 1
1874 1093 1
757 683 1
1516 2195 1
1169 1646 1
1526 1807 1
1316 1966 1
250 2254 1
1894 1523 1
1544 1696 1
354 1346 1
251 2189 1
1439 1709 1
1585 1866 1
846 366 1
1204 1827 1
1634 1391 1
1689 884 1
147 1186 1
670 493 1
2230 1760 1
1353 1896 1
1508 1704 1
1424 1665 1
1153 2082 1
2091 1393 1
1370 1892 1
1483 2129 1
369 1019 1
1448 1787 1
1846 305 1
1566 1986 1
893 1931 1
1873 1351 1
1478 2027 1
1273 2147 1
1852 2335 1
1478 1626 1
1825 1169 1
1527 1693 1
2286 999 1
2874 2474 1
2248 2005 1
1679 776 1
1320 1687 1
1818 1521 1
1499 1873 1
1295 1649 1
1631 1277 1
1827 1544 1
754 2449 1
1704 1608 1
1423 1952 1
1933 1176 1
2747 239 1
1531 2970 1
1401 1736 1
1691 1337 1
1556 1754 1
1447 1820 1
1503 1664 1
1166 1738 1
1642 937 1
1646 1465 1
1667 2981 1
1763 1460 1
2002 990 1
2052 1496 1
2172 1057 1
1846 1439 1
1596 1731 1
1535 1719 1
35 1290 1
1318 1874 1
2055 47 1
1299 2084 1
2094 1234 1
1704 1494 1
1462 1675 1
2015 1182 1
1889 1607 1
2879 2052 1
1806 1490 1
2440 2253 1
2570 184 1
1090 1515 1
1189 2463 1
1853 1112 1
1126 1846 1
1586 1684 1
1636 1556 1
1218 248 1
2243 1560 1
1909 1479 1
291 759 1
1554 2043 1
969 1742 1
1649 1358 1
2639 2278 1
1647 1299 1
1458 1916 1
859 506 1
1822 1419 1
1222 2010 1
2374 1535 1
1106 1992 1
1531 1906 1
1465 2149 1
1604 1802 1
2274 1423 1
1887 1589 1
1863 917 1
1651 541 1
566 2622 1
2159 1605 1
1610 2140 1
2100 1500 1
2012 2081 1
1761 1311 1
429 1593 1
1668 1573 1
1828 1475 1
1455 1933 1
1175 1754 1
1912 1249 1
102 1260 1
2613 917 1
1426 336 1
1170 2520 1
1840 2112 1
1772 1465 1
139 854 1
1538 1702 1
1515 1769 1
2112 1258 1
2181 2645 1
2492 1335 1
1856 1387 1
1052 1804 1
1936 1591 1
685 241 1
1267 1623 1
1565 1644 1
1673 1270 1
1775 1348 1
1937 746 1
1478 410 1
1617 1427 1
2677 1778 1
1565 1635 1
1947 1354 1
1745 1526 1
1554 1922 1
1317 989 1
1569 1764 1
1007 1823 1
1845 1461 1
546 888 1
1476 1614 1
1545 1832 1
2065 910 1
1816 1405 1
1948 1442 1
2385 2652 1
1731 1408 1
2513 2898 1
1578 1615 1
845 1834 1
1249 1815 1
1011 1701 1
1457 1708 1
2776 2998 1
1447 1806 1
1688 1597 1
2877 2479 1
2593 2047 1
1723 751 1
1665 1377 1
1473 1897 1
321 2358 1
2203 1321 1
2306 234 1
1431 1750 1
1296 1635 1
1787 733 1
2365 2880 1
810 328 1
1706 744 1
2912 1124 1
2875 1382 1
135 216 1
1985 1462 1
2006 2679 1
1412 1804 1
2622 270 1
1531 1909 1
1628 453 1
264 664 1
1480 2205 1
1676 1145 1
2371 644 1
1090 2891 1
1735 1491 1
1972 1339 1
1362 2149 1
1862 499 1
355 365 1
1056 1642 1
2985 942 1
1956 1336 1
1607 2145 1
309 495 1
2170 1824 1
2222 2587 1
1204 1626 1
1947 1196 1
1448 1930 1
994 2916 1
2975 2380 1
2419 2170 1
1577 1968 1
2719 2265 1
1219 1879 1
1730 778 1
1435 1665 1
1390 1727 1
1580 1975 1
1823 1508 1
1184 1847 1
2002 1772 1
1354 388 1
1983 1348 1
1596 2119 1
604 290 1
2410 2795 1
1465 1842 1
358 2328 1
1404 1754 1
1541 1625 1
2117 1276 1
1433 882 1
2019 1344 1
2738 261 1
2493 2876 1
2328 2017 1
2112 1925 1
2274 1514 1
1573 2005 1
1373 1839 1
1810 911 1
1163 1706 1
2975 921 1
1838 1553 1
2194 1225 1
1951 1159 1
1693 1516 1
1136 423 1
1378 1800 1
1443 1842 1
1883 2654 1
715 2343 1
1767 1213 1
1376 296 1
2212 1134 1
548 65 1
1106 164 1
1693 1595 1
1845 1284 1
1 1025 1
1192 1975 1
2687 932 1
1498 1728 1
2101 1386 1
1511 1822 1
1999 1606 1
669 30 1
1840 1181 1
1860 1569 1
389 1545 1
672 934 1
1392 1781 1
432 2506 1
1806 1526 1
1303 1679 1
1562 1783 1
1591 1635 1
1889 1275 1
1479 1786 1
1168 2821 1
1759 1541 1
1361 1988 1
557 1522 1
1526 1983 1
766 2720 1
1531 1828 1
1305 1638 1
1129 2054 1
1688 1427 1
2224 1531 1
1528 2100 1
944 1734 1
2823 2244 1
1574 1628 1
671 2965 1
2292 1304 1
796 2434 1
2293 1380 1
1724 1529 1
1508 1711 1
1231 2088 1
1355 2225 1
1418 2160 1
2073 1297 1
1673 1574 1
2002 1246 1
1604 1999 1
1276 2050 1
834 1754 1
1357 1623 1
1508 1832 1
2125 1601 1
1580 1626 1
1637 1577 1
1144 1710 1
1489 1783 1
485 394 1
1818 154 1
1766 1573 1
2557 1747 1
1739 1408 1
1830 1429 1
2838 2038 1
1873 1597 1
1992 1558 1
1228 1885 1
1768 1449 1
2506 1348 1
1743 1429 1
1535 1756 1
1496 2048 1
319 1144 1
1748 226 1
1631 1374 1
2627 639 1
1817 421 1
1380 1791 1
1714 1489 1
1985 1231 1
1671 1588 1
2003 820 1
1802 1604 1
2059 1545 1
1627 1596 1
1488 1821 1
1758 2307 1
1395 2845 1
1402 712 1
1939 1524 1
1358 2060 1
378 2208 1
1987 1645 1
1444 2013 1
1488 1775 1
2655 196 1
1741 1374 1
1764 1091 1
1487 1923 1
1956 233 1
1488 1643 1
2228 1588 1
1580 1635 1
1406 1628 1
1636 1018 1
1746 1135 1
1923 1556 1
1706 1060 1
1929 1606 1
1618 1361 1
183 293 1
213 1611 1
2124 1386 1
1969 1365 1
973 844 1
1691 908 1
1050 2993 1
2041 1484 1
1104 1940 1
1669 1551 1
1345 1688 1
1526 1823 1
1494 1834 1
1939 1445 1
2836 2921 1
1787 1241 1
2295 2858 1
1302 1928 1
1060 1615 1
1222 1754 1
1885 1464 1
1668 1528 1
2556 1575 1
106 2721 1
1642 1263 1
1929 1412 1
1193 2037 1
1327 1781 1
2002 1342 1
1641 1610 1
881 1986 1
501 1928 1
1270 1632 1
1052 2174 1
1255 1740 1
1830 655 1
1649 1321 1
1739 1452 1
1667 1301 1
1886 1445 1
1303 1955 1
1848 1295 1
1584 2309 1
2033 1427 1
1700 531 1
1517 1873 1
1677 48 1
1545 1899 1
1548 1620 1
1627 1511 1
1769 1211 1
1845 1167 1
941 1611 1
361 754 1
2528 1785 1
1690 1557 1
1490 2378 1
2527 1555 1
1321 1667 1
2193 1447 1
2017 2255 1
2709 2259 1
1548 1706 1
1478 1869 1
1470 2113 1
1665 1538 1
1148 2131 1
473 986 1
230 1117 1
1442 1675 1
1533 1653 1
1750 1135 1
1767 1107 1
1222 2611 1
2317 1578 1
1520 1939 1
1201 2174 1
1558 1850 1
1638 1419 1
2084 1039 1
1671 1107 1
1549 2088 1
120 1059 1
1813 1334 1
1526 1772 1
588 2220 1
659 1949 1
1823 1455 1
1522 1922 1
2326 2647 1
1804 1584 1
1199 1820 1
292 460 1
1095 1957 1
1619 1121 1
1801 1403 1
1700 1296 1
1524 1245 1
1641 1511 1
2266 1082 1
2437 1553 1
1611 1610 1
778 1676 1
1870 1141 1
1431 1804 1
2458 1177 1
2144 1198 1
1774 737 1
1696 1359 1
1440 1693 1
1986 1516 1
604 646 1
1656 1403 1
1512 1748 1
1304 1735 1
741 2641 1
1896 1421 1
1243 1793 1
1873 1323 1
1552 1787 1
346 1117 1
1288 2111 1
1573 1635 1
1489 2017 1
1653 1309 1
1665 1575 1
1697 1393 1
1872 1296 1
1567 1681 1
1030 1668 1
1551 104 1
1625 1254 1
1824 1576 1
1427 1647 1
2762 2439 1
1479 1887 1
1822 1455 1
1172 1614 1
2635 426 1
1812 2416 1
2458 1878 1
1571 1833 1
1200 2867 1
705 1188 1
2531 1551 1
2111 834 1
210 874 1
2560 139 1
1565 1703 1
1372 2257 1
1875 1581 1
2103 1226 1
2954 2766 1
1904 1422 1
2057 1540 1
1400 2172 1
1913 2372 1
1708 1732 1
1983 1381 1
1376 1464 1
1097 1830 1
1493 1809 1
618 941 1
839 2035 1
735 2158 1
1354 1677 1
1580 1742 1
1605 1689 1
1541 1762 1
1381 1905 1
2026 1295 1
1934 1104 1
1780 1190 1
1817 1111 1
1842 2349 1
1671 1532 1
1903 1575 1
1732 1187 1
1181 2279 1
418 2465 1
1415 1653 1
1466 1767 1
2071 1191 1
2891 107 1
1139 1782 1
1590 2200 1
1976 1321 1
1449 1691 1
1719 1417 1
1986 2033 1
1692 1132 1
1598 1881 1
1975 1169 1
1931 1254 1
1936 1173 1
2955 247 1
1688 1206 1
2172 1497 1
1468 1683 1
1602 1660 1
1729 1314 1
1049 1960 1
1893 273 1
1682 1300 1
1593 1805 1
1832 1557 1
1758 1252 1
1470 2103 1
1366 1661 1
1532 215 1
1082 1715 1
2066 1269 1
2112 1920 1
2000 1225 1
1499 1734 1
1243 1742 1
2392 2191 1
1831 964 1
966 1816 1
1055 444 1
964 2147 1
2100 1595 1
1588 1887 1
1611 1157 1
1825 1471 1
2706 1030 1
1674 1434 1
1453 1658 1
1703 1130 1
1653 1238 1
1916 1383 1
1376 1892 1
1680 1594 1
1614 1466 1
2197 2498 1
1420 2153 1
2395 1514 1
1662 1065 1
2495 1974 1
1697 1396 1
1506 1663 1
2044 1513 1
1306 1907 1
1550 1774 1
1163 1622 1
1305 1775 1
1533 1614 1
1185 1624 1
1060 1970 1
1038 1751 1
1835 1594 1
1217 1729 1
1329 1945 1
1708 1458 1
2810 1509 1
1182 1612 1
2154 1594 1
2481 1221 1
1964 2997 1
2524 2309 1
1680 1016 1
1285 1757 1
1635 1582 1
2257 851 1
218 762 1
1528 1667 1
1058 1899 1
1146 1695 1
1442 1863 1
1841 699 1
1588 1742 1
2677 633 1
1469 2189 1
824 1861 1
1781 1280 1
1907 1308 1
1850 1190 1
1720 1042 1
1000 2015 1
1115 1932 1
634 1194 1
1426 1701 1
1216 2837 1
1136 1705 1
2460 644 1
1573 2200 1
966 2996 1
2934 1367 1
743 777 1
1072 1937 1
2119 1563 1
2036 2784 1
1516 1855 1
1701 1186 1
1194 1752 1
1325 1708 1
1505 1947 1
1566 1701 1
2207 2562 1
1853 2815 1
1653 181 1
1629 1561 1
1616 1183 1
1938 1330 1
2615 2757 1
2273 2265 1
2796 2660 1
1621 2371 1
1726 1608 1
745 1207 1
1552 1779 1
1589 1738 1
1 2991 1
1489 1718 1
8 1221 1
2012 1463 1
1984 2422 1
1251 1738 1
627 190 1
1721 1412 1
2290 714 1
2318 2080 1
1292 1812 1
1261 1685 1
2465 2734 1
1238 1323 1
1419 2190 1
703 2190 1
491 2595 1
1421 1708 1
263 1884 1
1286 1914 1
991 1921 1
1567 1967 1
1499 1703 1
687 1626 1
1724 1120 1
1390 1692 1
2596 1768 1
1285 2062 1
1239 1871 1
2565 2741 1
1717 1239 1
1635 1217 1
1320 1933 1
1248 2207 1
2249 969 1
2074 1190 1
1830 1583 1
1493 2120 1
183 487 1
1708 869 1
931 2096 1
1470 1866 1
1455 1665 1
216 63 1
1667 1507 1
1074 1652 1
1892 1523 1
2111 1602 1
1605 1925 1
1590 1699 1
1573 2339 1
2039 1599 1
1614 1186 1
1803 1162 1
1420 2323 1
2312 1162 1
1462 1697 1
1520 2131 1
1828 1153 1
832 2562 1
1532 2843 1
1700 1610 1
1451 1849 1
1359 2042 1
1953 1299 1
1198 878 1
1778 1269 1
397 2712 1
1319 1697 1
1619 1404 1
1101 1690 1
1607 1727 1
400 2516 1
1746 1158 1
1589 2124 1
1204 1645 1
1518 2764 1
720 345 1
2283 1145 1
2158 1232 1
1659 1501 1
1368 52 1
1922 1516 1
1447 1637 1
1717 1472 1
2056 1421 1
1132 1668 1
1686 1180 1
1507 1677 1
2702 403 1
1692 1385 1
1420 2289 1
1674 1623 1
1620 1109 1
1591 1870 1
1619 995 1
1160 1882 1
2615 1639 1
2052 2577 1
162 647 1
2951 1918 1
1672 1290 1
2938 346 1
2955 1569 1
1563 2177 1
2733 624 1
1472 1611 1
1609 1976 1
1323 1642 1
1737 1309 1
1307 2182 1
1439 2031 1
1341 1672 1
2152 779 1
2633 995 1
1659 1253 1
1098 2196 1
18 1544 1
2077 1308 1
1648 1542 1
1693 1562 1
2374 870 1
891 887 1
2002 1436 1
1305 1876 1
1547 1643 1
340 1001 1
1767 1587 1
1367 1989 1
270 202 1
1825 1511 1
1492 1649 1
1018 531 1
1018 338 1
1854 1573 1
1367 1633 1
900 2805 1
1256 1811 1
1870 1041 1
1701 1244 1
1545 1938 1
1640 1235 1
1849 208 1
1933 1582 1
2929 25 1
738 1155 1
1468 1989 1
1562 2712 1
2016 232 1
2407 2700 1
2041 1591 1
1906 1512 1
1472 1863 1
756 2660 1
549 237 1
1326 1780 1
1720 2958 1
937 2054 1
1860 1545 1
1424 1868 1
1517 1757 1
838 1702 1
1701 211 1
1538 1808 1
1627 1523 1
145 488 1
1437 1873 1
1486 51 1
1633 1309 1
2222 1493 1
1657 1469 1
1458 1844 1
1168 2127 1
1737 1404 1
1492 1894 1
1513 89 1
1355 1854 1
1437 923 1
175 448 1
1595 1736 1
1502 1745 1
1530 2004 1
1807 1348 1
727 259 1
1661 1377 1
1396 1619 1
893 1781 1
1068 1719 1
1610 1823 1
1547 2022 1
1782 1546 1
1501 1620 1
2169 1442 1
1257 1865 1
1811 1353 1
1450 1730 1
2008 1229 1
913 2774 1
1616 630 1
1707 1606 1
1663 1372 1
2011 1519 1
297 2940 1
1476 1821 1
1034 1916 1
2612 2958 1
1327 1782 1
924 2520 1
1856 1560 1
1732 675 1
1807 1573 1
778 767 1
1644 2578 1
754 1539 1
1479 2173 1
2971 1244 1
1909 1081 1
872 1978 1
1681 1456 1
1797 1260 1
1343 1627 1
635 1124 1
1698 1457 1
324 910 1
1606 1661 1
690 847 1
1808 1187 1
1700 381 1
647 454 1
1845 1300 1
1878 1526 1
1875 1267 1
1224 1086 1
2195 2530 1
1692 1574 1
755 337 1
2330 1307 1
334 1393 1
1722 1333 1
1880 1203 1
2896 1286 1
2043 1955 1
2207 728 1
907 665 1
1723 2318 1
1690 2519 1
1617 1123 1
135 277 1
1677 270 1
2027 1536 1
1124 1665 1
1462 1731 1
2917 151 1
2156 1385 1
1258 1918 1
1175 1651 1
52 1623 1
1680 1121 1
2098 2958 1
1804 1571 1
115 1708 1
1445 1683 1
1986 1218 1
1579 1617 1
1436 1850 1
1781 1572 1
1829 1538 1
1685 1010 1
1143 1709 1
243 340 1
1276 196 1
1424 2033 1
693 1525 1
1422 2185 1
1743 777 1
2040 1487 1
710 2917 1
1379 1681 1
2126 658 1
1129 1709 1
1911 1433 1
2718 1776 1
1023 1323 1
1616 1037 1
996 2310 1
1174 1858 1
2920 1350 1
2198 1665 1
1261 2040 1
1584 1971 1
1744 1315 1
1340 1695 1
1560 2452 1
1138 510 1
1374 1845 1
770 248 1
1384 1972 1
1518 1833 1
1534 1088 1
1953 1457 1
1118 1719 1
1675 1284 1
1807 1482 1
1700 1311 1
1254 1672 1
2311 2162 1
1841 1340 1
1759 1185 1
1555 1627 1
1697 1504 1
2572 945 1
1963 1587 1
1751 1476 1
1965 1288 1
1197 731 1
576 174 1
1127 1680 1
917 1161 1
1460 1882 1
2567 1025 1
1448 1768 1
1852 1270 1
301 718 1
1575 1613 1
1022 2116 1
127 1036 1
1403 1869 1
1647 1343 1
1368 1893 1
1488 2000 1
1719 1345 1
1426 1700 1
1859 1541 1
2468 2505 1
1435 1620 1
1926 1306 1
704 1507 1
2177 2558 1
946 391 1
1637 1236 1
1818 1088 1
645 1042 1
1973 869 1
1863 1498 1
1871 1487 1
1905 1336 1
97 2640 1
1511 2504 1
1691 1750 1
1557 1748 1
738 2878 1
1664 1575 1
1357 1818 1
1290 1804 1
2945 342 1
1640 1471 1
1783 1198 1
1588 1770 1
1516 1688 1
1468 1754 1
2309 1362 1
2076 2172 1
1638 1546 1
1839 1500 1
1821 1263 1
1573 1895 1
1575 2024 1
502 174 1
1491 2053 1
2305 898 1
1746 1389 1
237 690 1
1433 1636 1
1092 1804 1
1847 1421 1
1582 1785 1
2226 182 1
562 400 1
2447 899 1
1834 1569 1
1130 1780 1
1666 264 1
1668 1353 1
2241 1285 1
1303 1937 1
1001 1212 1
2626 35 1
2245 1355 1
1281 1625 1
1478 1723 1
1511 1639 1
1468 1920 1
1161 2138 1
1713 1281 1
2016 2943 1
1924 1495 1
1193 1909 1
1104 1698 1
1176 1346 1
1630 1473 1
1083 1729 1
295 354 1
2202 1384 1
1181 406 1
2147 1034 1
1778 1032 1
2975 2138 1
1689 1590 1
1759 1337 1
1611 1295 1
1401 678 1
2226 2024 1
1441 1624 1
631 1872 1
2143 1503 1
1678 1964 1
2023 1245 1
1506 1895 1
1821 1337 1
1735 1547 1
2260 1805 1
1967 1502 1
1477 1782 1
58 2490 1
1770 1324 1
1184 1667 1
1866 807 1
1995 903 1
2111 1049 1
2684 109 1
1411 1928 1
1954 1303 1
1654 1578 1
1480 1995 1
1970 1288 1
1841 1350 1
1823 1323 1
1554 1961 1
923 1750 1
1360 1649 1
1217 1629 1
1578 2055 1
1560 1903 1
1224 877 1
1498 1876 1
238 2068 1
1030 2616 1
1371 2024 1
1470 1898 1
1638 1534 1
1697 1445 1
241 330 1
983 2192 1
1180 1725 1
1601 1711 1
1457 2010 1
1592 2659 1
1927 1344 1
1633 1254 1
1579 1808 1
1159 1666 1
1 246 1
1425 1640 1
1836 1420 1
2114 196 1
2802 1282 1
1612 550 1
307 1642 1
1594 1657 1
1966 1462 1
1890 1598 1
1672 1521 1
439 1584 1
1508 1712 1
2763 1282 1
1411 1723 1
2727 1622 1
1550 2483 1
1943 1275 1
2570 1335 1
1557 1969 1
1408 1685 1
222 349 1
1513 1819 1
1777 1417 1
1661 1258 1
1706 1211 1
2948 1573 1
1973 819 1
1378 1720 1
1732 1527 1
1813 1413 1
1386 1631 1
1627 1493 1
1219 1676 1
1774 1573 1
1866 1224 1
1552 1710 1
1761 2951 1
2772 939 1
1714 2632 1
1326 1876 1
2203 2029 1
2053 1564 1
721 1805 1
1637 1268 1
2017 1302 1
1639 924 1
1475 1707 1
1593 1847 1
1027 1648 1
1904 1466 1
1688 1154 1
2195 1335 1
1684 2967 1
1839 1060 1
1911 1337 1
800 2413 1
1836 968 1
1584 1905 1
1742 1341 1
1741 1399 1
985 1485 1
573 1740 1
1336 2008 1
1819 1488 1
1798 1602 1
1490 1708 1
1741 1208 1
2810 1899 1
1731 1570 1
2156 1263 1
993 2677 1
59 2844 1
1247 1495 1
1748 2190 1
1728 1488 1
1543 1730 1
1916 1495 1
2930 330 1
1831 1518 1
1688 1441 1
1241 2190 1
1903 1590 1
1305 1659 1
1929 1466 1
2368 1541 1
935 1897 1
1535 1728 1
1350 1640 1
1131 1827 1
560 2124 1
1503 1721 1
2840 2673 1
2167 1415 1
2193 2510 1
1607 1798 1
1729 1337 1
1246 2327 1
1414 2348 1
946 1665 1
1749 2724 1
1690 1458 1
2138 2375 1
1553 2068 1
1436 1679 1
1707 1552 1
1492 1770 1
1578 2002 1
1358 1800 1
1450 2168 1
1771 1071 1
2036 813 1
1328 1690 1
1593 1828 1
1616 1217 1
1522 1942 1
696 1973 1
2657 2595 1
1590 2026 1
2193 951 1
1020 1642 1
2637 1562 1
1802 1595 1
2080 1378 1
1289 1896 1
1774 1366 1
1461 1806 1
2263 748 1
1424 1646 1
1822 1287 1
1693 1608 1
1627 1589 1
256 2679 1
1505 1981 1
1431 1714 1
1719 1445 1
2032 1488 1
2603 2645 1
1319 1802 1
2569 2025 1
1598 1663 1
1405 1964 1
1375 1833 1
1882 1515 1
1305 418 1
1158 1749 1
1708 1488 1
1637 1193 1
1882 2112 1
2116 1537 1
21 98 1
2828 2184 1
2073 1433 1
1288 1662 1
1596 1641 1
1702 1382 1
1828 1440 1
1542 1745 1
1807 1452 1
2124 1334 1
1703 1537 1
1739 1413 1
1456 2035 1
2063 2840 1
1245 1798 1
1833 1304 1
1974 2115 1
665 1220 1
1366 2108 1
1640 1577 1
1381 1933 1
1218 2836 1
1106 1767 1
1787 1152 1
2366 1315 1
1701 1392 1
651 1491 1
1423 1724 1
1537 1735 1
1081 1687 1
2132 2824 1
1763 1568 1
1510 1632 1
1114 1745 1
1406 1972 1
1314 2629 1
1810 1404 1
1868 1579 1
1823 1394 1
1469 1762 1
1822 1439 1
1707 1353 1
1506 1613 1
1290 1611 1
1355 1768 1
2019 639 1
1753 1432 1
596 1645 1
1073 491 1
2971 1124 1
2482 2815 1
2896 1202 1
1324 1972 1
1888 1166 1
2373 1149 1
1811 1358 1
2827 122 1
1341 1892 1
1821 1287 1
1420 2178 1
1504 1672 1
820 1993 1
1260 1911 1
1211 369 1
199 780 1
1441 1721 1
1527 1696 1
1744 1373 1
1537 1996 1
2213 1389 1
1307 1806 1
2130 1455 1
2187 991 1
776 1502 1
1784 1433 1
1087 1653 1
1654 1400 1
2456 2388 1
1650 1963 1
1325 2017 1
1724 1028 1
1662 1577 1
2185 1436 1
1852 1409 1
1519 2950 1
1164 1802 1
1776 1555 1
1761 1295 1
1341 1895 1
628 1891 1
1413 883 1
1466 1936 1
2481 806 1
1948 1512 1
600 1803 1
1733 1496 1
1867 1604 1
1155 1881 1
2789 882 1
1843 1447 1
1759 378 1
1313 2011 1
2367 2732 1
892 2490 1
1217 1802 1
1201 1893 1
2403 1970 1
1248 1946 1
1648 1155 1
377 2810 1
1849 2190 1
1014 1643 1
2167 1210 1
1741 1438 1
2143 1126 1
1910 1423 1
1503 1629 1
158 2561 1
1472 1694 1
1249 1615 1
1555 1674 1
1751 1123 1
2568 471 1
1981 1589 1
1424 1808 1
1893 1577 1
1877 1132 1
1094 1613 1
2196 733 1
1213 2505 1
1711 1524 1
2167 1471 1
1761 1598 1
1734 609 1
933 981 1
2831 80 1
1585 2003 1
1445 1924 1
1843 1366 1
1686 1500 1
1925 1431 1
2009 260 1
1659 1866 1
2519 1 1
1578 1732 1
1722 1319 1
1824 839 1
1031 887 1
1755 1568 1
1904 1594 1
1574 2003 1
1249 1637 1
1841 1605 1
2196 539 1
1822 1200 1
1851 1523 1
1202 1717 1
1698 1569 1
998 2519 1
1676 1519 1
1470 2001 1
700 1732 1
2016 854 1
2194 34 1
990 2055 1
878 1783 1
1501 1870 1
2281 1752 1
1601 1807 1
1135 1634 1
1640 1116 1
1945 1265 1
1577 1636 1
1469 1962 1
379 660 1
1677 1209 1
1158 2346 1
1691 1238 1
942 2479 1
1507 2040 1
982 501 1
2329 1260 1
1520 1773 1
1751 1247 1
1058 2009 1
1042 1749 1
1432 2471 1
1619 1494 1
118 345 1
1743 171 1
1824 1569 1
1677 1367 1
1467 1848 1
2703 505 1
1667 1398 1
1974 1132 1
1371 1655 1
2679 2010 1
2781 930 1
1780 1318 1
1236 2068 1
2879 419 1
2341 1764 1
1413 1990 1
1653 1081 1
1683 1455 1
734 1431 1
670 2986 1
1922 1463 1
1720 1475 1
1699 1336 1
1702 1301 1
1433 1688 1
1614 1409 1
2546 1892 1
1241 1629 1
815 193 1
1518 1704 1
1926 1165 1
819 1850 1
1401 1751 1
1830 1238 1
1055 603 1
1712 1278 1
1402 1816 1
1572 1657 1
1536 1884 1
889 2288 1
1014 395 1
1739 1097 1
1906 1310 1
1597 1942 1
293 2118 1
1930 1549 1
952 1746 1
1794 1445 1
1653 1535 1
1481 1908 1
1202 1962 1
1452 1794 1
811 1910 1
1402 2058 1
1149 1628 1
1618 1022 1
1654 1238 1
2196 2018 1
1604 1650 1
1427 1729 1
1248 2792 1
1525 1650 1
2874 1807 1
1473 1274 1
1154 6 1
1786 1601 1
1289 1623 1
2346 359 1
240 2864 1
1052 2685 1
2280 712 1
1974 1385 1
1516 1726 1
1933 1537 1
1216 1889 1
1896 1542 1
1994 2987 1
1534 1716 1
1204 1666 1
2204 1472 1
1975 1243 1
1470 2003 1
1359 1636 1
1779 1457 1
1609 1622 1
1476 1808 1
1632 1312 1
993 452 1
1529 1991 1
1534 1882 1
1691 1288 1
1549 1888 1
1592 2142 1
1411 1964 1
911 1815 1
1655 1531 1
1505 1837 1
146 2816 1
1896 1578 1
1483 1614 1
1550 1940 1
1800 861 1
1994 1455 1
2144 1510 1
1538 2894 1
64 130 1
2667 691 1
1663 1382 1
1505 2280 1
1765 1340 1
2028 1529 1
2180 1213 1
1017 1371 1
1948 1185 1
772 994 1
356 264 1
1106 1722 1
2296 302 1
1648 1866 1
2322 2986 1
742 837 1
1342 1611 1
1689 1576 1
2486 94 1
1075 1888 1
2104 468 1
1972 1147 1
1023 335 1
1823 1449 1
1585 2409 1
1887 1541 1
1604 1972 1
1700 1356 1
1365 1663 1
1547 926 1
1473 1620 1
1652 1257 1
1938 1040 1
1767 1162 1
1918 1339 1
1767 1389 1
505 145 1
1540 1780 1
1209 1806 1
779 2026 1
2601 2563 1
511 1103 1
1105 1235 1
1336 1649 1
1224 1705 1
1867 1171 1
2146 1609 1
1939 1118 1
1408 2007 1
1618 1249 1
2156 1046 1
1492 2068 1
1871 1609 1
1202 1886 1
2936 257 1
1571 1968 1
693 1928 1
1453 1305 1
1082 413 1
1851 1120 1
1541 1663 1
2466 1034 1
1895 1008 1
1659 1340 1
2095 348 1
193 993 1
83 1663 1
938 1670 1
2292 761 1
1628 1587 1
2710 2792 1
1201 1065 1
1748 758 1
1518 2312 1
2079 2 1
1713 2264 1
1352 1651 1
1125 1642 1
1395 1662 1
2002 1238 1
1976 1373 1
2897 2642 1
1751 1397 1
1675 1512 1
1380 1646 1
1376 1397 1
2895 1448 1
1090 1655 1
1741 1321 1
1434 2004 1
1192 1765 1
143 938 1
1817 1114 1
1617 2097 1
1503 1717 1
2252 1553 1
2884 999 1
1800 1311 1
59 2088 1
2624 1964 1
2644 1554 1
1130 1644 1
958 1539 1
1232 2058 1
441 611 1
1508 2598 1
1754 1349 1
2242 2071 1
1505 1825 1
1590 1802 1
1656 1186 1
2018 1250 1
1006 225 1
1641 1060 1
1960 1068 1
1403 1656 1
958 1620 1
1155 1889 1
1410 1232 1
1782 1386 1
1439 1692 1
2334 1755 1
1440 1711 1
1147 1682 1
1250 1620 1
1611 1506 1
503 710 1
1776 1261 1
1454 1825 1
1475 1754 1
1182 791 1
1593 1855 1
1755 1496 1
1355 1167 1
1307 481 1
1914 2454 1
979 2333 1
1674 1491 1
995 1792 1
1743 1266 1
1910 1346 1
1582 2251 1
465 854 1
1424 1846 1
1829 1321 1
2115 1274 1
1563 1838 1
1188 1864 1
772 224 1
1415 1755 1
1519 2155 1
1410 1788 1
2396 374 1
1761 1494 1
1871 1381 1
1724 1505 1
2870 2285 1
2169 1565 1
1378 1811 1
1904 1558 1
1318 1615 1
1287 2253 1
1446 1703 1
468 647 1
1853 1524 1
2197 374 1
1921 1520 1
198 1564 1
1919 1266 1
1639 1190 1
1454 2216 1
75 1517 1
1305 1617 1
10 777 1
2089 901 1
1721 1177 1
1851 1196 1
1742 1589 1
1454 2279 1
685 1894 1
1546 1694 1
1715 1109 1
1112 1816 1
1306 1684 1
2120 1112 1
1601 1765 1
1695 1613 1
2053 1226 1
2089 1573 1
1342 1672 1
317 2049 1
1603 1784 1
1705 2798 1
1781 1013 1
1372 2133 1
272 1258 1
2707 1963 1
2294 1292 1
1699 1319 1
1739 1492 1
858 1916 1
1729 1482 1
1331 1290 1
1120 2004 1
1038 1624 1
1832 2099 1
1485 2008 1
2007 1395 1
1402 1953 1
1582 1706 1
1575 167 1
1729 1561 1
134 503 1
1503 1650 1
1816 1139 1
1413 1744 1
1549 1744 1
1925 270 1
1127 1651 1
1555 2331 1
1424 1720 1
2137 424 1
1410 1923 1
1303 1611 1
2088 1503 1
1961 1090 1
1617 2801 1
1675 1245 1
2097 1403 1
1059 2048 1
1842 1566 1
1996 1354 1
1687 1519 1
1637 1427 1
617 833 1
2593 1978 1
1950 2238 1
1564 1959 1
1328 2012 1
2553 2548 1
1339 1714 1
1852 648 1
823 1640 1
1354 1634 1
1614 2338 1
2226 152 1
1066 1674 1
1568 1740 1
1358 1863 1
1372 1970 1
1984 1223 1
1274 1712 1
882 1744 1
1416 1724 1
1791 1249 1
1673 1386 1
1604 1745 1
1314 1639 1
1743 1586 1
1362 1687 1
1428 1696 1
1373 2082 1
1522 1894 1
65 2132 1
1776 952 1
1604 1641 1
1129 2429 1
274 1625 1
2656 241 1
2367 1834 1
1853 1385 1
1273 2600 1
1870 1250 1
2068 1136 1
1222 1896 1
257 1514 1
1442 1832 1
1954 1432 1
1780 1492 1
1284 636 1
492 1224 1
2091 561 1
1751 997 1
2250 594 1
1350 1994 1
1348 1748 1
1044 343 1
1957 1673 1
1742 1426 1
1789 1555 1
820 2159 1
911 1666 1
2024 1769 1
1627 1414 1
100 804 1
642 2492 1
1691 1217 1
1725 1515 1
1743 1541 1
1689 1129 1
2044 2819 1
2163 1073 1
1443 1612 1
941 1063 1
1683 1436 1
1528 1793 1
1318 1668 1
1639 988 1
1442 1678 1
1820 1574 1
1642 1453 1
659 2071 1
986 2021 1
1881 1367 1
1452 1622 1
1613 1420 1
1677 1549 1
411 1090 1
1811 1608 1
1249 2703 1
2905 1566 1
1774 1399 1
1375 1994 1
1471 1670 1
653 63 1
1417 976 1
1040 76 1
1276 1843 1
1850 1562 1
1452 1643 1
958 2017 1
2072 1540 1
1800 1467 1
953 2875 1
2018 1578 1
1323 1693 1
1189 1907 1
1912 2836 1
118 124 1
2520 498 1
876 138 1
1383 1786 1
1379 1643 1
1708 1332 1
1648 1037 1
1587 1679 1
1465 1884 1
2035 1311 1
1641 1373 1
1732 1503 1
215 2179 1
851 2645 1
1821 1471 1
1505 1895 1
1853 2612 1
1861 1519 1
766 2283 1
2447 739 1
1639 1361 1
2115 1576 1
1381 1763 1
1612 1451 1
1656 1344 1
2175 1302 1
1627 1237 1
1959 1027 1
1471 1685 1
1816 1111 1
1755 1065 1
1155 1643 1
1400 2308 1
2077 1260 1
1689 1289 1
1317 1723 1
2051 1481 1
1782 1195 1
37 2429 1
2460 2434 1
1710 1510 1
1810 1555 1
714 543 1
1745 1328 1
1779 1341 1
2002 1397 1
2983 1084 1
1987 1132 1
1418 825 1
1520 2296 1
1957 1396 1
2049 1077 1
1623 1433 1
154 1921 1
1505 2062 1
2628 1399 1
2795 2141 1
2858 2479 1
2558 2005 1
2192 1204 1
2399 76 1
2119 2130 1
2340 896 1
2266 521 1
1969 1569 1
1615 1504 1
1697 1133 1
1285 1902 1
1631 1234 1
1079 1781 1
164 478 1
2477 544 1
1800 1186 1
1842 1499 1
1371 1710 1
1230 1663 1
196 2965 1
2034 1555 1
1847 1604 1
556 1851 1
2548 1100 1
1958 1524 1
659 647 1
1968 1580 1
2311 2482 1
86 112 1
1740 1605 1
1070 1668 1
1777 1236 1
2011 1540 1
2 2574 1
2699 2503 1
1683 1483 1
1199 404 1
1368 1611 1
1552 1801 1
2194 2426 1
1654 1992 1
1383 2170 1
1834 2277 1
1212 1653 1
1704 1518 1
2011 1568 1
1287 1650 1
1217 1654 1
1950 1011 1
711 483 1
436 139 1
2145 870 1
1578 2023 1
690 1943 1
1994 1542 1
1079 1843 1
1934 526 1
2753 93 1
1780 1581 1
997 1096 1
2438 75 1
1677 1447 1
1579 1759 1
499 1105 1
1545 1746 1
2760 1217 1
922 2432 1
1492 2212 1
139 2733 1
1137 2181 1
173 150 1
988 1804 1
1850 1037 1
1363 1094 1
1608 1641 1
1652 1423 1
1257 1838 1
2382 2990 1
1608 2047 1
1595 1927 1
1660 1519 1
2648 2730 1
1474 1626 1
992 2749 1
1254 1674 1
696 1677 1
1926 1194 1
1585 1764 1
1397 1768 1
1234 1861 1
1751 1471 1
1744 1294 1
2869 2280 1
1985 664 1
1364 1911 1
1154 1883 1
1955 1568 1
758 2882 1
1921 1468 1
2499 2341 1
1595 1644 1
185 683 1
1668 1344 1
1678 1455 1
1623 954 1
2557 1657 1
1156 832 1
1560 1856 1
1670 825 1
1179 2031 1
524 1949 1
1773 1559 1
2413 1509 1
2400 2252 1
2151 2470 1
1821 2842 1
2924 25 1
1662 1291 1
1515 1839 1
1404 1895 1
1140 1632 1
1901 1115 1
1849 1482 1
1473 1611 1
2243 1281 1
624 683 1
2881 1052 1
1264 1644 1
1744 1580 1
1698 1379 1
1169 1086 1
2608 2098 1
1906 1318 1
2087 1265 1
2854 939 1
1398 1764 1
1671 1434 1
1463 2418 1
1926 1265 1
1456 1703 1
1916 1156 1
1308 1733 1
1601 1954 1
1293 1663 1
459 85 1
633 1879 1
1630 1123 1
1642 1523 1
2298 2900 1
1619 1268 1
1760 1509 1
1533 1822 1
1961 1378 1
1543 1892 1
106 718 1
1151 1622 1
2611 2305 1
1837 1389 1
1476 1681 1
1345 1777 1
1555 1669 1
2583 2025 1
1959 1274 1
1482 1872 1
1762 1199 1
1548 1849 1
1538 1889 1
1773 1176 1
1664 1124 1
1241 897 1
1840 1464 1
1126 2727 1
1598 1048 1
1578 1666 1
1014 496 1
1021 1827 1
2747 2011 1
200 1813 1
1743 1299 1
2876 2019 1
1764 1542 1
1032 157 1
1264 1735 1
1323 1842 1
2150 560 1
1909 1609 1
1925 1544 1
1451 1665 1
1530 1550 1
79 1134 1
1690 1497 1
1602 1937 1
271 656 1
2703 1217 1
1651 1237 1
2354 2287 1
1987 1375 1
1723 1588 1
1177 2166 1
2337 209 1
1789 1583 1
1212 1838 1
1295 1996 1
1841 1537 1
1737 1320 1
1416 1689 1
337 2936 1
1407 1769 1
922 2058 1
2670 2666 1
1570 1772 1
313 2175 1
801 40 1
130 2041 1
2125 75 1
1611 1590 1
2548 2343 1
1484 1715 1
2159 1517 1
1216 1763 1
1728 1478 1
567 366 1
1639 1211 1
1307 1737 1
2790 1607 1
2355 1243 1
2611 1084 1
2841 415 1
1536 1669 1
1265 1747 1
1653 1799 1
1658 1446 1
1733 1169 1
1771 1280 1
760 2091 1
1785 1117 1
1919 1004 1
1557 1940 1
2233 1180 1
1136 1771 1
394 2080 1
1367 1670 1
2591 152 1
1499 1839 1
596 1997 1
1938 1537 1
1343 1753 1
246 2908 1
1974 1476 1
1683 1553 1
1376 1845 1
1348 1942 1
1255 1865 1
2056 1616 1
1446 1784 1
1566 2040 1
1380 1194 1
1456 1817 1
570 2867 1
2581 1525 1
1273 1880 1
1020 1855 1
794 239 1
2491 1969 1
1777 1468 1
408 1849 1
1371 1171 1
1552 1949 1
1952 1009 1
1711 1478 1
1137 1640 1
1541 1639 1
1616 1456 1
1587 1855 1
1398 1733 1
1196 1963 1
1777 1501 1
1283 2056 1
1345 1745 1
1708 1424 1
1427 2183 1
1914 943 1
871 473 1
1927 1433 1
1700 1309 1
2275 1256 1
38 1185 1
1462 1893 1
1625 1361 1
2216 1190 1
1335 1882 1
1675 1575 1
1469 2031 1
1350 2573 1
2777 614 1
743 1896 1
1259 1976 1
2116 933 1
1397 1947 1
1550 428 1
1 47 1
1947 1471 1
1941 1427 1
1463 1840 1
1575 1744 1
1800 1581 1
2040 1445 1
1852 1101 1
1735 1010 1
177 2362 1
1906 1375 1
2701 2105 1
2506 436 1
2205 852 1
2059 1301 1
2615 433 1
1385 2029 1
861 1901 1
1593 1942 1
2195 755 1
2596 2347 1
1992 1405 1
1560 1793 1
1311 2962 1
1768 1387 1
1612 1321 1
2107 1028 1
1786 1379 1
37 2673 1
1222 1728 1
1253 2137 1
1703 1239 1
2660 814 1
1773 1529 1
554 412 1
1488 2045 1
1279 229 1
1413 2021 1
2958 1497 1
1418 1667 1
1877 1580 1
191 1046 1
2139 1111 1
1624 1304 1
1299 1923 1
1776 1436 1
1273 29 1
