300 300
223 133 1
54 265 1
130 149 1
22 277 1
198 2 1
285 117 1
219 162 1
43 66 1
51 84 1
270 29 1
118 300 1
278 64 1
251 162 1
205 27 1
187 61 1
50 241 1
198 126 1
1 75 1
18 280 1
273 5 1
105 215 1
294 90 1
201 64 1
23 94 1
2 298 1
177 232 1
275 277 1
206 120 1
116 192 1
183 252 1
45 205 1
289 41 1
132 217 1
270 92 1
156 238 1
259 79 1
81 234 1
26 234 1
77 166 1
142 1 1
36 195 1
251 52 1
58 199 1
116 287 1
76 238 1
275 136 1
48 166 1
38 217 1
215 173 1
268 129 1
212 222 1
65 228 1
191 12 1
81 298 1
20 263 1
255 132 1
70 250 1
231 161 1
210 67 1
294 218 1
202 123 1
273 6 1
200 139 1
168 275 1
158 260 1
272 113 1
57 17 1
39 283 1
256 140 1
25 189 1
72 220 1
196 72 1
64 283 1
239 57 1
171 220 1
95 282 1
60 128 1
288 29 1
102 65 1
88 226 1
140 283 1
151 261 1
72 200 1
273 31 1
297 49 1
61 214 1
275 13 1
87 276 1
237 80 1
168 244 1
124 279 1
82 188 1
186 20 1
296 225 1
100 106 1
94 217 1
137 244 1
97 250 1
261 35 1
37 282 1
171 234 1
270 284 1
83 225 1
27 251 1
257 64 1
12 238 1
251 47 1
31 193 1
287 235 1
222 82 1
276 178 1
242 116 1
10 195 1
200 3 1
170 220 1
32 239 1
210 86 1
180 15 1
211 157 1
185 88 1
274 74 1
268 133 1
294 290 1
77 186 1
209 55 1
133 26 1
237 103 1
251 86 1
266 191 1
20 241 1
219 116 1
62 205 1
73 207 1
65 230 1
147 298 1
208 192 1
53 188 1
16 189 1
275 45 1
183 211 1
203 144 1
211 75 1
57 259 1
281 124 1
132 261 1
116 288 1
12 273 1
223 49 1
291 125 1
85 300 1
158 286 1
149 144 1
11 286 1
136 111 1
203 7 1
122 250 1
18 265 1
202 25 1
286 155 1
113 281 1
163 289 1
124 290 1
76 208 1
258 30 1
30 212 1
52 272 1
266 166 1
208 26 1
281 162 1
266 61 1
283 151 1
254 20 1
146 277 1
62 197 1
224 59 1
281 146 1
189 84 1
272 120 1
135 198 1
271 58 1
100 247 1
264 181 1
196 51 1
118 227 1
144 212 1
220 164 1
274 70 1
221 21 1
2 219 1
27 116 1
60 217 1
236 62 1
199 180 1
107 231 1
288 66 1
190 142 1
28 256 1
41 204 1
260 120 1
248 177 1
146 282 1
287 52 1
47 287 1
194 24 1
80 192 1
197 83 1
296 124 1
106 278 1
248 155 1
299 128 1
251 73 1
161 189 1
206 140 1
233 133 1
19 237 1
180 230 1
37 254 1
259 90 1
96 264 1
136 244 1
20 201 1
123 260 1
136 292 1
184 245 1
207 241 1
32 238 1
24 256 1
94 263 1
55 256 1
258 224 1
282 58 1
164 99 1
41 291 1
48 190 1
149 269 1
98 76 1
269 176 1
62 216 1
274 130 1
263 139 1
254 166 1
114 217 1
47 153 1
22 80 1
126 218 1
164 220 1
143 233 1
253 21 1
241 131 1
14 285 1
34 179 1
118 241 1
115 266 1
185 174 1
96 243 1
299 167 1
60 214 1
169 258 1
217 57 1
293 93 1
212 112 1
298 296 1
128 236 1
252 43 1
224 9 1
221 99 1
270 2 1
100 287 1
281 71 1
76 273 1
273 91 1
133 184 1
84 225 1
91 253 1
266 177 1
261 127 1
175 268 1
66 234 1
261 125 1
115 143 1
207 43 1
113 134 1
45 203 1
202 2 1
92 294 1
170 159 1
292 108 1
277 45 1
190 48 1
1 13 1
167 197 1
199 28 1
250 279 1
75 273 1
81 191 1
224 128 1
278 27 1
273 60 1
190 75 1
153 221 1
