10
280 74
1 2 3 4 5 6 7 8 9 10 11 12 13 14 15 16 17 18 19 20 21 22 23 24 25 26 27 28 29 30 31 30 33 34 35 36 37 38 39 40 41 42 43 44 45 46 47 48 49 50 51 52 53 54 55 56 57 58 59 60 61 62 63 64 65 66 67 68 69 70 71 72 73 74 75 76 77 78 79 80 81 82 83 84 85 86 87 88 89 90 91 92 93 94 95 96 97 98 99 100 101 102 103 104 105 106 107 108 109 110 111 112 113 114 115 116 117 118 119 120 121 122 123 124 125 126 127 128 129 130 131 31 133 134 135 136 137 138 139 95 75 77 69 7 130 16 15 116 53 113 133 70 94 150 80 1 87 103 61 137 120 128 110 78 157 113 104 56 14 73 7 55 36 115 117 76 105 121 177 17 11 158 13 123 151 162 82 147 54 149 50 95 123 13 115 61 152 64 128 8 101 198 11 103 151 144 37 196 188 164 20 30 53 53 103 61 166 52 155 69 177 197 144 90 33 170 16 160 19 212 137 3 14 166 91 12 15 12 40 17 174 117 123 167 188 173 71 179 20 134 171 251 66 10 85 25 98 51 84 215 237 7 197 83 187 4 183 104 235 78 86 130 114 72 45 80 268 28 24 
278 81
1 1 3 4 4 3 1 3 8 8 8 6 7 4 1 3 5 3 12 2 17 20 14 21 1 22 9 5 3 26 19 25 6 20 34 17 7 6 13 40 21 23 12 3 4 34 5 24 19 12 45 35 31 4 30 26 20 31 47 42 13 2 6 62 65 43 50 14 52 42 50 45 38 22 60 48 7 38 28 61 21 19 61 13 49 13 49 24 63 36 83 47 64 71 23 37 26 98 18 48 79 101 90 99 24 33 8 7 30 90 45 20 92 17 26 116 44 60 4 15 116 92 26 38 90 9 98 44 115 30 127 15 35 132 119 91 68 82 34 138 119 38 106 44 67 15 47 47 95 121 131 79 63 49 33 30 59 28 103 52 56 145 40 84 80 63 49 147 29 119 88 139 39 160 134 132 39 35 35 12 166 39 118 79 97 59 117 39 51 178 161 93 183 181 109 69 151 45 110 52 46 93 94 12 50 81 64 190 145 188 93 162 80 18 38 129 93 138 129 1 156 59 132 199 181 204 105 63 204 53 168 47 229 151 120 151 179 160 204 104 224 3 7 21 162 18 153 68 72 104 139 208 105 125 210 146 9 25 181 198 174 215 68 218 110 111 129 234 260 77 246 20 109 272 193 92 236 
287 97
1 2 3 4 5 6 7 8 9 10 11 12 13 14 15 16 17 18 19 20 21 22 23 24 25 26 27 28 29 30 31 32 33 34 35 36 37 38 39 40 41 42 43 44 45 46 47 48 49 50 51 52 53 49 55 56 57 58 59 60 32 62 63 64 65 66 67 68 69 70 71 72 73 74 75 76 77 78 79 80 81 82 83 84 85 86 87 88 89 90 91 92 93 94 95 96 97 98 99 100 101 102 103 104 105 106 107 108 109 110 111 112 113 114 115 116 117 118 119 120 41 122 123 124 125 14 127 128 129 130 131 132 133 134 95 136 137 138 139 140 141 142 50 6 143 52 18 76 55 84 14 152 112 69 125 28 142 25 156 62 86 38 91 16 84 28 141 56 5 125 35 85 42 162 64 39 162 77 49 142 34 13 11 65 95 175 24 62 19 161 162 97 24 17 26 52 119 146 69 20 112 89 90 197 157 200 41 75 59 190 182 87 147 51 49 111 149 147 83 25 97 198 189 103 178 190 20 179 226 115 215 179 71 183 205 137 233 20 206 20 138 21 192 152 102 240 234 217 110 59 148 103 130 198 248 178 137 185 115 22 62 170 126 87 244 259 135 165 195 221 246 49 60 128 235 233 40 40 9 270 184 235 251 269 206 261 
289 283
1 2 3 4 5 6 7 8 9 10 11 12 13 14 15 16 17 18 19 20 21 22 23 24 25 26 27 28 29 30 31 32 28 34 35 36 37 38 39 40 41 9 43 44 45 46 47 48 49 50 51 52 53 54 55 56 57 58 59 60 61 1 63 64 65 66 67 68 32 70 71 72 58 74 75 76 77 78 79 66 81 82 83 84 85 86 87 88 89 90 91 92 93 94 95 96 97 98 99 100 101 102 103 104 105 106 107 108 109 110 111 112 113 114 115 116 117 118 119 120 121 4 123 124 101 126 127 128 129 130 131 132 133 134 135 136 137 138 139 140 141 142 50 24 54 72 110 86 111 77 129 111 29 150 120 94 152 127 141 31 81 96 85 86 85 137 141 127 138 110 171 66 137 121 155 7 92 60 97 47 169 22 120 104 148 15 123 3 7 72 179 17 191 162 154 176 169 175 147 42 32 19 9 41 20 67 94 11 10 142 185 59 187 22 147 133 208 174 192 89 152 30 191 198 117 126 217 74 137 182 87 57 150 134 116 89 172 90 235 211 177 160 116 23 241 198 112 173 133 227 101 234 250 37 58 192 199 76 226 37 30 190 64 59 222 249 86 68 235 199 101 47 121 56 96 207 137 123 153 266 209 154 196 71 25 211 9 94 
297 290
1 2 3 4 5 6 7 8 9 10 11 12 13 14 15 16 17 18 19 20 21 22 23 24 25 26 27 28 29 30 31 32 33 34 35 36 37 38 39 40 41 42 43 44 45 46 47 48 49 50 51 52 53 54 55 56 57 58 59 60 61 62 63 64 65 66 67 53 69 70 71 12 73 74 27 76 77 78 79 80 81 82 83 84 85 86 87 88 89 90 91 92 93 94 95 96 97 98 99 100 101 102 103 104 105 106 107 108 109 110 111 112 113 114 115 116 117 118 119 120 121 122 123 124 68 54 127 128 129 130 131 132 133 134 135 136 137 138 139 140 141 142 143 144 145 146 147 109 139 26 86 108 51 95 11 10 70 24 10 60 149 28 143 148 91 29 150 64 31 41 84 50 85 6 135 176 34 85 82 21 45 176 9 133 171 38 162 179 118 114 70 117 14 170 129 66 121 143 150 2 84 36 45 17 91 180 122 140 13 160 22 41 45 200 124 41 27 93 97 40 118 51 3 115 183 146 39 52 191 218 52 9 70 139 122 48 21 163 89 27 11 68 20 229 158 166 123 58 4 186 170 1 236 120 14 116 123 245 50 66 110 144 171 195 145 42 225 123 55 72 80 143 204 160 52 173 115 111 112 70 74 68 272 214 204 95 101 218 7 237 260 224 45 132 155 66 
285 156
1 2 3 4 5 6 7 8 9 10 11 12 13 14 15 16 17 18 19 20 21 22 23 24 25 26 27 28 29 30 31 32 25 34 35 36 37 38 39 40 41 42 43 44 45 46 47 48 49 50 51 52 53 54 55 56 57 58 59 60 61 62 63 64 65 66 67 68 69 70 71 72 73 74 75 76 77 78 79 80 81 82 83 84 85 86 87 88 89 90 91 92 93 94 95 96 95 98 99 47 101 102 103 104 105 8 10 37 109 110 111 112 113 114 115 116 117 118 119 120 121 122 123 124 125 126 125 128 129 130 131 132 133 97 135 136 137 138 139 140 141 140 134 132 110 120 5 129 90 60 18 127 31 78 99 31 139 83 66 95 1 159 22 13 88 55 54 19 11 143 25 39 15 56 6 12 69 90 146 50 157 110 110 161 67 108 100 157 62 39 76 138 182 120 22 96 113 102 170 151 178 190 190 11 180 142 53 168 189 123 183 95 71 145 31 142 138 156 107 123 62 18 84 216 15 141 1 19 134 107 130 118 198 64 221 147 168 82 17 153 168 194 48 48 90 56 95 143 97 199 203 100 252 90 151 42 14 11 163 190 13 206 120 114 174 18 151 11 49 78 49 109 210 24 94 4 182 71 101 53 37 135 182 150 
281 40
1 2 2 3 1 1 3 3 3 8 6 3 7 13 15 1 14 4 5 12 17 5 14 15 1 20 15 25 23 7 4 28 23 10 9 6 12 30 37 10 16 34 10 19 7 16 4 40 33 1 24 4 50 16 17 55 23 7 40 29 55 49 15 21 61 8 45 6 42 3 28 27 9 36 56 64 34 56 58 17 4 17 45 5 83 50 69 8 61 9 43 74 8 67 87 78 80 60 5 68 19 89 81 37 105 47 30 41 72 92 35 75 99 77 88 95 89 81 69 90 87 6 54 93 78 108 105 8 95 113 53 26 47 55 44 55 92 70 77 44 15 66 122 70 76 127 87 90 10 145 6 149 46 92 65 152 73 92 141 36 64 68 136 86 134 7 2 19 136 141 1 28 9 57 123 66 95 112 44 162 111 88 75 169 7 125 39 40 66 145 61 192 137 37 13 122 17 141 164 63 79 90 65 120 168 20 3 190 176 28 95 87 213 166 178 78 140 20 88 153 160 52 222 189 15 51 25 115 91 169 157 109 130 61 155 146 117 221 5 236 113 7 62 73 245 167 147 116 196 205 218 231 59 95 175 252 187 9 129 42 48 141 140 91 215 55 94 233 136 45 70 59 38 11 54 103 172 45 202 11 
275 92
1 2 3 4 5 6 7 8 9 10 11 12 13 14 15 16 17 6 19 20 21 22 23 24 25 26 27 28 29 30 31 32 33 34 35 36 37 38 39 40 41 42 43 44 45 46 47 48 49 50 51 52 53 54 55 56 57 58 59 60 61 62 63 64 65 66 67 1 69 70 53 37 73 74 75 76 77 78 79 80 81 82 83 84 85 86 87 88 89 90 91 92 93 94 95 96 97 98 99 100 101 102 103 104 105 106 107 108 109 110 111 112 113 92 115 116 117 118 119 120 121 122 123 124 125 126 127 128 129 130 131 132 127 134 135 136 103 121 46 77 99 25 99 116 10 46 143 89 75 12 87 130 93 69 149 85 141 85 48 5 69 118 41 82 143 4 94 19 64 152 99 142 23 24 51 22 151 153 26 35 7 130 122 101 163 164 154 156 63 22 83 152 91 12 105 106 76 57 185 16 36 82 105 135 197 43 197 60 71 51 155 129 11 32 26 28 7 154 42 103 103 62 107 80 85 74 40 62 134 11 11 193 40 87 153 216 103 41 108 53 84 113 97 31 139 219 10 150 87 119 133 175 26 11 87 12 57 244 80 170 73 27 140 37 2 92 187 6 181 62 66 147 116 129 
295 3
1 1 1 1 1 1 1 8 5 4 6 11 11 2 1 3 16 14 11 17 10 18 11 6 16 23 9 24 6 19 26 26 23 17 34 26 31 7 9 13 6 7 2 1 35 1 33 33 36 6 43 39 43 39 8 53 56 44 5 54 48 23 1 40 19 50 9 17 63 19 29 20 50 24 20 67 66 63 61 48 79 8 41 70 9 61 83 52 41 70 66 29 79 55 49 87 33 77 37 20 5 31 33 27 53 75 54 91 94 17 66 111 7 71 35 30 103 116 49 76 2 36 113 49 29 70 25 8 121 122 87 100 129 10 102 28 94 54 131 80 16 139 26 144 72 65 79 63 131 114 129 93 85 98 81 2 78 16 67 57 80 8 130 110 104 97 41 22 87 91 88 61 109 56 12 82 82 178 174 145 6 161 123 7 49 63 163 44 113 89 32 43 20 126 169 84 140 6 1 184 43 169 86 164 37 51 164 37 109 88 197 88 48 159 174 194 183 115 131 172 138 122 175 95 15 78 220 140 168 87 20 140 42 201 183 84 234 24 74 137 191 11 182 240 176 26 32 14 29 226 165 180 90 67 43 83 149 249 2 136 75 22 34 208 264 235 51 12 142 26 165 221 67 222 235 49 67 170 179 35 147 194 137 45 241 231 208 232 164 94 202 29 85 11 
284 104
1 2 3 4 5 6 7 8 9 10 11 12 13 14 11 16 17 18 6 20 21 22 23 24 25 26 27 28 29 30 31 32 33 34 35 36 37 38 39 40 41 42 43 44 45 46 47 48 49 25 51 52 53 54 55 56 57 58 59 60 61 62 63 64 65 66 67 68 69 70 71 72 73 74 75 76 77 78 79 80 81 82 83 84 85 86 87 88 89 90 91 92 93 94 95 96 97 98 99 100 101 102 103 104 105 106 107 108 57 110 111 112 113 114 115 116 117 118 119 120 121 122 123 124 125 126 127 128 129 130 131 132 133 134 135 136 137 138 139 140 141 104 143 82 104 122 106 28 94 105 7 71 101 79 59 54 25 43 85 29 117 145 31 132 91 31 105 75 86 19 60 30 117 87 26 105 124 171 81 84 91 102 153 152 125 150 106 123 24 140 132 119 162 99 45 154 156 87 152 102 39 190 79 145 143 144 110 149 103 99 104 177 22 140 143 68 23 215 36 132 147 170 146 212 12 191 9 148 123 24 117 68 179 149 98 140 223 8 111 148 131 93 127 73 161 142 205 157 123 144 32 121 220 221 211 182 238 210 50 70 181 192 196 263 246 136 141 251 169 141 250 152 139 199 69 201 59 69 83 146 138 200 157 
