10
288 282
1 2 3 1 2 3 5 2 5 1 7 7 10 8 1 8 6 2 6 19 20 4 6 19 5 4 14 23 8 17 10 11 28 10 9 24 16 27 13 8 13 18 35 3 30 36 13 18 30 12 41 11 47 26 10 49 50 2 42 43 59 29 47 13 8 8 6 37 49 49 28 7 42 47 57 40 72 40 68 77 40 7 13 55 1 51 66 88 14 58 49 72 19 52 12 65 7 16 55 54 85 49 101 22 93 57 79 93 90 16 97 105 97 107 4 21 52 17 23 40 45 78 55 7 92 120 79 5 46 68 122 73 1 59 27 63 24 99 65 132 86 9 83 22 29 127 19 132 89 122 6 9 1 45 50 138 70 132 56 90 20 161 124 144 2 5 82 16 39 39 168 36 102 59 38 115 133 61 138 152 61 120 53 51 90 111 111 106 185 54 15 129 188 128 74 145 121 151 80 91 173 31 28 192 69 189 119 98 70 132 107 117 109 145 56 127 19 136 104 43 219 109 27 56 147 83 126 170 131 75 173 174 48 53 184 74 49 125 107 66 21 146 103 151 40 21 220 19 237 22 219 225 83 219 114 192 145 63 222 201 62 169 19 163 59 238 39 153 245 158 40 35 174 147 24 102 193 102 107 176 233 183 250 5 41 45 59 
279 88
1 2 3 4 5 6 7 8 9 10 11 12 13 14 15 16 17 18 19 20 21 22 23 24 25 26 27 28 29 30 31 32 33 34 35 36 37 38 39 40 13 42 43 44 45 46 47 48 49 50 51 49 53 54 55 56 57 58 59 60 61 62 63 64 65 66 67 68 69 70 71 72 73 74 75 76 77 78 79 80 81 82 83 84 85 86 87 88 89 90 91 92 93 94 95 96 97 98 99 100 73 102 103 104 105 106 107 108 109 110 18 112 113 114 115 116 117 118 119 120 121 73 123 124 125 126 127 128 129 130 131 132 133 83 135 136 137 138 84 84 31 2 6 98 41 131 41 123 106 129 105 88 29 5 120 47 37 13 13 89 8 92 159 67 47 154 14 7 154 25 134 99 47 125 35 130 165 61 57 55 47 97 86 184 119 16 37 88 54 110 109 91 50 180 60 89 6 38 25 66 147 108 47 2 180 59 188 133 171 26 178 47 95 135 214 13 7 77 85 129 201 50 28 32 202 122 150 39 168 21 80 40 170 47 87 233 65 30 65 13 107 160 208 211 31 37 88 61 9 34 230 118 135 191 203 106 90 3 9 49 241 83 114 187 219 50 32 28 100 239 123 40 44 252 258 127 205 196 
272 121
1 2 3 4 5 6 7 8 9 10 11 12 13 14 15 16 17 18 19 20 21 22 23 24 25 26 27 28 29 30 31 32 33 34 35 36 37 38 39 40 41 42 43 44 45 46 47 48 49 50 51 52 53 54 55 56 57 58 59 60 61 62 63 64 65 66 67 13 69 70 71 72 73 74 75 76 77 78 79 80 81 82 83 84 85 86 87 88 89 90 91 92 93 94 95 96 97 98 99 100 101 102 103 104 105 106 107 108 109 110 111 112 113 114 115 116 117 118 119 120 121 122 123 124 125 126 127 128 129 130 131 132 133 134 135 48 10 6 82 56 40 23 8 80 33 2 59 128 43 82 108 96 85 5 144 45 26 50 39 65 93 22 51 78 48 71 154 82 154 109 46 55 98 85 147 99 161 114 137 120 130 68 92 149 29 42 106 50 170 44 165 103 6 96 77 40 150 78 65 137 115 78 176 54 32 148 147 171 92 134 173 160 45 194 95 118 197 29 168 11 102 169 15 112 107 56 90 54 133 84 126 139 88 113 42 121 39 221 230 119 80 28 155 164 242 233 246 202 178 146 20 68 20 24 17 62 153 111 9 116 186 42 118 58 163 147 97 176 20 37 53 
274 19
1 1 3 4 4 1 4 3 3 3 7 8 1 11 15 11 3 10 11 5 9 7 21 23 16 6 20 19 11 19 17 9 28 15 15 2 23 29 33 16 18 14 11 11 40 30 41 44 41 7 6 44 33 34 7 45 24 22 57 11 53 43 53 3 26 5 56 38 63 45 38 30 61 24 44 3 12 54 59 78 15 1 21 8 49 12 27 59 18 60 2 79 29 42 4 45 22 96 31 55 63 28 27 13 58 101 35 84 84 17 56 17 39 48 106 13 73 116 19 66 52 61 53 68 55 13 37 41 25 125 9 100 127 106 2 36 68 102 64 106 36 35 106 85 68 139 132 28 59 96 75 43 85 98 148 83 146 44 130 117 66 74 132 147 97 162 122 69 107 37 164 40 164 108 163 26 47 124 90 83 179 57 95 124 108 33 2 90 121 123 93 83 128 18 10 7 172 50 169 47 29 97 41 32 182 2 141 160 155 138 160 103 67 181 161 214 161 182 130 123 71 42 8 34 220 50 214 104 196 169 208 26 58 34 90 49 102 41 129 183 145 73 37 48 83 229 216 26 183 233 102 44 194 157 193 65 59 36 199 1 124 197 238 246 181 188 67 91 93 27 6 239 212 
272 218
1 1 2 2 4 1 2 7 1 8 10 6 7 13 14 12 5 9 5 10 10 21 20 2 4 4 20 24 9 4 2 2 15 12 12 7 32 27 27 2 30 15 15 11 33 10 31 12 27 17 10 52 8 17 37 6 1 16 34 22 10 16 28 26 41 64 50 50 26 69 24 47 24 66 36 58 66 73 64 76 30 20 10 47 61 60 87 43 44 9 69 45 14 42 93 3 77 50 83 49 31 32 101 60 56 43 38 21 56 24 16 46 8 88 56 11 103 24 34 33 3 103 45 98 117 124 99 125 118 88 128 89 10 131 133 82 88 76 109 98 8 139 23 97 40 16 29 76 72 30 97 120 148 72 21 83 50 67 40 40 113 5 129 107 3 90 41 114 33 81 9 160 166 45 17 148 143 122 96 106 4 60 90 144 77 170 163 37 145 127 178 165 105 1 102 81 91 169 122 10 136 140 187 66 183 179 122 105 23 63 122 32 56 117 98 201 41 41 218 80 134 96 12 82 170 101 28 104 100 88 62 188 205 199 177 58 56 79 160 223 98 13 96 88 174 67 53 3 114 69 49 132 161 244 181 144 217 187 80 12 50 116 135 238 37 150 40 210 96 102 112 
281 119
1 2 3 4 3 6 7 8 9 10 11 12 13 14 15 16 17 18 19 20 21 22 23 24 25 26 27 28 29 30 31 32 33 34 35 36 37 38 39 40 41 42 43 44 45 46 47 48 49 50 51 52 53 54 55 56 57 58 59 60 61 62 63 64 65 66 67 68 69 70 71 72 73 74 75 76 77 78 79 80 81 82 83 84 85 86 87 88 89 90 91 92 93 94 95 96 97 98 99 100 101 102 103 104 105 106 107 108 109 110 111 112 113 114 115 116 117 118 119 120 121 122 123 124 125 126 127 128 129 130 131 132 133 134 135 136 137 138 139 66 59 93 113 129 102 2 75 126 144 92 83 148 16 47 2 146 89 1 78 106 72 57 132 107 75 99 91 45 30 136 59 159 19 89 53 131 158 60 11 20 58 11 175 62 164 76 1 82 81 13 164 14 164 99 46 127 83 194 120 17 46 169 105 77 18 52 33 25 158 128 25 111 5 159 136 109 18 60 135 93 95 175 151 182 63 157 48 43 42 74 118 74 91 181 94 174 236 8 113 51 7 237 133 129 211 222 69 40 227 1 42 192 121 28 81 226 167 163 224 156 222 197 201 135 193 20 223 144 262 48 161 145 253 7 146 28 162 49 34 127 
292 255
1 2 3 4 5 6 7 8 7 10 11 12 13 7 15 16 17 18 19 20 21 22 23 24 25 26 27 28 29 30 31 32 33 34 35 36 37 38 39 40 41 42 43 44 45 46 47 48 49 50 51 52 53 54 55 56 57 58 59 60 61 62 63 64 65 66 8 68 69 70 71 72 73 74 75 76 77 78 79 80 81 82 83 84 85 86 87 88 89 90 23 92 93 94 95 96 97 98 99 100 101 102 103 104 105 106 107 108 109 110 111 112 113 114 86 116 117 118 119 120 121 122 123 124 125 126 127 128 129 130 131 132 133 134 135 136 137 138 139 140 141 142 143 72 145 7 72 34 78 29 17 84 141 5 6 119 16 141 43 3 6 147 112 120 127 61 154 14 167 65 71 137 71 138 130 173 48 33 42 35 41 176 54 113 86 158 12 65 81 173 112 73 40 11 26 107 169 6 2 141 71 91 19 25 179 94 88 150 17 12 34 8 128 199 79 203 46 216 27 55 77 119 87 180 138 116 213 226 131 16 18 17 146 160 23 89 154 94 205 146 178 179 78 85 135 239 38 8 210 222 236 204 156 6 154 226 160 75 169 101 60 259 69 32 122 196 5 165 218 190 70 227 175 209 156 125 53 262 26 25 147 271 173 122 124 284 264 148 93 65 253 
289 103
1 2 3 4 5 6 7 8 9 10 11 12 13 14 15 16 17 18 19 20 21 22 23 24 25 26 27 28 29 30 31 32 33 34 35 36 37 38 39 40 41 42 43 44 45 46 47 48 49 32 51 52 53 54 55 56 57 58 59 60 13 62 63 64 65 66 67 68 69 70 71 72 73 74 75 76 77 78 79 80 81 82 83 84 85 86 87 88 89 90 91 92 93 94 95 96 97 98 99 100 101 102 103 104 105 106 107 108 109 110 111 112 113 114 115 116 49 118 119 120 121 122 123 124 125 126 127 128 129 130 131 132 133 134 135 136 137 138 139 140 25 142 143 6 93 26 140 44 19 23 138 74 114 60 76 142 27 105 147 138 82 147 25 128 65 85 102 110 79 55 12 86 98 152 118 142 174 42 29 141 6 148 66 51 84 42 137 8 104 179 123 36 150 166 137 15 48 48 5 89 71 18 49 138 124 68 19 10 191 141 63 166 44 33 123 72 163 44 212 174 65 91 171 34 133 3 127 22 155 133 174 168 220 6 123 198 127 224 106 187 96 107 186 99 41 168 152 137 49 139 56 139 79 6 250 36 194 149 52 260 193 26 10 116 241 21 25 102 101 112 54 255 185 198 189 47 194 133 270 231 165 203 98 1 240 34 33 171 
295 275
1 1 3 3 2 5 7 6 1 10 10 5 11 5 3 11 10 4 12 4 5 10 18 14 16 19 7 21 24 14 6 16 24 8 7 36 6 12 8 15 15 37 4 13 26 4 30 44 34 31 4 1 37 9 13 32 53 32 34 6 37 29 4 33 38 43 29 34 2 41 41 65 45 16 47 23 62 35 41 62 57 64 62 19 30 34 79 74 42 83 30 61 53 6 8 20 46 78 87 20 20 73 56 91 88 30 4 50 29 25 27 81 113 50 76 42 77 70 111 5 19 71 89 12 1 79 58 103 59 103 65 128 64 125 97 135 48 77 105 126 57 22 12 101 54 145 14 70 119 135 60 57 28 65 73 140 129 106 58 92 140 25 134 72 68 75 149 4 144 139 63 95 19 142 91 90 27 111 33 83 172 109 87 95 89 157 121 102 26 128 96 177 97 13 152 74 176 58 190 26 125 89 176 89 52 137 9 32 50 32 36 77 210 54 133 173 59 184 47 188 130 192 41 136 31 201 95 61 50 25 74 232 22 101 37 187 102 81 91 55 177 190 218 16 243 129 90 244 188 36 154 227 41 106 149 127 13 143 113 116 37 236 146 88 109 242 20 15 31 100 39 15 272 271 265 76 223 90 170 204 141 238 258 120 44 242 199 151 266 37 115 65 115 48 
275 145
1 2 3 4 5 6 7 8 9 10 11 12 13 14 15 16 17 18 19 20 21 22 23 24 25 26 27 28 29 30 31 32 33 34 35 36 37 38 39 40 41 42 43 44 45 46 47 48 14 47 51 52 53 54 55 56 57 58 59 60 61 62 63 64 65 66 67 68 69 70 71 72 63 74 75 76 77 78 79 80 81 82 16 84 85 86 87 88 89 90 91 92 93 94 95 96 97 98 99 100 101 102 103 104 105 106 107 108 109 110 111 112 113 114 115 116 117 118 119 120 121 122 123 124 125 126 127 128 129 130 131 132 133 134 135 136 101 18 37 27 81 139 70 3 58 106 37 146 129 79 81 64 48 24 20 137 135 100 115 10 3 5 125 17 23 107 155 47 6 54 11 33 49 38 36 33 32 37 1 121 178 27 100 112 174 4 58 89 19 12 27 74 100 132 52 34 115 146 187 1 18 188 89 191 148 202 9 52 126 202 58 188 156 15 99 83 198 210 163 66 107 83 136 207 109 177 130 195 41 162 165 31 132 20 185 5 187 215 161 43 126 137 167 60 229 62 117 227 82 172 199 134 70 4 20 216 123 132 227 93 80 79 51 201 149 74 65 124 101 105 151 150 90 162 
