10
282 58
1 2 1 2 1 3 6 5 9 8 4 10 5 8 1 1 2 1 19 4 10 9 10 3 5 15 7 28 25 5 16 27 23 19 27 26 27 36 26 9 30 1 23 10 44 33 25 13 12 33 45 44 52 32 1 16 10 13 56 41 53 51 18 24 50 35 21 23 60 66 60 6 24 43 49 7 38 29 15 59 51 69 44 10 45 49 66 21 33 65 73 70 23 22 35 54 94 63 23 1 83 9 19 100 20 62 1 21 55 75 68 73 92 60 24 52 21 70 31 100 89 15 15 77 63 85 79 52 70 127 103 24 79 57 23 123 41 78 118 4 135 75 86 8 120 79 85 135 63 126 37 107 116 81 24 52 34 140 23 116 15 120 101 155 146 152 2 3 69 5 48 129 4 36 57 88 56 6 24 64 99 114 36 28 10 17 70 65 41 186 63 21 73 148 156 108 118 10 121 140 65 159 3 10 173 92 32 106 75 56 206 141 58 10 129 109 194 199 73 87 75 2 161 55 160 141 50 198 181 181 207 54 188 16 163 48 209 181 183 188 236 115 49 207 41 32 184 216 233 131 157 113 118 176 105 249 41 172 109 57 228 131 99 89 37 216 228 67 182 179 37 159 130 254 151 227 150 274 107 123 62 
294 107
1 1 2 1 4 1 5 1 3 8 6 9 1 13 9 7 13 9 12 15 13 17 4 23 21 3 16 28 13 17 3 25 2 18 24 22 27 23 12 38 12 28 1 18 1 27 20 4 37 47 24 17 46 23 13 13 51 32 54 45 2 42 12 23 46 3 29 44 38 18 11 12 7 4 52 16 46 30 2 66 71 2 46 27 66 23 80 3 46 29 36 7 39 73 52 86 78 65 48 78 76 24 96 26 79 96 81 59 107 76 58 65 87 60 106 66 4 19 35 98 58 26 73 71 96 80 93 117 15 103 126 62 99 94 4 90 136 137 42 139 29 79 122 49 88 9 105 122 52 36 54 19 11 107 104 75 8 9 98 86 98 123 59 67 43 116 46 3 35 143 146 32 122 131 106 3 20 87 121 75 8 44 134 68 125 66 144 45 26 170 188 151 61 30 177 132 188 167 54 85 168 82 197 178 188 66 64 69 162 151 58 162 10 74 129 198 11 143 202 219 147 79 171 154 206 209 25 151 208 175 92 32 52 202 117 57 70 234 83 184 100 215 180 229 83 10 68 42 231 21 122 151 40 84 133 190 147 184 250 211 243 110 260 244 120 29 161 225 160 265 94 76 132 204 266 213 123 193 207 238 154 211 40 35 178 167 104 98 42 184 167 88 212 
288 73
1 1 1 2 3 1 5 1 8 6 5 2 3 6 15 3 14 7 13 9 16 2 15 24 23 20 3 21 17 8 3 6 18 20 8 20 30 12 22 23 30 1 7 17 41 11 13 18 41 47 7 27 43 47 9 22 44 50 8 12 32 50 58 37 53 14 54 51 46 9 25 46 47 71 22 60 23 77 21 49 62 73 63 67 53 70 34 22 7 13 49 20 89 41 79 69 88 79 78 3 11 26 78 86 53 83 36 48 103 86 39 49 32 50 74 23 49 109 44 119 121 80 117 57 9 1 80 70 123 123 12 68 5 76 76 63 17 131 32 117 88 141 68 99 134 117 37 101 3 86 126 32 55 57 20 2 125 27 81 40 80 35 96 6 136 95 71 145 2 66 82 68 8 94 118 133 176 162 54 107 1 62 91 147 143 33 21 57 189 59 111 171 2 79 194 65 43 61 61 93 46 80 52 191 81 198 77 72 196 93 45 95 26 122 85 62 174 145 102 73 3 50 118 207 169 194 108 5 90 168 123 57 168 189 221 167 23 58 41 221 70 14 105 223 225 70 78 219 22 23 77 185 36 156 138 19 224 48 50 186 237 46 147 134 256 127 229 132 91 262 21 18 252 225 127 49 170 128 112 121 225 22 74 43 215 154 239 
292 63
1 2 1 1 3 6 4 3 6 10 4 9 6 11 7 14 9 17 11 14 17 7 4 13 1 2 24 26 9 20 29 17 33 11 35 7 34 21 3 25 41 42 39 8 40 44 30 20 5 15 23 12 45 41 51 12 15 52 58 29 6 18 37 8 15 33 57 18 66 33 66 64 67 72 62 31 55 44 41 76 59 27 20 84 50 49 9 20 17 14 76 81 29 83 78 64 33 12 30 2 89 62 4 72 16 31 102 27 71 102 90 4 21 83 70 92 100 63 36 52 13 84 112 106 99 113 127 121 91 92 21 55 55 116 8 57 100 83 97 140 23 4 88 126 89 129 74 78 40 46 63 126 91 15 75 87 101 47 98 19 19 123 73 109 26 161 78 139 95 119 143 131 67 87 160 72 94 177 63 160 67 99 93 145 126 115 84 94 107 19 92 174 123 185 154 132 75 189 62 87 60 65 35 94 125 72 84 179 169 5 74 16 70 112 52 172 121 197 200 190 52 8 82 42 7 54 149 124 159 43 227 107 66 152 116 50 102 157 160 176 217 194 16 64 116 160 26 185 188 153 238 99 230 228 77 102 219 66 218 241 193 247 221 56 83 48 26 36 55 121 123 253 110 167 242 222 41 22 102 63 175 56 249 1 119 125 138 36 18 55 52 
276 152
1 2 1 3 5 6 6 7 7 6 6 10 1 3 10 8 12 15 7 11 21 9 22 11 3 13 22 23 25 4 3 32 1 9 2 8 8 7 2 31 13 35 13 11 30 36 5 16 40 5 9 48 40 1 43 12 21 31 14 56 1 10 45 41 57 7 21 29 3 27 54 64 48 10 61 76 55 69 66 74 15 4 42 54 77 82 35 13 63 64 84 26 45 11 36 19 3 7 61 47 40 73 19 59 70 1 48 15 43 86 39 101 63 61 28 29 51 6 43 24 41 4 62 1 55 65 101 94 101 9 61 110 111 113 32 78 62 11 6 50 51 133 138 16 114 66 20 128 125 143 54 84 47 113 141 32 41 18 94 42 95 78 7 163 135 76 66 130 22 1 25 147 170 118 161 141 157 68 172 133 27 20 176 33 166 65 31 29 51 154 161 87 63 14 64 60 14 141 162 88 70 65 183 160 83 95 171 186 154 152 23 3 113 7 169 55 135 46 30 175 27 137 29 70 222 167 133 186 106 12 94 78 131 165 105 83 128 148 142 73 205 60 140 210 132 71 247 110 152 32 59 74 68 26 175 85 48 137 205 245 211 40 207 238 49 257 258 250 120 197 88 233 130 155 44 
295 126
1 2 3 3 3 2 4 7 1 1 10 11 6 8 15 7 14 18 19 18 7 11 13 16 19 21 3 2 7 28 12 9 30 16 29 35 35 1 28 11 1 14 1 23 44 3 24 12 26 47 15 7 44 50 43 13 53 33 49 35 34 14 35 46 53 54 60 11 13 53 25 72 19 54 57 44 60 15 39 17 5 32 33 72 74 5 9 11 54 29 45 77 47 58 27 84 87 49 69 61 81 12 57 102 95 1 22 46 93 46 21 87 62 27 75 39 104 94 38 81 50 83 16 91 119 44 32 59 112 47 67 40 40 4 27 101 77 51 118 113 64 128 52 127 84 41 112 82 118 131 142 81 104 106 99 71 54 31 40 3 52 42 1 116 156 159 101 29 7 52 15 133 146 70 17 103 148 149 29 155 120 156 96 169 172 129 6 184 27 69 174 11 6 28 193 185 64 185 90 198 130 166 106 146 158 182 2 192 60 163 134 120 53 193 23 43 130 152 28 57 186 171 76 149 165 73 171 195 7 104 113 192 7 73 97 121 211 159 11 91 1 188 123 230 77 186 186 157 134 169 88 116 68 143 53 96 117 198 50 222 142 222 210 203 27 140 25 8 160 9 128 6 139 5 7 6 37 139 118 105 244 184 9 188 227 178 2 204 200 51 119 278 169 25 
293 192
1 1 3 1 1 2 1 3 3 7 3 9 5 3 5 3 17 16 19 6 6 22 8 15 5 4 2 4 10 21 12 25 22 9 8 35 19 3 7 32 39 13 6 23 9 2 47 19 1 7 5 9 6 47 9 52 6 35 23 3 42 38 8 2 33 26 17 39 46 66 42 37 50 71 27 27 22 27 71 21 11 46 77 13 20 17 68 2 56 3 59 71 26 35 8 92 35 55 81 79 33 75 77 84 56 102 31 28 59 70 53 8 38 83 88 78 57 64 117 105 95 118 12 12 59 106 115 72 110 70 62 116 64 116 99 91 29 15 48 17 24 108 115 140 75 139 61 68 94 26 89 145 149 34 120 103 37 32 63 68 141 141 135 127 137 55 55 28 83 70 110 4 38 163 51 97 123 16 42 122 30 55 88 107 104 87 7 30 44 13 173 81 165 52 130 82 31 134 85 85 82 7 195 20 198 76 50 118 59 152 103 130 211 171 78 37 194 6 200 58 123 106 129 48 122 86 135 59 114 91 41 40 133 20 174 129 232 237 201 157 241 175 157 231 202 40 135 152 84 15 225 111 75 69 92 31 134 18 101 56 229 114 207 196 33 16 160 242 137 149 70 165 252 79 242 53 134 24 221 60 180 83 62 145 44 75 163 287 166 206 170 239 
291 250
1 1 1 3 1 4 3 3 7 1 6 11 4 8 5 9 14 13 16 20 20 2 11 22 17 17 7 5 6 30 15 20 21 7 8 25 3 32 32 2 6 3 26 2 2 16 31 48 39 45 3 39 23 24 26 53 6 27 1 12 49 38 18 11 37 51 66 65 14 68 9 25 32 5 69 26 73 7 10 23 61 62 2 51 57 33 38 21 53 30 83 60 1 17 7 68 38 66 15 85 24 24 15 18 31 21 76 70 34 110 56 32 81 99 115 92 82 65 113 86 39 2 17 1 75 4 87 125 27 13 62 131 113 90 134 91 89 29 68 72 133 35 72 74 136 140 110 14 117 90 45 152 40 47 52 123 153 115 25 87 49 72 8 125 29 4 19 126 37 59 9 115 81 97 165 149 25 16 131 37 139 72 72 68 67 47 125 186 117 93 154 114 130 152 1 104 35 190 62 49 16 194 186 10 55 78 52 32 118 115 126 73 123 37 55 40 29 6 20 151 126 176 123 175 96 178 93 5 31 220 36 38 124 119 219 167 27 7 223 189 167 205 189 221 198 11 160 173 123 2 201 20 200 178 134 108 248 228 154 198 122 22 15 12 227 262 261 169 243 28 8 219 43 224 121 7 74 246 231 171 146 270 117 206 228 140 41 170 273 219 
289 87
1 1 3 2 5 3 3 8 7 10 11 11 6 1 10 2 13 11 10 2 2 17 22 6 20 3 14 5 12 22 6 19 20 22 10 25 11 7 38 17 8 23 40 35 43 20 28 8 29 14 13 45 48 34 12 16 20 40 59 8 57 49 32 1 1 18 43 57 7 7 71 51 48 33 28 71 65 27 28 30 69 18 3 73 40 1 3 42 41 51 61 41 77 10 61 31 88 39 39 66 71 16 69 14 37 30 31 44 59 104 76 85 65 61 94 43 106 26 77 109 102 80 90 99 64 56 33 79 94 6 36 64 36 6 71 114 105 28 88 106 11 136 135 125 15 16 18 45 14 116 36 130 81 133 106 105 32 140 19 16 155 3 31 102 25 107 5 47 141 127 171 41 148 99 168 38 97 115 10 40 172 78 162 7 16 124 91 29 160 12 164 97 189 135 33 142 164 71 104 108 195 113 1 185 106 99 143 161 191 127 171 49 87 202 116 174 212 139 153 57 25 22 26 68 13 126 69 23 128 76 146 131 181 108 63 174 33 12 157 60 224 239 117 138 78 234 13 61 167 180 213 119 84 58 220 56 254 228 31 1 174 186 251 227 186 168 87 244 106 46 254 8 245 81 5 156 70 108 202 94 137 173 274 69 171 3 8 252 
282 226
1 2 3 4 5 6 7 8 9 10 11 12 13 14 15 16 17 18 19 20 21 22 23 24 25 26 27 28 29 30 31 32 33 34 35 36 37 38 39 40 41 42 43 44 45 46 47 48 49 50 51 52 53 54 55 56 57 58 59 60 61 62 63 64 65 66 67 68 69 70 71 72 73 74 75 76 77 78 79 80 81 35 83 78 62 86 87 88 89 47 91 92 93 85 63 96 97 4 99 7 101 102 103 104 105 106 107 108 109 110 111 112 113 114 115 116 117 118 119 120 121 122 123 124 125 126 127 128 129 130 131 132 133 134 135 136 137 138 139 140 69 11 91 120 108 107 95 14 78 64 7 8 98 7 6 10 55 41 98 121 49 152 160 3 148 142 122 10 165 163 163 77 135 147 172 11 43 101 90 54 176 109 58 101 176 136 29 176 42 8 19 31 94 116 162 38 148 34 25 153 109 60 6 156 88 9 139 195 81 125 80 102 120 27 201 70 119 93 102 185 146 22 175 169 32 170 215 152 20 145 123 92 75 35 48 39 94 84 50 15 169 171 51 155 152 34 156 115 201 237 99 34 136 143 125 54 157 182 165 38 178 5 166 259 22 173 149 135 32 14 50 79 110 153 227 115 276 48 115 227 206 
