3000 1
1248 1278
70 152
1144 1260
1546 1674
375 441
1158 1280
1533 1703
1329 1429
366 514
2000 2126
2513 2621
712 798
2037 2133
711 755
306 490
2378 2472
943 981
1964 2100
2168 2346
1742 1828
1418 1432
2762 2852
338 436
2548 2630
2618 2700
1651 1737
1110 1182
1044 1108
215 299
2128 2276
1909 2091
999 1083
2554 2620
2141 2185
156 278
1444 1558
156 302
2219 2301
1165 1281
509 689
222 414
2004 2082
1036 1232
351 425
634 670
666 800
210 286
262 328
809 891
464 660
1022 1052
782 880
731 749
352 504
1975 2167
1091 1131
2234 2238
2195 2391
955 991
2994 3000
2151 2321
572 578
2771 2837
2430 2460
1324 1420
414 480
2180 2232
2812 2866
2944 2960
2297 2401
1927 2017
174 220
2294 2336
2209 2223
34 130
1492 1570
2974 2980
2103 2241
2886 2982
1623 1805
762 780
1710 1766
1783 1793
1052 1150
410 440
198 290
2991 2997
495 641
1929 2019
341 383
1411 1483
2597 2685
430 578
825 943
124 156
2497 2619
2748 2778
1456 1628
1487 1509
952 1106
171 289
2048 2182
2565 2717
1253 1415
2253 2285
2663 2847
2724 2756
1686 1884
2969 2971
2620 2640
789 843
1565 1603
2187 2193
2460 2564
916 1084
2584 2768
2849 2873
2615 2811
1322 1422
1577 1713
32 150
1560 1594
2118 2168
2598 2664
157 297
2448 2610
384 478
802 864
1405 1475
1683 1843
197 213
2018 2046
2421 2539
513 703
670 806
521 601
387 557
2727 2733
1473 1489
565 627
1915 2027
276 390
222 222
2112 2190
1850 1892
1324 1486
2963 2971
1720 1728
751 807
2600 2696
2521 2691
71 119
1789 1875
940 1138
405 581
2284 2312
2283 2307
152 152
2816 2936
2024 2052
2020 2148
1431 1627
1583 1761
1313 1493
1591 1693
1115 1129
755 797
1906 2084
1368 1434
2215 2351
2497 2683
2378 2436
189 321
1668 1740
2180 2214
1601 1701
1369 1455
1061 1159
1391 1583
2422 2490
2277 2329
2771 2821
1523 1647
2331 2439
2066 2130
1185 1205
2375 2407
1399 1493
2912 2990
2497 2497
1834 1834
227 267
2403 2583
349 517
1763 1937
1294 1330
2032 2134
2895 2919
178 376
2649 2719
2484 2614
489 571
1397 1431
291 331
2086 2240
2318 2340
500 698
2054 2108
512 650
511 651
277 305
337 357
2665 2857
1823 1831
1112 1224
1324 1474
574 646
384 516
2124 2264
2231 2257
2997 2999
1427 1539
168 290
2859 2939
1744 1906
1772 1898
1243 1275
959 1149
1640 1722
507 653
685 795
445 607
2408 2410
597 603
1388 1402
1554 1724
1518 1566
2128 2150
104 298
1113 1231
429 579
2435 2591
2782 2846
2193 2263
1773 1859
2140 2280
2225 2377
867 1067
1177 1247
1240 1258
2524 2670
1757 1879
1640 1788
2038 2160
1002 1054
1217 1257
622 670
2348 2418
1910 2050
2766 2808
2000 2190
1761 1775
2867 2951
1070 1250
1195 1257
1201 1221
1070 1266
2566 2668
245 323
316 404
599 773
1498 1654
890 1016
2440 2526
987 1093
1334 1382
376 566
2186 2268
1181 1199
2462 2468
124 314
1377 1399
1368 1560
1567 1625
2563 2749
2739 2835
598 650
2980 2984
994 1060
2413 2553
1269 1393
2482 2670
543 557
1544 1724
2237 2365
2916 2992
749 903
279 365
427 567
1344 1364
948 1090
2322 2422
441 573
615 757
278 386
286 460
587 705
1257 1445
1563 1565
2042 2158
2612 2716
695 867
1742 1902
963 997
831 957
2103 2145
2102 2230
2393 2479
2838 2896
1748 1766
438 542
1152 1288
1207 1287
2563 2703
2085 2163
1432 1460
2153 2225
2527 2691
1126 1206
2030 2034
1060 1090
518 680
2617 2689
1592 1752
2470 2604
1186 1326
1825 1833
349 417
2895 2905
1073 1079
109 115
2475 2527
2374 2558
301 367
2279 2311
623 789
1937 2025
2189 2341
1207 1327
2408 2588
753 801
2434 2436
1144 1214
2828 2888
2460 2584
1546 1634
1290 1460
2314 2450
1593 1609
1064 1098
1231 1291
966 1124
183 191
874 1004
1935 2105
568 606
2375 2433
618 656
220 408
85 101
1373 1461
1510 1534
1637 1737
333 333
2099 2257
2097 2189
2599 2761
291 313
1094 1224
2031 2113
1984 2090
1881 1911
991 1021
2100 2206
459 605
161 217
1148 1274
2350 2390
2743 2865
2997 2999
684 864
1302 1370
1119 1215
2215 2251
2398 2478
2043 2087
659 749
1465 1613
2995 2995
1399 1565
1693 1819
407 473
567 583
1681 1779
1622 1762
312 370
876 880
2049 2249
2415 2561
825 967
2095 2261
223 419
2152 2208
1754 1942
2817 2951
2196 2394
804 866
2951 2957
79 221
279 373
1106 1234
1369 1411
939 1093
1401 1439
2462 2496
2826 2872
1689 1873
2042 2136
1471 1493
956 1016
2322 2358
1402 1546
1630 1816
1538 1716
172 310
1848 1854
2453 2587
1797 1815
104 220
47 57
2358 2520
1929 2119
1115 1299
204 332
1047 1229
1589 1655
878 904
2553 2555
2293 2493
1383 1395
2070 2110
1253 1311
965 1071
2006 2122
180 246
1138 1216
2549 2597
1926 1998
2886 2922
37 169
129 329
1023 1125
892 952
2882 2920
2567 2759
2086 2174
1268 1412
1589 1713
2604 2748
251 257
2103 2281
1522 1686
2140 2176
1921 1935
2178 2362
566 582
2389 2545
2098 2176
206 260
2316 2482
1580 1670
2488 2558
928 978
577 585
216 262
2564 2710
153 179
1440 1598
50 238
2563 2665
2975 2985
510 656
2547 2695
1804 1822
2930 2992
711 753
118 276
2044 2082
784 982
1400 1426
1234 1322
1290 1394
2042 2226
826 908
2625 2749
43 155
1692 1734
1750 1848
2515 2709
2607 2737
1681 1865
1083 1211
1780 1782
1986 2172
2005 2161
1402 1488
209 393
2316 2466
753 917
2315 2325
1023 1161
634 638
555 609
2860 2946
1253 1439
1818 1866
2043 2163
145 145
53 167
2555 2639
2799 2815
391 475
2583 2783
611 761
2240 2434
2928 2988
293 427
382 576
450 526
2346 2364
2376 2460
1526 1694
1336 1408
536 690
2314 2384
1141 1257
2574 2760
1800 1856
1378 1486
1685 1871
1189 1347
1923 1961
1603 1751
2649 2699
1842 1852
1872 2042
2389 2515
1434 1570
151 163
2057 2121
523 625
611 791
1241 1269
2292 2488
507 509
364 474
1097 1121
1947 2015
2009 2145
2875 2899
859 903
2797 2901
844 884
718 788
50 216
739 801
528 686
1906 1972
1985 2107
1691 1841
2 54
2479 2609
1355 1403
2576 2744
1615 1717
1274 1402
2437 2601
177 287
1485 1487
2170 2176
2863 2951
2470 2572
1296 1330
1052 1114
2958 2968
2982 2994
2247 2313
2479 2501
1165 1305
83 281
1484 1636
2376 2522
711 803
1692 1810
1872 1896
1359 1547
2623 2743
370 490
1380 1492
1848 2020
280 474
2612 2740
2281 2463
2587 2655
461 493
2899 2929
2730 2868
20 128
2090 2252
1790 1872
1220 1246
1164 1310
2633 2829
2720 2918
989 1147
638 730
2111 2279
189 219
1194 1282
339 397
148 304
920 1044
2351 2487
1359 1491
2183 2335
2240 2392
1563 1727
2778 2888
935 1113
2495 2551
2913 2965
615 739
2810 2986
1250 1388
1032 1072
584 664
1634 1760
2203 2281
2468 2524
552 660
2867 2991
346 464
587 619
2935 2947
2535 2649
1599 1791
2368 2522
746 836
2779 2931
2257 2449
1356 1482
1177 1317
831 967
195 289
1088 1288
1375 1537
761 927
266 466
1101 1235
2917 2991
250 448
2329 2465
852 896
1543 1739
848 970
2141 2191
2918 2958
590 726
619 653
2112 2188
2269 2343
381 465
1752 1932
2394 2482
2264 2386
2084 2160
792 810
443 525
819 827
1367 1409
1658 1720
451 469
2821 2985
2071 2131
1149 1333
1259 1269
2025 2061
1432 1532
1159 1165
1977 2131
2358 2418
1338 1414
1217 1327
400 466
1775 1909
817 981
2281 2359
2205 2281
291 451
1181 1319
774 948
1939 1953
2421 2531
1170 1208
343 489
2032 2194
1781 1929
2897 2911
245 389
1045 1159
1878 1886
1109 1169
60 166
114 166
366 500
1023 1081
654 816
80 224
1177 1193
83 193
1632 1802
197 377
286 480
1520 1580
2867 2899
1156 1292
1872 2050
2468 2544
1844 1950
2515 2517
47 175
246 278
845 1011
75 115
1597 1779
434 476
1626 1652
2811 2971
2281 2471
2512 2572
2812 2954
1740 1908
1159 1271
2965 2989
682 726
1974 2166
2614 2786
1112 1302
747 919
474 558
2640 2790
2799 2859
1125 1161
1135 1333
2990 2990
256 272
81 161
1430 1592
1722 1904
2448 2588
1428 1592
221 279
1003 1167
2359 2485
1191 1299
2296 2318
84 174
66 166
1432 1548
1363 1429
2293 2395
2680 2776
1871 1893
1321 1437
1432 1548
2310 2466
1603 1687
1912 1996
2037 2109
339 431
514 618
946 962
127 159
1668 1752
1124 1250
614 788
2421 2493
1489 1675
889 901
2901 2955
282 334
1790 1990
1534 1728
2629 2751
357 497
2411 2599
556 670
530 640
2554 2724
348 516
2745 2897
1936 1964
1959 2147
769 807
2342 2460
890 928
848 1026
1904 2030
2751 2941
654 686
1027 1045
1783 1829
1125 1275
2079 2185
269 285
2162 2242
343 541
1842 1956
915 1021
1315 1471
2941 2999
2633 2711
1362 1532
2444 2502
1284 1462
659 769
2927 2951
2207 2301
2301 2321
553 611
63 85
2943 2967
1166 1282
467 505
2345 2421
1300 1402
599 725
2705 2771
2407 2503
587 739
2438 2576
314 314
825 921
443 621
2132 2302
2841 2849
2546 2676
2370 2550
37 117
643 827
1961 2001
678 842
2500 2660
2306 2382
921 987
1980 2032
717 861
1381 1479
377 531
2636 2654
2169 2257
526 570
516 584
2363 2513
2678 2854
1667 1839
826 1012
1176 1322
1564 1628
1637 1661
1494 1610
1351 1365
129 135
1620 1796
1054 1056
2170 2338
1701 1885
584 730
2054 2090
2227 2277
2615 2753
2994 2998
2125 2323
2370 2486
214 260
1753 1953
2535 2659
45 233
2185 2261
2181 2301
753 943
2507 2573
520 610
456 654
1200 1220
504 640
113 223
1472 1550
1930 2074
2381 2473
1844 1928
174 214
875 1027
2109 2139
366 566
682 686
2722 2826
2193 2245
2386 2550
277 407
1042 1206
2589 2647
2635 2719
1949 1959
1897 1951
872 918
1116 1216
2885 2929
2164 2326
208 314
192 284
1130 1176
793 805
2243 2425
2098 2186
1039 1041
555 657
415 495
2687 2859
1130 1166
2570 2622
1819 1821
2895 2969
1725 1725
1704 1862
548 728
2615 2783
998 1102
2686 2876
594 594
1890 2080
2503 2523
837 985
2928 2930
2507 2703
718 772
613 749
1743 1891
85 135
2534 2702
617 775
1651 1669
2627 2713
1149 1149
8 70
884 950
1264 1386
2284 2366
1870 1980
1455 1639
2536 2680
42 142
1273 1445
1475 1479
1789 1953
2777 2947
1213 1233
580 666
2420 2536
1679 1689
1952 2090
1372 1422
229 289
230 430
455 585
1332 1436
486 670
893 977
2223 2231
159 213
2385 2539
2149 2247
2621 2755
1944 1998
993 1079
540 710
1598 1610
2087 2181
2761 2945
2118 2150
1047 1229
440 558
341 415
2223 2365
951 1123
1252 1404
2751 2831
970 1092
320 332
2430 2540
2011 2017
685 823
146 194
1375 1545
1340 1396
2578 2610
1224 1286
738 912
1517 1643
2912 2986
2833 2909
985 1059
2200 2344
2024 2170
216 400
502 522
410 576
2225 2297
1380 1480
1891 2035
949 1065
781 967
912 914
2731 2813
237 387
1305 1323
364 390
2902 2976
84 252
2024 2034
2027 2159
1705 1891
166 214
2664 2798
1739 1831
2067 2265
1541 1607
2516 2616
2392 2562
2001 2011
390 528
2369 2461
162 222
2627 2667
2258 2358
841 901
1362 1488
1126 1200
919 979
1739 1923
2785 2895
952 1138
572 572
1737 1737
600 622
2142 2294
2672 2692
1304 1394
2193 2205
329 341
780 800
580 616
1717 1737
1165 1351
2348 2522
2577 2765
2892 2968
2833 2899
2002 2082
859 881
1824 1830
1826 2024
2979 2993
2471 2627
2546 2674
1183 1215
2976 2994
1199 1377
404 430
2766 2964
2102 2262
1770 1790
1629 1709
1078 1200
1991 2157
2226 2262
2936 2950
803 841
247 427
1389 1513
2429 2613
1750 1772
1911 2013
1892 2042
2158 2238
2186 2208
870 886
2535 2711
1843 1853
2368 2398
2507 2581
2343 2473
2231 2315
1067 1135
611 667
2274 2424
1937 2103
597 709
385 437
2011 2081
2533 2667
224 374
1001 1177
855 941
1576 1750
2694 2794
717 721
177 245
823 985
2226 2304
1713 1881
39 233
752 882
836 870
1934 2026
835 961
1735 1915
1993 2183
1426 1542
2802 2814
1450 1516
56 96
758 908
1320 1360
1478 1572
2662 2756
1927 1993
1755 1953
440 560
427 473
1598 1636
340 384
2325 2351
1915 1933
2736 2742
1681 1753
1210 1260
2302 2440
574 736
1365 1389
549 655
1841 1847
134 212
2190 2232
1690 1798
2339 2429
920 1062
2430 2548
214 220
1728 1816
2330 2402
2955 2965
2720 2908
593 677
2309 2481
2759 2867
2043 2051
1466 1498
1717 1729
2736 2794
1542 1560
1387 1393
2413 2607
633 803
1972 1984
2176 2346
1809 1887
2784 2866
1196 1384
2865 2877
2842 2858
950 1146
554 554
394 468
1262 1312
554 608
2388 2406
395 439
93 163
2014 2024
1749 1867
1849 1949
277 443
489 551
2510 2584
596 610
2559 2627
1243 1283
1792 1828
2951 2999
2391 2561
2428 2486
2043 2167
268 432
480 500
2725 2809
1819 1889
653 831
342 406
1084 1116
117 131
884 898
2114 2222
1709 1903
1358 1410
2548 2744
929 1021
68 130
1141 1323
2989 2997
2294 2298
1612 1686
572 684
500 638
2347 2433
515 537
1594 1776
1064 1248
596 672
1508 1614
204 262
2670 2782
1740 1794
2652 2788
2432 2522
550 614
1294 1302
2757 2901
1289 1335
916 920
1606 1798
654 854
1638 1742
2552 2682
365 385
1800 1822
1402 1480
2583 2707
2120 2150
1747 1825
1325 1449
1024 1202
2977 2979
1863 2055
601 661
671 767
2469 2553
532 536
2830 2946
2309 2469
820 834
1138 1148
1143 1315
2862 2960
2173 2199
617 649
1811 1847
1794 1804
2039 2123
331 497
726 734
2148 2288
1489 1647
1645 1747
1341 1361
1374 1376
259 443
769 869
973 1053
2395 2461
434 594
2455 2469
1236 1400
2020 2158
2448 2518
2488 2578
2070 2118
740 918
1722 1890
2881 2989
1458 1518
2331 2509
2784 2954
1870 2066
1090 1150
1615 1785
1480 1482
1380 1472
1366 1500
1942 2072
2444 2464
358 484
2090 2268
2150 2296
959 1147
2361 2489
124 232
309 401
1236 1338
2776 2800
1743 1847
2265 2269
2088 2130
2976 2982
787 901
345 399
1698 1846
1125 1321
130 250
930 1004
266 272
2060 2144
2868 2884
747 843
1423 1441
1519 1599
1372 1474
1633 1735
2303 2473
1684 1716
2969 2969
324 334
2924 2934
2438 2482
190 232
2872 2958
1441 1597
2722 2918
2338 2474
1629 1641
425 529
1827 1843
1000 1128
1320 1348
2680 2718
2943 2961
1736 1770
520 686
800 944
2800 2924
317 417
2617 2805
1717 1905
180 314
2302 2308
2020 2200
2057 2195
1589 1609
1005 1129
1237 1337
1970 2102
353 371
1570 1592
883 887
2511 2513
2715 2903
217 243
2348 2524
902 990
1033 1213
2647 2715
2991 2995
2337 2409
1852 1898
417 613
2608 2704
2196 2216
139 289
766 852
2912 2928
1208 1260
2848 2878
1480 1512
2562 2574
236 420
737 843
2614 2782
230 308
87 119
2896 2896
1085 1251
2434 2492
351 513
1060 1232
2507 2611
180 192
2085 2237
790 874
2283 2481
2529 2577
998 1082
213 325
100 240
202 296
1564 1612
2626 2700
281 389
2026 2062
2467 2643
2964 2986
2866 2936
2809 2933
2764 2876
61 81
153 159
2603 2753
2670 2754
307 471
1583 1761
2146 2180
1064 1252
1177 1205
1093 1257
1008 1094
1008 1070
2164 2194
499 637
1926 1974
911 1075
1342 1428
44 244
1448 1518
2466 2520
1566 1636
663 805
2918 2990
2850 2954
2309 2471
2264 2350
84 178
477 515
899 1017
1718 1912
811 921
924 1066
1776 1892
722 812
2502 2682
411 555
1923 2017
2062 2168
1614 1628
2692 2776
15 85
1892 1966
1967 2069
579 599
1105 1247
650 672
2449 2577
2403 2541
1435 1563
2613 2711
1287 1329
960 1060
2012 2184
618 724
1179 1363
324 344
446 594
423 557
1448 1632
827 1023
2110 2160
1848 2030
1439 1465
1758 1940
784 924
2955 2983
635 675
75 267
2392 2454
2293 2331
332 502
1755 1765
1146 1148
2962 2966
864 880
2627 2781
2707 2749
913 947
2925 2953
2827 2939
2750 2820
413 441
2384 2512
218 352
88 178
165 275
1642 1782
1961 2103
1659 1669
2428 2610
629 691
731 737
1615 1693
402 508
1595 1643
492 514
1189 1363
2234 2376
224 402
1591 1755
1746 1800
1667 1855
683 839
2421 2489
2154 2174
2399 2453
2937 2983
557 579
947 1115
390 490
2682 2800
2831 2937
2349 2393
2788 2846
1386 1486
2128 2270
1480 1654
1118 1218
113 305
2121 2145
2262 2456
2801 2897
2292 2340
1559 1729
2045 2103
1908 2018
266 372
197 327
2479 2631
1329 1395
2415 2457
269 337
2330 2362
1424 1514
1132 1252
1011 1019
1776 1852
2684 2786
509 557
1395 1539
647 817
35 131
2433 2489
1677 1853
1450 1456
2698 2730
1862 1872
1424 1484
1495 1563
1143 1185
250 358
2548 2680
415 483
2982 2988
716 726
759 867
1185 1247
276 370
353 521
2097 2195
2063 2243
1855 1955
1663 1855
1807 1873
1871 2057
1188 1352
1525 1559
1692 1854
827 1021
1447 1465
2049 2245
1316 1508
2249 2303
1951 1985
1737 1831
2783 2905
580 664
1184 1288
2762 2824
2532 2698
282 402
1823 2019
1093 1173
371 497
2124 2294
489 513
1028 1066
2697 2815
1897 2017
36 40
842 888
264 426
2659 2759
116 272
1880 1928
1517 1681
2249 2325
2200 2374
2864 2938
1016 1090
811 843
1402 1428
2646 2748
1344 1536
1345 1533
1091 1283
1770 1836
2876 2960
1188 1332
2973 2991
2352 2366
651 733
1914 1916
822 830
64 118
797 889
2319 2501
2532 2724
511 601
1359 1411
1735 1777
1331 1471
1403 1403
1923 2067
1677 1791
961 1037
523 609
2093 2189
1424 1426
1083 1101
2229 2397
152 206
2544 2714
413 493
2005 2037
887 1083
1141 1143
2558 2738
1397 1591
1908 2098
104 220
2641 2701
2583 2631
205 403
312 348
2957 2999
2205 2253
490 644
775 809
630 748
826 1022
1808 1812
562 710
2458 2592
1254 1326
1377 1459
1837 1985
924 1102
1502 1628
1617 1713
1276 1384
2077 2235
618 722
1187 1375
1763 1767
1190 1306
1213 1341
506 624
695 731
1072 1262
1793 1873
2840 2956
2242 2394
2612 2644
1024 1146
1930 1976
243 341
2427 2505
2171 2291
1890 2000
1652 1756
2455 2501
2487 2597
796 910
2163 2211
559 759
67 157
2850 2988
545 659
1391 1491
2507 2661
16 30
2534 2646
1574 1686
1113 1113
2520 2698
2051 2163
1135 1313
2743 2821
2840 2898
2982 3000
2201 2319
2517 2669
2623 2735
1434 1618
2999 2999
89 215
1715 1821
1164 1180
1280 1324
2002 2060
1662 1750
1727 1759
2295 2453
1389 1425
2924 2952
168 228
164 334
2592 2598
182 362
291 455
2362 2406
1450 1620
1371 1515
1309 1351
815 953
1945 2041
938 1112
2144 2296
423 621
1913 1933
2681 2879
826 832
433 479
1284 1408
753 821
2126 2316
2993 2995
348 456
63 63
1609 1765
180 300
2123 2159
2245 2325
1926 2036
1591 1685
580 628
2407 2521
1595 1679
1416 1560
431 601
1062 1146
2178 2338
1987 2069
1321 1385
2608 2766
1097 1207
2423 2557
2730 2802
2910 2912
2626 2776
2222 2242
965 1103
2437 2555
204 320
1105 1113
651 843
1110 1292
1616 1778
634 678
1216 1290
2094 2212
1268 1328
480 530
1573 1707
535 551
2259 2297
862 1008
2188 2218
1077 1229
2843 2919
2612 2792
639 827
2097 2243
1998 2078
36 134
962 1030
1809 1847
1243 1413
1638 1706
1700 1838
2454 2554
2466 2522
709 895
1450 1614
2901 2973
402 416
1936 1994
1100 1116
2495 2545
1351 1541
418 484
262 332
2313 2507
1908 1910
2842 2870
1008 1128
1508 1600
886 1018
1548 1592
494 666
1686 1698
1929 2077
894 1046
817 965
1743 1903
856 868
892 940
132 268
1669 1729
2241 2357
852 894
1936 1938
505 703
1783 1853
2283 2323
2608 2800
248 290
1399 1509
2494 2524
2654 2820
2786 2786
1627 1721
154 278
2668 2856
2374 2564
218 324
316 350
2236 2334
2293 2439
349 357
937 1045
161 231
2834 2880
1483 1513
560 590
2483 2633
73 145
1239 1321
1555 1689
207 299
732 760
205 207
1538 1648
1437 1605
2383 2557
9 61
656 758
2528 2572
1734 1772
1784 1956
36 218
2793 2893
1017 1201
660 798
1801 1839
468 540
15 175
268 400
1870 1892
146 274
1864 1924
1810 1966
934 974
1933 2109
1970 2118
2291 2359
1985 2079
2543 2621
1541 1737
555 557
178 200
1180 1186
1231 1425
1862 1902
319 517
283 303
489 505
264 380
2924 2978
1145 1161
535 619
2230 2230
360 504
1310 1406
1068 1218
1747 1797
167 245
1381 1513
124 182
2444 2578
1014 1192
2312 2312
584 750
2044 2146
1362 1520
1243 1265
461 625
985 989
465 663
2980 3000
2989 2997
1524 1538
2527 2619
1657 1677
1941 1987
93 265
1203 1359
2474 2478
2909 2933
1517 1527
2336 2398
2083 2129
444 540
1098 1266
724 808
1683 1789
1969 2129
335 525
444 444
672 682
435 579
1817 1983
486 596
856 1032
2962 2972
2211 2233
1357 1549
1601 1751
1523 1597
1579 1603
2145 2273
931 1025
2640 2726
1555 1557
1220 1342
1632 1720
2326 2392
1857 1947
583 671
1859 2033
2277 2395
1351 1399
2755 2897
2278 2478
636 696
1595 1785
928 1054
474 480
1370 1400
2488 2656
2745 2791
291 405
2606 2688
1307 1363
2565 2597
122 276
360 440
2088 2252
744 864
1905 1973
757 839
475 659
2320 2466
914 1084
799 911
367 403
1793 1879
2481 2629
466 522
266 316
161 323
2901 2901
681 821
1502 1592
893 987
2819 2995
2367 2437
9 127
1226 1262
1627 1687
1534 1580
886 964
493 669
808 984
1372 1480
2219 2415
1683 1729
1228 1424
752 852
2833 2871
1657 1757
2667 2833
1146 1276
1919 2073
1134 1168
67 89
1688 1722
1368 1454
2628 2684
962 1120
2290 2444
1584 1646
2099 2173
2216 2300
2287 2479
2554 2576
614 688
177 205
2045 2067
2085 2273
1188 1326
1468 1616
109 157
1594 1620
32 174
1638 1726
1389 1475
1704 1894
2425 2613
2752 2756
1501 1569
992 1054
690 710
2317 2329
1522 1632
2082 2162
115 259
373 445
2381 2385
1278 1472
959 989
1917 1971
109 301
2387 2455
1868 2066
1036 1066
881 1013
476 498
1167 1185
1440 1550
2999 2999
646 696
1533 1641
1175 1189
2360 2430
59 249
786 978
350 474
625 699
834 970
2454 2468
2581 2621
1116 1296
957 1087
211 227
1369 1569
1869 1943
2209 2355
2408 2494
1505 1705
870 1000
505 687
473 639
2337 2533
2619 2723
2940 2968
1861 1885
2210 2210
166 320
1619 1619
878 1050
312 486
2100 2228
2132 2246
1597 1667
2843 2937
2702 2884
2345 2531
2868 2988
2358 2418
737 877
2529 2573
586 780
2523 2615
2959 2963
2270 2318
2810 2906
1718 1844
555 647
1702 1798
308 486
2445 2549
689 737
1770 1838
1402 1462
366 484
1900 1998
2586 2612
316 446
1201 1207
2926 2982
1951 2057
1997 2151
882 1038
140 210
2135 2277
1868 1948
1648 1838
399 525
901 1069
2933 2983
2464 2522
2228 2230
2558 2750
21 105
235 253
4 186
93 177
1625 1765
876 1024
1261 1277
1344 1462
2959 2971
331 375
2600 2666
2480 2644
1899 2059
1997 2177
881 1017
1821 1951
91 215
393 431
1098 1194
1824 1962
2388 2508
2620 2746
2063 2175
863 917
1915 1997
2686 2812
2331 2363
2253 2433
1093 1283
2620 2630
986 1054
144 260
39 163
756 794
1613 1807
433 511
2711 2713
275 459
1890 1944
1231 1381
2889 2987
2450 2512
1138 1272
2356 2464
1962 2140
69 189
640 664
2990 3000
1961 2107
1483 1595
232 414
439 513
1529 1535
848 980
358 438
373 391
2457 2479
1134 1144
1531 1605
1619 1791
2540 2644
624 672
980 1122
287 359
841 851
1510 1694
298 494
986 1104
1972 1982
660 850
355 499
1915 1983
11 189
634 646
527 687
1804 1992
2745 2901
110 116
1108 1118
355 497
2783 2907
1085 1217
1498 1606
915 1111
518 688
806 872
2736 2874
408 448
2598 2730
2087 2211
1646 1740
2062 2140
1851 1931
1662 1668
632 750
2443 2559
1242 1312
1537 1605
2417 2529
1761 1783
2232 2370
694 774
558 626
2797 2925
1852 2048
1940 2050
375 441
546 704
1248 1254
960 1114
130 234
2262 2462
563 763
433 631
1447 1585
2452 2534
1834 1954
812 966
1685 1883
257 341
291 381
953 1079
1940 2090
2031 2193
1449 1589
532 634
680 818
2149 2245
1675 1853
1494 1648
716 744
916 1106
2396 2424
657 671
2949 2973
2124 2238
2556 2626
967 1093
2603 2677
1989 2001
1853 2031
2147 2203
867 1047
438 548
1159 1255
2142 2158
784 868
2170 2298
341 465
572 746
2149 2171
2894 2948
639 749
2597 2781
2829 2951
2053 2205
1446 1622
2653 2793
243 289
2092 2138
954 1034
419 449
1786 1880
1229 1269
2751 2925
2446 2644
127 193
2528 2586
651 683
2003 2073
818 838
2853 2939
1098 1276
2744 2944
1400 1412
2996 2998
2347 2419
1909 2109
2292 2392
2270 2272
1288 1382
941 1119
1921 2077
1145 1197
1593 1749
2426 2472
809 935
111 115
1034 1040
2358 2528
2362 2374
1040 1192
2745 2799
1738 1896
1372 1454
628 774
1969 1985
571 755
1308 1372
1793 1851
2050 2234
2416 2420
2476 2602
779 867
366 416
2278 2472
1424 1596
1199 1353
1213 1351
2348 2376
1371 1485
335 433
2 8
1624 1768
872 1004
1217 1367
2260 2438
2304 2322
2529 2679
2736 2872
790 890
2065 2259
620 726
1681 1815
2631 2763
1491 1641
2368 2398
1887 1949
106 156
2698 2698
1629 1817
2320 2464
2280 2348
727 895
1649 1765
1022 1078
2657 2767
2357 2395
2252 2310
623 657
1535 1569
1693 1837
2877 2967
869 1039
1963 2027
707 717
2330 2332
1934 2060
589 701
639 777
1020 1030
2141 2177
2905 2923
2340 2400
1057 1097
2320 2388
1276 1384
332 372
1216 1354
400 568
1835 1839
106 114
1768 1832
2356 2368
1253 1439
303 407
2562 2658
1222 1302
356 442
2974 3000
810 846
1764 1834
400 488
2560 2668
2442 2556
1456 1606
1571 1615
896 1052
2935 2951
273 465
1454 1654
2759 2837
2931 2993
1856 1956
1955 2123
2834 2866
2793 2907
2875 2993
265 363
71 233
579 619
1710 1786
1675 1845
924 1022
95 285
1301 1487
729 811
2664 2716
2286 2302
1099 1123
2229 2235
2504 2552
716 830
502 618
1352 1394
643 693
2155 2221
1297 1375
1771 1917
46 164
480 668
1288 1396
38 40
145 251
1524 1616
2864 2928
132 186
648 686
332 488
1652 1784
260 356
1363 1507
2666 2774
977 1167
1066 1168
2199 2249
2594 2694
2939 2997
389 449
1946 2104
2045 2233
1294 1446
430 544
939 1049
2361 2497
798 864
1479 1497
1328 1492
647 709
743 895
658 808
1093 1169
372 460
2189 2271
1445 1493
1820 1918
449 551
2693 2807
781 783
1432 1434
1795 1829
1571 1741
80 126
480 570
1603 1789
977 1103
297 479
58 214
2327 2331
1135 1233
2223 2371
2902 2988
2144 2298
1061 1097
959 965
2655 2665
594 706
1531 1619
1790 1866
78 250
2774 2824
1530 1680
16 182
1662 1742
171 327
1800 1910
628 638
2032 2122
1737 1801
2559 2595
2861 2931
2984 2984
1453 1545
1166 1224
154 268
615 789
2136 2198
2639 2723
1270 1408
552 750
1816 1860
2904 2924
2914 3000
2667 2741
573 573
1274 1330
1966 2010
2108 2154
1341 1345
429 595
1908 1934
2741 2899
1169 1219
1242 1308
1405 1553
1920 2120
2750 2784
95 263
2457 2561
806 996
500 670
2991 2995
1412 1444
1259 1379
1194 1306
127 157
2067 2111
807 993
1856 2040
2970 2990
811 897
2806 2868
2892 2968
1414 1496
987 1119
2761 2833
638 832
1189 1353
453 477
211 229
2684 2788
2837 2845
73 81
1549 1679
919 1039
1616 1670
1074 1194
2491 2571
2667 2709
2132 2268
2118 2122
1620 1648
1307 1321
1972 1980
1162 1162
2822 2834
1755 1765
2757 2921
716 834
1712 1896
2276 2392
130 224
824 960
870 902
3 123
681 851
2587 2747
552 748
562 682
1676 1720
803 907
2955 2997
1550 1726
17 77
1909 2061
2119 2319
424 504
467 603
117 181
79 95
2332 2498
1886 1906
1482 1606
1268 1268
2269 2287
30 200
2688 2858
1323 1513
2254 2338
209 383
684 850
2370 2440
754 766
2664 2740
1363 1561
2871 2959
286 478
570 626
243 345
561 731
186 234
1993 2043
2784 2866
180 320
2019 2041
315 341
2193 2301
146 324
2236 2430
2531 2595
552 614
2005 2125
2536 2544
1181 1281
1734 1788
230 284
2650 2714
1382 1412
2181 2227
329 407
2733 2779
2785 2833
2403 2581
438 632
2036 2194
2731 2823
1566 1572
89 137
955 1129
1864 1996
2866 2970
155 321
964 1022
243 427
1549 1665
879 977
788 796
1227 1289
1244 1334
782 810
1059 1219
2160 2194
939 1039
1508 1704
2688 2846
458 640
1977 2069
1296 1454
2634 2688
322 446
217 343
2024 2216
2543 2739
1175 1285
1690 1878
722 892
713 905
107 291
1024 1076
188 244
844 896
963 983
2753 2771
622 708
202 302
1219 1389
96 102
2963 2987
2400 2428
1863 1973
2606 2648
2955 2993
2678 2722
1555 1667
292 488
140 208
810 912
1308 1426
2699 2727
1948 2030
1717 1905
1532 1562
1988 2014
976 1042
1957 2117
2914 2994
1976 2050
648 704
1066 1148
2184 2222
1873 2055
681 791
2937 2981
2116 2142
510 572
2330 2342
1659 1855
23 143
2811 2827
888 1060
319 475
185 363
135 223
50 144
2260 2324
835 953
2709 2901
141 259
2080 2108
1171 1199
468 542
2209 2317
548 716
1611 1777
1839 1879
2834 2854
94 102
1691 1821
2309 2379
2720 2852
917 1013
2274 2346
1401 1569
463 471
2832 2882
1721 1811
203 291
800 846
2872 2904
1913 2079
462 662
2030 2036
1625 1795
840 844
1072 1154
2530 2616
2125 2205
1968 2150
1669 1695
2599 2705
1289 1431
1407 1485
2004 2202
2327 2397
1390 1466
2704 2786
1961 2037
1701 1771
226 310
2272 2468
121 287
896 976
1780 1870
1770 1946
817 985
2582 2696
515 635
564 648
1975 2171
2631 2791
1832 1850
1992 2006
431 489
381 513
479 511
1788 1904
2040 2076
1011 1117
442 642
2770 2804
1036 1090
1219 1409
1078 1106
2688 2762
644 674
2094 2170
1660 1708
1409 1433
162 276
457 483
1705 1761
1115 1261
2997 2997
682 864
1246 1264
215 291
872 1036
167 215
817 923
1508 1574
1355 1395
2879 2959
1842 1962
2052 2162
2256 2342
86 286
960 1024
2141 2281
1047 1141
2957 2959
2529 2723
1746 1864
523 623
88 102
2005 2009
375 471
107 135
2223 2267
620 758
2408 2552
938 1138
2206 2366
1803 1959
2987 2997
2367 2487
2501 2505
596 672
2233 2295
2774 2970
2728 2878
954 1060
2338 2446
1253 1265
2144 2196
897 947
430 566
1552 1590
1600 1650
2532 2648
2164 2248
717 811
1985 1985
788 956
2478 2618
761 875
1911 1987
712 744
1139 1289
2497 2637
2505 2677
2152 2342
2997 2997
2562 2646
597 731
2409 2485
1344 1420
513 515
2161 2215
652 728
905 1085
1043 1199
2467 2597
2063 2165
2452 2604
431 487
1947 2055
2298 2458
2149 2197
1319 1321
67 205
739 931
1432 1434
2291 2355
2326 2522
771 841
1169 1337
1230 1354
1542 1626
758 870
341 427
2767 2873
420 538
2287 2459
1390 1450
529 545
2197 2219
1026 1072
955 1117
403 523
319 397
2928 2980
854 1026
352 528
360 536
1591 1651
100 284
1568 1756
2190 2310
1271 1337
1849 1981
2478 2614
1712 1730
1278 1418
441 635
2624 2754
1292 1406
180 214
936 1044
258 454
1919 1965
1784 1930
1419 1447
19 93
1529 1601
1673 1777
885 939
1879 1943
422 428
6 30
1275 1397
1083 1187
2246 2422
1551 1597
1624 1736
988 1044
1069 1243
1370 1418
681 739
424 546
2092 2172
655 751
2250 2390
2027 2179
1678 1706
2227 2397
1304 1414
2492 2640
2420 2618
1801 1919
749 749
2862 2916
665 761
1348 1370
199 249
1207 1305
543 591
2343 2503
161 265
2340 2500
1608 1652
2390 2570
1072 1242
2987 2993
2134 2142
1730 1870
1375 1437
1391 1523
1876 2070
920 1038
2212 2264
144 332
1322 1506
2138 2294
993 1063
1352 1444
189 203
748 902
1515 1563
1752 1766
20 118
569 597
958 1140
