3000 1
1342 1424
2843 2899
2354 2416
2503 2591
2459 2591
2636 2686
201 337
1541 1701
656 692
1555 1573
2882 2916
1158 1342
2308 2390
1835 1899
1190 1232
102 220
2959 2993
617 785
2248 2434
461 635
1136 1216
353 457
1768 1948
1201 1261
584 626
2760 2868
2402 2526
2938 2998
2964 2990
203 353
652 806
668 744
2591 2659
2519 2703
491 523
1344 1504
479 629
1287 1459
2231 2347
1724 1808
2411 2591
242 304
1954 2100
527 541
1275 1341
874 940
2421 2549
2926 2926
392 572
2966 2992
387 471
753 855
575 657
1617 1699
2236 2328
2718 2854
283 303
1736 1930
1260 1272
1805 1823
1936 1938
2728 2868
2409 2511
2611 2719
1569 1691
2478 2624
2000 2120
1080 1248
1730 1914
2693 2809
1497 1585
888 926
95 115
315 395
2334 2466
1142 1146
1091 1277
1052 1190
896 1058
1556 1584
938 986
1214 1334
66 72
204 334
1696 1858
2507 2527
1324 1478
658 704
2191 2333
2995 2999
2794 2836
2231 2333
636 784
2543 2735
2994 2998
2848 2914
1370 1446
1511 1635
618 732
2565 2639
1207 1235
1460 1594
1631 1775
1243 1261
898 1042
1663 1729
1855 2055
1259 1419
611 711
1768 1784
648 812
2064 2248
883 1005
2576 2776
2750 2852
1628 1640
1448 1524
2824 2910
1161 1349
2884 2986
226 262
2615 2657
1260 1328
1432 1482
345 511
1008 1076
2632 2702
1340 1478
708 800
2562 2592
695 769
1345 1407
1051 1109
46 242
954 1148
844 972
1398 1486
2556 2756
427 499
1214 1362
308 452
2879 2955
1555 1667
1067 1155
1597 1601
188 194
213 413
227 293
1632 1718
1215 1323
186 202
412 488
2854 2938
830 970
1067 1107
2398 2446
493 613
172 352
858 1020
2430 2468
2447 2467
1655 1787
1969 2163
1043 1135
2024 2208
2058 2236
96 228
2132 2204
251 289
2652 2664
1188 1286
2264 2328
2037 2213
551 573
2347 2515
1868 1874
2136 2286
1034 1062
153 201
1353 1541
1737 1765
712 744
758 914
1107 1151
1459 1619
2951 2973
2702 2738
2347 2379
2362 2458
1625 1653
1128 1300
2846 2980
2761 2901
1270 1296
2327 2517
436 580
501 653
721 831
844 912
2929 2979
2799 2849
222 372
817 993
1744 1928
38 164
874 976
2671 2781
619 727
634 800
1715 1891
346 454
668 734
794 988
2500 2570
856 906
2216 2288
1039 1193
442 508
1341 1523
1038 1108
2383 2425
1418 1440
2746 2846
932 1012
1516 1566
664 730
1969 2161
2914 2934
10 196
2873 2983
131 315
141 309
1932 2126
923 951
146 308
1142 1334
2399 2455
2783 2973
1024 1096
856 1000
2613 2801
2750 2910
2486 2584
294 380
1292 1424
841 981
2837 2959
2138 2174
2444 2644
1152 1294
473 649
1919 1937
2069 2115
1140 1266
168 186
2416 2424
654 820
2548 2714
1784 1904
1487 1555
2695 2727
1276 1414
2974 2986
127 143
2993 2999
257 399
1392 1462
562 728
360 370
831 1013
516 662
1964 2158
2512 2652
739 917
1351 1543
1662 1736
2029 2135
2689 2789
2143 2323
1588 1612
1209 1239
2775 2833
1272 1392
1287 1429
386 470
2840 2994
1699 1737
107 259
42 132
2947 2951
1507 1675
2778 2860
781 895
1 141
542 630
2792 2888
1406 1446
882 1054
2618 2778
1029 1225
2010 2150
2256 2364
1949 2013
1246 1252
315 477
2435 2463
1404 1604
1588 1778
191 345
2539 2695
901 1053
1963 2081
1415 1495
1161 1221
996 1114
284 466
2080 2208
2111 2149
1794 1910
2268 2434
1621 1743
1571 1743
2258 2450
2331 2335
1947 2127
1272 1430
850 930
190 322
211 283
1069 1079
2808 2958
342 498
1356 1440
1844 1938
2898 2914
1086 1268
2695 2865
1436 1482
653 739
1040 1100
2649 2813
1576 1740
319 403
513 575
2060 2170
6 40
1285 1291
744 862
582 708
1232 1278
2757 2921
1940 2094
2257 2321
214 360
1005 1187
771 857
1417 1465
2466 2620
835 895
531 539
369 479
475 555
26 68
2525 2571
486 682
1530 1702
1396 1560
1789 1915
2939 2991
1496 1590
794 976
2603 2761
1051 1227
2599 2755
2989 2999
2101 2177
298 336
1156 1296
2161 2311
811 989
2709 2901
1099 1259
2509 2559
1385 1499
1125 1141
2283 2479
1868 2042
2873 2983
1335 1409
38 110
2511 2651
1870 1894
1919 2013
370 388
2721 2915
1682 1714
2641 2753
1171 1205
321 375
2505 2565
2415 2593
1982 2086
2372 2422
1708 1904
2502 2666
1256 1420
888 1068
743 851
1592 1622
2077 2135
2266 2452
2779 2833
2355 2405
1689 1815
2657 2837
2181 2307
857 955
106 180
1584 1764
261 419
1998 2160
596 788
280 462
880 1060
53 175
876 950
2492 2648
2534 2650
908 1008
2702 2846
1171 1213
1004 1202
179 213
879 1047
1082 1188
707 751
953 1031
579 715
2375 2475
1536 1688
326 328
2080 2118
1623 1815
1098 1276
802 810
897 1091
1121 1251
1055 1127
629 809
2628 2810
1272 1396
711 891
245 419
364 530
1461 1613
1151 1349
580 602
2568 2568
2019 2045
1952 2098
1527 1703
906 1104
825 845
2437 2593
135 221
322 424
932 1076
1033 1055
1204 1388
1752 1848
2658 2824
1494 1648
1501 1619
1397 1565
1872 1874
1295 1421
249 271
1235 1321
205 307
2583 2753
74 190
104 176
668 776
1616 1658
2604 2736
183 341
686 776
2357 2407
1922 1926
2799 2817
1670 1826
1656 1804
354 378
26 72
780 902
1109 1259
2036 2222
1527 1637
386 532
2268 2380
207 325
2040 2124
1098 1102
2251 2383
2964 2996
2109 2193
270 372
1050 1088
2209 2295
831 937
133 187
494 658
1367 1523
1014 1184
893 973
1751 1793
2220 2404
1812 1926
2508 2528
2785 2849
657 753
2607 2687
1126 1192
1518 1578
629 785
611 693
682 718
2402 2486
553 577
630 816
2989 2997
2614 2640
2067 2147
2626 2778
1901 2051
1055 1089
483 669
1678 1758
991 1025
2892 2916
2880 2982
2198 2348
442 452
2363 2549
1604 1646
1614 1702
1914 2028
1972 2086
2851 2947
555 687
1558 1710
1412 1532
1441 1521
1882 2002
986 1180
259 283
1441 1491
1599 1643
2261 2361
622 706
1206 1376
1615 1659
1900 1922
1655 1693
1198 1198
542 740
1661 1661
2768 2822
442 572
2418 2528
1293 1347
1500 1634
776 852
462 554
1819 1947
1686 1778
2265 2311
1385 1463
1851 2037
823 885
875 1037
1172 1306
2156 2234
2524 2674
848 860
1663 1667
930 990
750 812
29 49
309 367
2396 2400
1153 1211
1900 2014
851 1045
431 619
589 653
1938 1988
205 301
1121 1239
1640 1782
2538 2718
1329 1477
47 245
1938 1972
1328 1368
1369 1535
104 222
2807 2879
679 679
2582 2740
208 378
1929 2067
2819 2949
1272 1380
1934 2116
2331 2449
72 148
1839 1995
1326 1452
1479 1571
1481 1629
1213 1255
2120 2292
1529 1659
2154 2178
2321 2441
510 616
2002 2088
1239 1423
1645 1707
106 298
2302 2414
690 830
721 785
46 216
2350 2466
2817 2833
2583 2635
1986 2036
2918 2926
1557 1649
1917 1975
1570 1698
1064 1096
2060 2246
542 738
2445 2643
2120 2276
2152 2276
680 804
1855 2033
2550 2736
2806 2950
2095 2215
1543 1659
904 996
2872 2922
2393 2439
2682 2828
1093 1199
899 1071
280 428
2359 2449
1770 1886
130 130
1060 1178
2929 2963
1800 1986
1673 1721
1078 1234
1000 1128
132 172
1995 2027
1182 1208
2207 2227
1854 2028
2357 2415
2358 2432
1088 1170
1331 1475
2280 2306
844 976
348 534
2684 2716
91 285
1428 1548
2163 2223
2813 2833
342 532
1587 1759
2874 2882
678 786
408 554
1910 2074
1704 1782
2140 2282
1706 1874
1425 1493
2720 2738
969 1127
2178 2192
752 908
370 500
408 544
473 485
553 613
705 817
2843 2865
86 224
2712 2800
2647 2729
789 885
496 536
834 880
2021 2073
1752 1860
2808 2994
2531 2585
859 1045
408 492
1701 1893
2736 2740
1862 1906
1957 1965
1565 1667
2181 2253
1653 1795
661 715
1187 1187
2280 2396
1291 1301
2616 2742
763 767
1116 1200
2400 2544
2091 2287
552 612
1359 1381
2568 2670
1653 1845
1775 1905
2677 2701
1290 1446
165 173
761 821
75 75
1938 2086
1474 1578
581 765
1572 1640
1896 2032
2993 2997
235 309
591 627
1111 1195
1283 1361
1322 1492
895 983
2494 2660
1732 1776
2188 2210
2474 2662
1434 1470
957 985
1476 1488
298 404
1546 1700
1907 1985
711 847
1239 1241
146 172
294 394
800 988
1475 1591
1801 1839
51 149
2882 2944
69 217
2084 2142
1490 1582
2882 2884
1639 1809
2384 2386
1185 1263
2850 2960
520 716
1163 1281
87 117
1248 1280
2699 2761
1508 1708
2833 2867
709 815
2933 2985
1790 1830
1753 1891
1214 1406
1043 1097
345 413
1434 1436
1278 1374
1522 1702
1945 2131
2157 2207
690 730
2485 2523
1813 2009
351 395
2515 2701
474 582
289 333
753 829
2568 2744
1669 1747
357 479
1055 1143
66 160
508 682
1412 1482
721 773
1062 1084
1393 1513
1750 1906
2365 2513
366 510
2275 2329
2382 2576
2451 2525
1024 1072
1014 1110
2252 2388
167 281
733 833
2382 2534
316 330
19 67
1052 1180
2160 2208
2413 2579
1890 1952
2005 2135
2561 2711
2236 2352
2134 2238
110 302
1749 1781
2158 2230
2219 2393
2017 2129
2689 2853
1705 1727
1850 1904
2564 2700
1393 1415
964 1020
1039 1039
392 516
964 1030
2082 2212
2579 2629
570 570
187 249
571 665
2914 2914
2405 2583
2381 2539
995 1099
270 388
2182 2340
1109 1129
1466 1480
1107 1257
238 280
2987 2989
2754 2888
1121 1127
364 498
1047 1193
2820 2982
1981 2149
1761 1869
2049 2243
1667 1743
2824 2984
2706 2894
2732 2804
1742 1868
255 293
937 989
1310 1504
683 721
2817 2975
900 1082
2458 2462
1527 1711
172 338
2005 2119
1694 1806
2335 2449
2152 2332
688 704
1325 1515
522 602
1826 1942
2560 2712
254 342
829 939
1050 1166
571 619
2419 2451
2453 2461
2494 2676
201 289
1187 1243
1144 1254
1613 1637
2825 2903
825 857
2061 2073
493 615
1467 1561
779 783
55 189
2461 2613
1447 1449
1339 1409
1655 1775
2516 2586
2629 2771
2113 2193
839 869
2824 2980
99 285
879 1019
2983 2993
951 1087
1395 1549
20 92
523 601
2946 2970
2585 2753
2266 2414
2555 2663
1293 1319
89 105
624 668
2530 2666
1496 1588
2871 2889
1472 1586
1512 1632
153 311
2366 2532
986 1136
2992 3000
2424 2622
490 578
1191 1215
1643 1815
674 812
2757 2775
583 731
627 719
1062 1122
22 154
1764 1780
1400 1462
2075 2235
2549 2741
324 524
1286 1450
1376 1450
880 1018
443 519
2773 2775
530 536
2330 2520
2959 2973
136 172
2978 2986
1646 1708
554 726
1303 1479
2716 2894
2632 2774
91 117
2366 2456
1769 1865
693 859
1293 1393
331 381
1990 2060
2950 2956
1895 2079
1667 1867
491 517
753 823
1818 1914
2173 2355
1869 2003
1216 1262
1287 1287
486 506
364 448
312 446
1886 1962
1604 1716
973 1049
210 268
175 339
1659 1769
106 292
1870 1930
637 763
563 661
813 903
2883 2979
2479 2643
967 1031
1408 1596
336 390
2773 2921
1407 1435
425 579
1687 1823
2993 2997
1848 2036
118 184
1669 1825
35 157
1087 1211
1389 1395
435 609
1179 1323
1033 1077
478 624
1351 1521
915 959
1926 1970
1311 1399
636 666
411 529
2105 2141
80 280
2109 2245
139 283
730 774
692 762
2350 2430
76 152
437 605
638 778
1620 1702
2144 2258
1408 1510
89 269
2064 2144
2669 2797
1368 1524
103 109
528 532
254 426
1309 1443
2843 2895
1630 1786
2194 2216
529 641
2975 2995
2623 2733
2467 2591
2237 2367
2775 2881
125 283
1880 1978
172 314
2252 2392
2549 2567
2092 2214
934 1126
986 1066
1186 1334
732 914
1263 1427
370 490
56 102
533 699
557 701
1176 1294
26 218
1100 1290
885 939
2686 2738
2708 2878
1468 1568
1855 1913
1288 1476
1145 1281
299 431
1189 1291
1958 2062
1599 1797
861 873
2416 2476
821 947
2350 2484
488 554
2172 2254
2054 2172
1293 1485
2142 2170
2383 2391
1941 1951
1621 1677
1911 2103
1389 1389
2668 2838
844 852
684 704
1159 1225
2030 2216
1667 1769
2612 2648
599 673
1796 1936
2736 2894
1515 1585
2661 2739
2395 2495
637 733
687 865
1078 1174
1683 1847
367 547
801 971
728 788
2450 2518
1296 1422
682 880
1263 1355
2071 2079
1757 1857
91 277
1667 1857
2423 2563
1505 1657
2923 2953
1535 1583
2444 2496
2496 2552
493 537
900 922
2145 2299
2469 2669
1848 1914
1396 1554
2904 2924
2989 2997
2853 2891
2976 2986
988 1098
2681 2771
2092 2116
2410 2606
2719 2835
1936 2038
2608 2696
283 415
812 944
402 542
1366 1566
759 877
270 422
2278 2478
122 254
2764 2852
2680 2694
2605 2803
770 890
2646 2698
1995 2035
1677 1703
2705 2891
1854 1896
99 227
2759 2867
2901 2959
246 344
170 368
1225 1345
2857 2963
2503 2593
2507 2693
2701 2803
940 1036
19 163
320 370
2392 2504
2216 2332
2115 2125
2213 2367
2420 2534
524 596
2819 2909
2699 2893
2575 2733
2731 2923
2265 2461
1342 1398
2305 2389
995 1165
2441 2621
1999 2155
1970 2114
2214 2216
1940 2108
1619 1785
1250 1356
180 340
1036 1074
1370 1478
2590 2744
751 761
490 578
2009 2087
738 812
1734 1880
2120 2278
360 490
1977 2029
2947 2961
567 639
36 160
2023 2195
757 793
1755 1849
1326 1486
1448 1598
2870 2900
1146 1214
1659 1669
70 70
598 786
2096 2160
1986 1994
503 633
1534 1556
2766 2788
2513 2709
1268 1288
1246 1336
734 910
897 1043
2076 2228
144 202
105 295
1933 2067
750 940
899 1005
1010 1102
1790 1856
2779 2965
504 550
2904 2948
586 670
1730 1776
48 230
2495 2633
1968 2088
1849 1951
804 940
1767 1967
2262 2332
2283 2351
1892 1904
1868 2058
2404 2604
1324 1510
1793 1913
2485 2563
2046 2122
1063 1101
506 638
693 741
1221 1337
1593 1769
491 621
2901 2981
335 441
2547 2647
2937 2961
1439 1487
1251 1275
1804 1844
1208 1312
2772 2844
245 359
2445 2483
301 427
2584 2652
2592 2700
2347 2449
716 912
2337 2393
631 727
1944 2078
2339 2477
396 496
2779 2915
866 1040
2733 2749
167 303
1793 1819
1194 1360
2289 2419
184 236
2040 2198
2135 2179
2400 2530
276 440
2655 2819
1785 1889
1506 1684
1473 1559
693 787
1374 1456
993 1145
1901 1937
2319 2483
920 944
2733 2895
1181 1305
2782 2858
2661 2849
2870 2962
2215 2345
1167 1249
2669 2785
1021 1137
472 522
1025 1067
408 588
2252 2326
2270 2420
1714 1818
142 240
769 965
559 691
2594 2756
2845 2975
2095 2271
248 402
718 838
806 924
1109 1173
791 805
2758 2906
1496 1622
181 295
170 318
424 540
595 691
710 816
1366 1554
971 1027
1591 1637
2451 2591
2841 2971
1348 1436
691 781
1402 1524
968 1070
2205 2307
2382 2536
93 135
2098 2156
153 163
1233 1299
508 700
1786 1976
505 595
1251 1303
2953 2977
2521 2663
427 599
1268 1418
1171 1295
2529 2625
165 357
1258 1432
475 497
1612 1642
630 748
1223 1331
986 1122
2299 2339
2509 2627
1857 1951
2490 2490
112 176
2576 2682
2161 2223
2328 2328
1908 2018
999 1139
2068 2246
152 326
105 301
2607 2753
2949 2989
1913 1919
1986 2044
319 331
2961 2999
1661 1801
573 699
2142 2276
2746 2886
194 328
832 862
1787 1971
901 913
2428 2516
569 657
2091 2233
475 629
2928 2990
1525 1721
62 238
2259 2301
1403 1447
1698 1784
2563 2761
311 421
1497 1561
1933 1951
168 332
2131 2253
1942 2038
1597 1693
1882 2070
2617 2665
312 420
661 793
2659 2749
2736 2910
1595 1759
110 110
2767 2855
896 968
836 838
1835 1995
574 702
2279 2301
1510 1650
1075 1219
2806 2888
1104 1302
1753 1919
739 775
1750 1850
2518 2622
2222 2416
729 747
2707 2773
1757 1793
988 1118
1066 1180
2926 2948
618 796
590 682
1261 1379
708 840
2182 2260
2114 2208
2165 2319
534 662
2487 2493
2211 2311
379 455
359 407
1062 1152
1368 1454
2218 2230
2168 2354
2866 2952
1275 1377
473 671
1695 1817
780 914
2364 2526
717 759
235 357
1201 1281
363 465
1180 1290
490 642
2732 2850
1033 1231
715 827
35 103
193 267
2072 2152
1169 1229
429 485
1274 1424
2878 2958
234 374
102 252
206 292
886 996
1085 1129
124 136
1901 2077
1446 1474
2813 2963
2288 2450
1518 1658
659 751
2564 2638
2062 2146
2025 2155
208 294
155 297
639 749
1261 1359
1627 1719
2876 2966
311 379
387 549
945 967
1369 1489
943 1037
1672 1704
820 844
2010 2204
771 931
1839 1975
2548 2548
1986 2084
373 449
805 963
75 127
1474 1490
121 313
2988 2990
2575 2759
69 117
1039 1053
1473 1487
2748 2898
1922 2100
524 566
2974 3000
2960 2960
2830 2904
1625 1691
1496 1626
1661 1765
559 621
2650 2818
2954 2976
954 1138
1202 1238
2176 2186
2184 2276
2810 2974
86 230
312 458
1204 1386
2916 2916
1391 1437
1738 1866
2509 2553
154 154
1716 1802
19 89
2747 2865
1410 1582
353 429
2675 2737
1821 1889
248 438
2349 2479
152 186
2683 2713
297 317
1437 1567
2545 2721
1396 1528
497 557
2823 2963
139 263
2281 2443
142 174
472 638
1648 1714
2312 2448
2939 2975
1623 1777
1547 1707
850 892
1159 1237
2336 2466
205 205
1461 1559
811 999
594 646
412 588
1219 1409
1991 2139
577 635
1766 1804
2801 2857
2941 2967
1188 1320
562 706
2289 2485
2893 2913
2520 2634
1599 1665
2992 3000
2088 2218
1876 1900
2027 2055
2905 2969
2205 2351
1051 1081
1190 1324
2184 2214
950 1080
157 205
284 326
1103 1283
1835 1859
1789 1813
2167 2339
957 1003
2191 2303
1044 1164
970 1136
2130 2132
1438 1482
1109 1247
2103 2191
269 469
302 498
2472 2480
1826 1942
1078 1102
195 315
2008 2158
1604 1700
2772 2972
928 1046
76 232
945 1105
2904 2980
2989 2993
2497 2517
1946 2098
2616 2674
740 814
2142 2330
2020 2162
445 483
2122 2260
639 831
631 733
838 856
980 1074
2315 2403
2752 2856
2754 2942
792 806
1630 1644
1487 1517
465 647
1648 1764
543 707
561 685
420 546
107 259
211 329
759 851
2769 2961
1435 1607
1633 1641
141 319
816 848
2960 2990
684 834
2981 2991
273 357
2051 2143
884 1076
2098 2172
2204 2364
580 664
1853 1873
1757 1803
1398 1456
557 593
1574 1620
2195 2329
1515 1667
2708 2902
2971 2983
940 1036
2478 2492
149 163
2435 2453
70 100
2139 2289
845 973
2523 2553
1648 1774
2470 2652
176 208
2674 2754
1480 1556
489 599
1197 1223
1867 1987
2438 2466
2202 2280
2781 2957
2838 2874
710 720
2090 2222
383 533
783 841
1785 1793
2247 2337
375 545
605 715
356 544
755 793
2690 2824
1116 1180
568 612
779 807
1660 1764
2027 2203
2505 2505
1601 1795
1778 1844
23 193
2240 2354
675 727
1800 1934
1639 1761
2209 2325
1153 1219
1396 1566
1222 1278
2149 2247
2299 2319
2673 2715
1308 1358
1968 2136
201 359
325 415
2701 2883
876 914
680 726
811 979
2344 2514
2444 2498
1900 2018
394 450
361 557
2322 2492
2760 2844
2349 2477
1048 1106
2635 2737
1096 1112
657 827
872 932
2349 2475
104 238
106 300
888 914
960 960
2962 2962
2173 2367
2005 2039
258 302
1380 1460
2623 2769
2983 2999
2833 2957
1247 1295
349 475
423 585
805 923
2306 2500
1322 1500
2808 2840
746 812
1989 2031
93 233
2691 2733
2611 2751
358 472
2304 2488
2144 2302
2146 2246
1527 1647
2850 2930
2612 2656
177 253
2558 2694
2974 2980
1398 1436
981 1149
2379 2493
1457 1469
89 271
1829 1993
2342 2464
2376 2520
933 971
1415 1437
2559 2569
2016 2120
1990 2156
2428 2520
1883 2005
2515 2613
2395 2587
703 781
1982 2180
1442 1534
169 255
617 783
964 1142
462 588
581 703
2040 2072
2414 2568
342 536
941 1101
1540 1690
1987 2151
972 1168
2760 2946
904 938
2557 2755
1095 1227
1265 1465
2007 2089
3000 3000
2826 2888
1616 1772
908 1018
2382 2410
2500 2516
2985 2995
1289 1349
1557 1653
615 749
2892 2896
137 267
2151 2187
2945 2981
779 809
1750 1838
2282 2400
142 284
2702 2828
1468 1476
1430 1464
1499 1635
2402 2464
1172 1234
2729 2741
1516 1626
2950 2972
978 1012
2726 2734
1319 1495
1173 1271
2623 2691
18 174
719 911
1568 1628
2424 2478
1510 1528
827 873
145 151
1245 1425
1856 1880
2460 2564
1232 1246
1490 1682
457 601
1258 1372
2817 2817
1961 1987
168 252
48 248
540 648
735 797
1326 1520
1075 1223
2924 2972
2123 2207
1736 1748
1871 1897
1561 1733
66 258
736 918
1442 1518
2838 2922
1821 1907
908 1004
2951 2961
1011 1123
2921 2977
958 1038
2476 2644
820 914
606 636
2386 2556
812 934
2664 2738
2817 2855
2939 2939
422 490
2500 2652
1355 1411
630 752
732 906
205 275
1991 2157
6 66
1669 1719
281 477
2592 2722
806 968
220 242
2567 2739
1416 1462
1122 1200
1927 1959
1899 1941
1666 1760
1639 1641
264 352
2483 2501
745 935
1518 1650
703 861
1284 1362
230 296
445 595
2742 2922
893 923
559 683
1557 1723
556 624
427 539
1186 1340
2989 2991
899 929
2963 2963
6 186
2758 2934
1034 1076
1939 1943
1931 2001
2661 2737
2363 2447
2330 2418
429 625
1732 1748
1854 2030
1612 1612
69 95
954 1028
2556 2724
439 581
1623 1765
1438 1596
1221 1237
2888 2960
1893 2071
1872 1988
1243 1261
1166 1358
2002 2092
2352 2472
2468 2644
2046 2224
1792 1986
1252 1344
868 1028
2693 2699
2699 2773
1486 1518
1768 1916
2906 2926
1572 1594
2868 2942
1181 1267
2289 2369
815 915
1567 1727
1687 1879
385 569
2326 2396
1053 1199
570 594
183 289
1131 1145
1279 1353
2821 2823
2600 2726
2985 2993
963 1139
385 501
652 704
124 300
746 938
510 612
2421 2449
1428 1516
739 759
2343 2467
892 898
1839 1951
1711 1911
1393 1445
1644 1800
868 950
1379 1413
2472 2628
1805 1843
976 1128
1242 1356
274 310
1242 1286
117 193
448 578
1202 1312
2172 2236
1998 2092
2288 2444
2679 2877
1309 1321
2516 2672
94 174
1930 1946
1133 1259
2212 2226
2317 2463
1491 1515
769 823
199 377
1227 1341
2876 2996
439 565
2345 2405
1568 1736
2509 2575
1931 2121
1482 1620
2763 2855
1422 1540
1621 1627
1160 1286
2757 2911
1080 1194
56 100
1738 1936
1340 1404
1197 1369
2708 2728
2335 2507
1793 1851
2355 2427
2214 2398
877 955
26 188
717 823
2547 2621
1939 2009
2257 2311
2066 2208
688 802
2823 2967
2035 2045
1172 1330
2597 2695
2216 2374
113 215
2866 2886
2694 2796
2534 2622
971 1027
1295 1305
1561 1661
229 415
728 926
648 686
2618 2768
2102 2190
2008 2156
1682 1852
2249 2405
2566 2696
1738 1764
2026 2172
2971 2983
77 125
2902 3000
1970 1988
1141 1293
2663 2755
836 1010
971 1023
1629 1759
174 358
403 557
550 730
1481 1497
2911 2921
1251 1351
2066 2106
1245 1303
2689 2821
571 693
505 589
2601 2679
1433 1453
156 162
1746 1756
1568 1764
504 520
2116 2130
1937 1965
99 281
571 643
2220 2340
250 398
548 570
274 302
714 814
298 328
83 193
1522 1548
2016 2100
630 674
1653 1791
2740 2776
955 1071
2946 2970
1584 1712
2659 2817
1965 2087
860 1058
2512 2586
1297 1441
1515 1537
1622 1774
1333 1447
403 601
1656 1760
919 1109
163 339
624 746
2712 2804
322 348
2712 2768
2543 2601
1486 1672
205 305
2065 2093
478 478
1374 1500
1156 1352
926 1012
2107 2129
2836 2994
2548 2642
2977 2993
1623 1661
1627 1631
2448 2624
2324 2332
382 448
2463 2617
1848 1952
1272 1300
2328 2478
2372 2410
757 935
1502 1672
155 155
996 1042
1630 1688
2809 2949
1991 2089
693 885
2118 2198
626 804
360 466
328 402
451 495
1491 1683
1080 1116
107 177
1920 2112
1069 1219
859 913
1256 1344
148 286
202 226
1545 1737
812 918
993 1095
2659 2767
2383 2483
2729 2799
2550 2576
2220 2266
61 83
2860 2926
246 420
2931 2941
2786 2900
2256 2300
2727 2877
764 918
2052 2112
2641 2777
2683 2753
296 426
448 634
2994 3000
1394 1398
2713 2881
1088 1182
1592 1648
2046 2094
2528 2562
2064 2112
316 336
934 944
2007 2183
2376 2518
1981 2017
1900 1990
2240 2332
2046 2188
668 724
2335 2343
2900 2906
1233 1307
1782 1788
1737 1839
364 464
2310 2506
973 1059
1674 1850
1436 1620
335 437
2687 2761
1531 1647
794 906
687 799
1045 1115
1364 1388
2468 2616
1127 1289
821 953
2143 2211
2239 2247
1932 1990
1209 1229
1562 1614
225 283
2839 2869
990 1162
1105 1301
2328 2448
2907 2987
1334 1406
2418 2532
2472 2524
2427 2607
1855 2029
2263 2327
2625 2647
593 743
1226 1286
551 707
1847 1907
520 682
1644 1826
2558 2564
2809 2969
1267 1413
1728 1808
768 868
2338 2504
2508 2698
2939 2975
1202 1372
1987 2171
1750 1904
974 976
537 663
2838 2944
2571 2723
1312 1326
1697 1701
2805 2867
1119 1243
2865 2973
2167 2241
1017 1151
2307 2471
1880 1992
239 263
1691 1747
651 663
1551 1711
55 141
871 983
1903 2013
2410 2530
2506 2544
2411 2501
302 494
2371 2491
934 1032
1597 1723
319 375
2936 2988
295 437
2171 2337
494 570
803 981
282 424
1912 2070
526 586
1801 1971
2842 2892
2397 2459
217 225
1781 1861
2102 2196
694 848
2993 2999
1810 1932
1697 1891
2921 2993
1578 1670
2796 2870
1801 1929
1531 1659
2165 2247
2799 2887
2505 2507
290 356
751 881
1918 1984
2039 2169
1828 1888
2104 2246
2958 2986
1414 1542
1575 1725
2453 2519
273 359
2069 2143
2894 2984
2574 2696
2699 2837
1398 1424
987 1017
2353 2403
1752 1854
2056 2222
1815 1891
2917 2917
2748 2866
1822 1872
1291 1349
160 318
962 1156
717 771
2235 2267
1065 1129
2478 2602
2066 2084
1750 1760
958 1028
234 382
106 232
2303 2489
2256 2262
764 834
2168 2284
599 631
1298 1392
1038 1150
2786 2822
617 715
1206 1322
94 190
2764 2930
2604 2672
2063 2063
2532 2722
2548 2550
772 776
1664 1764
2343 2369
876 1056
2626 2698
1492 1584
2663 2787
1420 1438
239 253
1820 1902
2724 2858
2085 2249
1477 1495
652 718
2262 2412
847 865
1839 1861
2782 2904
1499 1591
1780 1920
564 690
621 709
2444 2552
938 942
63 163
2523 2637
2992 2998
797 915
1362 1542
1500 1640
1792 1800
178 180
414 432
433 611
1465 1487
45 103
1668 1762
2590 2748
669 781
1837 1949
184 184
956 1096
2971 2991
2075 2233
1313 1493
1408 1458
1866 2058
54 196
2474 2546
1306 1464
2689 2889
1322 1394
2332 2450
94 136
379 525
1716 1894
2298 2410
2015 2135
1715 1831
431 455
1755 1765
1431 1535
2284 2322
1931 2007
364 406
1808 1900
300 444
2361 2547
1011 1163
2318 2460
2060 2166
584 760
1861 2043
2387 2427
1497 1587
627 707
2177 2337
186 264
990 1046
904 1022
27 111
2372 2472
1176 1318
2322 2494
1225 1349
774 832
417 585
856 896
1001 1057
2785 2879
2270 2442
1988 2060
666 696
544 722
1681 1855
709 843
470 516
1221 1263
647 839
238 278
1863 2041
693 803
2370 2526
1589 1685
1142 1220
2176 2368
969 1153
2789 2927
2909 2975
866 924
2731 2793
1956 2142
2767 2927
605 799
256 284
85 285
643 765
2100 2118
752 846
1014 1122
2309 2479
553 709
745 945
1171 1315
2124 2322
2840 2942
2269 2423
962 1026
125 165
1025 1041
1994 2060
2710 2830
582 758
2578 2630
2681 2857
468 500
820 880
1467 1483
2432 2468
921 1041
1662 1676
641 799
2568 2676
386 444
47 67
779 797
2071 2103
2602 2614
2600 2622
1896 2062
1191 1319
463 505
132 308
959 995
381 425
1765 1963
475 563
1237 1353
2418 2428
1826 2024
2639 2833
2419 2549
142 338
2424 2614
1146 1336
2453 2597
1528 1660
918 960
2766 2954
2093 2193
2319 2321
535 683
42 88
853 935
1061 1261
754 844
604 772
520 574
1847 1999
1481 1483
1034 1068
2602 2668
158 236
1626 1694
1072 1180
2724 2892
264 406
2240 2354
213 339
2505 2693
1184 1356
1051 1163
942 970
2451 2499
1274 1350
1948 2006
146 280
1487 1639
2760 2902
1786 1898
1236 1260
2196 2264
1911 1963
2528 2628
2203 2265
1232 1346
2690 2720
237 317
2789 2851
1604 1770
1495 1543
1946 2120
960 1114
2507 2643
229 317
239 285
1576 1580
183 291
404 450
2686 2766
757 785
2331 2359
2701 2859
1239 1265
1345 1461
1858 1950
494 606
2698 2794
1790 1844
391 553
2143 2311
1000 1102
174 182
842 856
871 1037
643 827
753 903
354 428
1784 1908
625 717
106 174
1421 1535
1775 1915
1838 1976
2546 2618
818 990
61 201
1726 1816
2476 2574
360 512
2889 2971
2503 2541
600 616
1948 2142
491 595
141 171
241 423
454 494
754 782
1939 2049
2206 2248
797 849
759 889
2945 2965
300 408
1943 2109
248 270
2008 2196
2842 2936
713 905
2822 2970
1632 1760
2676 2836
2213 2409
2063 2129
147 277
1577 1679
1591 1687
2229 2315
1592 1768
2989 2991
591 645
2189 2359
1545 1635
88 270
2810 2872
993 1015
357 413
708 874
2441 2455
1087 1111
1086 1126
2835 2955
2721 2807
143 243
2780 2886
23 91
1793 1897
2704 2882
136 170
1312 1424
887 997
2900 2916
2514 2566
1466 1588
907 1051
2888 2944
715 735
1220 1244
1498 1670
2157 2269
2260 2272
946 1004
2365 2503
2930 2936
1982 2070
251 307
151 229
1191 1267
2407 2489
1908 1926
1403 1571
979 1097
2939 2967
2804 2930
2027 2197
1143 1231
1889 2029
2134 2304
1074 1240
521 633
1922 2008
82 226
835 921
963 979
2749 2787
828 908
2512 2678
625 681
2534 2606
491 553
1132 1166
2654 2700
2466 2644
1795 1907
17 65
2583 2769
668 802
972 994
1427 1547
1758 1920
2892 2922
1384 1584
1538 1580
2000 2104
2915 2965
553 555
1964 2100
2760 2816
1432 1612
2505 2551
2313 2449
1898 1992
1342 1522
992 1116
1669 1811
105 151
1595 1777
34 82
1650 1848
2266 2444
674 720
2558 2754
164 222
1910 2008
1634 1816
368 446
571 671
4 46
6 172
744 782
1636 1668
2213 2251
2795 2809
833 861
2432 2630
1334 1446
1045 1079
1442 1628
1395 1397
2609 2729
2793 2863
1161 1229
2958 2966
2348 2352
2060 2136
1963 2061
350 366
2040 2170
1531 1695
437 613
331 377
491 591
2897 2921
2974 2990
2650 2818
2735 2741
1037 1125
1882 1966
1131 1187
1666 1840
2849 2993
2449 2531
2932 2946
460 554
1252 1372
797 961
2516 2662
547 687
1744 1868
216 216
104 110
2690 2848
901 1085
2740 2806
2538 2710
1069 1153
821 833
1834 1922
1221 1265
863 867
1813 1839
2003 2137
1714 1760
2525 2629
1274 1452
2370 2568
2262 2418
553 597
562 596
1168 1358
650 770
423 573
2135 2285
1581 1669
2850 2856
1787 1879
2479 2517
206 334
1142 1214
2361 2365
2047 2051
2698 2836
420 586
387 561
603 681
1500 1538
1963 2007
2807 2935
1519 1669
1525 1579
1242 1436
1287 1411
2154 2262
2622 2696
1807 1813
1511 1677
798 954
2298 2458
2361 2491
938 1118
1249 1305
906 1084
1767 1907
2517 2707
1415 1557
791 827
310 354
1330 1454
2613 2721
2836 2970
2510 2604
2111 2303
367 501
1096 1252
2125 2153
933 1063
2363 2519
1617 1719
67 133
529 583
1132 1256
108 218
1525 1583
638 778
1577 1627
2262 2360
1003 1067
977 1171
2307 2427
158 270
82 162
2548 2716
218 222
1464 1600
434 576
804 896
2393 2425
1804 1890
2080 2126
1378 1448
2405 2507
1381 1471
669 749
445 585
2506 2536
307 447
1085 1185
1943 2003
2494 2522
345 395
1226 1288
1748 1816
324 422
1271 1277
2263 2383
398 524
2794 2932
2041 2195
1077 1185
300 436
1795 1985
735 929
1785 1809
1958 2046
1510 1628
2523 2573
2291 2355
1986 2126
2157 2251
1270 1372
1081 1233
66 178
1687 1755
2155 2223
2354 2500
1236 1372
879 1029
2001 2141
548 564
2417 2515
1227 1241
2326 2422
1270 1372
126 186
1837 2033
1087 1263
1566 1762
662 776
1597 1659
1465 1491
2653 2845
470 596
101 255
1195 1261
1606 1650
592 692
1780 1912
1682 1864
59 195
1457 1497
2644 2650
916 960
1312 1334
2683 2783
980 1048
1549 1613
1381 1543
1667 1689
1750 1850
2540 2724
2144 2338
