2000 48
46643532429329558 186123178153189481
6374012663318019 127439635396728979
20288612343922813 150106611637528583
157836870307570669 179273570350617065
118703465921312617 146241184552739953
53619138028355513 108593608731925731
189622209087898 165513016172339239
84613214389485434 136908785156866659
17046324479935287 96267035997675929
32617287057073282 156962792350148942
119435568410185501 180212242041184080
16544196964187500 148740161593065316
2680353829106753 156847235559827233
56957082674662096 144913263416731041
33257313239005170 129568981622662033
8731922520955085 115304935451317417
1065287801745572 171336350322252599
12510713730863969 173755585347391958
49825321889343295 168976489207782838
22091075987899537 140191663678004901
10387728167343865 168935546929969027
23233411987446825 127967956343578824
20723314541350399 163308548349915977
36711786385046938 114984022111947740
9449011978858385 160157738136549517
16639439145679741 81749933456460466
19599194793676116 184225910665482768
99462917492021241 132862370548252479
27634880717759589 68580876908256425
77699335735010061 168269955362858385
96650055506186486 160228831555058433
66236064827253105 76856865780214985
98533540146009670 134287699020917751
20595063843249923 174522014788983653
52400676735630103 172891782257404282
8666641010200018 41998148775428793
52950772879642849 159479619026588722
16828572440138983 116290930445889407
38897122894538403 143983256108975677
43790564909176509 180927662342913896
34918997924294017 91565123546966486
20136973521777785 173894861229985097
22742318453055755 153863815377505830
26864382263848711 147882627288902545
171277039229458569 177332600738801878
28145745328164768 33494837140493618
52386887932391673 153427276778053781
50746860393079899 73697395859089773
494696469248769 171867478872443908
21863261663300443 123992936880379489
88713478788909488 154738070664552349
46034653530104882 58147054079462333
54046685970645233 69974419858562817
14256609079925073 77464450417481785
21653188634651237 41670316094193445
123526804013922651 183785097409968984
135446120961723460 173781288025707137
25187376748157798 127315828650759573
32993328705403001 41745316259227813
6294264692040935 120093971668272288
29885466598044725 76341447500170291
77294285959215793 151411370612756613
22632112748163120 173043589180344297
119947578228853595 129934453929011865
98811128573973601 120478801235838749
37215827241340526 127338266490096649
47119199876429857 110414168868321375
25726534554969424 97936843320602056
166759744630131409 182483852826780409
64263208589887097 74864871195811719
77924483391984223 104856196570826976
60747780468210951 170952260129585749
6047578746119509 130687370815046687
34535877257409106 103636339311174100
40847299492468203 128338026516729901
10371458514416593 128175885794117126
40551452701535675 80103009382744937
99178999146598265 157395899448385430
75644181759163081 187554294403275884
116299608520410877 157128914459122888
90874959263250249 161491111398484099
22463678453780741 56038725998194669
19316335427275833 76358857848083131
74729483933110259 100249268360999855
121531618018981455 134461418028822305
101381338052753998 171559156801289905
94267372575548857 154490529871284517
104080609663857987 184519421708825417
90155950169444541 149189158973062105
5603374419820099 132323477338261425
77788215991135217 115567623227307525
15031183510693431 138135827189734105
70213409033627185 76443900177787108
3660430944705801 10418890135442997
17406016470362674 177097454585424349
50409210160708618 157735782896087080
20222312171889347 102843391401474004
50622234516026662 51717186848541475
47211234148891385 55801766741466333
34405877094761457 76620573569058481
7468110418321702 101680759592541893
122920630850577289 137635731204279716
36053737691818041 148865041433700193
63498858020458168 74912962309892625
15572279461915711 124850852389346161
172118492025842145 183611830409440035
38058813441182409 161123283995223499
88915972624404950 142559268710044941
39292190204809697 89237164849845034
8934827845535313 173931860995992365
26822223807702291 111971896519942209
20258873131698215 164012803367910943
56146007260918089 146486884466234698
19570408663220893 77431933832438171
81323080497837261 183373154380381194
100052930092560819 171617157708369449
1663830837159063 167329020703498356
53428439434903699 167519622669975451
61744403341382157 141560853404574794
23022424611258281 33106349565004724
19177537875817572 183411397635337331
24475523306178585 72880129071080241
21351538836218382 90787410879622531
52396296804758129 188215805646626598
62375146629892129 110522287099453905
1182207132367185 14744141620188834
73690400523958107 149518403804927743
97712931094143141 165007082111263253
150980611542996505 170295487318385349
77843741646216317 157691635471734800
74618093525511785 170142594600390546
66478478086626499 140664380664697261
2167401694697457 108950998779334335
39193325755080105 53208436047083612
6045617995615707 27631530070801919
47574292667163528 74599505667105326
73770320560222643 183882848546878821
40943226551433828 174171108208286335
69668630732245688 160995487104580185
25557776607266793 159219834150940275
79073349479064779 156812581825425161
100853658756212071 183693386543901601
85620621789081744 109823245895207357
101017107607995569 110529229884237023
89395639640181159 109189339498451822
31417036735788853 120231433647851773
159157249776622021 161687802718357357
137577439379161025 153213919441902507
52525884477204959 57076322632007475
83594560557890509 114256598885293005
113437101664110428 179030893663764229
85393475028428520 109373950853737977
72354740360896899 146226949642465493
79620878244489725 141651618375829906
72603750182660825 119803220277105529
3266908936051969 145515900137806808
57471908925661833 162343953668985451
45808913653111396 154463071348537401
5744590760641696 124247714794014113
114402873735898329 171468050722923900
7754495538175983 79904933679283265
49831637157838583 93998976104518375
152761033949427584 166713800640374663
33830379324911259 65005942724418253
91577470795398729 179366649617991414
79383147741950061 89130902048130441
71293103241066337 188886954100272921
5280047955049103 180011959793760333
53293922506397065 187801181965940465
75486806806072691 132143086776280712
16160030010912403 80509538353274962
42401060835036565 95026954903141514
99355236152959153 149935394171553314
10980688293543273 125996999265863087
69632579034939846 147274772791299417
124796661380019767 159716714240888828
85693787854073138 173499860019794967
31023311591975879 92941995126219508
108636566227155508 126283986940022593
63702367051437299 102425175163411985
124836082312051293 167022401422907303
1410454540140342 111364345698535488
47914977090344249 167984578623909719
77752618318272953 105825607137434724
122215376123847179 173651089147502020
151735509990309038 154317508485509728
96658262875296935 157627443715020916
106105137566913798 187996248671930329
143260677816613886 156363951848048989
28117833599063359 136066393966629197
19740070339621021 134944045806539847
111892252554054930 140133668555058661
28860504428600041 55122111607174130
67691530218303305 173955551576640774
62606876816368337 152440232390809307
39656604488814619 79582802363299167
64520068675981158 184046211754559260
76387601248260377 131270666219851377
62032928475369441 165860873538162246
25679776206702185 51496493030205601
367208364774037 161648014806620387
4193276665239745 123791479895485583
12380623677011358 38762713343295245
37510818105635785 134600771264521734
37060464134326627 122965449186914896
123263156162788335 134497749674745381
81123999101587981 96095425312949834
30454499982309863 126095345031487913
15407520977532827 30259485654708225
82517182014040558 124917372834418921
70965295156748053 180266137878892849
143314990923481231 173234022657619276
20525250473169985 109954555697466115
15918261189493625 84659088963791437
2455821546731513 3008125638623630
38423456941709761 82799916511600513
168722702733028969 174890183854042595
56487138984091305 61942562878641261
53909843950442129 165127257910450113
50597823133545418 64513475768462901
10224204868373243 104641010303726509
9453625373087821 171993198956280542
58281548714879065 100849107776779777
19006788267420183 105678727048302633
133013304560693985 151032152153373261
32132429093460109 47807319782332097
24564873551856641 26681810325583313
9568946940897251 68551974802120897
127744964299738427 144572605824635059
22479943539084397 51673249165382199
53438263373171313 133173732594606729
65470961954087113 153682329287736841
29394038979587117 121688003597566169
43710007665057465 71230887797254348
117881712572532525 170822452648814659
179689122356622658 183600821848611343
58163607217405527 70681404417204229
6698949849959536 68577851043036249
32552724961548929 170491165062571886
21458260174573853 38377071138181501
136117634901525561 148211017504446884
66155638016222776 135773632771920992
32626139198105790 35009515102064569
7341020423523076 108773537411525201
31598284765315037 155387900813663555
7674265302711629 138042136439738701
11159076817980593 124303706589573310
102342498093962024 151792798508861361
109447640006752209 154292019532681129
136383357686234249 161766032727754855
35089306305065727 48256894660525713
6484016202753454 53672339279967451
107699791987164427 167829266640376681
116674672160660797 163443467905068014
21415666531744226 176045755800723302
11551879440726989 13056317331279909
116481718282443452 161159160040644165
29127178321734316 158494739022483157
61627112684508251 102704678017253653
168357214235738228 168676048649072253
10547229187048411 89576882841227849
11162538065838655 38994509666428687
46317638859933141 155100905378284921
53375037144565121 62964381416425831
86035268703765355 145163182860145369
67347765131057874 183065728478798785
134160954742272599 184320552286840255
395322911989755 129600645200981221
4779035857817845 102333644534982833
7096468570773226 137760497433399733
39615273151301175 154909267112657485
82762493541412441 120220528191667023
25686611374148780 79364494883716733
21904567582605464 80469321326221591
20347681656828611 131102568904857751
76165301434971623 154304646405901556
78417385913973353 106210531506685104
16965437264226045 157238560272544645
46525103239039797 94867611441933821
80901856783624261 97839177821421485
41208444961378737 60016072850919367
55599939457970689 168869643623985425
93063368966610550 176089266727743189
8069880645943711 172955868794323829
44535778656716973 154788833511598345
64995448732022526 83655724895630713
50189713330502610 94170414684417704
34828752254756209 135567927263089641
128142154908266080 145485511860794967
100460729652817321 168653383405203915
104046109062421713 107159115519700449
74996558618837185 165741930811993619
96608840616537385 183328525058515401
23082099350193940 180818700198548429
107144184652853585 127101165044005562
115039281678859845 180338789819280396
173470151944992969 187343511367035515
35155045806119989 85128060135681307
36934150593775646 127636711760848893
21832601976806769 100862272245836811
27132041655692166 112749665629789228
178106300991527021 178351895697880979
94748016098887355 94788198622302957
84874698231759770 84907730157641755
89350530801267137 114556781014134893
34961316182434725 63588550129411259
89819340672157480 96484613299119390
17955141842063009 60009186307572992
39743791880211987 50297675126071225
80401184342754781 117392433350126085
52116150213594861 66891215223323108
33904085954744017 186141577095054677
132218113067723111 151117410953335262
69803844581388737 86346887931027661
115646326236021577 163373927380456771
83321123471967642 166966218448595425
21812243320184304 79280560609181685
5224790664554671 70003310525461433
38903436841702497 103573296374715113
76743506623590901 112095919445064232
120871215655151708 176734859745924562
81442101124522541 168278984361855964
44259352444908183 109894886661959488
38407177421133809 67188851842071481
21361216217625567 182286349480029180
44981924426644008 178736479866872046
134027638671595760 171635994096725336
30200486443605337 101824041411104447
60243571349551184 145777249760337397
21165826464906817 102024780985724541
29281007133384683 87545406128339848
96731595370679025 152473684247815651
21986828883878154 48251676580837869
118731367263718106 176000648052086657
111594031952285337 179437778696702855
111856154867199293 165926320185270839
44296254319014455 132719615046509035
22214384191793297 124978413854196641
137769357765376923 141642440600091672
24185223465323082 72450189151070834
25046956064707043 71067205747833873
74052448824611865 122303646667852233
51829811914001633 66504285989401089
155467531394382354 184568783925199813
38802058670366631 128710178245007789
114078040238963361 173955584866770617
151607572022979503 185508153548433749
36989697450310166 101191702580084993
81205316098557033 165648000397864395
71316032085328357 136766410916914999
52324463665134559 158144573260275707
82788956980763839 185649932882434597
115891183910378549 150892852968684811
104874727993910119 178641735559946960
39741623696899222 72465489087448161
52768418814752586 67414912177882242
80233916706187415 158442404805354247
126285918143108200 153228104248136669
18770721395043279 31512856488701506
58390705040968559 147344457273443721
165887315427669522 187577247085227497
9212818281905836 66823778899042527
15041234749406402 108710093660718672
92494694783653609 174930329776336945
7735852289458313 74706765186109873
122814654090968393 150200919293188977
7386312037361039 131393261421676733
74586045735341184 99140993306320945
85692258792989958 109701691767003842
86235311334454706 139787270268721649
95085905545119005 178610338695701674
26342254595098563 121905948673170119
105593067963769029 113520909047682709
2192214741715585 94955649521600557
121067174539412553 152302159473136593
77519976695762779 178353239430906045
39541393665824533 156961157022726607
131597819249424841 139402323951618561
24074661431380550 72217413175706845
67325479083805645 143132015736214711
94990558057486489 188808119529782631
76416301955871802 131830471714793331
42738702582400044 148309754676066612
12668396402616577 142709984400989507
8224823250267105 167703493001052113
104974621853096489 151962714702005880
82349679627452453 97295847862733689
10100388410791507 154358634114770330
69451769564976113 76709740815941241
36778708037315181 41750085830040188
69419040736649670 172377652355009855
5203283966656649 119544994844691230
28140618890855593 119886972250681229
95937984786025575 183826484876232759
83519731367543993 148996756022321380
159539282962235569 184403184356065311
75718866139306333 97534434587223047
49746617713899421 118955515302535577
30630962188743901 73907533780855201
33477758631839061 45976695927235029
12657742183892097 134505283115010405
43647880921369971 72167873406875317
45194545621025650 61329076325729969
35349860938484674 134919860988956081
6125540823399689 129680613052310949
33066773975427597 38238508637997725
46899069037456206 50510950372708109
113982135188852748 137161105488441857
117335132681876315 124412425540629339
124255520964110613 163319528814122957
24367988064093377 86579522106934921
24874515974775145 120030034305671338
81228497878098162 106558259309420622
16507318998192745 88516425376183281
49420559189055260 91525931824481625
23695986247316809 85575937601033701
12262256356014723 39820165596942583
2168363981662273 162029315842985403
48636872568798057 80700979662920391
62129230208280653 84769379790748849
29502154194799860 80997200088022179
53059343052615845 142191604184280057
108826379415510551 176370570479919997
89022273639534145 116486853791974077
6196591710749887 148768972042011737
13591427302344589 119809243953947957
88905187645103616 105816810412256184
6269156217350886 158458208913164103
55938645872328635 184617636984837148
41034890413462061 69843282837071985
120319139052673973 145596931140799201
95884197762231767 181489171323376519
51015854693635692 128607893902319537
46455297869401155 82427469127881059
96276411117264391 176513032129073313
88300975958999069 178375881337206797
62058699755279981 132047644182170921
1793916872458889 160435192719445493
70186352668921903 147466843462266007
121926341742854581 121933896152797755
22074786480176731 107384282719251505
112653216099026263 152940683611466945
69493532527937645 159160681507014777
103346990215834749 123143467503437001
30183818630887265 154799829355667889
70661869484780564 163206038596141937
104793409639593788 168683714890548001
2617088800451545 41672768468735273
7645873025100086 61546085035371609
72811617075093345 94068640810741554
93266360444078112 120151380603414675
15595437260679113 34305681959258113
34748058457854103 178671023573956692
87678416225282404 143914389968165174
68740843404343447 116691463974040442
90771454111573601 150632596609870665
59539362059348923 95738192216872115
29985548639450397 33151593692080351
6026766915543409 75600773477862281
10710098717923977 131282532018719121
21481200110273003 139697937968937819
3744389106293007 46665081933301181
23632162458563009 151914148481509953
39657875252791469 55022340007750869
113456925248490231 123173743038803704
3098168406577945 162531672555060429
24873359301698117 172970817165014761
138465228004620841 157067101198738894
71391825279898785 84905502315833849
24924771446517504 25634695476668881
5510976027564765 38268512413105889
84833356870520721 92544719060758127
53784703207332081 143408461493013404
43042900899701737 58125354942114197
83371048023835632 119758920653863955
77894343103245396 94591015535713869
129587436001499575 152119551257615024
4027992640889056 155779547123424884
133957236211177961 182499800717615921
173433653063354373 184298418955618375
65268371277399811 162870277550961338
25470841742119039 59248135031749513
1171240405235804 31624752115933954
108656528280315635 135507189750372663
94111727203408430 164477218590125533
139928775787913895 188059697624712961
39073053489960725 85176677149836667
143974963263201543 151540614473131590
117559194175111721 187327495043573181
74423989972377461 167422797080202337
7201583224034761 137559426822812961
45419285747677756 139889618672682097
106989347679045957 124520842915257033
42147231096266581 142472423012376291
49451882887143948 146020580115126355
30906095803257337 175230177105273163
2237240551317081 152696615388987417
79991628674726487 153272979895495208
106375605515504337 112906041674791293
127072315429920905 137741681113264035
46959928851132285 85194345023532713
139703073011238561 172420025575320056
52322107070956787 167764615759270791
22697762311174443 67146903817692007
21101068654932686 102592551194202877
65978050504067353 104707088233549201
85589191716262737 141415108310986441
149278420540398899 164409298589709607
44290870629952599 52981497040509889
57495160222966449 70367404502921705
14156239375290375 54823639192057633
12614514539369161 90169451495373841
5217613138897755 70628853332668851
61685524124516055 140676495566368709
81000746522849237 176617001302344937
33789457310821513 140327400503302288
11639781467500249 52085094453162321
21996312783841497 57531678076100497
21069598481773359 78621762347214233
61446126226793588 182767647684793907
18999628937813826 101806374929755368
41900529906151804 136784754143426117
74024135142203519 122045418412561120
16162602939385461 50264373362944165
6570725837990481 131121876357573689
103233031585638352 182392915911334716
95968632258667029 118579483219724416
11546883126224425 78125971300439840
31329000881155074 98963508621120314
28031341687500085 29010286668909689
27141148040356507 51448959567880576
23619636031109017 165393161929235676
32840409848377211 54157960345388513
62787280358543846 166924197667806638
71352366388098135 98793431921142225
89453971744962200 109374084539124841
93796288430640289 173559379896315057
73241906387467211 155828979529100455
15778388371096821 46871466860937855
54328752941249199 59878789119950970
123061835491395724 141562287045943481
90046229292017043 188488993766250325
47003992856562597 150570459784161809
99441699588754629 176634627553488209
93539825231173688 115448477414929305
101463939563697271 127156559264189597
47219713518670477 122193246307792471
126727763564893584 170745338950847090
15726763011135541 177453808512046427
44779587017750937 153365968500664404
70101310080841737 154075809675870478
95429055165766117 97605229412825001
47508394368158369 122188321790558941
17902510262193140 80404677974962337
129765518512856281 154570046392470687
64772780151767579 163258496604894468
59115432575458057 102181281832454113
87883332299929278 116733235586931193
148112324799015028 173074752623583245
117104618306441485 135282338262191415
55299835659852473 149447503931057649
40463187721592095 82398688137856297
108919536912382901 145789643261219033
38799414998878495 76371350770914722
41208968108707729 52239336837069128
43141013462465653 70859014265346616
100092024383690281 106795754330188565
88225741787323169 156211397616416913
13596459277803660 127528837329284433
57408709384488547 166476852833615001
60019772384375397 112395083100715609
175332820607895321 180167412103985681
33419390180441806 53909622483983257
9780233465043399 80165136926533645
93361572559188986 175144877096339308
1613136865424470 31584534110519971
67204528844121243 165796405549884473
32374369011709603 123458700676784860
20271040474259369 77595384405365305
2201008688468814 120634145434974059
34798139116666939 69598415088088587
130387942035246139 136822673092110425
26393869266619126 165094422392814355
164755565103405289 171160319410847701
88612216228488470 188025007067790745
64538811238366383 98854059532480147
56717315226834440 97296514718469261
28729472688168661 158879131338923625
88505011054749013 134921994946793363
17832271924220917 170069716680977330
12288601014458215 61831881822553697
45427183040049913 82450413942272331
56329579241028489 101547305197930021
15596936195378953 131562169133538141
830636624726953 54364907151065173
126175722526043513 161584549653863189
7396990931464919 75091705237992297
83923955804347526 185786341340360738
72962142283173365 108222332956402045
47942014553236001 188275360520124851
147054787740595929 173070749989740863
36797052383510986 160147278926437173
50026071279733220 147178177389508105
23744216075935373 89863801299312772
75960055716688464 168839796325779997
48303595547888497 134012715549067776
61349442750295061 183163691121425765
7162484227811045 111173904153036929
136544071402515403 160939556232343017
9979908212528801 26673857569840050
17123125149694488 33135019529140033
46904624287451216 158097566913918470
97791102355471321 101629656808439613
62080893220124404 123593719765360219
78945760185336049 125399006029812463
91962129075194737 135310567849721993
32204439337291987 182253960720246292
68464023210646747 158741672228209321
106522376099177833 128539315298049606
31189557085784116 121768402681719957
99619152971897752 169526432775379249
133553725280750897 155527402671664665
106974235235209179 177915963584805246
39130403808270848 158552251824636269
96271267739849849 154997796173232441
133465021383144384 146739846631944084
134716907458553785 168996924371991049
45319140580262635 98605279959235871
101682976136160221 163821925089729536
45428743901902367 99766371098191210
44837881135545373 152656534354195057
56568751366865001 179433526430984068
35475514620636222 83058567408489786
75110044112501421 140141571410678113
53148225273689365 183583798120461093
77435970601471897 162739940564280381
9821723733234813 69675393220709636
2020418308624473 7784261501373901
87320189349110975 101160994638631665
595662759795304 117670566857095437
2968988498592127 77999353588711015
4502495501801496 123727766118026693
58726495073836870 64709017809312171
133529939136405745 152206149061511978
38366884513314981 47580337094572999
47622678119083443 99196345558725237
32364019250052729 33212177248980183
68620418440090265 181193436394089797
102950662382714723 185964999579073899
76242813296639231 92025121452173527
88948429406044652 183214814341532929
61716592140354001 160575676354766647
38567208104991285 167632306313933383
52618527036701994 69568888502497831
13232956027671146 93052597136005746
25140588116396677 36260311072120147
13957335902630474 80010557214104817
26326431017815351 64786693650679529
143280875417123673 157578271539972809
96759443262793122 131115159991194474
31428996960845188 186176771259749529
78483040857591713 145196322363083932
33453671451405011 118730398729666673
45860588862567809 103318645498792905
112018769426000971 173244027373972937
154593176950764927 181667335402232289
35014388364085509 60417624634726547
18244329011429161 103940564519459245
12596664449790451 46232536928683021
9469424386316733 128924542516570837
148438077476620723 177505465774377879
27863995458104883 43786631974024045
80345088199529553 166694099241234897
7917954975662437 112547654631060263
32315979017583297 74764878310663097
85074890642010915 127363696203298465
92111920385436533 161888840073559782
98118933385381445 144056648179869048
78626403151005433 174878109737295063
67871881040204081 168505751948037901
2119498547379604 43293031678453152
59432814912042008 71804177966337201
98403617804213657 122079506715646649
56911762334496452 166026398712543695
11109709196544229 49984829864349465
34314726307330573 156846210761363845
82817811871541783 162073720004084379
115974466707965456 139484134976873569
37658520382255305 110076500470104617
91012553319170197 149515407126906533
51214789433482225 88190637965840171
94646796525746986 150934162662249914
114031945316829345 157208078972349767
7955008650266913 55566654802018233
25926173604910065 123093535264192597
20860368514777988 145474740800019691
50525454108404071 97329683261686651
700564538159394 82343701677050257
58074011889153755 95248495839278481
15946898578161871 31362648162937336
96443279216521154 122891259158427622
32726266610141523 175856234677585365
18792663545668625 112030489812796772
13120823080780801 160630773058888110
26787765250844821 116929119916717760
2727006426188993 170365424372899981
3259844239312406 25236925154026453
22451789776957201 120204105983940155
100746002148593162 136375367428794781
108026349023093254 151270970250534639
80107002037114072 177121345393066091
20026293541755429 143316306190056761
169044297994209279 181931190313762527
108253204670043495 115808156518301803
21992688738502805 162652248990281757
139161108800715461 153143548862782158
13162003832618368 82332884203087913
45738479089197983 90519087146324971
136939521781415137 178900563744504505
3156801867613969 61486455117129357
62916035126710878 184170895253717366
133703699891111185 176011297951031305
138089938874600443 166609581965583239
8439551021175629 108196181759856913
53857593658133713 147935974574386719
13008315771279947 71666198066959233
11521055971735725 90483021544614490
13462837436495079 106522061573405725
6567121478946700 117586023151527327
11851819976285843 61185295596296626
66750082597867768 154657533377405126
7009806437973886 144740343815888726
2277586262288653 37686855334843415
83645269870718339 114422142542711905
99389772060178777 155800850531866963
32018056180726506 182641626925604789
26566640419250391 43966604498923721
56020762839723889 165486050015246087
116576739005250380 134937062272280841
86786598342900641 105395144725115875
98741436124933193 124765332997395111
74529737144793169 110882585582009025
99135701125373301 163711228563650625
1920694113109606 69913308516486215
20300122541733820 114302379863647796
3144692385433781 20661167045633585
46144660202097493 79652777724289234
6353567348881793 27367718580038187
1880188602513817 74227398083585821
76011661266994891 149956737369851348
39366597684314720 56392438012246557
5121975963209345 70288354694876379
60451690678427117 128810437867682790
140024810047245733 160870930167418588
40845929909154708 176176143956599109
82964188103499881 187832153196239093
18871165282910185 159138764889588891
28061809950091931 146155706354851657
1386205898292121 109393509849741433
17853048057435741 117276119755083723
78381828640080283 172216474736059595
105074828108243817 159818112559745832
169507085796172155 174198278385615001
75859853811592606 107738705089740541
79682468951384908 135456688719626093
81560870512340579 177765621344706889
90706154114850949 125357576819605268
29601933423107321 151369929910859467
21620126417274605 177810525068945479
3258487192940701 21769088324761921
61712337096708773 79667663180740835
109744027545840185 139079303475265521
168670751550050095 184649071388565699
23715542602340537 107286403150399103
88433681721733347 174089914751300759
118799163697050742 184230498726369307
25783587936160986 30596838627911752
3267300251925688 46018463270564665
102490297240413538 173655791756897032
43570731116746646 99225417921680445
102729370439359789 122162122710737157
84043459620440461 175918860560036485
29971851275418889 148444078339883467
43416407235285091 155397405711858473
126593262229846286 161501749826765021
24268012731139041 66590065365723075
44066550984846692 82832716147760605
172831664237712357 182209991673791909
65151916330935945 104551747798315897
21040432243917573 182146476992722635
43598083655059270 156468123833175814
9355594314926759 71688844215573091
105222915017706601 147107964568519865
2340607365242993 97983909830847859
124204331037126799 177811960412482345
171158601809825503 176746700324952561
79489310782521567 171305614645368505
3619273715856125 64225754325824177
34193533373184305 56383302413373517
115870522275127639 122685637253885217
59674927328796120 176333095069512017
156691474426783409 185011770303139137
90136514433116676 134038799166508073
39831058531398105 134560873776811364
41369438936778997 83405052275610801
179270181259364935 180710870983087145
6507107011725931 74332369757749791
18339667297900561 182609681621374055
284156329241042 36813108758689803
50517753121739058 135561567871172367
142290243100239767 165737178181310375
868615980254017 96748637931990677
122385457844254221 123461752575344750
47320292811716121 122997745431498276
41283267897895501 151623358024576369
18566399323609099 43572019452538492
101160196280464665 106137490218670835
26977842107708395 66975349562484982
16093359784841801 183351341530052705
74768852154361777 147206763235618884
37810159653826799 126351078953133463
13514620847114659 135374874058143126
43109129196745413 93192289354209422
84791488892320782 182948606448814431
12655854753587537 57734326787869509
30178181966815161 97092704229419901
15019011661514477 40206825430159265
148079204555602500 163217642885921181
16441497729330868 137897810221098941
25198073371582121 55087089561399068
78621316288700072 109160400289773181
90829669573986586 92032099641146466
5345982728684421 48345441542997040
8210070202295991 79224694415674189
42832172299084071 88785592882866904
122389377258403805 176462768264958149
95186204195923471 182179478207170154
125217721329425341 187063490516510773
62271667135804589 98977200493962600
66727801350407205 84029836330105141
71948380964648232 72069426209555606
4126018958543182 154924579801034853
56414788350933678 63482800552306311
75978171692843535 166669168853764679
50779765435006913 133261377891956749
63204158350689871 168374774721855808
36778200125149931 106616225878301077
12058816200693679 77282019262238289
82672136038992361 148879141458359701
10773205199604558 186741103678631733
79302799761912103 152499124735895867
18098376372489873 32286365808032712
42161797772122401 144687952502096372
75991107473819487 95569096663991018
83396007263729053 149284442888892690
4421156137191905 58525647742585253
102591040305371681 170602778803922273
35692363137903332 94523882835288915
50980016831916018 63052353386039949
2851885805839761 183734588574455261
14437222775209597 16891670833217132
32450619635040371 109602785384632805
98972462513504225 180263025065766809
16886674824588629 170035243485974565
137524320344703948 157169725307209070
74812875541874301 135787398248939949
24631677455180117 40573356548118440
13312479787343981 49852751703344521
30454272600584127 168666839116200182
62403399197030877 146266809015602985
154791342697885185 176299318228956273
74774866510924957 173566909100118262
53721054568282275 57779183662479243
99501000790524613 133192682224602477
34426648853294289 59374973467913049
62574830644199609 146182392268986025
13223593869300237 23223960704090505
37474074274780617 147117687182174813
4351057020925703 63733281651722637
105727828379868681 187438688844542953
41685844909648697 48600087808919797
102279050333707584 187898460939752183
29886626350666957 65828162570699101
60353175952064099 175445347912256621
67419078904259076 106748120486462865
94648866987138647 104679516370009369
63379666584694425 133495995807447809
48507205028915469 116602287234308352
146683998698626621 182511633163267364
47438289633793947 49241784326401810
31888177412349819 110607523168318105
21755165469527839 59884893336804901
10893925740122972 53463884627923809
137212212296846354 143222491311989907
856453964892425 10419913741344213
98537501222021132 117130947297789521
43759639930331337 141997544647778986
40829903352805633 150601121267618119
50264857025558456 82615866592802797
27166994565142301 165020360923903121
12227520280815462 119974291113139791
39913000992777376 170791609174655025
25245289915481889 67860960926642025
65907393742834177 147862793459366717
9220343307969881 96846097043693109
81410236697663765 104651047989543821
76234996825095325 155666975534380927
90435973293942389 184508879565482417
39547676086757470 84116184206998639
10946356105774899 171877550573257803
101900761422716672 149584739894449397
100668803482953161 171914435729784193
49270795749344121 136004316182520373
86507935859311209 118434659050680209
30872522281027238 158100536704804561
84742178883072679 182431233733165657
143693566846201449 182623274584912565
172353841832829269 173651514743867743
16499511260541713 145444874269703012
50738550923195808 122545278762877923
99143327860766137 134005550571009621
101067736261297895 147283379095817565
44915209552247225 174801415427531761
12350910250501017 179211221590655933
3704562384473987 17327717653230873
132991099707990981 170965659661076867
22028377902033545 69308444687316941
116788119826489381 157833444547782277
76143372723126369 121212821895634473
3685491861135874 157730535502996367
1404048127699999 165457915361101307
43717297146144679 179520138632313961
31686271180351874 165561389185468025
9497209855512061 100683062100060695
85661271970143871 176189369791345233
29792124561400741 88702406798508609
56364545404485145 160518798426243525
32415675942034403 51853966984293041
106371975514406737 172961482227117613
25947864572329141 34435352972804837
22613039309097406 100506657900186945
20659370679769609 60025620893169859
31590194346212883 49280991839878833
146635148319675205 183844975025714462
16630764031009777 156224433100156679
123442334759117897 170814148200520076
10666320839502642 88190345038764157
22675020849712433 125779136685641327
104936058568763897 154387411293169643
92650293923227809 175241385436384125
87332793717392215 99909085457100452
18311546154112303 28301340639217889
129548023550007516 138901189942013857
90595685511588509 93066511167057617
10712884007591073 48776028891755463
96034446848385105 159238936574176087
90773735983139337 181925133990702897
50521756000154673 158415518080540237
102829972561012975 133345772100825580
78943987928890420 88091258818824141
130018400675178181 144610229156474367
36716839857239601 171453511092752825
77367067586150601 128112072392243163
70949220185082992 172615813918932618
50721006982762946 54985622124646865
487300201230457 165994464744270471
43871490217936361 147613008082751087
99674496274515038 166026849385760673
23037095811315959 139737349105572180
25096591502342868 128913657562795632
40456559702946013 163177176901554916
65330020793772543 76297977740001255
99610891415297865 171380702186009359
33271083557300698 63831702270924407
86810657978139256 118743836354266873
77036712647820077 183173761250710873
58536580750640840 143617971451253349
97838843257274947 126376708168439389
1464705950833139 158785376718543257
24789549159539894 67098479657472579
135953237005558517 177058575956899049
87106424232517694 156624737979022293
60462718888730099 125273691274000145
179908607014878723 186272327086664822
105800394937890037 120704026668168393
69926906755295985 176172823285447337
73874749525225601 108399026119528133
59245738627304023 142742690077738793
32537119275783073 59528482653243073
81249637559219053 81996633604555034
7262570463280073 12618061955912452
139519754376739841 160589267788653057
20788537998314521 154141701586383259
23476153447725882 175553856682648753
91497649056579723 110070496593447131
13138894169692373 158517418150634560
1471009897223213 39666190637046395
47320816484421463 102784801111616301
50913505847583427 76583810934629316
51458312325774320 115348402523800557
62803876649071681 186857822615438433
24176328929817996 30937525751921702
7423539617092132 29253061904742593
130828960454260099 164004243457881391
5538237402205803 118822361860234025
10247237168181745 132012580081461418
50626922141379288 66058933461106849
25717058806849589 101557253006045365
7309631372586777 134914809357957731
130721441819394107 149935157527661941
31477529583173051 133365688830574353
53331809483638348 69269563221462626
140986804310168304 148289412724483913
34760510194059838 159178032373782366
115887910104520933 185518514549045735
92667994646316921 174506263648862821
14416035632303201 64006570800672375
151265619910368214 169510653043236593
51571081644536949 151275362120676889
27995542525966710 99857514110732585
97193743080439577 112442385000426933
119090239824145913 187338367362160148
36004000975954411 121340508625946057
3126159287603143 107428570004316664
8336849559081471 161404348720453175
98533371553025098 126971862731300986
43559293481660262 151765973142483601
80225397510267137 150989479360295564
11224360919244809 145960212255508049
47983794816230062 132223500978943978
77127457872843526 118324754375119139
43733971766091223 119070947848773394
171736746573794417 174602542083602279
105685761210539314 152859528587984737
114930059092199917 166070638990803225
51920418903916019 110753109920040177
97169029627348842 122579534350593097
114227713660662563 183643934467244846
35488715491619583 98677164804955882
20083602561655137 181744588044568003
9206624668877301 150661863770345201
117373419061118701 169913137161489751
15709338449277100 166669623839635939
37361932085405313 172581616632827501
23264658997285473 125689988843513900
124458317755924879 163147817088914899
1104535434949636 151618707461327240
62235478890032503 161235659121659582
8418849601297144 88767358674634193
122545661457122291 171780860059392880
16439707066659555 50398443615512909
40554762584563458 123875612990793280
19222398591556857 144533000450376465
732000717630082 115067842048232585
56562433687505009 114020605421761639
19457710289750925 116025583706502589
30724089530819240 111499651210930975
33443187285969469 42454503077670037
110980698003177601 167023583211992633
22347945894248271 147494569970874166
54980421394507015 119180539802023491
22348315223675865 66453495332898941
41115270987690019 156797642114645245
115559797910949458 176864110488628253
49707203834108798 147538832939575747
80566045343919501 148522287282298113
110471277072525549 112138928791122821
11416192964131889 17143564674111797
4161103012326405 13660569678107701
57696221256747398 153691132606506125
97664942126479687 127671584522123953
35450732126289090 150215084212943845
69830144117634433 122264084421402225
50602635709791609 186014304985778445
19351707224334889 33542371543475850
66964370443433534 109191037281406972
11446971676795017 40596491238361889
35939062358819835 102633619963851893
50941044298085390 55588287568298009
119062569045865972 125544440707955431
2428457687472645 90398245309555717
22131288659924073 87187198210197737
32727762921564423 89785981782797189
58324943899559609 180034620388511950
34987576644141145 91043360603765257
38859927424172249 143357489102994944
40826500937622277 70028900475551195
40957044889456233 161166985054427941
67816863962766773 181463959325708509
136520974117320908 143487096373979759
24350023155603181 117999925384464495
176968797156743005 181155719369209433
66655899528339545 172611730314647731
15200760152054725 87592370500327378
142721480396052985 150152452693546065
99595142327557621 102437420328205713
52467147654002385 142882096929109209
42987665016638357 80421072595423953
144389604214140149 154796730018820617
30036990267360825 118628306324134897
23882816609499608 143177401422934465
50591199060927081 70597464646648047
36493052362069227 48531368669669187
21812313713346713 45974158128482021
70914088399698041 160526791623017251
86652174257531559 128752720693686849
51060864065054185 129683093489207931
27114705732752997 38432508008984821
51137774103803649 78048018453556574
14955037788991233 82696924406762628
3705833709302067 33910543418879483
14461320780898506 188064385088710577
95477988175996686 136435079676303569
4266924600659400 116786194493143975
9546110408347985 126784800758554394
154443578169553751 168470356131947637
43160504834253372 63956756891751077
94833418560609397 141677548464723123
21749399429709381 172530280833090405
10701162885047429 124082121986476795
67910414544146177 119560787581139575
6789024836513045 42420905210767377
138181357586703681 184954689321921765
85434200396758395 139014713966794226
56347320919970081 72935141997968413
5769110122099319 110876835820192760
11833144864069035 23942176230762011
57045256949051509 165794322364937785
46506362990082810 59015013240071921
31453967880102502 101653588033835034
20768628912416929 68134090402165033
7371078163173678 60238400685769549
42758236437182344 63235684552930304
12108540472245877 153082416876624793
26206026192440252 47482075934258071
114625543241886679 156508878234465307
114119104992336166 160378285837997549
32604773405709261 181278694650922517
17636523220728053 179711937527914705
63595356301512975 83384575481405303
163974074523295337 168402485894968832
89283107726944837 97865200447461424
16891339648825721 180507315354620619
2188018597141729 87654865655048289
125265840340232951 168978657108349019
16386512083268185 123838033261255563
44429931098474802 52878438750661825
103549772192364303 122190965013834290
52006942274380358 173509419250697017
102087839203068661 139037183100823485
69334714260074841 157063226247931186
41173905130521796 173416052245240337
10445677860860635 188136514514530271
43586403072697835 186134638425541207
544661457920495 183589038270687449
153540326203030649 163880701122641107
4043059485829722 96815715310806009
90708392570561681 181226656276108861
97178941060724524 176808402157890311
31911461964081749 143365396716808246
8317339472181972 9590099283403769
108289465146639557 131552155747623759
94989771515219745 120690460649491641
14245785994187002 48541014899607041
104436490788535352 147813927265907945
124183307127004239 175685187539151317
141108034699756997 163956953385089299
4130147850004199 175667396236531758
20657717755562212 63512283662452278
18603340411281561 83537480691343903
114885042198266792 132097129148224999
63336452789377351 170436164244740141
70296644682958853 158622446109585641
16053196703303635 41493355903905665
34498138360798193 168981629747756581
66946257501954095 75836485404984311
1015889091953009 3908046538835867
105609988032339851 141436905470521301
62170313881164118 102863954333416651
34345292095412736 176726135605288200
20167367989373520 63411932547953188
36001582502725499 57713953958422019
86158644120894830 146005884605151481
114917621858023945 178379913250061697
19808854439676624 50577573947652585
30527838016094161 41546018414057202
24405251047788105 147144217835659189
9449723973541630 166292176713013215
40696336824561122 72720454614388529
91630084209850203 115812624970102830
77867264138194749 185547207967624069
35546822707086217 102310239674231710
23259392938775852 24209920279378975
9221700432620873 130152653395739947
12472041500067359 69911447041138398
35011501546152843 128839047557505901
123833909598488867 165812368809409901
54046125859521641 65046669156379017
30834268952475943 60290104054220449
131797470588531861 165576428997334921
21128491620232338 137297579324188859
2414674749607105 6167603789478807
74998022784518044 179334083058492408
3967971414520191 34828207337866759
34311067406404265 157268460773346001
56464290489214173 171103757422374525
133751739714249187 183275944747554511
126065088307544788 183290561078917814
37730621112150765 144803014380131927
12171337751161041 66724085432331462
156191091989959269 156853621417706585
66594060591079966 80911993562758519
132670189579691394 174512548961519901
38030844470728157 100780910947281131
53213986221931968 120917153869770147
10900555227715913 33593665038913885
25166152631876305 48654729216886101
132700837727498088 148591270576348763
54541983297648137 124630904929771508
21423816285128025 113226476377158610
5591283314414913 135769266088807363
86229887432972257 103498568912328293
111893921530878039 185391192038451926
14952473217556816 62611346796027658
151880467420394000 177765083464141132
114006279158902707 140600944705218001
100950826025130719 157858658028335587
29036849784852206 45859998560712201
17293282990115110 146746338217315341
112895452068183676 117311453346636123
12834766684295441 82606218284267189
104164170165591475 181798347656673197
3025017053047121 186231295518790577
9037957908194724 35860257879367867
7745889434273241 25735748213431637
5306353984775627 33522607074577635
144178777362241617 175806548253425487
27703307103843147 133717957562546104
106357198406947249 109207334652413567
43819184050580753 73573392206444685
39245838190645733 63007437911731673
30075816191361937 54482133937663977
140865276107188666 166287664849231305
66079276406118721 127848624992646379
176016793407418349 178933981079997549
82236966440362105 175682421519266721
73673566641106629 111756556387852277
8817830775711446 78020785142468656
11532552661155278 47758832425179413
138163485695862475 139270386996786354
93245052458326843 108908953231184475
1707734498943331 38269036060884167
7139497541343376 65313532177682713
12138170416211156 28262850091781748
123719292881559932 166706450794022641
6901083737210538 122192906935455977
4705238474652625 72345920280691781
69680041509245821 132397462354645605
88919851231907803 154927771236253240
59035202614843385 64496893425747256
8484948043522993 39683440239636449
143146940011047037 152555116947937241
108061238019627657 173487574821145729
52016505102929213 127383080957043459
87164647599401191 125630489909458512
67273898707034433 73200261509975967
65835863146512367 167778780492292952
64538333128916162 105496861904086574
8292882912984641 134546353300765036
135668625044458710 154663024049106165
149878935627093402 170194068081236257
52669639695653653 116138634710952633
70902231875386129 174273742206529685
52605304442907488 118293365710211875
49317091588023393 159086590359056451
30540620377681445 143339830387977033
15214425934448125 30755092668042751
22788231691936731 78556004012470214
28498395483219889 32792725635354393
112367181432118537 118441856951577637
122605414409536593 130945421087520157
47704047782408439 151773668767523819
84548705072258625 158554019742886453
73121396622741646 177035345024461981
85461191053312324 183554649212358223
61817499166919637 177708311454549096
38079813419891543 58780636622943581
1146024524521941 135944510037245225
80628937241592726 171391306521776601
12279511088836477 118538475805441165
119352704945287795 133269839537104719
142567602207440777 152385436304148682
17606634487945741 61742675326228617
37564092923400265 83416744625776341
77938984286754711 162075368856379145
122085631485434056 170444336445189823
69072879421433469 122561081477872841
28767867136781548 167594988389394616
162646483215691672 169515310131811473
25374245201690581 146913182129075185
28797702514643114 181187464103538733
76878372774170117 162994695119861738
83007941868633137 149684290747863119
103456044934695278 152793616468924890
109972770278144417 134545504394283375
131766371788800445 140142783121677892
42767035143198953 87495784096695865
42932514664948897 59794131939045199
50343830846984081 99560935627209928
103561674559827793 122837122339890501
16918323770654621 97388074655019649
209233262804905 137871186308207021
122611681513204115 143730774899592005
48184342815313016 61934467005419714
31354083783723133 174651238336665949
84879927310772203 98546931735743013
47402883101254393 128407311756331433
18542337157308888 137499744537601393
124810538424879131 144465755720187651
547807394258559 170602801311237009
34224199925182001 74300850506211130
162623368610734333 188106937495089595
90921807856032513 158146464461234687
15944743609435338 125755530305752915
143591266883125176 184941423534413811
106744811983674360 112784929107033461
115628021380960238 151381970329866303
5903837800624004 141308635787245744
159727350376237841 167869462948532059
34208464177155383 38679697516904483
3236850564560167 61515697290967497
9666877417713066 156676148679259361
113144544811045834 129858056489444594
18042911815607226 161402612015457421
119131235414780517 140103311376882785
80677144460230822 89496631287885965
92202974698581841 105006091189717201
38607803048473367 45458217534855599
74408957944902568 93757713005536730
72049356731535111 95794768935696973
43875257008943618 52407995428083723
48568611369748252 171355765854040365
164907585805077410 177959894853703749
29714070905670563 179237258153693649
3363022641563057 168817430327965517
59593537776908017 152559286614213697
40280633642441122 122753228784401862
103312326451027214 135777247101280927
113440071369677865 123290275038813841
27500688534282017 47884179308508673
28843059181274223 95576997267918720
16687861913846280 58034631090686593
40301901785509185 51614327013898192
1790359563065818 10919038262320985
145877157529737938 167736109596027213
15114442284092121 139547461588387916
54178872212898953 116235708259190051
44125500124511929 137857937769248705
54909767996615232 156842840095234385
24054705029860897 164823016467299763
144657591009852071 159402572930113619
34225943606317869 112384794766323130
12831190376159346 28153169850622937
35015753836079756 178458404952863080
24528678188118747 98711815105899995
65385444688261598 141699964898265369
16387373616203553 55521557058048777
5297768791122217 114018570651459177
121962014534882770 169341644631140261
59721269413313801 117359585034847401
182406870088304841 183717723082111653
63938678090459683 65970300612228927
154660266573185161 176869603755263201
2437714871392307 114342056635058517
130565374167614560 165283630575269913
14579273981336409 152615521888370039
43021150869210728 159524660162590073
21559985498991246 103948428624590631
13773716250607574 109991218078845674
7551519724798594 146750148109653563
77478911918728495 131969863100985188
49433294079338409 67911088162501242
38932599628781131 76912135854035737
100754119036204392 119489963828294409
93930662878387397 183313458035643433
62758758840529381 122215883630443255
60229788023744705 66421200492844973
43830610499653370 135979278968937497
68327483783552339 178092505510165468
3515089141854193 47006380350943070
125914839029722881 138676299372411925
85738760861208916 176386458337335278
10865344730712243 62988970071752705
33924819467495341 126041367409605285
60269747081546731 136143598173138821
92151486430606581 161384198834511129
805136323562279 91718816628039673
58859118006327121 122460815379813317
19278663805412117 71756747042610818
106787566675557362 151582380151917172
7485065070827161 185455026568672525
68676098109518663 81536154259979317
109228578858000113 131455111036038973
118898444760703418 159286912098796449
112893607649080441 165163532818962528
48143719308710085 154708494163175019
88963444488289161 136222139833488976
2739338265067655 51227989634643463
44210446957892276 52462460999482719
62968321406112439 67811686474365799
96718778337939554 122057354149733943
31442497262452933 175528563501766888
12712421695751437 138590354984181402
7331495040331431 62829256526157433
96400181485017517 149755271553892800
45293401967141561 54523478695264251
53372886206058856 142615718481624817
20504440099604793 147000332244825654
22420302013755201 51685573205439173
14300303324414893 66614352093388436
39696292159583006 79608525124236665
48927663082787587 129331728677591450
32087159071487759 71163570975185630
66960751488555115 81479761564033120
132912018542056859 135916814101253177
28784545743442565 143167050473955929
38652801052007961 112113945356407501
79255961573826164 134521485113502401
69487023019400598 78303633066763795
90118302531369399 136652001120584969
1093077327753945 51885568168493739
46767568188147169 65340719434750241
71815464183027669 137740150073446202
121936872984258223 182334130339007779
7716293262932550 55707464134883065
71936751239522137 146779979909767181
115683591464315337 154386109899489955
131256436527420393 157891159683546661
186041728679455546 188448477478317334
13865316007431657 129885797470474894
24428719803691121 184072897242894869
6305379977217857 11995702601929173
77144080416539945 107741491276622092
55465568465100105 135173456385654761
126770782276151817 161290720000460841
153876897708366593 161453336182497233
14341640341177537 77965372351508082
94304088995636517 123002059809452249
177404494470509497 187463883306206535
14817298049662333 97937919280886397
36077162422597346 149851414626002102
104615080829217678 113848574659125124
41637851082825065 136364015291978813
4973124184842691 176053491145243455
89609899435887839 179690772257770611
96561412755476249 168290866819541985
3430687401308433 30248588909459495
31721313392103097 85320037771201601
49024842143071353 167209988586225760
18177883980911678 70956045910327145
131039915132521503 173211962349244638
39726143660626701 146175170657390377
110207190820477889 133235898157111575
128703758026728988 160476614063249147
22945105827862321 182566576332956145
55806440527622631 155134285229119649
84107918056880483 116144513510981079
20323075791250177 145372157719471481
103894593423093593 149741952427146722
16173041138744107 64671014449565881
52111604531441078 186131990089280593
15122774838889872 53774057284424615
92369045881315071 169874286708178339
83138371917336091 144447875923098073
7586903703776739 89781207717238232
13105841270803850 122034956984053221
55644363073162927 85318661265232587
39673443106975053 138807142915246120
109554547800946421 158877933313148743
32734253854948830 59774167591054538
117635905144113101 130142889384205473
79867582787765875 154443308319183753
59636361909227233 100251405413314401
136315588492136385 160889754116842393
4480009393642385 169982296300023506
136930864547753363 169971570804166725
69881560641047021 131347278502994030
14116899008193557 62520550058574121
133194711030434957 159295563957133089
3985981617613473 101964606889969441
40822198463200281 180537075583513969
59057017954624992 142761820908712821
116619970741723244 156531919647122643
85752184786951089 126505745022021051
83148431103002688 150831686979576065
21271636557835889 90183770801911375
29767700547508275 86084853153546835
78542690948799195 115409173354743544
118303518653968121 164076290667446669
126488330302401817 185371829533787232
76969245495481173 136296633232665249
11792487603963935 86834064007382700
50374737802880924 130605521967188334
161985418844972569 166641089910797035
126996773464403433 138103987507509920
62536374876182313 63236208646031217
28425372006285537 186936825738911839
112190146810799191 146738505243923213
119174685383366949 140417362222038462
54819533844769215 60662534153666365
22827752491414577 92415107237183333
100297792854724485 130104813558628818
175372868529854809 188764813809069695
66274421207703231 167284869860292723
4536391431209721 82780652647289216
65334411273568598 111193672983386113
56137529105430473 93054340566306853
62974567663376910 174738440584216912
42582375633855225 139973501596739025
39799878660254529 69754241003240319
71485005756922115 163889457516712705
88346628925021057 183974704057472263
63313869279150097 75599909782270645
41569267596191049 104908742611107058
57238083767317713 72949098311930289
78045550405592121 111893590943339340
60311251713170185 156682650087143137
10190869236303028 83879463817112373
2541516435976373 155867140154653291
82417389604104445 157883661660938777
113316220718209520 147522916543312931
65085217971646125 175334811605211691
9307643023821389 137186755252479257
46186110745006803 65830964595834013
125486255038374105 181467492010117342
43150229991139755 147349396767461485
71570075686610433 184662201270201497
67876483115662929 161866628140130159
42773310151377036 160464662721228185
153073267402143555 176638197917797308
15819898267151193 48665900750148419
12600603038758410 76616949293403571
110201634368184131 178270248141968369
85005209419663097 104548672048758889
5829869590750995 185925247768692769
1785076598934861 79741175994622673
81854985171720757 142293035477416257
20266301433374375 156048538161935465
44826650479136941 117572382944664505
88293464584485993 106353397869478905
83472002445572663 94428659258521407
75297522187427323 147337732670045317
16382826276368745 163569109659684569
7353985966792929 164339089052995669
102494103135446671 124107090036148125
14638416592001057 84896376134181557
11575645537039289 142326960921900881
39558914683969401 161851902636933972
6813659614729530 128112917766718468
91555513535557732 128042087677624607
156197932306732540 156542947377254818
68337147023906125 155255595264792776
97841099933891893 104248688071787305
44850466815200201 185060758145188983
165884392989766613 166907570930418627
13362929052310501 108149294670665729
161471563195887451 161655017705264549
249281206268361 15014896889455282
26865185785914273 35895107479933311
28577906488435309 112851342078586966
3767952319269381 70727364504259206
35421412309178329 48389805239597960
115650400418853406 133230602333100945
88884746032959073 179977940272157073
265536665923292 143570654270257813
47544996055015656 67231208598250484
43316302185769275 82988344443619495
77338921438123395 155467367024332969
60304976647869509 62804900688585805
19071701129254943 58886275421016785
7863850627911877 92558645786330946
167922000396042601 168444619160181417
16696831383202321 168112532932364059
32393382623511897 39237610071849519
45387710639716306 176779759528078597
389626111734169 170777018884989025
62600376569076043 171943270346044913
109793663711892517 157210605105430145
18786889886635505 167665964875813841
45933134829119809 162054404036294489
5578443023417299 86810926517794347
41371299932922921 60663808972958901
72134102251724741 175188768975076413
33155724554067835 57956390405413857
8538227923950303 170944590508034849
9880615498246409 120003813008422201
83784978492947321 103769288873613633
35411450720859903 188253090940637321
16660966689341304 20424446274926716
28972317916323450 170182514021909024
40176147095266353 143865104756553696
45907194266632805 87080274628470455
17850982354993940 43691883011078437
26936107719833127 100854438386633503
79780804503993225 131395794592481775
103114853307976921 138864468424564149
45017661907655339 61804120831155729
103203730747903932 117539396547220261
26961469169724461 29127317057772199
17731120241696165 118731081784197723
43362521055652501 88200874710762459
78956489691027049 127226412922656503
44747672535121865 68369892052322244
98164681802561844 170901221105843401
92803846238757179 150864209976861443
12216766659184529 148986061911503470
53849189010282263 63716474550515415
5436243459994896 100307259689461065
70423201612602929 87313513756192553
76193475702958373 114711608441266298
161163130515912417 163202248396093377
52426364915453156 172364058268994621
35191603329920216 72731243996609323
172552485926150195 182965036655929985
4941310985472521 104299489166780847
76899816890195762 117943576758812686
1816512560879378 64645340053427841
175687819943410336 186112338146324171
55576574639674693 97054418578537865
70013857523918341 110489327277275227
85428149282755276 101560950173992641
62780742038789025 75414344316776539
171390229317260929 177682769956696329
74301715859677641 106010789259859836
14946149701785329 47775910954803699
54466180172944457 182051033657604955
3028871759475031 83714325387967205
51072227929786343 167377522453220235
142593781054478181 152890159068974481
18694155225789452 171389860317897417
22063896446469873 41212755810276161
97825820767994905 123463537948207206
136640815001145665 176558614324191330
27458710546572493 58022660212391596
114749516210580357 144833912791860281
163096392128065216 171810475412201515
34864807545124992 65831624717279898
5249965548186897 53788170719303826
65884290569275381 177065978832904458
50245751658383045 79736352018331830
13869060621819838 86780846391826033
95020944303217263 99307906920324069
20496661494181972 102485288613825573
89010599536810241 133070938664753441
52374457423591744 87097467468808345
109989085312349041 131461529658662342
13169364907698175 167219353350955309
62195900783074993 183650615334593625
4544871349442666 185907909938631457
13566224649635121 166194899073270488
24502056527231157 187257210848414279
101025369334926262 123712302011330427
14371643714806151 164638082893473449
95269348509873595 160937020074680205
45243004970153381 115801350484623427
7695399939041081 21571893971689033
99156519488386361 113619646769513111
138464528447217061 154775558135401785
33137292702927205 106237302944668740
99614549920802177 133112165831265149
4476807470129581 131422576084844161
6418106727900357 93302103411648349
65231251220922812 169458795145530688
85602364946169168 116887861910775717
70978080103541969 125253837814937229
7265117494152097 50237551329722935
39642500797394653 182535896307221337
28142055528574398 38644508310695297
115735341069646129 179810290671304903
112525711301889329 185417029860816613
118735558761629419 166148420140887875
10170484179208777 45869770880193289
6859323946004881 12963126422600075
3408935219353841 148842812717498892
26975715255562721 167553004623385428
6423700203748187 35535442285060193
45497037225753169 80585591640336618
56445203400805444 100604481713073817
121139626584185501 150089100187767561
123247265696706681 140280944760490608
15682000770666977 83882885167837221
48586007644601332 110816835850804048
52991955500105777 67045978177548481
28779757707087333 82857189343552275
147509612760257639 175436252500962691
21709438946806775 45219403737991598
38987508501579345 137582445058807723
93807743103520638 95058816565019572
24389427514507297 172906545633145633
129780575377427497 182686257749673710
69734239186022062 169804214539423801
140844629448311768 150600405950416207
109426343603138094 113897217868185887
17514809772332518 164813118658493601
78881354772980245 160457922188379068
28201025939387657 120093590749945353
10587821408754077 28740426086565985
144297605806981789 146618476249025425
27336376046023110 134528786482859875
47564592027934549 90275602249088438
107163607681670657 129659378767117801
141900168410762147 176643467744861699
40774211493401458 118102646006553151
96956903962714451 107152282320618522
83447801872975417 106438687035165861
10291452662980201 172580683768802097
118465507931517368 130581084777902544
1233386806804429 49225584312753333
110368110546993627 123002725651527119
4697381514256509 74687446390176688
143078063990312179 185976679140002116
5538032090745527 118269428101897321
37894542174792569 114305144117910823
82085534273407499 101038654713831393
58515249667348597 78763643528931266
86001190604318277 136251187460695490
135035387776846074 137892394720381443
5995823697775790 75901732930740536
4989006868976235 133309829453159697
46882254625998110 183625456679880797
159809574305938081 187788287628666177
60266181547105861 91027086464283429
112296222523835673 168008697272385762
119225163836693701 119300595998366723
14814823637803717 75742883017581353
102269174276661721 134406069091142866
6505566729825953 150250710971700429
44234278129139577 47146848576501910
69555589475045176 148909252379364972
19952401240181874 147206381954838333
38396533178475740 171654186243880166
77869547010419723 81194231641786425
70356602100713459 127146070388771832
86862263329688661 149014152050930785
12411710269174903 98620282362018045
12970704731061929 185379154745843633
143843470292903858 182136228352493849
121831395411143967 175486718923740436
101585265889072449 114120095594391405
95503172492330567 144218918853089239
131794006711800375 176975850967082553
151223734662413793 185082666020287682
77194608897052571 98900195680073457
64959709034400589 126095238784791927
105126201569139525 185854330435340000
139734854974537252 184684285521181153
99663668814780485 138452516312603333
46024391431082945 70479932213734436
45214914163561222 109021347165964733
72955007687087361 107849254573351240
47972722842406081 58894260918324407
76686940250373636 114386201843871477
149305953137342089 159842970691897144
63669566388091446 155446540295081647
25990272776026681 180446620205278405
32459974056896165 42289167037770579
29754145736456206 175503193665981171
93811893604282316 172050958612962297
33634391463394891 97490215216960969
12371737546300001 68682479153262983
108494764366839553 126898776044166471
63844030389693421 144533049098579687
1600358261298325 148861880625737998
130888295701301973 164739036394102513
96622018987643477 130402326635411033
41858755398003883 83210390540642863
105327628428614395 181217768559774878
48392219875362021 98331302681427491
3205028741509925 39443547097316314
18591102378361879 137908919925607833
99260632610596275 140027845313766689
38085565010785827 137091115454505253
59159180539155281 96348117529388305
66021461850961057 137006311604701779
90374148338178641 168614876348673813
26505393549823173 94986778193607693
54864999909486415 82463967257548660
53351869048599299 68589075747456293
10843338454517479 36348716128957981
118266960350094585 138736716969519241
53083137933737821 90982325861255626
2836718074663917 15910557852567493
70156663210753148 135528949671717860
112929504169498848 155674272481907967
20870909372216994 26834033011256472
92235223625797609 110181660926462013
74283616408930019 110384419329520125
153963680353969143 187785842988029234
135829779236696163 164604772630084941
10895135649182352 170955848542772905
39097446623840715 112246529155326381
33070041506311899 39376818619148431
49771380427713187 125409184884136271
98982653218358489 172068490372318664
41344864432262239 94667812555124308
70766564320086454 100001165083980658
7290299955781801 148137217259046089
172941038028898129 174271106191761730
24864801368978113 153659824086965401
70260101357656357 112308545353589011
73921230043428112 79420719452352755
24205673202884713 58382227414680839
69073367261716971 136728097753386121
19024938870064182 101538021702312911
35794256174019303 67521176731089796
17577312617136863 160070515176366429
26069844309167429 127261668221795183
136868765854505721 185741176473219129
13821358170435675 117490871996393426
20795673106491427 129848485566270269
82604715663396858 107052573420778363
68340788573256345 140525824633169091
136829089338784767 180306783771302313
33339965710796742 165893945663136763
107542966086465869 139909783301822553
116678667542755963 170801768275378027
58396133737726029 64679948235531983
25352496481470587 53078820646630905
21300772211198441 128841914377260153
77236237007353095 82669061677285147
30132429221672179 67174997601790761
5908318627015806 103199383774096610
36904421122824167 95312978724630207
39645043028628803 153656639064057863
67448285918060569 166456269319350865
39457194015547401 114925680613725005
72112048488250241 184610432872779384
41157310361355198 122433679721793385
53993571904745111 137592830849306288
167298304735581380 173564985463448429
55212273040841559 127201045209027401
10830460056039060 27812540800129250
10400784403780531 95370368958092773
46583445784219759 51671964093243461
77337317188004230 132371169103676245
99103750008914449 155005094437346963
163633184325344869 179750052163078233
101728572358612177 175342412526329174
30860844103325907 86429177077387145
43293587544802359 99698004801663708
79919110289769557 97531086164564557
57446162226355415 61380130935409435
21947237666268531 117579991558620473
51894003104722568 111641789771884663
37189193032218687 86320405161981929
21269688760516924 130289086859188173
7906356455664583 160882045159983713
115686448220593617 187717457102156154
66257786145623621 95299010002904369
79432085726148737 132180655726624755
21504314326944951 143529280094874164
24965803542198479 104679697712934745
107568814557407591 185373605167859714
25997056930127605 66440724646923845
59376066724892719 71192689853409405
22593997173331528 107012121102900649
18143512556666539 51190728354517359
11333914799235250 149637477370640305
11348542698380731 115580043749197663
71360700358488057 94730269669382749
61553296309670005 135393450386116207
90715388540453209 125821750717743969
45831597609512351 162769744832248717
23791419359284711 106809754529057544
39185852088753522 78155897708623369
7635648055780688 26299110210666513
40725452573981831 126055285956296313
64379116527053287 188847690837333307
17209237180666988 49959619901252569
97043497876505881 103389623173270435
24686935384029629 53855004799173103
71057870781508851 138259964955408157
12467962582682881 110558163084465713
108593245257442789 131854735783389033
80676199456660239 90915259188441689
6202440435147391 99414391886249785
107729968088181229 120774449169514277
22764136396112601 24781757520638783
17965013393814697 80724959051775105
17132650884326315 63766054188580951
21459756086524988 103494749643404876
96327208042806074 116705748057631101
179982208856177 164644171078523778
7157748526906960 67272195757479922
8739636494871881 132816722497216647
14018206434153947 144187021677229797
15208424069490793 105533040220540123
42920949043440685 89721352447480633
22643288018363172 138680492410814417
9698882731794113 54123209610868603
1293905516141360 37514091358699613
33937840821762137 97019396294611545
101259991681643861 138010519552687937
50563097333304917 80608666388765183
35755235223939449 160961566636500313
72057565798439177 169281083738858833
176138128196057476 178911878540729225
97655388297716278 170776876742771245
75644359804976393 174102834027748177
20861740893011142 184831695580215601
25876025060370545 151099289465428144
130182328591898577 138253495058752888
40584509651252400 83795919591959659
40094630235475089 79458026556435487
57510298753759820 101079125109690143
124896999973609693 178793903216089989
118379645512323387 158296393366787977
60436893443759677 146335854911889637
23773258002066745 33308941902553799
54667202300155648 112996254024035633
131034894414500134 150474726508050707
209148572149159 157928528495150281
6916819401782995 149555467554093752
55326324444708588 168677516409816125
43036831119825901 92350480471146210
57254995200864385 162911387978557261
113313229051003683 159133516797618353
46178224664987011 141808142885656619
16849835228984389 42865816993790706
42860455764021281 44503487618107400
154518126200279269 162303977660476215
86518258439731043 121320831672249975
99526660271163095 179178950698150462
76782863439245705 171435968292048019
7311250703655409 41139822536267505
5396294359789753 155025848099619144
41930273860154108 69396569408787569
160940504258413889 186372114003912859
58853105005379411 154808912749851177
13845657186175429 85534170734911162
107644956713534059 132676348137861233
88929603275333585 130565039284145383
32158454671970977 58430062007486463
36860535193381201 132679344893760218
13019631386428910 80765553811550865
40029115108565795 178134919192323041
10682524738881357 58996262057048911
96391187338797438 104151587446898048
126060470567180258 161102740843164049
109112948798054441 110214054386776001
28855157175470186 33504880886995795
4756613913643244 158921282490577508
42781893056797672 96935839584151954
97696811362193344 157495700679353071
126995076013068733 129978598722753981
17577725859862626 166800916007892301
40815183996031063 164610816334378781
59976151736861417 88834948359016725
33200087252781673 172713706346903001
66131103206364516 188406220064746715
26332092894366201 71548810053666529
107322316323669535 168309034734486906
81371978760016204 164572755468330661
1198249270583527 110445397355038523
110403927708368247 183641555881382151
70148011870259317 90594245155650118
27575772244437617 56114807318569831
52844499475141661 164256919900824601
97851684618782995 132810505942969083
71506195917578566 133630120248311304
15121011855862977 31802044203432329
35296977437472689 134260188612954498
30417504761124468 146198002099504586
35853607030042769 52866278249123613
8772222464845855 82069910545836962
27865372197227827 47681307769950781
21941069444731648 80270517298851010
149636953089934449 174267590585621775
24438755676080005 91184279268859039
69955464099553529 116437042791175978
93722822621959612 106318597846626476
66032142930942035 174794630882522600
146621068940887249 153856184654315984
5343789247042881 169009704906743077
110219070054148759 134884867356199521
77180741208014188 177231355531276642
89153575177309457 128749603460746076
106066813066775877 106152961658198779
33058187275904273 48633611702713122
27285548256911576 97829657014383225
5059570949957775 171791625138490624
6652334544419988 43485292394071102
15536910366276029 161325972919043481
8017648134445457 66620053129815393
76057195419148646 145129076516509340
14815408884918866 49828588336645539
48676556477441281 90221590807877499
59735830335347771 164411440560263674
165825351259991707 175028991272127955
31844464681169497 90463229707146765
