2000 2000 0
1 2 847
2 3 475
3 4 627
4 5 388
5 6 102
6 7 181
7 8 190
8 9 400
9 10 590
10 11 462
11 12 203
12 13 678
13 14 990
14 15 414
15 16 294
16 17 674
17 18 364
18 19 552
19 20 970
20 21 686
21 22 341
22 23 888
23 24 108
24 25 662
25 26 413
26 27 535
27 28 156
28 29 74
29 30 199
30 31 381
31 32 120
32 33 879
33 34 182
34 35 70
35 36 105
36 37 560
37 38 917
38 39 689
39 40 905
40 41 353
41 42 68
42 43 293
43 44 813
44 45 85
45 46 748
46 47 764
47 48 760
48 49 832
49 50 102
50 51 765
51 52 409
52 53 671
53 54 166
54 55 396
55 56 334
56 57 854
57 58 190
58 59 437
59 60 416
60 61 402
61 62 648
62 63 449
63 64 608
64 65 529
65 66 995
66 67 8
67 68 891
68 69 15
69 70 562
70 71 200
71 72 570
72 73 43
73 74 66
74 75 164
75 76 573
76 77 529
77 78 163
78 79 697
79 80 378
80 81 240
81 82 440
82 83 901
83 84 56
84 85 566
85 86 114
86 87 520
87 88 616
88 89 163
89 90 970
90 91 720
91 92 54
92 93 412
93 94 374
94 95 711
95 96 733
96 97 377
97 98 582
98 99 376
99 100 769
100 101 985
101 102 767
102 103 347
103 104 249
104 105 76
105 106 791
106 107 572
107 108 652
108 109 930
109 110 506
110 111 962
111 112 618
112 113 906
113 114 925
114 115 287
115 116 119
116 117 637
117 118 353
118 119 556
119 120 564
120 121 580
121 122 59
122 123 431
123 124 279
124 125 902
125 126 329
126 127 127
127 128 660
128 129 967
129 130 199
130 131 975
131 132 676
132 133 534
133 134 66
134 135 785
135 136 396
136 137 974
137 138 109
138 139 421
139 140 297
140 141 504
141 142 715
142 143 570
143 144 419
144 145 982
145 146 220
146 147 892
147 148 887
148 149 514
149 150 251
150 151 751
151 152 18
152 153 152
153 154 879
154 155 563
155 156 378
156 157 274
157 158 737
158 159 752
159 160 559
160 161 131
161 162 685
162 163 708
163 164 482
164 165 558
165 166 965
166 167 427
167 168 165
168 169 240
169 170 234
170 171 22
171 172 300
172 173 835
173 174 532
174 175 783
175 176 874
176 177 604
177 178 340
178 179 323
179 180 959
180 181 127
181 182 912
182 183 217
183 184 440
184 185 841
185 186 903
186 187 747
187 188 879
188 189 295
189 190 93
190 191 595
191 192 221
192 193 77
193 194 233
194 195 888
195 196 213
196 197 17
197 198 702
198 199 744
199 200 635
200 201 290
201 202 735
202 203 792
203 204 229
204 205 571
205 206 902
206 207 658
207 208 9
208 209 124
209 210 654
210 211 134
211 212 943
212 213 235
213 214 479
214 215 20
215 216 528
216 217 590
217 218 563
218 219 720
219 220 159
220 221 28
221 222 559
222 223 991
223 224 135
224 225 765
225 226 923
226 227 234
227 228 901
228 229 8
229 230 254
230 231 697
231 232 47
232 233 828
233 234 67
234 235 858
235 236 501
236 237 728
237 238 41
238 239 42
239 240 543
240 241 110
241 242 722
242 243 442
243 244 296
244 245 965
245 246 297
246 247 13
247 248 601
248 249 23
249 250 106
250 251 698
251 252 673
252 253 371
253 254 869
254 255 765
255 256 251
256 257 372
257 258 955
258 259 107
259 260 121
260 261 153
261 262 868
262 263 806
263 264 104
264 265 470
265 266 808
266 267 453
267 268 75
268 269 850
269 270 900
270 271 503
271 272 588
272 273 579
273 274 616
274 275 849
275 276 17
276 277 743
277 278 215
278 279 615
279 280 444
280 281 516
281 282 902
282 283 464
283 284 117
284 285 355
285 286 960
286 287 533
287 288 147
288 289 520
289 290 881
290 291 42
291 292 297
292 293 981
293 294 762
294 295 310
295 296 670
296 297 280
297 298 348
298 299 216
299 300 688
300 301 386
301 302 401
302 303 707
303 304 489
304 305 993
305 306 367
306 307 291
307 308 650
308 309 128
309 310 582
310 311 960
311 312 767
312 313 357
313 314 669
314 315 746
315 316 804
316 317 540
317 318 504
318 319 934
319 320 631
320 321 282
321 322 604
322 323 681
323 324 629
324 325 13
325 326 886
326 327 545
327 328 305
328 329 74
329 330 273
330 331 196
331 332 154
332 333 78
333 334 502
334 335 499
335 336 981
336 337 337
337 338 57
338 339 647
339 340 51
340 341 208
341 342 721
342 343 744
343 344 445
344 345 354
345 346 784
346 347 682
347 348 52
348 349 86
349 350 444
350 351 632
351 352 901
352 353 483
353 354 454
354 355 69
355 356 862
356 357 207
357 358 465
358 359 569
359 360 962
360 361 348
361 362 981
362 363 80
363 364 603
364 365 272
365 366 828
366 367 826
367 368 265
368 369 972
369 370 420
370 371 670
371 372 157
372 373 207
373 374 223
374 375 920
375 376 811
376 377 228
377 378 743
378 379 741
379 380 496
380 381 289
381 382 926
382 383 549
383 384 856
384 385 857
385 386 573
386 387 200
387 388 819
388 389 285
389 390 691
390 391 228
391 392 56
392 393 582
393 394 760
394 395 966
395 396 939
396 397 374
397 398 347
398 399 886
399 400 163
400 401 544
401 402 313
402 403 752
403 404 143
404 405 413
405 406 415
406 407 464
407 408 363
408 409 449
409 410 90
410 411 878
411 412 613
412 413 205
413 414 132
414 415 626
415 416 549
416 417 894
417 418 994
418 419 402
419 420 636
420 421 101
421 422 492
422 423 858
423 424 932
424 425 936
425 426 252
426 427 819
427 428 144
428 429 162
429 430 923
430 431 135
431 432 733
432 433 847
433 434 176
434 435 460
435 436 570
436 437 178
437 438 826
438 439 375
439 440 524
440 441 634
441 442 560
442 443 147
443 444 893
444 445 258
445 446 215
446 447 370
447 448 501
448 449 760
449 450 100
450 451 946
451 452 690
452 453 41
453 454 299
454 455 892
455 456 92
456 457 323
457 458 751
458 459 553
459 460 516
460 461 475
461 462 227
462 463 822
463 464 959
464 465 959
465 466 104
466 467 2
467 468 237
468 469 758
469 470 792
470 471 446
471 472 646
472 473 687
473 474 243
474 475 244
475 476 135
476 477 8
477 478 295
478 479 770
479 480 393
480 481 609
481 482 397
482 483 977
483 484 508
484 485 624
485 486 817
486 487 481
487 488 506
488 489 333
489 490 603
490 491 184
491 492 126
492 493 984
493 494 900
494 495 219
495 496 447
496 497 338
497 498 779
498 499 228
499 500 24
500 501 402
501 502 849
502 503 724
503 504 10
504 505 193
505 506 809
506 507 274
507 508 219
508 509 8
509 510 532
510 511 845
511 512 833
512 513 40
513 514 43
514 515 47
515 516 90
516 517 201
517 518 183
518 519 34
519 520 766
520 521 776
521 522 342
522 523 903
523 524 359
524 525 731
525 526 318
526 527 317
527 528 39
528 529 959
529 530 535
530 531 391
531 532 891
532 533 28
533 534 268
534 535 282
535 536 823
536 537 414
537 538 819
538 539 517
539 540 802
540 541 712
541 542 53
542 543 401
543 544 123
544 545 100
545 546 16
546 547 347
547 548 52
548 549 190
549 550 803
550 551 55
551 552 694
552 553 674
553 554 321
554 555 775
555 556 678
556 557 51
557 558 361
558 559 741
559 560 270
560 561 246
561 562 525
562 563 390
563 564 39
564 565 85
565 566 595
566 567 215
567 568 757
568 569 136
569 570 953
570 571 124
571 572 851
572 573 641
573 574 492
574 575 270
575 576 961
576 577 591
577 578 177
578 579 245
579 580 251
580 581 606
581 582 357
582 583 767
583 584 44
584 585 269
585 586 11
586 587 808
587 588 555
588 589 648
589 590 645
590 591 530
591 592 533
592 593 70
593 594 789
594 595 526
595 596 51
596 597 390
597 598 340
598 599 644
599 600 109
600 601 286
601 602 778
602 603 120
603 604 646
604 605 916
605 606 679
606 607 773
607 608 506
608 609 992
609 610 745
610 611 982
611 612 158
612 613 297
613 614 959
614 615 651
615 616 192
616 617 248
617 618 310
618 619 345
619 620 311
620 621 522
621 622 290
622 623 53
623 624 219
624 625 289
625 626 23
626 627 978
627 628 751
628 629 821
629 630 288
630 631 945
631 632 406
632 633 79
633 634 912
634 635 240
635 636 780
636 637 951
637 638 487
638 639 558
639 640 615
640 641 231
641 642 591
642 643 438
643 644 22
644 645 175
645 646 759
646 647 514
647 648 744
648 649 282
649 650 392
650 651 442
651 652 40
652 653 809
653 654 383
654 655 934
655 656 112
656 657 438
657 658 738
658 659 96
659 660 44
660 661 628
661 662 191
662 663 821
663 664 568
664 665 645
665 666 929
666 667 557
667 668 620
668 669 300
669 670 523
670 671 224
671 672 999
672 673 988
673 674 170
674 675 436
675 676 634
676 677 288
677 678 879
678 679 653
679 680 238
680 681 957
681 682 626
682 683 260
683 684 920
684 685 709
685 686 285
686 687 588
687 688 692
688 689 269
689 690 336
690 691 640
691 692 145
692 693 354
693 694 768
694 695 696
695 696 212
696 697 559
697 698 454
698 699 854
699 700 614
700 701 577
701 702 133
702 703 236
703 704 138
704 705 623
705 706 60
706 707 137
707 708 866
708 709 748
709 710 709
710 711 388
711 712 369
712 713 144
713 714 964
714 715 135
715 716 439
716 717 486
717 718 556
718 719 455
719 720 368
720 721 287
721 722 103
722 723 243
723 724 814
724 725 910
725 726 549
726 727 788
727 728 880
728 729 381
729 730 231
730 731 484
731 732 523
732 733 232
733 734 627
734 735 9
735 736 136
736 737 712
737 738 723
738 739 412
739 740 134
740 741 964
741 742 73
742 743 597
743 744 530
744 745 91
745 746 942
746 747 274
747 748 324
748 749 772
749 750 796
750 751 464
751 752 475
752 753 674
753 754 376
754 755 945
755 756 124
756 757 506
757 758 492
758 759 334
759 760 47
760 761 655
761 762 427
762 763 279
763 764 114
764 765 544
765 766 591
766 767 520
767 768 794
768 769 48
769 770 207
770 771 470
771 772 399
772 773 246
773 774 605
774 775 115
775 776 504
776 777 566
777 778 56
778 779 294
779 780 919
780 781 32
781 782 572
782 783 335
783 784 510
784 785 295
785 786 683
786 787 425
787 788 689
788 789 485
789 790 598
790 791 601
791 792 110
792 793 837
793 794 28
794 795 174
795 796 771
796 797 625
797 798 343
798 799 233
799 800 839
800 801 637
801 802 450
802 803 463
803 804 700
804 805 435
805 806 135
806 807 636
807 808 75
808 809 17
809 810 313
810 811 219
811 812 880
812 813 792
813 814 958
814 815 579
815 816 431
816 817 534
817 818 903
818 819 772
819 820 440
820 821 23
821 822 299
822 823 107
823 824 167
824 825 367
825 826 136
826 827 513
827 828 655
828 829 723
829 830 171
830 831 403
831 832 927
832 833 936
833 834 507
834 835 182
835 836 853
836 837 740
837 838 769
838 839 41
839 840 883
840 841 876
841 842 914
842 843 479
843 844 872
844 845 414
845 846 992
846 847 733
847 848 360
848 849 688
849 850 734
850 851 481
851 852 614
852 853 56
853 854 66
854 855 164
855 856 705
856 857 669
857 858 744
858 859 282
859 860 700
860 861 846
861 862 173
862 863 847
863 864 411
864 865 618
865 866 553
866 867 59
867 868 755
868 869 431
869 870 577
870 871 305
871 872 33
872 873 791
873 874 875
874 875 613
875 876 870
876 877 160
877 878 219
878 879 820
879 880 345
880 881 571
881 882 62
882 883 689
883 884 229
884 885 728
885 886 877
886 887 877
887 888 444
888 889 847
889 890 964
890 891 870
891 892 461
892 893 906
893 894 107
894 895 868
895 896 34
896 897 801
897 898 117
898 899 936
899 900 77
900 901 918
901 902 136
902 903 125
903 904 324
904 905 322
905 906 636
906 907 867
907 908 466
908 909 520
909 910 687
910 911 657
911 912 360
912 913 377
913 914 592
914 915 404
915 916 148
916 917 407
917 918 906
918 919 70
919 920 729
920 921 453
921 922 724
922 923 312
923 924 727
924 925 343
925 926 775
926 927 258
927 928 773
928 929 127
929 930 79
930 931 754
931 932 571
932 933 367
933 934 989
934 935 756
935 936 949
936 937 550
937 938 453
938 939 826
939 940 725
940 941 188
941 942 180
942 943 84
943 944 847
944 945 352
945 946 148
946 947 345
947 948 12
948 949 597
949 950 834
950 951 662
951 952 367
952 953 560
953 954 143
954 955 814
955 956 140
956 957 965
957 958 943
958 959 907
959 960 226
960 961 610
961 962 743
962 963 940
963 964 302
964 965 852
965 966 490
966 967 711
967 968 794
968 969 465
969 970 237
970 971 17
971 972 558
972 973 86
973 974 985
974 975 500
975 976 870
976 977 122
977 978 209
978 979 800
979 980 771
980 981 402
981 982 845
982 983 757
983 984 95
984 985 382
985 986 159
986 987 688
987 988 651
988 989 180
989 990 884
990 991 421
991 992 459
992 993 20
993 994 228
994 995 251
995 996 341
996 997 740
997 998 885
998 999 526
999 1000 213
717 1001 812
409 1002 841
555 1003 805
633 1004 490
25 1005 829
105 1006 770
679 1007 990
512 1008 557
450 1009 889
94 1010 423
465 1011 692
945 1012 968
752 1013 108
12 1014 626
915 1015 231
867 1016 760
149 1017 784
510 1018 105
23 1019 464
967 1020 269
270 1021 299
277 1022 127
202 1023 362
987 1024 516
313 1025 495
281 1026 147
568 1027 574
279 1028 205
281 1029 305
104 1030 871
754 1031 892
123 1032 765
357 1033 251
159 1034 258
212 1035 553
276 1036 469
273 1037 571
737 1038 150
803 1039 884
13 1040 114
596 1041 66
501 1042 163
893 1043 728
308 1044 347
136 1045 493
673 1046 970
878 1047 125
978 1048 383
437 1049 607
237 1050 923
1035 1051 391
489 1052 356
362 1053 669
573 1054 760
91 1055 453
231 1056 552
570 1057 216
886 1058 880
327 1059 356
528 1060 332
173 1061 303
492 1062 548
291 1063 625
16 1064 243
900 1065 155
418 1066 597
261 1067 130
770 1068 608
89 1069 529
567 1070 516
1036 1071 102
990 1072 893
117 1073 243
589 1074 881
746 1075 328
871 1076 189
343 1077 47
540 1078 869
588 1079 224
408 1080 772
340 1081 414
357 1082 184
125 1083 986
30 1084 769
361 1085 607
49 1086 387
1024 1087 693
1058 1088 923
139 1089 890
805 1090 623
906 1091 742
248 1092 440
148 1093 21
104 1094 604
510 1095 50
53 1096 647
811 1097 890
983 1098 459
360 1099 311
1032 1100 104
7 1101 39
1064 1102 517
667 1103 388
671 1104 447
661 1105 885
1095 1106 505
337 1107 132
453 1108 93
954 1109 433
222 1110 834
749 1111 832
789 1112 807
786 1113 766
572 1114 143
304 1115 985
756 1116 669
736 1117 409
552 1118 153
6 1119 482
1053 1120 67
715 1121 403
1010 1122 800
452 1123 564
1028 1124 716
34 1125 779
241 1126 743
585 1127 896
272 1128 978
160 1129 746
347 1130 595
55 1131 25
1030 1132 543
226 1133 285
520 1134 952
340 1135 335
182 1136 639
324 1137 606
264 1138 652
164 1139 933
554 1140 435
52 1141 468
644 1142 225
178 1143 403
931 1144 680
151 1145 910
1002 1146 280
697 1147 741
357 1148 63
377 1149 683
250 1150 513
583 1151 370
156 1152 43
666 1153 101
1017 1154 916
667 1155 503
327 1156 565
627 1157 586
311 1158 283
511 1159 577
354 1160 155
77 1161 626
370 1162 605
773 1163 582
814 1164 124
175 1165 836
37 1166 5
237 1167 149
589 1168 181
1139 1169 945
259 1170 784
559 1171 369
62 1172 512
641 1173 278
327 1174 323
286 1175 243
495 1176 736
1108 1177 174
860 1178 619
704 1179 525
648 1180 343
782 1181 190
956 1182 307
1046 1183 527
1064 1184 520
664 1185 408
37 1186 626
722 1187 925
59 1188 941
632 1189 297
361 1190 162
677 1191 823
929 1192 713
754 1193 818
1175 1194 9
1098 1195 912
181 1196 663
852 1197 410
762 1198 172
843 1199 192
972 1200 10
929 1201 979
570 1202 215
751 1203 698
338 1204 771
401 1205 681
1099 1206 487
245 1207 807
711 1208 934
375 1209 270
981 1210 104
35 1211 153
800 1212 517
767 1213 841
17 1214 527
402 1215 200
587 1216 91
38 1217 362
338 1218 202
463 1219 513
757 1220 714
1180 1221 384
756 1222 698
891 1223 281
326 1224 39
173 1225 459
1136 1226 640
37 1227 790
643 1228 128
779 1229 810
422 1230 405
431 1231 439
777 1232 69
510 1233 477
588 1234 409
238 1235 560
1022 1236 508
937 1237 340
973 1238 997
893 1239 399
133 1240 155
978 1241 527
893 1242 528
645 1243 897
556 1244 978
114 1245 860
516 1246 14
481 1247 94
841 1248 429
163 1249 925
42 1250 300
570 1251 96
1228 1252 375
115 1253 703
905 1254 830
539 1255 680
612 1256 434
24 1257 836
436 1258 17
281 1259 913
960 1260 336
46 1261 753
178 1262 969
515 1263 483
1116 1264 758
1115 1265 56
54 1266 212
107 1267 745
1012 1268 867
1184 1269 303
646 1270 981
468 1271 708
334 1272 821
1037 1273 424
85 1274 66
435 1275 110
350 1276 732
1249 1277 928
265 1278 759
1173 1279 223
170 1280 357
239 1281 136
585 1282 425
1105 1283 659
1003 1284 25
514 1285 726
1076 1286 411
1180 1287 666
594 1288 52
82 1289 85
441 1290 740
1000 1291 592
63 1292 486
765 1293 40
894 1294 279
693 1295 298
1084 1296 325
887 1297 947
366 1298 322
3 1299 127
257 1300 913
70 1301 235
176 1302 184
935 1303 572
1051 1304 814
22 1305 57
777 1306 279
785 1307 526
398 1308 173
647 1309 267
1021 1310 602
755 1311 989
895 1312 548
10 1313 187
1080 1314 232
640 1315 499
730 1316 386
252 1317 310
50 1318 843
39 1319 505
853 1320 660
851 1321 262
1129 1322 562
178 1323 218
951 1324 162
486 1325 160
960 1326 135
903 1327 710
155 1328 402
1106 1329 535
600 1330 354
1258 1331 729
538 1332 324
467 1333 415
28 1334 500
887 1335 145
882 1336 325
687 1337 371
984 1338 109
547 1339 267
600 1340 845
1160 1341 23
224 1342 767
285 1343 943
412 1344 56
181 1345 886
72 1346 761
121 1347 599
1160 1348 97
561 1349 694
147 1350 981
522 1351 540
267 1352 410
1027 1353 735
1000 1354 849
385 1355 106
117 1356 333
1347 1357 144
522 1358 954
275 1359 231
941 1360 470
172 1361 818
550 1362 236
656 1363 959
1187 1364 630
540 1365 275
206 1366 443
10 1367 35
749 1368 466
687 1369 460
539 1370 350
636 1371 301
972 1372 834
792 1373 723
1173 1374 863
465 1375 717
130 1376 91
271 1377 658
316 1378 900
413 1379 24
435 1380 110
877 1381 734
241 1382 993
935 1383 804
590 1384 606
1027 1385 561
215 1386 819
410 1387 949
134 1388 813
1251 1389 713
708 1390 766
149 1391 915
527 1392 160
293 1393 414
431 1394 49
448 1395 74
1174 1396 511
1164 1397 863
961 1398 373
15 1399 392
1278 1400 198
1023 1401 38
1061 1402 409
1029 1403 514
1228 1404 454
920 1405 744
1275 1406 113
261 1407 632
395 1408 940
824 1409 310
855 1410 154
456 1411 988
539 1412 297
753 1413 903
1349 1414 967
65 1415 407
1221 1416 633
922 1417 875
76 1418 375
1260 1419 525
1404 1420 36
959 1421 665
298 1422 221
1276 1423 276
782 1424 488
238 1425 554
1084 1426 791
55 1427 712
1033 1428 261
1111 1429 76
1229 1430 568
549 1431 58
1297 1432 864
613 1433 200
389 1434 382
1174 1435 876
1103 1436 328
1399 1437 76
1421 1438 357
453 1439 87
674 1440 812
1424 1441 802
891 1442 946
62 1443 325
963 1444 147
363 1445 55
1425 1446 840
839 1447 615
1396 1448 794
32 1449 197
201 1450 734
151 1451 529
1175 1452 122
1169 1453 490
112 1454 887
86 1455 137
179 1456 551
70 1457 391
381 1458 8
1071 1459 667
868 1460 794
490 1461 729
271 1462 390
958 1463 720
185 1464 424
347 1465 427
69 1466 678
179 1467 274
840 1468 465
1253 1469 401
861 1470 587
679 1471 98
167 1472 529
504 1473 407
1352 1474 780
604 1475 482
1044 1476 531
961 1477 432
898 1478 931
985 1479 307
1433 1480 473
630 1481 200
698 1482 31
288 1483 737
1074 1484 733
79 1485 987
692 1486 642
605 1487 706
782 1488 363
701 1489 387
795 1490 932
150 1491 810
662 1492 173
855 1493 718
1258 1494 118
352 1495 682
712 1496 222
792 1497 277
840 1498 88
1067 1499 908
276 1500 255
619 1501 943
639 1502 644
664 1503 833
25 1504 229
175 1505 315
707 1506 312
545 1507 292
443 1508 633
91 1509 122
486 1510 944
109 1511 980
570 1512 206
106 1513 635
544 1514 482
1354 1515 845
645 1516 455
944 1517 108
614 1518 56
1090 1519 111
774 1520 558
1060 1521 928
382 1522 409
1171 1523 166
1241 1524 310
756 1525 859
381 1526 112
681 1527 401
595 1528 986
660 1529 464
596 1530 556
1211 1531 435
1219 1532 476
1103 1533 844
299 1534 518
796 1535 77
706 1536 271
629 1537 104
469 1538 583
1361 1539 969
5 1540 629
1155 1541 363
195 1542 199
1242 1543 512
251 1544 914
646 1545 174
300 1546 991
599 1547 398
1457 1548 255
209 1549 422
425 1550 544
870 1551 329
1061 1552 616
154 1553 245
1148 1554 369
774 1555 374
1016 1556 502
868 1557 49
1328 1558 653
182 1559 179
1466 1560 829
1112 1561 851
387 1562 874
1281 1563 54
1210 1564 519
1003 1565 634
758 1566 52
484 1567 764
1305 1568 328
1354 1569 198
16 1570 712
611 1571 347
545 1572 936
1539 1573 13
1076 1574 865
1553 1575 401
1198 1576 364
1153 1577 337
486 1578 6
597 1579 555
1476 1580 717
748 1581 648
578 1582 370
269 1583 415
810 1584 935
1535 1585 490
375 1586 659
680 1587 458
897 1588 427
484 1589 335
657 1590 100
1394 1591 474
1235 1592 174
971 1593 151
1179 1594 755
1255 1595 653
463 1596 624
1463 1597 920
663 1598 467
563 1599 145
329 1600 454
303 1601 635
1232 1602 971
699 1603 105
1049 1604 729
142 1605 543
300 1606 797
1368 1607 294
1329 1608 940
636 1609 29
1021 1610 664
1352 1611 396
1475 1612 273
1447 1613 586
1111 1614 950
1417 1615 881
1159 1616 997
563 1617 128
408 1618 511
794 1619 58
224 1620 615
314 1621 381
615 1622 733
347 1623 590
1430 1624 134
1013 1625 690
364 1626 454
366 1627 200
419 1628 952
1521 1629 230
802 1630 604
67 1631 385
700 1632 859
3 1633 377
796 1634 784
277 1635 612
1365 1636 192
920 1637 809
334 1638 163
1295 1639 920
335 1640 715
1637 1641 536
1015 1642 716
161 1643 313
245 1644 740
201 1645 188
1247 1646 85
59 1647 552
1567 1648 665
390 1649 542
1151 1650 470
1231 1651 198
239 1652 514
1108 1653 3
816 1654 680
490 1655 213
580 1656 435
918 1657 182
306 1658 451
739 1659 584
1471 1660 510
1619 1661 708
1041 1662 224
870 1663 37
1105 1664 62
1446 1665 231
1285 1666 656
826 1667 314
612 1668 197
418 1669 820
724 1670 51
85 1671 693
1242 1672 71
1094 1673 228
1154 1674 530
9 1675 387
1452 1676 853
534 1677 791
869 1678 190
1610 1679 402
1407 1680 723
1225 1681 732
1513 1682 534
1292 1683 287
429 1684 882
1133 1685 98
423 1686 685
1645 1687 417
564 1688 423
415 1689 722
1527 1690 2
670 1691 3
593 1692 690
320 1693 115
669 1694 398
1447 1695 502
1236 1696 40
1144 1697 853
86 1698 242
155 1699 277
1433 1700 233
1295 1701 126
1527 1702 630
185 1703 575
874 1704 546
1495 1705 161
17 1706 322
1275 1707 777
630 1708 428
87 1709 577
212 1710 65
1708 1711 25
1162 1712 268
651 1713 314
1283 1714 785
752 1715 812
1475 1716 169
738 1717 945
1451 1718 877
1594 1719 889
176 1720 57
1094 1721 23
305 1722 819
1689 1723 115
1314 1724 268
712 1725 58
84 1726 351
1370 1727 795
389 1728 847
26 1729 819
1095 1730 814
721 1731 484
205 1732 403
171 1733 505
687 1734 755
1143 1735 213
1283 1736 59
966 1737 237
104 1738 229
761 1739 27
1665 1740 666
983 1741 884
16 1742 591
812 1743 164
1146 1744 546
364 1745 289
1145 1746 151
1294 1747 949
634 1748 670
1605 1749 744
1614 1750 535
11 1751 701
60 1752 681
1573 1753 179
225 1754 695
552 1755 888
477 1756 869
852 1757 833
1671 1758 457
95 1759 853
1476 1760 157
1739 1761 322
1080 1762 260
124 1763 231
1312 1764 963
126 1765 45
889 1766 594
109 1767 872
714 1768 611
645 1769 210
1658 1770 2
807 1771 833
355 1772 381
1242 1773 664
240 1774 566
1634 1775 412
532 1776 959
349 1777 504
157 1778 246
1512 1779 187
486 1780 297
1596 1781 775
1486 1782 19
1508 1783 542
1582 1784 256
924 1785 904
330 1786 805
1409 1787 672
1640 1788 268
1462 1789 816
450 1790 174
140 1791 458
571 1792 793
1739 1793 401
184 1794 621
1584 1795 503
368 1796 249
1349 1797 216
1594 1798 235
48 1799 662
1075 1800 120
1227 1801 751
153 1802 473
1084 1803 740
1626 1804 311
140 1805 715
166 1806 176
742 1807 976
1704 1808 987
701 1809 495
1223 1810 768
1018 1811 700
395 1812 347
75 1813 935
663 1814 610
677 1815 482
1564 1816 893
785 1817 525
781 1818 710
1474 1819 973
916 1820 89
1592 1821 1000
454 1822 109
1399 1823 12
1547 1824 427
1626 1825 248
477 1826 784
399 1827 363
848 1828 982
70 1829 644
499 1830 615
1206 1831 849
1228 1832 356
328 1833 148
394 1834 163
1148 1835 907
330 1836 735
1174 1837 759
1659 1838 685
1615 1839 447
67 1840 260
1404 1841 342
775 1842 564
933 1843 978
1290 1844 267
1164 1845 807
738 1846 667
723 1847 443
388 1848 552
1582 1849 523
1425 1850 352
977 1851 142
1413 1852 876
661 1853 296
1230 1854 487
78 1855 298
1288 1856 652
1529 1857 904
1090 1858 253
1644 1859 795
1651 1860 801
687 1861 800
1498 1862 53
1260 1863 544
610 1864 6
1084 1865 770
103 1866 438
1014 1867 646
1219 1868 390
199 1869 363
731 1870 507
1298 1871 572
663 1872 28
698 1873 814
1869 1874 98
761 1875 429
1437 1876 49
541 1877 519
75 1878 470
718 1879 265
772 1880 809
586 1881 225
580 1882 757
1219 1883 915
845 1884 486
10 1885 696
673 1886 914
58 1887 716
1576 1888 371
423 1889 95
736 1890 220
1128 1891 95
1041 1892 194
760 1893 772
413 1894 485
1297 1895 780
1581 1896 71
456 1897 903
1870 1898 516
1346 1899 118
20 1900 859
727 1901 479
315 1902 212
979 1903 940
595 1904 154
1719 1905 525
1139 1906 683
769 1907 75
1532 1908 909
636 1909 119
304 1910 379
541 1911 866
73 1912 160
1830 1913 342
437 1914 868
949 1915 181
1232 1916 461
902 1917 113
696 1918 848
451 1919 819
749 1920 408
1764 1921 327
386 1922 422
1783 1923 248
223 1924 729
19 1925 569
342 1926 1000
1751 1927 900
1552 1928 470
907 1929 221
1359 1930 300
1090 1931 401
1061 1932 574
710 1933 676
214 1934 679
1472 1935 761
187 1936 654
1524 1937 710
1510 1938 781
1896 1939 558
94 1940 143
1080 1941 808
798 1942 907
1822 1943 88
1099 1944 182
1592 1945 973
286 1946 245
789 1947 907
1558 1948 427
317 1949 769
706 1950 664
1308 1951 6
1693 1952 203
1680 1953 328
1599 1954 514
1114 1955 317
1777 1956 431
1678 1957 277
514 1958 532
672 1959 935
1245 1960 738
1301 1961 476
1865 1962 7
1340 1963 657
1357 1964 351
1357 1965 905
1791 1966 708
198 1967 394
1239 1968 392
384 1969 518
135 1970 10
1812 1971 901
1957 1972 896
274 1973 97
1788 1974 948
1187 1975 82
575 1976 602
650 1977 595
1173 1978 297
944 1979 445
18 1980 160
1971 1981 578
678 1982 818
1064 1983 829
873 1984 581
1036 1985 368
146 1986 536
1091 1987 518
1322 1988 635
1800 1989 370
1383 1990 403
977 1991 1000
503 1992 30
1647 1993 338
1821 1994 4
740 1995 661
402 1996 926
1579 1997 502
699 1998 715
1102 1999 815
336 2000 385
modify 1305 179
modify 1706 976
query 418 1221 480
modify 240 815
modify 203 765
modify 1353 507
modify 950 299
modify 1304 155
modify 995 687
modify 1228 763
modify 1558 409
modify 693 907
modify 1075 829
query 129 1548 1522
modify 121 557
query 329 447 1274
query 764 1646 116
modify 448 883
query 1003 1848 1621
modify 556 925
modify 449 491
modify 838 164
modify 1845 51
query 1777 1899 1915
query 101 1977 1075
query 822 1729 1711
query 309 477 757
modify 1615 311
query 211 1155 1258
query 539 992 261
modify 144 885
query 1288 1950 45
query 664 1903 583
modify 736 895
query 515 850 1120
query 153 348 177
modify 724 238
query 1106 1392 1088
query 107 242 974
modify 1662 141
query 1055 1101 945
modify 1403 540
modify 1788 763
query 176 1516 186
query 1135 1645 775
query 787 1732 1847
query 1571 1866 448
query 851 1106 1524
query 971 1074 93
query 313 1022 173
modify 660 159
query 1675 1739 429
modify 503 948
modify 824 847
modify 1157 616
query 90 1097 1069
query 291 1051 74
modify 1640 63
modify 58 401
modify 444 457
query 1666 1902 1318
query 1600 1748 26
modify 1608 116
modify 1116 636
modify 1704 408
query 375 1670 133
query 617 1309 1465
query 749 1222 59
modify 64 841
query 637 1013 1375
modify 996 875
query 971 1244 392
modify 1160 838
query 1107 1341 961
query 850 1071 475
modify 153 785
query 679 1119 292
query 492 1975 1295
modify 423 724
query 971 987 820
query 1256 1891 1232
modify 1629 560
query 278 731 1440
query 1379 1707 116
query 623 1503 727
query 317 1848 675
query 199 411 989
modify 301 362
query 744 1587 1133
query 617 1511 232
query 829 1522 296
modify 1941 783
query 1940 2000 1747
query 247 1470 351
query 1575 1606 519
query 113 430 74
query 77 908 1421
modify 27 752
modify 1993 779
modify 1037 136
modify 29 921
modify 929 429
query 348 824 357
modify 829 357
modify 380 87
query 467 1568 1840
modify 1090 118
modify 316 152
query 49 1249 1548
query 639 1532 1974
query 998 1276 1515
modify 1004 578
query 335 535 142
query 719 922 345
modify 185 50
query 1576 1648 1845
modify 1139 228
query 807 1303 458
modify 263 530
query 1741 1872 248
modify 791 409
modify 856 463
query 1143 1548 1556
query 35 1401 711
query 1240 1394 1031
query 948 1474 885
query 2 524 373
query 398 950 1104
query 240 417 230
modify 302 865
modify 485 828
query 789 1110 1280
modify 1922 100
modify 91 963
modify 438 180
query 193 963 821
modify 457 714
modify 1693 876
query 1027 1073 1107
modify 1955 666
modify 1286 561
query 586 1452 1640
query 283 1434 71
modify 182 16
modify 351 980
modify 1510 68
query 1551 1659 1341
modify 1974 994
modify 1231 26
query 472 1100 88
modify 833 41
modify 557 910
modify 346 234
query 1053 1333 1036
modify 1255 629
query 51 892 1287
query 619 767 1420
modify 1276 249
query 200 1825 475
modify 1477 224
query 462 746 927
query 303 1024 109
modify 194 679
query 1035 1097 71
query 144 770 1100
modify 753 135
query 245 1394 576
modify 1346 788
query 539 681 120
modify 488 651
query 878 1625 1904
modify 1739 712
query 38 1589 442
query 1105 1190 1243
query 713 1305 874
query 356 848 1411
modify 640 261
query 380 974 1497
query 448 1856 563
modify 546 268
modify 769 885
modify 247 930
query 694 750 594
query 573 1581 227
query 373 1988 336
query 235 648 1442
modify 1320 101
modify 1511 906
modify 1778 37
query 1691 1796 1140
query 1007 1702 954
modify 511 495
modify 1736 562
modify 315 781
modify 883 329
query 906 1617 1981
modify 1820 70
modify 1314 5
modify 96 593
modify 972 801
modify 742 30
modify 497 406
modify 1851 504
query 639 1856 1169
modify 768 301
modify 1754 144
query 403 1854 201
modify 1764 795
query 22 1995 1937
query 608 755 1455
query 109 801 849
query 1867 1873 1933
modify 660 618
modify 373 69
query 996 1292 1789
query 27 76 204
query 694 866 614
query 913 1524 226
query 9 1128 120
modify 994 809
query 174 1259 1587
query 1092 1448 439
modify 1870 184
query 124 1397 1456
modify 1644 505
query 1739 1973 1398
query 141 1371 1395
query 63 925 1212
query 71 1447 494
modify 245 594
modify 128 854
query 760 924 1886
query 365 1795 1278
query 812 1600 1742
modify 307 281
query 1083 1226 1559
query 569 1413 488
query 483 1808 1762
query 57 954 861
modify 772 298
query 1711 1917 135
modify 1657 31
query 1253 1401 1347
query 174 1046 1714
modify 903 189
modify 131 978
modify 1770 150
query 1130 1866 560
modify 1589 144
modify 1827 177
modify 356 225
modify 1660 357
query 470 799 1376
query 573 1478 1140
modify 1869 601
query 665 1491 1153
modify 1367 900
modify 1251 965
modify 316 818
query 83 425 1300
query 917 969 1799
modify 311 998
modify 1130 79
query 339 988 1013
modify 1045 521
modify 1942 609
query 52 515 369
query 1391 1624 907
query 26 1394 1896
query 870 1010 1044
modify 979 816
query 1267 1596 955
modify 1 597
modify 1810 108
modify 409 581
modify 1841 673
query 1075 1540 37
query 1059 1324 761
modify 1808 600
modify 726 975
query 866 952 1281
modify 1775 631
modify 1026 641
modify 233 732
query 723 1339 708
modify 1479 636
modify 662 905
modify 632 501
modify 966 576
modify 892 199
query 1058 1261 774
modify 193 445
modify 467 946
modify 6 254
query 81 1422 1942
modify 1600 99
modify 577 507
modify 436 942
modify 499 183
modify 764 814
modify 397 238
modify 125 431
query 430 1001 1631
modify 371 779
query 477 1009 605
modify 1058 297
modify 486 165
query 4 1895 219
modify 782 670
query 386 1437 91
query 2 433 1033
modify 1530 192
modify 35 437
query 755 855 648
query 629 1425 430
query 1152 1165 1029
query 186 1186 1192
modify 557 359
query 266 462 1981
query 395 1384 631
modify 1932 187
query 448 1597 1988
modify 926 317
modify 1538 672
query 532 1963 1793
modify 1238 248
modify 983 679
query 74 227 604
query 147 799 793
query 129 276 1734
query 281 1929 709
modify 1865 102
query 410 797 656
modify 305 515
modify 671 278
modify 1076 547
query 499 939 758
modify 1131 638
query 380 1343 872
modify 754 623
modify 1335 539
modify 564 713
modify 368 340
modify 78 437
modify 1976 19
modify 948 916
query 804 1069 275
query 302 353 180
query 273 320 867
query 216 1365 1430
modify 999 50
query 14 104 1959
query 340 388 1583
query 1381 1625 1770
modify 1473 695
query 770 1050 1077
query 134 158 21
modify 300 375
query 374 1288 1337
query 615 1019 1998
query 575 1876 46
query 1606 1841 378
modify 279 925
modify 1249 28
modify 34 73
query 267 1216 484
query 1071 1195 1216
query 330 1036 835
query 467 1458 1616
modify 116 325
query 1003 1579 1187
modify 431 797
modify 788 298
modify 1084 571
query 907 1346 868
query 851 1768 1423
query 24 1996 1164
query 204 1677 1527
modify 1327 957
modify 1692 733
modify 1636 874
modify 1003 222
modify 228 520
modify 1291 530
modify 704 261
modify 1510 698
query 338 1894 1953
query 597 1677 147
query 1425 1715 1767
query 752 1212 1336
query 485 1532 990
modify 1333 758
query 1138 1492 1486
query 542 817 536
modify 293 625
modify 199 313
query 363 404 1182
query 425 573 201
modify 252 148
modify 784 34
query 268 533 585
modify 294 836
query 747 907 309
modify 393 228
query 231 1516 210
modify 1158 802
query 892 1285 705
query 112 1677 1415
query 247 664 1591
query 1231 1877 338
modify 1319 28
modify 1645 224
query 820 1733 1537
query 531 1602 1376
query 464 1720 1272
modify 6 650
query 440 1868 250
query 47 1362 631
modify 469 188
query 738 1823 1295
query 1263 1981 608
query 189 1147 1253
modify 669 559
query 738 1037 1478
modify 1273 487
query 527 1825 348
query 1309 1787 383
modify 1116 654
modify 297 439
modify 682 490
modify 1320 115
query 181 1738 492
modify 1872 103
query 267 317 1794
modify 1906 943
modify 224 300
query 134 602 1450
modify 1263 311
modify 1826 911
modify 1801 842
modify 1383 188
query 792 1094 236
modify 92 905
query 788 1292 1676
query 1269 1297 580
query 155 1968 1399
modify 1880 299
query 76 1522 829
query 964 1152 807
modify 1022 787
modify 92 103
modify 1128 896
modify 1121 818
query 356 1579 1651
query 96 1577 1669
query 974 1633 582
modify 1408 403
modify 145 377
modify 1127 718
modify 1590 310
query 108 872 1426
modify 1490 69
query 554 779 1659
query 351 466 545
modify 1690 149
modify 303 48
query 1260 1514 1363
query 646 979 698
modify 177 721
modify 545 4
query 1242 1602 846
modify 1484 733
modify 646 629
modify 649 176
query 453 691 26
modify 1242 734
query 868 1689 836
modify 1601 25
query 1244 1343 1087
modify 160 135
modify 52 884
query 704 1684 266
modify 871 431
modify 1199 819
query 26 1911 1187
modify 168 315
query 79 1930 932
modify 139 720
query 1128 1793 1178
modify 525 654
query 1285 1770 995
modify 206 771
modify 1702 677
modify 236 190
query 783 849 1477
modify 1078 576
modify 1609 828
modify 737 678
modify 489 576
modify 1581 413
modify 804 700
query 443 832 834
query 280 602 606
modify 865 360
modify 583 644
query 405 1637 1874
modify 170 777
query 4 782 1516
query 742 1952 822
modify 156 230
query 302 783 1976
modify 965 905
modify 1730 239
query 943 1567 1940
modify 1085 262
modify 1264 842
query 1479 1582 1147
modify 1904 557
modify 576 505
modify 1122 683
query 741 1300 1634
modify 1322 485
modify 1181 451
modify 695 292
query 756 1876 1311
modify 570 10
modify 1445 613
query 372 960 1136
query 786 1740 830
modify 1215 431
query 517 1733 270
query 1202 1534 1615
query 162 1268 1707
modify 1958 66
modify 1287 465
query 400 450 873
modify 30 20
query 76 1375 746
query 298 1822 1372
query 537 610 767
modify 518 313
query 458 1954 476
modify 1460 316
modify 1415 394
modify 656 260
query 1908 1911 1663
modify 729 682
modify 978 365
query 1633 1816 266
query 1314 1598 1427
modify 1996 177
modify 742 968
query 1208 1745 1516
query 333 512 1744
modify 1738 212
modify 1330 163
modify 1689 315
modify 916 401
modify 622 531
query 1116 1541 134
query 309 858 1408
query 1140 1885 1354
query 1 1441 1611
query 422 1216 1336
modify 188 217
query 402 1937 1122
modify 1037 665
modify 459 788
modify 1773 988
modify 1837 848
modify 935 70
modify 1106 801
modify 1856 456
query 856 1558 751
modify 1358 436
modify 1605 799
modify 1678 352
modify 1606 228
query 179 299 453
modify 932 189
modify 1883 680
query 411 1044 1362
modify 406 481
modify 1061 176
query 1151 1780 57
query 1638 1865 605
query 331 1889 1434
modify 209 618
query 317 443 677
query 388 1469 1107
modify 1022 723
query 669 1257 1992
modify 1423 849
modify 780 562
query 480 1114 234
query 925 1623 215
modify 1379 474
modify 57 108
query 7 984 636
modify 1640 337
query 755 1070 1189
query 1132 1516 288
query 102 1177 780
query 1032 1455 1758
query 1015 1385 1424
modify 1909 867
modify 862 651
modify 1362 247
query 89 666 725
query 892 1162 75
query 1199 1323 1781
query 1105 1133 1695
query 224 426 1042
modify 287 16
modify 1109 230
modify 1674 397
query 569 851 300
query 966 1693 633
query 585 650 1885
query 1019 1864 173
query 339 1726 1884
query 18 1334 414
query 932 1851 1520
modify 1277 737
query 476 867 1647
modify 494 948
query 578 660 1252
modify 902 542
query 504 638 985
query 377 893 1576
query 1048 1098 1728
modify 1171 468
modify 1703 351
modify 712 498
query 132 930 348
modify 1215 470
modify 1556 446
modify 1401 926
modify 312 1000
modify 486 84
query 140 340 407
modify 993 685
query 1619 1836 808
query 177 274 374
query 935 1590 1910
query 1111 1619 425
query 966 1292 1512
modify 955 924
query 446 468 1231
modify 1544 455
query 85 506 513
modify 1466 367
query 108 1551 27
query 972 988 786
modify 1843 28
query 1703 1858 748
query 119 722 370
query 864 1885 130
modify 394 995
modify 1434 460
query 970 1277 641
modify 932 363
modify 714 276
modify 395 516
modify 1776 266
query 311 1398 1842
query 180 691 290
query 150 516 1087
query 1102 1629 1162
modify 507 257
modify 215 352
query 1056 1916 763
modify 282 592
modify 206 188
modify 574 907
query 667 743 1080
modify 1571 153
modify 98 229
query 241 590 728
modify 352 340
modify 1629 291
modify 1874 974
modify 1047 827
query 123 1445 1015
query 883 1275 831
query 107 1654 1408
query 683 719 1881
query 353 1376 172
query 1194 1908 298
query 1330 1926 912
query 317 525 1554
modify 1097 788
query 689 1803 841
query 100 521 1985
query 791 1061 26
modify 1628 18
modify 221 610
query 274 968 1568
modify 146 441
query 557 1771 24
query 139 171 405
query 1607 1856 1218
query 379 523 253
query 265 472 152
query 295 1055 217
query 56 121 1957
modify 1951 363
modify 1528 480
query 1880 1963 280
modify 730 384
modify 1706 101
query 883 900 1011
modify 1186 654
query 916 1278 121
query 896 1865 1375
modify 1548 217
modify 1990 506
query 1426 1833 335
modify 1470 777
modify 203 771
modify 1052 571
modify 764 239
query 215 717 821
query 42 1531 1383
modify 746 914
query 294 1067 362
query 246 628 549
modify 1100 22
query 572 1449 68
modify 273 225
query 13 227 1725
query 636 1732 1830
query 531 926 1478
modify 1891 588
query 141 180 1435
query 13 1167 807
modify 936 381
modify 430 503
modify 673 659
modify 282 190
modify 257 380
modify 276 22
query 803 938 940
modify 1638 14
query 1410 1702 142
query 273 728 224
query 869 1016 1812
query 1544 1547 1452
query 273 1532 1957
query 166 1823 1960
modify 1966 720
query 630 996 1807
modify 894 804
query 687 1718 1865
modify 1686 855
query 377 1193 1246
query 208 1928 897
query 1003 1867 1781
query 1403 1454 796
query 621 991 473
query 178 488 986
modify 799 86
query 1870 1931 1549
query 312 1518 1086
modify 142 596
query 316 659 1876
query 309 1761 631
modify 669 52
query 95 754 714
query 1248 1633 1520
modify 137 776
modify 458 645
query 314 560 410
modify 1891 747
modify 1987 858
query 760 1717 1455
query 299 1178 417
modify 1404 874
query 373 1866 370
query 509 642 100
modify 1214 930
modify 42 269
query 1000 1805 157
query 95 373 996
modify 1032 541
query 681 704 628
modify 1389 250
query 719 1503 1541
modify 973 926
modify 1008 909
modify 1058 816
modify 1780 931
modify 416 870
modify 643 68
modify 1364 5
query 1367 1840 984
modify 764 261
query 758 1942 49
modify 964 445
modify 385 67
query 533 664 1105
query 1045 1886 916
modify 1317 738
modify 1691 965
query 612 1755 781
modify 543 840
modify 1378 125
query 1055 1057 1194
modify 194 565
query 725 1657 1813
modify 1436 187
query 1041 1863 463
modify 1863 671
query 186 1322 1474
modify 1838 525
query 1212 1676 454
modify 1866 510
modify 911 715
query 872 988 1737
query 247 1466 447
query 243 575 1402
query 220 345 1524
modify 1931 103
query 1667 1725 1325
modify 619 53
query 573 1855 1903
modify 1883 414
modify 937 526
query 43 1871 1165
modify 1221 517
query 858 1739 1198
modify 633 354
modify 886 507
query 1464 1490 872
query 1457 1858 1604
modify 1272 959
query 1218 1424 252
modify 1894 796
query 70 1215 1257
query 557 612 1525
query 842 1840 1247
query 1752 1753 630
query 1525 1855 1232
modify 1496 918
query 1001 1242 74
modify 1209 562
modify 1535 209
query 1030 1949 1517
modify 789 368
modify 1318 938
modify 1168 75
modify 1017 816
query 27 1204 1348
modify 1125 271
modify 957 320
modify 164 845
query 362 1796 311
query 66 750 523
query 647 1148 427
query 37 766 59
modify 1906 366
query 1362 1372 419
query 16 448 408
modify 264 136
modify 1720 372
query 638 1146 1292
modify 584 269
query 499 641 1636
modify 213 156
modify 754 748
modify 1541 396
query 315 1969 1816
modify 1911 685
modify 1444 960
modify 274 57
modify 938 618
query 197 1450 414
query 608 974 1462
modify 144 994
modify 289 533
query 537 1339 390
query 669 1229 960
query 591 978 1513
modify 1324 631
modify 49 701
modify 1221 388
modify 647 281
modify 315 957
modify 653 851
query 244 1296 2
modify 66 250
query 1085 1994 954
modify 1576 924
query 180 1966 493
query 319 1463 1740
query 112 1218 206
modify 1470 916
query 606 1765 748
query 71 404 830
query 578 1107 1042
modify 71 943
modify 824 141
query 1600 1888 1702
query 1417 1536 132
query 172 1238 764
query 917 1198 1218
modify 213 941
query 798 1048 1022
modify 137 754
query 193 281 1659
query 351 1493 1186
query 696 1236 578
modify 1496 890
query 822 1415 125
query 975 1214 1178
modify 37 993
modify 1038 924
query 512 1374 47
query 140 381 1792
modify 1122 5
modify 9 496
modify 1962 212
query 553 1073 234
query 334 1227 1326
query 746 1455 191
query 422 1353 1153
modify 182 597
query 910 1866 1871
modify 597 626
modify 1254 187
modify 1567 274
query 1256 1818 1197
query 86 606 1878
modify 1425 311
modify 786 856
modify 1495 829
modify 684 221
query 549 1193 68
modify 799 495
modify 667 855
query 371 873 101
query 1117 1593 892
query 520 1471 1663
query 1043 1824 992
query 1326 1627 524
query 631 1170 1035
query 168 1142 1256
modify 1203 91
modify 999 302
query 881 1924 485
query 412 956 1569
query 567 811 1324
modify 1856 249
query 28 1716 294
query 1608 1830 688
query 1217 1492 1457
modify 1796 130
query 719 1785 1831
modify 168 553
modify 110 162
modify 453 651
modify 15 602
query 624 1763 1114
query 1376 1837 1012
query 1090 1186 1066
modify 704 692
modify 998 721
query 859 1439 1182
modify 601 662
modify 445 499
query 246 909 1257
query 459 1772 1982
modify 433 156
query 87 1238 1144
modify 1379 358
modify 580 270
query 81 312 926
modify 510 338
query 1281 1812 518
modify 1292 38
modify 1488 190
query 405 1184 392
modify 1608 968
query 1082 1662 1070
modify 577 293
modify 205 180
modify 50 476
query 27 1106 425
query 406 1169 648
query 1211 1883 927
query 391 1031 745
query 1418 1456 777
modify 1305 227
query 526 1344 655
modify 354 246
modify 1814 901
modify 1470 790
modify 1658 224
query 116 1715 866
modify 408 142
modify 414 494
modify 1759 277
modify 721 979
modify 1515 459
query 1365 1571 769
query 1427 1910 1275
modify 881 948
query 865 1988 1682
query 1536 1610 80
modify 1931 335
query 492 965 928
modify 1219 858
query 502 956 1081
modify 183 197
query 808 1329 1375
modify 491 928
modify 836 445
modify 167 588
query 1569 1689 565
modify 654 70
modify 1616 423
modify 1414 961
query 774 1864 568
modify 1819 981
modify 1485 385
query 1214 1285 228
modify 1856 178
query 478 703 1903
modify 947 49
query 1500 1574 508
query 754 1891 935
modify 17 365
query 298 1924 1319
modify 1399 57
modify 1207 140
query 1588 1600 502
query 780 1398 876
modify 659 468
modify 1116 464
modify 419 499
modify 1216 821
modify 1429 58
query 1196 1568 253
modify 1054 861
query 933 1045 718
modify 222 601
modify 452 249
modify 1858 837
modify 939 449
query 8 1930 289
modify 1751 459
modify 351 957
modify 1650 692
modify 1447 485
modify 1298 758
modify 1376 891
query 1842 1872 407
query 388 1117 1703
query 723 1794 1440
query 781 1725 22
query 500 521 1231
modify 814 702
modify 1703 263
query 597 1596 1120
modify 1209 339
modify 595 961
query 676 1895 331
modify 684 919
query 637 961 678
query 557 887 1803
query 1470 1995 805
modify 1158 708
modify 1114 22
query 1081 1503 742
query 1675 1911 616
query 838 1818 646
query 1181 1659 1732
modify 813 853
query 452 661 1042
modify 1215 818
modify 524 372
query 483 1300 276
query 1530 1553 115
query 382 1346 461
modify 1602 76
modify 10 584
modify 348 548
modify 1809 433
modify 803 587
modify 1361 942
query 245 1171 1341
query 940 1389 1305
query 1154 1435 615
query 1391 1801 153
query 985 1721 1627
modify 108 938
modify 1592 187
query 126 637 729
modify 261 256
query 475 1373 114
modify 1419 739
query 202 1873 1502
query 704 1486 393
query 561 1660 154
modify 84 145
modify 1913 942
modify 1313 92
modify 582 1000
query 294 1394 1141
query 452 580 878
query 749 1227 619
modify 1940 503
modify 1802 608
query 556 1833 448
modify 309 480
query 198 435 469
modify 295 161
modify 1017 185
query 1250 1887 1983
query 422 1802 106
query 899 1533 1107
modify 1493 816
query 432 1818 928
modify 1055 151
modify 1564 700
modify 318 182
query 751 1183 171
query 356 445 1796
modify 1701 926
query 225 392 409
modify 1502 460
modify 1401 278
query 608 1239 1292
query 10 842 303
modify 600 445
query 1191 1909 856
query 156 1613 411
modify 293 759
modify 1582 279
modify 1885 25
query 473 675 934
modify 611 921
query 400 1330 1479
query 750 1583 1040
modify 1681 947
modify 515 29
query 301 547 1629
modify 562 808
modify 1483 814
modify 393 535
modify 1496 149
query 301 1555 1201
modify 920 923
query 466 651 742
modify 1238 583
query 536 1818 481
query 1063 1921 275
modify 1080 552
query 810 1762 333
modify 161 140
query 1181 1199 1177
query 558 1551 1633
modify 924 294
query 1460 1751 349
modify 64 511
modify 1822 862
query 586 1126 1501
query 128 1068 816
modify 1708 220
query 816 1836 1809
query 609 1802 713
query 1841 1963 167
modify 827 161
query 337 1561 1822
modify 386 848
query 1202 1842 1834
modify 888 733
modify 1284 379
query 397 1409 1619
query 999 1508 970
query 1204 1245 1926
modify 1391 196
query 280 1836 746
query 846 1447 335
query 1341 1710 220
modify 1683 290
modify 597 371
modify 1867 232
query 198 566 238
query 45 1769 1704
query 1029 1753 622
query 1737 1934 881
query 363 1440 299
query 36 1331 386
modify 362 685
query 749 1219 1744
modify 1563 528
modify 117 931
modify 398 20
modify 1946 191
query 81 1850 691
query 1275 1446 1276
modify 931 226
query 418 1687 1215
query 1771 1799 1829
query 1701 1724 1743
modify 965 122
modify 1923 962
modify 1203 30
modify 1760 367
modify 165 635
modify 1936 956
query 463 1450 275
query 870 1953 1439
query 755 1207 305
query 1410 1526 1235
query 1536 1935 1390
modify 1440 719
modify 1898 879
query 341 871 1564
modify 1523 164
modify 1645 554
query 178 705 578
query 398 464 1846
query 234 1685 46
query 772 1837 235
modify 168 865
query 918 1973 810
modify 507 738
modify 1678 362
modify 344 341
modify 337 131
modify 1673 17
modify 1323 517
query 52 1218 1192
modify 591 768
query 450 540 1779
modify 436 135
modify 246 402
modify 147 599
query 79 939 1468
modify 1087 560
query 619 1924 1828
query 1193 1464 1769
modify 219 864
query 744 1721 705
query 602 973 1238
modify 339 338
modify 805 833
modify 1350 76
query 352 1975 1228
modify 893 571
modify 1670 392
modify 1415 601
query 652 1219 138
modify 336 643
modify 282 160
modify 837 349
modify 1807 145
query 428 1080 310
modify 1956 872
query 1489 1708 421
modify 780 514
query 344 1173 1661
query 1309 1761 1658
modify 271 447
modify 1562 12
query 967 1266 296
query 25 1112 1233
query 57 968 1641
query 102 1412 154
query 704 1718 1950
modify 1727 205
query 310 1589 978
query 1348 1378 269
modify 1554 247
modify 1659 814
modify 1965 356
query 244 1776 1299
modify 1690 210
query 941 1048 1876
query 51 1308 740
modify 1040 816
query 47 324 1195
query 5 337 1861
modify 75 226
query 728 1142 1357
modify 1178 22
modify 1919 540
modify 1388 42
query 355 1872 1594
modify 249 494
modify 643 680
query 565 1699 1774
query 451 1051 1116
modify 848 72
modify 565 979
modify 1678 487
modify 932 384
query 933 1475 1821
query 519 1192 988
query 205 431 1219
query 925 1620 1816
query 104 1616 1173
query 639 915 1086
query 280 1986 802
query 616 1317 736
modify 1666 782
modify 605 763
modify 1482 330
modify 1044 14
modify 659 550
modify 1282 209
query 226 1029 1066
modify 653 851
query 622 1099 464
modify 1417 106
modify 682 403
modify 1513 371
query 287 988 633
modify 331 596
query 1057 1914 935
query 419 1204 1694
modify 889 299
modify 438 17
modify 385 354
query 331 1189 1881
query 691 724 1400
query 1116 1252 405
query 140 184 1501
modify 206 984
modify 1271 843
modify 532 568
modify 778 308
modify 949 687
modify 590 304
modify 461 210
modify 855 701
modify 566 400
modify 550 47
modify 68 867
modify 414 382
query 50 1324 1024
query 109 613 1962
query 625 1908 173
modify 1718 888
query 22 419 1262
modify 1444 628
query 672 727 1760
query 466 1465 298
query 129 881 1350
query 995 1605 1456
modify 263 619
modify 529 550
query 21 421 697
modify 1154 568
query 111 552 1541
query 427 734 1382
modify 1107 670
query 657 1938 1166
modify 1012 729
modify 220 232
modify 499 888
modify 1001 699
modify 1090 152
query 1575 1626 1503
modify 1116 203
modify 584 247
query 40 811 882
query 781 1775 177
modify 295 677
query 196 1137 1999
modify 455 230
modify 823 629
query 301 720 1693
query 1517 1834 1515
modify 1429 270
modify 881 445
query 1107 1278 75
modify 781 478
query 477 1943 1049
query 739 746 905
modify 1235 561
query 839 1252 905
modify 1895 335
modify 1415 493
query 749 960 1858
modify 345 185
query 221 952 641
modify 1185 323
query 784 831 541
query 163 1732 1905
modify 1473 18
query 632 1750 1220
modify 153 792
query 1329 1696 484
modify 1819 634
modify 114 166
query 749 1858 854
query 157 1816 1364
modify 855 70
modify 1200 393
query 392 1560 625
query 610 1471 1132
modify 1969 581
query 737 1216 1008
query 396 1537 472
modify 1306 611
query 360 833 608
modify 186 989
modify 1264 872
query 1322 1373 322
query 929 1986 1900
query 19 1117 1628
modify 188 286
query 317 559 1889
modify 291 463
query 499 969 1738
modify 422 441
query 1229 1705 1813
modify 1230 189
modify 1160 662
query 320 1522 939
modify 1530 139
modify 1747 82
modify 194 762
modify 1453 25
query 872 1512 254
modify 109 526
modify 874 638
modify 1834 440
query 1010 1310 539
modify 1024 570
modify 902 505
modify 1664 863
modify 1421 961
query 1567 1642 1280
modify 323 828
query 185 861 1464
query 1657 1846 1598
modify 589 719
modify 1881 201
query 158 1164 99
modify 1772 999
query 272 791 1374
modify 800 323
modify 645 370
query 236 1705 1507
modify 1774 639
query 638 1569 129
modify 615 186
modify 1879 237
query 200 1520 1233
query 1077 1276 828
modify 638 179
query 764 1104 1522
query 580 1625 1102
modify 1285 912
modify 858 970
query 727 1312 1243
modify 1977 976
modify 987 16
query 2 1613 116
modify 39 37
modify 561 916
query 84 1988 716
modify 859 916
query 453 464 40
modify 1453 535
query 1151 1327 1428
modify 158 330
query 774 933 514
query 42 278 502
query 225 1434 1540
modify 757 175
modify 751 108
modify 882 803
query 1147 1309 1507
query 1412 1936 1
query 427 658 533
modify 1768 571
modify 483 820
query 1160 1953 1071
query 427 1993 790
modify 553 517
modify 1573 49
modify 632 241
modify 794 208
query 167 516 1307
query 594 1699 1231
query 772 1933 955
query 478 1194 1126
modify 1045 282
query 273 857 865
query 767 1975 1971
modify 737 84
query 157 550 1231
query 19 702 198
modify 1304 722
query 691 1070 185
modify 617 356
modify 1525 681
modify 428 123
modify 1322 320
query 58 732 429
query 974 1453 1265
query 82 291 1332
modify 1032 247
modify 1341 936
query 581 762 1186
modify 1209 671
query 589 1082 1663
query 341 1944 1087
query 766 879 606
modify 1568 975
query 248 545 328
modify 1785 450
modify 1749 146
modify 1661 632
query 53 1596 542
query 726 844 25
query 604 1059 709
modify 817 89
modify 177 603
modify 1855 467
query 822 1175 579
modify 1028 241
query 19 590 449
query 818 1044 676
query 420 1470 885
modify 1403 864
query 377 580 1529
query 250 1799 363
query 522 555 1274
modify 1510 241
query 1331 1999 1264
modify 919 466
modify 1436 453
modify 1927 609
query 320 503 988
modify 1823 166
query 524 1399 1859
modify 1893 691
query 952 1980 1397
query 371 1266 1028
modify 895 882
query 31 1598 1432
modify 1324 931
query 458 993 548
query 525 1625 711
query 1032 1299 1808
query 1657 1745 1930
modify 1395 359
modify 1210 920
query 1662 1678 452
query 366 1717 859
query 946 1573 1014
modify 510 293
modify 425 867
modify 147 746
modify 1124 792
query 1050 1158 1327
query 354 1062 874
query 167 1624 1544
modify 606 716
modify 1142 625
query 828 1021 686
modify 200 605
query 110 1911 55
modify 1721 304
modify 1108 215
query 1318 1750 1790
modify 223 371
modify 1528 637
query 211 1966 228
modify 1403 799
query 185 1807 525
query 392 551 877
modify 1649 773
modify 1148 591
query 144 1372 10
query 1303 1996 608
modify 20 9
query 123 536 661
modify 117 600
query 744 1577 647
modify 120 780
modify 1309 513
modify 678 175
query 458 745 521
query 391 1640 262
query 597 1671 1872
modify 1069 636
query 546 964 1144
modify 1984 666
query 746 1558 342
query 437 841 1029
modify 1394 430
modify 1348 473
modify 1111 429
query 417 559 1689
query 236 1915 893
query 287 1190 613
query 1284 1438 1069
query 3 946 1586
query 666 1334 38
modify 1274 432
modify 1922 22
modify 1388 42
query 156 1675 283
query 735 989 1353
modify 1255 149
query 851 1623 1224
query 35 1253 1248
modify 1835 38
query 17 435 1079
query 742 1063 1178
query 297 1219 1053
modify 435 945
query 1477 1872 1482
modify 508 621
modify 1604 399
query 133 994 1019
modify 1796 520
query 404 589 504
query 189 1481 1808
modify 644 247
modify 750 219
query 725 1998 805
modify 179 25
query 45 1402 727
modify 1511 521
query 450 1356 1836
modify 1538 518
modify 923 703
query 1290 1989 1168
query 58 694 871
modify 1697 72
query 554 773 1691
query 477 1968 1418
query 129 174 835
modify 1233 507
query 1122 1822 1483
modify 1147 110
query 29 1713 1733
query 841 1623 1839
modify 890 451
query 276 881 441
modify 1695 606
query 228 339 353
modify 1700 172
modify 486 744
modify 379 238
modify 1267 71
query 459 1063 131
query 293 1740 111
modify 1953 928
query 66 1616 70
modify 1525 330
modify 295 458
modify 279 584
query 669 1287 1653
modify 245 547
query 257 567 1082
modify 1810 672
modify 1955 796
modify 1088 88
query 1054 1516 6
modify 136 29
modify 1487 896
modify 258 945
modify 1021 150
modify 215 251
query 1359 1912 1013
modify 663 370
modify 1571 593
query 751 1789 331
query 837 1501 858
query 465 1520 164
query 1088 1286 162
modify 771 387
modify 281 751
query 83 909 208
modify 1934 260
modify 1209 631
query 508 1796 316
modify 1546 722
modify 120 411
modify 1891 654
modify 901 863
query 358 1264 373
query 403 773 89
modify 132 235
query 128 315 470
query 77 635 563
query 467 1631 115
query 239 440 583
modify 803 876
query 499 1843 1639
query 1171 1680 420
modify 161 275
query 1558 1602 277
query 1442 1942 1062
modify 1462 92
query 514 1203 1396
modify 1698 673
modify 1561 371
query 501 1010 790
modify 247 778
query 979 1545 1559
modify 1426 24
modify 398 740
query 950 1233 1551
query 407 781 1740
modify 1882 533
modify 1993 453
query 265 1386 1706
query 282 998 1617
modify 1535 998
modify 1846 371
modify 352 969
modify 1574 885
query 72 355 877
query 80 761 326
query 1177 1960 328
query 21 1461 1003
query 1753 1855 1898
modify 1625 15
modify 888 799
query 601 1426 1354
query 1398 1732 434
query 584 1819 513
modify 1083 416
modify 1426 801
modify 288 847
modify 599 176
query 208 640 1639
query 370 1904 491
query 725 1287 1005
modify 604 228
modify 1021 437
modify 1725 971
modify 781 834
modify 1012 510
modify 1134 149
modify 198 289
modify 690 838
query 51 1181 796
query 1028 1851 329
query 335 1572 316
query 591 1569 1312
query 1648 1920 68
query 152 155 1625
modify 1790 456
query 1486 1520 1624
modify 353 98
modify 603 589
modify 1576 729
query 1335 1667 648
modify 661 345
query 1254 1571 818
query 1573 1757 890
query 1309 1372 1993
query 571 615 533
modify 914 941
modify 1721 13
query 282 1563 1798
query 752 1149 20
modify 1407 971
query 561 958 551
modify 537 740
modify 227 454
modify 352 840
modify 936 700
query 332 1647 1565
modify 1749 302
modify 914 859
modify 1529 117
query 257 1151 1722
modify 1507 843
query 830 1873 39
modify 279 723
modify 1673 373
query 710 1717 117
modify 1610 629
modify 1243 773
modify 802 259
modify 875 659
modify 1799 202
modify 1272 82
modify 666 833
modify 1205 559
modify 749 733
query 285 671 1563
modify 950 118
query 407 1086 1937
query 568 1050 377
modify 1797 642
query 172 192 676
modify 1335 787
query 265 1453 485
modify 1994 92
query 1366 1566 1260
query 1125 1658 195
modify 1143 772
query 219 1139 1398
modify 1295 451
query 214 344 1939
modify 783 743
modify 1975 553
query 153 1662 168
query 106 429 1441
modify 1393 477
query 447 490 1779
query 214 775 341
modify 1510 268
modify 1497 611
modify 466 701
modify 296 597
query 1030 1629 1171
query 33 741 258
query 731 1401 1596
query 1473 1863 1893
query 405 1192 637
query 1382 1958 1824
modify 1641 670
query 191 1918 1882
modify 288 10
modify 1400 452
modify 1561 811
query 286 629 1963
modify 843 214
modify 1943 730
query 536 1921 1856
query 879 1461 1894
query 1221 1993 535
query 375 1415 962
modify 414 954
query 338 1400 1332
modify 1068 881
modify 783 282
modify 1254 742
modify 241 940
modify 337 362
query 552 902 1787
modify 1488 440
modify 1401 949
modify 1901 526
query 571 1128 247
modify 571 325
modify 732 323
query 536 1291 1644
modify 1543 955
query 1141 1284 1267
query 475 1972 828
query 325 1346 1748
modify 652 832
modify 1746 156
modify 356 175
query 703 1067 186
query 984 1498 18
query 908 1439 59
query 1056 1264 8
modify 1931 115
query 119 919 382
modify 1222 960
modify 62 474
modify 18 743
modify 259 293
query 605 677 1905
modify 41 347
query 1381 1526 131
query 1491 1723 368
query 1174 1393 970
query 45 285 7
query 18 139 1142
modify 1420 353
query 505 686 1996
modify 1358 783
modify 1850 207
modify 1683 194
query 682 1688 1065
modify 723 738
modify 1692 564
modify 595 69
modify 58 535
query 653 1714 409
query 1212 1213 969
modify 645 881
query 281 1362 1857
modify 620 853
query 915 1751 1143
query 208 452 1312
query 626 1540 1271
query 1220 1959 1385
modify 1626 720
query 175 917 305
modify 1360 811
modify 474 313
query 799 1197 294
query 445 522 731
modify 889 855
modify 812 774
modify 1985 589
query 709 1213 712
modify 511 67
modify 1246 597
query 57 619 1432
query 186 426 608
modify 320 856
modify 1606 769
modify 591 555
modify 640 271
query 208 351 1770
query 528 1392 1062
query 888 1291 1939
modify 1715 729
modify 949 217
modify 1169 975
modify 578 840
modify 565 808
query 33 584 715
modify 1620 967
query 926 1432 185
query 485 589 722
query 1155 1335 1221
modify 472 803
query 883 988 1643
modify 291 463
query 673 1341 526
modify 1133 841
modify 1379 934
query 987 1749 1642
query 113 1154 1662
query 833 1870 18
modify 1325 992
query 179 1362 79
modify 1107 367
query 598 779 1237
modify 148 399
query 796 1673 959
query 658 1196 592
modify 1436 198
modify 1065 967
query 1371 1807 1113
modify 1440 27
query 634 1522 1107
query 102 186 890
modify 590 307
query 515 697 895
modify 854 398
query 1587 1875 1143
modify 1103 266
query 758 1077 1813
query 1365 1782 794
query 872 1440 650
query 41 1733 716
modify 767 950
query 85 913 608
query 497 893 1503
modify 79 628
query 395 887 860
query 560 1971 1184
query 618 1026 1711
query 332 1822 503
modify 1087 292
modify 1487 498
query 599 1613 1399
query 825 1112 1497
modify 281 237
modify 1602 227
modify 1518 339
modify 345 273
modify 331 473
query 66 1273 221
query 880 1733 1845
modify 977 255
modify 1695 203
query 697 1366 1974
modify 1953 799
query 1919 1961 407
modify 667 946
modify 418 644
modify 322 534
modify 477 138
query 379 1048 64
modify 844 676
query 502 1523 833
modify 1147 924
modify 455 356
query 1166 1526 321
modify 1230 29
modify 298 500
query 599 1975 557
query 1252 1606 1580
query 700 1327 1396
query 274 1523 610
modify 1643 823
query 1498 1591 712
modify 1653 111
