100
184 547
78 193
510 727
236 507
484 526
473 910
316 976
73 817
469 664
199 553
94 489
468 952
688 692
698 743
10 964
9 702
67 971
559 810
282 535
195 406
468 522
26 944
610 615
277 919
285 325
100 655
585 843
179 860
294 779
277 663
315 816
227 975
152 421
241 356
201 414
348 513
298 602
136 638
586 812
94 939
461 475
773 890
90 809
82 786
457 463
463 962
375 748
281 543
271 333
351 420
171 692
838 918
466 666
650 851
63 464
33 414
319 905
474 629
84 944
563 872
724 933
167 249
575 605
372 619
178 220
387 824
159 930
281 851
419 940
148 481
413 557
424 896
218 777
149 202
112 127
272 364
386 738
92 566
407 968
519 738
163 391
365 536
34 507
53 505
751 788
95 224
652 690
369 386
170 782
892 894
283 889
104 639
440 697
190 935
138 755
537 908
140 539
230 387
592 914
40 930
