100
2944 97632
36546 95927
21581 93287
38833 52567
16477 96470
6281 32886
54704 66441
38350 46666
11214 54063
50451 68508
3015 22580
13717 53958
26672 92797
30178 36951
75184 87677
58107 92901
45616 80035
8612 71145
69380 71512
2276 69492
64207 78512
34825 78001
17568 49560
50679 69658
69187 81150
6618 93273
17246 95573
27871 51132
32374 61492
77991 79967
56259 60762
5724 61325
47273 66015
51907 89567
24554 87131
44191 49706
10442 72098
16310 94946
12496 31658
16460 43902
63911 79809
58088 65521
57920 93262
69804 94962
16915 48853
51444 64416
6256 45728
48397 99847
37803 51157
58034 70758
55960 61432
51032 63140
43118 60334
50996 66980
59698 74861
63035 77099
12199 20425
10178 29151
403 49047
97661 97893
40397 90300
37187 79074
66271 98693
65447 75546
9941 94563
23411 38559
60880 69069
22545 95040
16699 44018
39226 99679
34780 59880
45201 55443
34755 49910
44043 97696
58672 68569
44967 82370
26814 37581
95437 97226
884 83751
53622 73114
32394 73033
11016 20261
60251 63505
25313 52743
34705 42256
36036 85946
30095 58781
31073 64835
16023 96590
3437 48298
46645 48500
26674 93215
10952 63208
55083 97217
1257 89484
76646 77211
62698 78662
53478 92868
66459 76259
5671 26075
