100
7117483 7651498
7202713 9331039
5744847 6099590
7541782 9093988
2992273 4060622
2882300 5870698
5323621 9658994
326498 4531072
3280579 4792283
5508622 9584639
1793419 9755915
6726354 7808569
1968851 6082767
2744796 3241760
679778 8319680
7020465 7544788
6166211 8011063
6032021 6927151
3801023 4092108
436173 2500881
3643609 9531742
2311119 2343973
6057962 9849462
2979975 6741027
398589 9919979
8044548 9147674
1483271 2582826
5095624 9841453
1673197 4676529
4653882 7368342
1804360 2638665
2341337 8754296
4536441 7866608
6264526 9464908
1562494 7151757
1229772 8963970
4418765 7375243
3104879 8227229
2227519 9163764
3138032 4276490
2932301 9293999
3033287 5758833
2284710 7841009
5817518 6987195
1590957 8273336
314512 2183068
4722236 7377804
2181964 6164699
3923926 5796812
4219190 7611331
1550519 8605086
3231539 8194707
8027118 8842198
715602 728797
2510448 9364319
1488139 8844491
743441 5808970
1777157 8997208
6175871 7642183
5968828 8183595
5507526 6684336
4230436 4594672
3910685 9371436
2887514 8507565
3584316 4532713
3100397 9716854
699711 6727211
605160 3591777
5437 9078205
589252 1452695
1378687 2699703
5132339 7072264
552975 4223731
2469685 6848854
5618442 7219382
3540439 5206551
3449467 9451093
2147572 8932241
2221738 3427820
36566 7555100
3849673 6499881
2675825 6951142
1895461 7394851
4379277 5470025
41537 9809464
741790 6888819
1107196 4985835
2728744 5873411
522954 3063467
5396576 6047973
5417018 7848137
1993985 4671487
5796519 7143246
1394306 7634942
2529191 4364292
1351375 9589655
3848854 6840435
601875 5562306
1047563 1076837
736440 9401141
