100
5104921 9356603
511981 6753400
1995615 4130664
9356541 9640146
598984 9529208
4362501 9154109
6820725 9945328
2001544 3639064
7568101 8260337
5389772 9556352
4661586 8867298
382789 526049
6501485 9041462
575537 9303009
2276041 6358267
648396 8298405
3559990 4898948
1005279 4558790
6708896 9177477
3362204 6404596
2565526 2675474
59969 6325588
88262 4628512
1361543 6009229
1234506 8224182
455126 8834075
4700935 6191377
4628299 9992514
3104805 4629034
6152860 9647534
3032251 6343439
4520193 6958601
4771437 9300539
1264164 3497739
1268520 1943141
2020744 2100627
2309096 4995505
2609969 9242879
7824280 9890009
901266 9625152
6572244 7731936
5205385 9298903
3633757 6017320
2532333 3716687
2415771 9703148
5463944 7479747
610848 4830522
2108426 3432034
5958976 8605666
2645189 7390142
4293048 5054792
1320121 8400439
8043004 8418073
3359880 5760271
6154855 6227614
3983034 9917343
986419 4623423
1778432 9286297
5907894 6523207
2466698 3337517
1087053 1339770
3920855 7134527
4234542 9780550
1961792 9410137
6541842 9168275
393309 5361603
2511767 8503653
2163079 3736200
4844110 8109005
3061338 9089005
8178868 8465649
4939563 7531519
7451843 8745719
4454789 5529750
1259874 6865691
5037577 6073074
4061756 9064533
1616979 4322008
447929 3279327
5080354 9432045
5198594 9505200
6635551 9212649
8842243 9715455
4107782 9797874
1315024 3862491
2124690 8895408
8939005 9583312
1893473 9014245
2711952 3466621
6321177 8443215
7004942 8327419
5229186 9861894
6731262 7662952
4929476 5963974
1531525 6411457
2001693 8777778
6672045 7321244
3005539 3799127
3665686 8581244
2158513 6854266
