1000 1
26 15031
40 15023
53 15020
57 15011
68 15008
78 14990
84 14987
84 14985
87 14983
87 14983
88 14955
90 14952
100 14950
100 14950
105 14939
105 14926
109 14918
109 14889
128 14883
130 14866
135 14850
140 14839
145 14818
164 14812
177 14796
180 14792
183 14789
187 14785
202 14776
211 14772
218 14769
222 14759
225 14740
233 14722
238 14720
243 14712
249 14708
271 14705
278 14696
282 14694
282 14694
287 14671
292 14668
305 14662
320 14659
320 14656
325 14651
332 14646
332 14644
332 14644
335 14634
335 14632
336 14623
336 14611
336 14611
336 14609
336 14605
342 14595
342 14592
345 14573
345 14570
354 14565
370 14554
370 14551
371 14549
385 14535
394 14528
403 14525
409 14503
410 14501
419 14498
426 14485
427 14481
436 14473
439 14467
450 14462
460 14445
466 14426
475 14412
485 14402
504 14394
527 14390
535 14372
537 14354
548 14340
548 14324
553 14317
572 14309
572 14309
575 14304
575 14304
586 14293
587 14291
591 14283
599 14276
608 14272
609 14270
612 14249
612 14247
616 14229
617 14225
617 14223
621 14199
621 14199
628 14182
628 14178
631 14175
633 14155
656 14152
666 14145
682 14143
683 14130
683 14130
694 14115
711 14104
723 14102
728 14091
735 14073
742 14056
745 14051
754 14049
764 14036
776 14029
789 14015
796 13998
796 13996
796 13994
801 13978
801 13974
804 13964
826 13961
827 13959
835 13955
837 13940
838 13917
843 13899
848 13895
859 13884
862 13878
874 13863
895 13856
899 13845
912 13832
913 13817
916 13804
923 13796
930 13775
930 13772
932 13766
935 13756
948 13741
951 13720
966 13717
966 13714
981 13709
1006 13705
1023 13702
1023 13702
1031 13700
1033 13682
1043 13675
1043 13672
1054 13657
1055 13654
1055 13652
1055 13650
1060 13636
1072 13621
1078 13599
1086 13590
1107 13585
1116 13582
1129 13572
1129 13565
1150 13560
1154 13553
1167 13546
1171 13535
1175 13529
1179 13523
1182 13521
1182 13521
1197 13516
1206 13507
1210 13500
1214 13487
1214 13487
1224 13473
1235 13458
1235 13456
1238 13440
1246 13433
1262 13425
1270 13409
1272 13399
1298 13397
1300 13391
1323 13385
1323 13379
1324 13373
1342 13368
1342 13365
1350 13362
1366 13352
1385 13350
1385 13345
1387 13342
1389 13340
1391 13333
1391 13330
1411 13325
1413 13322
1413 13322
1418 13319
1433 13308
1433 13300
1434 13282
1444 13279
1454 13270
1476 13265
1484 13261
1496 13248
1496 13245
1504 13227
1514 13213
1521 13195
1521 13195
1521 13193
1537 13180
1545 13165
1545 13165
1547 13140
1550 13116
1561 13111
1571 13106
1571 13104
1571 13097
1572 13092
1572 13064
1575 13060
1583 13050
1590 13038
1603 13028
1603 13024
1610 13003
1611 12998
1632 12995
1634 12970
1635 12968
1639 12955
1648 12946
1648 12946
1653 12926
1653 12923
1655 12919
1672 12915
1678 12906
1679 12903
1694 12899
1694 12897
1695 12882
1699 12878
1699 12878
1699 12875
1713 12869
1713 12867
1721 12851
1733 12839
1734 12833
1749 12819
1749 12790
1752 12782
1762 12776
1762 12773
1776 12765
1784 12750
1791 12742
1803 12735
1818 12727
1821 12722
1821 12722
1830 12706
1838 12703
1848 12694
1850 12674
1850 12646
1857 12631
1873 12620
1873 12604
1889 12597
1898 12578
1898 12578
1917 12568
1920 12564
1925 12557
1950 12554
1962 12539
1965 12536
1987 12533
1990 12510
1994 12502
2006 12491
2009 12485
2012 12477
2020 12462
2023 12460
2040 12456
2041 12453
2041 12432
2066 12430
2066 12428
2076 12419
2076 12419
2078 12408
2086 12405
2089 12403
2093 12378
2095 12367
2107 12355
2110 12341
2111 12338
2123 12328
2123 12328
2123 12325
2132 12323
2133 12306
2158 12302
2171 12289
2186 12283
2193 12273
2194 12269
2195 12246
2197 12243
2200 12236
2208 12234
2220 12221
2230 12209
2231 12206
2231 12195
2237 12192
2242 12181
2256 12169
2258 12164
2258 12164
2264 12148
2274 12143
2286 12129
2293 12119
2293 12090
2309 12088
2317 12072
2318 12058
2331 12056
2349 12054
2349 12048
2368 12041
2382 12033
2386 12024
2386 12002
2386 12002
2387 11997
2389 11989
2397 11985
2404 11977
2424 11968
2424 11968
2424 11952
2425 11950
2434 11947
2434 11923
2457 11918
2468 11903
2469 11898
2476 11891
2500 11886
2501 11875
2502 11854
2507 11847
2516 11834
2516 11834
2534 11826
2535 11818
2539 11815
2539 11805
2555 11797
2572 11786
2577 11780
2585 11772
2588 11767
2599 11757
2614 11744
2626 11742
2628 11738
2646 11733
2646 11733
2652 11710
2670 11705
2670 11703
2691 11697
2691 11697
2694 11686
2701 11670
2707 11655
2729 11648
2736 11631
2750 11627
2760 11619
2766 11610
2767 11608
2768 11598
2769 11580
2784 11578
2791 11562
2791 11545
2793 11533
2798 11529
2798 11514
2803 11511
2813 11494
2829 11489
2829 11485
2846 11476
2846 11474
2848 11469
2852 11462
2852 11460
2871 11450
2877 11438
2885 11430
2885 11430
2887 11423
2892 11413
2899 11407
2901 11405
2904 11402
2911 11395
2915 11375
2931 11373
2932 11350
2933 11346
2933 11343
2947 11341
2950 11335
2970 11328
2970 11326
2970 11320
2978 11318
2990 11302
2992 11285
2992 11283
2992 11283
2993 11280
3016 11278
3028 11276
3029 11272
3039 11255
3040 11253
3042 11239
3052 11236
3054 11228
3060 11213
3064 11205
3080 11201
3083 11191
3086 11180
3095 11163
3097 11144
3103 11128
3103 11128
3109 11121
3127 11116
3129 11106
3140 11104
3148 11092
3149 11090
3159 11076
3162 11064
3189 11062
3189 11062
3192 11057
3193 11054
3198 11039
3202 11022
3211 11020
3216 11014
3222 11011
3228 11007
3228 11000
3241 10997
3241 10983
3241 10983
3242 10959
3242 10957
3242 10957
3250 10950
3257 10928
3281 10926
3288 10920
3293 10915
3297 10903
3314 10899
3314 10888
3315 10879
3315 10879
3333 10876
3339 10866
3339 10864
3344 10850
3349 10836
3354 10825
3362 10823
3369 10816
3378 10810
3387 10804
3389 10797
3403 10785
3405 10783
3405 10779
3408 10757
3415 10735
3417 10728
3417 10726
3422 10717
3428 10711
3432 10707
3447 10695
3447 10672
3467 10667
3475 10665
3477 10650
3479 10629
3505 10627
3516 10616
3517 10614
3517 10614
3529 10597
3530 10589
3535 10578
3536 10571
3544 10568
3555 10564
3562 10548
3579 10546
3597 10542
3597 10527
3597 10527
3624 10525
3624 10520
3624 10491
3626 10473
3648 10468
3658 10460
3659 10453
3660 10434
3676 10432
3681 10419
3682 10417
3683 10403
3684 10375
3693 10363
3698 10341
3698 10341
3719 10337
3722 10333
3727 10329
3731 10326
3754 10324
3754 10318
3767 10304
3780 10289
3781 10286
3781 10284
3792 10275
3794 10266
3801 10257
3801 10257
3807 10237
3807 10222
3815 10209
3818 10193
3819 10170
3822 10164
3838 10154
3838 10145
3844 10139
3844 10131
3850 10129
3861 10122
3862 10120
3864 10115
3864 10115
3869 10111
3880 10105
3893 10103
3902 10091
3903 10088
3908 10068
3916 10053
3924 10038
3926 10036
3940 10028
3949 10015
3961 10009
3967 10002
3976 9998
3981 9993
3982 9991
3989 9976
3989 9974
4013 9970
4017 9950
4017 9950
4029 9942
4045 9935
4046 9925
4054 9911
4071 9909
4074 9888
4075 9861
4085 9846
4087 9827
4089 9816
4091 9813
4096 9791
4099 9769
4099 9762
4102 9745
4104 9736
4104 9726
4117 9714
4118 9712
4118 9704
4118 9701
4128 9696
4148 9694
4151 9690
4174 9685
4177 9677
4196 9671
4198 9644
4202 9635
4204 9630
4220 9628
4224 9622
4224 9622
4230 9620
4236 9598
4236 9581
4253 9579
4263 9572
4263 9570
4288 9567
4290 9555
4290 9555
4294 9550
4295 9545
4310 9538
4312 9533
4318 9528
4339 9522
4341 9520
4343 9514
4353 9501
4368 9489
4381 9486
4386 9480
4387 9463
4390 9456
4399 9445
4411 9439
4433 9435
4433 9433
4439 9424
4449 9415
4466 9408
4469 9393
4469 9393
4489 9387
4512 9384
4517 9360
4517 9360
4533 9358
4533 9356
4535 9351
4541 9337
4548 9324
4548 9309
4550 9287
4553 9281
4560 9278
4570 9267
4584 9263
4590 9259
4606 9257
4614 9252
4615 9231
4616 9228
4617 9215
4621 9213
4622 9208
4623 9185
4634 9171
4643 9168
4651 9156
4666 9147
4666 9141
4668 9136
4687 9130
4687 9121
4693 9110
4702 9104
4711 9098
4718 9088
4723 9076
4723 9076
4727 9069
4746 9065
4747 9062
4756 9046
4775 9043
4783 9034
4800 9032
4803 9017
4803 8988
4809 8984
4813 8976
4823 8973
4825 8968
4833 8961
4845 8952
4848 8949
4853 8932
4870 8924
4877 8902
4877 8902
4882 8899
4882 8874
4884 8862
4893 8860
4907 8847
4909 8841
4914 8836
4922 8826
4927 8823
4937 8805
4942 8794
4964 8787
4969 8765
4985 8761
4985 8761
4985 8761
4987 8738
4989 8723
4996 8720
5011 8707
5011 8707
5016 8692
5016 8666
5020 8661
5037 8651
5042 8644
5043 8620
5043 8620
5043 8610
5053 8606
5060 8585
5075 8580
5081 8557
5082 8545
5085 8532
5086 8519
5088 8496
5094 8484
5098 8480
5099 8464
5102 8451
5112 8435
5125 8433
5128 8425
5132 8418
5145 8406
5145 8406
5145 8406
5145 8404
5149 8396
5155 8377
5163 8362
5163 8356
5172 8337
5175 8322
5175 8322
5176 8319
5178 8315
5193 8312
5203 8293
5211 8272
5218 8257
5220 8239
5221 8237
5223 8226
5240 8216
5253 8211
5255 8209
5255 8181
5256 8169
5271 8159
5276 8155
5292 8151
5305 8148
5306 8146
5308 8143
5330 8141
5336 8136
5336 8136
5336 8136
5339 8110
5354 8099
5360 8093
5370 8078
5377 8076
5382 8073
5385 8051
5390 8038
5395 8036
5395 8036
5403 8033
5410 8031
5415 8017
5417 8001
5428 7984
5433 7966
5439 7958
5441 7936
5451 7931
5451 7931
5460 7927
5462 7921
5470 7915
5472 7889
5486 7878
5497 7861
5504 7854
5504 7854
5511 7841
5511 7841
5520 7834
5530 7816
5531 7804
5531 7804
5535 7802
5535 7797
5536 7771
5549 7766
5550 7764
5561 7759
5569 7745
5573 7721
5581 7719
5591 7713
5595 7709
5607 7696
5625 7690
5646 7688
5653 7671
5665 7662
5666 7660
5668 7657
5668 7655
5685 7649
5686 7636
5689 7632
5694 7612
5702 7610
5702 7610
5710 7606
5719 7599
5723 7575
5726 7568
5745 7566
5747 7560
5758 7558
5776 7555
5776 7555
5776 7541
5778 7536
5779 7525
5782 7513
5792 7504
5792 7504
5796 7491
5800 7487
5800 7459
5807 7437
5807 7421
5818 7405
5818 7405
5842 7399
5842 7375
5842 7373
5848 7370
5862 7365
5865 7349
5874 7338
5875 7328
5880 7306
5895 7301
5897 7290
5910 7280
5910 7269
5910 7269
5918 7264
5918 7260
5918 7254
5918 7251
5920 7249
5926 7244
5931 7237
5931 7228
5942 7226
5953 7221
5956 7217
5976 7213
5983 7207
5985 7197
6008 7191
6018 7184
6019 7180
6030 7178
6042 7162
6049 7140
6067 7131
6071 7110
6086 7108
6086 7105
6087 7101
6087 7098
6096 7093
6097 7073
6097 7066
6110 7054
6116 7031
6116 7031
6126 7023
6128 7005
6141 6998
6145 6991
6161 6987
6163 6982
6169 6975
6178 6963
6193 6960
6197 6957
6211 6951
6220 6948
6241 6946
6244 6922
6249 6916
6256 6901
6270 6892
6272 6876
6277 6854
6277 6850
6277 6848
6282 6837
6291 6822
6293 6818
6317 6816
6319 6810
6321 6805
6324 6795
6332 6787
6339 6775
6339 6775
6353 6769
6353 6769
6366 6767
6392 6765
6393 6748
6393 6748
6407 6736
6423 6729
6423 6729
6442 6721
6445 6715
6448 6713
6475 6711
6476 6702
6485 6686
6500 6678
6514 6667
6515 6665
6537 6661
6537 6661
6538 6640
6557 6632
6557 6613
6557 6613
6567 6610
6574 6600
6576 6589
