1000 2
7 22307
11 22303
12 22300
18 22298
18 22295
22 22293
22 22291
24 22289
24 22289
25 22285
27 22283
33 22281
34 22274
34 22274
34 22270
35 22266
35 22263
39 22261
39 22259
40 22252
40 22250
42 22246
42 22238
42 22236
42 22230
42 22225
47 22221
47 22221
47 22213
47 22211
47 22208
49 22205
49 22202
52 22199
53 22193
60 22191
60 22185
64 22180
70 22178
74 22173
74 22171
79 22167
81 22165
88 22163
88 22161
88 22159
91 22156
92 22150
92 22150
96 22146
96 22139
96 22137
96 22135
96 22133
96 22129
96 22122
96 22120
100 22117
101 22113
104 22111
104 22111
107 22107
108 22102
109 22100
110 22095
113 22093
113 22090
113 22088
115 22082
121 22080
121 22080
121 22076
121 22076
121 22076
123 22070
126 22067
126 22061
129 22058
132 22052
132 22050
132 22047
132 22043
132 22041
136 22039
140 22034
140 22030
142 22027
145 22025
146 22018
152 22016
154 22010
154 22007
154 22007
159 22003
159 22003
164 21999
165 21996
166 21993
173 21991
173 21991
174 21987
174 21984
174 21984
175 21980
175 21980
182 21978
186 21973
186 21971
186 21969
186 21966
186 21964
187 21960
191 21957
191 21957
191 21955
193 21949
194 21943
195 21937
195 21935
195 21935
198 21932
198 21930
199 21926
201 21921
201 21917
201 21915
203 21911
204 21906
206 21903
212 21900
212 21897
213 21895
214 21892
214 21892
214 21890
216 21888
216 21888
223 21885
224 21880
228 21878
228 21872
231 21870
233 21865
238 21863
244 21860
244 21855
244 21853
245 21851
245 21846
245 21843
245 21840
245 21840
246 21837
247 21829
247 21826
247 21823
252 21819
252 21817
252 21814
257 21812
259 21805
259 21805
259 21796
260 21793
260 21793
260 21793
266 21790
270 21787
272 21785
272 21776
273 21771
274 21767
277 21765
277 21765
277 21763
283 21760
283 21758
283 21753
288 21751
288 21747
288 21741
289 21737
290 21731
290 21729
290 21729
290 21723
294 21720
300 21717
301 21715
303 21712
303 21712
303 21708
303 21708
303 21704
303 21704
304 21699
305 21697
305 21692
311 21689
311 21681
312 21673
315 21671
316 21669
316 21669
316 21661
316 21661
318 21657
320 21650
323 21647
324 21641
324 21639
325 21633
329 21629
329 21629
331 21625
331 21625
331 21620
331 21618
331 21615
331 21615
333 21611
333 21611
333 21611
335 21608
335 21603
338 21600
338 21598
338 21598
342 21595
345 21592
346 21588
346 21588
346 21586
347 21584
349 21582
349 21582
352 21580
352 21575
354 21568
354 21568
356 21565
357 21559
358 21555
360 21553
360 21553
365 21548
366 21546
372 21543
375 21540
375 21538
377 21533
379 21530
382 21528
382 21528
383 21521
383 21521
384 21515
388 21511
388 21511
388 21511
388 21505
390 21502
390 21493
390 21493
390 21493
391 21489
393 21485
398 21483
404 21480
404 21478
405 21472
405 21472
408 21466
410 21464
410 21460
411 21457
416 21454
420 21451
420 21451
420 21447
421 21444
421 21436
421 21434
421 21434
421 21434
422 21430
425 21427
425 21424
425 21424
427 21419
430 21413
430 21413
431 21409
433 21407
433 21405
434 21402
438 21397
438 21395
438 21387
438 21387
439 21382
444 21378
444 21370
449 21368
449 21368
449 21366
449 21366
453 21361
453 21361
455 21356
455 21354
455 21351
459 21347
460 21344
461 21340
466 21338
470 21333
472 21327
472 21327
477 21323
477 21323
478 21317
479 21311
479 21311
484 21307
484 21299
488 21297
489 21293
489 21293
489 21293
491 21287
491 21287
491 21279
491 21275
491 21275
491 21275
493 21272
493 21266
495 21264
496 21261
501 21258
502 21253
502 21253
502 21253
503 21245
506 21240
506 21234
509 21230
509 21230
511 21226
511 21226
512 21220
512 21220
518 21218
521 21216
521 21214
521 21211
528 21209
528 21209
534 21206
538 21201
538 21201
539 21193
542 21191
542 21189
545 21187
549 21184
552 21181
553 21179
553 21171
554 21168
558 21164
558 21161
559 21156
560 21154
564 21152
569 21148
571 21144
571 21142
572 21137
572 21130
572 21126
574 21121
577 21116
577 21114
577 21114
577 21112
582 21110
587 21106
587 21100
590 21097
590 21093
592 21091
592 21084
593 21082
593 21078
596 21076
601 21073
602 21068
603 21062
603 21053
603 21051
609 21048
610 21045
616 21042
618 21040
619 21037
619 21037
621 21030
621 21030
623 21028
627 21023
630 21019
630 21017
633 21014
639 21012
639 21008
639 21008
642 21003
642 21001
647 20998
647 20998
649 20996
649 20992
649 20989
649 20983
650 20981
650 20981
654 20977
654 20977
656 20972
656 20972
661 20969
661 20966
661 20964
661 20961
662 20959
667 20957
667 20954
667 20954
670 20949
670 20949
670 20947
672 20942
672 20942
675 20935
676 20933
676 20933
677 20925
679 20918
679 20912
679 20910
682 20908
682 20901
682 20901
684 20899
689 20897
689 20892
689 20892
690 20888
694 20886
696 20883
700 20881
700 20881
700 20881
700 20881
701 20878
701 20876
706 20874
707 20872
707 20866
707 20862
709 20858
711 20852
711 20852
711 20850
712 20842
715 20839
715 20839
721 20836
724 20830
724 20826
724 20826
725 20821
725 20821
726 20819
727 20814
727 20810
727 20806
731 20801
732 20796
736 20792
739 20787
739 20785
739 20785
743 20782
743 20779
744 20777
745 20773
745 20773
746 20767
746 20767
746 20767
750 20765
750 20765
750 20763
750 20763
752 20757
753 20753
754 20747
754 20744
754 20744
757 20741
757 20737
760 20735
763 20732
766 20728
772 20726
772 20726
772 20726
775 20723
775 20721
775 20721
775 20716
775 20716
779 20711
779 20703
781 20699
781 20699
782 20694
783 20692
788 20690
790 20687
790 20682
791 20677
792 20671
792 20671
792 20668
792 20668
800 20666
804 20662
805 20658
805 20655
805 20655
805 20653
806 20648
808 20645
809 20642
809 20640
809 20640
811 20637
813 20630
814 20623
815 20621
815 20615
818 20609
820 20604
823 20600
823 20600
826 20596
826 20596
827 20589
832 20587
838 20585
838 20583
839 20579
840 20577
843 20572
843 20572
843 20572
843 20570
843 20570
848 20565
851 20560
852 20552
854 20547
858 20543
858 20543
858 20543
861 20540
864 20537
866 20535
866 20533
869 20530
871 20527
871 20519
872 20517
872 20514
872 20508
872 20506
873 20502
876 20500
876 20498
876 20498
879 20496
879 20490
879 20482
879 20482
879 20478
879 20474
879 20474
882 20472
884 20470
884 20468
884 20466
884 20464
885 20458
888 20452
894 20449
897 20447
900 20444
901 20441
901 20441
902 20437
905 20432
906 20425
906 20420
906 20414
907 20411
910 20408
912 20405
918 20403
918 20403
921 20400
921 20396
922 20394
922 20392
922 20392
922 20389
922 20389
922 20387
926 20385
929 20382
931 20378
933 20375
933 20372
934 20366
934 20359
935 20353
935 20350
935 20341
935 20335
936 20333
938 20330
943 20327
943 20318
944 20312
945 20305
945 20305
945 20303
945 20296
945 20296
946 20294
946 20289
950 20287
952 20285
954 20283
956 20278
957 20274
958 20266
958 20266
958 20264
958 20262
958 20262
959 20255
960 20250
961 20248
962 20246
962 20246
963 20244
963 20244
966 20240
966 20240
968 20236
968 20234
968 20234
971 20228
971 20225
971 20225
972 20222
972 20222
973 20216
974 20212
974 20209
974 20207
975 20201
975 20201
975 20198
975 20192
975 20190
975 20190
975 20190
978 20184
980 20179
982 20177
982 20174
983 20171
988 20167
992 20163
992 20160
992 20160
995 20158
995 20156
998 20154
999 20150
999 20144
999 20142
1001 20140
1001 20138
1001 20138
1004 20135
1007 20133
1012 20131
1015 20128
1015 20125
1018 20122
1018 20116
1018 20116
1018 20116
1018 20116
1023 20113
1029 20111
1034 20109
1034 20107
1035 20105
1035 20103
1035 20103
1038 20097
1040 20094
1043 20089
1048 20087
1048 20087
1048 20085
1048 20081
1048 20081
1048 20077
1048 20075
1048 20075
1049 20070
1049 20063
1050 20061
1051 20057
1051 20053
1053 20051
1053 20049
1055 20046
1056 20042
1056 20042
1056 20042
1057 20038
1057 20036
1057 20034
1057 20029
1061 20024
1061 20024
1065 20021
1066 20019
1067 20017
1068 20012
1069 20009
1074 20007
1075 20005
1076 20002
1083 20000
1083 20000
1085 19996
1085 19989
1086 19985
1086 19985
1086 19983
1088 19981
1089 19975
1089 19971
1089 19968
1091 19965
1094 19963
1094 19963
1097 19957
1097 19953
1101 19949
1103 19945
1104 19942
1104 19942
1104 19942
1104 19936
1111 19934
1116 19932
1116 19927
1116 19924
1116 19922
1119 19916
1122 19910
1123 19908
1125 19901
1125 19901
1132 19899
1133 19894
1133 19894
1133 19892
1136 19889
1136 19889
1136 19889
1136 19887
1139 19883
1141 19878
1141 19875
1142 19873
1142 19867
1142 19867
1142 19864
1143 19862
1143 19860
1143 19860
1143 19856
1145 19852
1148 19848
1152 19845
1152 19842
1152 19840
1153 19836
1155 19831
1159 19828
1159 19828
1159 19821
1159 19821
1160 19812
1162 19806
1162 19804
1163 19797
1163 19795
1167 19792
1168 19790
1168 19788
1168 19788
1168 19788
1169 19784
1169 19778
1170 19775
1170 19775
1173 19772
1178 19770
1179 19762
1180 19759
1180 19759
1181 19757
1181 19757
1184 19755
1184 19755
1185 19748
1190 19744
1190 19744
1192 19742
1193 19740
1195 19738
1196 19736
1196 19736
1196 19731
1197 19729
1197 19729
1197 19724
1200 19720
1202 19718
1205 19716
1206 19713
1207 19709
1208 19703
1208 19696
1209 19692
1210 19690
1211 19687
1211 19683
1212 19681
1213 19679
1213 19671
1220 19669
1220 19669
1222 19667
1222 19665
1222 19661
1225 19656
1226 19653
1226 19646
1227 19639
1227 19639
1227 19639
1227 19637
1227 19634
1233 19632
1233 19632
1233 19627
1239 19624
1239 19616
1245 19613
1247 19607
1249 19605
1249 19603
1249 19601
1249 19601
1249 19601
1251 19596
1251 19596
1254 19590
1256 19588
1260 19585
1260 19585
1260 19585
1264 19579
1264 19577
1264 19577
1264 19575
1266 19570
1266 19570
1266 19564
1267 19560
1270 19557
1276 19554
1276 19554
1276 19554
1276 19545
1280 19541
1280 19541
1284 19536
1284 19532
1288 19530
1291 19525
1291 19521
1291 19519
1291 19517
1291 19517
1293 19510
1296 19505
1299 19500
1299 19496
1301 19489
1302 19483
1302 19483
1305 19480
1305 19480
1306 19475
1308 19468
1308 19461
1310 19457
1311 19455
1311 19448
1311 19446
1311 19437
1312 19434
1314 19431
1315 19427
1315 19423
1315 19420
1317 19418
1321 19416
1321 19416
1323 19410
1330 19408
1331 19406
1331 19406
1332 19403
1334 19398
1339 19396
1339 19396
1340 19393
1345 19389
1345 19389
1345 19389
1345 19385
1346 19380
1346 19380
1349 19375
1351 19371
1351 19371
1351 19369
1351 19366
1354 19364
1354 19364
1354 19364
1355 19356
1357 19352
1358 19348
1358 19346
1360 19344
1365 19340
1367 19333
1367 19331
1368 19323
1370 19318
1373 19315
1373 19312
1374 19310
1374 19307
1374 19307
1374 19299
1376 19297
1378 19294
1382 19291
1383 19284
1383 19282
1385 19279
1385 19279
1385 19279
1385 19270
1386 19267
1388 19261
1388 19256
1389 19254
1389 19251
1389 19242
1389 19240
1389 19240
1389 19238
1389 19238
1391 19235
1394 19233
1395 19228
1395 19224
1399 19222
1399 19219
1399 19219
1399 19210
1399 19208
1406 19206
1410 19201
1410 19197
1410 19197
1414 19192
1419 19190
1420 19188
1424 19186
1424 19186
1424 19184
1424 19184
1430 19180
1432 19177
1436 19173
1436 19165
1436 19165
1439 19162
1439 19162
1439 19162
1440 19159
1440 19157
1442 19151
1442 19145
1446 19141
1449 19139
1449 19134
1451 19128
1451 19125
1451 19121
1452 19119
1453 19115
1453 19115
1457 19112
1457 19109
1458 19104
1458 19102
1458 19102
1463 19098
1465 19092
1472 19090
1475 19088
1475 19088
1475 19088
1475 19088
1478 19085
1478 19085
1479 19083
1479 19083
1483 19081
1483 19081
1486 19077
1488 19070
1488 19068
1488 19068
1488 19068
1489 19060
1490 19058
1493 19054
1495 19052
1495 19049
1496 19046
1502 19044
1502 19042
1506 19038
1506 19036
1507 19031
1511 19026
1511 19026
1511 19023
1514 19020
1514 19015
1514 19012
1515 19006
1515 19002
1515 19002
1515 18999
1519 18996
1523 18991
1523 18987
1523 18987
1524 18980
1524 18980
1524 18980
1524 18974
1528 18969
1528 18965
1528 18962
1528 18962
1533 18960
1538 18957
1543 18953
1543 18949
1544 18943
1545 18941
1546 18937
1546 18937
1546 18935
1551 18932
1552 18924
1552 18922
1552 18922
1552 18920
1552 18915
1552 18913
1552 18911
1552 18906
1552 18903
1555 18899
1556 18896
1559 18894
1559 18894
1565 18891
1566 18885
1566 18885
1566 18877
1566 18871
1566 18868
1566 18868
1568 18862
1568 18853
1568 18845
1572 18840
1573 18833
1573 18833
1574 18824
1574 18824
1574 18824
1577 18822
1577 18817
1578 18812
1578 18809
1579 18805
1579 18805
1579 18801
1581 18799
1582 18797
1582 18792
1584 18789
1587 18785
1588 18783
1588 18783
1590 18779
1594 18775
1596 18772
1598 18765
1598 18758
1598 18758
1598 18758
1598 18755
1599 18750
1599 18750
1599 18747
1599 18745
1605 18742
1608 18740
1610 18737
1610 18731
1610 18731
1613 18729
1613 18729
1614 18727
1615 18723
1615 18723
1615 18720
1615 18720
1617 18715
1617 18712
1619 18710
1621 18706
1621 18706
1623 18700
1623 18694
1624 18691
1624 18689
1624 18689
1626 18687
1630 18685
1633 18683
1637 18678
1644 18676
1644 18672
1649 18668
1649 18668
1652 18665
1652 18665
1652 18663
1652 18663
1658 18661
1658 18655
1658 18655
1660 18647
1661 18645
1663 18641
1664 18635
1671 18633
1672 18627
1672 18622
1673 18619
1676 18616
1681 18613
1681 18613
1684 18608
1684 18608
1684 18603
1684 18594
1684 18589
1684 18589
1687 18586
1692 18584
1692 18582
1692 18582
1694 18580
1694 18580
1697 18578
1697 18578
1703 18575
1703 18575
1703 18567
1703 18565
1703 18563
1703 18560
1704 18558
1708 18553
1708 18551
1709 18549
1710 18547
1710 18539
1710 18537
1712 18535
1714 18530
1714 18526
1714 18519
1714 18517
1714 18517
1720 18514
1723 18509
1723 18509
1723 18509
1723 18509
1723 18501
1723 18497
1723 18495
1723 18493
1726 18488
1729 18482
1729 18479
1729 18477
1729 18472
1735 18470
1736 18467
1736 18465
1736 18465
1738 18461
1742 18459
1744 18456
1745 18452
1745 18448
1745 18448
1747 18445
1747 18438
1751 18435
1754 18433
1754 18424
1755 18420
1760 18418
1760 18418
1765 18414
1766 18412
1770 18410
1771 18406
1771 18406
1771 18397
1771 18397
1771 18392
1773 18386
1773 18384
1773 18379
1778 18376
1778 18368
1778 18366
1778 18362
1781 18360
1784 18357
1787 18355
1791 18350
1793 18348
1796 18345
1796 18343
1796 18343
1797 18337
1797 18337
1797 18337
1799 18335
1799 18335
1799 18328
1801 18321
1801 18319
1805 18315
1806 18311
1810 18306
1815 18304
1818 18302
1822 18300
1827 18298
1828 18294
1830 18292
1831 18289
1831 18289
1831 18286
1832 18283
1832 18283
1832 18281
1832 18281
1837 18278
1838 18276
1838 18276
1840 18270
1844 18267
1846 18263
1846 18260
1848 18257
1848 18257
1848 18257
1848 18257
1848 18257
1848 18252
1854 18250
1856 18243
1856 18238
1857 18233
1857 18231
1857 18231
1863 18229
1870 18227
1870 18227
1871 18224
1871 18224
1872 18219
1874 18213
1874 18213
1874 18210
1874 18210
1876 18208
1878 18202
1878 18196
1880 18193
1881 18185
1881 18183
1885 18181
1885 18176
1885 18176
1886 18172
1888 18168
1888 18168
1888 18168
1889 18166
1892 18164
1892 18162
1898 18159
1898 18157
1903 18153
1904 18151
1906 18148
1906 18148
1906 18148
1911 18145
1913 18143
1919 18141
1921 18136
1925 18134
1927 18128
1930 18126
1930 18126
1931 18120
1931 18118
1931 18115
1938 18113
1940 18111
1940 18111
1943 18106
1943 18101
1947 18097
1948 18090
1948 18090
1953 18087
1953 18085
1954 18078
1954 18076
1954 18071
1954 18071
1954 18068
1954 18068
1956 18066
1956 18066
1957 18062
1957 18062
1957 18062
1957 18052
1958 18046
1959 18039
1960 18036
1966 18033
1970 18031
1973 18026
1973 18026
1978 18022
1978 18020
1978 18020
1978 18018
1978 18013
1983 18011
1983 18011
1983 18005
1984 18000
1984 18000
1988 17998
1991 17992
1992 17989
1994 17986
1995 17983
1995 17981
1995 17978
1995 17975
1998 17971
1999 17967
2001 17961
2001 17958
2003 17955
2004 17947
2006 17945
2006 17940
2010 17938
2013 17935
2013 17935
2021 17933
2021 17933
2027 17930
2027 17928
2034 17926
2036 17923
2036 17921
2036 17913
2036 17913
2036 17913
2036 17909
2036 17902
2037 17896
2039 17892
2039 17892
2040 17884
2043 17882
2047 17879
2047 17877
2053 17874
2055 17870
2055 17866
2055 17859
2055 17854
2055 17852
2059 17849
2060 17843
2066 17840
2066 17840
2066 17835
2066 17835
2070 17832
2070 17832
2070 17832
2070 17826
2071 17820
2076 17817
2077 17815
2080 17812
2080 17803
2083 17800
2087 17795
2088 17791
2094 17788
2097 17783
2101 17779
2101 17779
2103 17777
2104 17775
2104 17768
2108 17765
2109 17758
2112 17755
2112 17752
2115 17749
2121 17747
2122 17739
2123 17736
2123 17736
2123 17734
2123 17729
2127 17725
2132 17722
2134 17715
2135 17711
2137 17707
2137 17707
2141 17705
2141 17705
2144 17703
2145 17695
2146 17692
2146 17692
2150 17687
2154 17685
2154 17685
2154 17680
2154 17675
2158 17671
2162 17669
2165 17666
2165 17664
2165 17660
2165 17656
2165 17651
2165 17649
2165 17647
2171 17645
2174 17642
2180 17640
2180 17638
2181 17636
2182 17631
2183 17629
2187 17624
2187 17619
2187 17619
2187 17619
2191 17616
2191 17614
2191 17614
2191 17612
2196 17610
2199 17608
2202 17602
2202 17602
2207 17597
2207 17590
2207 17586
2208 17581
2208 17579
2208 17574
2210 17567
2212 17564
2212 17564
2213 17562
2214 17554
2214 17554
2215 17550
2215 17550
2216 17544
2218 17542
2218 17542
2221 17537
2221 17537
2224 17532
2229 17528
2230 17523
2230 17523
2230 17523
2231 17517
2236 17513
2239 17508
2239 17508
2239 17500
2239 17498
2245 17496
2245 17496
2245 17492
2251 17489
2255 17487
2258 17482
2258 17482
2258 17474
2259 17467
2262 17461
2263 17457
2263 17451
2263 17449
2270 17447
2270 17447
2271 17443
2271 17443
2276 17439
2276 17435
2276 17435
2277 17430
2281 17427
2284 17422
2284 17419
2285 17415
2287 17409
2289 17407
2289 17407
2294 17405
2294 17399
2294 17394
2296 17389
2296 17389
2298 17386
2298 17386
2304 17383
2304 17383
2305 17377
2305 17374
2306 17371
2306 17367
2311 17363
2315 17360
2317 17357
2317 17357
2318 17348
2318 17348
2320 17345
2324 17340
2328 17336
2331 17331
2331 17331
2331 17329
2331 17327
2333 17323
2333 17320
2335 17313
2336 17311
2337 17307
2337 17303
2337 17303
2338 17299
2338 17299
2338 17296
2341 17291
2343 17289
2343 17284
2343 17284
2344 17282
2346 17277
2349 17274
2350 17272
2350 17270
2352 17267
2352 17267
2354 17264
2359 17261
2360 17259
2362 17254
2363 17250
2365 17248
2365 17245
2365 17245
2365 17242
2369 17237
2370 17231
2371 17223
2371 17221
2373 17215
2376 17212
2376 17212
2377 17205
2378 17201
2378 17199
2378 17199
2378 17196
2381 17193
2384 17189
2385 17187
2386 17183
2392 17180
2392 17178
2392 17178
2392 17178
2392 17174
2392 17171
2392 17171
2394 17169
2398 17165
2405 17163
2405 17160
2406 17157
2410 17155
2410 17151
2410 17151
2411 17144
2411 17144
2412 17136
2412 17131
2413 17127
2414 17125
2414 17125
2415 17117
2420 17115
2420 17113
2422 17109
2427 17107
2427 17107
2428 17104
2428 17104
2428 17104
2428 17099
2428 17099
2430 17097
2430 17095
2432 17093
2437 17091
2439 17088
2439 17088
2439 17088
2439 17084
2440 17082
2443 17078
2448 17076
2453 17073
2459 17070
2460 17067
2462 17063
2465 17061
2471 17059
2474 17057
2474 17057
2474 17055
2476 17051
2482 17049
2486 17047
2487 17044
2487 17041
2487 17037
2491 17034
2491 17034
2493 17030
2493 17023
2493 17023
2493 17023
2499 17021
2504 17017
2504 17008
2505 17003
2506 16999
2510 16996
2510 16996
2512 16993
2512 16991
2512 16991
2516 16987
2516 16987
2516 16987
2517 16982
2520 16979
2520 16977
2520 16977
2521 16975
2521 16975
2528 16973
2528 16970
2530 16966
2530 16966
2530 16966
2530 16964
2530 16959
2535 16956
2535 16952
2535 16952
2537 16950
2537 16950
2537 16950
2537 16946
2537 16943
2539 16936
2543 16932
2543 16932
2543 16932
2543 16930
2543 16928
2544 16926
2545 16924
2549 16921
2549 16921
2549 16913
2549 16910
2549 16907
2549 16905
2550 16900
2550 16900
2550 16900
2552 16896
2552 16890
2552 16886
2556 16883
2556 16880
2558 16877
2560 16875
2563 16870
2567 16866
2568 16863
2571 16860
2572 16857
2573 16854
2574 16848
2577 16846
2579 16844
2580 16836
2582 16833
2588 16831
2588 16831
2591 16828
2591 16822
2597 16819
2598 16817
2598 16817
2604 16813
2605 16807
2607 16805
2608 16798
2609 16793
2610 16790
2617 16788
2617 16788
2621 16785
2623 16778
2624 16773
2629 16769
2631 16764
2635 16762
2635 16762
2636 16759
2636 16759
2639 16755
2642 16753
2645 16748
2645 16744
2650 16740
2651 16737
2652 16730
2652 16730
2654 16728
2656 16724
2656 16719
2661 16717
2664 16711
2664 16703
2669 16701
2670 16693
2675 16691
2676 16687
2677 16681
2677 16676
2677 16674
2677 16672
2677 16672
2677 16672
2680 16666
2680 16666
2684 16662
2684 16662
2688 16660
2692 16656
2692 16656
2696 16654
2697 16649
2698 16643
2701 16641
2705 16639
2706 16637
2708 16633
2708 16633
2712 16627
2716 16622
2716 16620
2717 16617
2720 16614
2720 16614
2727 16612
2728 16610
2728 16610
2729 16605
2735 16602
2737 16596
2739 16591
2742 16586
2743 16581
2743 16581
2744 16576
2748 16573
2750 16567
2752 16565
2758 16562
2761 16559
2765 16555
2766 16552
2766 16552
2770 16548
2770 16548
2773 16542
2773 16542
2775 16536
2776 16534
2779 16532
2779 16532
2779 16530
2782 16526
2783 16523
2786 16520
2786 16520
2787 16517
2787 16517
2791 16514
2792 16507
2797 16504
2797 16504
2797 16504
2800 16499
2800 16493
2800 16493
2802 16485
2802 16483
2802 16477
2806 16474
2806 16468
2809 16466
2810 16462
2814 16458
2814 16449
2815 16446
2816 16444
2816 16444
2816 16444
2819 16439
2819 16431
2819 16431
2819 16431
2821 16428
2822 16422
2822 16415
2824 16412
2830 16410
2835 16406
2835 16406
2835 16404
2839 16399
2840 16393
2842 16387
2842 16382
2842 16382
2849 16379
2850 16375
2850 16375
2850 16373
2854 16369
2854 16369
2857 16366
2860 16362
2860 16354
2862 16350
2869 16348
2870 16343
2870 16343
2872 16341
2872 16338
2876 16335
2876 16335
2876 16330
2876 16330
2878 16324
2879 16322
2879 16322
2879 16319
2879 16316
2883 16311
2883 16306
2883 16298
2883 16292
2885 16287
2891 16284
2891 16282
2895 16277
2895 16277
2895 16269
2895 16269
2895 16269
2899 16264
2902 16258
2902 16258
2902 16256
2903 16251
2903 16251
2906 16246
2908 16242
2910 16235
2912 16232
2912 16230
2914 16228
2914 16228
2915 16224
2916 16221
2920 16216
2925 16212
2926 16207
2933 16205
2935 16200
2935 16197
2935 16194
2935 16194
2936 16190
2936 16184
2942 16181
2942 16181
2943 16175
2948 16171
2948 16167
2953 16163
2953 16159
2953 16157
2957 16155
2962 16153
2962 16153
2969 16151
2969 16147
2971 16140
2973 16136
2978 16132
2983 16130
2984 16127
2984 16123
2984 16123
2985 16116
2985 16109
2985 16109
2985 16109
2986 16102
2987 16100
2987 16098
2987 16096
2988 16094
2989 16090
2993 16087
2995 16080
2999 16075
3001 16072
3001 16069
3006 16066
3006 16066
3007 16064
3010 16059
3010 16059
3011 16055
3011 16053
3011 16051
3012 16046
3018 16044
3018 16042
3018 16035
3018 16033
3020 16028
3021 16022
3024 16019
3024 16012
3030 16009
3030 16007
3033 16005
3033 16005
3034 15998
3034 15994
3038 15992
3038 15984
3038 15982
3038 15978
3039 15975
3041 15971
3041 15967
3042 15965
3042 15963
3042 15960
3042 15954
3042 15952
3042 15952
3042 15952
3043 15950
3043 15942
3045 15935
3045 15933
3047 15927
3050 15924
3051 15922
3051 15922
3051 15920
3052 15914
3054 15909
3054 15909
3054 15907
3058 15902
3060 15900
3060 15900
3063 15898
3066 15895
3066 15892
3066 15890
3066 15882
3069 15878
3070 15876
3070 15872
3071 15868
3073 15861
3073 15853
3074 15848
3074 15844
3077 15838
3078 15836
3078 15834
3081 15832
3082 15830
3082 15830
3082 15828
3083 15820
3085 15815
3087 15813
3091 15810
3091 15808
3093 15801
3093 15798
3096 15795
3097 15791
3098 15789
3103 15785
3105 15783
3105 15781
3105 15778
3105 15774
3105 15774
3108 15769
3110 15767
3110 15763
3110 15761
3110 15758
3113 15754
3116 15750
3119 15746
3119 15744
3121 15742
3121 15735
3126 15732
3126 15732
3126 15732
3126 15730
3126 15728
3128 15726
3128 15724
3128 15724
3131 15719
3135 15717
3135 15714
3135 15712
3139 15710
3139 15704
3143 15702
3143 15702
3143 15698
3144 15692
3144 15686
3144 15681
3144 15672
3144 15670
3147 15667
3150 15665
3151 15662
3151 15662
3154 15659
3154 15656
3154 15654
3154 15647
3154 15640
3156 15638
3157 15631
3158 15626
3159 15618
3160 15612
3165 15609
3166 15607
3166 15607
3166 15601
3166 15601
3167 15597
3169 15595
3169 15588
3169 15585
3170 15578
3170 15574
3170 15574
3172 15566
3172 15566
3173 15560
3173 15560
3173 15560
3174 15558
3176 15556
3177 15553
3178 15551
3180 15549
3186 15547
3186 15545
3187 15537
3193 15534
3193 15534
3193 15534
3196 15528
3196 15528
3196 15526
3196 15517
3196 15517
3198 15509
3199 15506
3199 15499
3200 15493
3200 15493
3200 15489
3202 15484
3206 15479
3206 15477
3212 15474
3212 15474
3216 15469
3217 15467
3218 15465
3218 15465
3219 15462
3219 15460
3219 15458
3219 15458
3224 15454
3224 15452
3224 15452
3225 15444
3229 15442
3229 15442
3229 15440
3229 15440
3229 15437
3229 15437
3229 15437
3237 15435
3239 15428
3239 15428
3240 15422
3240 15422
3243 15416
3243 15414
3246 15410
3246 15408
3250 15406
3255 15404
3255 15400
3255 15400
3255 15400
3255 15400
3255 15395
3255 15395
3255 15395
3256 15393
3262 15391
3264 15388
3265 15382
3267 15380
3268 15378
3268 15378
3275 15376
3278 15370
3278 15361
3278 15359
3280 15357
3280 15355
3280 15348
3285 15346
3286 15344
3286 15344
3286 15342
3288 15340
3288 15340
3289 15335
3289 15333
3290 15331
3293 15325
3295 15323
3296 15318
3299 15314
3299 15311
3303 15307
3305 15305
3307 15300
3308 15298
3308 15298
3308 15294
3308 15292
3312 15289
3312 15284
3312 15284
3315 15282
3315 15274
3315 15266
3315 15266
3317 15263
3319 15261
3319 15261
3319 15259
3319 15259
3319 15252
3319 15252
3319 15243
3319 15241
3319 15241
3321 15239
3321 15239
3327 15236
3327 15236
3329 15230
3333 15227
3333 15227
3334 15223
3334 15223
3334 15219
3336 15215
3336 15213
3339 15210
3341 15205
3342 15203
3348 15200
3348 15200
3352 15198
3352 15198
3354 15196
3356 15194
3356 15194
3356 15192
3356 15186
3356 15177
3356 15172
3356 15172
3356 15168
3357 15166
3357 15162
3357 15162
3357 15162
3357 15162
3362 15158
3363 15156
3365 15153
3367 15147
3372 15145
3379 15143
3379 15143
3379 15141
3382 15136
3386 15133
3386 15131
3386 15131
3387 15128
3389 15124
3391 15119
3391 15117
3393 15114
3393 15108
3393 15108
3393 15105
3393 15105
3393 15102
3393 15100
3393 15100
3393 15098
3393 15098
3393 15098
3394 15095
3394 15093
3395 15091
3402 15089
3403 15082
3403 15082
3405 15080
3405 15078
3405 15076
3405 15070
3405 15068
3405 15068
3405 15068
3409 15062
3409 15062
3411 15057
3414 15052
3415 15049
3416 15042
3418 15037
3423 15034
3423 15031
3423 15024
3423 15024
3424 15021
3425 15018
3425 15018
3426 15016
3431 15013
3431 15013
3431 15009
3431 15007
3435 15002
3435 14998
3435 14998
3435 14998
3438 14995
3438 14995
3440 14990
3440 14984
3440 14981
3441 14979
3441 14979
3444 14975
3449 14973
3449 14970
3449 14970
3450 14967
3450 14967
3451 14963
3451 14956
3451 14954
3452 14946
3452 14942
3455 14940
3455 14940
3455 14940
3457 14936
3457 14931
3459 14924
3459 14924
3459 14924
3459 14919
3459 14919
3465 14917
3467 14913
3467 14913
3468 14910
3469 14903
3469 14903
3470 14896
3473 14891
3474 14888
3475 14885
3475 14883
3476 14878
3476 14878
3479 14873
3483 14870
3483 14870
3483 14866
3484 14864
3485 14862
3485 14862
3491 14859
3491 14855
3491 14855
3492 14849
3492 14844
3495 14840
3502 14838
3502 14836
3502 14836
3502 14834
3502 14832
3503 14829
3503 14829
3505 14827
3506 14822
3511 14818
3511 14812
3511 14810
3511 14810
3511 14810
3511 14810
3512 14805
3512 14803
3513 14801
3516 14799
3517 14797
3520 14792
3521 14790
3521 14788
3521 14788
3524 14781
3524 14781
3525 14777
3527 14774
3531 14771
3531 14766
3537 14763
3537 14763
3537 14757
3541 14754
3545 14750
3545 14747
3546 14745
3546 14745
3551 14743
3556 14739
3556 14739
3556 14733
3560 14729
3561 14726
3561 14720
3562 14715
3564 14713
3566 14706
3568 14703
3569 14701
3569 14698
3569 14696
3569 14694
3569 14692
3569 14692
3571 14687
3575 14682
3577 14676
3577 14669
3577 14662
3577 14662
3578 14659
3582 14655
3586 14651
3586 14651
3592 14649
3592 14649
3592 14646
3597 14644
3599 14641
3601 14635
3601 14635
3602 14631
3606 14629
3609 14627
3609 14625
3611 14621
3611 14613
3611 14608
3611 14599
3613 14596
3619 14593
3619 14586
3619 14586
3622 14584
3626 14580
3627 14578
3627 14578
3630 14573
3631 14567
3635 14563
3637 14558
3639 14556
3640 14551
3640 14546
3640 14539
3642 14535
3644 14533
3645 14531
3646 14529
3647 14522
3654 14520
3655 14518
3655 14516
3658 14511
3658 14505
3660 14500
3660 14500
3662 14498
3662 14496
3668 14494
3670 14487
3670 14485
3670 14480
3670 14478
3670 14478
3671 14476
3672 14472
3672 14472
3673 14464
3673 14464
3673 14459
3673 14457
3673 14451
3679 14448
3680 14444
3682 14442
3684 14439
3686 14433
3690 14430
3692 14428
3692 14426
3696 14421
3696 14418
3702 14416
3703 14410
3705 14405
3707 14402
3710 14399
3713 14396
3717 14394
3719 14390
3722 14386
3725 14380
3725 14377
3725 14377
3726 14372
3726 14372
3726 14367
3726 14367
3729 14361
3730 14356
3735 14353
3736 14350
3740 14348
3742 14345
3742 14341
3742 14341
3743 14338
3747 14335
3747 14335
3747 14335
3747 14335
3749 14332
3753 14327
3753 14327
3754 14323
3756 14319
3756 14319
3762 14315
3763 14311
3769 14308
3769 14306
3769 14302
3770 14300
3770 14298
3770 14298
3770 14296
3770 14296
3770 14292
3770 14283
3770 14281
3774 14279
3774 14279
3776 14273
3779 14267
3779 14267
3780 14265
3780 14265
3780 14265
3781 14258
3781 14258
3788 14256
3788 14256
3790 14254
3791 14250
3792 14247
3794 14240
3794 14235
3799 14233
3801 14227
3802 14225
3804 14223
3805 14220
3805 14220
3808 14217
3809 14214
3809 14212
3809 14205
3809 14202
3809 14202
3809 14202
3811 14200
3814 14198
3815 14196
3816 14192
3816 14190
3819 14187
3819 14181
3819 14181
3819 14175
3819 14172
3820 14167
3824 14164
3825 14162
3825 14162
3825 14160
3825 14160
3825 14155
3825 14155
3826 14152
3830 14148
3831 14145
3831 14143
3831 14139
3832 14131
3832 14131
3833 14127
3833 14127
3835 14124
3835 14120
3835 14112
3835 14109
3835 14107
3835 14107
3835 14105
3840 14103
3840 14097
3841 14094
3844 14089
3849 14086
3850 14084
3850 14084
3852 14077
3853 14075
3855 14070
3855 14070
3855 14068
3855 14066
3855 14066
3855 14062
3855 14062
3855 14062
3860 14060
3860 14060
3860 14058
3860 14058
3860 14058
3861 14051
3861 14045
3861 14045
3861 14045
3861 14037
3861 14037
3861 14029
3861 14027
3865 14023
3866 14019
3872 14016
3873 14014
3873 14014
3873 14012
3873 14012
3873 14008
3878 14004
3878 14004
3878 14004
3878 13999
3878 13996
3878 13994
3878 13994
3878 13989
3878 13989
3879 13985
3881 13981
3882 13977
3882 13974
3882 13972
3882 13967
3882 13967
3884 13965
3887 13962
3888 13960
3889 13956
3892 13952
3892 13948
3897 13946
3902 13944
3902 13944
3903 13942
3905 13939
3905 13939
3906 13937
3910 13933
3911 13926
3911 13926
3913 13920
3913 13915
3914 13911
3919 13908
3920 13905
3920 13903
3920 13897
3922 13890
3922 13890
3922 13885
3925 13880
3927 13875
3927 13866
3927 13866
3927 13863
3928 13861
3928 13859
3928 13851
3928 13849
3928 13847
3929 13841
3929 13837
3929 13828
3932 13825
3932 13822
3938 13819
3944 13817
3945 13813
3945 13813
3946 13811
3948 13808
3950 13803
3950 13803
3953 13800
3953 13800
3955 13798
3959 13794
3964 13792
3971 13790
3974 13788
3975 13786
3976 13778
3979 13773
3979 13773
3980 13769
3980 13769
3980 13769
3980 13767
3981 13764
3981 13764
3982 13762
3983 13755
3983 13755
3983 13755
3983 13751
3987 13748
3987 13748
3987 13746
3990 13741
3992 13739
3995 13737
3997 13730
3997 13730
3999 13725
4003 13722
4008 13718
4010 13714
4010 13714
4010 13714
4012 13708
4012 13708
4014 13706
4018 13702
4018 13700
4018 13693
4021 13689
4023 13687
4023 13684
4023 13684
4023 13682
4023 13676
4024 13671
4024 13668
4025 13662
4027 13656
4028 13652
4028 13652
4029 13647
4030 13641
4030 13641
4034 13637
4035 13633
4037 13630
4038 13625
4038 13619
4039 13615
4039 13615
4041 13611
4045 13606
4045 13604
4047 13598
4051 13595
4051 13590
4051 13590
4052 13581
4052 13581
4057 13577
4057 13574
4062 13572
4062 13572
4062 13572
4062 13567
4065 13562
4069 13558
4070 13554
4073 13552
4073 13548
4073 13546
4076 13542
4077 13540
4077 13531
4079 13529
4079 13529
4079 13529
4079 13527
4085 13525
4085 13517
4087 13515
4087 13515
4087 13513
4094 13511
4094 13508
4094 13499
4094 13499
4094 13497
4097 13493
4097 13493
4103 13489
4103 13484
4106 13479
4108 13477
4108 13473
4108 13473
4109 13465
4109 13463
4109 13463
4110 13461
4114 13458
4114 13458
4115 13456
4115 13456
4118 13453
4118 13453
4119 13451
4120 13445
4120 13445
4121 13443
4122 13436
4125 13431
4128 13425
4128 13425
4128 13417
4130 13412
4135 13410
4137 13406
4142 13403
4144 13400
4146 13394
4149 13389
4155 13387
4155 13378
4155 13376
4156 13374
4159 13372
4161 13369
4163 13364
4163 13362
4163 13362
4166 13355
4166 13355
4168 13351
4168 13351
4171 13348
4174 13345
4176 13343
4176 13343
4177 13341
4177 13339
4181 13334
4181 13332
4181 13328
4181 13328
4181 13323
4183 13321
4184 13319
4186 13317
4186 13315
4186 13315
4186 13311
4186 13304
4189 13301
4192 13299
4193 13294
4193 13289
4194 13281
4196 13279
4197 13276
4198 13273
4198 13270
4198 13267
4200 13263
4200 13263
4203 13257
4203 13253
4208 13251
4208 13245
4211 13242
4211 13242
4211 13239
4211 13230
4211 13230
4212 13228
4215 13226
4218 13224
4219 13222
4219 13220
4220 13217
4221 13215
4223 13211
4225 13207
4228 13203
4228 13203
4228 13198
4228 13198
4234 13194
4234 13194
4240 13191
4240 13191
4240 13191
4246 13189
4246 13189
4246 13189
4246 13185
4246 13181
4251 13179
4255 13177
4256 13169
4256 13165
4257 13163
4258 13159
4258 13157
4258 13155
4260 13152
4260 13143
4260 13143
4260 13134
4262 13129
4262 13129
4262 13123
4263 13120
4269 13118
4271 13114
4271 13112
4271 13112
4273 13110
4274 13103
4274 13103
4274 13095
4274 13092
4274 13090
4274 13083
4274 13080
4274 13077
4274 13074
4276 13072
4279 13068
4279 13068
4282 13064
4283 13062
4284 13059
4285 13057
4285 13057
4288 13054
4288 13054
4289 13051
4289 13051
4289 13051
4289 13044
4291 13042
4296 13038
4296 13036
4298 13033
4298 13033
4299 13026
4299 13026
4299 13024
4302 13021
4302 13021
4307 13017
4309 13014
4310 13011
4310 13009
4310 13009
4311 13003
4314 12998
4317 12993
4319 12991
4319 12991
4321 12989
4321 12989
4321 12985
4327 12982
4330 12979
4334 12977
4337 12975
4342 12973
4342 12967
4345 12964
4346 12962
4346 12957
4346 12957
4346 12954
4346 12948
4350 12943
4350 12936
4352 12930
4354 12928
4354 12926
4354 12924
4359 12920
4361 12918
4364 12912
4364 12912
4364 12908
4365 12906
4368 12902
4368 12902
4371 12900
4374 12896
4378 12893
4378 12891
4383 12889
4383 12889
4383 12882
4383 12879
4384 12874
4384 12872
4386 12867
4388 12862
4389 12860
4390 12858
4393 12856
4395 12851
4395 12848
4399 12845
4399 12843
4400 12840
4404 12836
4405 12834
4409 12831
4409 12831
4409 12829
4412 12826
4413 12819
4414 12811
4419 12809
4419 12807
4420 12801
4420 12801
4424 12798
4427 12793
4431 12788
4434 12783
4437 12779
4438 12777
4438 12775
4443 12772
4443 12772
4444 12764
4444 12760
4444 12760
4444 12760
4452 12758
4455 12754
4456 12752
4459 12749
4460 12744
4460 12735
4460 12733
4460 12731
4462 12727
4462 12727
4462 12723
4462 12720
4463 12718
4463 12710
4466 12708
4466 12706
4468 12704
4468 12697
4469 12695
4471 12692
4471 12692
4472 12690
4478 12687
4485 12685
4485 12683
4485 12683
4486 12677
4487 12675
4489 12673
4489 12665
4489 12662
4491 12660
4492 12658
4492 12654
4494 12652
4495 12647
4497 12644
4501 12641
4501 12634
4501 12632
4501 12630
4507 12627
4507 12627
4507 12625
4507 12625
4512 12621
4514 12617
4514 12615
4515 12613
4515 12608
4515 12606
4519 12604
4521 12601
4521 12595
4526 12592
4526 12585
4528 12582
4535 12580
4535 12580
4541 12576
4541 12571
4541 12571
4541 12566
4541 12566
4543 12562
4543 12562
4543 12562
4543 12560
4544 12552
4545 12550
4545 12550
4550 12548
4550 12548
4550 12548
4550 12545
4550 12545
4552 12540
4556 12535
4558 12529
4558 12525
4560 12523
4564 12521
4567 12516
4569 12514
4569 12511
4569 12502
4569 12500
4569 12494
4571 12490
4574 12487
4574 12485
4574 12481
4575 12478
4575 12476
4575 12476
4576 12471
4576 12471
4580 12467
4580 12467
4588 12465
4588 12465
4588 12465
4588 12465
4590 12459
4590 12454
4590 12452
4590 12452
4590 12452
4592 12448
4596 12443
4598 12440
4598 12436
4603 12433
4608 12429
4611 12423
4611 12423
4612 12420
4612 12420
4612 12418
4612 12415
4616 12412
4616 12405
4619 12399
4619 12397
4620 12394
4624 12390
4627 12386
4629 12383
4630 12375
4630 12375
4630 12373
4630 12373
4630 12371
4635 12367
4639 12365
4641 12361
4641 12357
4645 12352
4647 12349
4647 12349
4647 12349
4653 12347
4656 12343
4659 12338
4662 12333
4662 12327
4662 12323
4663 12315
4665 12312
4671 12310
4672 12307
4672 12305
4672 12305
4672 12297
4673 12294
4675 12291
4675 12287
4675 12281
4675 12281
4676 12277
4677 12270
4679 12263
4679 12263
4679 12259
4679 12257
4682 12255
4682 12252
4687 12249
4687 12247
4687 12247
4688 12245
4693 12241
4695 12236
4695 12233
4700 12229
4707 12227
4710 12225
4710 12225
4711 12218
4717 12215
4722 12211
4725 12207
4725 12207
4726 12201
4726 12201
4734 12199
4736 12196
4737 12193
4742 12190
4742 12190
4742 12190
4742 12181
4749 12179
4749 12177
4749 12177
4749 12177
4751 12175
4753 12172
4755 12168
4759 12165
4759 12162
4759 12159
4765 12157
4765 12157
4765 12154
4771 12152
4772 12150
4772 12148
4772 12148
4773 12140
4773 12140
4773 12137
4774 12131
4774 12131
4774 12129
4774 12127
4774 12127
4776 12122
4776 12119
4776 12117
4776 12114
4776 12112
4776 12110
4777 12105
4777 12105
4777 12105
4783 12101
4784 12098
4786 12096
4790 12091
4791 12089
4793 12082
4793 12082
4793 12076
4796 12073
4796 12069
4796 12064
4796 12064
4796 12057
4796 12057
4801 12052
4801 12050
4803 12045
4805 12043
4805 12043
4805 12036
4805 12034
4809 12030
4812 12028
4812 12028
4814 12026
4815 12022
4819 12018
4820 12011
4820 12011
4821 12003
4821 11998
4821 11998
4822 11996
4828 11993
4829 11991
4830 11989
4830 11985
4830 11985
4833 11982
4835 11975
4837 11969
4841 11966
4841 11966
4841 11962
4846 11958
4848 11951
4849 11948
4852 11946
4858 11944
4858 11944
4858 11942
4862 11937
4863 11934
4863 11934
4864 11931
4867 11926
4868 11922
4870 11916
4870 11916
4873 11911
4874 11907
4874 11901
4874 11899
4879 11895
4881 11890
4884 11885
4890 11883
4893 11880
4894 11872
4894 11872
4898 11868
4902 11865
4906 11863
4910 11858
4910 11858
4911 11855
4911 11855
4913 11848
4918 11844
4921 11840
4921 11831
4926 11829
4927 11825
4927 11822
4932 11820
4932 11820
4936 11814
4939 11810
4941 11805
4941 11805
4942 11800
4945 11795
4945 11788
4950 11786
4951 11779
4952 11773
4955 11770
4955 11768
4956 11766
4959 11764
4963 11762
4965 11757
4965 11754
4966 11752
4968 11747
4969 11745
4969 11745
4971 11738
4974 11732
4975 11730
4975 11730
4981 11727
4981 11725
4981 11721
4984 11719
4988 11717
4989 11713
4989 11713
4994 11710
4994 11710
4997 11707
5001 11703
5006 11699
5006 11699
5010 11695
5013 11690
5013 11688
5013 11685
5013 11685
5013 11682
5013 11677
5013 11673
5013 11667
5014 11665
5016 11663
5016 11660
5020 11655
5020 11653
5020 11650
5022 11648
5023 11646
5023 11646
5026 11644
5026 11644
5027 11637
5027 11637
5027 11634
5029 11630
5029 11628
5033 11624
5033 11622
5034 11618
5034 11618
5034 11618
5039 11615
5043 11610
5043 11607
5047 11603
5047 11601
5047 11601
5051 11596
5051 11594
5053 11588
5058 11586
5063 11583
5065 11579
5065 11577
5068 11571
5070 11567
5070 11565
5070 11565
5073 11561
5076 11555
5078 11552
5078 11546
5078 11544
5081 11540
5084 11536
5088 11532
5088 11532
5092 11530
5093 11522
5096 11517
5096 11515
5097 11513
5103 11511
5103 11508
5103 11508
5103 11502
5103 11496
5104 11489
5105 11482
5105 11480
5107 11474
5107 11471
5109 11466
5110 11463
5112 11461
5113 11457
5113 11457
5117 11455
5118 11450
5118 11448
5121 11446
5123 11439
5124 11434
5127 11430
5129 11425
5131 11423
5131 11417
5133 11412
5133 11409
5133 11409
5133 11409
5134 11407
5134 11407
5134 11405
5135 11401
5135 11401
5142 11398
5142 11396
5143 11389
5148 11385
5148 11385
5149 11382
5149 11380
5150 11373
5150 11371
5150 11364
5151 11361
5151 11361
5151 11361
5151 11361
5157 11359
5159 11355
5163 11353
5163 11353
5164 11350
5165 11348
5167 11343
5167 11343
5167 11343
5167 11340
5168 11336
5170 11332
5170 11332
5170 11330
5170 11330
5170 11328
5170 11326
5175 11323
5177 11317
5177 11317
5179 11310
5179 11310
5184 11306
5184 11299
5185 11296
5185 11296
5189 11294
5189 11294
5189 11284
5189 11284
5190 11281
5190 11281
5194 11276
5194 11271
5197 11266
5200 11261
5205 11257
5205 11255
5205 11253
5208 11249
5208 11246
5208 11246
5208 11246
5208 11240
5208 11240
5210 11238
5211 11236
5216 11233
5216 11231
5216 11222
5220 11220
5220 11218
5224 11214
5224 11212
5225 11210
5226 11203
5226 11201
5228 11199
5229 11196
5231 11194
5231 11194
5231 11194
5231 11189
5235 11186
5235 11184
5240 11182
5243 11179
5247 11176
5247 11176
5251 11173
5251 11169
5252 11161
5258 11159
5258 11159
5258 11156
5258 11156
5262 11154
5266 11152
5266 11152
5266 11145
5267 11143
5267 11139
5270 11137
5276 11135
5280 11132
5282 11130
5282 11124
5288 11122
5288 11118
5290 11116
5290 11114
5290 11110
5293 11108
5296 11104
5300 11102
5301 11095
5305 11090
5305 11086
5305 11086
5306 11079
5306 11079
5306 11073
5312 11070
5312 11068
5315 11065
5319 11063
5321 11058
5323 11056
5326 11052
5331 11049
5334 11047
5334 11045
5334 11045
5334 11045
5335 11038
5335 11038
5335 11035
5337 11033
5337 11031
5338 11023
5338 11023
5339 11020
5341 11016
5348 11014
5348 11012
5348 11012
5351 11009
5355 11006
5355 11006
5361 11003
5361 10999
5361 10997
5364 10993
5364 10984
5368 10981
5368 10977
5369 10975
5369 10975
5369 10972
5369 10972
5369 10970
5371 10963
5375 10960
5375 10956
5380 10953
5385 10950
5385 10950
5387 10947
5387 10947
5387 10944
5388 10942
5388 10933
5388 10929
5391 10925
5392 10923
5392 10923
5394 10920
5394 10918
5394 10909
5394 10909
5399 10905
5399 10905
5399 10905
5404 10903
5404 10903
5404 10900
5404 10896
5404 10894
5404 10888
5407 10884
5414 10882
5418 10878
5421 10875
5421 10873
5426 10870
5426 10870
5426 10870
5427 10868
5427 10868
5432 10865
5432 10862
5433 10858
5436 10856
5437 10852
5439 10849
5439 10844
5440 10842
5441 10839
5444 10834
5446 10832
5448 10829
5448 10824
5448 10816
5448 10810
5448 10810
5448 10810
5453 10808
5456 10804
5456 10804
5457 10797
5458 10792
5458 10792
5462 10789
5463 10785
5463 10780
5464 10775
5471 10773
5471 10773
5471 10770
5478 10768
5484 10765
5484 10763
5484 10763
5484 10763
5490 10761
5490 10756
5490 10756
5490 10756
5491 10751
5491 10751
5498 10748
5503 10746
5503 10746
5503 10746
5504 10740
5504 10740
5509 10738
5510 10731
5510 10731
5511 10728
5511 10728
5511 10725
5512 10723
5514 10716
5514 10714
5514 10714
5515 10707
5515 10707
5518 10704
5518 10704
5523 10702
5526 10698
5527 10693
5528 10691
5528 10691
5528 10681
5532 10676
5534 10669
5534 10667
5534 10667
5538 10664
5544 10662
5549 10660
5553 10655
5553 10652
5553 10645
5553 10640
5553 10638
5556 10635
5556 10632
5556 10632
5557 10623
5559 10616
5560 10614
5560 10614
5563 10611
5563 10611
5570 10609
5573 10606
5574 10604
5574 10604
5574 10602
5574 10594
5578 10592
5579 10587
5579 10578
5581 10576
5583 10574
5589 10572
5591 10565
5595 10562
5597 10557
5598 10551
5598 10551
5602 10549
5606 10546
5606 10546
5610 10541
5612 10539
5613 10536
5613 10536
5613 10532
5613 10530
5613 10522
5613 10522
5613 10520
5614 10512
5618 10510
5620 10503
5620 10503
5620 10498
5622 10496
5625 10491
5629 10486
5630 10483
5630 10483
5630 10483
5631 10479
5631 10479
5632 10470
5634 10468
5639 10464
5639 10464
5641 10462
5641 10462
5641 10460
5643 10458
5643 10458
5646 10456
5649 10454
5651 10450
5658 10448
5661 10442
5661 10437
5661 10433
5662 10430
5662 10428
5662 10425
5662 10417
5662 10415
5664 10410
5664 10401
5665 10399
5666 10392
5668 10386
5668 10386
5668 10383
5672 10380
5673 10377
5675 10371
5676 10367
5677 10363
5684 10361
5687 10359
5689 10354
5690 10352
5690 10352
5693 10347
5699 10344
5700 10342
5702 10336
5702 10329
5702 10325
5703 10323
5704 10319
5706 10317
5711 10313
5714 10308
5717 10306
5717 10306
5718 10298
5718 10298
5718 10298
5721 10296
5724 10290
5724 10290
5726 10284
5727 10277
5734 10275
5734 10272
5734 10272
5738 10267
5739 10263
5739 10263
5739 10259
5739 10259
5739 10259
5742 10253
5742 10253
5745 10249
5745 10249
5745 10247
5747 10244
5753 10242
5754 10239
5754 10232
5760 10230
5760 10230
5766 10228
5767 10226
5771 10224
5771 10224
5772 10216
5776 10211
5780 10209
5780 10205
5782 10200
5787 10197
5791 10194
5792 10189
5798 10187
5798 10187
5799 10185
5802 10183
5802 10183
5802 10178
5803 10174
5804 10168
5804 10165
5807 10161
5807 10155
5807 10150
5807 10150
5808 10142
5808 10140
5808 10140
5812 10138
5812 10132
5812 10132
5812 10132
5813 10124
5816 10121
5817 10119
5817 10115
5821 10111
5821 10111
5824 10107
5826 10103
5826 10103
5829 10101
5831 10098
5831 10098
5836 10093
5842 10091
5844 10086
5845 10084
5846 10082
5850 10078
5851 10072
5852 10070
5853 10064
5853 10062
5856 10057
5856 10055
5857 10050
5857 10050
5857 10050
5863 10048
5865 10046
5868 10041
5868 10037
5871 10034
5871 10026
5871 10026
5872 10018
5875 10015
5875 10013
5875 10011
5875 10002
5877 9995
5878 9992
5878 9992
5879 9986
5879 9983
5879 9983
5880 9981
5883 9979
5884 9977
5884 9975
5884 9973
5884 9973
5886 9967
5886 9965
5892 9963
5894 9961
5895 9959
5895 9956
5895 9948
5895 9948
5900 9946
5900 9944
5900 9944
5900 9942
5900 9942
5902 9939
5902 9939
5902 9937
5902 9934
5904 9932
5905 9925
5905 9918
5905 9916
5905 9913
5912 9911
5913 9908
5913 9908
5913 9905
5916 9900
5919 9898
5923 9894
5923 9894
5923 9892
5924 9889
5924 9881
5927 9878
5927 9874
5928 9867
5930 9862
5931 9857
5931 9855
5931 9853
5932 9845
5935 9842
5942 9840
5943 9838
5943 9829
5944 9823
5949 9821
5953 9817
5954 9813
5959 9811
5964 9808
5964 9808
5964 9806
5967 9803
5967 9801
5970 9799
5971 9794
5974 9791
5977 9789
5983 9786
5989 9783
5993 9780
5995 9778
5997 9776
5999 9773
6003 9771
6005 9766
6007 9762
6007 9758
6011 9754
6012 9752
6012 9749
6012 9749
6013 9747
6013 9745
6016 9743
6016 9741
6019 9738
6021 9733
6023 9731
6027 9729
6030 9727
6037 9725
6038 9717
6042 9712
6042 9712
6047 9709
6050 9707
6051 9705
6051 9702
6052 9700
6053 9697
6053 9693
6053 9693
6054 9685
6054 9685
6057 9683
6057 9683
6058 9679
6058 9675
6059 9670
6061 9664
6061 9662
6061 9662
6062 9658
6062 9658
6062 9651
6067 9647
6067 9641
6067 9641
6067 9637
6070 9632
6071 9625
6071 9625
6071 9625
6072 9617
6076 9612
6076 9610
6076 9603
6080 9599
6080 9595
6080 9588
6080 9581
6080 9573
6084 9570
6086 9563
6090 9561
6091 9558
6094 9555
6094 9550
6095 9547
6097 9543
6099 9540
6102 9535
6103 9528
6107 9523
6107 9519
6108 9512
6108 9508
6112 9503
6114 9496
6117 9493
6117 9491
6122 9489
6122 9489
6124 9484
6126 9482
6132 9480
6132 9480
6136 9475
6141 9472
6141 9470
6141 9463
6142 9459
6148 9457
6149 9455
6149 9451
6150 9448
6151 9446
6151 9446
6158 9443
6160 9440
6165 9437
6171 9434
6172 9430
6172 9428
6174 9424
6174 9420
6175 9417
6175 9414
6176 9411
6179 9408
6181 9401
6181 9401
6182 9395
6184 9388
6184 9388
6185 9385
6185 9382
6186 9379
6189 9377
6190 9375
6190 9370
6193 9368
6193 9368
6193 9368
6193 9368
6194 9360
6194 9360
6199 9357
6200 9353
6200 9353
6200 9351
6205 9349
6205 9343
6205 9343
6206 9339
6207 9333
6208 9331
6212 9329
6215 9326
6215 9326
6220 9324
6220 9324
6225 9321
6229 9319
6229 9319
6229 9316
6229 9314
6231 9312
6235 9309
6235 9309
6236 9306
6237 9301
6237 9301
6239 9299
6239 9299
6246 9297
6246 9297
6250 9292
6251 9290
6253 9288
6254 9280
6254 9280
6257 9275
6259 9269
6261 9262
6262 9255
6262 9255
6265 9253
6269 9249
6269 9249
6269 9242
6269 9242
6274 9239
6281 9237
6284 9234
6285 9232
6286 9228
6287 9224
6287 9224
6291 9220
6291 9218
6291 9214
6291 9214
6294 9212
6294 9210
6296 9208
6296 9206
6297 9198
6297 9194
6298 9191
6299 9187
6299 9187
6299 9184
6299 9184
6299 9182
6303 9179
6305 9173
6308 9170
6308 9170
6311 9167
6313 9165
6313 9161
6313 9157
6313 9149
6314 9145
6315 9143
6316 9139
6323 9137
6323 9137
6326 9134
6329 9129
6330 9125
6330 9125
6331 9121
6333 9115
6335 9108
6335 9106
6337 9104
6337 9101
6338 9098
6338 9098
6338 9098
6338 9096
6339 9094
6344 9090
6347 9088
6353 9086
6353 9080
6354 9077
6354 9075
6356 9071
6357 9067
6357 9060
6357 9055
6363 9053
6365 9048
6367 9046
6367 9046
6369 9041
6369 9035
6373 9032
6374 9027
6376 9024
6378 9022
6379 9019
6380 9017
6384 9013
6384 9010
6389 9007
6389 9005
6389 9005
6392 9000
6392 8996
6395 8994
6396 8989
6396 8987
6398 8984
6398 8982
6398 8982
6399 8980
6399 8976
6406 8974
6406 8974
6407 8972
6410 8969
6410 8965
6411 8961
6411 8954
6411 8950
6414 8947
6414 8940
6414 8938
6418 8936
6418 8933
6423 8930
6423 8925
6423 8919
6423 8910
6423 8907
6426 8905
6426 8901
6429 8897
6429 8897
6433 8893
6434 8891
6435 8888
6435 8888
6435 8886
6435 8883
6435 8881
6436 8878
6436 8876
6436 8876
6440 8871
6443 8868
6443 8866
6446 8863
6446 8858
6447 8856
6447 8848
6449 8843
6453 8839
6454 8836
6454 8836
6455 8834
6455 8827
6455 8822
6459 8817
6460 8815
6461 8811
6464 8807
6469 8803
6470 8801
6474 8798
6476 8791
6477 8788
6477 8788
6477 8786
6478 8778
6479 8772
6481 8768
6481 8765
6481 8762
6484 8758
6485 8753
6485 8751
6485 8751
6485 8749
6485 8743
6485 8743
6489 8741
6489 8739
6491 8737
6494 8735
6494 8735
6494 8725
6496 8722
6500 8719
6502 8717
6503 8715
6505 8710
6505 8710
6505 8710
6506 8708
6506 8703
6507 8696
6507 8694
6512 8691
6512 8684
6516 8680
6516 8675
6519 8672
6523 8669
6527 8664
6527 8662
6531 8659
6531 8659
6537 8657
6539 8651
6539 8648
6544 8644
6545 8638
6548 8633
6548 8631
6548 8631
6550 8629
6552 8627
6554 8623
6554 8623
6558 8619
6558 8616
6558 8614
6560 8610
6565 8607
6565 8605
6565 8596
6565 8587
6565 8582
6567 8578
6573 8576
6574 8573
6574 8573
6576 8567
6578 8562
6579 8560
6579 8556
6580 8554
6581 8551
6581 8545
6583 8540
6583 8538
6584 8534
6586 8532
6588 8529
6588 8527
6588 8527
6589 8520
6589 8511
6589 8509
6589 8507
6589 8504
6590 8500
6590 8495
6590 8489
6593 8487
6596 8482
6598 8480
6598 8477
6598 8472
6600 8470
6602 8465
6602 8465
6603 8457
6604 8455
6607 8453
6607 8446
6607 8446
6609 8442
6609 8442
6612 8439
6612 8437
6615 8434
6620 8432
6620 8426
6626 8424
6629 8422
6634 8420
6636 8417
6637 8411
6637 8411
6638 8404
6638 8404
6641 8398
6641 8398
6642 8396
6646 8393
6646 8386
6647 8384
6647 8380
6648 8373
6648 8373
6654 8371
6655 8369
6661 8367
6662 8362
6667 8359
6669 8353
6672 8351
6672 8351
6672 8348
6672 8346
6672 8346
6673 8341
6675 8339
6681 8337
6681 8331
6685 8328
6689 8325
6689 8325
6691 8317
6691 8317
6691 8315
6691 8311
6691 8311
6691 8311
6696 8308
6700 8303
6702 8299
6706 8295
6708 8291
6711 8289
6711 8289
6711 8287
6711 8287
6711 8282
6711 8276
6717 8274
6717 8269
6718 8266
6724 8264
6724 8259
6725 8255
6725 8250
6729 8246
6729 8242
6732 8240
6738 8237
6738 8237
6738 8235
6738 8235
6738 8233
6738 8233
6738 8226
6738 8223
6738 8220
6738 8218
6738 8210
6740 8203
6742 8200
6743 8195
6743 8195
6748 8191
6752 8189
6753 8181
6757 8178
6761 8174
6761 8172
6766 8169
6766 8163
6766 8161
6766 8159
6771 8156
6772 8154
6772 8150
6778 8147
6779 8143
6779 8137
6779 8130
6782 8128
6782 8128
6782 8123
6782 8117
6782 8117
6782 8117
6783 8114
6783 8109
6784 8105
6785 8100
6785 8096
6785 8094
6785 8094
6785 8091
6786 8088
6787 8085
6787 8082
6787 8077
6787 8077
6787 8077
6787 8077
6787 8071
6787 8062
6787 8060
6789 8058
6795 8055
6797 8051
6798 8045
6798 8041
6798 8032
6798 8028
6800 8023
6805 8020
6805 8018
6805 8018
6807 8015
6808 8007
6809 8004
6809 8004
6815 8000
6815 8000
6815 8000
6815 8000
6815 7996
6815 7994
6815 7994
6815 7992
6819 7990
6820 7987
6822 7981
6822 7978
6825 7975
6825 7975
6826 7973
6826 7973
6827 7969
6832 7966
6832 7957
6833 7955
6838 7951
6838 7949
6844 7947
6845 7943
6845 7940
6845 7938
6852 7936
6852 7933
6857 7930
6859 7924
6859 7920
6864 7918
6869 7914
6869 7912
6869 7910
6869 7901
6870 7899
6870 7891
6872 7889
6872 7882
6877 7880
6882 7876
6882 7874
6882 7874
6882 7874
6884 7871
6885 7868
6886 7863
6886 7863
6887 7855
6889 7853
6890 7849
6890 7847
6890 7847
6891 7845
6893 7843
6893 7843
6895 7841
6895 7839
6896 7836
6899 7833
6900 7831
6902 7828
6903 7823
6903 7823
6904 7820
6904 7820
6907 7817
6907 7811
6912 7807
6914 7804
6914 7804
6914 7802
6915 7797
6915 7790
6917 7786
6917 7784
6917 7782
6920 7777
6923 7774
6923 7771
6929 7769
6931 7767
6931 7767
6931 7767
6935 7762
6940 7760
6941 7758
6942 7755
6942 7753
6942 7751
6944 7745
6947 7743
6947 7741
6947 7739
6947 7739
6949 7737
6950 7731
6954 7729
6954 7723
6954 7719
6957 7713
6960 7711
6966 7709
6966 7702
6966 7700
6966 7691
6966 7691
6967 7688
6967 7686
6967 7683
6969 7678
6969 7675
6970 7669
6974 7666
6974 7661
6974 7659
6974 7659
6974 7659
6974 7657
6975 7654
6976 7652
6978 7648
6981 7645
6981 7645
6985 7639
6992 7637
6992 7637
6992 7637
6996 7635
6996 7635
6996 7635
6996 7632
6997 7626
6997 7626
7000 7622
7000 7620
7000 7620
7000 7616
7001 7614
7003 7608
7007 7604
7007 7599
7007 7595
7007 7592
7013 7590
7016 7586
7016 7582
7016 7574
7016 7574
7017 7567
7017 7564
7018 7561
7018 7561
7018 7559
7019 7555
7020 7553
7022 7551
7022 7544
7022 7541
7026 7539
7026 7536
7028 7534
7032 7531
7032 7529
7037 7527
7038 7525
7038 7522
7041 7519
7045 7515
7045 7515
7046 7513
7047 7507
7047 7503
7047 7503
7050 7500
7050 7498
7051 7496
7051 7496
7053 7489
7053 7483
7054 7481
7055 7478
7057 7476
7059 7472
7059 7472
7061 7469
7063 7466
7070 7464
7070 7464
7070 7456
7071 7451
7073 7447
7073 7447
7079 7445
7082 7442
7088 7440
7088 7431
7092 7428
7096 7426
7096 7426
7096 7424
7099 7418
7099 7416
7101 7412
7105 7410
7105 7408
7105 7405
7110 7402
7111 7400
7112 7396
7114 7393
7118 7391
7120 7388
7121 7385
7125 7380
7125 7378
7130 7374
7130 7372
7130 7367
7131 7365
7135 7360
7139 7357
7143 7354
7145 7350
7145 7341
7145 7339
7145 7339
7146 7332
7146 7332
7146 7328
7148 7325
7148 7321
7149 7315
7152 7312
7152 7308
7156 7305
7159 7300
7163 7297
7163 7297
7163 7297
7163 7297
7166 7294
7167 7290
7169 7285
7169 7282
7173 7278
7174 7276
7176 7273
7176 7269
7176 7265
7176 7263
7176 7263
7176 7263
7178 7255
7179 7249
7182 7245
7182 7243
7182 7243
7182 7234
7182 7234
7182 7227
7183 7224
7184 7220
7184 7220
7188 7215
7188 7215
7192 7211
7193 7209
7194 7201
7194 7199
7194 7199
