5000
23083 40158 926967114
60406 2835 171251010
24995 38246 955958770
29023 34218 993109014
3991 59250 236466750
39691 23550 934723050
5726 57515 329330890
44631 18610 830582910
54216 9025 489299400
24919 38322 954945918
52182 11059 577080738
24075 39166 942921450
42577 20664 879811128
15607 47634 743423838
18363 44878 824094714
48040 15201 730256040
9794 53447 523459918
34918 28323 988982514
50874 12367 629158758
21911 41330 905581630
61324 1917 117558108
61013 2228 135936964
34724 28517 990224308
61900 1341 83007900
3845 59396 228377620
34414 28827 992052378
35355 27886 985909530
21378 41863 894947214
41448 21793 903276264
61683 1558 96102114
4186 59055 247204230
45930 17311 795094230
26454 36787 973163298
685 62556 42850860
10306 52935 545548110
35531 27710 984564010
21934 41307 906027738
10820 52421 567195220
39524 23717 937390708
15450 47791 738370950
19291 43950 847839450
37426 25815 966152190
44253 18988 840275964
14063 49178 691590214
4503 58738 264497214
32578 30663 998939214
14846 48395 718472170
15568 47673 742173264
8779 54462 478121898
62217 1024 63710208
15302 47939 733562578
50753 12488 633803464
60054 3187 191392098
53336 9905 528293080
14675 48566 712706050
13109 50132 657180388
11455 51786 593208630
47198 16043 757197514
41657 21584 899124688
45892 17349 796180308
11602 51639 599115678
60541 2700 163460700
4632 58609 271476888
23915 39326 940481290
53417 9824 524768608
46992 16249 763573008
36567 26674 975388158
8613 54628 470510964
54680 8561 468115480
48136 15105 727094280
10078 53163 535776714
52461 10780 565529580
59923 3318 198824514
18735 44506 833819910
22278 40963 912573714
37567 25674 964495158
58189 5052 293970828
31320 31921 999765720
592 62649 37088208
31020 32221 999495420
21151 42090 890245590
50319 12922 650222118
26954 36287 978079798
21539 41702 898219378
36447 26794 976560918
16326 46915 765934290
19568 43673 854593264
38925 24316 946500300
30677 32564 998965828
52097 11144 580568968
58231 5010 291737310
51431 11810 607400110
31048 32193 999528264
39129 24112 943478448
24375 38866 947358750
37664 25577 963332128
56367 6874 387466758
11109 52132 579134388
25310 37931 960033610
51702 11539 596589378
8329 54912 457362048
15724 47517 747157308
28922 34319 992574118
28202 35039 988169878
52917 10324 546315108
48457 14784 716388288
15716 47525 746902900
59327 3914 232205878
50229 13012 653579748
8389 54852 460153428
50035 13206 660762210
7049 56192 396097408
24651 38590 951282090
30111 33130 997577430
37043 26198 970452514
46245 16996 785980020
6470 56771 367308370
13775 49466 681394150
6571 56670 372378570
13721 49520 679463920
59567 3674 218849158
49416 13825 683176200
12160 51081 621144960
25371 37870 960799770
14327 48914 700790878
50935 12306 626806110
38473 24768 952899264
61229 2012 123192748
62357 884 55123588
30719 32522 999043318
45868 17373 796864764
5642 57599 324973558
20594 42647 878272318
26000 37241 968266000
9576 53665 513896040
37986 25255 959336430
15674 47567 745565158
22582 40659 918161538
8393 54848 460339264
19473 43768 852294264
33422 29819 996610618
8553 54688 467746464
13693 49548 678460764
10544 52697 555637168
11844 51397 608746068
39754 23487 933702198
41975 21266 892640350
59609 3632 216499888
19060 44181 842089860
20225 43016 869998600
61695 1546 95380470
32165 31076 999559540
8061 55180 444805980
7472 55769 416705968
39857 23384 932016088
43576 19665 856922040
24764 38477 952844428
17048 46193 787498264
25680 37561 964566480
58517 4724 276434308
46649 16592 774000208
49150 14091 692572650
62038 1203 74631714
25506 37735 962468910
52890 10351 547464390
25551 37690 963017190
47622 15619 743808018
43756 19485 852585660
35358 27883 985887114
44701 18540 828756540
8975 54266 487037350
36854 26387 972466498
59769 3472 207517968
19335 43906 848922510
61644 1597 98445468
58088 5153 299327464
35701 27540 983205540
56344 6897 388604568
53551 9690 518909190
33657 29584 995708688
60782 2459 149462938
59834 3407 203854438
56628 6613 374480964
59518 3723 221585514
9411 53830 506594130
44338 18903 838121214
21692 41549 901280908
51729 11512 595504248
49195 14046 690992970
23214 40027 929186778
36514 26727 975909678
5703 57538 328139214
40036 23205 929035380
3031 60210 182496510
39907 23334 931189938
31082 32159 999566038
30302 32939 998117578
6862 56379 386872698
10727 52514 563317678
31681 31560 999852360
1083 62158 67317114
54019 9222 498163218
60365 2876 173609740
24107 39134 943403338
56234 7007 394031638
33559 29682 996098238
42085 21156 890350260
30315 32926 998151690
49216 14025 690254400
28209 35032 988217688
41576 21665 900744040
50029 13212 660983148
48546 14695 713383470
9024 54217 489254208
30262 32979 998010498
60550 2691 162940050
37256 25985 968097160
34148 29093 993467764
47204 16037 757010548
7373 55868 411914764
33826 29415 994991790
3809 59432 226376488
38625 24616 950793000
58978 4263 251423214
47601 15640 744479640
36649 26592 974570208
8738 54503 476247214
59188 4053 239888964
13685 49556 678173860
1669 61572 102763668
2795 60446 168946570
937 62304 58378848
14283 48958 699267114
1081 62160 67194960
6022 57219 344572818
32945 30296 998101720
13654 49587 677060898
41728 21513 897694464
12051 51190 616890690
55417 7824 433582608
14125 49116 693763500
7235 56006 405203410
62579 662 41427298
375 62866 23574750
17121 46120 789620520
11319 51922 587705118
1505 61736 92912680
19217 44024 846009208
35633 27608 983755864
50964 12277 625685028
9141 54100 494528100
26430 36811 972914730
22453 40788 915812964
17932 45309 812480988
60412 2829 170905548
55644 7597 422727468
37049 26192 970387408
24724 38517 952294308
29657 33584 996000688
3023 60218 182039014
52657 10584 557321688
17433 45808 798570864
57197 6044 345698668
7902 55339 437288778
46645 16596 774120420
54579 8662 472763298
58224 5017 292109808
11876 51365 610010740
11820 51421 607796220
31638 31603 999855714
44418 18823 836080014
13619 49622 675802018
6244 56997 355889268
1185 62056 73536360
1635 61606 100725810
42892 20349 872809308
23679 39562 936788598
32955 30286 998075130
15319 47922 734117118
35325 27916 986132700
62000 1241 76942000
6098 57143 348458014
48036 15205 730387380
61367 1874 115001758
55105 8136 448334280
45738 17503 800552214
33925 29316 994545300
63033 208 13110864
58558 4683 274227114
39670 23571 935061570
11902 51339 611036778
61774 1467 90622458
35645 27596 983659420
41196 22045 908165820
6871 56370 387318270
10312 52929 545803848
43305 19936 863328480
22094 41147 909101818
54023 9218 497984014
5315 57926 307876690
2827 60414 170790378
7698 55543 427570014
46636 16605 774390780
40430 22811 922248730
2242 60999 136759758
9562 53679 513278598
61569 1672 102943368
15178 48063 729500214
2893 60348 174586764
51073 12168 621456264
39069 24172 944375868
16089 47152 758628528
14062 49179 691555098
27525 35716 983082900
43699 19542 853965858
19705 43536 857876880
2387 60854 145258498
11057 52184 576998488
2497 60744 151677768
34183 29058 993289614
46728 16513 771619464
17935 45306 812563110
10322 52919 546229918
35029 28212 988238148
27600 35641 983691600
13143 50098 658438014
29948 33293 997058764
62785 456 28629960
54991 8250 453675750
50289 12952 651343128
9544 53697 512484168
43599 19642 856371558
56163 7078 397521714
5098 58143 296413014
6746 56495 381115270
10483 52758 553062114
48176 15065 725771440
53229 10012 532928748
87 63154 5494398
34331 28910 992509210
39634 23607 935639838
8458 54783 463354614
23842 39399 939350958
25434 37807 961583238
19597 43644 855291468
25095 38146 957273870
33740 29501 995363740
35303 27938 986295214
4893 58348 285496764
29832 33409 996657288
53731 9510 510981810
48243 14998 723548514
59000 4241 250219000
23747 39494 937864018
55926 7315 409098690
2992 60249 180265008
26107 37134 969457338
1600 61641 98625600
54393 8848 481269264
969 62272 60341568
26450 36791 973121950
14466 48775 705579150
4452 58789 261728628
19621 43620 855868020
18451 44790 826420290
5575 57666 321487950
7251 55990 405983490
59780 3461 206898580
12648 50593 639900264
54657 8584 469175688
35473 27768 985014264
55550 7691 427235050
46034 17207 792107038
51723 11518 595745514
4914 58327 286618878
21904 41337 905445648
9631 53610 516317910
54493 8748 476704764
56307 6934 390432738
37618 25623 963886014
55943 7298 408272014
20507 42734 876346138
38170 25071 956960070
5406 57835 312656010
49163 14078 692116714
34759 28482 990005838
13237 50004 661902948
25769 37472 965615968
50863 12378 629582214
33980 29261 994288780
40250 22991 925387750
50453 12788 645192964
17651 45590 804709090
21824 41417 903884608
35932 27309 981266988
21399 41842 895376958
48090 15151 728611590
5656 57585 325700760
28447 34794 989784918
36731 26510 973738810
9248 53993 499327264
58420 4821 281642820
29606 33635 995797810
6206 57035 353959210
21759 41482 902606838
45303 17938 812645214
5045 58196 293598820
57528 5713 328657464
5311 57930 307666230
59818 3423 204757014
23886 39355 940033530
21199 42042 891248358
22034 41207 907955038
35685 27556 983335860
27419 35822 982203418
34902 28339 989087778
9225 54016 498297600
17452 45789 799109628
9258 53983 499774614
18558 44683 829227114
27780 35461 985106580
13492 49749 671213508
20743 42498 881536014
21073 42168 888606264
42827 20414 874270378
25299 37942 959894658
70 63171 4421970
19499 43742 852925258
40148 23093 927137764
8765 54476 477482140
53847 9394 505838718
51004 12237 624135948
11619 51622 599796018
23595 39646 935447370
34887 28354 989185998
16649 46592 775710208
34947 28294 988790418
29326 33915 994591290
48808 14433 704445864
1423 61818 87967014
42711 20530 876856830
40707 22534 917291538
54760 8481 464419560
52840 10401 549588840
38728 24513 949339464
6173 57068 352280764
16040 47201 757104040
15062 48179 725672098
1254 61987 77731698
49038 14203 696486714
41449 21792 903256608
14678 48563 712807714
19521 43720 853458120
54173 9068 491240764
33023 30218 997889014
12808 50433 645945864
2585 60656 156795760
11164 52077 581387628
43454 19787 859824298
6101 57140 348611140
49677 13564 673818828
21848 41393 904354264
32145 31096 999580920
61787 1454 89838298
5208 58033 302235864
53322 9919 528900918
23256 39985 929891160
1399 61842 86516958
46353 16888 782809464
50844 12397 630313068
49650 13591 674793150
54020 9221 498118420
4408 58833 259335864
12700 50541 641870700
23438 39803 932902714
52208 11033 576010864
19827 43414 860769378
28901 34340 992460340
4068 59173 240715764
44751 18490 827445990
37333 25908 967223364
34992 28249 988489008
28793 34448 991861264
24238 39003 945354714
14207 49034 696626038
32909 30332 998195788
58447 4794 280194918
42285 20956 886124460
33635 29606 995797810
10832 52409 567694288
31619 31622 999856018
57462 5779 332072898
56116 7125 399826500
43837 19404 850613148
61942 1299 80462658
29120 34121 993603520
4510 58731 264876810
33429 29812 996585348
53288 9953 530375464
36259 26982 978340338
41706 21535 898138710
22991 40250 925387750
37739 25502 962419978
13060 50181 655363860
4568 58673 268018264
52601 10640 559674640
15944 47297 754103368
18938 44303 839010214
2707 60534 163865538
20310 42931 871928610
49685 13556 673529860
61104 2137 130579248
41175 22066 908567550
62177 1064 66156328
42956 20285 871362460
19036 44205 841486380
10700 52541 562188700
54094 9147 494797818
39232 24009 941921088
44099 19142 844143058
8459 54782 463400938
42403 20838 883593714
61016 2225 135760600
37775 25466 961978150
58609 4632 271476888
43189 20052 866025828
20894 42347 884798218
51797 11444 592764868
30751 32490 999099990
24288 38953 946090464
10891 52350 570143850
23692 39549 936994908
45735 17506 800636910
339 62902 21323778
43007 20234 870203638
27404 35837 982077148
34598 28643 990990514
10693 52548 561895764
56681 6560 371827360
35424 27817 985389408
29893 33348 996871764
62554 687 42974598
3476 59765 207743140
31033 32208 999510864
31794 31447 999825918
39115 24126 943688490
18054 45187 815806098
45523 17718 806576514
61311 1930 118330230
1222 62019 75787218
36029 27212 980421148
8437 54804 462381348
16576 46665 773519040
3532 59709 210892188
33963 29278 994368714
8082 55159 445795038
4394 58847 258573718
39049 24192 944673408
42964 20277 871181028
58817 4424 260206408
62109 1132 70307388
1035 62206 64383210
33846 29395 994903170
22532 40709 917255188
56389 6852 386377428
59112 4129 244073448
52320 10921 571386720
42522 20719 881013318
20631 42610 879086910
34572 28669 991144668
37472 25769 965615968
37971 25270 959527170
20950 42291 885996450
10421 52820 550437220
19577 43664 854810128
34820 28421 989619220
33912 29329 994605048
54454 8787 478487298
30398 32843 998361514
14404 48837 703448148
24606 38635 950652810
23990 39251 941631490
2546 60695 154529470
2514 60727 152667678
46248 16993 785892264
54208 9033 489660864
25919 37322 967348918
39512 23729 937580248
41946 21295 893240070
11400 51841 590987400
60113 3128 188033464
37021 26220 970690620
3793 59448 225486264
23368 39873 931752264
40534 22707 920405538
35744 27497 982852768
62118 1123 69758514
40828 22413 915077964
27550 35691 983287050
16184 47057 761570488
18892 44349 837841308
18229 45012 820523748
15046 48195 725141970
59444 3797 225708868
63089 152 9589528
48658 14583 709579614
10750 52491 564278250
55791 7450 415642950
12328 50913 627655464
4863 58378 283892214
10406 52835 549801010
50434 12807 645908238
45413 17828 809622964
1801 61440 110653440
37094 26147 969896818
26667 36574 975318858
28523 34718 990261514
18355 44886 823882530
13837 49404 683603148
19263 43978 847148214
11210 52031 583267510
24091 39150 943162650
32464 30777 999144528
32998 30243 997958514
62434 807 50384238
45210 18031 815181510
23217 40024 929237208
20198 43043 869382514
7602 55639 422967678
4366 58875 257048250
58932 4309 253937988
54931 8310 456476610
59985 3256 195311160
31760 31481 999836560
61077 2164 132170628
37008 26233 970830864
56099 7142 400659058
55941 7300 408369300
18399 44842 825047958
27724 35517 984673308
12380 50861 629659180
43151 20090 866903590
19303 43938 848135214
21893 41348 905231764
45461 17780 808296580
19675 43566 857161050
5693 57548 327620764
52921 10320 546144720
20010 43231 865052310
46399 16842 781451958
47592 15649 744767208
11267 51974 585591058
19364 43877 849634228
7517 55724 418877308
57457 5784 332331288
20933 42308 885633364
43588 19653 856634964
44450 18791 835259950
45863 17378 797007214
25022 38219 956315818
47709 15532 741016188
5838 57403 335118714
59502 3739 222477978
28279 34962 988690398
60765 2476 150454140
40042 23199 928934358
16447 46794 769620918
48744 14497 706641768
40252 22989 925353228
23977 39264 941432928
56074 7167 401882358
63039 202 12733878
39025 24216 945029400
16644 46597 775560468
7848 55393 434724264
39550 23691 936979050
15610 47631 743519910
8099 55142 446595058
28040 35201 987036040
51039 12202 622777878
7054 56187 396343098
1736 61505 106772680
22984 40257 925266888
40163 23078 926881714
51655 11586 598474830
54732 8509 465714588
26072 37169 969070168
3747 59494 222924018
62515 726 45385890
3053 60188 183753964
17595 45646 803141370
18599 44642 830296558
35675 27566 983417050
55200 8041 443863200
58221 5020 292269420
46400 16841 781422400
54735 8506 465575910
4287 58954 252735798
33640 29601 995777640
57117 6124 349784508
45212 18029 815127148
10248 52993 543072264
49445 13796 682143220
40801 22440 915574440
1895 61346 116250670
25761 37480 965522280
16901 46340 783192340
56179 7062 396736098
54691 8550 467608050
1534 61707 94658538
30629 32612 998872948
43323 19918 862907514
14703 48538 713654214
50083 13158 658992114
16961 46280 784955080
42351 20890 884712390
33626 29615 995833990
15396 47845 736621620
39076 24165 944271540
41768 21473 896884264
272 62969 17127568
55045 8196 451148820
46718 16523 771921514
10806 52435 566612610
56643 6598 373730514
53277 9964 530852028
32381 30860 999277660
59938 3303 197975214
58425 4816 281374800
22370 40871 914284270
45416 17825 809540200
49713 13528 672517464
25334 37907 960335938
56922 6319 359690118
27059 36182 979048738
63218 23 1454014
18529 44712 828468648
35216 28025 986928400
53615 9626 516097990
18527 44714 828416278
29676 33565 996074940
28886 34355 992378530
52498 10743 563986014
17840 45401 809953840
44706 18535 828625710
33837 29404 994943148
16982 46259 785570338
4497 58744 264171768
12415 50826 631004790
43684 19557 854327988
12735 50506 643193910
55128 8113 447253464
56814 6427 365143578
61134 2107 128809338
16844 46397 781511068
9679 53562 518426598
12668 50573 640658764
59945 3296 197578720
372 62869 23387268
3251 59990 195027490
52173 11068 577450764
39722 23519 934221718
40955 22286 912723130
18984 44257 840174888
333 62908 20948364
41509 21732 902073588
3181 60060 191050860
61788 1453 89777964
46266 16975 785365350
4155 59086 245502330
24949 38292 955347108
56784 6457 366654288
43690 19551 854183190
46234 17007 786301638
121 63120 7637520
50818 12423 631312014
50528 12713 642362464
53953 9288 501115464
10414 52827 550140378
37076 26165 970093540
30961 32280 999421080
13822 49419 683069418
47741 15500 739985500
53664 9577 513940128
60337 2904 175218648
55711 7530 419503830
1951 61290 119576790
18608 44633 830530864
26820 36421 976811220
30794 32447 999172918
46366 16875 782426250
293 62948 18443764
26094 37147 969313818
13254 49987 662527698
35643 27598 983675514
7547 55694 420322618
27599 35642 983683558
23544 39697 934626168
10226 53015 542131390
5691 57550 327517050
51536 11705 603228880
51637 11604 599195748
58283 4958 288967114
18274 44967 821726958
27672 35569 984265368
25931 37310 967485610
23484 39757 933653388
10694 52547 561937618
61374 1867 114585258
36369 26872 977307768
8102 55139 446736178
33476 29765 996413140
54980 8261 454189780
28137 35104 987721248
58997 4244 250383268
49249 13992 689092008
8522 54719 466315318
43061 20180 868970980
60715 2526 153366090
15598 47643 743135514
7609 55632 423303888
50189 13052 655066828
30039 33202 997354878
6583 56658 372979614
40022 23219 929270818
49247 13994 689162518
5586 57655 322060830
23811 39430 938867730
20949 42292 885975108
61235 2006 122837410
23967 39274 941279958
54989 8252 453769228
3698 59543 220190014
62119 1122 69697518
1174 62067 72866658
21257 41984 892453888
4636 58605 271692780
30491 32750 998580250
41836 21405 895499580
12172 51069 621611868
56492 6749 381264508
23174 40067 928512658
6080 57161 347538880
56045 7196 403299820
31472 31769 999833968
16113 47128 759373464
21060 42181 888331860
59935 3306 198145110
5279 57962 305981398
27195 36046 980270970
35579 27662 984186298
17916 45325 812042700
31109 32132 999594388
25444 37797 961706868
21829 41412 903982548
52754 10487 553231198
35733 27508 982943364
12351 50890 628542390
24950 38291 955360450
26223 37018 970723014
16057 47184 757633488
59850 3391 202951350
33763 29478 995265714
39848 23393 932164264
38243 24998 955998514
29850 33391 996721350
52984 10257 543456888
18254 44987 821192698
47663 15578 742494214
60181 3060 184153860
9168 54073 495741264
22948 40293 924643764
31035 32206 999513210
9342 53899 503524458
11388 51853 590501964
50427 12814 646171578
9152 54089 495022528
39032 24209 944925688
32987 30254 997988698
50786 12455 632539630
21219 42022 891664818
22653 40588 919439964
5330 57911 308665630
6807 56434 384146238
39912 23329 931107048
62159 1082 67256038
21939 41302 906124578
13198 50043 660467514
13735 49506 679964910
45159 18082 816565038
60074 3167 190254358
34048 29193 993963264
26178 37063 970235214
60622 2619 158769018
58809 4432 260641488
27738 35503 984782214
8233 55008 452880864
28064 35177 987207328
13032 50209 654323688
4668 58573 273418764
52933 10308 545633364
44424 18817 835926408
22015 41226 907590390
58961 4280 252353080
53936 9305 501874480
5384 57857 311502088
48106 15135 728084310
40697 22544 917473168
20628 42613 879020964
24341 38900 946864900
47349 15892 752470308
44996 18245 820952020
24324 38917 946617108
2860 60381 172689660
3722 59519 221529718
1675 61566 103123050
26831 36410 976916710
17117 46124 789504508
6348 56893 361156764
27491 35750 982803250
7944 55297 439279368
3741 59500 222589500
9640 53601 516713640
36182 27059 979048738
28968 34273 992820264
15963 47278 754698714
4081 59160 241431960
14349 48892 701551308
138 63103 8708214
42595 20646 879416370
27066 36175 979112550
47507 15734 747475138
33816 29425 995035800
49609 13632 676269888
30480 32761 998555280
25256 37985 959349160
39074 24167 944301358
31734 31507 999843138
59480 3761 223704280
51124 12117 619469508
58970 4271 251860870
16604 46637 774360748
45265 17976 813683640
60355 2886 174184530
45488 17753 807548464
38838 24403 947763714
8215 55026 452038590
29122 34119 993613518
13657 49584 677168688
23047 40194 926351118
41024 22217 911430208
5866 57375 336561750
13876 49365 684988740
52044 11197 582736668
61633 1608 99105864
36933 26308 971633364
51104 12137 620249248
34480 28761 991679280
10660 52581 560513460
27655 35586 984130830
4017 59224 237902808
7365 55876 411526740
33240 30001 997233240
48538 14703 713654214
46382 16859 781954138
45042 18199 819719358
30780 32461 999149580
24829 38412 953731548
13893 49348 685591764
29949 33292 997062108
28194 35047 988115118
42608 20633 879130864
16928 46313 783986464
45072 18169 818913168
17166 46075 790923450
40237 23004 925611948
18210 45031 820014510
29261 33980 994288780
26053 37188 968858964
8137 55104 448381248
62603 638 39940714
59925 3316 198711300
27265 35976 980885640
3017 60224 181695808
26134 37107 969754338
50415 12826 646622790
23913 39328 940450464
50552 12689 641454328
5545 57696 319924320
52924 10317 546016908
42212 21029 887676148
61740 1501 92671740
48358 14883 719712114
46679 16562 773097598
25484 37757 962199388
41928 21313 893611464
27572 35669 983465668
49423 13818 682927014
46429 16812 780564348
56705 6536 370623880
28486 34755 990030930
36718 26523 973871514
4271 58970 251860870
58180 5061 294448980
48406 14835 718103010
41338 21903 905426214
1309 61932 81068988
3402 59839 203572278
41403 21838 904158714
29622 33619 995862018
12120 51121 619586520
58524 4717 276057708
21517 41724 897775308
55846 7395 412981170
9444 53797 508058868
62990 251 15810490
57616 5625 324090000
56158 7083 397767114
29391 33850 994885350
39890 23351 931471390
30671 32570 998954470
22962 40279 924886398
55106 8135 448287310
26431 36810 972925110
24619 38622 950835018
21304 41937 893425848
31647 31594 999855318
25262 37979 959425498
47177 16064 757851328
36504 26737 976007448
15348 47893 735061764
53203 10038 534051714
54004 9237 498834948
51569 11672 601913368
62943 298 18757014
1080 62161 67133880
195 63046 12293970
59155 4086 241707330
40959 22282 912648438
36142 27099 979412058
60884 2357 143503588
49846 13395 667687170
37999 25242 959170758
62081 1160 72013960
43870 19371 849805770
58272 4969 289553568
16330 46911 766056630
5210 58031 302341510
30388 32853 998336964
22965 40276 924938340
18126 45115 817754490
25834 37407 966372438
55548 7693 427330764
51588 11653 601154964
30742 32499 999084258
42484 20757 881840388
17748 45493 807409764
51127 12114 619352478
23141 40100 927954100
25510 37731 962517810
23043 40198 926282514
25420 37821 961409820
40209 23032 926093688
8349 54892 458293308
334 62907 21010938
6377 56864 362621728
56491 6750 381314250
9408 53833 506460864
52471 10770 565112670
41112 22129 909767448
33232 30009 997259088
49406 13835 683532010
25092 38149 957234708
11326 51915 587989290
34927 28314 988923078
61634 1607 99045838
12631 50610 639254910
52548 10693 561895764
104 63137 6566248
17897 45344 811521568
37285 25956 967769460
25464 37777 961953528
45410 17831 809705710
2298 60943 140047014
13507 49734 671757138
30340 32901 998216340
22544 40697 917473168
51381 11860 609378660
22216 41025 911411400
46499 16742 778486258
48272 14969 722583568
17172 46069 791096868
1739 61502 106951978
7191 56050 403055550
54930 8311 456523230
36699 26542 974064858
19134 44107 843943338
30110 33131 997574410
14048 49193 691063264
42485 20756 881818660
62470 771 48164370
37596 25645 964149420
35180 28061 987185980
33584 29657 996000688
30739 32502 999078978
54697 8544 467331168
51403 11838 608508714
62602 639 40002678
1402 61839 86698278
12972 50269 652089468
12732 50509 643080588
5262 57979 305085498
1994 61247 122126518
19562 43679 854448598
33916 29325 994586700
38352 24889 954542928
12854 50387 647674498
15079 48162 726234798
10763 52478 564820714
22799 40442 922037158
38935 24306 946354110
52282 10959 572958438
11590 51651 598635090
35742 27499 982869258
59537 3704 220525048
24615 38626 950778990
3749 59492 223035508
11763 51478 605535714
19016 44225 840982600
20773 42468 882187764
26443 36798 973049514
39618 23623 935896014
28314 34927 988923078
40446 22795 921966570
54028 9213 497759964
8362 54879 458898198
8999 54242 488123758
22606 40635 918594810
56707 6534 370523538
25261 37980 959412780
257 62984 16186888
29147 34094 993737818
21014 42227 887358178
58707 4534 266177538
52623 10618 558751014
14127 49114 693833478
45948 17293 794578764
23691 39550 936979050
50510 12731 643042810
18572 44669 829592668
5102 58139 296625178
41215 22026 907801590
55042 8199 451289358
37730 25511 962530030
17299 45942 794750658
48824 14417 703895608
56178 7063 396785214
22194 41047 910997118
23520 39721 934237920
33715 29526 995469090
16211 47030 762403330
2453 60788 149112964
54875 8366 459084250
8635 54606 471522810
28084 35157 987349188
28727 34514 991483678
52331 10910 570931210
50595 12646 639824370
23914 39327 940465878
19167 44074 844766358
12838 50403 647073714
4825 58416 281857200
53588 9653 517284964
3926 59315 232870690
26920 36321 977761320
46530 16711 777562830
48774 14467 705613458
49233 14008 689655864
19326 43915 848701290
42090 21151 890245590
53164 10077 535733628
52692 10549 555847908
45490 17751 807492990
23797 39444 938648868
48135 15106 727127310
54402 8839 480859278
10491 52750 553400250
7895 55346 436956670
41608 21633 900105864
25954 37287 967746798
8869 54372 482225268
2355 60886 143386530
56750 6491 368364250
49905 13336 665533080
20670 42571 879942570
46177 17064 787964328
34963 28278 988683714
21883 41358 905037114
27667 35574 984225858
16562 46679 773097598
22400 40841 914838400
21352 41889 894413928
47529 15712 746775648
49443 13798 682214514
28186 35055 988060230
48838 14403 703413714
7869 55372 435722268
11063 52178 577245214
28566 34675 990526050
21547 41694 898380618
7759 55482 430484838
29285 33956 994401460
52947 10294 545036418
15811 47430 749915730
52006 11235 584287410
12829 50412 646735548
16231 47010 763019310
3979 59262 235803498
21786 41455 903138630
44513 18728 833639464
103 63138 6503214
22193 41048 910978264
56526 6715 379572090
28877 34364 992329228
16558 46683 772977114
27820 35421 985412220
59808 3433 205320864
46019 17222 792539218
43776 19465 852099840
20587 42654 878117898
27291 35950 981111450
4284 58957 252571788
1783 61458 109579614
44979 18262 821406498
39132 24109 943433388
48631 14610 710498910
48645 14596 710022420
56073 7168 401931264
46797 16444 769529868
42627 20614 878712978
48604 14637 711416748
57646 5595 322529370
32477 30764 999122428
45513 17728 806854464
56920 6321 359791320
26554 36687 974186598
5753 57488 330728464
59509 3732 222087588
58863 4378 257702214
26387 36854 972466498
38951 24290 946119790
50990 12251 624678490
3334 59907 199729938
12311 50930 626999230
55839 7402 413320278
24894 38347 954610218
37521 25720 965040120
59305 3936 233424480
28671 34570 991156470
16471 46770 770348670
55225 8016 442683600
18358 44883 823962114
54091 9150 494932650
41896 21345 894270120
11407 51834 591270438
58480 4761 278423280
7969 55272 440462568
27953 35288 986405464
13293 49948 663958764
30157 33084 997714188
2353 60888 143269464
19798 43443 860084514
46808 16433 769195864
37609 25632 963993888
33404 29837 996675148
59768 3473 207574264
11402 51839 591068278
27598 35643 983675514
15122 48119 727655518
29658 33583 996004614
60407 2834 171193438
45561 17680 805518480
26759 36482 976221838
28500 34741 990118500
32523 30718 999041514
53480 9761 522018280
30019 33222 997291218
4730 58511 276757030
50284 12957 651529788
39626 23615 935767990
58678 4563 267747714
12035 51206 616264210
21232 42009 891935088
49395 13846 683923170
8010 55231 442400310
5903 57338 338466214
33102 30139 997661178
43124 20117 867525508
28149 35092 987804708
61432 1809 111130488
21211 42030 891498330
16313 46928 765536464
10732 52509 563526588
62429 812 50692348
41357 21884 905056588
5455 57786 315222630
19092 44149 842892708
3161 60080 189912880
58119 5122 297685518
38897 24344 946908568
20969 42272 886401568
62314 927 57765078
7188 56053 402908964
39630 23611 935703930
30866 32375 999286750
22764 40477 921418428
34041 29200 993997200
28156 35085 987853260
5836 57405 335015580
53882 9359 504281638
52352 10889 570060928
20218 43023 869839014
3209 60032 192642688
61105 2136 130520280
56385 6856 386575560
47285 15956 754479460
26189 37052 970354828
46367 16874 782396758
57525 5716 328812900
52012 11229 584042748
10666 52575 560764950
8251 54990 453722490
30200 33041 997838200
22823 40418 922460014
50342 12899 649361458
29505 33736 995380680
15908 47333 752973364
49380 13861 684456180
31870 31371 999793770
40147 23094 927154818
21903 41338 905426214
36893 26348 972056764
17207 46034 792107038
30897 32344 999332568
50881 12360 628889160
21552 41689 898481328
60975 2266 138169350
61237 2004 122718948
31660 31581 999854460
57139 6102 348662178
8397 54844 460525068
47597 15644 744607468
56990 6251 356244490
45273 17968 813465264
15700 47541 746393700
13364 49877 666556228
260 62981 16375060
4519 58722 265364718
15860 47381 751462660
19283 43958 847642114
4923 58318 287099514
25212 38029 958787148
47558 15683 745852114
50591 12650 639976150
20206 43035 869565210
55395 7846 434629170
38753 24488 948983464
19701 43540 857781540
36506 26735 975987910
14634 48607 711314838
2670 60571 161724570
57948 5293 306718764
5631 57610 324401910
42177 21064 888416328
17532 45709 801370188
4159 59082 245722038
30942 32299 999395658
6704 56537 379024048
45338 17903 811686214
55372 7869 435722268
26635 36606 975000810
47013 16228 762926964
7596 55645 422679420
45232 18009 814583088
7927 55314 438474078
62544 697 43593168
9716 53525 520048900
10965 52276 573206340
16469 46772 770288068
59980 3261 195594780
26846 36395 977060170
3852 59389 228766428
38678 24563 950047714
35082 28159 987874038
5979 57262 342369498
29474 33767 995248558
55597 7644 424983468
42039 21202 891310878
46669 16572 773398668
42578 20663 879789214
14354 48887 701723998
373 62868 23449764
40291 22950 924678450
25159 38082 958105038
792 62449 49459608
13392 49849 667577808
47737 15504 740114448
14649 48592 711824208
58789 4452 261728628
25265 37976 959463640
17097 46144 788923968
17562 45679 802214598
41051 22190 910921690
21328 41913 893920464
18750 44491 834206250
36363 26878 977364714
645 62596 40374420
14792 48449 716657608
52402 10839 567985278
22825 40416 922495200
222 63019 13990218
16462 46779 770075898
44080 19161 844616880
4361 58880 256775680
36651 26590 974550090
9277 53964 500624028
12139 51102 620327178
462 62779 29003898
14418 48823 703930014
26657 36584 975219688
39573 23668 936613764
27318 35923 981344514
48972 14269 698781468
50221 13020 653877420
32954 30287 998077798
24874 38367 954340758
7603 55638 423015714
49168 14073 691941264
59545 3696 220078320
54800 8441 462566800
22136 41105 909900280
24377 38864 947387728
31104 32137 999589248
21984 41257 906993888
2083 61158 127392114
58288 4953 288700464
12148 51093 620677764
53386 9855 526119030
43634 19607 855531838
9262 53979 499953498
16682 46559 776697238
44190 19051 841863690
9851 53390 525944890
22668 40573 919708764
57565 5676 326738940
51171 12070 617633970
32077 31164 999647628
32696 30545 998699320
29115 34126 993578490
11518 51723 595745514
59428 3813 226598964
53333 9908 528423364
28123 35118 987623514
20396 42845 873866620
22026 41215 907801590
14586 48655 709681830
28100 35141 987462100
22630 40611 919026930
35074 28167 987929358
18509 44732 827944588
21330 41911 893961630
3041 60200 183068200
17101 46140 789040140
45096 18145 818266920
38172 25069 956933868
21023 42218 887549014
34185 29056 993279360
53643 9598 514865514
33337 29904 996909648
36681 26560 974247360
52050 11191 582491550
49702 13539 672915378
46700 16541 772464700
57392 5849 335685808
37754 25487 962236198
17352 45889 796265928
44824 18417 825523608
12342 50899 628195458
38727 24514 949353678
7108 56133 398993364
22916 40325 924087700
22919 40322 924139918
10352 52889 547506928
44919 18322 823005918
45619 17622 803898018
56044 7197 403348668
34079 29162 993811798
58749 4492 263900508
35963 27278 980998714
30212 33029 997872148
53811 9430 507437730
50116 13125 657772500
33878 29363 994759714
19153 44088 844417464
6589 56652 373280028
11838 51403 608508714
53957 9284 500936788
11132 52109 580077388
28319 34922 988956118
60207 3034 182668038
2734 60507 165426138
55125 8116 447394500
671 62570 41984470
50692 12549 636133908
14621 48620 710873020
1823 61418 111965014
43836 19405 850637580
56654 6587 373179898
6294 56947 358424418
53275 9966 530938650
7527 55714 419359278
21979 41262 906897498
2268 60973 138286764
7080 56161 397619880
54258 8983 487399614
32055 31186 999667230
36344 26897 977544568
47108 16133 759993364
29641 33600 995937600
32365 30876 999301740
45543 17698 806020014
17847 45394 810146718
16449 46792 769681608
12634 50607 639368838
44039 19202 845636878
25461 37780 961916580
63127 114 7196478
21735 41506 902132910
7862 55379 435389698
32889 30352 998246928
36545 26696 975605320
39341 23900 940249900
58663 4578 268559214
22308 40933 913133364
4106 59135 242808310
13432 49809 669034488
36157 27084 979276188
61762 1479 91345998
25705 37536 964862880
30541 32700 998690700
48568 14673 712638264
62294 947 58992418
31255 31986 999722430
39282 23959 941157438
19011 44230 840856530
25245 37996 959209020
39030 24211 944955330
15823 47418 750295014
52886 10355 547634530
14775 48466 716085150
32628 30613 998840964
51763 11478 594135714
61216 2025 123962400
48322 14919 720915918
17015 46226 786535390
56039 7202 403592878
43665 19576 854786040
26868 36373 977269764
5883 57358 337437114
22564 40677 917835828
27247 35994 980728518
62117 1124 69819508
45243 17998 814283514
24140 39101 943898140
43240 20001 864843240
39166 24075 942921450
51272 11969 613674568
18847 44394 836693718
22078 41163 908796714
5276 57965 305823340
1245 61996 77185020
20734 42507 881340138
45511 17730 806910030
60702 2539 154122378
39347 23894 940157218
40429 22812 922266348
13744 49497 680286768
17423 45818 798287014
59343 3898 231319014
61369 1872 114882768
62133 1108 68843364
43169 20072 866488168
58243 4998 291098514
58214 5027 292641778
516 62725 32366100
54302 8939 485405578
50784 12457 632616288
37530 25711 964933830
44168 19073 842416264
52520 10721 563066920
13417 49824 668488608
1980 61261 121296780
18395 44846 824942170
16387 46854 767796498
31423 31818 999817014
36604 26637 975020748
29137 34104 993688248
61908 1333 82523364
19003 44238 840654714
37796 25445 961719220
21533 41708 898098364
61436 1805 110891980
42764 20477 875678428
16056 47185 757602360
36668 26573 974378764
51887 11354 589124998
41957 21284 893012788
26757 36484 976202388
34190 29051 993253690
1175 62066 72927550
7362 55879 411381198
55638 7603 423015714
37551 25690 964685190
32360 30881 999309160
47334 15907 752941938
61351 1890 115953390
63048 193 12168264
31853 31388 999801964
52368 10873 569397264
24303 38938 946310214
157 63084 9904188
58394 4847 283035718
48145 15096 726796920
48908 14333 700998364
11603 51638 599155714
8442 54799 462613158
56833 6408 364185864
25596 37645 963561420
16339 46902 766331778
35966 27275 980972650
46150 17091 788749650
31014 32227 999488178
39121 24120 943598520
54126 9115 493358490
16892 46349 782927308
19876 43365 861922740
41558 21683 901102114
7597 55644 422727468
29453 33788 995157964
37040 26201 970485040
36329 26912 977686048
31248 31993 999717264
14288 48953 699440464
55081 8160 449460960
16274 46967 764340958
35836 27405 982085580
5164 58077 299909628
50033 13208 660835864
6083 57158 347692114
44372 18869 837255268
33199 30042 997364358
39830 23411 932460130
53455 9786 523110630
63027 214 13487778
11418 51823 591715014
10560 52681 556311360
1205 62036 74753380
32303 30938 999390214
21821 41420 903825820
15340 47901 734801340
29061 34180 993304980
61313 1928 118211464
43677 19564 854496828
53283 9958 530592114
45345 17896 811494120
7978 55263 440888214
8110 55131 447112410
22224 41017 911561808
52782 10459 552046938
12534 50707 635561538
54712 8529 466638648
39245 23996 941723020
16080 47161 758348880
40240 23001 925560240
36397 26844 977041068
40776 22465 916032840
57779 5462 315588898
5852 57389 335840428
45246 17995 814201770
2951 60290 177915790
10886 52355 569936530
21147 42094 890161818
46389 16852 781747428
18613 44628 830660964
44872 18369 824253768
59903 3338 199956214
62596 645 40374420
47429 15812 749947348
25330 37911 960285630
6864 56377 386971728
31491 31750 999839250
18063 45178 816050214
41904 21337 894105648
19917 43324 862884108
30530 32711 998666830
25152 38089 958014528
53928 9313 502231464
28037 35204 987014548
10892 52349 570185308
51095 12146 620599870
37755 25486 962223930
20615 42626 878734990
49639 13602 675189678
53932 9309 502052988
34735 28506 990155910
43912 19329 848775048
58250 4991 290725750
51159 12082 618103038
55673 7568 421333264
51283 11958 613242114
24424 38817 948066408
42655 20586 878095830
44303 18938 839010214
8662 54579 472763298
44367 18874 837382758
59399 3842 228210958
7466 55775 416416150
33527 29714 996221278
55459 7782 431581938
47582 15659 745086538
178 63063 11225214
60360 2881 173897160
23646 39595 936263370
7788 55453 431867964
17743 45498 807271014
56048 7193 403153264
41536 21705 901538880
5605 57636 323049780
11160 52081 581223960
33409 29832 996657288
26513 36728 973769464
38550 24691 951838050
51454 11787 606488298
48870 14371 702310770
29090 34151 993452590
14914 48327 720748878
16869 46372 782249268
37919 25322 960184918
57243 5998 343343514
54297 8944 485632368
13462 49779 670124898
9339 53902 503390778
44117 19124 843693508
28456 34785 989841960
36223 27018 978673014
43650 19591 855147150
58502 4739 277240978
17744 45497 807298768
32411 30830 999231130
13017 50224 653765808
26630 36611 974950930
32923 30318 998159514
28639 34602 990966678
60989 2252 137347228
46793 16448 769651264
55954 7287 407736798
15586 47655 742750830
7528 55713 419407464
14436 48805 704548980
49902 13339 665642778
38242 24999 956011758
54507 8734 476064138
39949 23292 930492108
46285 16956 784808460
16995 46246 785950770
8610 54631 470372910
22829 40412 922565548
54082 9159 495337038
13589 49652 674721028
21806 41435 903531610
59982 3259 195481338
61756 1485 91707660
23719 39522 937422318
54379 8862 481906698
21111 42130 889406430
24788 38453 953172964
34866 28375 989322750
11165 52076 581428540
23243 39998 929673514
53126 10115 537369490
11998 51243 614813514
30702 32539 999012378
14503 48738 706847214
18741 44500 833974500
1255 61986 77792430
59998 3243 194573514
16505 46736 771377680
50714 12527 635294278
11804 51437 607162348
52342 10899 570475458
29591 33650 995737150
26327 36914 971834878
26146 37095 969885870
60823 2418 147070014
37051 26190 970365690
9217 54024 497939208
40530 22711 920476830
41413 21828 903962964
38482 24759 952775838
36831 26410 972706710
18159 45082 818644038
50807 12434 631734238
26255 36986 971067430
48948 14293 699613764
23069 40172 926727868
6465 56776 367056840
49456 13785 681750960
40775 22466 916051150
1336 61905 82705080
38680 24561 950019480
60496 2745 166061520
22239 41002 911843478
52666 10575 556942950
52829 10412 550055548
33198 30043 997367514
42662 20579 877941298
10282 52959 544524438
39685 23556 934819860
49402 13839 683674278
31611 31630 999855930
49455 13786 681786630
30083 33158 997492114
44500 18741 833974500
38697 24544 949779168
13482 49759 670850838
34594 28647 991014318
39970 23271 930141870
15003 48238 723714714
44683 18558 829227114
16823 46418 780890014
37960 25281 959666760
19956 43285 863795460
54870 8371 459316770
17615 45626 803701990
26378 36863 972372214
47756 15485 739501660
41993 21248 892267264
59705 3536 211116880
48205 15036 724810380
52831 10410 549970710
58731 4510 264876810
39541 23700 937121700
4523 58718 265581514
41323 21918 905717514
38079 25162 958143798
41435 21806 903531610
44743 18498 827656014
55623 7618 423736014
31277 31964 999738028
41218 22023 907744014
41156 22085 908930260
16549 46692 772705908
6068 57173 346925764
53506 9735 520880910
14391 48850 703000350
12089 51152 618376528
48380 14861 718975180
10334 52907 546740938
46777 16464 770136528
288 62953 18130464
42551 20690 880380190
45916 17325 795494700
9429 53812 507393348
51397 11844 608746068
7006 56235 393982410
12446 50795 632194570
30892 32349 999325308
17875 45366 810917250
62374 867 54078258
18155 45086 818536330
40589 22652 919422028
41144 22097 909158968
16572 46669 773398668
22405 40836 914930580
52383 10858 568774614
19027 44214 841259778
18110 45131 817322410
55762 7479 417043998
42250 20991 886869750
9321 53920 502588320
7158 56083 401442114
4647 58594 272286318
49992 13249 662344008
14600 48641 710158600
32412 30829 999229548
23354 39887 931520998
28985 34256 992910160
41157 22084 908911188
877 62364 54693228
16443 46798 769499514
10143 53098 538573014
11016 52225 575310600
54336 8905 483862080
9042 54199 490067358
37579 25662 964352298
11564 51677 597592828
28333 34908 989048364
20342 42899 872651458
991 62250 61689750
34569 28672 991162368
30343 32898 998224014
22 63219 1390818
28212 35029 988238148
19630 43611 856083930
21599 41642 899425558
50941 12300 626574300
49940 13301 664251940
34747 28494 990081018
5639 57602 324817678
54236 9005 488395180
46539 16702 777294378
23118 40123 927563514
47838 15403 736848714
36880 26361 972193680
10116 53125 537412500
8585 54656 469221760
40996 22245 911956020
17958 45283 813192114
44065 19176 844990440
4107 59134 242863338
44604 18637 831284748
19631 43610 856107910
28211 35030 988231330
55293 7948 439468764
52641 10600 557994600
10040 53201 534138040
3930 59311 233092230
26541 36700 974054700
7424 55817 414385408
60878 2363 143854714
40111 23130 927767430
20362 42879 873102198
26688 36553 975526464
15204 48037 730354548
34324 28917 992547108
35152 28089 987384528
40607 22634 919098838
13409 49832 668197288
16737 46504 778337448
48009 15232 731273088
33342 29899 996892458
50862 12379 629620698
50025 13216 661130400
32435 30806 999192610
9990 53251 531977490
42145 21096 889090920
57552 5689 327413328
29108 34133 993543364
49370 13871 684811270
61118 2123 129753514
19672 43569 857089368
11351 51890 589003390
23756 39485 938005660
57912 5329 308613048
10654 52587 560261898
53301 9940 529811940
10975 52266 573619350
53752 9489 510052728
20102 43139 867180178
49311 13930 686902230
14668 48573 712468764
53863 9378 505127214
11096 52145 578600920
5328 57913 308560464
28419 34822 989606418
22282 40959 912648438
29469 33772 995227068
48341 14900 720280900
41069 22172 910581868
4015 59226 237792390
55121 8120 447582520
60683 2558 155227114
55540 7701 427713540
59360 3881 230376160
54017 9224 498252808
5290 57951 306560790
12724 50517 642778308
8257 54984 454002888
61224 2017 123488808
8967 54274 486674958
17362 45879 796551198
42724 20517 876568308
61611 1630 100425930
4776 58465 279228840
12606 50635 638304810
60188 3053 183753964
43351 19890 862251390
56233 7008 394080864
35555 27686 984375730
34042 29199 993992358
1 0 355747539
1 0 403688847
1 0 105962584
1 0 786976505
1 0 47037648
1 0 375486339
1 0 758651889
1 0 778058396
1 0 738304203
1 0 221992985
1 0 508968278
1 0 125234489
1 0 964505716
1 0 32924955
1 0 858438246
1 0 524641139
1 0 289225478
1 0 287606781
1 0 63577631
1 0 125047171
1 0 226047038
1 0 486274659
1 0 712238591
1 0 36668296
1 0 36114236
1 0 241763966
1 0 304115575
1 0 491111908
1 0 168853318
1 0 707235996
1 0 981456326
1 0 93993701
1 0 12723473
1 0 223418922
1 0 161216474
1 0 39432736
1 0 554032308
1 0 76995144
1 0 642556803
1 0 569330046
1 0 224841074
1 0 76269906
1 0 30608820
1 0 650094293
1 0 91418679
1 0 226753703
1 0 294240128
1 0 48589513
1 0 554864240
1 0 88297410
1 0 325507233
1 0 103344226
1 0 505953894
1 0 998326794
1 0 146519164
1 0 679698090
1 0 83783557
1 0 752833240
1 0 175866163
1 0 313854517
1 0 465290527
1 0 45192551
1 0 713871977
1 0 919010609
1 0 70823204
1 0 837333283
1 0 987554518
1 0 128386331
1 0 826049585
1 0 494535462
1 0 399402670
1 0 48961691
1 0 635234253
1 0 450094957
1 0 909755170
1 0 78385259
1 0 9590399
1 0 987092705
1 0 69876227
1 0 697231298
1 0 618444038
1 0 389546220
1 0 180274795
1 0 952023321
1 0 497162029
1 0 831409481
1 0 178341392
1 0 84783631
1 0 534682457
1 0 624676061
1 0 3860767
1 0 671999676
1 0 531671835
1 0 589429894
1 0 122744753
1 0 447280197
1 0 673742126
1 0 52220052
1 0 207275321
1 0 712857654
1 0 8351212
1 0 453518402
1 0 277154660
1 0 268249
1 0 73180622
1 0 108791096
1 0 33038335
1 0 943008907
1 0 144915859
1 0 723807288
1 0 524132698
1 0 713882107
1 0 860430255
1 0 904408097
1 0 475378236
1 0 624659279
1 0 14049239
1 0 670422053
1 0 616479715
1 0 955557369
1 0 667318
1 0 471734430
1 0 697655590
1 0 303448528
1 0 652214843
1 0 962748413
1 0 50859654
1 0 226738717
1 0 147765384
1 0 684028189
1 0 453445270
1 0 106873070
1 0 239381503
1 0 463731112
1 0 300501778
1 0 103070612
1 0 336153299
1 0 187391102
1 0 842064732
1 0 728896691
1 0 223128150
1 0 523143468
1 0 73308329
1 0 890310417
1 0 586061703
1 0 696733687
1 0 588058780
1 0 64550538
1 0 433418232
1 0 388334205
1 0 800086484
1 0 887605459
1 0 918726212
1 0 875081377
1 0 270868895
1 0 960103223
1 0 655876
1 0 620501202
1 0 938161580
1 0 70624
1 0 642699283
1 0 268762961
1 0 205443772
1 0 763231050
1 0 714111502
1 0 77814719
1 0 495486425
1 0 355470474
1 0 745449444
1 0 880036285
1 0 539562623
1 0 362831738
1 0 28418903
1 0 171731762
1 0 51693616
1 0 343320118
1 0 573639401
1 0 777667314
1 0 797912931
1 0 270461529
1 0 544979972
1 0 731255124
1 0 166212780
1 0 159711738
1 0 22310154
1 0 780496916
1 0 732403883
1 0 954607630
1 0 831694299
1 0 579919621
1 0 150658130
1 0 577780815
1 0 240355523
1 0 355897056
1 0 748862846
1 0 255325591
1 0 974634834
1 0 39341919
1 0 925822667
1 0 52509839
1 0 943834384
1 0 510005599
1 0 681368114
1 0 142093757
1 0 443468973
1 0 248966680
1 0 497769469
1 0 23457338
1 0 34711977
1 0 628909798
1 0 5712980
1 0 634966697
1 0 870816106
1 0 973711781
1 0 578394977
1 0 597287946
1 0 564261079
1 0 903500332
1 0 276939479
1 0 611207958
1 0 767607467
1 0 19568260
1 0 539438486
1 0 856018281
1 0 422379993
1 0 915274342
1 0 221679821
1 0 113473492
1 0 77066007
1 0 594167404
1 0 965923245
1 0 882723049
1 0 3781601
1 0 480846222
1 0 684333822
1 0 706162237
1 0 657261523
1 0 422350930
1 0 621272449
1 0 475883177
1 0 615813642
1 0 176778120
1 0 793914911
1 0 782505743
1 0 377436885
1 0 83990959
1 0 273161203
1 0 431093510
1 0 457970094
1 0 410180236
1 0 709026617
1 0 151794262
1 0 694589324
1 0 415504502
1 0 705030755
1 0 64546919
1 0 987577904
1 0 863370566
1 0 531576651
1 0 210022790
1 0 727582161
1 0 957406370
1 0 113244111
1 0 130202520
1 0 152955965
1 0 271067178
1 0 509241583
1 0 80787075
1 0 997006633
1 0 224725384
1 0 92711961
1 0 580430843
1 0 530597343
1 0 566815385
1 0 942194070
1 0 823703883
1 0 70851925
1 0 523035948
1 0 22126486
1 0 312859298
1 0 46137578
1 0 742097738
1 0 6787917
1 0 464242772
1 0 24209095
1 0 263380996
1 0 830756811
1 0 49727274
1 0 140129600
1 0 128560853
1 0 245897186
1 0 457132606
1 0 438407693
1 0 58394204
1 0 338439728
1 0 193165688
1 0 807696331
1 0 792472819
1 0 610664592
1 0 375827855
1 0 650716451
1 0 751794743
1 0 335537042
1 0 400376473
1 0 123097380
1 0 263023017
1 0 186234766
1 0 538260031
1 0 405356882
1 0 790209343
1 0 967907738
1 0 980890268
1 0 918638458
1 0 295121021
1 0 735111382
1 0 16693089
1 0 162674080
1 0 424850152
1 0 275042554
1 0 678910469
1 0 206680303
1 0 767134501
1 0 367121814
1 0 17557528
1 0 754565120
1 0 368791659
1 0 643658255
1 0 203109631
1 0 828077719
1 0 796632467
1 0 21695881
1 0 654049639
1 0 286846093
1 0 387613789
1 0 756642768
1 0 812544933
1 0 860974097
1 0 356238140
1 0 590106671
1 0 853090959
1 0 886595244
1 0 772177353
1 0 276597250
1 0 650099269
1 0 178550341
1 0 372896774
1 0 965089997
1 0 89648888
1 0 958362556
1 0 518857441
1 0 248819640
1 0 530844747
1 0 616114514
1 0 42922352
1 0 965911260
1 0 255925681
1 0 822928634
1 0 940309060
1 0 855906371
1 0 56717205
1 0 889656419
1 0 87219286
1 0 161593097
1 0 811715211
1 0 359163556
1 0 539993682
1 0 514491379
1 0 570293285
1 0 662954021
1 0 41859783
1 0 361745301
1 0 38920841
1 0 30921202
1 0 136716171
1 0 422154584
1 0 626316989
1 0 180596411
1 0 871590123
1 0 595437155
1 0 314661514
1 0 866394339
1 0 267616612
1 0 778009977
1 0 216524316
1 0 303641887
1 0 922345631
1 0 113718619
1 0 555093827
1 0 793012727
1 0 883983747
1 0 442792430
1 0 379494666
1 0 928869716
1 0 965578350
1 0 786906476
1 0 183940287
1 0 134895060
1 0 739219237
1 0 141983148
1 0 58901740
1 0 919160356
1 0 816044927
1 0 795030196
1 0 30035149
1 0 915465104
1 0 655726586
1 0 129352336
1 0 834162728
1 0 991338746
1 0 435045276
1 0 932497294
1 0 136578741
1 0 923058814
1 0 685330095
1 0 684057884
1 0 215699702
1 0 577995559
1 0 488613568
1 0 255399736
1 0 666101383
1 0 285183965
1 0 234155079
1 0 62081926
1 0 325274706
1 0 720575237
1 0 536698598
1 0 84338250
1 0 425497589
1 0 254108021
1 0 777471732
1 0 560092224
1 0 246416850
1 0 877432416
1 0 216146243
1 0 106195487
1 0 8729698
1 0 909108299
1 0 658432105
1 0 16235289
1 0 582159953
1 0 596543147
1 0 94915762
1 0 497168594
1 0 540794814
1 0 336273740
1 0 541958873
1 0 16470685
1 0 886970100
1 0 375922493
1 0 731767958
1 0 690396673
1 0 726013784
1 0 688415138
1 0 128244254
1 0 73185406
1 0 146493657
1 0 681779111
1 0 55642654
1 0 466855475
1 0 782740674
1 0 767220367
1 0 552011532
1 0 113075271
1 0 530110506
1 0 99647032
1 0 823632097
1 0 707408825
1 0 94581383
1 0 491640827
1 0 805507094
1 0 785746197
1 0 87071138
1 0 45926523
1 0 351505719
1 0 591667614
1 0 20943917
1 0 311462292
1 0 847611738
1 0 716969787
1 0 618568032
1 0 344633412
1 0 459176877
1 0 549395066
1 0 300382552
1 0 629100250
1 0 458378479
1 0 910406750
1 0 439920812
1 0 393196115
1 0 26664327
1 0 778189276
1 0 48784414
1 0 620563694
1 0 71738188
1 0 126634748
1 0 6666653
1 0 837539053
1 0 375826750
1 0 872118143
1 0 280486366
1 0 487131653
1 0 621097544
1 0 136830815
1 0 58904380
1 0 704961240
1 0 367407011
1 0 133176952
1 0 130351142
1 0 17620282
1 0 796306832
1 0 892395551
1 0 320555896
1 0 121333367
1 0 969385076
1 0 77624653
1 0 199702607
1 0 841252640
1 0 814811062
1 0 586851213
1 0 360626738
1 0 664316854
1 0 479995674
1 0 849257879
1 0 108783509
1 0 812436147
1 0 863649545
1 0 413096530
1 0 139799006
1 0 733104439
1 0 232914112
1 0 64088229
1 0 375485400
1 0 958449575
1 0 588457029
1 0 769044609
1 0 689629594
1 0 382150220
1 0 83371622
1 0 485004789
1 0 98286262
1 0 949761824
1 0 707305338
1 0 998657600
1 0 602320956
1 0 513837483
1 0 395007484
1 0 120368139
1 0 40815638
1 0 665822051
1 0 329151207
1 0 430872786
1 0 720744476
1 0 893438774
1 0 44431107
1 0 701303934
1 0 528400851
1 0 662202232
1 0 718956817
1 0 640359589
1 0 97654575
1 0 9029193
1 0 437155490
1 0 968187648
1 0 913247752
1 0 107243796
1 0 921392712
1 0 113696113
1 0 203655941
1 0 151285991
1 0 90611154
1 0 948353473
1 0 356172037
1 0 559750898
1 0 123931889
1 0 248922980
1 0 206823912
1 0 419281229
1 0 92382210
1 0 974466883
1 0 873994929
1 0 953061626
1 0 177376317
1 0 142557533
1 0 778925330
1 0 334152011
1 0 146433451
1 0 341064841
1 0 745577542
1 0 282767046
1 0 953442578
1 0 796128601
1 0 642158552
1 0 509278597
1 0 307911411
1 0 445203429
1 0 123005215
1 0 682326685
1 0 170055498
1 0 681413792
1 0 118727744
1 0 523550016
1 0 150587640
1 0 472799387
1 0 617946948
1 0 470707319
1 0 139772812
1 0 436688721
1 0 187278454
1 0 221504830
1 0 282229151
1 0 382128910
1 0 770006018
1 0 705615900
1 0 594372518
1 0 594075048
1 0 107628199
1 0 683294161
1 0 834756273
1 0 6897375
1 0 616692686
1 0 729125452
1 0 449473318
1 0 243429566
1 0 111781492
1 0 984457989
1 0 984159008
1 0 504277715
1 0 136075199
1 0 399259247
1 0 301956011
1 0 148580684
1 0 110959360
1 0 372832754
1 0 693001098
1 0 103451559
1 0 562367527
1 0 918675634
1 0 850907536
1 0 501108969
1 0 479555948
1 0 61732377
1 0 557186562
1 0 922912687
1 0 480936411
1 0 128742183
1 0 168022581
1 0 44992984
1 0 814230416
1 0 929730279
1 0 502588572
1 0 521958002
1 0 570791553
1 0 76796945
1 0 307771540
1 0 89420822
1 0 768505578
1 0 956075149
1 0 422195995
1 0 723986606
1 0 906192474
1 0 538541180
1 0 687600712
1 0 58229701
1 0 706392608
1 0 714095347
1 0 578690874
1 0 126453632
1 0 234236042
1 0 423697869
1 0 486189197
1 0 34367775
1 0 516788243
1 0 432903267
1 0 574463465
1 0 842116645
1 0 567167718
1 0 112420052
1 0 669224694
1 0 609115911
1 0 863642438
1 0 437114835
1 0 116813663
1 0 444332092
1 0 619335397
1 0 893057288
1 0 233665004
1 0 212735721
1 0 770384340
1 0 689437486
1 0 507561566
1 0 383052802
1 0 617244660
1 0 182014067
1 0 518638959
1 0 514603009
1 0 819373940
1 0 529647414
1 0 367802664
1 0 287237309
1 0 694525819
1 0 92662656
1 0 812752365
1 0 531160423
1 0 803553718
1 0 633017215
1 0 457184744
1 0 238360922
1 0 364059223
1 0 65931463
1 0 64021320
1 0 117495932
1 0 237285021
1 0 672099216
1 0 473639204
1 0 592225747
1 0 844663827
1 0 801388551
1 0 695319484
1 0 93069250
1 0 405663235
1 0 515021192
1 0 447189187
1 0 642310087
1 0 26273455
1 0 546462945
1 0 993808728
1 0 678722740
1 0 163618576
1 0 836181435
1 0 162674834
1 0 510455508
1 0 670844641
1 0 517271206
1 0 496909385
1 0 570070032
1 0 893975978
1 0 470453303
1 0 543506042
1 0 4929927
1 0 526037646
1 0 217623329
1 0 67868103
1 0 603456475
1 0 99684378
1 0 573777164
1 0 425594148
1 0 122214226
1 0 101109436
1 0 315119267
1 0 954858593
1 0 205624146
1 0 675313228
1 0 895032440
1 0 493873545
1 0 346147824
1 0 156387945
1 0 244790269
1 0 460117223
1 0 13291783
1 0 992917359
1 0 674677166
1 0 376334325
1 0 367466649
1 0 141409529
1 0 927978935
1 0 272807919
1 0 650135398
1 0 514713236
1 0 871973122
1 0 150162911
1 0 733530676
1 0 634408452
1 0 235839608
1 0 531600393
1 0 506843629
1 0 836200339
1 0 648061964
1 0 830928540
1 0 542494778
1 0 403147233
1 0 921122544
1 0 161625851
1 0 329109004
1 0 968942134
1 0 389958572
1 0 124235776
1 0 278172253
1 0 806842897
1 0 705686257
1 0 763143252
1 0 567993747
1 0 99083386
1 0 516910960
1 0 936617028
1 0 607382699
1 0 87428508
1 0 720752118
1 0 804795891
1 0 925393447
1 0 955975952
1 0 597875774
1 0 143873972
1 0 543888661
1 0 242576240
1 0 141676512
1 0 167137509
1 0 162612140
1 0 630758675
1 0 901265525
1 0 443961543
1 0 464689021
1 0 889669820
1 0 780444411
1 0 940334965
1 0 173236440
1 0 726222581
1 0 681555350
1 0 499676593
1 0 820813423
1 0 180051634
1 0 453005030
1 0 377192899
1 0 465926390
1 0 147656623
1 0 132876335
1 0 728356491
1 0 123008218
1 0 635522848
1 0 17524727
1 0 314323191
1 0 177201435
1 0 666906086
1 0 763158678
1 0 936717148
1 0 613868217
1 0 251494741
1 0 316474277
1 0 535006770
1 0 341671919
1 0 854625286
1 0 126797912
1 0 72113611
1 0 906040794
1 0 710807816
1 0 136010624
1 0 671875745
1 0 918193133
1 0 24485196
1 0 357880864
1 0 970356617
1 0 783003831
1 0 891138681
1 0 555571702
1 0 586911480
1 0 813841548
1 0 224308228
1 0 729551249
1 0 747994648
1 0 709091002
1 0 116706620
1 0 188966176
1 0 863346390
1 0 127364198
1 0 493543825
1 0 406582988
1 0 162026847
1 0 538268152
1 0 994097632
1 0 36860035
1 0 843599828
1 0 727578584
1 0 496373749
1 0 69362600
1 0 797754580
1 0 408203565
1 0 181104286
1 0 703043566
1 0 556845403
1 0 489831319
1 0 873201882
1 0 366806022
1 0 791033831
1 0 793426962
1 0 703946733
1 0 71173280
1 0 533504934
1 0 320487322
1 0 960914401
1 0 979279784
1 0 725852582
1 0 525646534
1 0 837169443
1 0 656440248
1 0 616646921
1 0 149436779
1 0 895202227
1 0 377593885
1 0 126349680
1 0 176400226
1 0 853824198
1 0 82875679
1 0 751358075
1 0 269724167
1 0 498245628
1 0 28490514
1 0 341520004
1 0 983571430
1 0 487859852
1 0 277736999
1 0 638799599
1 0 446871929
1 0 648449284
1 0 72754237
1 0 848003014
1 0 457611730
1 0 349244321
1 0 941672696
1 0 796366763
1 0 370423929
1 0 165433518
1 0 371226954
1 0 953051491
1 0 538159323
1 0 847326415
1 0 397934469
1 0 948102804
1 0 872644193
1 0 521788564
1 0 223867406
1 0 47069245
1 0 776651495
1 0 74482898
1 0 201948667
1 0 487270111
1 0 17978404
1 0 971287039
1 0 12173505
1 0 596520095
1 0 70282577
1 0 71261854
1 0 782488877
1 0 18056148
1 0 468433099
1 0 305564204
1 0 614668996
1 0 78812346
1 0 601463367
1 0 667193739
1 0 729177609
1 0 80817334
1 0 659683833
1 0 841394076
1 0 681475607
1 0 74706518
1 0 586793385
1 0 777524287
1 0 870365734
1 0 729448036
1 0 40457853
1 0 736132043
1 0 240162041
1 0 751480044
1 0 673272337
1 0 350070147
1 0 425653987
1 0 854638664
1 0 335508207
1 0 609711510
1 0 691495967
1 0 326291056
1 0 535419104
1 0 352604319
1 0 751912131
1 0 449616376
1 0 822097300
1 0 300013185
1 0 853209161
1 0 608917454
1 0 322683366
1 0 781447797
1 0 242391436
1 0 833675173
1 0 889668257
1 0 299916162
1 0 832837415
1 0 711969929
1 0 582538914
1 0 479074061
1 0 851659307
1 0 126821030
1 0 114438858
1 0 441048653
1 0 330843797
1 0 199162222
1 0 861470061
1 0 254380868
1 0 321729185
1 0 386793845
1 0 236475428
1 0 645078019
1 0 165433578
1 0 290085714
1 0 126654900
1 0 934939889
1 0 550366566
1 0 209619871
1 0 193627839
1 0 337486147
1 0 700634632
1 0 30515152
1 0 369774742
1 0 370998895
1 0 77984766
1 0 607934074
1 0 297019099
1 0 383773038
1 0 315092746
1 0 62941521
1 0 148051232
1 0 977610911
1 0 764675034
1 0 215739574
1 0 837899307
1 0 187807214
1 0 942390444
1 0 805671336
1 0 208251090
1 0 708701817
1 0 786979323
1 0 600696051
1 0 274680690
1 0 398967452
1 0 363360545
1 0 736553787
1 0 312306737
1 0 209829576
1 0 753911833
1 0 887800997
1 0 683827577
1 0 835377783
1 0 146446929
1 0 643415911
1 0 522752055
1 0 493450228
1 0 373786324
1 0 246246153
1 0 931131720
1 0 90756803
1 0 959638932
1 0 805904043
1 0 393991641
1 0 53960144
1 0 146335475
1 0 444747318
1 0 869885704
1 0 161413777
1 0 626206924
1 0 76063357
1 0 861980120
1 0 163723062
1 0 516176216
1 0 736749811
1 0 907699173
1 0 594316553
1 0 359849909
1 0 844316478
1 0 120986921
1 0 754261376
1 0 692554116
1 0 802518152
1 0 184166499
1 0 136321510
1 0 621277969
1 0 664365107
1 0 486931156
1 0 571540886
1 0 90573736
1 0 155448012
1 0 840830016
1 0 423160071
1 0 855017867
1 0 807037827
1 0 18269525
1 0 948359888
1 0 465340601
1 0 125779814
1 0 567326321
1 0 312396876
1 0 327002544
1 0 524378731
1 0 657366504
1 0 669557425
1 0 109243020
1 0 303762206
1 0 427286356
1 0 855785666
1 0 846915180
1 0 963341715
1 0 781671753
1 0 576008346
1 0 367612347
1 0 749035807
1 0 816405838
1 0 828575662
1 0 743227370
1 0 662374787
1 0 153906715
1 0 853566818
1 0 9454003
1 0 770771828
1 0 589284007
1 0 424077286
1 0 994413691
1 0 153900244
1 0 4153308
1 0 728130503
1 0 136729455
1 0 11737027
1 0 243631697
1 0 801576380
1 0 45783434
1 0 92485645
1 0 648399732
1 0 20388941
1 0 808414192
1 0 652143150
1 0 270234615
1 0 686413738
1 0 168672141
1 0 745766455
1 0 422738925
1 0 397107456
1 0 656095972
1 0 365120026
1 0 101673524
1 0 739103088
1 0 483163925
1 0 904696165
1 0 630157549
1 0 494450097
1 0 716245876
1 0 688786293
1 0 75330036
1 0 956161502
1 0 68030366
1 0 269343979
1 0 880857620
1 0 50237671
1 0 780328623
1 0 141713966
1 0 434570455
1 0 587008163
1 0 564922140
1 0 901814391
1 0 269305786
1 0 338684135
1 0 247890440
1 0 677064858
1 0 107703163
1 0 272255359
1 0 40187022
1 0 519019172
1 0 913083478
1 0 15547292
1 0 689647245
1 0 280446954
1 0 38078313
1 0 746984786
1 0 211675797
1 0 355629199
1 0 750096369
1 0 319049598
1 0 426816466
1 0 26239991
1 0 481857168
1 0 562769511
1 0 545127392
1 0 637890
1 0 208594584
1 0 4139325
1 0 173446440
1 0 727492234
1 0 4557748
1 0 372074264
1 0 975792549
1 0 697215128
1 0 274533150
1 0 281424785
1 0 864895534
1 0 88385598
1 0 311192830
1 0 573829598
1 0 437976498
1 0 19563797
1 0 443169022
1 0 397329263
1 0 13322105
1 0 533172920
1 0 451814870
1 0 86629750
1 0 485467000
1 0 858529043
1 0 505142309
1 0 461349766
1 0 152651308
1 0 569306899
1 0 53406827
1 0 25197064
1 0 422636689
1 0 137954407
1 0 920980336
1 0 187453877
1 0 512621520
1 0 657214999
1 0 330906686
1 0 97076515
1 0 232722333
1 0 576373836
1 0 948075738
1 0 107902486
1 0 292491672
1 0 417087536
1 0 377894938
1 0 689798176
1 0 339561814
1 0 371370042
1 0 68068957
1 0 899877297
1 0 131967070
1 0 250159573
1 0 153453398
1 0 131763795
1 0 155357998
1 0 124040374
1 0 450893938
1 0 56677134
1 0 466701302
1 0 941800461
1 0 621081974
1 0 497644220
1 0 164383924
1 0 73702292
1 0 280354534
1 0 665659712
1 0 383188237
1 0 580228065
1 0 115571725
1 0 775333719
1 0 125162195
1 0 226879811
1 0 688866010
1 0 24474448
1 0 462354319
1 0 705196256
1 0 450389899
1 0 896596434
1 0 924371091
1 0 847226706
1 0 796394667
1 0 174596286
1 0 133738407
1 0 421257245
1 0 171848915
1 0 520239855
1 0 653514114
1 0 725583596
1 0 883192963
1 0 202980140
1 0 568849307
1 0 134016279
1 0 963533225
1 0 634013030
1 0 853427792
1 0 650178997
1 0 551675210
1 0 386954421
1 0 432115986
1 0 787240101
1 0 709835334
1 0 900976012
1 0 907115974
1 0 558245924
1 0 81650357
1 0 693405275
1 0 374435165
1 0 522255223
1 0 710550621
1 0 930905410
1 0 342540694
1 0 771349929
1 0 258376043
1 0 432145874
1 0 819032368
1 0 146973283
1 0 231898636
1 0 744733503
1 0 379541607
1 0 634356252
1 0 769238196
1 0 964207981
1 0 7699434
1 0 334158103
1 0 347764162
1 0 839777525
1 0 551180625
1 0 437037112
1 0 621948157
1 0 205081401
1 0 793601666
1 0 822364580
1 0 252520331
1 0 17031264
1 0 722593864
1 0 945770256
1 0 684181748
1 0 488021774
1 0 101474146
1 0 115163942
1 0 792276095
1 0 992059516
1 0 271101625
1 0 858046092
1 0 3312319
1 0 186546660
1 0 267698530
1 0 674930639
1 0 428525676
1 0 4797152
1 0 48382124
1 0 347984305
1 0 565578350
1 0 129477758
1 0 363218660
1 0 821323508
1 0 904615871
1 0 203984179
1 0 800028708
1 0 68767279
1 0 830190469
1 0 305287716
1 0 116741532
1 0 618107860
1 0 377212963
1 0 548903101
1 0 425988773
1 0 10675311
1 0 585409837
1 0 216168675
1 0 89827474
1 0 956639605
1 0 555907911
1 0 22677194
1 0 927686760
1 0 864310351
1 0 51791117
1 0 708282580
1 0 854849127
1 0 566316210
1 0 654328157
1 0 362689881
1 0 864623069
1 0 776916758
1 0 218550966
1 0 103694107
1 0 883093969
1 0 302821785
1 0 925990201
1 0 499971205
1 0 269459806
1 0 169103246
1 0 386395976
1 0 342299925
1 0 908808970
1 0 178339898
1 0 876351798
1 0 495970411
1 0 766911324
1 0 896040477
1 0 118488955
1 0 293840730
1 0 765101001
1 0 145617510
1 0 774677848
1 0 102317219
1 0 9870271
1 0 70421281
1 0 1322643
1 0 342544056
1 0 321337341
1 0 325785093
1 0 61913734
1 0 643696710
1 0 799675378
1 0 666803701
1 0 244504476
1 0 772263610
1 0 262339652
1 0 258245735
1 0 415986187
1 0 786187858
1 0 484499771
1 0 527155411
1 0 121846698
1 0 248470379
1 0 95616125
1 0 493389531
1 0 101043681
1 0 691387623
1 0 381856133
1 0 671399745
1 0 23868460
1 0 340998790
1 0 66577180
1 0 28258316
1 0 959807479
1 0 760936178
1 0 376088018
1 0 782646016
1 0 862823760
1 0 941118755
1 0 310404572
1 0 968486098
1 0 276627232
1 0 17200017
1 0 723097749
1 0 137360326
1 0 837295822
1 0 885690674
1 0 77603641
1 0 238952721
1 0 433427869
1 0 39267426
1 0 993013193
1 0 159966955
1 0 558062541
1 0 519309544
1 0 240626701
1 0 132431720
1 0 852702067
1 0 28253650
1 0 690747852
1 0 27798730
1 0 349005796
1 0 136949380
1 0 532471100
1 0 21569613
1 0 80823705
1 0 627931209
1 0 882750481
1 0 634706557
1 0 741500227
1 0 14312841
1 0 199360799
1 0 204413566
1 0 1409002
1 0 332895386
1 0 103313897
1 0 72716880
1 0 126699874
1 0 583961835
1 0 438084714
1 0 477586295
1 0 666368488
1 0 445261670
1 0 745932021
1 0 694964697
1 0 939017032
1 0 27108233
1 0 708538451
1 0 42957049
1 0 169221721
1 0 254620660
1 0 589062905
1 0 429888016
1 0 242036505
1 0 374933753
1 0 619381301
1 0 51545990
1 0 810553905
1 0 539901463
1 0 281808592
1 0 601467230
1 0 944143698
1 0 64236160
1 0 860097264
1 0 215145955
1 0 188078350
1 0 6887307
1 0 649620507
1 0 345420386
1 0 450625176
1 0 424294583
1 0 425390539
1 0 60788970
1 0 677680939
1 0 349979426
1 0 688072946
1 0 885347860
1 0 580022121
1 0 989931498
0 1 979289664
0 1 73420996
0 1 282731293
0 1 877342757
0 1 298947399
0 1 523143027
0 1 506672377
0 1 199453016
0 1 66748477
0 1 938704820
0 1 192937942
0 1 93513042
0 1 949338511
0 1 586098352
0 1 457419462
0 1 214185785
0 1 928329986
0 1 247704414
0 1 927099639
0 1 110615280
0 1 353049862
0 1 837215280
0 1 116849407
0 1 450542794
0 1 111177633
0 1 545082514
0 1 366998455
0 1 121137643
0 1 524036864
0 1 27291564
0 1 84393487
0 1 123198156
0 1 381600483
0 1 76301104
0 1 200982446
0 1 387263512
0 1 525707396
0 1 118787252
0 1 113663441
0 1 678671040
0 1 811094013
0 1 528956650
0 1 567381815
0 1 199462139
0 1 209846641
0 1 925391357
0 1 320747405
0 1 159479953
0 1 124524787
0 1 716080714
0 1 127730146
0 1 879539542
0 1 32855723
0 1 1027050
0 1 420173192
0 1 223876590
0 1 755967996
0 1 114392378
0 1 255443886
0 1 267284842
0 1 393124572
0 1 759530656
0 1 93782064
0 1 121252569
0 1 7308019
0 1 396330437
0 1 793193862
0 1 493508412
0 1 126713125
0 1 972568749
0 1 26749904
0 1 335702579
0 1 801794932
0 1 811100416
0 1 616465826
0 1 227562049
0 1 123577810
0 1 575978728
0 1 758619667
0 1 140699431
0 1 534564581
0 1 458514908
0 1 517932552
0 1 6324380
0 1 299075135
0 1 896564699
0 1 880371173
0 1 813575645
0 1 534878588
0 1 444437627
0 1 555577672
0 1 13451166
0 1 511608734
0 1 454064414
0 1 139177544
0 1 593705143
0 1 836826417
0 1 854016921
0 1 856759725
0 1 704437351
0 1 544267135
0 1 186692604
0 1 538302033
0 1 811837117
0 1 477460663
0 1 77041389
0 1 780790773
0 1 417226522
0 1 384955153
0 1 120176964
0 1 23603837
0 1 50391176
0 1 766102159
0 1 67705576
0 1 469782103
0 1 483729449
0 1 78177682
0 1 143720251
0 1 670690303
0 1 542176689
0 1 64348465
0 1 33705653
0 1 267259689
0 1 842571449
0 1 27255816
0 1 176347541
0 1 529146873
0 1 763806261
0 1 983663166
0 1 623143621
0 1 161203821
0 1 320010861
0 1 777295123
0 1 708377570
0 1 271804833
0 1 301169096
0 1 574805042
0 1 33808889
0 1 343355982
0 1 346795927
0 1 544161456
0 1 126504156
0 1 602398537
0 1 73590066
0 1 426854959
0 1 892023325
0 1 803606757
0 1 679956635
0 1 528281651
0 1 586436363
0 1 491404817
0 1 988756135
0 1 927512913
0 1 613307296
0 1 456494420
0 1 493997046
0 1 335763043
0 1 926480558
0 1 363327972
0 1 376739635
0 1 549320663
0 1 83274415
0 1 333313499
0 1 638862004
0 1 4081607
0 1 366714339
0 1 965420179
0 1 266728989
0 1 83068203
0 1 16318340
0 1 840139508
0 1 392734852
0 1 835849292
0 1 966580483
0 1 24318738
0 1 694392899
0 1 464599431
0 1 779083173
0 1 540898364
0 1 364540785
0 1 348276249
0 1 892982749
0 1 86725599
0 1 911662224
0 1 39748023
0 1 561872778
0 1 143328654
0 1 760822786
0 1 126339392
0 1 883387915
0 1 923239739
0 1 724297531
0 1 207964481
0 1 38268454
0 1 626358585
0 1 146359170
0 1 986580716
0 1 140847614
0 1 51570009
0 1 948132821
0 1 685523107
0 1 528754619
0 1 317129581
0 1 513062413
0 1 722013378
0 1 446643455
0 1 826747495
0 1 738124992
0 1 379354394
0 1 636091175
0 1 884235390
0 1 980347814
0 1 526824968
0 1 649155125
0 1 878737972
0 1 374745713
0 1 959809898
0 1 98145545
0 1 45594089
0 1 572924805
0 1 860174639
0 1 117893288
0 1 43025599
0 1 426666815
0 1 484928079
0 1 280609325
0 1 550241039
0 1 92495927
0 1 87185273
0 1 507977336
0 1 43971703
0 1 382700676
0 1 638739733
0 1 133237432
0 1 944570532
0 1 304457641
0 1 725730498
0 1 49216362
0 1 130885563
0 1 43652442
0 1 243673872
0 1 837493464
0 1 290251612
0 1 723497271
0 1 229189500
0 1 195876482
0 1 819230361
0 1 276942804
0 1 911939732
0 1 994820269
0 1 116342474
0 1 366288140
0 1 574145192
0 1 168378125
0 1 743904032
0 1 173360750
0 1 241325039
0 1 634009167
0 1 498392661
0 1 909013536
0 1 294013750
0 1 743364
0 1 388499881
0 1 423730557
0 1 540382757
0 1 861982582
0 1 422861441
0 1 56347259
0 1 348807929
0 1 554553741
0 1 289272303
0 1 80289865
0 1 443801409
0 1 62173994
0 1 776838175
0 1 522292584
0 1 633626605
0 1 36612388
0 1 653238469
0 1 27598804
0 1 583926476
0 1 407895513
0 1 822884813
0 1 856310903
0 1 541484508
0 1 116921056
0 1 843811839
0 1 213870506
0 1 616542659
0 1 934840022
0 1 804781088
0 1 169265464
0 1 832684907
0 1 313050532
0 1 371253502
0 1 384577306
0 1 935263426
0 1 667000600
0 1 109231943
0 1 634873687
0 1 639208851
0 1 333989614
0 1 654038369
0 1 328182994
0 1 528937326
0 1 368994567
0 1 572671975
0 1 624642459
0 1 596654235
0 1 743796610
0 1 983375031
0 1 628120421
0 1 625879439
0 1 381819402
0 1 670948877
0 1 238344185
0 1 621004184
0 1 350727475
0 1 825226625
0 1 398139934
0 1 941933486
0 1 392915069
0 1 157910884
0 1 772478696
0 1 660283224
0 1 574989210
0 1 202198279
0 1 414813065
0 1 350747004
0 1 415705453
0 1 665841908
0 1 36886314
0 1 78899791
0 1 414404999
0 1 66524258
0 1 963323071
0 1 432195787
0 1 80612263
0 1 226312020
0 1 197188143
0 1 74398970
0 1 382769852
0 1 975286984
0 1 104674969
0 1 299248089
0 1 52762574
0 1 26946413
0 1 104452442
0 1 329779029
0 1 567521676
0 1 183918727
0 1 109793737
0 1 739599239
0 1 58737537
0 1 896013311
0 1 705022856
0 1 28103034
0 1 99525884
0 1 590408330
0 1 34456712
0 1 282130331
0 1 707262768
0 1 29384527
0 1 119955653
0 1 330572652
0 1 607983196
0 1 70838429
0 1 983122245
0 1 613215637
0 1 481381633
0 1 150301816
0 1 37190287
0 1 979229902
0 1 739343925
0 1 45949728
0 1 164327355
0 1 566052628
0 1 342189508
0 1 683305334
0 1 807117063
0 1 854655196
0 1 233402070
0 1 837909897
0 1 440963998
0 1 110900451
0 1 517903540
0 1 961266473
0 1 144639821
0 1 544326350
0 1 215167311
0 1 362817088
0 1 623388841
0 1 103601141
0 1 376823223
0 1 280239864
0 1 505817167
0 1 451556899
0 1 765421389
0 1 955743553
0 1 298141387
0 1 981247371
0 1 32878975
0 1 371138754
0 1 440559275
0 1 914018896
0 1 210773886
0 1 887737604
0 1 58222053
0 1 799741078
0 1 630761574
0 1 471501915
0 1 919908706
0 1 875797978
0 1 917558315
0 1 744231835
0 1 455734592
0 1 31744630
0 1 225542107
0 1 518648717
0 1 23381193
0 1 174344321
0 1 414536301
0 1 68317807
0 1 905937024
0 1 760319983
0 1 505588883
0 1 525793691
0 1 7397065
0 1 963344037
0 1 938165905
0 1 993171434
0 1 138087783
0 1 735030418
0 1 985348505
0 1 734763978
0 1 243895804
0 1 95401129
0 1 823706577
0 1 983706812
0 1 589326878
0 1 118858551
0 1 680881397
0 1 372929703
0 1 751276616
0 1 170782898
0 1 896365965
0 1 788375723
0 1 893903101
0 1 955632695
0 1 482117980
0 1 593014008
0 1 452021325
0 1 236962242
0 1 557166779
0 1 710404208
0 1 522244905
0 1 93925771
0 1 31464058
0 1 596437469
0 1 803129215
0 1 324699547
0 1 783691052
0 1 291497985
0 1 341514116
0 1 114394816
0 1 790043706
0 1 402162233
0 1 248340315
0 1 75341989
0 1 564826233
0 1 952000751
0 1 320041661
0 1 142713793
0 1 365298350
0 1 134246393
0 1 211404333
0 1 572955450
0 1 277053915
0 1 230238596
0 1 816616819
0 1 294716481
0 1 52042237
0 1 553758260
0 1 41035894
0 1 105889646
0 1 267362799
0 1 397965970
0 1 808849625
0 1 791426531
0 1 984863729
0 1 47608244
0 1 942167921
0 1 896396152
0 1 190049833
0 1 690306220
0 1 323784513
0 1 465843530
0 1 386934120
0 1 528725655
0 1 353734745
0 1 738864845
0 1 250054755
0 1 61018357
0 1 530026930
0 1 85568707
0 1 335666869
0 1 268707778
0 1 606256998
0 1 202089330
0 1 144255031
0 1 655489837
0 1 582450956
0 1 696382646
0 1 845967862
0 1 102387794
0 1 564756307
0 1 673316504
0 1 978083455
0 1 726231795
0 1 144328805
0 1 580550101
0 1 650010158
0 1 610346816
0 1 866878162
0 1 905090341
0 1 557348050
0 1 184205441
0 1 386946249
0 1 961700435
0 1 810729093
0 1 285133071
0 1 757857221
0 1 42812814
0 1 545300788
0 1 949083767
0 1 433361464
0 1 22141620
0 1 231408100
0 1 44671483
0 1 149957288
0 1 814452159
0 1 215374706
0 1 699620696
0 1 584278391
0 1 835235068
0 1 430442065
0 1 623009236
0 1 931334067
0 1 629272667
0 1 434866660
0 1 18780801
0 1 813023007
0 1 656632451
0 1 378443563
0 1 995233721
0 1 503582111
0 1 88222541
0 1 513376184
0 1 321277773
0 1 6713425
0 1 345178412
0 1 981913685
0 1 477971128
0 1 634009699
0 1 94915311
0 1 390632934
0 1 642137188
0 1 859651239
0 1 100603400
0 1 852589926
0 1 619012005
0 1 610555705
0 1 75128854
0 1 200110487
0 1 74102817
0 1 110468525
0 1 496495754
0 1 239985229
0 1 858146314
0 1 934227031
0 1 647903993
0 1 919274091
0 1 381032259
0 1 293843525
0 1 869536484
0 1 282505485
0 1 355121840
0 1 900815739
0 1 722025784
0 1 531690026
0 1 12782843
0 1 67926182
0 1 587057114
0 1 336261832
0 1 34422692
0 1 250781407
0 1 300381533
0 1 824884219
0 1 801497180
0 1 15565803
0 1 117677547
0 1 864614857
0 1 896165183
0 1 755566433
0 1 423905878
0 1 119352272
0 1 634447716
0 1 945967319
0 1 347706217
0 1 519224611
0 1 405234367
0 1 916971947
0 1 940061516
0 1 239546044
0 1 565616614
0 1 117625064
0 1 110732192
0 1 8609900
0 1 305219573
0 1 330121046
0 1 756465498
0 1 165814173
0 1 636751772
0 1 464934396
0 1 246526996
0 1 219103251
0 1 606681378
0 1 62409967
0 1 582964069
0 1 993334295
0 1 262100562
0 1 684391197
0 1 798231985
0 1 232246481
0 1 162210136
0 1 832577011
0 1 11840845
0 1 14621552
0 1 815205381
0 1 338083311
0 1 316231308
0 1 418526444
0 1 545778113
0 1 174688286
0 1 782892422
0 1 129839219
0 1 131498293
0 1 270342091
0 1 359747866
0 1 885698190
0 1 64956100
0 1 293149988
0 1 421699089
0 1 430422267
0 1 639843841
0 1 3669551
0 1 178208492
0 1 731504188
0 1 903132406
0 1 705245141
0 1 926731408
0 1 436050517
0 1 354347480
0 1 840476332
0 1 208981180
0 1 88569701
0 1 149482427
0 1 55766930
0 1 542007582
0 1 513118691
0 1 254694775
0 1 990442925
0 1 938984238
0 1 9406225
0 1 333172292
0 1 233174177
0 1 254768430
0 1 23166105
0 1 375617302
0 1 175727610
0 1 294849664
0 1 563568467
0 1 351049705
0 1 868029961
0 1 105524594
0 1 927425063
0 1 750453247
0 1 645638989
0 1 197364158
0 1 384070483
0 1 74729285
0 1 495472854
0 1 138985707
0 1 791129978
0 1 234797749
0 1 951717844
0 1 936187604
0 1 973979506
0 1 987138061
0 1 32810949
0 1 928190823
0 1 157914729
0 1 435653057
0 1 73114261
0 1 163631637
0 1 16070017
0 1 926945756
0 1 420374989
0 1 882698183
0 1 433050825
0 1 883395260
0 1 647143346
0 1 605087685
0 1 959336526
0 1 20681375
0 1 537404755
0 1 657416192
0 1 332548974
0 1 351389555
0 1 578602817
0 1 715364331
0 1 605898466
0 1 811248410
0 1 560757903
0 1 942811127
0 1 663958878
0 1 231093749
0 1 350821956
0 1 489774133
0 1 280923534
0 1 7338662
0 1 164360411
0 1 218680477
0 1 462856808
0 1 755088972
0 1 937607576
0 1 193681517
0 1 965279743
0 1 422295850
0 1 403909225
0 1 372362726
0 1 896346069
0 1 84003031
0 1 292154262
0 1 262359212
0 1 936749025
0 1 96438789
0 1 492001785
0 1 450535174
0 1 737705651
0 1 701350923
0 1 528593802
0 1 71335622
0 1 752478720
0 1 872427543
0 1 563771154
0 1 76772400
0 1 700763096
0 1 559801601
0 1 587068948
0 1 271027859
0 1 796891392
0 1 477443761
0 1 535102268
0 1 96268123
0 1 986119434
0 1 800637499
0 1 545167839
0 1 861103133
0 1 70637298
0 1 306550856
0 1 830837297
0 1 94525676
0 1 249131391
0 1 377034104
0 1 34037147
0 1 65051016
0 1 868044965
0 1 972338069
0 1 322990065
0 1 528471504
0 1 423774295
0 1 676339087
0 1 53598478
0 1 119105045
0 1 123489248
0 1 758644229
0 1 514011861
0 1 190959643
0 1 65046238
0 1 451859944
0 1 68572063
0 1 782528278
0 1 911922090
0 1 192280613
0 1 381021596
0 1 249054359
0 1 902377474
0 1 626254377
0 1 167868371
0 1 932728080
0 1 876048027
0 1 950716869
0 1 102091270
0 1 858235844
0 1 562186612
0 1 118737247
0 1 679523101
0 1 419892056
0 1 508648224
0 1 531390051
0 1 37957491
0 1 546982063
0 1 558354210
0 1 748827269
0 1 771112214
0 1 870096553
0 1 77960363
0 1 594769185
0 1 815006287
0 1 347189143
0 1 615617170
0 1 860467927
0 1 219708267
0 1 591618167
0 1 597565356
0 1 470542664
0 1 755968981
0 1 575857813
0 1 43277520
0 1 40545773
0 1 858756785
0 1 19099032
0 1 436488453
0 1 116768782
0 1 66873247
0 1 481203992
0 1 634917019
0 1 535179745
0 1 474548254
0 1 435498130
0 1 102322483
0 1 560152811
0 1 776081873
0 1 25131008
0 1 165728411
0 1 338781832
0 1 533868163
0 1 813718697
0 1 971749081
0 1 74367710
0 1 951994461
0 1 278661803
0 1 897243622
0 1 294053119
0 1 793155813
0 1 148938191
0 1 488108395
0 1 311318816
0 1 697617979
0 1 788582366
0 1 107159309
0 1 740347939
0 1 337761414
0 1 463900442
0 1 42103171
0 1 905681880
0 1 93839854
0 1 433525465
0 1 850701584
0 1 920424409
0 1 309646185
0 1 96884749
0 1 630969955
0 1 914461200
0 1 597169742
0 1 896967028
0 1 682924116
0 1 50389228
0 1 896414307
0 1 35228730
0 1 757590526
0 1 637647815
0 1 830286998
0 1 400062913
0 1 651268216
0 1 29878683
0 1 242366275
0 1 611185333
0 1 239999701
0 1 906956868
0 1 81206452
0 1 246531199
0 1 146271568
0 1 489848803
0 1 368759154
0 1 686236058
0 1 23537200
0 1 830296413
0 1 100089858
0 1 387329132
0 1 403363001
0 1 564788828
0 1 101520303
0 1 224098210
0 1 554137048
0 1 31205800
0 1 640011679
0 1 104506773
0 1 279690130
0 1 534001826
0 1 824465814
0 1 774798965
0 1 249154463
0 1 554343564
0 1 540487409
0 1 953118748
0 1 63913215
0 1 294612391
0 1 398914443
0 1 506953523
0 1 354798384
0 1 293427695
0 1 668412674
0 1 486126014
0 1 844806398
0 1 596552089
0 1 945398430
0 1 222307931
0 1 533995488
0 1 248829918
0 1 570840544
0 1 723366013
0 1 572372596
0 1 652703630
0 1 241721710
0 1 776854882
0 1 402849180
0 1 296362862
0 1 320733398
0 1 19364658
0 1 507649422
0 1 392361065
0 1 544816857
0 1 352633449
0 1 243836843
0 1 5811596
0 1 655928386
0 1 154463851
0 1 599672365
0 1 52104373
0 1 671857338
0 1 290430523
0 1 604274537
0 1 998484724
0 1 221798614
0 1 795580436
0 1 191315186
0 1 35012240
0 1 655126849
0 1 814944389
0 1 694141761
0 1 418673784
0 1 254966298
0 1 430887482
0 1 85337820
0 1 548549092
0 1 869500167
0 1 536934380
0 1 130805704
0 1 103815343
0 1 258301190
0 1 934568707
0 1 792369984
0 1 185748420
0 1 62259341
0 1 51493230
0 1 526481499
0 1 958987602
0 1 748337353
0 1 488602813
0 1 430415995
0 1 295903035
0 1 581164224
0 1 626207218
0 1 220772871
0 1 917090600
0 1 334451045
0 1 928690438
0 1 526272959
0 1 279350567
0 1 820164371
0 1 49966107
0 1 653527163
0 1 980610020
0 1 103861497
0 1 88056041
0 1 63913795
0 1 686710007
0 1 69312843
0 1 209564300
0 1 747972492
0 1 769159776
0 1 830830560
0 1 914277271
0 1 517321776
0 1 650668524
0 1 376987988
0 1 536648370
0 1 414621045
0 1 137412372
0 1 544020279
0 1 757792740
0 1 314460194
0 1 105528446
0 1 462452677
0 1 526375104
0 1 294263999
0 1 997881411
0 1 698417798
0 1 187230782
0 1 958302873
0 1 405742074
0 1 391050291
0 1 70838718
0 1 164681538
0 1 29186583
0 1 286235856
0 1 169152244
0 1 83998423
0 1 984469089
0 1 589773436
0 1 461908974
0 1 511411778
0 1 714164698
0 1 76981771
0 1 278085503
0 1 444327492
0 1 75608211
0 1 478734373
0 1 493565471
0 1 207214371
0 1 204634080
0 1 162247730
0 1 94146279
0 1 648467014
0 1 645213606
0 1 294492265
0 1 827310590
0 1 124462021
0 1 868249972
0 1 419826
0 1 941761141
0 1 830163052
0 1 132641453
0 1 868848985
0 1 804829688
0 1 1475331
0 1 422029937
0 1 88282797
0 1 262485567
0 1 299824288
0 1 680022966
0 1 719854457
0 1 252736949
0 1 753841550
0 1 898276623
0 1 119838748
0 1 51525046
0 1 414956173
0 1 963931929
0 1 810373423
0 1 64901219
0 1 483258089
0 1 828088169
0 1 3107372
0 1 160807050
0 1 850789262
0 1 749764566
0 1 53196277
0 1 267476550
0 1 828521140
0 1 413815555
0 1 710823641
0 1 603394392
0 1 649507100
0 1 262101325
0 1 41120642
0 1 976761983
0 1 813933701
0 1 948435970
0 1 600456592
0 1 825005438
0 1 802589388
0 1 726922278
0 1 134820575
0 1 515339845
0 1 865184705
0 1 764217955
0 1 99528706
0 1 554304513
0 1 787455020
0 1 913949035
0 1 995924734
0 1 205470745
0 1 253110226
0 1 184448565
0 1 115666087
0 1 9845377
0 1 289256711
0 1 479073846
0 1 436199187
0 1 239935353
0 1 628601796
0 1 729908590
0 1 224282007
0 1 329682662
0 1 953135293
0 1 840312689
0 1 986859067
0 1 463951167
0 1 52206502
0 1 946052463
0 1 510370087
0 1 791160769
0 1 397698199
0 1 76220436
0 1 117164659
0 1 840313982
0 1 172825449
0 1 326413310
0 1 559468380
0 1 261360835
0 1 899727669
0 1 166696406
0 1 999973311
0 1 831588733
0 1 131563658
0 1 925085106
0 1 291088093
0 1 146593248
0 1 838996843
0 1 227716383
0 1 96518530
0 1 554444310
0 1 490769291
0 1 518967788
0 1 389469945
0 1 267874049
0 1 734518500
0 1 880817055
0 1 917734381
0 1 491704328
0 1 47596041
0 1 248780840
0 1 985551662
0 1 879986780
0 1 175736829
0 1 485742712
0 1 28249881
0 1 394115690
0 1 773560995
0 1 421773196
0 1 693412102
0 1 157261258
0 1 976734053
0 1 867455117
0 1 455516806
0 1 501315529
0 1 480981583
0 1 694313334
0 1 850503162
0 1 996114456
0 1 534519630
0 1 151011702
0 1 374560543
0 1 934305036
0 1 310727223
0 1 16185182
0 1 898241829
0 1 137102631
0 1 64041106
0 1 474477020
0 1 216233545
0 1 727703463
0 1 578405271
0 1 16264726
0 1 701349616
0 1 160181128
0 1 199269055
0 1 651155110
0 1 708836574
0 1 426983840
0 1 646571082
0 1 876219474
0 1 469131814
0 1 124821498
0 1 17879853
0 1 905247184
0 1 280123772
0 1 636361231
0 1 760000150
0 1 139953828
0 1 370037844
0 1 549735365
0 1 463844138
0 1 995652849
0 1 491383325
0 1 44760862
0 1 718322063
0 1 387800022
0 1 786818794
0 1 573143150
0 1 964436391
0 1 743844750
0 1 816373686
0 1 955605558
0 1 737864642
0 1 890239955
0 1 100727046
0 1 529725737
0 1 345898499
0 1 442284600
0 1 800531627
0 1 680268935
0 1 113058503
0 1 558823920
0 1 433206830
0 1 557092296
0 1 315390108
0 1 347236088
0 1 386175731
0 1 560653983
0 1 103433736
0 1 84459212
0 1 743385610
0 1 326281022
0 1 844596240
0 1 631598637
0 1 960643789
0 1 869014262
0 1 232452882
0 1 973579589
0 1 264837956
0 1 915819285
0 1 389157988
0 1 564508212
0 1 270929723
0 1 751890445
0 1 428572486
0 1 136073297
0 1 8083664
0 1 966274910
0 1 83436293
0 1 55356828
0 1 614773824
0 1 970298726
0 1 57241977
0 1 365402770
0 1 32099257
0 1 754824351
0 1 249310132
0 1 49107316
0 1 297011110
0 1 747119666
0 1 194896476
0 1 750058045
0 1 198063634
0 1 908176396
0 1 19239206
0 1 30612714
0 1 740420668
0 1 333756088
0 1 502338812
0 1 824775283
0 1 685413617
0 1 808211666
0 1 603964901
0 1 159996308
0 1 363349448
0 1 479075960
0 1 642825289
0 1 613742416
0 1 650499664
0 1 827421555
0 1 190484742
0 1 8784605
0 1 416494765
0 1 433600759
0 1 894215904
0 1 158304350
0 1 690492029
0 1 71902327
0 1 528867703
0 1 47949295
0 1 139014610
0 1 155495780
0 1 313708317
0 1 180277879
0 1 143673361
0 1 338979556
0 1 570766407
0 1 117579865
0 1 690304856
0 1 611127454
0 1 662073020
0 1 721699338
0 1 440980525
0 1 352054684
0 1 25500302
0 1 567098084
0 1 632061939
0 1 503903868
0 1 344348412
0 1 762494589
0 1 544397534
0 1 674696229
0 1 301754660
0 1 807457819
0 1 195973072
0 1 281612980
0 1 893049782
0 1 63127493
0 1 649430337
0 1 8911240
0 1 520218861
0 1 544478255
0 1 3635892
0 1 950567408
0 1 732563872
0 1 836006079
0 1 519568848
0 1 97158052
0 1 8011107
0 1 665899376
0 1 175717497
0 1 914546623
0 1 655857379
0 1 107830291
0 1 97888999
0 1 832734707
0 1 545267208
0 1 622905013
0 1 278111439
0 1 896887406
0 1 844083475
0 1 140153069
0 1 948628497
0 1 37492183
0 1 994443345
0 1 13140136
0 1 208452972
0 1 91444474
0 1 610393581
0 1 22114420
0 1 168532649
0 1 178906792
0 1 84578442
0 1 115219311
0 1 80316931
0 1 225881544
0 1 302549258
0 1 993085434
0 1 308378440
0 1 912850064
0 1 291518233
0 1 325498980
0 1 706193313
0 1 364281556
0 1 321250923
0 1 877385826
0 1 93761456
0 1 908616135
0 1 563137128
0 1 541029780
0 1 593491219
0 1 125403521
0 1 985462290
0 1 852250936
0 1 1582925
0 1 449178868
0 1 543607554
0 1 645588715
0 1 896654006
0 1 271420465
0 1 248782600
0 1 412721206
0 1 910131613
0 1 520883954
0 1 50205491
0 1 674271856
0 1 681341411
0 1 392253539
0 1 918164333
0 1 813160784
0 1 862121829
0 1 917881120
0 1 889533852
0 1 360562954
0 1 278372811
0 1 856609139
0 1 485822414
0 1 722215819
0 1 443184039
0 1 426771825
0 1 10046212
0 1 137086241
0 1 900719059
0 1 210707676
0 1 626360609
0 1 296179707
0 1 138724464
0 1 599244525
0 1 482563367
0 1 666962526
0 1 296823602
0 1 140607941
0 1 497934716
0 1 883632747
0 1 958439886
0 1 287024638
0 1 263964606
0 1 512390073
0 1 658483365
0 1 688599762
0 1 746966210
0 1 478359116
0 1 903873002
0 1 766465343
0 1 889927472
0 1 852405252
0 1 809515887
0 1 821913442
0 1 708353306
0 1 101085711
0 1 868467114
0 1 340311994
0 1 369770285
0 1 2148089
0 1 428316168
0 1 18130328
0 1 380560026
0 1 913489405
0 1 279125789
0 1 375902101
0 1 965898969
0 1 60837039
0 1 73836899
0 1 787898164
0 1 293329375
0 1 6532453
0 1 834643281
0 1 146744561
0 1 52062866
0 1 85183569
0 1 692156854
0 1 360694117
0 1 304836046
0 1 62182612
0 1 659170974
0 1 605531449
0 1 518908419
0 1 105517504
0 1 401635322
0 1 932484579
0 1 339948600
0 1 709277538
0 1 138377831
0 1 231521800
0 1 709947453
0 1 228368788
0 1 125051970
0 1 179853892
0 1 715762779
0 1 13849852
0 1 680121219
0 1 852520048
0 1 138266141
0 1 349324013
0 1 409002278
0 1 234866160
0 1 73341977
0 1 628575464
0 1 505198501
0 1 959709562
0 1 29318985
0 1 469766615
0 1 777141255
0 1 436775324
0 1 891657012
0 1 720354139
0 1 922522829
0 1 328356926
0 1 88460796
0 1 600690434
0 1 959489531
0 1 951446657
0 1 484732997
0 1 949584021
0 1 292635737
