5000
39891 23350 931454850
16346 46895 766545670
33352 29889 996857928
11336 51905 588395080
43183 20058 866164614
36051 27190 980226690
23007 40234 925663638
13333 49908 665423364
39407 23834 939226438
24385 38856 947503560
55016 8225 452506600
53184 10057 534871488
50844 12397 630313068
34318 28923 992579514
59032 4209 248465688
46871 16370 767278270
44942 18299 822393658
35274 27967 986507958
13174 50067 659582658
20116 43125 867502500
24822 38419 953636418
42147 21094 889048818
55711 7530 419503830
30157 33084 997714188
59879 3362 201313198
52981 10260 543585060
15031 48210 724644510
3920 59321 232538320
33326 29915 996947290
48083 15158 728842114
4539 58702 266448378
10519 52722 554582718
21756 41485 902547660
8806 54435 479354610
20992 42249 886891008
7175 56066 402273550
48127 15114 727391478
10309 52932 545675988
54206 9035 489751210
5184 58057 300967488
55854 7387 412593498
5220 58021 302869620
25625 37616 963910000
31862 31379 999797698
45029 18212 820068148
46502 16739 778396978
13366 49875 666629250
21690 41551 901241190
41922 21319 893735118
48118 15123 727688514
24233 39008 945280864
36520 26721 975850920
4662 58579 273095298
50233 13008 653430864
61115 2126 129930490
58291 4950 288540450
29125 34116 993628500
3558 59683 212352114
50733 12508 634568364
25996 37245 968221020
26003 37238 968299714
54162 9079 491736798
26628 36613 974930964
48222 15019 724246218
61407 1834 112620438
34293 28948 992713764
25558 37683 963102114
5280 57961 306034080
19477 43764 852391428
32046 31195 999674970
6857 56384 386625088
27473 35768 982654264
30627 32614 998868978
32474 30767 999127558
24574 38667 950202858
51345 11896 610800120
55617 7624 424024008
54606 8635 471522810
33250 29991 997200750
36584 26657 975219688
35791 27450 982462950
20315 42926 872041690
62209 1032 64199688
47846 15395 736589170
52014 11227 583961178
27030 36211 978783330
59578 3663 218234214
42509 20732 881296588
9054 54187 490609098
49649 13592 674829208
1920 61321 117736320
11440 51801 592603440
61382 1859 114109138
11244 51997 584654268
52850 10391 549164350
18858 44383 836974614
43794 19447 851661918
8926 54315 484815690
3144 60097 188944968
15420 47821 737399820
13061 50180 655400980
18669 44572 832114668
45142 18099 817025058
18873 44368 837357264
41509 21732 902073588
3790 59451 225319290
30558 32683 998727114
20839 42402 883615278
42689 20552 877344328
28519 34722 990236718
36345 26896 977535120
11080 52161 577943880
59774 3467 207236458
4753 58488 277993464
23830 39411 939164130
8789 54452 478578628
12236 51005 624097180
60907 2334 142156938
6853 56388 386426964
24763 38478 952830714
31956 31285 999743460
57618 5623 323986014
15940 47301 753977940
48411 14830 717935130
45194 18047 815616118
32094 31147 999631818
29295 33946 994448070
7763 55478 430675714
22252 40989 912087228
32984 30257 997996888
38834 24407 947821438
37284 25957 967780788
33226 30015 997278390
28532 34709 990317188
25776 37465 965697840
5695 57546 327724470
26204 37037 970517548
45419 17822 809457418
27071 36170 979158070
55669 7572 421525668
43511 19730 858472030
18808 44433 835695864
26212 37029 970604148
3222 60019 193381218
27116 36125 979565500
12660 50581 640355460
33884 29357 994732588
34197 29044 993217668
29200 34041 993997200
24645 38596 951198420
53178 10063 535130214
8083 55158 445842114
18600 44641 830322600
40520 22721 920654920
41745 21496 897350520
62260 981 61077060
17712 45529 806409648
8283 54958 455217114
55185 8056 444570360
11672 51569 601913368
13006 50235 653356410
13767 49474 681108558
5260 57981 304980060
15262 47979 732255498
58186 5055 294130230
28602 34639 990744678
62630 611 38266930
33619 29622 995862018
56865 6376 362571240
55409 7832 433963288
49111 14130 693938430
27867 35374 985767258
7965 55276 440273340
12617 50624 638723008
12911 50330 649810630
911 62330 56782630
1559 61682 96162238
56504 6737 380667448
29965 33276 997115340
7596 55645 422679420
21824 41417 903884608
46982 16259 763880338
25730 37511 965158030
43809 19432 851296488
14625 48616 711009000
55498 7743 429721014
42242 20999 887039758
6918 56323 389642514
5243 57998 304083514
34529 28712 991396648
34952 28289 988757128
30192 33049 997815408
32876 30365 998279740
52825 10416 550225200
28240 35001 988428240
18993 44248 840402264
48629 14612 710566948
60121 3120 187577520
20696 42545 880511320
12169 51072 621495168
57165 6076 347334540
62285 956 59544460
14124 49117 693728508
51965 11276 585957340
61279 1962 120229398
26259 36982 971110338
11769 51472 605773968
11551 51690 597071190
56359 6882 387862638
37768 25473 962064264
29484 33757 995291388
30705 32536 999017880
33330 29911 996933630
34298 28943 992687014
41720 21521 897856120
26589 36652 974540028
49995 13246 662233770
35219 28022 986906818
9481 53760 509698560
21107 42134 889322338
43054 20187 869131098
62094 1147 71221818
11284 51957 586282788
60428 2813 169983964
35637 27604 983723748
19528 43713 853627464
19414 43827 850857378
13185 50056 659988360
61828 1413 87362964
23561 39680 934900480
18889 44352 837764928
9818 53423 524507014
31978 31263 999728214
29952 33289 997072128
11953 51288 613045464
29697 33544 996156168
56567 6674 377528158
55872 7369 411720768
4657 58584 272825688
17246 45995 793229770
23463 39778 933311214
29708 33533 996198364
14688 48553 713146464
5656 57585 325700760
28869 34372 992285268
1114 62127 69209478
21499 41742 897411258
30026 33215 997313590
59892 3349 200578308
51477 11764 605575428
11502 51739 595101978
11276 51965 585957340
13714 49527 679213278
6942 56299 390827658
3397 59844 203290068
25855 37386 966615030
34021 29220 994093620
30860 32381 999277660
30934 32307 999384738
495 62746 31059270
56388 6853 386426964
50112 13129 657920448
26110 37131 969490410
33575 29666 996035950
49072 14169 695301168
41560 21681 901062360
37602 25639 964077678
5704 57537 328191048
48314 14927 721183078
51908 11333 588273364
54340 8901 483680340
1057 62184 65728488
51393 11848 608904264
19424 43817 851101408
26266 36975 971185350
14882 48359 719678638
39997 23244 929690268
62708 533 33423364
61175 2066 126387550
62384 857 53463088
3448 59793 206166264
40396 22845 922846620
60022 3219 193210818
43015 20226 870021390
41684 21557 898581988
38543 24698 951935014
42334 20907 885076938
62878 363 22824714
3987 59254 236245698
9211 54030 497670330
48169 15072 726003168
26804 36437 976657348
40767 22474 916197558
55537 7704 427857048
61106 2135 130461310
12763 50478 644250714
32201 31040 999519040
14697 48544 713451168
25288 37953 959755464
9617 53624 515702008
54284 8957 486221788
51000 12241 624291000
37006 26235 970852410
24529 38712 949566648
48388 14853 718706964
45826 17415 798059790
15421 47820 737432220
16334 46907 766178938
33336 29905 996913080
42297 20944 885868368
41038 22203 911166714
48074 15167 729138358
7389 55852 412690428
49949 13292 663922108
21989 41252 907090228
11085 52156 578149260
8896 54345 483453120
51220 12021 615715620
54053 9188 496638964
23766 39475 938162850
5266 57975 305296350
22497 40744 916617768
25963 37278 967848714
58063 5178 300650214
27968 35273 986515264
15181 48060 729598860
47209 16032 756854688
10187 53054 540461098
21956 41285 906453460
46649 16592 774000208
40315 22926 924261690
59933 3308 198258364
34425 28816 991990800
11158 52083 581142114
16652 46589 775800028
50458 12783 645004614
28338 34903 989081214
9751 53490 521580990
58028 5213 302499964
37888 25353 960574464
13574 49667 674179858
45316 17925 812289300
48224 15017 724179808
46688 16553 772826464
37312 25929 967462848
6164 57077 351822628
20975 42266 886529350
54926 8315 456709690
54947 8294 455730418
10372 52869 548357268
44204 19037 841511548
8822 54419 480084418
8737 54504 476201448
11691 51550 602671050
48129 15112 727325448
61588 1653 101804964
37234 26007 968344638
56266 6975 392455350
19083 44158 842667114
43967 19274 847419958
1598 61643 98505514
20319 42922 872132118
27127 36114 979664478
47205 16036 756979380
4051 59190 239778690
11906 51335 611194510
52774 10467 552385458
19288 43953 847765464
42485 20756 881818660
46194 17047 787469118
46468 16773 779407764
57030 6211 354213330
16847 46394 781599718
2937 60304 177112848
23584 39657 935270688
35463 27778 985091214
61193 2048 125323264
43184 20057 866141488
6101 57140 348611140
30245 32996 997964020
49804 13437 669216348
15316 47925 734019300
20089 43152 866880528
32985 30256 997994160
38847 24394 947633718
1875 61366 115061250
9323 53918 502677514
50878 12363 629004714
194 63047 12231118
60557 2684 162534988
13592 49649 674829208
3175 60066 190709550
48946 14295 699683070
62469 772 48226068
58823 4418 259880014
56556 6685 378076860
32821 30420 998414820
9203 54038 497311714
15584 47657 742686688
40395 22846 922864170
8293 54948 455683764
30906 32335 999345510
23403 39838 932328714
41174 22067 908586658
14762 48479 715646998
24928 38313 955066464
28687 34554 991250598
54904 8337 457734648
56598 6643 375980514
36672 26569 974338368
17085 46156 788575260
23111 40130 927444430
34649 28592 990684208
27436 35805 982345980
26587 36654 974519898
59403 3838 227988714
44559 18682 832451238
58812 4429 260478348
26999 36242 978497758
11341 51900 588597900
22076 41165 908758540
33569 29672 996059368
56929 6312 359335848
49005 14236 697635180
414 62827 26010378
59566 3675 218905050
9149 54092 494887708
60527 2714 164270278
45670 17571 802467570
22572 40669 917980668
52153 11088 578272464
21161 42080 890454880
34024 29217 994079208
54156 9085 492007260
31025 32216 999501400
60252 2989 180093228
12585 50656 637505760
53367 9874 526945758
51180 12061 617281980
8358 54883 458712114
2447 60794 148762918
36398 26843 977031514
9613 53628 515525964
42474 20767 882057558
4692 58549 274711908
4653 58588 272609964
30930 32311 999379230
34611 28630 990912930
31023 32218 999499014
3565 59676 212744940
49636 13605 675297780
61163 2078 127096714
59264 3977 235692928
8311 54930 456523230
7770 55471 431009670
15090 48151 726598590
38276 24965 955560340
19652 43589 856611028
43364 19877 861946228
7728 55513 429004464
49747 13494 671286018
22751 40490 921187990
18106 45135 817214310
36361 26880 977383680
49868 13373 666884764
7045 56196 395900820
42547 20694 880467618
45722 17519 801003718
47550 15691 746107050
54882 8359 458758638
44876 18365 824147740
31918 31323 999767514
33818 29423 995027014
58328 4913 286565464
2670 60571 161724570
38869 24372 947315268
26585 36656 974499760
28820 34421 992013220
55287 7954 439752798
34374 28867 992274258
6734 56507 380518138
41278 21963 906588714
55173 8068 445135764
32240 31001 999472240
59159 4082 241487038
50083 13158 658992114
50266 12975 652201350
11010 52231 575063310
16045 47196 757259820
46722 16519 771800718
52657 10584 557321688
664 62577 41551128
5129 58112 298056448
45256 17985 813929160
51425 11816 607637800
40871 22370 914284270
34590 28651 991038090
4077 59164 241211628
56224 7017 394523808
46442 16799 780179158
6843 56398 385931514
48836 14405 703482580
28937 34304 992654848
4209 59032 248465688
35449 27792 985198608
6774 56467 382507458
9354 53887 504058998
38723 24518 949410514
44286 18955 839441130
29234 34007 994160638
62537 704 44026048
2765 60476 167216140
44882 18359 823988638
8886 54355 482998530
45816 17425 798343800
41176 22065 908548440
11537 51704 596509048
3765 59476 223927140
57260 5981 342472060
41451 21790 903217290
8099 55142 446595058
29922 33319 996971118
8365 54876 459037740
28705 34536 991355880
54000 9241 499014000
19153 44088 844417464
22853 40388 922986964
59194 4047 239558118
13539 49702 672915378
39442 23799 938680158
12479 50762 633458998
49651 13590 674757090
49416 13825 683176200
51586 11655 601234830
35738 27503 982902214
30272 32969 998037568
33033 30208 997860864
46209 17032 787031688
32681 30560 998731360
30985 32256 999452160
39471 23770 938225670
11730 51511 604224030
12288 50953 626110464
11530 51711 596227830
43162 20079 866649798
20124 43117 867686508
44450 18791 835259950
18236 45005 820711180
3008 60233 181180864
43912 19329 848775048
9879 53362 527163198
29745 33496 996338520
26492 36749 973554508
40016 23225 929371600
7649 55592 425223208
40500 22741 921010500
20682 42559 880205238
48555 14686 713078730
41452 21789 903197628
7380 55861 412254180
48806 14435 704514610
54485 8756 477070660
46652 16589 773910028
30566 32675 998744050
17057 46184 787760488
30838 32403 999243714
34499 28742 991570258
519 62722 32552718
62650 591 37026150
32893 30348 998236764
12250 50991 624639750
31996 31245 999715020
47661 15580 742558380
60489 2752 166465728
56982 6259 356650338
48383 14858 718874614
45933 17308 795008364
47520 15721 747061920
16281 46960 764555760
41254 21987 907051698
21582 41659 899084538
52337 10904 570682648
25217 38024 958851208
42637 20604 878492748
54768 8473 464049264
38534 24707 952059538
51875 11366 589611250
2442 60799 148471158
9169 54072 495786168
7244 55997 405642268
9873 53368 526902264
9527 53714 511733278
24816 38425 953554800
61228 2013 123251964
9477 53764 509521428
19602 43639 855411678
58220 5021 292322620
27828 35413 985472964
42785 20456 875209960
3180 60061 190993980
37223 26018 968468014
4266 58975 251587350
8706 54535 474781710
39522 23719 937422318
30359 32882 998264638
50422 12819 646359618
38784 24457 948540288
10739 52502 563818978
38023 25218 958864014
22270 40971 912424170
19057 44184 842014488
39220 24021 942103620
43731 19510 853191810
31990 31251 999719490
8793 54448 478761264
62184 1057 65728488
4201 59040 248027040
27221 36020 980500420
50932 12309 626921988
50202 13039 654583878
56421 6820 384791220
26927 36314 977827078
4148 59093 245117764
11149 52092 580773708
52683 10558 556227114
47875 15366 735647250
37424 25817 966175408
23949 39292 941004108
16336 46905 766240080
3900 59341 231429900
47290 15951 754322790
43284 19957 863818788
40298 22943 924557014
45588 17653 804764964
45806 17435 798627610
34655 28586 990647830
56901 6340 360752340
16049 47192 757384408
41550 21691 901261050
42758 20483 875812114
22987 40254 925318698
48368 14873 719377264
31910 31331 999772210
11452 51789 593087628
45176 18065 816104440
1046 62195 65055970
2242 60999 136759758
24594 38647 950484318
27740 35501 984797740
9547 53694 512616618
56009 7232 405057088
51246 11995 614695770
32586 30655 998923830
41610 21631 900065910
27335 35906 981490510
41412 21829 903982548
14893 48348 720046764
11823 51418 607915014
49985 13256 662601160
26794 36447 976560918
30027 33214 997316778
61112 2129 130107448
47234 16007 756074638
14065 49176 691660440
9155 54086 495157330
45625 17616 803730000
34585 28656 991067760
5110 58131 297049410
48511 14730 714567030
49042 14199 696347358
5246 57995 304241770
31894 31347 999781218
42903 20338 872561214
30314 32927 998149078
18990 44251 840326490
35800 27441 982387800
57809 5432 314018488
45586 17655 804820830
11152 52089 580896528
43164 20077 866603628
22064 41177 908529328
27383 35858 981899614
60004 3237 194232948
38305 24936 955173480
335 62906 21073510
2068 61173 126505764
61085 2156 131699260
16601 46640 774270640
32371 30870 999292770
61253 1988 121770964
23764 39477 938131428
20090 43151 866903590
18754 44487 834309198
56851 6390 363277890
39143 24098 943268014
12408 50833 630735864
10824 52417 567361608
59778 3463 207011214
555 62686 34790730
7803 55438 432582714
14092 49149 692607708
30023 33218 997304014
41530 21711 901657830
37155 26086 969225330
34535 28706 991361710
9663 53578 517724214
55451 7790 431963290
22020 41221 907686420
51521 11720 603826120
36087 27154 979906398
131 63110 8267410
42283 20958 886167114
11881 51360 610208160
38819 24422 948037618
52619 10622 558919018
7822 55419 433487418
44506 18735 833819910
5198 58043 301707514
1478 61763 91285714
45215 18026 815045590
43121 20120 867594520
62632 609 38142888
51386 11855 609181030
44606 18635 831232810
40970 22271 912442870
55392 7849 434771808
31951 31290 999746790
28583 34658 990629614
60043 3198 192017514
49835 13406 668088010
30051 33190 997392690
13791 49450 681964950
23232 40009 929489088
2924 60317 176366908
53964 9277 500624028
27686 35555 984375730
27150 36091 979870650
39109 24132 943778388
58430 4811 281106730
61239 2002 122600478
9104 54137 492863248
48081 15160 728907960
39345 23896 940188120
22998 40243 925508514
55767 7474 416802558
47445 15796 749441220
38346 24895 954623670
22475 40766 916215850
41224 22017 907628808
34957 28284 988723788
55725 7516 418829100
51178 12063 617360214
16087 47154 758566398
19081 44160 842616960
32379 30862 999280698
22086 41155 908949330
45353 17888 811274464
53453 9788 523197964
25407 37834 961248438
4788 58453 279872964
20082 43159 866719038
45877 17364 796608228
2787 60454 168485298
34071 29170 993851070
12561 50680 636591480
10028 53213 533619964
33828 29413 994982964
49492 13749 680465508
28059 35182 987171738
11352 51889 589043928
45231 18010 814610310
8597 54644 469774468
37607 25634 964017838
58989 4252 250821228
33271 29970 997131870
44590 18651 831648090
30808 32433 999195864
26953 36288 978070464
7831 55410 433915710
57289 5952 340984128
21034 42207 887782038
33692 29549 995564908
38176 25065 956881440
19431 43810 851272110
49611 13630 676197930
10621 52620 558877020
8417 54824 461453608
56398 6843 385931514
52473 10768 565029264
12653 50588 640089964
58909 4332 255193788
62926 315 19821690
355 62886 22324530
19105 44136 843218280
45285 17956 813137460
10681 52560 561393360
41979 21262 892557498
14265 48976 698642640
38052 25189 958491828
40258 22983 925249614
56484 6757 381662388
60126 3115 187292490
57115 6126 349886490
26485 36756 973482660
29389 33852 994876428
15665 47576 745278040
43573 19668 856993764
7505 55736 418298680
58875 4366 257048250
34930 28311 988903230
5429 57812 313861348
18928 44313 838756464
26047 37194 968792118
48673 14568 709068264
54837 8404 460850148
28701 34540 991332540
18970 44271 839820870
881 62360 54939160
22944 40297 924574368
24502 38739 949182978
18045 45196 815561820
25439 37802 961645078
26198 37043 970452514
17919 45322 812124918
39961 23280 930292080
53579 9662 517680298
54632 8609 470326888
26329 36912 971856048
13132 50109 658031388
3426 59815 204926190
47058 16183 761539614
44688 18553 829096464
23400 39841 932279400
4123 59118 243743514
43004 20237 870271948
26472 36769 973348968
34948 28293 988783764
18338 44903 823431214
22132 41109 909824388
43788 19453 851807964
41419 21822 903845418
18681 44560 832425360
32986 30255 997991430
6579 56662 372779298
47258 15983 755324614
10021 53220 533317620
44988 18253 821165964
41119 22122 909634518
24680 38561 951685480
50886 12355 628696530
8294 54947 455730418
30766 32475 999125850
18721 44520 833458920
12909 50332 649735788
11509 51732 595383588
27769 35472 985021968
46184 17057 787760488
55531 7710 428144010
53389 9852 525988428
816 62425 50938800
37132 26109 969479388
61639 1602 98745678
54669 8572 468622668
20647 42594 879438318
11830 51411 608192130
62643 598 37460514
58830 4411 259499130
61248 1993 122067264
45501 17740 807187740
35423 27818 985397014
12362 50879 628966198
38476 24765 952858140
36660 26581 974459460
25324 37917 960210108
25624 37617 963898008
28479 34762 989986998
39791 23450 933098950
40349 22892 923669308
40526 22715 920548090
47652 15589 742847028
14527 48714 707668278
12157 51084 621028188
31074 32167 999557358
40098 23143 927988014
27850 35391 985639350
58352 4889 285282928
18312 44929 822739848
14420 48821 703998820
29335 33906 994632510
49848 13393 667614264
24787 38454 953159298
45579 17662 805016298
10236 53005 542559180
60224 3017 181695808
44411 18830 836259130
8299 54942 455963658
6823 56418 384940014
39094 24147 944002818
48659 14582 709545538
12121 51120 619625520
57826 5415 313127790
42314 20927 885505078
25163 38078 958156714
61333 1908 117023364
32899 30342 998221458
13582 49659 674468538
59272 3969 235250568
62871 370 23262270
5006 58235 291524410
47901 15340 734801340
2677 60564 162129828
31930 31311 999760230
38282 24959 955480438
16292 46949 764893108
22466 40775 916051150
47618 15623 743936014
16611 46630 774570930
4076 59165 241156540
37343 25898 967109014
27665 35576 984210040
52668 10573 556858764
50194 13047 654881118
62151 1090 67744590
17388 45853 797291964
54681 8560 468069360
42113 21128 889763464
2594 60647 157318318
43266 19975 864238350
48506 14735 714735910
15156 48085 728776260
31096 32145 999580920
31888 31353 999784464
13049 50192 654955408
24456 38785 948525960
39333 23908 940373364
39725 23516 934173100
1606 61635 98985810
32066 31175 999657550
63195 46 2906970
2530 60711 153598830
61717 1524 94056708
3216 60025 193040400
28245 34996 988462020
59792 3449 206222608
61507 1734 106653138
31832 31409 999811288
13995 49246 689197770
11518 51723 595745514
21462 41779 896660898
46822 16419 768770418
29297 33944 994457368
46612 16629 775110948
47667 15574 742365858
48515 14726 714431890
15676 47565 745628940
49856 13385 667322560
3867 59374 229599258
626 62615 39196990
43684 19557 854327988
1820 61421 111786220
62354 887 55307998
39829 23412 932476548
28949 34292 992719108
14177 49064 695580328
18536 44705 828651880
27639 35602 984003678
14548 48693 708385764
29099 34142 993498058
18905 44336 838172080
27098 36143 979403014
14385 48856 702793560
7154 56087 401246398
28590 34651 990672090
40276 22965 924938340
43173 20068 866395764
43062 20179 868948098
4403 58838 259063714
19579 43662 854858298
41628 21613 899705964
10628 52613 559170964
21465 41776 896721840
18947 44294 839238418
14790 48451 716590290
44175 19066 842240550
3135 60106 188432310
59009 4232 249726088
19018 44223 841033014
48378 14863 719042214
15820 47421 750200220
19281 43960 847592760
60702 2539 154122378
34143 29098 993493014
39192 24049 942528408
27504 35737 982910448
6980 56261 392701780
14899 48342 720247458
59067 4174 246545658
15525 47716 740790900
31808 31433 999820864
55188 8053 444428964
20049 43192 865956408
41804 21437 896152348
24651 38590 951282090
44023 19218 846034014
8056 55185 444570360
32481 30760 999115560
49462 13779 681536898
7604 55637 423063748
53773 9468 509122764
26595 36646 974600370
57672 5569 321175368
9600 53641 514953600
16151 47090 760550590
14798 48443 716859514
33989 29252 994246228
62518 723 45200514
41816 21425 895907800
59786 3455 206560630
9047 54194 490293118
33760 29481 995278560
52495 10746 564111270
41075 22166 910468450
51995 11246 584735770
54701 8540 467146540
22528 40713 917182464
45032 18209 819987688
36482 26759 976221838
55957 7284 407590788
18729 44512 833665248
14751 48490 715275990
52878 10363 547974714
5084 58157 295670188
25044 38197 956605668
47141 16100 758970100
52321 10920 571345320
13928 49313 686831464
27475 35766 982670850
50497 12744 643533768
23997 39244 941738268
27315 35926 981318690
43312 19929 863164848
40700 22541 917418700
36129 27112 979529448
16453 46788 769802964
38837 24404 947778148
3162 60079 189969798
15944 47297 754103368
41384 21857 904530088
26470 36771 973328370
29500 33741 995359500
19837 43404 861005148
22434 40807 915464238
24520 38721 949438920
17874 45367 810889758
7591 55650 422439150
1643 61598 101205514
27484 35757 982745388
16771 46470 779348370
36930 26311 971665230
7979 55262 440935498
19818 43423 860557014
24516 38725 949382100
22161 41080 910373880
31920 31321 999766320
20752 42489 881731728
23626 39615 935943990
55598 7643 424935514
42300 20941 885804300
38086 25155 958053330
34487 28754 991639198
60805 2436 148120980
52905 10336 546826080
59954 3287 197068798
48800 14441 704720800
35685 27556 983335860
60379 2862 172804698
31437 31804 999822348
57085 6156 351415260
51013 12228 623786964
24654 38587 951323898
50471 12770 644514670
28752 34489 991627728
12071 51170 617673070
57235 6006 343753410
55536 7705 427904880
29239 34002 994184478
57405 5836 335015580
32067 31174 999656658
52307 10934 571924738
37842 25399 961148958
39666 23575 935125950
29144 34097 993722968
14749 48492 715208508
6725 56516 380070100
35954 27287 981076798
47635 15606 743391810
35912 27329 981439048
32512 30729 999061248
19123 44118 843668514
7404 55837 413417148
50697 12544 635943168
25777 37464 965709528
26137 37104 969787248
51018 12223 623593014
43745 19496 852852520
61026 2215 135172590
18081 45160 816537960
11493 51748 594739764
52459 10782 565612938
42607 20634 879152838
17718 45523 806576514
13544 49697 673096168
58156 5085 295723260
679 62562 42479598
22078 41163 908796714
13197 50044 660430668
46063 17178 791270214
14668 48573 712468764
53188 10053 534698964
6376 56865 362571240
51169 12072 617712168
26331 36910 971877210
50414 12827 646660378
34054 29187 993934098
58910 4331 255139210
1179 62062 73171098
8887 54354 483043998
59992 3249 194914008
36198 27043 978902514
42215 21026 887612590
19087 44154 842767398
41555 21686 901161730
35238 28003 986769714
24874 38367 954340758
58413 4828 282017964
62937 304 19132848
44752 18489 827419728
27069 36172 979139868
1582 61659 97544538
13967 49274 688209958
20464 42777 875388528
30795 32446 999174570
58476 4765 278638140
47429 15812 749947348
44467 18774 834823458
41192 22049 908242408
47734 15507 740211138
62734 507 31806138
8521 54720 466269120
9661 53580 517636380
58755 4486 263574930
55557 7684 426899988
61534 1707 105038538
39235 24006 941875410
32120 31121 999606520
9796 53445 523547220
53797 9444 508058868
16385 46856 767735560
18270 44971 821620170
35150 28091 987398650
29441 33800 995105800
41637 21604 899525748
10870 52371 569272770
47421 15820 750200220
59063 4178 246765214
32649 30592 998798208
43502 19739 858685978
33644 29597 995761468
23634 39607 936071838
55774 7467 416464458
41757 21484 897107388
51554 11687 602511598
48578 14663 712299214
46471 16770 779318670
25225 38016 958953600
46266 16975 785365350
42291 20950 885996450
36389 26852 977117428
2940 60301 177284940
45776 17465 799477840
25141 38100 957872100
28493 34748 990074764
62788 453 28442964
11424 51817 591957408
57159 6082 347641038
16486 46755 770802930
52418 10823 567320014
53144 10097 536594968
38527 24714 952156278
48335 14906 720481510
58987 4254 250930698
54670 8571 468576570
6927 56314 390087078
35175 28066 987221550
59538 3703 220469214
52021 11220 583675620
8754 54487 476979198
26996 36245 978470020
20236 43005 870249180
38550 24691 951838050
39158 24083 943042114
30146 33095 997681870
57902 5339 309138778
10568 52673 556648264
37486 25755 965451930
7821 55420 433439820
13901 49340 685875340
45169 18072 816294168
26281 36960 971345760
7601 55640 422919640
48615 14626 711042990
57384 5857 336098088
35459 27782 985121938
43251 19990 864587490
18619 44622 830817018
23093 40148 927137764
40156 23085 927001260
27858 35383 985699614
61594 1647 101445318
56095 7146 400854870
45117 18124 817700508
8179 55062 450352098
9369 53872 504726768
24981 38260 955773060
50492 12749 643722508
61201 2040 124850040
63217 24 1517208
18723 44518 833510514
360 62881 22637160
12443 50798 632079514
37895 25346 960486670
53057 10184 540332488
53529 9712 519873648
9002 54239 488259478
16291 46950 764862450
56896 6345 361005120
44331 18910 838299210
39775 23466 933360150
37382 25859 966661138
5597 57644 322633468
41158 22083 908892114
41242 21999 907282758
40505 22736 920921680
39140 24101 943313140
8582 54659 469083538
12794 50447 645418918
20688 42553 880336464
37454 25787 965826298
9610 53631 515393910
50683 12558 636477114
9298 53943 501562014
14383 48858 702724614
29381 33860 994840660
47250 15991 755574750
51501 11740 604621740
33353 29888 996854464
21611 41630 899665930
17446 45795 798939570
23244 39997 929690268
39112 24129 943733448
45465 17776 808185840
54353 8888 483089464
32814 30427 998431578
4249 58992 250657008
60942 2299 140105658
35769 27472 982645968
26244 36997 970949268
48203 15038 724876714
36557 26684 975486988
52955 10286 544695130
37787 25454 961830298
3517 59724 210049308
10183 53058 540289614
58722 4519 265364718
21597 41644 899385468
24842 38399 953907958
44024 19217 846009208
15690 47551 746075190
14712 48529 713958648
25886 37355 966971530
1635 61606 100725810
26298 36943 971527014
12478 50763 633420714
13659 49582 677240538
49466 13775 681394150
47747 15494 739792018
35714 27527 983099278
7519 55722 418973718
5177 58064 300597328
62815 426 26759190
28195 35046 988121970
1013 62228 63036964
51744 11497 594900768
23376 39865 931884240
37515 25726 965110890
54196 9045 490202820
47805 15436 737917980
2919 60322 176079918
29023 34218 993109014
36876 26365 972235740
51266 11975 613910350
6267 56974 357056058
11272 51969 585794568
17807 45434 809043238
4092 59149 242037708
61903 1338 82826214
15372 47869 735842268
27147 36094 979843818
30346 32895 998231670
49406 13835 683532010
36368 26873 977317264
9696 53545 519172320
9914 53327 528683878
13945 49296 687432720
11101 52140 578806140
8318 54923 456849514
29666 33575 996035950
26577 36664 974419128
58887 4354 256393998
25300 37941 959907300
30667 32574 998946858
52097 11144 580568968
40522 22719 920619318
38820 24421 948023220
23706 39535 937216710
58439 4802 280624078
3605 59636 214987780
4552 58689 267152328
46759 16482 770681838
1021 62220 63526620
10385 52856 548909560
39926 23315 930874690
2388 60853 145316964
29039 34202 993191878
62251 990 61628490
26768 36473 976309264
15510 47731 740307810
35092 28149 987804708
7791 55450 432010950
28676 34565 991185940
37744 25497 962358768
28260 34981 988563060
3672 59569 218737368
41225 22016 907609600
28526 34715 990280090
48073 15168 729171264
46745 16496 771105520
51216 12025 615872400
59083 4158 245667114
17609 45632 803533888
58779 4462 262271898
22035 41206 907974210
31407 31834 999810438
41633 21608 899605864
17573 45668 802523764
57092 6149 351058708
6028 57213 344879964
63123 118 7448514
32161 31080 999563880
26763 36478 976260714
54826 8415 461360790
43754 19487 852634198
51247 11994 614656518
5981 57260 342472060
42651 20590 878184090
41493 21748 902389764
8468 54773 463817764
46315 16926 783927690
39818 23423 932657014
30461 32780 998511580
41613 21628 900005964
45688 17553 801961464
11490 51751 594618990
56102 7139 400512178
45235 18006 814501410
15091 48150 726631650
43522 19719 858210318
51335 11906 611194510
32993 30248 997972264
63112 129 8141448
27709 35532 984556188
11606 51635 599275810
41471 21770 902823670
61092 2149 131286708
10010 53231 532842310
17328 45913 795580464
40353 22888 923599464
37024 26217 970658208
11589 51652 598595028
40969 22272 912461568
27752 35489 984890728
7495 55746 417816270
55645 7596 422679420
45131 18110 817322410
20972 42269 886465468
5903 57338 338466214
8479 54762 464326998
21221 42020 891706420
45827 17414 798031378
8197 55044 451195668
60072 3169 190368168
57226 6015 344214390
27298 35943 981172014
24871 38370 954300270
55965 7276 407201340
54396 8845 481132620
55749 7492 417671508
47950 15291 733203450
21794 41447 903295918
3284 59957 196898788
46062 17179 791299098
57706 5535 319402710
33628 29613 995825964
49742 13499 671467258
43026 20215 869770590
53127 10114 537326478
10609 52632 558372888
48986 14255 698295430
8525 54716 466453900
21533 41708 898098364
11554 51687 597191598
40533 22708 920423364
38790 24451 948454290
57137 6104 348764248
152 63089 9589528
39665 23576 935142040
27042 36199 978893358
10297 52944 545164368
19294 43947 847913418
18149 45092 818374708
24368 38873 947257264
24351 38890 947010390
31008 32233 999480864
62856 385 24199560
30496 32745 998591520
14054 49187 691274098
14236 49005 697635180
10740 52501 563860740
62559 682 42665238
36574 26667 975318858
20807 42434 882924238
43006 20235 870226410
3450 59791 206278950
54394 8847 481223718
20104 43137 867226248
3107 60134 186836338
24940 38301 955226940
21805 41436 903511980
41330 21911 905581630
7340 55901 410313340
47464 15777 748839528
1129 62112 70124448
13692 49549 678424908
11324 51917 587908108
9781 53460 522892260
5964 57277 341600028
38161 25080 957077880
39023 24218 945059014
20588 42653 878139964
39512 23729 937580248
28885 34356 992373060
11618 51623 599756014
9636 53605 516537780
54857 8384 459921088
56436 6805 384046980
45602 17639 804373678
2715 60526 164328090
58731 4510 264876810
15427 47814 737626578
36396 26845 977050620
23113 40128 927478464
44724 18517 828154308
54550 8691 474094050
60484 2757 166754388
26059 37182 968925738
20480 42761 875745280
39181 24060 942694860
16293 46948 764923764
13770 49471 681215670
55225 8016 442683600
5191 58050 301337550
21799 41442 903394158
61486 1755 107907930
60638 2603 157840714
50285 12956 651492460
53664 9577 513940128
10196 53045 540846820
47546 15695 746234470
31327 31914 999769878
16414 46827 768618378
17764 45477 807853428
2247 60994 137053518
40635 22606 918594810
47725 15516 740501100
18661 44580 831907380
59336 3905 231707080
39428 23813 938898964
54011 9230 498521530
4085 59156 241652260
61654 1587 97844898
54625 8616 470649000
2639 60602 159928678
2206 61035 134643210
62729 512 32117248
57558 5683 327102114
51075 12166 621378450
31667 31574 999853858
33288 29953 997075464
57486 5755 330831930
46334 16907 783368938
60521 2720 164617120
61621 1620 99826020
7639 55602 424743678
35826 27415 982169790
40271 22970 925024870
23685 39556 936883860
26862 36379 977212698
13151 50090 658733590
45673 17568 802383264
45295 17946 812864070
17494 45747 800298018
23658 39583 936454614
17214 46027 792308778
60542 2699 163402858
971 62270 60464170
50001 13240 662013240
17551 45690 801905190
9566 53675 513455050
16376 46865 767461240
43351 19890 862251390
61263 1978 121178214
15326 47915 734345290
20961 42280 886231080
17542 45699 801651858
54740 8501 465344740
22575 40666 918034950
46244 16997 786009268
44989 18252 821139228
42094 21147 890161818
24209 39032 944925688
59019 4222 249178218
39485 23756 938005660
12797 50444 645531868
27453 35788 982487964
35675 27566 983417050
29655 33586 995992830
26978 36263 978303214
51474 11767 605694558
21013 42228 887336964
52120 11121 579626520
28200 35041 988156200
60609 2632 159522888
20442 42799 874897158
59845 3396 203233620
35260 27981 986610060
22892 40349 923669308
28823 34418 992030014
55672 7569 421381368
37081 26160 970038960
24411 38830 947879130
39086 24155 944122330
19263 43978 847148214
58299 4942 288113658
54038 9203 497311714
36721 26520 973840920
53262 9979 531501498
25640 37601 964089640
18009 45232 814583088
8912 54329 484180048
3935 59306 233369110
42985 20256 870704160
10945 52296 572379720
21937 41304 906085848
24557 38684 949962988
30707 32534 999021538
36408 26833 976935864
35002 28239 988421478
58934 4307 253828738
62766 475 29813850
29664 33577 996028128
55204 8037 443674548
5463 57778 315641214
688 62553 43036464
32268 30973 999436764
39293 23948 940988764
33886 29355 994723530
38822 24419 947994418
50451 12790 645268290
18094 45147 816889818
20830 42411 883421130
61497 1744 107250768
10879 52362 569646198
46930 16311 765475230
39122 24119 943583518
36860 26381 972403660
52679 10562 556395598
44325 18916 838451700
13309 49932 664544988
29097 34144 993487968
11263 51978 585428214
59164 4077 241211628
43719 19522 853482318
30104 33137 997556248
16651 46590 775770090
58441 4800 280516800
24373 38868 947329764
9519 53722 511379718
23292 39949 930492108
30637 32604 998888748
53654 9587 514380898
26128 37113 969688464
1189 62052 73779828
7503 55738 418202214
49144 14097 692782968
46899 16342 766423458
22468 40773 916087764
22691 40550 920120050
46849 16392 767948808
6175 57066 352382550
50958 12283 625917114
30584 32657 998781688
48804 14437 704583348
49213 14028 690359964
16838 46403 781333714
11130 52111 579995430
47306 15935 753821110
44372 18869 837255268
4195 59046 247697970
38026 25215 958825590
47071 16170 761138070
13527 49714 672481278
62962 279 17566398
17432 45809 798542488
19835 43406 860958010
19002 44239 840629478
16972 46269 785277468
12442 50799 632041158
60312 2929 176653848
44870 18371 824306770
13970 49271 688315870
4930 58311 287473230
25460 37781 961904260
3554 59687 212127598
23067 40174 926693658
315 62926 19821690
12114 51127 619352478
39642 23599 935511558
25676 37565 964518940
37109 26132 969732388
19970 43271 864121870
41147 22094 909101818
10317 52924 546016908
41815 21426 895928190
29611 33630 995817930
44810 18431 825893110
47913 15328 734410464
21620 41621 899846020
47302 15939 753946578
589 62652 36902028
21510 41731 897633810
29450 33791 995144950
44844 18397 824995068
12017 51224 615558808
36735 26506 973697910
48056 15185 729730360
27893 35348 985961764
54639 8602 470004678
12097 51144 618688968
21816 41425 903727800
2989 60252 180093228
21 63220 1327620
32723 30518 998640514
51656 11585 598434760
34124 29117 993588508
62577 664 41551128
53236 10005 532626180
62584 657 41117688
19007 44234 840755638
44788 18453 826472964
15292 47949 733236108
33708 29533 995498364
45534 17707 806270538
39541 23700 937121700
7447 55794 415497918
14036 49205 690641380
36414 26827 976878378
4511 58730 264931030
6395 56846 363530170
47683 15558 741852114
22219 41022 911467818
4149 59092 245172708
15910 47331 753036210
26282 36959 971356438
25026 38215 956368590
5368 57873 310662264
23343 39898 931339014
27592 35649 983627208
32931 30310 998138610
31479 31762 999835998
37295 25946 967656070
41221 22020 907686420
58538 4703 275304214
48632 14609 710464888
47696 15545 741434320
14446 48795 704892570
19481 43760 852488560
60983 2258 137699614
53795 9446 508147570
55631 7610 423351910
3117 60124 187406508
16590 46651 773940090
1209 62032 74996688
21302 41939 893384578
11381 51860 590218660
2584 60657 156737688
15842 47399 750894958
53706 9535 512086710
13024 50217 654026208
51057 12184 622078488
53775 9466 509034150
40964 22277 912555028
30439 32802 998460078
46146 17095 788865870
34003 29238 994179714
33168 30073 997461264
24632 38609 951016888
51810 11431 592240110
41567 21674 900923158
29174 34067 993870658
18952 44289 839365128
44077 19164 844691628
61174 2067 126446658
9646 53595 516977370
38625 24616 950793000
28189 35052 988080828
14655 48586 712027830
6482 56759 367911838
17869 45372 810752268
29045 34196 993222820
33450 29791 996508950
55551 7690 427187190
17159 46082 790721038
35662 27579 983522298
11220 52021 583675620
12069 51172 617594868
44661 18580 829801380
54927 8314 456663078
34148 29093 993467764
5882 57359 337385638
10657 52584 560387688
47639 15602 743263678
31055 32186 999536230
24069 39172 942830868
25477 37764 962113428
32505 30736 999073680
41121 22120 909596520
45973 17268 793861764
15941 47300 754009300
55951 7290 407882790
5204 58037 302024548
57294 5947 340727418
50960 12281 625839760
57673 5568 321123264
50463 12778 644816214
6783 56458 382954614
7467 55774 416464458
8140 55101 448522140
52062 11179 582001098
893 62348 55676764
33990 29251 994241490
22230 41011 911674530
48547 14694 713349618
21058 42183 888289614
56318 6923 389889514
15699 47542 746361858
13324 49917 665094108
13885 49356 685308060
21957 41284 906472788
24181 39060 944509860
54250 8991 487761750
228 63013 14366964
31770 31471 999833670
42110 21131 889826410
10138 53103 538358214
54547 8694 474231618
17412 45829 797974548
49087 14154 694777398
15153 48088 728677464
14479 48762 706024998
1864 61377 114406728
7194 56047 403202118
51102 12139 620327178
14951 48290 721983790
46695 16546 772615470
32130 31111 999596430
17974 45267 813629058
5834 57407 334912438
47018 16223 762773014
21915 41326 905659290
41154 22087 908968398
53014 10227 542174178
33418 29823 996625014
23326 39915 931057290
5151 58090 299221590
45632 17609 803533888
13818 49423 682927014
39799 23442 932968158
33206 30035 997342210
13762 49479 680929998
56207 7034 395360038
17140 46101 790171140
2310 60931 140750610
12589 50652 637658028
34827 28414 989574378
24912 38329 954852048
43057 20184 869062488
31591 31650 999855150
29399 33842 994920958
43103 20138 868008214
3229 60012 193778748
18492 44749 827498508
2372 60869 144381268
44477 18764 834566428
60771 2470 150104370
40932 22309 913151988
47270 15971 754949170
62277 964 60035028
52756 10485 553146660
1363 61878 84339714
51927 11314 587502078
22396 40845 914764620
50061 13180 659803980
27927 35314 986214078
59445 3796 225653220
610 62631 38204910
13154 50087 658844398
52672 10569 556690368
10723 52518 563150514
56285 6956 391518460
20392 42849 873776808
42896 20345 872719120
26601 36640 974660640
32936 30305 998125480
56693 6548 371225764
24682 38559 951713238
53813 9428 507348964
22043 41198 908127514
13913 49328 686300464
55685 7556 420755860
26634 36607 974990838
16582 46659 773699538
44168 19073 842416264
31331 31910 999772210
4192 59049 247533408
56820 6421 364841220
49552 13689 678317328
6611 56630 374380930
23115 40126 927512490
5976 57265 342215640
21647 41594 900385318
30527 32714 998660278
5616 57625 323622000
16612 46629 774600948
23492 39749 933783508
27260 35981 980842060
55865 7376 412060240
42764 20477 875678428
58638 4603 269910714
54671 8570 468530470
4559 58682 267531238
51917 11324 587908108
2551 60690 154820190
37072 26169 970137168
27229 36012 980570748
17540 45701 801595540
9706 53535 519610710
43130 20111 867387430
33382 29859 996753138
20948 42293 885953764
50034 13207 660799038
33579 29662 996020298
35319 27922 986177118
50260 12981 652425060
3285 59956 196955460
35054 28187 988067098
51020 12221 623515420
31535 31706 999848710
37629 25612 963753948
10091 53150 536336650
32729 30512 998627248
36084 27157 979933188
21420 41821 895805820
14186 49055 695894230
33438 29803 996552714
37351 25890 967017390
4333 58908 255248364
41568 21673 900903264
45809 17432 798542488
14953 48288 722050464
2749 60492 166292508
40913 22328 913505464
55259 7982 441077338
10625 52616 559045000
49181 14060 691484860
18773 44468 834797764
40414 22827 922530378
28847 34394 992163718
849 62392 52970808
33261 29980 997164780
25824 37417 966256608
41049 22192 910959408
36618 26623 974881014
7871 55370 435817270
49776 13465 670233840
33413 29828 996642964
32243 30998 999468514
58415 4826 281910790
48776 14465 705544840
23242 39999 929656758
24481 38760 948883560
55375 7866 435579750
21339 41902 894146778
57572 5669 326375668
12119 51122 619547518
37196 26045 968769820
5655 57586 325648830
14544 48697 708249168
28566 34675 990526050
57494 5747 330418018
41486 21755 902527930
58161 5080 295457880
37725 25516 962591100
35540 27701 984493540
13391 49850 667541350
30923 32318 999369514
35293 27948 986368764
7326 55915 409633290
52520 10721 563066920
15448 47793 738306264
55282 7959 439989438
59942 3299 197748658
37384 25857 966638088
51862 11379 590137698
27498 35743 982861014
58938 4303 253610214
1814 61427 111428578
56999 6242 355787758
6278 56963 357613714
439 62802 27570078
17993 45248 814147264
50985 12256 624872160
57310 5931 339905610
16967 46274 785130958
39089 24152 944077528
14012 49229 689796748
5255 57986 304716430
17883 45358 811137114
39628 23613 935735964
47807 15434 737853238
28207 35034 988204038
37290 25951 967712790
4605 58636 270018780
22616 40625 918775000
60729 2512 152551248
56716 6525 370071900
6491 56750 368364250
7218 56023 404374014
44323 18918 838502514
59535 3706 220636710
26907 36334 977638938
10121 53120 537627520
15166 48075 729105450
48599 14642 711586558
11218 52023 583594014
28019 35222 986885218
32148 31093 999577764
10684 52557 561518988
57199 6042 345596358
11700 51541 603029700
31958 31283 999742114
55607 7634 424503838
31944 31297 999751368
61349 1892 116072308
19658 43583 856754614
35336 27905 986051080
55791 7450 415642950
27389 35852 981950428
14592 48649 709886208
41713 21528 897997464
18398 44843 825021514
47413 15828 750452964
30644 32597 998902468
60027 3214 192926778
63061 180 11350980
27446 35795 982429570
16882 46359 782632638
42385 20856 883981560
2951 60290 177915790
45053 18188 819423964
38449 24792 953227608
1 0 553352572
1 0 105353981
1 0 473431419
1 0 625361101
1 0 10103380
1 0 141861431
1 0 824123428
1 0 173845894
1 0 26646183
1 0 936373803
1 0 220213220
1 0 699695204
1 0 985162974
1 0 593045238
1 0 72224524
1 0 775520842
1 0 761507747
1 0 873216184
1 0 753051980
1 0 854908818
1 0 25405076
1 0 35301394
1 0 422212238
1 0 923225362
1 0 881735122
1 0 821383527
1 0 366771197
1 0 219394162
1 0 721423404
1 0 370842863
1 0 466560114
1 0 271741378
1 0 584787585
1 0 315523380
1 0 496051199
1 0 953511278
1 0 724751503
1 0 76017483
1 0 50476313
1 0 448338516
1 0 416391067
1 0 739192482
1 0 495833478
1 0 840129140
1 0 476058749
1 0 715937516
1 0 62368413
1 0 875719429
1 0 985152808
1 0 837511915
1 0 66707712
1 0 707692987
1 0 632352218
1 0 790939310
1 0 487986020
1 0 172589023
1 0 361516221
1 0 540055703
1 0 575400853
1 0 779639286
1 0 296189551
1 0 699111170
1 0 188288400
1 0 858230314
1 0 471106113
1 0 359677920
1 0 339281775
1 0 181789394
1 0 556114081
1 0 212011580
1 0 64522882
1 0 653509892
1 0 1414812
1 0 988421506
1 0 278783143
1 0 333307972
1 0 968670299
1 0 933530658
1 0 312282446
1 0 182916260
1 0 192535906
1 0 173718737
1 0 314997791
1 0 208484378
1 0 180753187
1 0 620244678
1 0 805096562
1 0 376347876
1 0 172352871
1 0 235843392
1 0 985346528
1 0 26108709
1 0 454086859
1 0 963491879
1 0 456433044
1 0 402274217
1 0 394035024
1 0 33302983
1 0 931501086
1 0 285177393
1 0 662283319
1 0 62563047
1 0 884209346
1 0 978923960
1 0 656196658
1 0 507698232
1 0 636435069
1 0 300592718
1 0 198479012
1 0 561923938
1 0 115525441
1 0 8913710
1 0 540191110
1 0 923625986
1 0 136520406
1 0 141495525
1 0 819258154
1 0 971216311
1 0 495485848
1 0 612546070
1 0 17423976
1 0 645742045
1 0 359083947
1 0 301930030
1 0 915452064
1 0 917507720
1 0 828052124
1 0 98087028
1 0 968638124
1 0 397484486
1 0 935549097
1 0 756478609
1 0 743038584
1 0 15823808
1 0 382867896
1 0 242723291
1 0 453646885
1 0 759183621
1 0 539832803
1 0 75326497
1 0 777483973
1 0 43811429
1 0 919255648
1 0 678812036
1 0 868644175
1 0 698085008
1 0 467792886
1 0 116549580
1 0 887291241
1 0 154388607
1 0 760743267
1 0 375483713
1 0 138093586
1 0 879637338
1 0 48297339
1 0 690760313
1 0 800314404
1 0 136350113
1 0 728986552
1 0 165012882
1 0 596491376
1 0 106856704
1 0 22694211
1 0 127632085
1 0 355779672
1 0 885177294
1 0 531648943
1 0 35945797
1 0 247844694
1 0 52701623
1 0 575579674
1 0 826956049
1 0 183066383
1 0 947980483
1 0 483501016
1 0 214716366
1 0 828607607
1 0 996793007
1 0 397495706
1 0 466319975
1 0 258962137
1 0 574831023
1 0 464674628
1 0 165386315
1 0 231392659
1 0 713694060
1 0 666582579
1 0 35382763
1 0 61505329
1 0 614218249
1 0 948872964
1 0 477515090
1 0 3024038
1 0 186331446
1 0 303765893
1 0 6311475
1 0 856665042
1 0 205855464
1 0 44435670
1 0 738891698
1 0 441846069
1 0 82800662
1 0 550784924
1 0 810593962
1 0 954063025
1 0 9812951
1 0 106263179
1 0 237965617
1 0 814152490
1 0 509806961
1 0 76948485
1 0 533162766
1 0 97260935
1 0 812502255
1 0 962776361
1 0 417524935
1 0 709012415
1 0 218083783
1 0 471025376
1 0 724603945
1 0 306006309
1 0 33057094
1 0 74261289
1 0 521556705
1 0 695319776
1 0 858848515
1 0 399998456
1 0 263430845
1 0 836062216
1 0 491472349
1 0 332359757
1 0 761010064
1 0 114355587
1 0 6202217
1 0 860287946
1 0 862985716
1 0 465223059
1 0 283596448
1 0 19581874
1 0 280414480
1 0 689033172
1 0 44718968
1 0 88823332
1 0 438807372
1 0 89115618
1 0 428756830
1 0 691793358
1 0 315363900
1 0 21377094
1 0 244046260
1 0 52372280
1 0 605508352
1 0 708107491
1 0 909596039
1 0 546774305
1 0 140072
1 0 34306218
1 0 29871810
1 0 58041557
1 0 900531451
1 0 251475256
1 0 568632551
1 0 224087880
1 0 454450264
1 0 205562569
1 0 684679071
1 0 510561205
1 0 480562892
1 0 31808575
1 0 651390765
1 0 285202155
1 0 666906710
1 0 401422581
1 0 147670628
1 0 17974055
1 0 606621314
1 0 82523065
1 0 65234278
1 0 59250317
1 0 109624976
1 0 70697418
1 0 227780439
1 0 84491470
1 0 504960023
1 0 951018614
1 0 547399277
1 0 512914330
1 0 113278199
1 0 911084509
1 0 373801051
1 0 14183611
1 0 51024228
1 0 8192583
1 0 108350326
1 0 340975752
1 0 37288490
1 0 12279349
1 0 697964498
1 0 678444964
1 0 918103568
1 0 64308014
1 0 570717052
1 0 532325186
1 0 491559257
1 0 797460430
1 0 77500963
1 0 550815377
1 0 760867071
1 0 949816401
1 0 331483564
1 0 939709052
1 0 407498028
1 0 338873687
1 0 606308277
1 0 13419751
1 0 351814934
1 0 694947395
1 0 654950111
1 0 459043589
1 0 375714980
1 0 716902380
1 0 920664413
1 0 286773839
1 0 679242070
1 0 403265234
1 0 379898746
1 0 84530393
1 0 999995391
1 0 597892004
1 0 293239084
1 0 983231866
1 0 541555874
1 0 420102356
1 0 610484547
1 0 48048057
1 0 840682668
1 0 144448175
1 0 737700898
1 0 295394918
1 0 667812256
1 0 132701307
1 0 746667142
1 0 540140481
1 0 493152132
1 0 205482554
1 0 454376945
1 0 283961586
1 0 571926386
1 0 897471508
1 0 288242591
1 0 21126812
1 0 268019058
1 0 742788694
1 0 449313355
1 0 127695629
1 0 441876469
1 0 869869317
1 0 182661340
1 0 787722497
1 0 253074988
1 0 314721041
1 0 886952176
1 0 408417457
1 0 7779274
1 0 346322199
1 0 808957587
1 0 277463478
1 0 238056704
1 0 787729306
1 0 763468488
1 0 657012022
1 0 880854576
1 0 98921273
1 0 641923842
1 0 591845742
1 0 584881526
1 0 307483467
1 0 357765763
1 0 488261321
1 0 726822594
1 0 661566904
1 0 907065237
1 0 465273178
1 0 664315258
1 0 685008352
1 0 873460125
1 0 190677760
1 0 573934417
1 0 522863322
1 0 28759155
1 0 963373441
1 0 21275848
1 0 643023441
1 0 839274185
1 0 597103001
1 0 818384635
1 0 954393312
1 0 902732991
1 0 723088165
1 0 377701680
1 0 699864700
1 0 307665947
1 0 710509210
1 0 32657845
1 0 949974976
1 0 200597949
1 0 232606738
1 0 889238031
1 0 305948113
1 0 6914942
1 0 999641700
1 0 14237372
1 0 255782154
1 0 931250559
1 0 189051317
1 0 91999541
1 0 265146748
1 0 631974829
1 0 133782205
1 0 61544844
1 0 431082378
1 0 554654656
1 0 336532943
1 0 391835648
1 0 877437607
1 0 545532170
1 0 929082872
1 0 388663376
1 0 181772610
1 0 16251697
1 0 333898879
1 0 112256296
1 0 360433079
1 0 574701586
1 0 113896503
1 0 283005170
1 0 898389224
1 0 61184350
1 0 134068865
1 0 729919575
1 0 704286941
1 0 446134836
1 0 540253992
1 0 670751191
1 0 859744852
1 0 92850529
1 0 500286831
1 0 792689358
1 0 801854302
1 0 59967899
1 0 708670079
1 0 313246038
1 0 33149248
1 0 547014174
1 0 679966740
1 0 736273642
1 0 404901847
1 0 722656199
1 0 722239395
1 0 519698793
1 0 785442983
1 0 628144330
1 0 670172499
1 0 998966077
1 0 493257338
1 0 240293958
1 0 254423398
1 0 514019425
1 0 927970385
1 0 159823463
1 0 190483701
1 0 697223511
1 0 931021937
1 0 393057739
1 0 665803452
1 0 87761932
1 0 377822206
1 0 589492603
1 0 989256303
1 0 372537858
1 0 499909009
1 0 389473763
1 0 18888164
1 0 894421405
1 0 817043139
1 0 259828379
1 0 950341974
1 0 455428740
1 0 229447952
1 0 239657948
1 0 613759363
1 0 51530545
1 0 895842494
1 0 744608978
1 0 81998180
1 0 72645143
1 0 582495004
1 0 41272300
1 0 70644798
1 0 400758071
1 0 842454926
1 0 747731130
1 0 470154693
1 0 379193516
1 0 904162702
1 0 447370402
1 0 798787696
1 0 214536339
1 0 139924095
1 0 284761692
1 0 928808506
1 0 361378521
1 0 524558446
1 0 817719384
1 0 43377231
1 0 187923887
1 0 731580257
1 0 531145410
1 0 138814888
1 0 753853948
1 0 234223094
1 0 265932361
1 0 700125298
1 0 580157332
1 0 144646722
1 0 619520725
1 0 74842213
1 0 289791444
1 0 88582773
1 0 899636608
1 0 31020987
1 0 17792162
1 0 23215513
1 0 816852547
1 0 16825554
1 0 762557048
1 0 624447197
1 0 284059438
1 0 213990814
1 0 722170945
1 0 581652147
1 0 284609117
1 0 27623621
1 0 108411372
1 0 534427741
1 0 100682751
1 0 948124828
1 0 180566325
1 0 224961541
1 0 690919798
1 0 273158071
1 0 492835743
1 0 186998960
1 0 927210468
1 0 493628303
1 0 759627311
1 0 696105787
1 0 584291163
1 0 471153342
1 0 692452155
1 0 258299572
1 0 423546164
1 0 616642523
1 0 882797445
1 0 306564065
1 0 83391159
1 0 732226794
1 0 182360108
1 0 58154787
1 0 172731881
1 0 463984693
1 0 479579894
1 0 976595621
1 0 736336242
1 0 314122649
1 0 158362750
1 0 926956008
1 0 631362973
1 0 38537755
1 0 90235300
1 0 792910365
1 0 629856660
1 0 454886066
1 0 149395619
1 0 626820049
1 0 917340296
1 0 107003045
1 0 955927928
1 0 165823952
1 0 236380333
1 0 826085271
1 0 52368822
1 0 976651998
1 0 854188867
1 0 902924917
1 0 917840630
1 0 823083330
1 0 926005146
1 0 64946763
1 0 643526602
1 0 102560970
1 0 487604260
1 0 662819793
1 0 145679033
1 0 840829062
1 0 161106698
1 0 776802449
1 0 124988317
1 0 602240019
1 0 326193257
1 0 628634055
1 0 906032922
1 0 644247529
1 0 582203134
1 0 612471538
1 0 105993810
1 0 491629338
1 0 924596523
1 0 742162962
1 0 835609228
1 0 304851274
1 0 102422709
1 0 915224150
1 0 687624523
1 0 764137266
1 0 727661809
1 0 110368019
1 0 697005059
1 0 170765505
1 0 168842546
1 0 209970633
1 0 203302256
1 0 573467130
1 0 561081807
1 0 50690688
1 0 751138468
1 0 98439666
1 0 289712038
1 0 638521260
1 0 88677042
1 0 696187046
1 0 647946200
1 0 155066287
1 0 266203319
1 0 476675804
1 0 961585188
1 0 562398573
1 0 93279112
1 0 145302575
1 0 304012147
1 0 903568307
1 0 109084282
1 0 613744496
1 0 720704493
1 0 81165586
1 0 507440635
1 0 478236739
1 0 436424051
1 0 352854446
1 0 811651171
1 0 137673235
1 0 221209391
1 0 643156507
1 0 540970215
1 0 821365775
1 0 542001402
1 0 605165681
1 0 431974759
1 0 49882004
1 0 323692286
1 0 667093492
1 0 760916576
1 0 986519756
1 0 631149609
1 0 899967997
1 0 21420804
1 0 921069843
1 0 295262096
1 0 409635050
1 0 57718137
1 0 386247377
1 0 660967611
1 0 250805223
1 0 62839587
1 0 950654327
1 0 136767522
1 0 70181146
1 0 615594402
1 0 947541077
1 0 101107808
1 0 394577496
1 0 442699362
1 0 70191511
1 0 732390042
1 0 279226473
1 0 563343739
1 0 242344070
1 0 509403260
1 0 22286425
1 0 498869224
1 0 811291073
1 0 443204923
1 0 385837197
1 0 790689474
1 0 10576041
1 0 885920053
1 0 866842247
1 0 425833580
1 0 919097226
1 0 269376673
1 0 800848153
1 0 716313902
1 0 762064467
1 0 388857868
1 0 502992715
1 0 757291645
1 0 375880192
1 0 48272360
1 0 111812246
1 0 800128368
1 0 435791822
1 0 232574528
1 0 867184190
1 0 944700532
1 0 669148083
1 0 837121468
1 0 751830322
1 0 218221164
1 0 631668886
1 0 150762034
1 0 199838830
1 0 153978093
1 0 961066601
1 0 42469115
1 0 746244993
1 0 752816191
1 0 381162258
1 0 42219940
1 0 496315180
1 0 887144216
1 0 53514030
1 0 193008557
1 0 130217408
1 0 171755494
1 0 870825106
1 0 601580599
1 0 83087560
1 0 498899310
1 0 810325498
1 0 674582065
1 0 236482262
1 0 443640010
1 0 265305327
1 0 865990968
1 0 325296776
1 0 632116476
1 0 182433573
1 0 36671511
1 0 88871106
1 0 927053627
1 0 383460885
1 0 735392853
1 0 136709271
1 0 215735311
1 0 628176942
1 0 208637965
1 0 170231984
1 0 334820076
1 0 990654278
1 0 902190524
1 0 658978932
1 0 547278213
1 0 64464737
1 0 6579839
1 0 644893081
1 0 965548408
1 0 167300397
1 0 199935116
1 0 640266130
1 0 103560790
1 0 11020508
1 0 985618628
1 0 816993082
1 0 469306157
1 0 226282452
1 0 976114767
1 0 610836385
1 0 726673890
1 0 959859056
1 0 828636965
1 0 519403549
1 0 338138808
1 0 52675692
1 0 843229967
1 0 658777056
1 0 813901246
1 0 111505864
1 0 851050058
1 0 824991282
1 0 588662659
1 0 396885600
1 0 936535118
1 0 940686759
1 0 535539459
1 0 101495443
1 0 210330657
1 0 863394502
1 0 12635642
1 0 791576094
1 0 461528368
1 0 655172718
1 0 120150715
1 0 927465840
1 0 547693881
1 0 849106044
1 0 656247208
1 0 406166671
1 0 106229981
1 0 813540392
1 0 952431951
1 0 710978569
1 0 240967531
1 0 416264778
1 0 195475970
1 0 109468783
1 0 510710374
1 0 932433953
1 0 383836436
1 0 159610919
1 0 169905972
1 0 772919561
1 0 107224960
1 0 123968211
1 0 83488720
1 0 412773438
1 0 705060790
1 0 903715983
1 0 550641431
1 0 52147847
1 0 232854337
1 0 255638091
1 0 778774483
1 0 79458506
1 0 753004542
1 0 799173940
1 0 100302741
1 0 601580046
1 0 456212439
1 0 978531700
1 0 368089565
1 0 428138182
1 0 367573498
1 0 871695029
1 0 356867631
1 0 369365034
1 0 937975858
1 0 185803032
1 0 665591522
1 0 731877613
1 0 356847316
1 0 46539282
1 0 808177760
1 0 222226815
1 0 78700290
1 0 656607710
1 0 297096358
1 0 372456564
1 0 121632761
1 0 287917489
1 0 20510822
1 0 68222361
1 0 134802000
1 0 380269726
1 0 371803284
1 0 71505938
1 0 348231598
1 0 890833361
1 0 618680901
1 0 273315909
1 0 18851396
1 0 144171047
1 0 719702215
1 0 685650314
1 0 613295557
1 0 24868073
1 0 335883030
1 0 149842115
1 0 52148531
1 0 271078553
1 0 494775534
1 0 5118767
1 0 313146064
1 0 999416490
1 0 566561362
1 0 481724509
1 0 907688722
1 0 606393217
1 0 995039520
1 0 26274969
1 0 970644039
1 0 947174160
1 0 144233476
1 0 629728452
1 0 479644469
1 0 472850175
1 0 95907850
1 0 817427135
1 0 931470128
1 0 45913584
1 0 647125080
1 0 935960600
1 0 6050001
1 0 887237443
1 0 391946405
1 0 314457302
1 0 964655455
1 0 374150217
1 0 63680442
1 0 10303644
1 0 757202028
1 0 517744915
1 0 518671818
1 0 967196496
1 0 709564732
1 0 800689788
1 0 245780877
1 0 764019967
1 0 984036910
1 0 105436752
1 0 269802527
1 0 443606463
1 0 534041869
1 0 900895971
1 0 821635351
1 0 141047223
1 0 99386138
1 0 136979961
1 0 551513244
1 0 920716255
1 0 822319242
1 0 470284141
1 0 163089137
1 0 172447350
1 0 590594222
1 0 228142067
1 0 550294510
1 0 799887437
1 0 342021563
1 0 387091395
1 0 317015727
1 0 447526997
1 0 891963460
1 0 739492526
1 0 393716120
1 0 557071033
1 0 86647530
1 0 136651833
1 0 114175634
1 0 101895418
1 0 292015991
1 0 122715662
1 0 706818720
1 0 631679584
1 0 328419211
1 0 65013550
1 0 251942301
1 0 766869508
1 0 949563858
1 0 292415170
1 0 871603520
1 0 411831692
1 0 729357729
1 0 765536773
1 0 415131765
1 0 105852275
1 0 902502381
1 0 254490961
1 0 3687389
1 0 510677737
1 0 757457877
1 0 830057891
1 0 940748186
1 0 5822292
1 0 955805786
1 0 86108374
1 0 240017
1 0 343209413
1 0 603972648
1 0 130680165
1 0 681211082
1 0 578768522
1 0 317616731
1 0 898067269
1 0 571946381
1 0 505927073
1 0 689468997
1 0 43837142
1 0 785428716
1 0 225561932
1 0 52929601
1 0 126192865
1 0 367159429
1 0 487800069
1 0 283181168
1 0 990236491
1 0 560045379
1 0 400622067
1 0 254780848
1 0 51482583
1 0 412467047
1 0 8647841
1 0 598427325
1 0 584669580
1 0 954660769
1 0 682639600
1 0 826934524
1 0 913276341
1 0 130751095
1 0 17742383
1 0 724589348
1 0 230840867
1 0 282016591
1 0 14813190
1 0 635184974
1 0 68557373
1 0 181254486
1 0 2104418
1 0 982206549
1 0 868570557
1 0 102038215
1 0 649490393
1 0 65075327
1 0 975583045
1 0 521392200
1 0 314791391
1 0 706337006
1 0 235648981
1 0 29611544
1 0 230183740
1 0 21790649
1 0 564964892
1 0 228462680
1 0 687759650
1 0 6359660
1 0 705085605
1 0 812573070
1 0 889886967
1 0 622375437
1 0 925991172
1 0 563828144
1 0 94781890
1 0 638931173
1 0 963551451
1 0 433409395
1 0 38371940
1 0 197509010
1 0 363277883
1 0 875438846
1 0 341673624
1 0 164916797
1 0 842712734
1 0 253851580
1 0 707654617
1 0 303102418
1 0 725027358
1 0 579461057
1 0 842128417
1 0 150240120
1 0 444484004
1 0 704447765
1 0 891365911
1 0 791225480
1 0 180444817
1 0 10714032
1 0 253495536
1 0 421394023
1 0 5637049
1 0 681324325
1 0 256505324
1 0 904486511
1 0 703873658
1 0 801341932
1 0 407372503
1 0 56714649
1 0 240264272
1 0 39745155
1 0 515635541
1 0 91306682
1 0 202667665
1 0 70715152
1 0 982684247
1 0 552371472
1 0 19871131
1 0 259162018
1 0 70638893
1 0 110425491
1 0 500112450
1 0 173030979
1 0 568382179
1 0 464374164
1 0 843424394
1 0 792792987
1 0 187606306
1 0 760172998
1 0 691153087
1 0 846437173
1 0 28030030
1 0 367191335
1 0 337537147
1 0 29310322
1 0 642518235
1 0 35204943
1 0 756535940
1 0 755148343
1 0 290497903
1 0 986080923
1 0 723641827
1 0 198014937
1 0 220522635
1 0 154038457
1 0 641592438
1 0 290545760
1 0 251800628
1 0 422556334
1 0 136606801
1 0 850030167
1 0 296635173
1 0 774272074
1 0 945987385
1 0 230605585
1 0 601459278
1 0 75440291
1 0 553109474
1 0 941381943
1 0 84159516
1 0 537824183
1 0 95896031
1 0 100407126
1 0 338623391
1 0 642067138
1 0 827346469
1 0 106871580
1 0 229848768
1 0 29669108
1 0 115596777
1 0 117354146
1 0 181993905
1 0 747189864
1 0 171282370
1 0 361251840
1 0 636508561
1 0 981193840
1 0 727445967
1 0 637650308
1 0 457080779
1 0 393815902
1 0 624331104
1 0 113441596
1 0 86863841
1 0 735048729
1 0 108418102
1 0 624549377
1 0 750230017
1 0 878031739
1 0 765343754
1 0 29470625
1 0 138359603
1 0 839289611
1 0 944781784
1 0 636907632
1 0 609173718
1 0 243838868
1 0 236443720
1 0 940201046
1 0 352907521
1 0 230800884
1 0 232685355
1 0 604253982
1 0 79605856
1 0 609460464
1 0 574085653
1 0 99318277
1 0 502111907
1 0 135799882
1 0 120580512
1 0 553788959
1 0 508463752
1 0 668291756
1 0 7424644
1 0 920731386
1 0 988775281
1 0 674174140
1 0 859398885
1 0 909408714
1 0 613230196
1 0 636470703
1 0 10316620
1 0 604793809
1 0 231945924
1 0 811838571
1 0 365817557
1 0 639829722
1 0 868288062
1 0 471705133
1 0 621646984
1 0 88561223
1 0 249001495
1 0 389431959
1 0 746196189
1 0 899921473
1 0 522742555
1 0 251774938
1 0 977213860
1 0 898004056
1 0 449678790
1 0 119235277
1 0 780502862
1 0 689777656
1 0 919702830
1 0 229536334
1 0 258952014
1 0 856804784
1 0 785865624
1 0 616353889
1 0 250110120
1 0 449037255
1 0 757700242
1 0 158428204
1 0 409897293
1 0 649106590
1 0 618791239
1 0 527588783
1 0 379923219
1 0 753117729
1 0 83881933
1 0 693492215
1 0 5784324
1 0 850787456
1 0 501566447
1 0 28744466
1 0 688449411
1 0 377045596
1 0 31110266
1 0 33580107
1 0 591906060
1 0 5616347
1 0 156061269
1 0 167540457
1 0 603087921
1 0 688126889
1 0 755828602
1 0 29803802
1 0 636948809
1 0 405779227
1 0 52765308
1 0 595224528
1 0 764821766
1 0 39880725
1 0 507743924
1 0 941972296
1 0 461180235
1 0 15379988
1 0 480793773
1 0 5742345
1 0 956094983
1 0 623367901
1 0 780521043
1 0 178569216
1 0 386279315
1 0 261017813
1 0 723904840
1 0 32775695
1 0 681028818
1 0 989691342
1 0 146117254
1 0 993455431
1 0 731768633
1 0 929571697
1 0 896788568
1 0 1476805
1 0 186732333
1 0 122356193
1 0 130532762
1 0 237239581
1 0 737790204
1 0 808373053
1 0 59532439
1 0 655454354
1 0 913805169
1 0 781850352
1 0 429325687
1 0 224768968
1 0 489173906
1 0 78689431
1 0 794687412
1 0 91362377
1 0 705010942
1 0 801189474
1 0 367160331
1 0 204872134
1 0 241719153
1 0 271678283
1 0 854393936
1 0 41812850
1 0 424794686
1 0 533154233
1 0 451485337
1 0 720247397
1 0 764780219
1 0 179138069
1 0 879103064
1 0 245920081
1 0 189251721
1 0 272174064
1 0 938054962
1 0 366395292
1 0 490291386
1 0 333542060
1 0 270238917
1 0 817917131
1 0 51534464
1 0 254186680
1 0 814027270
1 0 148711748
1 0 773370906
1 0 843307825
1 0 303382967
1 0 89104329
1 0 841370166
1 0 901563093
1 0 690840944
1 0 664231948
1 0 611064664
1 0 230850356
1 0 225645270
1 0 428853536
1 0 104871556
1 0 632715887
1 0 509990646
1 0 202739019
1 0 961793804
1 0 640868226
1 0 840307456
1 0 610327812
1 0 796283653
1 0 166135455
1 0 484881994
1 0 520773279
1 0 680657764
1 0 682282944
1 0 505423827
1 0 35999121
1 0 646693049
1 0 86743265
1 0 302658996
1 0 145077951
1 0 40561833
1 0 382145925
1 0 368435086
1 0 267579616
1 0 209397347
1 0 504359689
1 0 116598827
1 0 495258704
1 0 481789308
1 0 556075979
1 0 141194482
1 0 155057574
1 0 113306461
1 0 649603931
1 0 531283123
1 0 532934611
1 0 580628060
1 0 305230598
1 0 612586977
1 0 818814590
1 0 859041638
1 0 368780018
1 0 53339951
1 0 625413409
1 0 41580371
1 0 227375098
1 0 626080841
1 0 675695089
1 0 624233511
1 0 7869112
1 0 972497254
1 0 432394296
1 0 160916963
1 0 207221165
1 0 162951461
1 0 595488265
1 0 54242738
1 0 850149916
1 0 680823358
1 0 495228301
1 0 362085418
1 0 610211287
1 0 957552424
1 0 580069914
1 0 316238100
1 0 294851627
1 0 128742750
1 0 546893373
1 0 317387169
1 0 915680006
1 0 632666646
1 0 354848081
1 0 180469259
1 0 647008427
1 0 238110380
1 0 436212699
1 0 569872832
1 0 440878410
1 0 37363066
1 0 814243897
1 0 461403702
1 0 347369224
1 0 688857799
1 0 584838870
1 0 500893489
1 0 339099951
1 0 864203500
1 0 525502224
1 0 603978734
1 0 758481729
1 0 167263732
1 0 294801265
1 0 946151118
1 0 117078173
1 0 609144351
1 0 42148054
1 0 745450298
1 0 365727210
1 0 988812581
1 0 293069418
1 0 303601308
1 0 328298909
1 0 178633753
1 0 64993921
1 0 878828137
1 0 477217954
1 0 723202783
1 0 635744786
1 0 360215246
1 0 357900790
1 0 241694086
1 0 892424003
1 0 494598827
1 0 126485186
1 0 61233645
1 0 678150182
1 0 904240325
1 0 385156114
1 0 712766578
1 0 570519270
1 0 978658390
1 0 342719289
1 0 819756444
1 0 76247778
1 0 436319738
1 0 1847640
1 0 686713765
1 0 370190913
1 0 857455560
1 0 369756705
1 0 621263407
1 0 136040511
1 0 906872331
1 0 313410514
1 0 528895717
1 0 916266329
1 0 784183362
1 0 914447984
1 0 89966045
1 0 488944201
1 0 424844331
1 0 909332312
1 0 90096189
1 0 145387040
1 0 481232028
1 0 423790011
1 0 415566985
1 0 480515519
1 0 786059852
1 0 647110930
1 0 382888522
1 0 527542380
1 0 674879229
1 0 623528043
1 0 285202478
1 0 143647409
1 0 308296790
1 0 674121257
1 0 37535650
1 0 50977434
1 0 39684747
1 0 473779465
1 0 739630672
1 0 482723753
0 1 107387033
0 1 395122735
0 1 167144453
0 1 619969651
0 1 674311438
0 1 419629682
0 1 720409285
0 1 221180506
0 1 820071481
0 1 372525105
0 1 802139328
0 1 264929468
0 1 347828321
0 1 166392340
0 1 801604362
0 1 625577097
0 1 733391175
0 1 234939166
0 1 498577285
0 1 763155360
0 1 849286601
0 1 702044856
0 1 61663641
0 1 448858422
0 1 712115517
0 1 101948342
0 1 373595083
0 1 204450523
0 1 664955752
0 1 793647929
0 1 998880057
0 1 80584214
0 1 144957562
0 1 337839565
0 1 22948550
0 1 373972627
0 1 988812672
0 1 146963742
0 1 851759197
0 1 784727787
0 1 122238395
0 1 783162264
0 1 811102996
0 1 69773235
0 1 63488355
0 1 795135215
0 1 987678894
0 1 647155998
0 1 43759162
0 1 333720359
0 1 791023193
0 1 791459216
0 1 636226822
0 1 535344883
0 1 239277826
0 1 904377087
0 1 764297857
0 1 709866051
0 1 232701195
0 1 903975954
0 1 348093154
0 1 358557964
0 1 427346951
0 1 25957560
0 1 695742229
0 1 537813826
0 1 919887259
0 1 824150345
0 1 972728704
0 1 896616453
0 1 384600603
0 1 278555455
0 1 46081948
0 1 576815666
0 1 620577145
0 1 574972694
0 1 32419142
0 1 156958700
0 1 644277324
0 1 783388559
0 1 395110532
0 1 531817681
0 1 355508131
0 1 723628225
0 1 420495958
0 1 97792421
0 1 126270923
0 1 806511374
0 1 364769383
0 1 451136014
0 1 569151365
0 1 806533179
0 1 812155719
0 1 766369305
0 1 998924492
0 1 648968950
0 1 575992954
0 1 561549168
0 1 241787361
0 1 964770625
0 1 757938423
0 1 319896233
0 1 438910923
0 1 56562217
0 1 67283704
0 1 494059538
0 1 386323293
0 1 943038281
0 1 116600949
0 1 507428408
0 1 964198155
0 1 362076818
0 1 42216693
0 1 324208548
0 1 61319731
0 1 798803726
0 1 204058572
0 1 555983853
0 1 950140271
0 1 151682506
0 1 972760654
0 1 506375397
0 1 798851115
0 1 410079312
0 1 863853969
0 1 883493858
0 1 926421431
0 1 220759586
0 1 874229366
0 1 105158531
0 1 538980012
0 1 607323603
0 1 580211272
0 1 91040784
0 1 628369879
0 1 252808224
0 1 740981688
0 1 812730833
0 1 61113652
0 1 307801219
0 1 992834217
0 1 458052449
0 1 141898457
0 1 740410125
0 1 76296522
0 1 656709624
0 1 307079969
0 1 63347823
0 1 132373388
0 1 122675489
0 1 397111898
0 1 66906505
0 1 134667335
0 1 530442741
0 1 954963835
0 1 678297664
0 1 734571742
0 1 572086405
0 1 667678501
0 1 450147079
0 1 863097890
0 1 64284262
0 1 223406284
0 1 762501804
0 1 282020693
0 1 969039292
0 1 260661007
0 1 522258882
0 1 768099487
0 1 148658385
0 1 595978288
0 1 375894078
0 1 815822515
0 1 912052935
0 1 112993365
0 1 79992392
0 1 321573070
0 1 703818170
0 1 124425092
0 1 753275379
0 1 204013621
0 1 790611081
0 1 610776820
0 1 565035675
0 1 70604290
0 1 806972333
0 1 393166462
0 1 849648962
0 1 983363247
0 1 545006345
0 1 828934615
0 1 629996924
0 1 326824449
0 1 400519744
0 1 652651421
0 1 562728031
0 1 581142498
0 1 173856023
0 1 371241779
0 1 275828329
0 1 305102110
0 1 108428648
0 1 118183426
0 1 612290253
0 1 424812211
0 1 755452341
0 1 487328041
0 1 109287217
0 1 424297064
0 1 117918383
0 1 516118437
0 1 786129880
0 1 591534582
0 1 141696606
0 1 403910305
0 1 257138783
0 1 352841950
0 1 112313692
0 1 28677746
0 1 277604753
0 1 734416896
0 1 412269488
0 1 271022712
0 1 888413779
0 1 31363667
0 1 624784613
0 1 244527633
0 1 497259391
0 1 75933100
0 1 651354929
0 1 908997285
0 1 41372173
0 1 979093848
0 1 585380963
0 1 730806162
0 1 18810607
0 1 748559162
0 1 539484348
0 1 805153153
0 1 567418002
0 1 991779347
0 1 89031628
0 1 160666165
0 1 924885548
0 1 930279721
0 1 421475375
0 1 42283246
0 1 806148945
0 1 321566117
0 1 734181392
0 1 959548328
0 1 370111691
0 1 889104800
0 1 580205717
0 1 42526871
0 1 88323830
0 1 44859040
0 1 123129551
0 1 468679182
0 1 147157175
0 1 181804633
0 1 795784966
0 1 883996451
0 1 97981326
0 1 698496524
0 1 110451201
0 1 290187423
0 1 71185048
0 1 242675283
0 1 578582880
0 1 504047189
0 1 172024725
0 1 696778521
0 1 459464139
0 1 900718432
0 1 269449311
0 1 175253865
0 1 159127297
0 1 372200894
0 1 117329238
0 1 794304047
0 1 433774975
0 1 708343331
0 1 116300045
0 1 8867141
0 1 88737121
0 1 214305988
0 1 914336912
0 1 260948827
0 1 929058564
0 1 980422365
0 1 96706677
0 1 968774858
0 1 919959252
0 1 217975302
0 1 264189522
0 1 117585281
0 1 949287171
0 1 55440873
0 1 481979930
0 1 318019198
0 1 577222345
0 1 683995251
0 1 295926047
0 1 717876660
0 1 811644042
0 1 128525191
0 1 559007960
0 1 869217397
0 1 143308505
0 1 221288406
0 1 804504753
0 1 957978878
0 1 17318651
0 1 376928197
0 1 77727766
0 1 922531986
0 1 79788933
0 1 999025720
0 1 109020371
0 1 305732296
0 1 120234109
0 1 681531484
0 1 236590241
0 1 10725634
0 1 195490638
0 1 639913126
0 1 423404080
0 1 606303668
0 1 463828108
0 1 645054018
0 1 530695613
0 1 49022337
0 1 731662297
0 1 986199527
0 1 617466789
0 1 761347082
0 1 431222015
0 1 269459320
0 1 551176504
0 1 900227354
0 1 217231700
0 1 746662534
0 1 990548837
0 1 786391216
0 1 41230772
0 1 848449171
0 1 556580294
0 1 34927285
0 1 798035917
0 1 128925260
0 1 18091340
0 1 858236309
0 1 890699964
0 1 117125611
0 1 112913288
0 1 41059963
0 1 262526150
0 1 675813473
0 1 845721404
0 1 559968285
0 1 598682628
0 1 311394914
0 1 158405317
0 1 296021866
0 1 219965364
0 1 76976645
0 1 872768524
0 1 687370059
0 1 767941288
0 1 57861309
0 1 379397691
0 1 63515917
0 1 739160122
0 1 894998830
0 1 906566783
0 1 324350055
0 1 715900924
0 1 365545038
0 1 834583521
0 1 535780181
0 1 791546734
0 1 145121941
0 1 105518837
0 1 280300098
0 1 194536726
0 1 606831053
0 1 289599033
0 1 68374611
0 1 114709064
0 1 466157034
0 1 123373261
0 1 231557963
0 1 131284762
0 1 418613131
0 1 111186257
0 1 725449872
0 1 272182843
0 1 419564601
0 1 260612869
0 1 103678157
0 1 890542460
0 1 881600365
0 1 233372533
0 1 913933352
0 1 765864770
0 1 74390149
0 1 875630179
0 1 581028568
0 1 903051114
0 1 677815929
0 1 806551364
0 1 916970363
0 1 978870319
0 1 161468591
0 1 888916017
0 1 399665488
0 1 975655959
0 1 517149026
0 1 936273534
0 1 262142793
0 1 663689117
0 1 296409039
0 1 642481056
0 1 251266942
0 1 729595659
0 1 412285894
0 1 184865026
0 1 172430287
0 1 370823927
0 1 108251238
0 1 599045627
0 1 744231125
0 1 346731636
0 1 636246430
0 1 544978881
0 1 837659826
0 1 87438519
0 1 453019999
0 1 864022825
0 1 127968097
0 1 485886165
0 1 687314564
0 1 722026602
0 1 539519241
0 1 193643731
0 1 205106825
0 1 860719910
0 1 219907297
0 1 915750805
0 1 342973069
0 1 459575655
0 1 374430389
0 1 19734465
0 1 276933749
0 1 236770033
0 1 34924831
0 1 945155839
0 1 245923742
0 1 581984247
0 1 612549322
0 1 285729815
0 1 273350041
0 1 472026801
0 1 58933976
0 1 54443769
0 1 553539996
0 1 287572646
0 1 61033599
0 1 460453477
0 1 896097106
0 1 595385548
0 1 419879710
0 1 653261332
0 1 912756532
0 1 303762788
0 1 715906262
0 1 47994705
0 1 440975032
0 1 335029993
0 1 612831816
0 1 754332407
0 1 903493188
0 1 946858550
0 1 54244868
0 1 7526840
0 1 957051890
0 1 733880263
0 1 848486479
0 1 895251405
0 1 327419880
0 1 844097921
0 1 641023148
0 1 737615150
0 1 117146836
0 1 434423541
0 1 314635258
0 1 601383169
0 1 935693705
0 1 887687938
0 1 660586450
0 1 645313252
0 1 203159871
0 1 699602645
0 1 618851464
0 1 370438418
0 1 498900947
0 1 694630190
0 1 959145318
0 1 74438628
0 1 209923188
0 1 363819863
0 1 255167174
0 1 447719597
0 1 70993807
0 1 885832157
0 1 935655017
0 1 54251302
0 1 762855278
0 1 895493943
0 1 201224350
0 1 33010790
0 1 332985052
0 1 692565745
0 1 864919025
0 1 73455229
0 1 833415599
0 1 451917011
0 1 107510828
0 1 131960004
0 1 87560495
0 1 762601244
0 1 401453924
0 1 14546753
0 1 423222847
0 1 251048648
0 1 28489409
0 1 177088847
0 1 864216770
0 1 358637536
0 1 194208022
0 1 656494360
0 1 574400561
0 1 116206394
0 1 860564332
0 1 565448728
0 1 970991265
0 1 823856693
0 1 849935224
0 1 241787095
0 1 305993199
0 1 750121620
0 1 776895181
0 1 400989774
0 1 501897765
0 1 75280451
0 1 44236428
0 1 723729409
0 1 545218887
0 1 5581083
0 1 645651258
0 1 58940752
0 1 456628841
0 1 841604064
0 1 426233595
0 1 432238488
0 1 428743254
0 1 919225755
0 1 962086928
0 1 551783091
0 1 932359192
0 1 12606833
0 1 916387409
0 1 300265315
0 1 281304749
0 1 572422221
0 1 581908914
0 1 396114883
0 1 366676770
0 1 197618172
0 1 26142811
0 1 377653512
0 1 664733121
0 1 513040853
0 1 322127500
0 1 943321095
0 1 249436542
0 1 83598666
0 1 544780522
0 1 479946601
0 1 394743083
0 1 605557631
0 1 536248147
0 1 867706105
0 1 944424167
0 1 548351634
0 1 400213642
0 1 130485748
0 1 927917117
0 1 544283165
0 1 413383250
0 1 209564015
0 1 296048540
0 1 828643745
0 1 382059366
0 1 519430685
0 1 65991872
0 1 605970799
0 1 831693536
0 1 357681288
0 1 244033887
0 1 451717385
0 1 684554421
0 1 561710645
0 1 78246088
0 1 715032508
0 1 446114422
0 1 6965483
0 1 70275556
0 1 582992024
0 1 849232278
0 1 81653724
0 1 79927378
0 1 369980521
0 1 13817780
0 1 392771321
0 1 486211084
0 1 607131901
0 1 131724545
0 1 635753395
0 1 127352708
0 1 554116323
0 1 127898779
0 1 315630092
0 1 249207387
0 1 208058314
0 1 706077529
0 1 866180168
0 1 829852914
0 1 402658526
0 1 816338851
0 1 806555066
0 1 344951259
0 1 325831792
0 1 435045865
0 1 539162789
0 1 17403796
0 1 135865703
0 1 654360919
0 1 48509615
0 1 55150615
0 1 854524325
0 1 398796320
0 1 252265756
0 1 809381535
0 1 777352633
0 1 155386835
0 1 633303026
0 1 702627370
0 1 829530250
0 1 625752711
0 1 552588160
0 1 314488503
0 1 640975434
0 1 697498714
0 1 577450434
0 1 651085684
0 1 218910177
0 1 5195604
0 1 131047591
0 1 831132921
0 1 145330231
0 1 197340627
0 1 191890554
0 1 295317132
0 1 890157584
0 1 95146547
0 1 564226350
0 1 688748663
0 1 83517177
0 1 599719539
0 1 991413058
0 1 92942370
0 1 153203579
0 1 386531873
0 1 617747819
0 1 897684098
0 1 56700902
0 1 99260363
0 1 700025426
0 1 122528612
0 1 168163691
0 1 737961458
0 1 479826562
0 1 790108179
0 1 665473850
0 1 76827703
0 1 493149293
0 1 424759200
0 1 972940752
0 1 635636747
0 1 881472220
0 1 58799325
0 1 185894627
0 1 891797283
0 1 257669889
0 1 328619416
0 1 937033759
0 1 10739974
0 1 198323700
0 1 685236764
0 1 43192223
0 1 78233515
0 1 784350893
0 1 887727093
0 1 166800140
0 1 53012921
0 1 614233741
0 1 691478187
0 1 974904639
0 1 686048422
0 1 155150421
0 1 658408109
0 1 786281416
0 1 66593557
0 1 322512589
0 1 553435371
0 1 513894789
0 1 459595385
0 1 134661601
0 1 908053680
0 1 575719022
0 1 54766806
0 1 925395199
0 1 842597484
0 1 34553167
0 1 985390719
0 1 248346448
0 1 986920473
0 1 17979616
0 1 724265685
0 1 805344352
0 1 411229721
0 1 614402646
0 1 322517528
0 1 70663936
0 1 755558692
0 1 896670513
0 1 541368426
0 1 409086843
0 1 427398256
0 1 617644520
0 1 485859951
0 1 614136860
0 1 605651536
0 1 378810806
0 1 825125033
0 1 312650981
0 1 60943357
0 1 812212565
0 1 381150578
0 1 319064798
0 1 86808516
0 1 947034769
0 1 890317376
0 1 864659204
0 1 652277975
0 1 288053664
0 1 53327396
0 1 315951054
0 1 386823352
0 1 841412506
0 1 583949724
0 1 153335843
0 1 933633467
0 1 880870318
0 1 553457614
0 1 304009668
0 1 268186780
0 1 120959424
0 1 312198755
0 1 181252493
0 1 172955056
0 1 807647361
0 1 224013033
0 1 885261384
0 1 523392980
0 1 675301122
0 1 733253730
0 1 457268489
0 1 646701726
0 1 686703946
0 1 390590276
0 1 692941822
0 1 946790757
0 1 669797565
0 1 652036226
0 1 928498946
0 1 172872567
0 1 51273734
0 1 417293779
0 1 7721985
0 1 515725361
0 1 753062168
0 1 216692776
0 1 473415344
0 1 400985817
0 1 916070194
0 1 855865609
0 1 450353150
0 1 275429614
0 1 766678582
0 1 823717125
0 1 604973474
0 1 988872892
0 1 98507996
0 1 445298679
0 1 199369783
0 1 494285792
0 1 915035835
0 1 15278960
0 1 426889423
0 1 253603173
0 1 60357224
0 1 657004338
0 1 764641501
0 1 483377442
0 1 712416145
0 1 784046669
0 1 8716964
0 1 826153180
0 1 31602585
0 1 65971294
0 1 937508603
0 1 35920671
0 1 123752007
0 1 946028321
0 1 172497113
0 1 746117401
0 1 161616630
0 1 743564712
0 1 40588396
0 1 15127271
0 1 91585777
0 1 922910514
0 1 424609854
0 1 60044054
0 1 578064610
0 1 539701159
0 1 243821490
0 1 73150356
0 1 184370517
0 1 770731281
0 1 923842876
0 1 589721968
0 1 625003125
0 1 716750342
0 1 265261538
0 1 271112416
0 1 383567906
0 1 309666409
0 1 648119328
0 1 116906551
0 1 53274867
0 1 446789856
0 1 937262244
0 1 517186208
0 1 96667945
0 1 478500392
0 1 657282523
0 1 811003032
0 1 106541745
0 1 800393522
0 1 112147340
0 1 581166952
0 1 118045220
0 1 156409358
0 1 965576529
0 1 697381191
0 1 782439971
0 1 168464106
0 1 516627611
0 1 693851328
0 1 826084155
0 1 486322731
0 1 93090434
0 1 470685031
0 1 530111842
0 1 423951815
0 1 195100844
0 1 843007132
0 1 748468481
0 1 931826965
0 1 125248751
0 1 437929110
0 1 625895556
0 1 479907289
0 1 144559883
0 1 460851429
0 1 51143042
0 1 159043421
0 1 97016275
0 1 48898360
0 1 900807006
0 1 974420003
0 1 330485295
0 1 261570266
0 1 669359977
0 1 498031490
0 1 527638093
0 1 407330154
0 1 394870169
0 1 1089521
0 1 913512413
0 1 215106796
0 1 114147814
0 1 961405284
0 1 3878670
0 1 543324911
0 1 335670171
0 1 705626230
0 1 187688402
0 1 450141946
0 1 865626432
0 1 356689812
0 1 589166741
0 1 251830879
0 1 503773762
0 1 228499667
0 1 419894055
0 1 86974335
0 1 817756681
0 1 597722311
0 1 763715967
0 1 431353731
0 1 511308490
0 1 470574309
0 1 956692809
0 1 261077976
0 1 573922396
0 1 68100119
0 1 86820460
0 1 999642399
0 1 130400455
0 1 712913102
0 1 671748530
0 1 936852731
0 1 553299760
0 1 16173266
0 1 380654970
0 1 268918217
0 1 584506958
0 1 295993056
0 1 512725134
0 1 68551714
0 1 27355174
0 1 102253019
0 1 161615536
0 1 557286208
0 1 182553837
0 1 694826853
0 1 922603099
0 1 48840283
0 1 18770979
0 1 645434938
0 1 512540547
0 1 143905761
0 1 358878386
0 1 343279978
0 1 849486203
0 1 810767402
0 1 400999877
0 1 696049715
0 1 719948544
0 1 707147756
0 1 228567938
0 1 461837453
0 1 886170546
0 1 332106601
0 1 428207639
0 1 9400179
0 1 596927399
0 1 742828396
0 1 150753814
0 1 679925658
0 1 350456418
0 1 582114098
0 1 108746186
0 1 19104413
0 1 89048793
0 1 436229816
0 1 833259483
0 1 173820472
0 1 261261358
0 1 181920611
0 1 188501317
0 1 482733536
0 1 49659434
0 1 593750854
0 1 164186659
0 1 53169618
0 1 321918630
0 1 971132077
0 1 470996586
0 1 964392251
0 1 421521365
0 1 877662110
0 1 151205688
0 1 826727230
0 1 409926008
0 1 101936044
0 1 52484983
0 1 236372394
0 1 662747865
0 1 7590370
0 1 808832465
0 1 46610305
0 1 253592762
0 1 266448616
0 1 860495226
0 1 137151080
0 1 483979286
0 1 389313791
0 1 918812125
0 1 47652021
0 1 77205214
0 1 632198163
0 1 586773998
0 1 789383671
0 1 403726510
0 1 928972739
0 1 415283086
0 1 48342775
0 1 845841780
0 1 98497901
0 1 545632258
0 1 840869949
0 1 102978523
0 1 517312870
0 1 298741114
0 1 55561487
0 1 567069310
0 1 63185582
0 1 408846560
0 1 108397876
0 1 207092350
0 1 877648397
0 1 717986364
0 1 143767637
0 1 93298915
0 1 122681502
0 1 330430871
0 1 521059069
0 1 46251544
0 1 307716396
0 1 455853184
0 1 425971690
0 1 903553885
0 1 881798506
0 1 46759229
0 1 977489867
0 1 732599702
0 1 728743369
0 1 486162141
0 1 866930563
0 1 819809249
0 1 70908582
0 1 658196221
0 1 583649515
0 1 335372296
0 1 901956775
0 1 107160146
0 1 519180678
0 1 522118442
0 1 28147181
0 1 96208271
0 1 675245603
0 1 565808018
0 1 984426743
0 1 981532683
0 1 336463920
0 1 546002076
0 1 804098404
0 1 851856507
0 1 761162414
0 1 131630183
0 1 830970635
0 1 548596710
0 1 954537066
0 1 456163201
0 1 344625528
0 1 840837648
0 1 86212149
0 1 128892808
0 1 163648530
0 1 774512551
0 1 764283775
0 1 760001305
0 1 229745628
0 1 808646451
0 1 504119319
0 1 211576287
0 1 736616021
0 1 390273971
0 1 683404502
0 1 526353686
0 1 251324997
0 1 900417514
0 1 626353353
0 1 408176040
0 1 139735813
0 1 142630686
0 1 60752275
0 1 177434471
0 1 219522508
0 1 133922298
0 1 631390262
0 1 911248134
0 1 958187935
0 1 911675722
0 1 475630
0 1 522138820
0 1 657737095
0 1 589337775
0 1 304383008
0 1 779125036
0 1 885235110
0 1 53171113
0 1 381936770
0 1 89001641
0 1 69202860
0 1 177617457
0 1 273455228
0 1 773632109
0 1 95420401
0 1 725751954
0 1 828369943
0 1 200213011
0 1 522963461
0 1 475230192
0 1 492097305
0 1 123981643
0 1 733660007
0 1 28352505
0 1 112791045
0 1 569572407
0 1 45310789
0 1 735103379
0 1 541088160
0 1 255441886
0 1 899076023
0 1 584920944
0 1 81600966
0 1 66069358
0 1 279717446
0 1 136943601
0 1 353203834
0 1 854179872
0 1 143110704
0 1 54976970
0 1 704919228
0 1 290412007
0 1 224255594
0 1 921512387
0 1 239283579
0 1 254368667
0 1 10664465
0 1 718321922
0 1 329456271
0 1 254378915
0 1 883239886
0 1 86021174
0 1 357280464
0 1 175823914
0 1 527766127
0 1 461325623
0 1 855350262
0 1 835431725
0 1 482285721
0 1 844949610
0 1 638931090
0 1 564961608
0 1 791124240
0 1 299410043
0 1 772707514
0 1 582270582
0 1 797627827
0 1 744907472
0 1 461009154
0 1 212848517
0 1 4048623
0 1 73976989
0 1 130944474
0 1 939004741
0 1 371385530
0 1 39832201
0 1 588305332
0 1 512428528
0 1 740593691
0 1 205042788
0 1 218143882
0 1 874281309
0 1 160637830
0 1 875712706
0 1 244952872
0 1 462938618
0 1 615251715
0 1 108400380
0 1 151357025
0 1 211942737
0 1 388908528
0 1 533059176
0 1 856568747
0 1 61676136
0 1 562358979
0 1 815496347
0 1 759064999
0 1 501307276
0 1 13999142
0 1 393866166
0 1 170613909
0 1 507953509
0 1 98753095
0 1 384578165
0 1 368791714
0 1 772852676
0 1 700812193
0 1 587430454
0 1 56432260
0 1 859576083
0 1 768341867
0 1 251810453
0 1 69882791
0 1 299626049
0 1 982654063
0 1 342833947
0 1 402813352
0 1 791649948
0 1 319657697
0 1 751676568
0 1 477781721
0 1 446149653
0 1 535473800
0 1 293523911
0 1 535203050
0 1 63213651
0 1 533205130
0 1 535984488
0 1 920658186
0 1 686969855
0 1 234135457
0 1 761612926
0 1 880591259
0 1 991031608
0 1 287040045
0 1 741214720
0 1 972270124
0 1 648448384
0 1 73460833
0 1 952166336
0 1 947588643
0 1 469757856
0 1 35436797
0 1 83881694
0 1 546385586
0 1 564439937
0 1 653171704
0 1 269986204
0 1 436864795
0 1 439044623
0 1 856242341
0 1 341242958
0 1 72656421
0 1 41289094
0 1 931663638
0 1 459813841
0 1 861351771
0 1 65078758
0 1 787830394
0 1 705399903
0 1 624844706
0 1 967253376
0 1 300925409
0 1 516812077
0 1 350773746
0 1 314211396
0 1 841148748
0 1 740561257
0 1 645145696
0 1 912438775
0 1 775305783
0 1 13610672
0 1 6857018
0 1 385962474
0 1 80166236
0 1 981419745
0 1 66234922
0 1 835543705
0 1 38429055
0 1 957466887
0 1 13245187
0 1 301251592
0 1 927132637
0 1 620715457
0 1 823663202
0 1 706636725
0 1 757923201
0 1 940659243
0 1 798936828
0 1 411983984
0 1 123016798
0 1 584114007
0 1 47109555
0 1 408928404
0 1 477046198
0 1 32290467
0 1 490589927
0 1 197201674
0 1 375354910
0 1 695033603
0 1 203587716
0 1 355536153
0 1 974434077
0 1 431323841
0 1 327849817
0 1 504990322
0 1 941744259
0 1 492634688
0 1 213794745
0 1 631941481
0 1 120474737
0 1 33648682
0 1 997774008
0 1 881303581
0 1 901283839
0 1 277179734
0 1 683040216
0 1 771415178
0 1 781427635
0 1 135877904
0 1 898563197
0 1 265176772
0 1 582488908
0 1 534193974
0 1 364407257
0 1 487124597
0 1 830367404
0 1 948463011
0 1 604139987
0 1 906303035
0 1 111136481
0 1 462811735
0 1 668715009
0 1 9200047
0 1 289482284
0 1 116969153
0 1 785946178
0 1 880869289
0 1 992473737
0 1 17235091
0 1 433715071
0 1 694279341
0 1 877649320
0 1 797256592
0 1 177541649
0 1 839729487
0 1 592075100
0 1 640403883
0 1 241800839
0 1 415965458
0 1 794681882
0 1 571844957
0 1 767596888
0 1 801579498
0 1 572810214
0 1 821984324
0 1 175690631
0 1 975640465
0 1 864038722
0 1 387645611
0 1 34005740
0 1 35291205
0 1 382432672
0 1 739387302
0 1 177815372
0 1 8032987
0 1 540803723
0 1 405641667
0 1 737624894
0 1 773503941
0 1 26035755
0 1 21993099
0 1 964268283
0 1 107582690
0 1 328079678
0 1 574920081
0 1 575119752
0 1 988166259
0 1 138422728
0 1 434302288
0 1 587939026
0 1 141251706
0 1 727245923
0 1 142176065
0 1 754114539
0 1 480338630
0 1 363684624
0 1 686909385
0 1 57514350
0 1 861292617
0 1 142236728
0 1 600195798
0 1 898940338
0 1 379941609
0 1 20948324
0 1 206117518
0 1 109095524
0 1 442662804
0 1 894262598
0 1 6244968
0 1 500518876
0 1 986076487
0 1 693948032
0 1 44672760
0 1 172510651
0 1 842089114
0 1 47210780
0 1 737136564
0 1 735679675
0 1 836030536
0 1 783838422
0 1 70548053
0 1 242033631
0 1 286824449
0 1 950566080
0 1 342222422
0 1 632169369
0 1 20321161
0 1 853801134
0 1 782612488
0 1 675992002
0 1 46091869
0 1 772019219
0 1 669353901
0 1 605339311
0 1 969359597
0 1 252565196
0 1 839660736
0 1 110667565
0 1 335927760
0 1 272070956
0 1 364834953
0 1 6449092
0 1 935390430
0 1 302666387
0 1 444111067
0 1 47737225
0 1 554377525
0 1 978464075
0 1 32488043
0 1 434148568
0 1 530530176
0 1 746787995
0 1 33828944
0 1 349192451
0 1 771205557
0 1 47906887
0 1 378020084
0 1 373712977
0 1 472155261
0 1 883929785
0 1 360070459
0 1 258985618
0 1 456456158
0 1 990695762
0 1 378802135
0 1 343308194
0 1 111558096
0 1 132039577
0 1 800068102
0 1 367660097
0 1 102495435
0 1 412346874
0 1 174955668
0 1 646442385
0 1 167471921
0 1 563377259
0 1 167071884
0 1 441990364
0 1 764845274
0 1 112472244
0 1 710046809
0 1 905496073
0 1 250909332
0 1 672024650
0 1 518767678
0 1 327283797
0 1 307768084
0 1 954294984
0 1 378206876
