500
161481 156950 868380
161481 156950 129078
161481 156950 461965
161481 156950 884496
161481 156950 418466
631413 722020 523140
545631 303572 155338
545631 303572 17034
545631 303572 804223
542981 591393 91722
446836 167836 468286
446836 167836 329145
119069 535589 728953
119069 535589 772221
119069 535589 697071
156953 342501 347869
156953 342501 41449
156953 342501 277320
156953 342501 485666
999340 525159 97861
999340 525159 61324
999340 525159 828731
78358 149306 130327
78358 149306 137692
78358 149306 257052
78358 149306 222049
78358 149306 682163
389885 666802 549385
389885 666802 437544
389885 666802 302223
389885 666802 84975
74444 782046 85105
124547 432974 789198
124547 432974 401867
124547 432974 434993
124547 432974 978412
124547 432974 917560
76273 978884 305235
76273 978884 329473
76273 978884 573594
459800 711286 227946
459800 711286 198201
459800 711286 909802
459800 711286 448186
459800 711286 588086
997571 25631 395179
997571 25631 82546
997571 25631 224833
997571 25631 985976
997571 25631 380944
733725 21844 259265
733725 21844 522924
733725 21844 940063
733725 21844 694258
373975 170762 577610
373975 170762 869211
423435 442806 963243
423435 442806 399587
423435 442806 670444
423435 442806 191189
423435 442806 597788
155727 702226 673202
155727 702226 153299
584734 752197 469042
584734 752197 570710
584734 752197 133142
584734 752197 778981
584734 752197 304435
38246 343711 611401
38246 343711 248856
38246 343711 845048
38246 343711 985377
939010 370940 928319
813746 891563 794736
813746 891563 543
813746 891563 599104
97141 754832 611102
97141 754832 770344
855312 871430 176680
855312 871430 840706
855312 871430 442140
855312 871430 826174
746575 13864 174285
746575 13864 90287
746575 13864 625266
746575 13864 939493
746575 13864 451687
875463 390697 497935
785846 828034 211698
785846 828034 580582
785846 828034 828577
785846 828034 327154
925718 81986 616912
925718 81986 212414
925718 81986 22821
925718 81986 988576
715854 829283 525984
715854 829283 542028
715854 829283 965322
715854 829283 788912
715854 829283 555893
395551 697511 595453
340858 987269 754287
340858 987269 355145
340858 987269 307404
340858 987269 540133
519102 637067 528108
519102 637067 846256
519102 637067 642877
519102 637067 453827
519102 637067 444595
182593 983768 248366
182593 983768 266438
182593 983768 699622
182593 983768 594001
182593 983768 308774
559323 97686 313896
559323 97686 731635
527759 843441 856827
527759 843441 384969
527759 843441 830710
740114 654466 667599
740114 654466 439646
740114 654466 689920
740114 654466 304666
740114 654466 967754
947543 937933 497123
947543 937933 723685
480892 972051 903317
480892 972051 696866
480892 972051 82404
938517 158079 309778
938517 158079 768765
319367 812876 733156
197845 80218 303661
251036 971261 893958
251036 971261 940956
251036 971261 792279
993484 256175 832350
993484 256175 490608
993484 256175 979860
993484 256175 469229
993484 256175 487852
372546 184718 550667
372546 184718 584637
372546 184718 639588
372546 184718 708746
924705 114813 246487
924705 114813 253934
924705 114813 364321
451779 444539 242695
451779 444539 422443
451779 444539 695575
832753 152883 6236
832753 152883 727170
262411 559520 636976
262411 559520 758623
262411 559520 28749
262411 559520 641180
917647 342250 293905
917647 342250 502284
2651 429404 422896
675891 676830 481786
644961 442678 857620
654605 587929 416510
654605 587929 807489
654605 587929 594165
953857 372928 219552
131551 248301 264717
165948 606967 168694
165948 606967 184585
165948 606967 105158
165948 606967 171345
165948 606967 130341
805162 806232 237588
805162 806232 286949
398901 245979 311481
398901 245979 982658
398901 245979 416936
398901 245979 899410
398901 245979 399169
493575 59201 694634
278754 801819 514406
582888 389195 725708
582888 389195 189856
582888 389195 74241
811366 245587 556986
811366 245587 372124
811366 245587 50749
811366 245587 363218
854050 817079 8613
854050 817079 616381
854050 817079 128560
33318 27971 423145
33318 27971 774095
33318 27971 37898
33318 27971 482346
33318 27971 468730
761100 786901 967864
761100 786901 320860
873412 46568 75998
473213 403716 193240
473213 403716 30199
473213 403716 775840
473213 403716 760342
901904 130744 726848
901904 130744 426869
901904 130744 263478
901904 130744 371760
901904 130744 934493
916083 357638 70891
916083 357638 470334
55973 407440 633789
55973 407440 842875
55973 407440 375304
729017 248716 1217
729017 248716 321367
729017 248716 196370
729017 248716 990782
729017 248716 725083
20981 500923 666304
20981 500923 447102
20981 500923 919179
690302 346048 576879
690302 346048 62063
390027 978146 154532
390027 978146 977270
390027 978146 448480
390027 978146 510869
390027 978146 33244
661011 392471 747577
661011 392471 615660
661011 392471 637840
133230 959207 709015
133230 959207 124012
133230 959207 684290
133230 959207 614978
701565 281282 624800
701565 281282 620744
315103 966792 687914
280038 594293 871664
280038 594293 434571
836497 461792 604808
836497 461792 208769
836497 461792 639155
836497 461792 513631
836497 461792 956346
151471 468992 904398
151471 468992 110678
544762 794968 792985
544762 794968 722460
544762 794968 12885
347261 633629 701655
116773 905922 39530
116773 905922 396812
116773 905922 500215
116773 905922 427546
116773 905922 347735
264043 325879 192939
264043 325879 989165
264043 325879 965035
264043 325879 706570
264043 325879 461863
374393 930855 640601
374393 930855 485071
374393 930855 625215
374393 930855 185363
418200 907824 809276
418200 907824 525172
959257 743180 917449
649102 473331 989195
649102 473331 665669
336930 253801 681273
336930 253801 179161
336930 253801 446740
336930 253801 186790
336930 253801 144196
648653 880399 44056
648653 880399 579509
648653 880399 521000
648653 880399 45480
222716 841871 139276
222716 841871 130540
222716 841871 651148
222716 841871 180801
222716 841871 901977
923981 335778 202788
809109 191983 755104
809109 191983 226338
809109 191983 45265
809109 191983 8905
224427 455646 610753
224427 455646 884975
224427 455646 641661
224427 455646 259407
685717 355268 319079
685717 355268 731197
685717 355268 76344
89421 731972 188687
912773 90664 867326
912773 90664 836754
912773 90664 942794
912773 90664 586467
912773 90664 926189
294802 681294 494594
294802 681294 340068
294802 681294 690199
294802 681294 434909
662197 562015 482174
662197 562015 303858
662197 562015 337774
505928 693042 82981
505928 693042 237125
624776 326546 17710
624776 326546 329816
930484 420480 967146
930484 420480 767238
930484 420480 363275
693428 631530 364767
693428 631530 374722
693428 631530 642476
693428 631530 704835
593738 302034 243471
593738 302034 155753
547329 493527 548110
547329 493527 53257
547329 493527 702921
547329 493527 147443
547329 493527 806735
772220 133281 6369
772220 133281 102036
772220 133281 233101
772220 133281 936853
772220 133281 38868
704092 918495 270212
704092 918495 913872
704092 918495 66378
704092 918495 634979
704092 918495 288594
856167 869867 818944
856167 869867 674553
491049 458762 177020
523225 230277 203849
523225 230277 670668
192508 959240 202998
192508 959240 198878
192508 959240 577628
192508 959240 436099
192508 959240 135731
152698 356175 51344
152698 356175 939262
152698 356175 786399
90593 591345 859281
90593 591345 463112
90593 591345 977565
90593 591345 194577
90593 591345 137666
685627 112780 784275
636005 530905 390405
84269 99265 782266
84269 99265 287267
84269 99265 298143
84269 99265 359895
84269 99265 239718
976392 908768 822754
976392 908768 544088
976392 908768 848030
178163 454976 200499
178163 454976 553796
178163 454976 918088
178163 454976 178064
178163 454976 748373
785320 950352 684887
785320 950352 85947
837244 133204 560017
217474 659282 926185
217474 659282 21093
217474 659282 473778
217474 659282 802432
424005 778824 685932
424005 778824 763111
424005 778824 839264
424005 778824 50315
424005 778824 372265
505291 89117 87575
505291 89117 939731
505291 89117 783533
505291 89117 352301
505291 89117 511838
819005 713077 687505
550321 820709 548634
554535 207917 653129
554535 207917 575629
554535 207917 681695
352793 622052 750737
352793 622052 555077
590001 605392 273781
590001 605392 123781
590001 605392 110683
590001 605392 879250
566767 179135 80009
566767 179135 594957
566767 179135 780693
566767 179135 899015
468198 887632 374707
468198 887632 805259
468198 887632 436267
468198 887632 585299
468198 887632 359795
754780 451776 358583
754780 451776 210341
496987 477430 875998
496987 477430 398502
496987 477430 583784
496987 477430 481391
496987 477430 188635
108426 584237 951625
763373 31635 270150
763373 31635 544066
763373 31635 447002
763373 31635 94536
850986 469244 333875
850986 469244 803605
210022 480493 842028
839076 568721 982719
839076 568721 336063
839076 568721 46152
839076 568721 858718
629936 340109 439553
629936 340109 853853
629936 340109 448535
629936 340109 23791
640081 303516 353465
640081 303516 910231
640081 303516 363934
640081 303516 800467
892550 167806 506716
971411 77611 952800
971411 77611 451905
971411 77611 919639
807333 488361 113670
50865 972388 910667
50865 972388 680801
50865 972388 312497
50865 972388 866572
50865 972388 51006
890363 856484 917465
890363 856484 710231
890363 856484 209950
890363 856484 344049
890363 856484 74165
865169 483067 210927
865169 483067 371885
865169 483067 742197
865169 483067 182339
865169 483067 965848
150596 401840 825947
150596 401840 957929
150596 401840 406553
617678 457418 428357
617678 457418 44697
617678 457418 138219
617678 457418 257206
617678 457418 911270
50943 317985 562061
50943 317985 968408
50943 317985 28217
828809 102382 331485
828809 102382 210330
828809 102382 101802
828809 102382 542412
843999 241103 64416
843999 241103 538996
843999 241103 391699
881295 865981 389161
881295 865981 337265
846579 281974 44709
846579 281974 501150
846579 281974 539181
846579 281974 955979
846579 281974 206727
790316 285140 74884
790316 285140 818533
790316 285140 573504
790316 285140 903694
790316 285140 437268
114024 539070 963753
114024 539070 212592
721209 793360 438417
721209 793360 112908
721209 793360 775968
721209 793360 319712
721209 793360 978889
173329 978901 11708
173329 978901 455304
173329 978901 23610
173329 978901 512858
173329 978901 510837
235937 100961 286257
235937 100961 521077
