500
1616 7821 6023
1616 7821 1348
1616 7821 1311
1616 7821 8768
1616 7821 3224
1041 342 8905
1041 342 5108
1041 342 6696
452 6628 4062
452 6628 7567
452 6628 1178
452 6628 3328
452 6628 1173
3442 5296 4293
3442 5296 6628
3442 5296 7174
3442 5296 7865
3442 5296 4591
6914 2559 9473
6914 2559 9289
6914 2559 3908
8057 3484 1172
8057 3484 9098
8057 3484 3826
8057 3484 77
8057 3484 559
618 1011 3503
618 1011 4680
618 1011 4930
4360 6103 6093
4360 6103 7803
4360 6103 7751
4360 6103 386
1278 8251 1726
1278 8251 2930
1278 8251 1517
1278 8251 4285
806 4545 5892
8029 7064 4314
3493 1225 5082
3493 1225 463
3493 1225 8588
3493 1225 8585
3518 5971 5855
2064 10 77
2064 10 8802
2064 10 793
2064 10 1355
2519 637 1275
2519 637 6805
2082 7702 5284
2082 7702 7297
2082 7702 5732
7963 292 8545
5374 5360 4128
6855 3998 6283
6855 3998 9063
6855 3998 9972
9073 49 3501
9073 49 9867
9073 49 7756
9073 49 3259
9073 49 8738
4535 5543 4137
4535 5543 2969
4535 5543 9598
4535 5543 9422
5330 4474 4582
5330 4474 5622
5330 4474 3020
5330 4474 6474
8380 603 7660
8380 603 1588
8380 603 4601
8380 603 295
925 4994 6076
925 4994 7326
925 4994 4848
925 4994 2295
8107 1034 9827
8107 1034 8994
8107 1034 2929
1963 2527 9739
4209 4213 9516
4209 4213 6183
4209 4213 7233
9884 1966 2945
3554 7547 4192
3554 7547 557
3554 7547 4824
3554 7547 5538
3554 7547 2985
386 1633 3585
386 1633 4846
386 1633 9019
386 1633 9765
8300 3730 2156
9821 738 1389
9821 738 4034
9821 738 254
9821 738 3925
2596 3809 9586
2596 3809 5542
2596 3809 7705
2596 3809 3140
1897 49 4265
1897 49 3788
2768 4174 1019
2768 4174 2706
6390 8823 5565
6390 8823 4691
6390 8823 8905
1871 8726 8459
1871 8726 3260
5065 3537 380
7346 9966 3203
7346 9966 1404
8996 9653 5859
8996 9653 3262
8996 9653 3441
8996 9653 5246
7616 2617 1440
7616 2617 9340
7616 2617 9008
4905 3699 5520
5570 4246 1085
5570 4246 5182
2502 8720 3739
2502 8720 164
2502 8720 2418
2502 8720 3706
2502 8720 9719
9516 8716 3476
9516 8716 5376
9516 8716 8330
6974 7064 885
6974 7064 9591
6974 7064 4857
4951 1472 5131
4951 1472 8650
4110 572 7591
2107 950 4050
2107 950 7179
2107 950 1042
9597 1100 285
9597 1100 9772
9597 1100 616
9597 1100 5353
9597 1100 9600
3683 2869 9318
3683 2869 7100
3683 2869 3755
3683 2869 8910
3683 2869 1957
213 9781 1816
213 9781 5216
213 9781 3126
213 9781 5926
718 7474 4247
718 7474 8020
718 7474 1524
718 7474 1426
2090 7376 6514
2090 7376 2375
2090 7376 3500
2090 7376 3483
2090 7376 7729
5827 7764 2321
4864 6076 6760
4864 6076 3173
4864 6076 2761
4864 6076 6973
4578 2189 6081
4330 3151 4330
4330 3151 8577
2206 6356 2938
2206 6356 4296
2206 6356 84
2206 6356 5805
2206 6356 3024
9288 7105 3036
9288 7105 1467
9288 7105 4869
9288 7105 5357
9288 7105 9317
7786 6077 9259
7786 6077 547
2214 1477 5240
2214 1477 4648
5922 7799 2664
5922 7799 4500
5922 7799 5323
5922 7799 1223
5922 7799 7208
5519 7292 419
5519 7292 4895
5519 7292 7228
5519 7292 6059
5519 7292 2000
3878 3222 1973
3878 3222 3196
3878 3222 9308
3878 3222 9759
3878 3222 9273
307 2324 3486
307 2324 8136
307 2324 3917
307 2324 8134
307 2324 6470
2285 5487 691
2285 5487 7609
4251 2223 2229
8994 3477 8771
8994 3477 5053
8994 3477 5477
8994 3477 5387
5051 7361 2127
5051 7361 711
7753 5631 131
7753 5631 77
7753 5631 5469
346 3603 4738
346 3603 6538
346 3603 5888
346 3603 225
9849 3287 4185
9849 3287 8424
2080 7418 5346
2080 7418 852
2080 7418 2471
2080 7418 7175
2080 7418 2591
2227 6304 6234
9777 3987 4921
9777 3987 9908
9777 3987 417
9777 3987 390
763 345 9267
763 345 3653
5844 3587 2435
5844 3587 9132
7212 1001 6204
7212 1001 4630
7212 1001 6347
7212 1001 3408
7212 1001 3454
6000 1209 2101
6000 1209 2304
6000 1209 7443
8433 7783 9961
8200 6704 2870
8200 6704 5315
8200 6704 7049
5321 9635 7982
5321 9635 5260
5321 9635 2071
9384 5635 4467
9384 5635 5588
7166 8997 71
1349 1280 9142
5076 534 8439
6847 3133 7411
6847 3133 3551
2726 601 4493
2726 601 8047
2726 601 6588
2726 601 2475
5011 2293 2691
5011 2293 646
5011 2293 6760
912 278 3629
912 278 983
912 278 7318
8616 2812 1335
3346 6126 9255
3346 6126 6546
3346 6126 9259
3346 6126 6666
3346 6126 97
5744 7050 6108
5744 7050 144
5744 7050 3639
5744 7050 4935
8650 7228 2495
8650 7228 9297
3479 6561 618
3479 6561 7108
3479 6561 3896
3479 6561 7936
2512 7101 6125
447 2252 4515
447 2252 3345
447 2252 7863
447 2252 7533
9478 3278 493
9478 3278 5586
9478 3278 3422
9478 3278 484
3225 9135 7749
3225 9135 5720
8089 9199 1345
8089 9199 8707
8089 9199 2659
8089 9199 5241
8089 9199 2996
4106 97 9927
4106 97 3014
8531 7530 242
8531 7530 2746
37 2225 4693
37 2225 530
37 2225 7811
37 2225 4467
4685 7693 6502
4685 7693 8786
4685 7693 9765
6876 5317 8983
6876 5317 1935
6876 5317 4328
6876 5317 4224
8130 8330 1380
8130 8330 4409
8277 2940 1579
8277 2940 4871
8277 2940 5686
4908 4263 7688
4908 4263 1790
4908 4263 2075
4908 4263 2155
4908 4263 9157
9848 2011 1898
9848 2011 5966
9848 2011 9649
1283 4984 7062
1283 4984 5611
1283 4984 9209
1283 4984 1993
1283 4984 3741
9726 8150 7940
9726 8150 4355
9519 9226 9481
9519 9226 2514
9519 9226 486
6554 2276 2171
6554 2276 8709
6554 2276 7786
6554 2276 5283
6554 2276 4910
7182 7228 5799
7182 7228 2308
7182 7228 8511
7182 7228 783
7182 7228 9370
6344 1364 4216
6344 1364 6588
6344 1364 7442
4528 1797 6161
4528 1797 400
4528 1797 7375
4528 1797 5642
7861 5738 9468
7861 5738 6489
7861 5738 7910
7861 5738 4529
7861 5738 627
5791 6777 6727
5791 6777 3019
5791 6777 8928
5791 6777 9036
6063 8406 2005
6063 8406 8760
6063 8406 6122
5348 3564 1291
5348 3564 6228
5348 3564 1713
5348 3564 3804
9088 5798 5894
9088 5798 3301
9088 5798 1537
9088 5798 1714
9447 2596 6770
9447 2596 8992
9447 2596 8387
9447 2596 9899
7759 8827 4756
1243 9514 3998
1243 9514 6355
6571 1703 9201
6571 1703 4215
6571 1703 4283
8019 7264 6355
8019 7264 3818
8019 7264 3158
1707 1225 2152
1707 1225 7506
1707 1225 3821
1707 1225 8922
1707 1225 2850
5174 8570 6319
5174 8570 4001
5174 8570 9678
5174 8570 1961
9193 5959 7951
9193 5959 1182
6006 6735 9450
6006 6735 290
6006 6735 4002
6006 6735 7469
358 7639 7064
358 7639 6367
8289 8519 3204
8289 8519 8462
8289 8519 3793
8289 8519 6055
8967 977 6990
8967 977 9321
5303 7269 2553
5303 7269 7615
5303 7269 5221
5303 7269 3735
7579 470 2300
7579 470 4221
7579 470 4473
7579 470 9769
4831 3761 1544
4831 3761 7550
4831 3761 9459
2421 9016 4648
5071 1671 1534
5071 1671 2400
7207 9408 317
7207 9408 4476
7207 9408 1961
7207 9408 7932
5696 782 3629
5696 782 6167
5696 782 3082
5696 782 4202
5696 782 640
2330 1823 9316
2330 1823 3874
2330 1823 5725
2330 1823 5128
8146 4144 1059
8146 4144 712
9082 8598 7967
9082 8598 4096
9082 8598 5805
4413 6634 9337
4413 6634 8697
1386 5831 2664
1386 5831 7553
1386 5831 5265
1386 5831 6867
820 9197 2720
9423 8445 1617
9423 8445 2186
9423 8445 2943
3246 7 1328
3246 7 2328
9295 2776 763
9295 2776 3023
7397 2361 2238
7397 2361 6433
4421 9097 7652
4421 9097 6038
4421 9097 2316
4421 9097 8549
4421 9097 6859
1269 3348 7288
1317 5827 5361
1317 5827 7078
5368 4758 7753
5368 4758 326
5368 4758 405
5368 4758 530
3429 423 4839
2662 1272 2241
2662 1272 3435
2662 1272 6722
5826 9038 4794
6904 2415 2385
6904 2415 544
6904 2415 4833
6371 194 7132
6371 194 1796
6371 194 5562
6371 194 8242
6371 194 5902
8647 2784 3331
8647 2784 2076
8647 2784 3207
8647 2784 8170
8647 2784 570
5795 2811 5657
5795 2811 2517
1483 7907 6554
1483 7907 520
1483 7907 4811
1483 7907 8969
