118810465
974905805
769021400
324606403
808394481
223134623
810129180
579588750
393908259
825169498
488604273
325210229
993321931
612872069
338422219
944116963
303101041
666902251
570738371
716292531
644681809
491668497
15179691
361379051
648233371
761161907
244509235
458138199
551422656
977906051
121537250
128370631
475070841
518756144
781690833
472102978
952682002
197814159
309672835
926820437
474711732
271467865
322491334
315968450
183971795
779947151
433365696
166747737
192112933
594527332
214669921
308407513
700158731
834863251
799621092
725700887
290560283
166871055
217616136
827024649
770148099
410180353
359301107
198608835
584504479
912448740
825740379
650166965
609283478
905562467
975229705
374526750
429914189
203285475
774188115
758253361
379206515
556920485
239139789
454563131
596764621
440659009
927480335
464663221
130932449
715788403
435419803
319285083
902162339
518710603
207561783
925669725
921062431
156596983
909792070
445740727
22532617
300054012
902692639
342994933
921710137
544088900
196294161
178323371
252647040
20056202
634468021
983924218
332157611
267359740
198735743
742085451
778978999
31971239
975018562
798723097
222727131
465473517
326459795
95959199
616738632
30169743
956082909
518548093
994311764
21479917
330593671
487864465
291829145
614645797
687042547
68689539
134196925
182876680
126883283
833523236
984939647
940667173
401843983
769709551
384174738
556004183
379273699
396377375
593040563
692735825
875001689
676852743
643100739
158421667
948364425
695676121
605804417
627156873
603003474
367684045
628939135
128960159
759560855
822901703
975221827
83324631
472267271
738521801
364999185
231860118
414730107
618343267
56306355
85931108
932862046
507612623
198200613
994375765
989625683
127200551
688050995
237449162
398869991
174686861
890588993
347979773
860834296
298381941
179627681
704494852
862214846
431146124
187028407
336568181
399929661
846471807
675206556
288112273
731972720
248429210
561105181
619848501
747578619
762718491
504105066
637148255
838849671
351389053
168690890
253039321
71403171
795707260
63419685
493145663
794517391
83876744
123692733
817771218
164928597
35960849
405067503
659437236
562321087
849411283
296673899
399457135
204864029
398242562
889428158
99395687
637495729
348679429
640135643
3601888
603124895
95044015
6251071
152251183
291692355
342918247
602490175
15084113
447552639
420725875
716041547
946120
268037299
463677827
169568043
425196053
134151869
533177586
537770994
306640941
466458591
377157355
949960694
505727295
854579129
792069960
216617100
610297889
618192609
541531441
117072825
859977348
488257586
984303865
822566878
27816189
953353429
156340552
958718125
92408853
725827145
633917401
923660001
562888692
192982037
846312081
55900122
747226805
874739901
649085117
698997369
216306967
491158931
492556626
810873387
437792269
807904488
634902162
816856740
800627613
121044305
298985198
277718635
13120692
697757241
59750578
21286005
547058585
331270273
914175205
378808247
304228693
856700035
308200243
8558175
969823603
153345010
603464293
721290454
855974013
309877817
701642892
58719067
729909493
457641850
626754253
58023099
644285865
120829965
898201575
206938325
537318073
415512441
602828416
385357543
798794842
557028773
68400209
47958385
69942052
891726532
728604163
599809583
288746115
700964415
227160511
218973521
807944313
421400517
953983769
257665425
5643241
838447212
812323163
556819211
935037868
413127599
622738374
309013521
279937775
670920333
377133691
404407021
141596265
527052549
502390173
106621937
583761823
503682113
37484055
398606369
1740495
292750943
980526860
842913475
101938039
236042301
176740968
205081333
23147741
552691
977376112
282774867
553972487
466326437
242610602
745198867
712797853
408555956
146351913
130836469
634667863
266499758
15138157
122439057
829939744
365355735
533825060
813830863
472567811
806101539
664535357
944666833
26007858
780543117
569737039
355697641
326142379
769423465
272867660
41275181
520618783
857697013
895385537
653712966
979416657
644458075
161206564
228657883
469711244
39539479
458553757
656992183
562613077
662114017
684551324
538416867
297818861
592444073
952970829
39561155
375424003
134275257
50421101
603101577
819921563
524660184
221284057
593019763
838884619
943020733
71053838
190966883
856131185
266440125
271784125
772411797
707379185
688228460
41087864
886316802
198122779
134852539
233439797
337208847
176600267
854970323
19846430
776429625
893621439
58499417
467642778
637511221
836741931
383036735
832167161
62961921
341653429
27222286
427008754
696237198
742656419
233144183
192688896
249938160
721447823
224124451
791749788
373129845
68843171
90455543
297931354
37257135
925916085
993387177
509871330
198737362
155512803
900502453
518911370
901444724
732176179
448971085
66030395
974513207
638570753
676111317
275210282
651577039
293534199
857128017
844975403
461540487
428668571
3556647
807078451
366324813
426699393
139863175
152701021
192666341
41109407
348217205
166708539
911389509
153046792
299799606
765688994
36318033
911858677
784940724
194159465
268723391
562339143
497932543
284682015
811265901
369869350
878539872
283556495
90697290
923842141
640645625
761993689
482913241
539234961
446456658
697245557
828374971
566862067
392329545
208454100
713876684
251460950
976628161
230923393
682793997
390787713
939835957
953473581
670904269
127340371
731526021
71730951
125153303
447577185
84383187
180707533
907582745
473366355
79063162
702809445
5937381
722996177
841577587
957846325
394570295
994769841
156127625
220312920
568768012
297671064
556354382
206125371
422291179
666133791
939789966
612177337
41612459
246232143
121984007
466640155
46927289
852177535
486381567
320322303
753189849
443619706
360115167
545540697
37890493
218683567
668021758
768297091
132213269
583958395
893075721
711917517
270116287
101396199
443132580
95306433
158821299
742253255
340209023
769233855
953093881
676101255
95927322
181545514
144636565
453286974
953242807
45727117
509884643
463056635
589882807
593496745
85830865
531767395
435309055
904498205
725643765
851045113
948201378
181631817
350949528
36269166
536949813
77372637
762554513
921328140
605717102
681961903
937809397
250786073
810628257
240218571
942175751
357202977
53838689
840160744
543393961
150462613
3143723
152862911
256273941
551190045
357266325
610695053
738043845
947738389
698775825
907246170
408788147
411422832
913820357
799589095
116277878
521907727
93755765
140691168
580761435
41258979
786643431
787874925
569822597
996541217
441417427
962725600
5456297
971970807
613461851
32181595
716621841
243960939
94067818
914809939
910640941
625703685
439620115
123192417
203627221
351383636
312207511
121966071
239193001
352474191
181215591
967248129
223866885
761295947
749409589
2968321
65883507
808904003
207365331
76192854
425830999
234116486
125541587
255980655
971895595
809607473
236868561
636073227
622953
728801019
371236803
73360655
48592829
845626397
561923569
830456040
825587541
504827443
204818729
588849961
421828915
262887535
526437405
775196201
423895959
416046303
284412633
798763731
132098107
118992143
441934712
30207193
336711563
578664467
30053577
541892636
158660129
656939122
140454581
503938045
551969540
380907083
104721957
156002785
375746227
963582032
533286375
87632295
328502791
467808373
126509347
320195031
208498089
239221389
826356212
210978673
798174715
122247114
685419530
947416239
760362827
423177523
415017953
659325118
774889767
627921933
187055983
868378503
252170349
564920623
891961185
929071911
415366401
465155076
794415653
773663724
179386405
609128898
711282041
191526304
667107497
586732691
662711703
458099201
599809913
164275095
55916809
137251683
919336835
321524085
801785179
402344895
197382665
926025540
812619281
709805009
693249887
155094461
216232050
571442051
675946349
637490913
360699425
869518051
124350899
402965870
297955982
221509637
859426163
554535540
33107629
23076368
435616364
196975133
197395629
655505323
993142423
455968509
737115970
839205180
931862442
245833403
821856996
751883411
496416530
159183466
292208359
230959557
29734613
173782601
901059316
946250276
473096795
345036557
643835073
665429801
640112139
852911248
379384497
904177163
438238719
212202973
547321006
912682729
159316941
185938955
675765793
175415532
598432077
398734863
852247167
277787227
206659518
898868835
810269017
934061457
794455074
959567715
933576045
612937360
649784004
776285679
267867585
623112995
904418371
52806265
553482264
82464994
697496519
610538934
208031671
733500005
253639119
836947067
313746101
23628522
701005241
320258734
237373278
300019138
240973088
945260638
430741926
892665693
351933123
844443597
940538083
169469341
55600622
287192765
796016165
430993369
234803041
404734613
275841773
12521366
396243659
791305497
232490474
82021379
896576883
131406251
880370401
509123272
130172969
560231083
235877735
176098815
632204989
902648777
110974400
294786517
524236284
132679487
612392171
703369563
630804435
575824813
675409889
194029437
354448543
975774308
418550993
762950427
379335602
715386079
201475829
504385321
84567625
72032043
481791372
469062447
671874074
849575103
877791459
33471857
574934590
615241189
874280506
981818528
585998258
188501961
904995707
24004319
567292941
143938416
381352654
120164897
865680399
231582319
264730231
990058265
934735719
741872850
29738544
509721208
196264493
790585833
556071476
976956582
541381297
247939203
229134597
895099866
218732621
327656890
157398009
17609311
937260491
336074201
226008829
883273613
295969287
29228967
425251459
614107636
207392143
653772459
617043691
950071072
484345758
826605597
438525291
878262967
736768703
584253347
307196679
190670747
396099674
689938155
505376743
231750215
404961390
889125518
604152319
261842531
419205555
601783453
63236027
292620368
210726535
383355347
491493631
150072003
41775879
110379230
753269269
370002781
26292174
662804200
590356601
344989869
101095007
197876821
608493053
768963534
354839569
341668036
82048338
737104723
610078903
337264616
513294365
88662059
423591572
481581071
714181789
642086571
444125697
810730445
691184831
624343631
918518240
724956328
447786148
613434753
446487294
319295467
186996546
722356940
327010895
285979143
41056434
499176619
597329039
869571623
534900173
894591775
470750957
241679816
568692175
457169176
331330391
169731249
637183591
492373483
169471487
501041766
562051048
730377344
616717912
760710855
839379259
889581094
444376299
589106475
361523209
243510812
828237970
203599203
338850283
189956143
22853289
387093162
332095266
175463748
90599819
586213410
125736447
140165721
912837910
962150915
520398301
72629889
135756165
266930252
786190541
338052390
673180105
202066789
209974813
206551327
491491785
514821063
151404437
190676436
356346803
752586671
261229985
685714371
421432906
727246783
97027009
249380871
916598548
409857201
511471489
90599611
797244413
382061425
1585617
699080923
192307837
657772602
984174279
899073979
343873061
239828487
994366097
203946975
14143677
561802094
893145868
311099549
91927233
987285317
864069853
501984167
638136441
120390339
377078044
285368711
807391765
5206280
478570267
228038295
599182608
97173801
717225069
796732356
718078561
272265253
277142102
932225207
228498777
893285211
379810354
779695983
98484925
399801219
650282125
765912665
66389711
888090301
65994961
729336053
602825979
665870582
596754333
151375175
637558456
313396833
591992578
67926072
54114069
806406537
996355479
504499047
251891963
564784416
259612145
253380769
342325757
721947007
281325139
890551456
789503726
152739805
992060007
779670474
968422199
728774813
89583885
268606575
813615019
795729859
578466803
503885637
354193433
733965489
578436096
849619105
127882861
355142729
478371451
180858719
275538141
484514588
455346531
25596796
48677371
527127743
590549084
766641
14989319
200927133
188409593
769863733
796557058
243618594
654734695
394291377
762330582
869260193
22456124
992219361
623449579
805948573
624394997
864442883
791110123
646313976
234550117
449372352
48198741
298225535
833882909
167994067
662855505
708947259
734774013
835254263
332854405
129274613
947766888
323449901
230593995
754164061
679279632
100701454
386586959
776843593
389866267
200574708
549532110
375711458
819334385
247744291
477242253
55643783
421692668
851280016
942035189
979095509
508697555
392466498
369397791
133457309
318573398
733871985
139968805
223235015
956449950
208094328
910398085
931792176
92530295
751496787
260427065
923545739
803206728
762757321
502681741
356830360
233303101
511787533
677517373
632215409
151991053
639148026
518519303
700495961
683362699
57814567
792833599
193781239
541800621
183361819
191606415
220757445
311444767
544552507
907533081
552862667
72856553
137456883
254900646
477815009
588449643
863695035
351683665
313874811
124111257
367834307
500919219
934530282
866097432
73900349
555048201
234252929
230251431
711574981
402593923
925891089
692416843
200904759
130985695
359776637
263423973
189426733
401294802
97568369
156630597
521107801
214315567
15771939
954325992
175947063
573239965
35289325
909755726
646403133
506052472
750884953
614786055
591981661
773374345
219361267
674811158
696276328
192049921
661752379
230430735
147204170
943086519
635876295
106825193
734223631
577852135
272010663
269735994
988008331
432204636
548685686
303730630
639718723
538246731
570120799
737370294
301764596
592405759
157907963
750363021
420657279
658697003
556528725
525238351
129189138
16896939
393269347
158902869
606095811
16655321
343944629
340843729
718846341
390345235
183271424
372214257
930484025
817069801
383530807
83569857
539821847
765257485
173505134
696774013
533857433
251528450
136110015
865811779
429868179
331236686
813031937
385384153
458640380
801836575
620679009
915767687
367497847
380491641
354610039
355936669
25383834
465048961
429672958
680702018
969053034
316342573
290339822
330267379
455392695
680212425
282233206
711294311
268283833
782983495
610135814
411858174
569906409
515771165
504119455
832660341
56740025
13099015
709030301
634002055
252500273
293012634
14702885
931434807
922584525
538498937
649538448
404308734
752357315
754586243
95892017
563344804
600520293
532776866
140285446
113780593
215454623
497193985
905669095
116272855
706681477
527906435
220691508
168647391
662769191
525507071
755591000
390393845
777745403
578052479
156151715
237564861
106224012
598396048
92882949
610465266
222938447
72257195
384201766
195707743
441566755
180574211
145891980
588905700
617356402
612324545
320754311
506256875
603464373
947472209
603257163
623697971
19941639
493662013
46615437
599296302
545134053
77649477
921748906
629683429
668927244
590553161
845930629
865952082
674071023
652746515
735234243
952777100
316824135
658540047
188687957
109704585
123456959
641475120
349403447
502888977
836278328
422845415
575172037
922974505
975215853
8893590
23205050
436540113
583418219
163156414
33627345
776586963
16679217
387327044
749653518
243459349
824249328
6187885
601650637
495797631
928354152
208359553
281595311
139570262
575676750
647536539
251699321
6656725
597666393
229542350
54679207
938404329
996640991
892501663
42806373
418426221
27724577
23591501
99704225
924040047
992514371
178046643
41416050
329108034
10352310
43135346
433064539
108716998
979661773
135610202
327969209
757883871
282008055
304377299
158739811
875535664
686773009
529917715
277464063
936490815
359887285
592120911
237833699
237728537
228574253
7437587
104812114
696850136
360655800
596250839
233496071
195356054
492481940
514310358
472596287
247804993
627223591
446029119
948356219
25993839
473711127
896113103
706912993
356139473
212206375
854324009
884187399
795069739
123219251
67555269
440293009
148723429
956988264
924550835
107241017
239924761
714316086
4227127
496609301
788693955
802042167
77957645
368336246
901159545
915393189
913031873
354188637
358973491
958497207
622841779
541831995
194910383
463482439
966823859
368565964
165933185
978328462
805680021
903014467
758622054
438775256
950171999
479646969
451819107
925267511
261262021
566419425
244040937
907212755
895330659
260181891
679697674
501473221
422801189
31809089
439230637
341312903
356305527
850261922
65145719
105949904
815939262
673456317
637168345
784578669
806622215
139129322
539000363
109636485
902201857
425062721
184941615
173199349
847903328
388424821
995088607
936363645
719485175
479664581
511416277
321128639
368931685
257558747
629865248
784441527
344164323
144848419
230803276
282055227
38549705
880995933
94083789
743709485
446017531
630483651
498551807
463431043
83636449
405495111
399672563
13387363
410655885
612798029
187304351
992383952
218525667
479169
196777669
889807249
14114175
447132917
458570935
547557033
817266415
289928205
807808097
70856117
516576105
343214541
260349476
554325453
83677530
627955927
893301701
86091359
767830769
891885
946398559
369947400
270628937
528676139
624428920
476543759
410055579
2180197
295369618
725043742
4549891
463690609
139295227
766642468
361630079
603692559
330715668
960966551
281724429
203463017
570028089
532143911
170786515
581118141
412477993
20573830
441259968
716744297
92421427
635987723
1535468
553276905
256754876
966378694
973193838
567028913
305165786
923710525
379674388
105342023
995389605
519104263
436367953
875676620
83071263
840439513
571530285
677474063
929237725
208905715
470281159
332531975
844846817
854318092
948177615
639249559
501060729
721804718
940990069
340950235
227259517
804221713
666833847
111178173
936550015
781796326
589969233
512313379
406241820
659869997
724975048
510737046
901527661
810368463
582414853
743913133
745512755
324850147
373538886
750075819
542305911
621135249
381859564
387246892
152908163
672731379
144240811
370156942
167814971
705161631
878713647
842590395
703580199
800754935
934300097
657410147
536366305
744578603
59853737
840292626
743311281
590828643
995007983
582076553
435048885
687005131
308261451
320835165
409889606
801662073
121999041
256737345
109690344
984337791
872462495
575274629
309237444
426246705
35686215
657917123
139148170
562431073
172935787
676441223
82967551
404666781
439823101
866243981
477428071
199438435
867078664
537237205
322331489
694423636
663833647
172481408
332203076
910578097
569755854
274688663
622619973
440693775
462685573
537775715
420365509
142159384
981838639
253543360
50129205
175464949
160019459
772906119
554779229
251047361
240564077
782593352
318066709
893934243
953092369
461202486
715893699
117586212
876946737
739801961
110821967
189490141
892448625
201711508
55096743
65025861
982665460
470068863
826568963
770993747
305637802
62127987
436538803
436866309
399568262
147400515
306873314
882993033
342471751
450130579
856796929
712793551
173611002
291050280
772802354
193261783
483480881
327513291
204539051
60620288
426622321
811472761
751825579
724125553
36373568
7524607
145371764
224881510
90562273
411306297
946264338
741993175
727093622
89751333
113513171
84684715
889976101
960922301
262613295
252180624
370072291
803112255
115964345
667692001
295110541
572077830
643048707
969368237
661910161
643051471
546154590
39347101
446924391
363851734
190340665
975353673
881288858
85264164
170922695
110634785
61319691
654083676
878673321
625363813
927612537
759192557
388671683
882933281
620432782
581627655
309169517
698466043
197715395
61233673
192996989
429888431
818117815
845614080
862295608
752349463
396693335
337181145
199815893
684240456
575783856
618199255
845354517
18207029
442863661
660943862
215387217
533731199
612226506
950917228
405988601
300047413
308027516
462536663
588029940
278708655
185249844
655344337
902773487
937463153
77211326
799927514
642068317
854385095
997088878
100399881
861739910
930582539
209256824
101645063
85764285
155771424
662401921
825369363
118470663
813135193
372664209
103914799
800407645
536269489
753262361
768281077
947995573
449029744
