1000
0 1 1 0 1 1 0 0 0 0 0 1 0 1 0 1 1 0 0 0 0 1 0 1 1 1 0 0 1 0 0 0 0 0 0 0 0 0 0 0 0 0 0 0 0 0 0 0 0 0 0 0 0 0 0 0 0 0 0 0 0 0 0 0 0 0 0 0 0 0 0 0 0 0 0 0 0 0 0 0 0 0 0 0 0 0 0 0 0 0 0 0 0 0 0 0 0 0 0 0 0 0 0 0 0 0 0 0 0 0 0 0 0 0 0 0 0 0 0 0 0 0 0 0 0 0 0 0 0 0 0 0 0 0 0 0 0 0 0 0 0 0 0 0 0 0 0 0 0 0 0 0 0 0 0 0 0 0 0 0 0 0 0 0 0 0 0 0 0 0 0 0 0 0 0 0 0 0 0 0 0 0 0 0 0 0 0 0 0 0 0 0 0 0 0 0 0 0 0 0 0 0 0 0 0 0 0 0 0 0 0 0 0 0 0 0 0 0 0 0 0 0 0 0 0 0 0 0 0 0 0 0 0 0 0 0 0 0 0 0 0 0 0 0 0 0 0 0 0 0 0 0 0 0 0 0 0 0 0 0 0 0 0 0 0 0 0 0 0 0 0 0 0 0 0 0 0 0 0 0 0 0 0 0 0 0 0 0 0 0 0 0 0 0 0 0 0 0 0 0 0 0 0 0 0 0 0 0 0 0 0 0 0 0 0 0 0 0 0 0 0 0 0 0 0 0 0 0 0 0 0 0 0 0 0 0 0 0 0 0 0 0 0 0 0 0 0 0 0 0 0 0 0 0 0 0 0 0 0 0 0 0 0 0 0 0 0 0 0 0 0 0 0 0 0 0 0 0 0 0 0 0 0 0 0 0 0 0 0 0 0 0 0 0 0 0 0 0 0 0 0 0 0 0 0 0 0 0 0 0 0 0 0 0 0 0 0 0 0 0 0 0 0 0 0 0 0 0 0 0 0 0 0 0 0 0 0 0 0 0 0 0 0 0 0 0 0 0 0 0 0 0 0 0 0 0 0 0 0 0 0 0 0 0 0 0 0 0 0 0 0 0 0 0 0 0 0 0 0 0 0 0 0 0 0 0 0 0 0 0 0 0 0 0 0 0 0 0 0 0 1 1 1 0 1 0 0 1 1 1 1 0 1 1 0 0 0 0 0 1 0 0 1 1 1 0 1 0 1 1 0 0 0 0 0 1 0 1 0 1 0 0 1 1 1 1 1 1 1 0 0 1 0 1 0 1 1 1 1 0 0 0 1 1 0 1 0 0 0 1 0 0 1 1 1 0 1 1 1 0 1 0 0 1 1 0 0 1 0 0 1 0 0 0 1 0 0 0 0 0 1 0 1 0 0 0 0 1 1 1 1 0 1 1 1 1 0 0 0 0 0 1 0 0 0 0 0 0 0 0 0 1 1 1 1 1 0 1 0 1 0 1 0 0 1 1 1 1 1 1 1 1 0 1 1 0 1 1 0 1 0 1 0 1 0 1 0 0 0 0 0 1 1 0 1 0 1 0 1 1 1 0 0 1 0 0 0 1 1 0 1 1 1 1 0 0 1 0 0 1 0 0 0 0 0 1 0 0 1 0 1 0 0 1 0 0 1 0 0 1 0 1 0 0 0 1 0 1 1 0 1 0 1 1 0 1 1 0 1 0 0 0 1 1 0 1 1 1 1 1 0 1 0 1 1 1 0 1 0 1 0 1 1 1 1 1 0 0 0 0 0 0 0 1 1 0 0 1 0 1 0 0 1 1 1 0 0 1 0 0 1 0 0 0 1 1 0 1 1 0 1 1 0 0 1 0 0 1 1 0 1 1 1 0 0 0 0 0 0 0 1 1 0 1 1 1 0 1 1 1 1 0 0 0 0 1 0 1 1 1 1 0 0 0 0 1 1 0 1 1 1 0 0 1 1 1 1 1 1 0 0 0 0 1 0 1 0 0 0 1 1 1 1 0 0 1 1 1 0 0 0 1 1 0 0 0 1 1 0 0 1 0 1 0 1 1 1 0 0 1 1 1 0 1 1 0 0 0 1 0 1 1 1 0 1 0 0 1 1 0 1 1 1 0 1 0 0 0 0 0 1 0 1 1 1 1 0 1 1 1 0 0 1 1 0 0 1 1 1 1 1 1 0 0 1 1 1 1 1 1 1 0 1 1 1 0 0 1 0 1 1 0 0 0 1 0 0 1 1 0 0 1 1 0 1 0 1 0 0 0 0 1 0 1 0 1 0 0 1 1
2000
15 16 118810464
451 676 974905804
279 330 769021400
407 809 324606402
51 660 808394480
55 581 223134622
72 79 810129180
411 412 579588750
949 950 393908258
69 135 825169498
466 642 488604272
676 807 325210228
549 553 993321930
1 740 612872068
835 838 338422218
327 1000 944116963
912 945 303101040
521 636 666902250
384 656 570738370
109 848 716292530
10 639 644681808
976 980 491668496
357 898 15179690
268 871 361379050
370 559 648233370
943 973 761161906
1 812 244509234
703 718 458138198
288 288 551422656
472 887 977906050
244 246 121537250
268 649 128370630
350 913 475070840
238 256 518756144
506 1000 781690832
136 136 472102978
51 223 952682002
229 1000 197814158
202 783 309672834
251 676 926820436
119 127 474711732
58 1000 271467864
853 853 322491334
199 200 315968450
5 1000 183971794
928 943 779947150
238 294 433365696
1 770 166747736
495 998 192112932
351 355 594527332
365 803 214669920
244 730 308407512
316 714 700158730
112 584 834863250
191 205 799621092
224 446 725700887
61 992 290560282
591 761 166871054
472 472 217616136
470 875 827024648
526 654 770148098
225 503 410180352
148 722 359301106
827 836 198608834
274 1000 584504478
276 358 912448740
753 967 825740378
629 999 650166964
108 122 609283478
38 754 905562466
1 660 975229704
67 70 374526750
641 853 429914188
600 989 203285474
259 739 774188114
319 1000 758253360
126 918 379206514
1 665 556920484
183 958 239139789
380 847 454563130
1 250 596764620
399 671 440659008
601 607 927480335
561 1000 464663220
802 826 130932448
19 46 715788402
1 924 435419802
492 959 319285082
635 637 902162338
1 652 518710602
24 24 207561782
29 692 925669724
232 539 921062430
166 1000 156596982
781 781 909792070
787 788 445740726
440 933 22532616
160 446 300054012
567 1000 902692638
140 1000 342994932
645 938 921710136
473 489 544088900
299 636 196294160
930 939 178323370
311 347 252647040
184 185 20056202
35 1000 634468020
182 183 983924218
185 1000 332157610
387 389 267359740
679 679 198735742
464 895 742085450
851 942 778978998
611 612 31971238
133 144 975018562
859 861 798723096
1 671 222727130
320 502 465473516
175 683 326459794
227 529 95959198
95 100 616738632
475 567 30169742
691 932 956082909
580 581 518548093
459 487 994311764
315 564 21479916
447 701 330593670
192 507 487864464
281 571 291829144
307 991 614645796
1 365 687042546
664 667 68689539
416 643 134196924
321 321 182876680
99 1000 126883282
75 99 833523236
14 951 984939646
926 943 940667172
921 922 401843982
930 932 769709550
85 88 384174738
338 602 556004182
1 610 379273698
546 575 396377374
463 583 593040562
77 858 692735824
124 1000 875001688
1 486 676852742
589 592 643100738
293 763 158421666
1 569 948364424
301 871 695676120
39 902 605804416
492 805 627156872
628 628 603003474
1 776 367684044
297 588 628939134
787 1000 128960158
201 773 759560854
108 702 822901702
678 682 975221826
58 664 83324630
423 428 472267271
1 787 738521800
120 770 364999184
64 65 231860118
318 868 414730106
340 618 618343267
493 966 56306354
81 232 85931108
701 703 932862046
774 863 507612622
71 890 198200612
963 966 994375764
1 618 989625682
223 899 127200550
154 909 688050994
328 332 237449162
961 971 398869990
648 749 174686860
261 608 890588992
945 961 347979772
516 517 860834296
567 904 298381940
922 923 179627680
83 83 704494852
85 461 862214846
323 325 431146124
461 818 187028406
139 891 336568180
944 945 399929660
12 895 846471806
243 252 675206556
63 765 288112272
388 447 731972720
458 469 248429210
558 974 561105180
251 544 619848500
1 837 747578619
447 764 762718490
79 459 504105066
24 912 637148254
499 918 838849670
591 702 351389052
243 252 168690890
720 720 253039320
373 782 71403171
434 436 795707260
581 583 63419684
1 390 493145662
145 919 794517390
234 308 83876744
238 663 123692732
127 458 817771218
1 970 164928596
199 342 35960849
746 790 405067502
48 64 659437236
70 982 562321086
765 770 849411282
486 596 296673898
975 1000 399457135
461 777 204864028
218 299 398242562
183 185 889428158
440 696 99395686
566 575 637495728
487 986 348679428
109 681 640135642
378 382 3601888
89 218 603124895
185 1000 95044014
908 915 6251070
511 1000 152251182
26 26 291692354
522 547 342918246
153 505 602490174
453 855 15084112
805 1000 447552638
418 888 420725874
440 871 716041546
403 405 946120
29 917 268037298
711 712 463677826
799 812 169568043
843 856 425196052
66 572 134151868
772 773 533177586
408 473 537770994
344 883 306640940
285 906 466458590
370 601 377157354
45 176 949960694
660 660 505727294
462 611 854579128
155 455 792069960
356 363 216617100
109 790 610297888
458 952 618192608
515 621 541531440
1 439 117072824
307 309 859977348
422 472 488257586
3 991 984303864
179 288 822566878
761 955 27816188
828 844 953353428
596 596 156340552
27 33 958718124
376 573 92408852
344 912 725827144
689 736 633917400
6 301 923660000
245 268 562888692
785 931 192982036
288 783 846312080
370 499 55900122
70 635 747226804
441 761 874739901
332 335 649085117
289 544 698997368
610 713 216306966
131 784 491158930
182 213 492556626
180 616 810873386
97 1000 437792268
90 139 807904488
415 423 634902162
741 742 816856740
912 915 800627612
408 927 121044304
308 473 298985198
778 780 277718634
187 206 13120692
68 1000 697757241
401 401 59750578
1 249 21286004
180 962 547058584
180 883 331270272
928 985 914175204
369 942 378808246
360 787 304228692
440 868 856700034
587 982 308200242
355 747 8558174
768 857 969823602
124 124 153345010
1 870 603464292
297 359 721290454
327 533 855974012
965 982 309877816
246 253 701642892
318 719 58719066
576 885 729909492
296 320 457641850
708 709 626754252
467 688 58023098
128 780 644285865
477 515 120829964
1 945 898201574
156 974 206938324
693 861 537318072
924 927 415512440
35 288 602828416
748 750 385357542
342 342 798794842
669 681 557028772
271 699 68400208
369 837 47958384
265 268 69942052
32 274 891726532
151 742 728604162
829 829 599809582
309 733 288746114
448 794 700964414
848 864 227160510
21 965 218973520
319 522 807944312
420 848 421400516
102 931 953983768
1 699 257665424
34 868 5643241
874 874 838447212
595 940 812323162
273 619 556819210
373 374 935037868
427 610 413127598
302 352 622738374
550 608 309013520
471 658 279937774
483 518 670920332
241 959 377133690
252 502 404407020
249 781 141596264
174 630 527052548
475 1000 502390172
1 640 106621936
9 996 583761822
150 946 503682112
237 461 37484055
885 908 398606368
89 635 1740494
11 1000 292750942
79 83 980526860
53 1000 842913474
331 663 101938038
274 919 236042300
394 490 176740968
664 668 205081332
428 687 23147740
156 908 552690
42 186 977376112
85 936 282774866
11 925 553972486
441 660 466326436
354 357 242610602
383 601 745198866
415 836 712797852
231 232 408555956
253 618 146351912
292 846 130836468
1 908 634667862
106 236 266499758
29 993 15138156
121 919 122439056
318 319 829939744
220 585 365355735
139 142 533825060
618 689 813830862
178 1000 472567810
503 504 806101538
891 917 664535356
113 748 944666832
447 450 26007858
1 704 780543116
92 675 569737039
1 931 355697640
724 837 326142378
1 839 769423464
339 343 272867660
460 610 41275180
880 905 520618782
21 25 857697012
1 973 895385536
235 240 653712966
359 961 979416656
597 878 644458074
279 333 161206564
430 748 228657882
469 473 469711244
117 553 39539478
68 957 458553756
13 17 656992182
224 250 562613077
239 993 662114016
296 300 684551324
365 716 538416866
449 761 297818860
4 907 592444072
54 712 952970828
317 550 39561154
15 32 375424002
236 698 134275256
457 1000 50421100
1 521 603101576
1 857 819921562
7 10 524660184
133 700 221284056
1 251 593019762
470 925 838884618
688 688 943020732
81 181 71053838
899 901 190966882
826 908 856131184
393 444 266440125
673 800 271784124
133 584 772411796
393 841 707379184
473 474 688228460
710 710 41087864
53 58 886316802
648 655 198122778
134 830 134852538
674 692 233439796
304 763 337208846
612 613 176600266
175 568 854970322
237 247 19846430
394 533 776429624
495 711 893621438
450 647 58499416
47 124 467642778
384 509 637511220
221 1000 836741930
248 853 383036734
8 789 832167160
218 929 62961920
562 788 341653428
376 376 27222286
220 225 427008754
193 216 696237198
1 832 742656418
15 1000 233144182
317 437 192688896
189 468 249938160
161 610 721447822
564 565 224124450
254 254 791749788
772 819 373129844
895 991 68843170
644 689 90455542
289 326 297931354
207 880 37257134
740 900 925916084
267 803 993387176
270 473 509871330
770 771 198737362
1 863 155512802
477 516 900502453
279 291 518911370
278 406 901444724
653 661 732176178
466 623 448971084
642 644 66030394
582 598 974513206
673 693 638570752
407 866 676111316
257 258 275210282
728 1000 651577038
432 687 293534198
209 888 857128016
314 749 844975402
123 631 461540486
138 143 428668571
354 583 3556646
137 571 807078450
729 962 366324812
919 948 426699392
10 651 139863174
436 766 152701021
292 898 192666340
679 682 41109406
149 866 348217204
9 641 166708538
548 550 911389509
52 293 153046792
109 250 299799606
58 60 765688994
447 1000 36318032
160 567 911858676
35 137 784940724
1 762 194159464
928 937 268723390
455 669 562339142
174 1000 497932542
495 966 284682014
913 914 811265900
504 504 369869350
107 111 878539872
581 953 283556494
427 429 90697290
894 903 923842140
295 536 640645624
393 555 761993688
206 816 482913240
553 683 539234960
336 340 446456658
90 519 697245556
685 698 828374970
199 560 566862066
843 916 392329544
339 341 208454100
272 289 713876684
310 434 251460950
499 539 976628160
784 912 230923392
608 611 682793996
229 239 390787713
226 858 939835956
29 213 953473580
197 751 670904268
97 830 127340370
421 723 731526020
896 899 71730950
252 545 125153302
16 675 447577184
108 620 84383186
431 680 180707532
251 875 907582744
13 190 473366354
389 390 79063162
323 952 702809444
352 720 5937380
952 954 722996176
190 771 841577586
755 758 957846324
140 1000 394570294
1 998 994769840
189 1000 156127624
879 879 220312920
391 475 568768012
175 178 297671064
164 344 556354382
735 738 206125370
425 666 422291178
1 765 666133790
113 118 939789966
633 655 612177336
278 848 41612458
628 673 246232142
162 940 121984006
542 563 466640154
804 858 46927288
367 696 852177534
96 859 486381566
115 674 320322302
451 538 753189848
101 353 443619706
105 1000 360115166
923 924 545540696
205 596 37890492
383 1000 218683566
351 352 668021758
312 368 768297091
381 1000 132213268
861 871 583958394
828 829 893075720
152 645 711917516
52 550 270116286
199 1000 101396198
266 267 443132580
530 716 95306432
1 718 158821298
460 821 742253255
932 935 340209022
197 987 769233854
710 731 953093880
893 893 676101254
356 371 95927322
73 160 181545514
502 539 144636564
208 222 453286974
765 783 953242806
566 572 45727116
643 661 509884642
411 532 463056634
1 690 589882806
457 743 593496744
488 1000 85830864
857 858 531767394
16 795 435309054
819 985 904498204
487 650 725643764
185 873 851045112
377 400 948201378
228 1000 181631816
490 491 350949528
50 54 36269166
910 915 536949812
771 914 77372636
488 757 762554512
592 592 921328140
39 40 605717102
696 801 681961902
87 400 937809397
629 632 250786072
1 839 810628256
723 726 240218570
12 186 942175750
169 979 357202976
152 642 53838688
185 186 840160744
763 778 543393960
36 988 150462612
585 599 3143722
289 860 152862910
1 961 256273940
535 538 551190044
629 821 357266324
490 1000 610695052
319 846 738043844
257 805 947738388
831 833 698775824
417 442 907246170
83 87 408788147
133 134 411422832
1 610 913820356
341 1000 799589094
304 307 116277878
766 819 521907727
57 934 93755764
789 790 140691168
625 727 580761434
204 1000 41258978
63 693 786643430
529 636 787874924
1 725 569822596
21 726 996541216
155 950 441417427
39 44 962725600
1 137 5456296
448 696 971970807
366 652 613461850
905 906 32181595
568 801 716621840
135 790 243960938
120 146 94067818
975 976 914809938
195 810 910640940
22 24 625703684
1 611 439620114
50 700 123192416
61 626 203627220
272 280 351383636
76 625 312207510
268 886 121966070
205 542 239193000
274 617 352474190
157 974 181215590
478 644 967248128
551 622 223866884
267 580 761295946
911 911 749409588
1 795 2968320
639 825 65883506
716 735 808904002
321 921 207365330
375 375 76192854
642 646 425830998
126 440 234116486
307 538 125541586
488 752 255980655
460 895 971895594
262 860 809607472
410 535 236868560
670 722 636073227
218 861 622952
312 556 728801018
127 934 371236802
317 647 73360654
452 822 48592828
540 905 845626396
638 639 561923568
53 70 830456040
476 742 825587540
55 950 504827442
276 798 204818729
735 760 588849960
401 674 421828914
234 678 262887534
585 589 526437404
1 969 775196200
1 330 423895958
565 567 416046302
18 540 284412632
166 640 798763730
40 519 132098106
192 816 118992142
255 473 441934712
4 75 30207192
661 827 336711562
496 543 578664466
841 844 30053576
899 899 541892636
33 821 158660128
449 453 656939122
287 1000 140454580
37 536 503938044
334 348 551969540
355 592 380907082
314 881 104721956
24 941 156002784
213 542 375746226
384 446 963582032
1 196 533286374
263 927 87632294
660 662 328502790
247 509 467808372
39 49 126509347
640 653 320195030
525 1000 208498088
90 1000 239221388
273 344 826356212
936 959 210978672
232 909 798174714
703 704 122247114
391 406 685419530
242 887 947416238
260 874 760362826
415 651 423177522
397 964 415017952
36 50 659325118
652 655 774889766
431 1000 627921932
1 824 187055982
122 936 868378502
969 972 252170348
433 580 564920622
734 813 891961184
630 839 929071910
224 977 415366400
311 314 465155076
1 683 794415652
453 454 773663724
730 843 179386404
276 276 609128898
420 634 711282040
204 284 191526304
82 936 667107496
409 886 586732690
434 989 662711702
350 722 458099200
265 566 599809912
18 906 164275094
378 926 55916808
153 503 137251682
707 873 919336834
13 1000 321524084
1 924 801785178
159 888 402344894
715 735 197382664
262 272 926025540
644 645 812619280
548 550 709805008
939 940 693249886
918 992 155094460
155 238 216232050
109 836 571442050
159 519 675946348
32 836 637490912
856 858 360699424
1 444 869518050
558 993 124350898
437 441 402965870
31 141 297955982
19 110 221509636
28 780 859426162
56 70 554535540
715 736 33107628
155 158 23076368
328 465 435616364
924 931 196975132
809 821 197395628
527 527 655505322
214 928 993142422
381 550 455968509
482 485 737115970
212 213 839205180
319 323 931862442
357 845 245833402
243 248 821856996
282 952 751883410
202 204 496416530
279 315 159183466
127 952 292208358
369 798 230959556
878 879 29734612
651 988 173782600
96 98 901059316
107 384 946250276
939 978 473096794
574 885 345036556
681 1000 643835072
222 877 665429800
772 776 640112138
309 387 852911248
823 988 379384496
864 866 904177162
262 889 438238718
578 579 212202972
446 475 547321006
813 912 912682728
1 496 159316940
205 729 185938954
315 521 675765792
103 340 175415532
271 513 598432076
242 828 398734862
628 1000 852247166
1 648 277787226
59 62 206659518
75 1000 898868834
123 669 810269016
80 814 934061456
272 410 794455074
740 761 959567714
626 938 933576044
192 409 612937360
438 491 649784004
1 826 776285678
50 817 267867584
1 540 623112994
197 838 904418370
302 649 52806264
292 292 553482264
244 251 82464994
488 897 697496518
332 333 610538934
46 924 208031671
644 804 733500004
561 572 253639118
869 951 836947066
625 1000 313746100
817 819 23628522
448 716 701005240
142 143 320258734
113 115 237373278
338 338 300019138
278 360 240973088
253 255 945260638
446 448 430741926
1 961 892665692
876 969 351933122
105 969 844443597
29 983 940538083
721 813 169469340
44 53 55600622
396 619 287192764
105 878 796016164
906 911 430993368
99 1000 234803040
854 858 404734613
292 835 275841772
80 83 12521366
874 877 396243658
559 561 791305496
371 388 232490474
1 832 82021378
406 607 896576882
465 751 131406251
826 960 880370400
318 319 509123272
574 602 130172968
16 637 560231082
128 867 235877734
71 670 176098814
618 622 632204988
48 956 902648776
119 328 110974400
647 683 294786516
158 482 524236284
444 445 132679487
327 1000 612392170
273 280 703369563
66 1000 630804434
532 598 575824812
546 907 675409888
398 559 194029436
712 758 354448542
371 391 975774308
898 976 418550992
363 834 762950426
302 307 379335602
342 863 715386078
189 826 201475828
1 785 504385320
478 520 84567624
863 896 72032042
321 351 481791372
761 762 469062446
229 230 671874074
668 700 849575102
103 757 877791458
256 944 33471856
205 452 574934590
358 732 615241188
187 192 874280506
272 273 981818528
302 314 585998258
1 927 188501960
35 716 904995706
578 579 24004318
873 874 567292940
375 375 143938416
266 331 381352654
11 767 120164896
259 1000 865680398
795 800 231582318
140 1000 264730230
780 793 990058264
479 616 934735718
180 189 741872850
815 818 29738544
246 247 509721208
234 547 196264492
446 524 790585832
33 368 556071476
349 349 976956582
348 600 541381296
228 739 247939202
278 475 229134597
363 370 895099866
573 814 218732620
119 122 327656890
128 1000 157398008
324 823 17609310
102 736 937260490
1 755 336074200
570 678 226008828
250 903 883273612
870 872 295969287
719 726 29228966
66 1000 425251459
424 424 614107636
912 913 207392142
645 646 653772458
283 1000 617043690
127 219 950071072
35 303 484345758
1 958 826605596
553 628 438525290
581 731 878262966
126 1000 736768702
539 891 584253346
203 537 307196678
1 699 190670746
300 303 396099674
174 530 689938154
208 606 505376742
420 839 231750214
409 441 404961390
218 487 889125518
220 925 604152318
1 709 261842530
535 798 419205554
132 1000 601783452
394 935 63236026
15 15 292620368
705 782 210726534
619 665 383355346
610 629 491493630
54 882 150072002
861 999 41775878
127 132 110379230
12 930 753269268
262 591 370002780
926 926 26292174
630 630 662804200
512 923 590356601
374 989 344989868
345 780 101095006
805 1000 197876820
314 923 608493052
972 973 768963534
486 568 354839568
87 92 341668036
236 287 82048338
76 656 737104722
252 547 610078902
205 259 337264616
132 699 513294364
601 858 88662058
113 294 423591572
828 855 481581070
764 1000 714181788
862 867 642086570
223 520 444125696
33 559 810730444
383 823 691184830
622 629 624343630
322 325 918518240
80 129 724956328
409 409 447786148
892 899 613434752
423 426 446487294
48 930 319295466
204 237 186996546
32 68 722356940
483 630 327010894
879 889 285979142
174 220 41056434
275 621 499176619
575 577 597329038
252 830 869571622
368 705 534900172
317 975 894591774
923 945 470750956
462 467 241679816
294 838 568692174
288 288 457169176
20 66 331330390
770 873 169731249
168 855 637183590
575 774 492373482
453 618 169471486
105 160 501041766
280 289 562051048
212 212 730377344
53 68 616717912
695 912 760710855
586 982 839379258
100 460 889581094
162 575 444376298
1 619 589106474
1 870 361523208
430 498 243510812
105 106 828237970
413 934 203599202
653 696 338850282
840 841 189956142
4 996 22853288
241 242 387093162
420 424 332095266
402 461 175463748
14 738 90599818
151 152 586213410
1 544 125736446
131 959 140165720
223 227 912837910
91 927 962150914
32 652 520398301
680 941 72629888
811 831 135756164
390 426 266930252
808 809 786190540
385 385 338052390
492 837 673180104
831 839 202066788
448 604 209974812
448 1000 206551326
634 638 491491784
24 26 514821062
86 521 151404436
392 496 190676436
854 938 356346802
321 630 752586671
384 803 261229984
95 878 685714370
72 76 421432906
618 633 727246782
3 943 97027008
381 1000 249380870
328 329 916598548
180 813 409857200
955 958 511471488
129 1000 90599610
753 793 797244412
610 616 382061424
242 705 1585616
442 867 699080922
395 403 192307837
128 136 657772602
303 552 984174278
637 722 899073978
916 926 343873060
681 1000 239828486
1 595 994366096
120 849 203946974
188 772 14143676
668 670 561802094
386 388 893145868
33 889 311099548
609 643 91927232
354 956 987285316
1 274 864069852
105 1000 501984166
1 349 638136440
397 836 120390338
150 151 377078044
25 25 285368711
53 56 807391765
50 50 5206280
325 1000 478570266
700 842 228038294
85 225 599182608
35 967 97173800
15 679 717225068
33 34 796732356
1 297 718078560
599 612 272265252
421 423 277142102
287 502 932225206
1 451 228498777
912 913 893285210
451 459 379810354
343 639 779695982
354 861 98484924
1 934 399801218
115 566 650282124
688 692 765912664
57 632 66389710
42 903 888090300
314 660 65994960
377 569 729336052
370 583 602825978
444 449 665870582
226 229 596754333
229 664 151375174
240 240 637558456
382 680 313396832
138 142 591992578
597 600 67926072
347 905 54114068
322 1000 806406536
411 838 996355478
182 604 504499046
481 525 251891962
71 78 564784416
190 900 259612144
224 226 253380769
826 829 342325756
913 915 721947007
473 731 281325138
91 320 890551456
214 229 789503726
1 745 152739804
358 946 992060006
59 494 779670474
673 1000 968422198
185 511 728774812
515 956 89583884
1 481 268606574
6 1000 813615018
692 917 795729858
297 815 578466802
864 871 503885636
299 1000 354193432
467 767 733965488
307 390 578436096
798 798 849619104
445 959 127882860
479 915 355142728
621 625 478371450
564 946 180858718
536 537 275538140
106 135 484514588
365 694 455346530
282 283 25596796
32 816 48677370
1 891 527127742
271 300 590549084
648 654 766640
551 629 14989318
1 858 200927132
1 836 188409592
810 925 769863733
32 483 796557058
339 473 243618594
849 850 654734694
865 872 394291376
94 330 762330582
328 802 869260192
246 247 22456124
97 920 992219360
242 832 623449578
25 29 805948572
104 831 624394996
778 809 864442882
332 832 791110122
21 21 646313976
189 837 234550116
261 284 449372352
918 920 48198741
1 806 298225534
347 923 833882908
1 858 167994066
48 609 662855505
925 968 708947258
504 506 734774012
692 696 835254262
697 893 332854404
625 634 129274612
299 323 947766888
274 283 323449901
128 748 230593994
414 591 754164060
367 368 679279632
368 371 100701454
436 980 386586958
335 880 776843592
340 921 389866266
205 227 200574708
221 225 549532110
516 517 375711458
859 860 819334384
410 756 247744290
844 847 477242252
440 805 55643782
452 453 421692668
417 417 851280016
233 801 942035188
9 1000 979095508
374 1000 508697554
311 315 392466498
183 1000 369397790
49 650 133457308
338 450 318573398
23 573 733871984
81 564 139968804
592 602 223235014
532 535 956449950
377 379 208094328
358 673 910398084
135 145 931792176
119 1000 92530295
759 996 751496786
1 780 260427064
254 846 923545738
410 414 803206728
272 1000 762757320
300 791 502681740
469 475 356830360
312 830 233303100
175 866 511787532
9 456 677517372
280 280 632215409
773 840 151991052
624 625 639148026
89 598 518519303
282 1000 700495960
621 635 683362698
796 807 57814566
540 861 792833598
15 728 193781238
782 993 541800620
173 973 183361818
156 823 191606414
173 728 220757444
338 982 311444766
442 572 544552507
422 544 907533080
1 558 552862666
294 855 72856552
299 929 137456882
40 64 254900646
1 995 477815008
170 557 588449642
493 501 863695034
739 848 351683664
160 236 313874811
509 807 124111256
614 635 367834306
159 696 500919218
395 402 934530282
213 355 866097432
689 691 73900348
155 1000 555048200
1 479 234252928
629 981 230251430
286 966 711574980
1 980 402593922
48 777 925891088
244 839 692416842
516 868 200904758
523 537 130985694
31 913 359776636
143 485 263423973
147 516 189426732
146 153 401294802
115 610 97568368
309 794 156630596
1 98 521107800
527 685 214315566
42 779 15771938
415 419 954325992
95 515 175947062
679 723 573239964
963 964 35289325
211 211 909755726
679 681 646403132
772 772 506052472
264 867 750884952
408 739 614786054
421 879 591981660
713 717 773374344
1 775 219361266
178 200 674811158
703 704 696276328
330 495 192049921
158 607 661752378
509 970 230430734
262 332 147204170
26 26 943086518
264 618 635876294
231 993 106825193
188 662 734223631
161 594 577852134
283 628 272010662
331 371 269735994
647 752 988008330
308 322 432204636
245 247 548685686
586 587 303730630
280 1000 639718722
726 764 538246730
274 1000 570120798
353 359 737370294
164 442 301764596
1 937 592405758
1 744 157907962
842 920 750363020
157 960 420657278
831 836 658697002
193 789 556528724
1 548 525238351
89 414 129189138
74 75 16896939
180 590 393269346
333 838 158902868
18 734 606095810
78 561 16655320
677 701 343944628
503 518 340843729
258 861 718846340
606 803 390345234
185 197 183271424
149 586 372214256
410 1000 930484024
488 697 817069800
242 724 383530806
192 609 83569857
75 771 539821846
500 522 765257484
213 215 173505134
478 619 696774012
193 966 533857432
173 185 251528450
579 620 136110014
417 950 865811778
157 869 429868178
157 158 331236686
133 155 813031937
6 487 385384152
304 377 458640380
88 1000 801836574
119 549 620679008
98 890 915767686
1 654 367497846
210 947 380491640
114 613 354610038
388 758 355936668
250 253 25383834
143 683 465048960
299 301 429672958
561 561 680702018
164 166 969053034
390 660 316342572
404 415 290339822
14 670 330267378
318 615 455392694
450 517 680212424
91 93 282233206
533 845 711294310
591 594 268283832
506 977 782983494
104 107 610135814
117 152 411858174
410 836 569906408
713 761 515771164
699 852 504119454
146 987 832660340
254 829 56740024
129 965 13099014
217 831 709030300
541 1000 634002054
498 532 252500272
37 439 293012634
1 6 14702884
521 585 931434806
301 938 922584524
912 913 538498936
85 92 649538448
35 40 404308734
417 525 752357314
909 989 754586242
205 813 95892016
378 439 563344804
347 858 600520292
337 342 532776866
990 991 140285446
250 1000 113780592
579 861 215454622
569 574 497193984
268 547 905669094
401 954 116272854
616 618 706681476
108 654 527906434
73 477 220691508
246 572 168647391
790 792 662769190
371 827 525507070
124 186 755591000
148 518 390393844
131 512 777745402
323 563 578052478
904 904 156151714
18 949 237564860
314 320 106224012
316 317 598396048
594 686 92882949
100 482 610465266
801 805 222938446
419 873 72257194
259 272 384201766
140 563 195707742
247 833 441566754
449 834 180574210
206 219 145891980
63 72 588905700
74 140 617356402
364 821 612324544
441 935 320754310
502 504 506256874
176 579 603464372
271 861 947472208
106 1000 603257162
111 749 623697970
856 860 19941639
576 821 493662012
639 1000 46615436
256 453 599296302
117 870 545134052
262 1000 77649476
425 447 921748906
473 956 629683428
541 541 668927244
20 551 590553160
208 995 845930628
396 397 865952082
989 993 674071022
930 936 652746514
566 568 735234242
50 59 952777100
459 696 316824134
450 779 658540046
389 1000 188687956
1 988 109704584
867 893 123456958
126 134 641475120
140 957 349403446
1 492 502888976
471 473 836278328
791 840 422845414
949 952 575172036
350 935 922974504
394 771 975215852
184 193 8893590
814 815 23205050
708 799 436540112
504 816 583418218
168 336 163156414
982 984 33627344
309 541 776586962
624 850 16679216
97 97 387327044
767 768 749653518
678 686 243459348
230 237 824249328
543 546 6187884
288 614 601650636
29 833 495797630
444 447 928354152
27 501 208359552
447 615 281595310
32 371 139570262
442 442 575676750
1 840 647536538
885 888 251699320
280 679 6656724
245 854 597666392
314 332 229542350
18 439 54679206
86 837 938404329
15 158 996640990
787 801 892501662
650 655 42806372
1 18 418426220
481 885 27724576
271 840 23591500
198 734 99704224
122 531 924040046
10 723 992514370
634 1000 178046642
136 139 41416050
464 468 329108034
64 382 10352310
59 414 43135346
2 799 433064538
860 862 108716998
339 861 979661772
804 804 135610202
18 27 327969208
624 647 757883870
444 519 282008054
630 725 304377298
231 830 158739810
181 223 875535664
49 770 686773008
493 998 529917714
730 928 277464062
613 1000 936490814
341 698 359887284
55 846 592120910
388 858 237833698
639 646 237728536
871 873 228574252
15 970 7437586
92 353 104812114
534 535 696850136
148 459 360655800
247 738 596250838
19 904 233496070
474 487 195356054
259 259 492481940
378 379 514310358
665 962 472596286
311 313 247804993
494 509 627223590
560 1000 446029118
209 1000 948356218
656 730 25993838
409 830 473711126
536 997 896113102
127 704 706912993
181 746 356139472
554 560 212206374
749 755 854324008
362 796 884187398
903 904 795069738
1 243 123219250
931 947 67555268
2 15 440293008
1 250 148723428
43 166 956988264
666 859 924550834
111 537 107241016
714 738 239924760
58 70 714316086
53 958 4227126
765 765 496609300
1 996 788693954
462 695 802042166
4 997 77957644
150 190 368336246
326 855 901159544
777 900 915393188
73 563 913031872
569 938 354188636
895 902 358973491
543 701 958497206
226 514 622841778
326 975 541831994
880 882 194910382
10 759 463482438
271 313 966823859
465 465 368565964
43 683 165933184
189 210 978328462
642 665 805680020
334 990 903014466
42 391 758622054
162 301 438775256
317 529 950171998
379 787 479646968
1 858 451819106
117 122 925267511
266 935 261262020
561 637 566419424
690 694 244040936
336 999 907212754
274 696 895330658
520 905 260181890
193 194 679697674
9 594 501473220
764 766 422801188
358 689 31809088
866 981 439230636
63 623 341312902
89 572 356305526
18 18 850261922
290 745 65145719
33 418 105949904
143 144 815939262
356 818 673456317
9 681 637168344
697 717 784578668
432 740 806622214
66 67 139129322
526 527 539000362
411 971 109636484
587 588 902201856
502 842 425062720
49 715 184941614
544 999 173199348
230 231 847903328
655 1000 388424820
558 600 995088606
89 763 936363644
19 574 719485174
35 784 479664580
261 543 511416276
711 711 321128638
79 938 368931684
288 654 257558746
861 861 629865248
527 872 784441526
12 702 344164322
100 927 144848418
131 205 230803276
250 594 282055226
98 671 38549704
112 562 880995932
232 932 94083788
16 966 743709485
435 532 446017530
93 565 630483650
272 904 498551806
3 1000 463431042
254 577 83636448
60 747 405495110
501 503 399672562
195 196 13387363
349 838 410655884
183 841 612798028
714 722 187304350
860 861 992383952
682 685 218525666
455 735 479168
483 952 196777668
123 613 889807248
357 865 14114174
953 956 447132916
25 771 458570934
554 708 547557032
47 927 817266415
739 743 289928204
666 670 807808096
153 622 70856116
480 636 516576104
74 549 343214540
445 447 260349476
3 662 554325452
301 311 83677530
187 543 627955926
45 514 893301700
170 833 86091358
457 755 767830768
1 576 891884
211 888 946398558
39 59 369947400
669 714 270628936
43 734 528676138
38 39 624428920
599 619 476543758
1 621 410055578
203 966 2180196
158 491 295369618
624 629 725043742
221 845 4549890
529 887 463690608
41 836 139295226
69 244 766642468
451 642 361630078
75 1000 603692558
220 248 330715668
48 672 960966550
231 906 281724428
334 875 203463016
606 741 570028088
482 617 532143911
1 574 170786514
445 679 581118140
29 30 412477992
304 305 20573830
216 328 441259968
674 936 716744296
90 578 92421426
725 726 635987722
325 326 1535468
524 938 553276904
118 126 256754876
276 278 966378694
339 347 973193838
396 658 567028912
58 367 305165786
85 736 923710524
206 208 379674388
317 872 105342022
85 799 995389604
573 944 519104262
118 719 436367952
106 109 875676620
414 674 83071262
447 912 840439512
314 774 571530284
250 837 677474062
826 827 929237724
856 862 208905714
41 657 470281158
145 638 332531974
71 780 844846816
99 229 854318092
825 827 948177615
10 803 639249558
833 847 501060728
311 423 721804718
421 881 940990068
776 864 340950234
57 894 227259516
649 972 804221712
543 822 666833846
193 657 111178172
773 818 936550014
133 165 781796326
543 557 589969232
28 977 512313378
255 257 406241820
531 588 659869996
78 80 724975048
205 205 510737046
84 915 901527660
745 754 810368462
140 645 582414852
302 718 743913132
451 964 745512754
883 885 324850146
213 216 373538886
53 537 750075818
16 967 542305910
87 823 621135248
216 221 381859564
131 456 387246892
235 569 152908163
308 912 672731378
626 711 144240810
206 304 370156942
588 972 167814970
215 596 705161630
772 834 878713646
484 561 842590394
461 681 703580198
73 622 800754934
922 981 934300096
1 376 657410146
256 887 536366304
492 512 744578602
403 717 59853736
223 332 840292626
299 965 743311280
306 902 590828642
315 667 995007982
603 961 582076552
664 859 435048884
238 821 687005130
160 758 308261450
15 875 320835164
176 471 409889606
237 851 801662072
243 932 121999040
213 870 256737344
47 261 109690344
285 916 984337790
356 790 872462494
802 874 575274628
167 282 309237444
1 855 426246705
6 1000 35686214
488 503 657917122
492 492 139148170
18 849 562431072
455 555 172935786
26 562 676441222
178 815 82967550
120 501 404666780
704 938 439823100
274 881 866243980
153 729 477428070
337 629 199438434
532 535 867078664
1 918 537237204
256 525 322331488
152 297 694423636
522 854 663833646
61 303 172481408
290 293 332203076
824 825 910578096
419 420 569755854
501 516 274688663
1 860 622619972
820 821 440693774
179 810 462685572
305 913 537775714
805 809 420365508
188 250 142159384
421 963 981838638
338 357 253543360
28 971 50129204
456 574 175464948
304 710 160019458
666 670 772906118
7 121 554779228
141 766 251047360
329 983 240564076
399 417 782593352
913 923 318066708
722 732 893934242
548 649 953092369
792 793 461202486
866 866 715893698
407 412 117586212
575 579 876946736
224 759 739801960
302 533 110821966
501 849 189490140
630 641 892448624
357 410 201711508
254 739 55096742
1 690 65025860
269 274 982665460
482 575 470068862
386 883 826568963
51 756 770993746
421 479 305637802
659 1000 62127986
641 780 436538803
366 757 436866308
123 367 399568262
256 717 147400514
353 479 306873314
370 934 882993032
233 600 342471750
416 680 450130578
529 619 856796928
921 927 712793550
281 286 173611002
368 382 291050280
105 413 772802354
711 718 193261782
228 668 483480880
419 537 327513290
373 764 204539050
110 119 60620288
526 891 426622320
847 853 811472760
604 1000 751825578
684 702 724125552
170 171 36373568
452 968 7524606
197 208 145371764
97 176 224881510
519 727 90562272
380 916 411306296
379 379 946264338
397 925 741993175
392 393 727093622
836 836 89751332
427 686 113513170
458 686 84684714
23 25 889976100
801 861 960922300
641 756 262613294
534 534 252180624
881 901 370072290
412 748 803112254
770 786 115964344
869 891 667692000
78 694 295110540
68 135 572077830
1 655 643048706
752 755 969368236
132 712 661910160
171 914 643051470
299 345 546154590
372 918 39347100
354 922 446924390
278 477 363851734
506 666 190340664
964 965 975353672
378 379 881288858
297 298 85264164
113 741 170922694
445 601 110634784
979 981 61319690
67 68 654083676
249 676 878673320
207 795 625363812
560 565 927612536
197 845 759192556
231 552 388671682
767 968 882933280
387 389 620432782
497 551 581627654
979 983 309169516
62 1000 698466042
777 778 197715394
501 691 61233672
20 616 192996988
408 630 429888430
16 451 818117814
668 670 845614080
583 583 862295608
544 571 752349462
643 1000 396693334
1 946 337181144
888 927 199815892
202 217 684240456
395 396 575783856
876 914 618199254
908 916 845354516
724 752 18207028
190 1000 442863660
82 237 660943862
560 650 215387216
628 947 533731198
481 485 612226506
359 360 950917228
359 510 405988600
370 817 300047412
257 259 308027516
23 576 462536662
400 408 588029940
257 787 278708654
200 210 185249844
783 1000 655344336
158 1000 902773486
74 662 937463152
160 161 77211326
339 382 799927514
29 766 642068316
225 846 854385094
239 239 997088878
615 1000 100399880
305 307 861739910
170 574 930582538
99 238 209256824
308 738 101645062
476 528 85764284
208 210 155771424
615 616 662401920
426 924 825369362
151 554 118470663
256 844 813135192
689 692 372664208
311 725 103914798
287 623 800407644
1 979 536269489
659 731 753262360
259 660 768281076
410 974 947995572
418 460 449029744
