15 100 948805069 0
lxtotqfsohggevl
5 6
11 11
2 8
1 12
3 7
10 13
6 10
3 11
11 14
5 9
4 4
6 14
15 15
10 15
4 12
10 13
5 9
11 15
3 8
3 13
4 12
4 9
4 14
4 7
7 8
1 14
7 8
8 15
1 5
4 4
9 12
6 15
7 7
6 11
3 5
4 11
1 13
15 15
6 14
1 11
6 13
5 8
5 15
10 15
9 13
6 15
6 13
2 15
2 13
3 4
4 4
10 14
4 8
4 15
10 12
4 9
5 6
9 15
2 10
5 8
2 2
7 13
1 7
11 12
3 7
7 13
7 8
13 14
10 10
4 10
10 12
3 10
12 15
1 7
10 14
1 6
12 14
15 15
1 14
11 11
2 11
1 13
2 5
3 8
3 14
7 10
6 9
3 15
4 8
6 13
6 13
3 15
4 10
8 8
2 4
2 13
12 13
1 10
2 9
11 13
