99999
99933
50212
99990
99920
49896
49969
50162
49753
0
0
-1
5
19
4
0
17
27
1
3
15
28
10
16
6
6
9
31
10
2
1
34
12
7
5
15
15
0
4
9
10
28
10
34
36
1
32
15
28
22
16
5
33
6
14
12
-1
9
13
20
15
24
37
20
23
10
4
0
17
-1
5
15
7
7
22
17
18
24
3
0
4
22
2
39
2
20
24
26
15
14
4
-1
-1
9
31
8
6
8
-1
13
29
2
7
7
15
9
24
30
28
4
37
20
2
10
4
23
17
3
20
17
1
39
7
21
0
13
30
5
0
9
9
-1
6
29
15
9
3
0
6
29
5
7
4
13
17
11
16
3
4
20
6
29
34
28
23
24
36
18
21
12
29
-1
22
10
5
24
1
14
4
5
20
17
0
11
5
11
28
0
1
14
19
0
10
13
32
1
14
4
21
12
28
0
3
23
35
0
40
35
9
18
0
4
21
30
32
5
15
25
2
0
22
6
33
39
1
12
14
4
19
8
11
26
6
22
10
22
33
28
4
13
12
28
12
7
22
-1
-1
2
0
3
4
3
26
10
30
0
1
19
13
3
13
19
8
1
30
21
2
-1
18
23
9
-1
32
7
30
1
20
16
4
1
3
20
16
14
3
27
-1
21
22
0
5
10
20
15
1
33
0
23
6
9
11
2
7
13
19
18
12
5
25
1
7
0
7
6
22
27
23
29
6
28
21
19
35
22
18
-1
27
19
9
1
8
22
-1
18
12
24
17
5
2
3
36
6
3
6
18
3
22
4
22
0
0
2
23
27
12
1
18
12
27
11
9
0
16
13
34
8
12
5
3
6
26
-1
11
9
20
30
-1
20
11
2
0
8
0
16
18
14
1
14
1
10
36
-1
33
18
1
20
7
0
0
26
5
6
3
-1
29
10
34
16
16
27
22
8
0
5
34
0
25
11
18
-1
15
25
18
6
13
17
10
8
35
16
12
30
34
0
10
1
17
2
32
25
2
0
7
21
16
5
25
17
8
26
-1
21
12
-1
17
19
6
21
6
2
0
19
20
5
11
13
18
24
5
2
30
31
18
30
12
12
1
12
17
28
18
9
23
13
24
4
7
17
28
16
14
10
28
6
20
22
26
29
7
11
-1
7
4
5
8
0
2
13
14
20
10
15
22
34
8
23
36
15
4
20
3
25
3
8
8
15
1
14
8
26
22
22
22
24
16
16
5
2
23
17
14
20
0
6
19
14
18
5
3
18
0
27
22
12
6
6
10
19
15
37
20
1
29
1
0
6
6
17
12
2
12
18
25
24
3
12
7
14
0
12
29
16
5
1
3
5
-1
26
-1
25
20
37
25
29
9
2
19
16
7
26
17
19
0
2
8
25
11
14
37
37
-1
24
14
6
23
18
9
-1
1
6
8
0
-1
4
10
2
5
12
15
14
19
6
9
6
4
13
6
10
13
19
0
15
21
3
29
22
21
13
15
4
-1
9
12
21
20
25
4
9
9
23
13
22
18
38
21
14
6
4
17
30
20
28
13
8
0
24
19
13
22
20
0
27
-1
20
25
12
5
-1
3
25
7
13
35
29
8
11
3
15
14
35
34
1
4
20
32
26
1
6
33
1
-1
2
1
0
3
10
6
3
22
1
16
20
11
26
4
28
30
19
8
8
1
1
0
37
15
25
16
34
37
20
15
0
31
12
2
6
29
0
0
28
9
17
32
7
34
13
15
0
0
4
5
-1
10
1
8
0
40
6
0
1
11
34
6
16
29
29
21
10
19
0
13
26
14
16
22
31
1
1
10
4
2
7
7
19
38
20
20
12
4
32
11
4
18
22
38
13
8
9
17
0
2
1
11
32
34
13
13
12
17
4
22
6
0
3
18
1
29
8
28
1
2
28
7
11
5
0
3
7
24
26
8
9
34
1
-1
32
0
3
16
4
31
24
24
0
14
10
5
2
1
27
27
32
15
8
12
11
2
12
33
27
11
25
27
0
1
7
23
32
11
6
3
29
1
36
24
11
27
0
11
24
0
2
0
15
15
2
16
16
10
14
1
26
10
6
3
0
33
12
34
25
32
0
3
3
28
15
14
25
7
36
21
25
3
29
11
10
33
4
3
3
-1
25
0
27
21
19
0
36
26
23
18
17
12
0
19
0
2
3
4
2
29
9
35
3
24
5
7
24
28
4
1
19
22
16
8
0
26
0
22
18
28
7
17
32
3
-1
5
14
38
18
-1
28
11
0
7
1
31
4
17
28
11
14
4
32
11
15
31
23
21
14
17
5
3
8
2
8
29
30
0
2
35
19
11
6
12
18
13
6
20
6
32
34
23
39
8
25
21
13
27
23
36
7
2
2
8
10
0
8
7
5
-1
8
13
3
0
10
9
22
0
19
14
10
10
16
15
24
5
9
15
37
4
21
27
35
17
0
4
3
2
9
2
5
10
7
0
3
5
26
30
0
29
30
16
11
32
4
31
3
24
21
7
6
17
1
1
8
16
22
26
2
38
4
18
4
5
-1
14
1
29
13
9
20
8
13
0
18
37
29
2
0
28
2
12
16
27
21
1
18
11
13
0
34
15
6
1
5
2
9
0
4
6
22
30
5
28
8
0
5
3
30
26
30
23
6
13
0
12
29
11
8
7
0
10
5
17
0
16
1
23
11
9
19
19
29
7
12
17
5
8
11
32
21
7
25
18
0
7
15
23
-1
7
21
1
4
1
4
5
12
9
8
0
-1
6
20
8
11
11
27
2
29
10
8
6
23
7
1
0
35
30
-1
0
9
23
-1
28
18
8
11
37
4
25
0
17
25
3
10
28
24
2
27
25
0
34
13
25
16
14
18
13
26
10
34
7
9
33
8
27
14
7
23
4
19
34
5
27
2
24
13
29
