1000
348534082 23 
200618005 25 
237554675 16 
726693133 17 
133270842 19 
591330929 22 
737469779 16 
591735199 22 
52176571 21 
367063602 17 
82525232 15 
899638792 22 
969497263 21 
233748798 28 
521240948 18 
263567410 27 
842246653 15 
208231295 26 
302156806 26 
898611715 21 
151206797 22 
627944668 22 
467857614 29 
715389285 17 
40214599 26 
868220732 18 
836840628 16 
615509567 16 
632925971 25 
735611017 25 
714646176 27 
102044280 23 
980958425 23 
138351786 21 
728804730 27 
754106362 19 
772613761 28 
191061895 23 
728439850 29 
446756012 25 
213962483 28 
577337608 15 
773245336 20 
128042614 18 
293118231 17 
978604821 21 
109980333 27 
366352704 27 
892122581 27 
206673302 15 
951357519 26 
140092658 21 
188204566 19 
755116147 19 
463829351 28 
923137397 18 
835746496 22 
903295892 16 
242710238 17 
7202991 25 
581770941 29 
334032097 23 
620245914 15 
28971145 21 
599470835 22 
786622531 22 
869254277 28 
615228139 17 
527822924 16 
435488672 22 
572063878 19 
253980606 24 
525828527 23 
671155938 20 
214722692 22 
14856936 23 
469936643 24 
115242991 17 
323334505 15 
461928531 20 
510393394 15 
664940209 22 
75079708 19 
577152485 25 
836859171 19 
20416270 25 
415421829 27 
53668232 26 
423133118 22 
656285424 15 
612865676 15 
340094755 15 
462796523 28 
902750270 16 
449136665 26 
746140318 17 
58651026 28 
325782240 26 
466078996 18 
44281313 27 
559687323 23 
140042429 17 
952148581 26 
501600979 20 
754338542 27 
330033087 18 
113984244 20 
30060382 25 
851208564 24 
874467789 15 
599864745 28 
450811753 18 
938444051 28 
106580687 19 
257046893 22 
110238941 21 
242958516 22 
740471470 23 
43392806 19 
812545440 27 
16563520 17 
615283024 25 
312064446 16 
762199451 15 
348016029 21 
684617374 29 
712767003 28 
815518390 17 
311756981 22 
903878272 18 
309132071 21 
832618714 22 
269915502 24 
304461535 22 
489335752 16 
102773741 18 
925666994 22 
859982241 16 
410691816 29 
652089816 20 
766963560 23 
499131056 29 
403619182 26 
699917444 18 
165465208 15 
982897650 23 
838661698 15 
411883992 25 
356581065 22 
255924561 21 
102965836 29 
78492603 17 
888312133 25 
36674740 19 
49724020 28 
62643223 29 
469668051 18 
411633154 17 
398926242 17 
564908243 28 
833249883 27 
422923557 26 
851975870 23 
564723671 28 
669553350 27 
161875460 21 
708575408 15 
791856395 26 
74181882 18 
810162823 27 
921036384 27 
429213783 23 
230700000 25 
904779926 26 
49659062 17 
441648035 20 
104810080 23 
806033945 17 
259886747 19 
701551831 27 
9079139 21 
884194552 27 
961187061 16 
265828827 28 
795069391 27 
42264859 29 
909132462 20 
257779863 18 
949560462 23 
645633131 19 
678951084 16 
909889779 27 
574131846 25 
796965582 19 
849866713 23 
437510872 21 
784775329 15 
773055533 18 
256817947 20 
787487788 29 
398350277 29 
959880305 19 
35386204 21 
958788313 28 
680851676 29 
152912768 25 
833548163 19 
454549189 15 
466557645 17 
660875588 18 
983368824 27 
354547674 17 
577919104 17 
931229092 21 
507167523 17 
21570046 18 
648721629 21 
558842503 29 
367141484 15 
930573083 15 
78639820 28 
238904791 27 
907146043 20 
814137624 21 
777189173 21 
89002363 21 
875187832 23 
486173661 16 
798225664 22 
478644571 27 
926205195 24 
124894034 26 
785122069 29 
102808927 22 
754272220 27 
716099935 23 
531737692 26 
815978351 22 
362233811 17 
8603116 25 
211399614 22 
732388211 15 
631845337 17 
447465697 20 
208987169 20 
895767891 18 
179435732 16 
931600934 27 
11038831 20 
768226551 24 
593653678 17 
849878947 17 
421132174 29 
144706119 26 
289411917 18 
839585601 17 
445274216 29 
307820332 26 
551633051 24 
236516582 27 
855692259 22 
363495820 28 
679622782 25 
181603451 20 
992042217 15 
590866257 26 
310031328 28 
202082281 26 
356664929 29 
649167457 17 
356441000 21 
348855574 25 
693574962 21 
725375654 21 
44927678 19 
613627372 25 
952441414 20 
509745158 20 
395461130 25 
201949778 28 
127197828 17 
929189995 23 
651667059 23 
563933231 24 
49018068 22 
885760444 29 
984311012 16 
849795949 15 
307338270 18 
78612961 21 
937586754 22 
978729971 18 
640189258 16 
710365889 15 
382954358 25 
290068905 15 
934625089 26 
877614662 29 
468434792 25 
222476919 25 
813000425 21 
373270615 19 
305088768 28 
837870149 20 
841405227 17 
117383900 18 
956049703 24 
961997051 29 
109746928 23 
18272190 16 
236979395 27 
284617345 20 
410083614 25 
185166563 21 
209161917 15 
403754687 25 
791262878 16 
937452596 21 
517713406 26 
821283230 29 
925216857 18 
996345753 24 
950917485 22 
641989892 19 
967940406 20 
41945339 16 
598926321 28 
849542874 21 
635256860 28 
570826816 16 
110465652 25 
138956553 25 
963807733 25 
73010002 19 
608994781 17 
282756984 18 
738211240 24 
479460375 18 
352935188 25 
479542286 27 
598837789 15 
5105273 28 
23701760 26 
324664501 17 
616517692 20 
636138079 27 
95928971 21 
878434132 29 
146671853 27 
544795568 24 
253518492 28 
229399506 29 
80602392 22 
147306070 22 
307736604 23 
933326873 26 
962911141 17 
102248504 16 
583132145 26 
252718608 22 
887611772 18 
963774270 27 
648976132 29 
798667167 18 
625310597 20 
980755280 24 
450836029 15 
657803950 27 
349232809 28 
557780566 15 
881807492 29 
570194725 17 
602292686 28 
618193464 15 
793011906 19 
531073260 23 
942609373 22 
805522142 21 
680415709 15 
344568300 28 
543065535 29 
585046065 24 
339773631 25 
989659147 29 
979362906 29 
814283287 19 
791137870 17 
339400498 17 
818326168 21 
269629049 18 
442214772 15 
595658570 24 
21784928 17 
314375488 29 
304995608 17 
563248697 16 
541392281 24 
22502994 17 
113369122 19 
50058217 29 
173078573 18 
583148953 26 
139924345 19 
588131392 20 
703867907 15 
87679740 21 
943471623 26 
695163688 22 
973614595 20 
94234722 18 
605057203 23 
314300040 24 
175990037 20 
839041973 15 
592768101 15 
931158599 25 
84141601 23 
615597788 19 
558249477 22 
580110415 15 
412777999 26 
140486591 18 
33769596 24 
865392263 20 
207678919 23 
362852934 18 
504281776 23 
592088791 21 
467440178 21 
492382809 17 
533138314 15 
934970151 25 
39539254 18 
639626208 16 
419731954 20 
786751839 23 
381142204 27 
999481539 27 
74627281 17 
757452136 22 
719145133 20 
895597802 27 
178253581 22 
735513896 17 
459829999 26 
794909757 23 
233498512 28 
932424840 21 
397034604 22 
748924069 28 
183746880 17 
790762352 18 
918494218 29 
777884680 21 
867051271 15 
893177289 18 
273499315 23 
589044816 21 
331589580 20 
362039161 18 
50306382 25 
997407587 29 
528659575 22 
822390378 15 
204306627 19 
22808875 21 
405069807 24 
47733378 23 
642934778 25 
23838606 19 
442930462 26 
791353259 22 
157149658 20 
218496118 22 
226583275 20 
185999308 20 
321341773 15 
256033226 22 
722221118 24 
601394381 15 
296264507 19 
639987058 21 
531159551 16 
359370389 21 
575936138 24 
998047061 23 
932043030 25 
885041934 15 
98762275 17 
903946589 19 
177287276 24 
42936863 15 
107747054 29 
320605553 22 
575252199 17 
445851056 16 
375200211 15 
509742969 28 
582597488 16 
624442794 26 
871358395 28 
942410590 16 
121795824 18 
159463411 17 
349192076 18 
17523462 28 
129965133 23 
552575092 18 
565572656 21 
858153562 26 
671322225 29 
426062613 19 
133021837 16 
362299714 20 
188791874 28 
544609215 28 
47186317 26 
959536039 19 
886210218 21 
121388632 23 
756882455 18 
65172335 28 
200762512 19 
854377161 25 
785517330 24 
473913476 25 
929400539 19 
708026619 25 
625765736 17 
566732492 16 
490068597 22 
932090069 26 
966860800 26 
193598513 21 
183400517 19 
584570430 23 
306351042 19 
69856922 26 
532991795 17 
311418656 15 
203535766 22 
637832686 17 
579410471 19 
298785634 28 
994452068 25 
914231831 28 
946529801 27 
772170988 19 
367401748 17 
332624124 25 
217712065 20 
702199206 28 
673650318 17 
86023813 28 
293382200 29 
869840248 23 
340003258 24 
346471578 24 
480212052 23 
340189770 23 
553260929 17 
350905635 29 
674353918 28 
191639044 16 
441683145 29 
423625736 28 
446194975 22 
626446990 19 
355735164 19 
841734961 15 
242904477 24 
598542800 24 
359229312 15 
216472199 19 
702937442 17 
34929074 24 
881115327 23 
456572400 26 
951595348 23 
76456477 16 
61499679 18 
434632021 17 
328191581 29 
770874615 15 
836029834 16 
196582047 19 
891386212 15 
760391210 17 
515219175 15 
207538612 28 
911526224 25 
780741532 23 
973116958 15 
850758782 18 
821516043 15 
816040247 21 
454420502 22 
546506980 21 
994239868 25 
541380833 29 
941118905 27 
513575117 20 
270814603 27 
241446020 28 
299587054 24 
839183395 29 
749722656 26 
38428167 27 
217947549 21 
184736461 15 
181328419 23 
705658194 16 
457479598 22 
70443187 18 
365663356 29 
778816077 20 
455360778 21 
995535293 28 
448402452 21 
267686624 24 
137870999 18 
946981843 15 
89193937 21 
190598387 22 
96673598 26 
906597597 21 
879373980 19 
805097582 27 
150828008 23 
221999811 29 
791209822 17 
281837369 17 
33708923 24 
745134957 16 
944525053 23 
105190204 28 
1058017 20 
844316867 19 
658635363 23 
489602144 20 
420089600 17 
377030830 17 
633175158 16 
438289035 28 
458015938 20 
337750804 26 
108705824 24 
874005414 25 
307896589 19 
444433375 16 
242541127 15 
858823066 17 
334216395 29 
625605365 28 
963359189 29 
578517581 15 
370652899 26 
6483008 26 
655201713 22 
135292841 24 
593969213 28 
668775846 17 
679702723 22 
308072853 29 
832005057 23 
549749009 17 
266099187 17 
546306552 18 
865317975 20 
52680808 28 
562721833 15 
195757756 20 
745459943 27 
11371411 27 
455248461 28 
943121864 22 
442994777 18 
870698105 24 
924365127 20 
164585220 28 
955505557 15 
57675012 21 
568606207 19 
457635928 29 
540495235 18 
11472667 24 
901035358 15 
385287084 28 
113842444 26 
944947366 20 
635593290 20 
295545064 25 
940081430 16 
46222734 18 
999601580 21 
501070324 19 
161920650 15 
60401593 21 
537954925 16 
539050168 19 
330767953 20 
266899216 23 
622771059 25 
167875357 24 
533267281 24 
353192315 15 
914482088 20 
942315785 18 
996041332 29 
83636963 24 
641541107 28 
773086821 18 
778833569 20 
944228142 29 
937371963 18 
626753306 29 
733156544 24 
812468806 25 
902818922 21 
160066319 24 
925821368 25 
646520337 21 
712013927 25 
539188267 16 
873004147 28 
768757881 22 
714548250 15 
90841688 16 
662150616 24 
154990949 27 
397863531 29 
313403773 15 
94083791 29 
402551996 28 
934184002 28 
295226241 18 
419056192 21 
111911016 20 
219032711 27 
69981262 16 
861864211 25 
892114512 24 
5138978 22 
92039627 21 
493166640 28 
858556508 27 
387721723 16 
144786400 17 
643440256 29 
199930484 22 
224303355 29 
364545653 20 
619764969 24 
271198336 20 
541961736 25 
832254834 20 
503961172 18 
836217960 17 
727381003 26 
589660863 16 
705740714 15 
101210644 16 
208323053 28 
700686917 29 
495908305 25 
299086701 28 
534344340 17 
56148970 22 
255245235 19 
92410969 22 
27191018 22 
957245847 24 
868832823 23 
879821505 17 
927588310 20 
154410293 29 
869649476 25 
486755470 22 
527460927 21 
526166698 25 
380183236 21 
501758886 29 
180615439 17 
696160736 24 
650060958 18 
305739251 16 
332097325 20 
697402557 26 
719804090 15 
553083740 26 
466084225 17 
145542443 27 
173542912 27 
608478152 18 
422961395 17 
737559825 27 
927271256 16 
764537121 17 
520879723 18 
96834134 21 
567540650 19 
245628750 25 
169487569 29 
973349604 28 
687815646 15 
84239927 25 
971517197 18 
23164066 26 
918633692 25 
289114052 18 
87763975 21 
196651896 22 
726577548 19 
717692381 21 
347190440 18 
215584590 27 
953122518 29 
311978602 28 
851980246 20 
842614796 21 
718272931 24 
663369555 25 
648199802 27 
38223771 24 
358894297 25 
601257600 17 
723194749 25 
897874913 25 
923768674 25 
870189529 18 
699597253 19 
951279815 24 
306086436 18 
864043335 24 
240822332 24 
580902965 26 
527133193 19 
371289776 21 
454311881 15 
416733716 16 
265908728 28 
48693246 15 
960096083 24 
752707146 25 
10458840 26 
642957591 19 
552233924 26 
371929793 22 
447643539 22 
398818789 17 
454418947 23 
206662495 17 
389333264 27 
8880718 25 
701712120 27 
83866638 24 
734825527 28 
823628860 21 
926779275 24 
341726901 15 
692090352 29 
30363030 29 
410248868 20 
571984188 28 
764186915 17 
130298948 25 
24321835 29 
497484170 17 
788362936 18 
107060781 21 
813679112 21 
250633609 24 
943648663 20 
605897019 29 
655231523 28 
489863456 21 
414471337 17 
786776405 18 
685711460 23 
57323063 23 
435154644 21 
687933027 28 
336262580 16 
241608375 28 
756870913 18 
796339790 18 
748359929 16 
306451590 21 
388511257 27 
376235260 28 
594149149 27 
386436493 16 
295365378 26 
330801750 22 
384899846 24 
215234996 25 
113211558 29 
337732676 26 
275373470 29 
494237924 19 
155311595 23 
949909167 19 
342857675 18 
110879491 28 
429497787 19 
619559293 18 
895231095 17 
503521786 23 
389950717 24 
978081432 22 
566139017 25 
905213362 18 
659539097 24 
474983398 18 
55656681 24 
958563858 23 
369979766 15 
368714577 24 
909820031 20 
463428865 19 
343771774 24 
829138624 20 
567044147 22 
700776553 26 
317186200 20 
382902810 29 
929530605 15 
868127281 25 
95609516 18 
180567881 16 
516569493 18 
8838209 16 
285411747 21 
253219380 18 
847589139 24 
386241665 19 
16694883 19 
832227523 15 
921512527 26 
354018009 24 
728944085 24 
501954270 24 
631190577 16 
525600049 15 
403651809 16 
573046893 27 
860066722 25 
175219569 29 
836465264 25 
211839320 28 
637362568 22 
871392129 18 
89591656 29 
623159687 23 
650413261 23 
164904777 26 
13971635 18 
635778787 16 
896526935 20 
604901041 21 
455362359 15 
780576082 17 
421263632 24 
272155042 20 
654015454 15 
566150845 15 
630871006 16 
76556802 23 
507933070 28 
476173069 22 
406575019 27 
945624507 25 
774481201 26 
134648360 25 
844639070 22 
773059251 16 
261665710 21 
924041208 20 
647586271 21 
208928980 25 
110953965 16 
911696996 17 
602019862 29 
945584132 16 
367627478 20 
864941395 19 
282755819 26 
692835885 24 
8622929 28 
224637103 20 
774742342 26 
486360374 15 
804823622 28 
860708959 28 
620550671 27 
687232775 21 
580041373 23 
461813835 17 
938636334 23 
275336 15 
