1000
483342872 19 
790489833 16 
972208975 27 
745653085 17 
877612232 27 
809723242 22 
815896512 22 
161451372 25 
653460403 15 
191755775 28 
545461342 25 
363069954 17 
258702783 23 
212555409 28 
851505171 24 
651788552 25 
811100118 27 
345473798 23 
87688134 20 
579656807 21 
579761375 24 
298576712 20 
838825567 26 
950811141 21 
203353538 25 
711009085 16 
527339717 27 
783963084 25 
53551975 26 
322084559 21 
647322594 27 
321578403 22 
871655606 21 
81172965 18 
321923741 17 
220000113 20 
83811479 18 
366706278 23 
562415070 17 
726436640 23 
293950962 24 
256202300 15 
681985165 28 
346300055 24 
6672815 22 
404579150 22 
453633427 26 
808527294 22 
427479734 25 
773020548 18 
514274774 17 
785243773 19 
569135087 16 
680348358 21 
923880511 29 
910115004 23 
690011714 19 
481557244 20 
944320950 18 
642509923 16 
981604504 15 
810278414 20 
717732644 15 
940711258 23 
585061335 16 
174590948 19 
976567151 27 
208688521 20 
198640361 24 
392627815 28 
744498561 22 
155275481 29 
276831924 27 
945037181 27 
212253760 23 
189911344 22 
934136354 26 
972244239 29 
555929750 22 
954722936 25 
717226522 24 
535978246 24 
240483690 19 
816589975 28 
470814595 21 
524285256 22 
108804515 24 
287738231 25 
59962695 17 
578443199 27 
16739371 25 
375629054 26 
654065741 21 
424259665 28 
121986537 29 
993139478 21 
980091261 18 
986225384 27 
607237061 26 
320990630 24 
829838783 28 
461554539 16 
519851175 18 
826223253 27 
270054395 26 
646997954 18 
294862199 27 
282805197 24 
271105305 22 
781401557 28 
596133661 27 
125503285 17 
572627457 25 
424134540 19 
351895170 16 
135484085 27 
65572252 24 
296625871 23 
465545356 20 
754614837 23 
121141968 19 
804228998 21 
356188708 23 
415885725 19 
902258822 18 
126877593 26 
327115315 24 
212264149 19 
358210471 28 
199977712 27 
166267807 26 
230227398 25 
856163097 26 
195431283 22 
950069586 20 
227471958 21 
691084230 18 
949632779 19 
64192562 15 
124350062 21 
456046228 24 
624229278 19 
258048297 18 
956576759 25 
746617453 26 
392247061 27 
885198622 26 
683843799 17 
976342072 16 
666175833 25 
630604024 27 
946420472 22 
649901277 27 
953381457 18 
742039969 26 
40630336 29 
845601091 26 
430406116 21 
217743872 21 
975711897 21 
160239700 17 
106765308 15 
773142269 16 
896992234 28 
288659191 24 
776967808 26 
608296832 20 
53277723 18 
51337236 16 
118375767 18 
43891825 21 
618818323 20 
612990100 15 
574305899 16 
4189368 22 
775713468 19 
204469085 19 
961539491 26 
131409726 23 
705280765 29 
348813656 23 
622191335 29 
614201065 26 
470927806 26 
25995629 17 
24237599 25 
625530530 26 
992443111 15 
389088389 15 
749262643 18 
759904594 17 
244835937 19 
410032006 26 
318181900 20 
126697439 19 
456590866 20 
383680346 22 
354244240 17 
652368179 17 
779058147 20 
935362279 26 
606658216 17 
687456820 22 
70821820 24 
473045783 22 
252869181 20 
224957900 25 
168961926 27 
300355792 21 
962476853 23 
190412002 25 
806775079 24 
280745724 17 
394749818 24 
989577821 24 
388842633 22 
714327682 16 
994713330 23 
360143143 20 
737628050 22 
409188426 29 
791299463 25 
991046695 26 
143667244 19 
316634940 22 
149226784 18 
515624005 27 
982569022 24 
167466560 19 
911997860 17 
998590569 26 
381229488 17 
551316030 28 
401640701 17 
686884219 17 
197906026 19 
47357470 24 
905128722 21 
493464163 24 
759157843 23 
348582600 26 
408459211 22 
682752521 21 
89002837 26 
89393444 16 
485577488 27 
904748886 17 
177907543 18 
699539995 20 
386130633 20 
176682288 23 
775586370 20 
17026707 22 
79272670 15 
604633729 17 
342380028 29 
719496053 15 
589283639 21 
369435183 24 
718538350 22 
149901226 21 
964663741 23 
937976099 24 
944743296 15 
252681241 27 
844660310 22 
812591686 21 
734392091 20 
154441129 16 
53742315 21 
29237887 25 
449008421 26 
302374724 18 
187196261 28 
266721973 18 
343349640 28 
943834065 18 
807863722 29 
407743954 15 
92118058 28 
557195319 23 
150791076 18 
956065469 20 
104687861 22 
28070752 22 
5777209 16 
833795166 27 
498505167 22 
618452019 23 
100900947 22 
882082717 18 
896770210 27 
88565656 25 
304449241 15 
860798306 25 
530207061 17 
697683063 25 
668423859 18 
600771221 24 
653615056 27 
718033848 16 
480402377 20 
259503646 25 
186430971 22 
955340868 15 
752184835 29 
455926501 24 
373232062 21 
712308993 23 
593978185 22 
704496595 26 
437651201 29 
885952728 20 
120116099 15 
999856078 15 
19638188 28 
722784945 21 
118407321 27 
227690431 28 
918750119 28 
40437109 17 
660560499 15 
944999055 16 
356875994 19 
593488394 17 
16142073 19 
279327524 22 
285799213 19 
105058650 22 
212074516 23 
623904360 29 
260252297 29 
864393292 19 
380593066 25 
13292354 20 
364747476 17 
427723719 19 
529117092 25 
309706905 21 
328197112 25 
577396917 28 
417063915 27 
333552983 16 
520487387 21 
109343229 24 
548133990 29 
896260195 16 
616565351 21 
663103111 29 
942178556 26 
393234085 20 
323145602 15 
798626619 29 
304886167 25 
387215109 27 
893191446 25 
308538625 27 
514192414 28 
109870699 15 
148823818 18 
647002817 15 
686159480 17 
152006079 28 
703752518 28 
420225379 24 
704323727 28 
998423529 20 
617406898 19 
610922959 15 
164183626 25 
110059985 18 
705386550 15 
354594541 28 
82135441 18 
696588896 28 
800948410 22 
960735142 25 
972663884 27 
690986108 18 
140613414 19 
434942688 20 
49539683 21 
650104590 19 
171882338 15 
919954820 25 
995362239 28 
718679807 19 
846392150 18 
418714747 26 
30937158 25 
861584181 16 
594632939 27 
43316907 20 
696191969 24 
169718938 15 
127709703 20 
971578622 27 
573369465 22 
578927637 28 
382744723 19 
674114139 17 
731722740 29 
111046797 27 
505462392 27 
545595305 27 
101335612 20 
402843884 25 
914677148 23 
439932370 22 
281448247 24 
911338009 26 
906876393 21 
756703677 24 
818713295 15 
608363260 17 
588991302 22 
551676498 16 
929695979 22 
648712317 27 
217107354 26 
509868665 22 
55197042 17 
183710596 23 
111353039 24 
804807962 22 
782944846 21 
22266617 16 
387430604 15 
920030493 29 
98921318 23 
293318084 18 
101679993 24 
717875050 18 
559537314 15 
631553229 26 
23097534 26 
306669290 23 
717516266 22 
258026749 18 
508591235 29 
389561987 22 
745903398 23 
7024442 27 
234141872 19 
79692574 16 
835747902 22 
558200429 20 
62598957 28 
716210596 24 
45224218 29 
774701439 27 
395574242 29 
909999867 26 
658323875 28 
209230678 16 
601822392 23 
260778509 17 
603221951 26 
72179932 20 
126846357 22 
777789376 15 
218381655 18 
896916727 20 
320919651 27 
555413758 24 
600059988 28 
585626769 26 
671242504 23 
518799534 16 
810160796 20 
639633041 17 
313865070 24 
308236216 19 
875978265 18 
479073759 18 
695651195 17 
866454275 20 
781365425 26 
62244195 22 
846831897 26 
548037497 25 
817331790 27 
621560837 24 
271823919 23 
595524609 23 
426235095 23 
876980909 20 
894940836 23 
767759747 29 
107796020 28 
358342211 25 
982326882 28 
998417640 17 
896826445 19 
110317487 25 
663364944 15 
139922710 25 
730485514 25 
851925465 27 
484330838 28 
180290294 26 
403089491 17 
328566185 15 
246045788 22 
793241968 20 
574412816 15 
217422344 18 
130917450 28 
681149293 20 
109855273 22 
608752092 25 
176319240 15 
938589651 16 
541549702 26 
480306191 28 
149580927 23 
15424396 20 
101510927 24 
332716423 25 
53739157 22 
870330238 17 
895519149 16 
61930798 21 
636886323 18 
152798867 28 
694755398 25 
297583594 21 
469625922 18 
948220849 17 
329841859 23 
454367909 21 
882022312 18 
388736450 20 
311831821 27 
934854726 22 
620194639 19 
419254701 26 
709448458 21 
707904437 27 
91261213 20 
532629594 26 
233440932 27 
733978074 28 
415749372 20 
324932273 23 
603665346 15 
487742877 18 
445584083 24 
855860122 26 
968243788 15 
724550118 26 
403924617 28 
887310333 20 
500389417 20 
905104797 15 
564409864 25 
839755970 22 
635988803 15 
240276394 27 
716282679 29 
245807825 26 
494224257 22 
209079541 23 
909232638 18 
925764882 29 
990611659 23 
921079910 27 
35134533 18 
282402414 22 
94194953 24 
87292646 22 
648794100 24 
471086027 24 
983281699 26 
327065947 21 
222591220 19 
463755795 26 
507595266 17 
639850159 15 
255928619 17 
285843500 26 
644852364 17 
198237128 18 
130335362 23 
246680832 26 
655873450 28 
896716176 23 
107039969 27 
703881589 26 
390766405 21 
683170029 24 
902670897 27 
95648885 25 
102323523 29 
592977609 28 
688460376 17 
678325479 15 
133783438 17 
250156555 17 
393507136 16 
688731058 25 
232568844 17 
694828443 28 
655803599 19 
82501568 24 
113939623 17 
327706721 29 
853227247 27 
783041016 26 
56065349 27 
257773380 19 
263628679 20 
477536578 16 
414060496 29 
618904879 24 
684274303 18 
360570502 27 
48066607 28 
332263175 17 
962146751 28 
331158700 24 
973280842 18 
246018997 22 
55030574 28 
315467421 26 
228477961 23 
605191713 20 
976527030 20 
163141951 25 
714809684 20 
642776883 19 
255052350 26 
893899643 29 
426199059 29 
57684948 28 
139256751 15 
547260986 24 
845704238 23 
652174570 25 
832738543 20 
989884002 27 
188733837 22 
81735006 23 
994521575 17 
745240796 16 
946107929 18 
267050521 26 
662206591 16 
585477777 29 
487819192 25 
331228674 17 
515517600 24 
101440616 16 
174819411 27 
356836864 29 
646392368 20 
561261896 28 
456345555 28 
52039421 16 
420284696 18 
206952987 23 
882563102 19 
281519584 18 
754944833 26 
543326152 17 
263291678 19 
978588049 17 
964149906 15 
392701239 23 
824766137 20 
883400439 23 
636378866 25 
35217744 28 
832324313 27 
665380604 15 
556684363 15 
590715131 22 
191105893 15 
399027335 28 
297294468 25 
174802208 24 
101388869 23 
993430657 22 
526924165 18 
696143527 15 
117120865 27 
443575248 21 
653303606 24 
272900216 22 
421569185 19 
528551773 16 
115861375 21 
322032507 20 
562974701 18 
910431760 16 
565782088 27 
295942809 15 
375701293 21 
397163217 27 
432900985 22 
629868216 21 
927461961 27 
594527369 16 
887082234 17 
710395073 29 
242528553 21 
175495198 19 
291617971 15 
148407197 18 
65390517 25 
832591482 24 
699870860 20 
326945330 18 
203869654 27 
818368643 21 
105301614 19 
920314730 24 
154427762 23 
931100963 25 
954356799 19 
720495660 24 
415164530 29 
915744577 15 
186495465 21 
313263967 20 
998961855 16 
4832709 20 
440429906 16 
640635885 28 
812826175 16 
751844246 25 
378201700 25 
576115389 24 
72354524 19 
422023582 22 
875798789 23 
944559287 29 
213747837 29 
794788548 18 
712961311 18 
991492803 29 
347540234 18 
322966512 17 
440888473 17 
319388617 26 
40405610 16 
97091082 25 
321936219 16 
164983985 19 
835833991 29 
294864379 16 
49051469 29 
341623907 29 
780063048 26 
77114537 29 
47364183 29 
363324360 28 
814152853 25 
198898429 19 
611323489 23 
893999046 28 
393280598 29 
678306783 27 
677275987 23 
231246662 19 
536958067 26 
449949752 25 
579043093 18 
846547249 26 
243156693 27 
232547054 16 
600150927 25 
961810029 24 
198344034 18 
833892587 21 
887327914 27 
677147620 27 
524945923 28 
929383189 27 
984796236 15 
74020476 16 
404158625 21 
648283222 19 
607594590 24 
794542879 25 
649216290 19 
550480789 28 
548462793 24 
852034228 19 
116690288 28 
785111482 20 
738089331 15 
872321571 26 
199560049 23 
771581868 18 
462315590 28 
105210964 16 
65188623 20 
275530837 25 
229119273 24 
426743342 28 
248496176 26 
329141916 28 
769377795 23 
703951515 16 
273106110 19 
620995945 25 
355848382 26 
962912387 16 
986956960 16 
178905508 23 
104167745 17 
478743756 25 
445351870 24 
401226806 24 
498096500 19 
799184991 15 
59379200 26 
323698181 24 
48614719 16 
107196452 28 
17765198 29 
800888314 15 
966580874 20 
685907203 20 
210405776 19 
242052861 29 
76251965 19 
311524325 16 
280740014 21 
764650487 18 
250959680 17 
274113456 18 
117603472 16 
793990606 29 
454412923 28 
888222542 28 
38791967 19 
758549356 28 
920624343 21 
429987749 16 
292289601 22 
481300919 23 
728840250 26 
62895007 15 
519847903 24 
421838233 19 
510541454 24 
844436515 18 
720663522 16 
334070777 28 
324106169 16 
361213464 28 
76924464 27 
903694270 25 
967005093 28 
604803688 23 
252589235 24 
673508818 28 
617505336 20 
763376122 19 
35866961 19 
698179356 22 
12337500 26 
531495350 19 
108233204 26 
245282436 29 
556562168 24 
237542020 20 
762368131 29 
807019762 19 
568816371 16 
519954252 25 
159347430 27 
396938062 28 
871359287 16 
982842614 16 
946467077 15 
575968384 16 
523456427 17 
355197034 27 
945082056 28 
364725105 25 
512469559 20 
625098385 16 
722181655 23 
912012551 29 
351682755 28 
832685137 22 
644963546 28 
821238827 28 
766830391 27 
973007507 22 
818663161 21 
868226502 18 
842653563 16 
468740160 23 
461803100 27 
954597566 17 
940920184 15 
908114494 19 
259298539 17 
533612541 23 
153438996 25 
36935543 16 
859481231 23 
841364073 19 
495432248 27 
716198097 21 
26772782 29 
570746092 17 
550310605 15 
843740470 25 
323133105 16 
949724781 19 
719555257 28 
630123917 18 
721600257 19 
580339667 28 
348402662 22 
5161662 21 
995268612 21 
320820232 27 
806950970 22 
658884016 26 
617016228 18 
349097459 25 
349647775 22 
634185549 17 
241278408 26 
883223676 29 
280742396 25 
58666108 25 
92211288 24 
817843851 17 
553183032 15 
174883365 29 
816287547 15 
81545480 27 
124607805 25 
954925360 28 
972002907 27 
551959259 19 
955792370 19 
885531270 16 
69863839 23 
127920365 24 
557716799 15 
25434381 25 
914758895 17 
653449764 21 
653709580 18 
758668718 26 
114739 17 
524236137 15 
408106817 19 
272148306 16 
565373779 25 
639499173 18 
10964423 27 
17975007 21 
167384120 28 
569045438 26 
280865412 25 
773919039 20 
272283336 18 
317080734 21 
926578017 18 
495731544 27 
678118124 28 
558139179 23 
137881158 22 
397992468 26 
170204301 24 
240300111 25 
935385884 28 
222196825 17 
456690577 26 
410118896 21 
101292489 25 
223154961 25 
987621858 20 
326725112 19 
341974583 28 
53832483 23 
245517670 23 
56548942 25 
165296204 20 
71638903 22 
674847239 26 
739962586 20 
800858610 27 
604751093 27 
518328747 20 
999917700 17 
831287568 21 
54502533 17 
20445756 24 
630080564 21 
432251790 16 
