1000
199469521 16 
561755641 15 
433650916 25 
923071427 15 
669540716 29 
820791512 15 
38727590 27 
238836887 25 
346164240 15 
985844380 22 
64284007 24 
400772292 28 
143915687 19 
535564587 29 
242651918 27 
862321712 24 
66444824 25 
948013679 21 
467927939 27 
180342981 19 
289750347 25 
575022159 29 
189852078 22 
496364137 18 
814100264 20 
534509746 28 
296846967 27 
749648134 26 
186689175 16 
571259778 20 
961202374 26 
501210243 26 
948254336 15 
399552678 28 
4732291 21 
261672136 17 
155042251 20 
816318470 19 
937085334 27 
122036157 22 
534518624 26 
101921162 25 
511043559 26 
57490250 26 
466852903 16 
414793498 26 
317097822 17 
389523799 15 
283305225 29 
992674462 18 
662197476 28 
428489676 17 
893933804 24 
438967294 18 
835268447 21 
878413457 19 
405420730 22 
363395874 27 
752329657 25 
396794766 16 
1199961 24 
949079538 18 
145050840 16 
499806380 26 
162132403 19 
90389079 21 
836406182 22 
813597649 28 
441446574 20 
930172983 20 
236263177 24 
151893734 23 
31376692 15 
135738748 25 
39950827 23 
516620756 18 
837540396 15 
403244044 24 
210711347 17 
531358849 15 
664886909 28 
457647569 20 
974653385 26 
140411607 22 
109406481 20 
26092721 23 
523312277 18 
121910461 16 
750550223 23 
423765654 18 
854973566 23 
828174874 27 
430668447 17 
235894119 17 
385742959 29 
982002392 16 
923602793 26 
834329868 27 
841861965 27 
455217374 15 
771703829 21 
749028716 22 
155790849 16 
732344852 21 
129188236 26 
894505585 16 
744114547 27 
911210082 20 
449104564 22 
100495362 22 
277731467 23 
249343920 21 
358444662 16 
395448839 24 
932665394 19 
388187622 22 
142069179 26 
6670953 15 
337978702 16 
6160620 29 
6584169 15 
481324814 27 
311874760 22 
42191018 16 
72352361 25 
260734431 20 
818551689 16 
499282697 22 
87241636 22 
981065924 26 
754566264 19 
91625455 27 
571473409 28 
309578662 15 
526991484 15 
167176005 27 
705177191 20 
816688235 18 
931905663 15 
800870644 23 
889849792 25 
345995005 22 
810607976 20 
166249187 26 
801043699 23 
413883714 20 
57424415 27 
451493113 16 
604308200 29 
222441764 16 
596719499 26 
336145696 19 
685003911 25 
831702666 21 
245531798 28 
490051391 23 
400876728 29 
340095835 23 
783327271 25 
136336701 18 
471597667 15 
421931393 24 
657178407 23 
110803204 15 
368059504 25 
841900259 22 
56957564 28 
469758075 20 
601083335 17 
182783849 25 
625612047 19 
932566922 16 
352902480 16 
482710779 19 
625597384 29 
514477081 23 
567261172 19 
782109057 24 
876201871 20 
515293712 24 
79781529 23 
880193251 25 
167612237 15 
953605463 21 
556888616 16 
546846985 26 
557892072 18 
757735383 22 
841900938 19 
609316828 26 
341600842 22 
796035446 21 
98198949 21 
816782146 28 
686339929 17 
62637085 20 
769202019 29 
555041060 20 
461767679 20 
284683701 25 
634695595 16 
578015595 15 
827424547 21 
596554788 28 
168423268 27 
814396413 15 
833890733 21 
378749780 21 
936867192 27 
535350980 27 
862192260 21 
334812971 23 
727117006 17 
322794919 15 
790090386 25 
407666579 27 
59912270 28 
734965901 27 
772471486 29 
371051123 18 
777537760 25 
836460896 17 
214097392 15 
283262386 17 
249900396 19 
163824135 16 
608680208 29 
849140026 29 
508367578 22 
399046762 20 
854937863 21 
527598322 17 
194784274 29 
27029105 15 
498729147 20 
854398146 18 
713973245 27 
12116996 19 
153066261 28 
809389202 28 
702766977 23 
137588491 21 
115148029 21 
432839754 18 
132232071 25 
780356974 25 
894426972 16 
197763027 27 
34413304 17 
654734101 27 
500863768 21 
593880339 29 
704961722 23 
836959208 25 
754234139 17 
756579827 16 
34779063 17 
526153680 21 
779937867 20 
32940123 17 
314536661 17 
764285619 15 
759158674 27 
356965940 23 
160011006 25 
627415675 18 
871797207 24 
170076004 22 
452068121 20 
318724366 15 
694347778 20 
669957589 21 
413294606 24 
420177494 25 
646213370 29 
239581549 29 
367172805 23 
606329401 28 
235845545 17 
204845078 15 
371824165 20 
206570145 26 
94953718 29 
943739319 16 
112266520 15 
271263605 19 
788717001 16 
654487096 21 
479769222 22 
889202333 17 
673110794 15 
73533824 27 
628369749 16 
701773824 28 
625765793 21 
248236921 19 
531001454 26 
841723784 19 
690643063 16 
396733962 19 
55236281 24 
285506332 19 
468813938 26 
266566427 26 
557336350 23 
136082084 28 
723147387 16 
617906325 21 
67614854 29 
168452617 21 
460471163 20 
546070622 25 
109626839 25 
477615921 17 
799918168 24 
856075359 18 
158079995 17 
102321669 27 
209836540 28 
196513920 21 
215932888 29 
584695917 23 
230149453 26 
414001322 15 
962137176 29 
464878162 20 
125693237 17 
104085699 27 
418124898 19 
548709786 24 
943088795 19 
107580596 25 
632445661 22 
984574511 15 
368689766 16 
256582758 27 
609451699 17 
738799095 27 
432233856 26 
824927168 24 
136265419 23 
294997724 29 
677337296 17 
516970665 23 
538804237 29 
503097541 26 
920303422 18 
843922187 19 
695416673 18 
354019225 21 
346895282 18 
443431629 15 
623123375 16 
109776194 28 
715728148 29 
187356119 28 
437581279 23 
309984679 22 
929213516 27 
584269841 28 
624797913 22 
542709424 16 
507726915 28 
924659043 15 
732691845 29 
86103109 17 
148504543 20 
788152245 17 
8965324 17 
324587598 21 
589634569 24 
556494575 17 
156880788 29 
350689459 17 
559633834 23 
30865657 15 
561336519 29 
76558172 22 
358056872 29 
603031995 24 
652725579 29 
552160818 27 
686618349 23 
78948637 25 
665015306 21 
124102427 29 
511861343 28 
464789768 25 
31118314 27 
957720064 17 
268663528 28 
454560610 26 
760358357 24 
381108426 29 
907313519 21 
105115157 28 
709490354 20 
419188575 28 
125546203 29 
848206087 24 
402002281 15 
468024745 24 
282556950 22 
800430626 26 
715345633 18 
520460687 25 
579664391 26 
747349324 17 
948302852 18 
647804664 19 
931694486 20 
219083375 16 
566231481 15 
573148622 17 
962374059 28 
628240754 28 
291785448 26 
653881848 25 
543177006 28 
639718973 24 
972858489 20 
566712158 18 
205541639 17 
8262328 15 
107497301 29 
652112872 27 
107913759 27 
767639243 19 
231548514 26 
704392062 15 
946830684 17 
339582558 19 
71319177 29 
325413384 16 
239853991 26 
870974809 17 
566981811 19 
240584046 25 
276040681 18 
387244964 27 
758218694 26 
169302424 22 
504811272 23 
628587815 19 
739688108 15 
234673262 22 
417047022 28 
234643403 17 
467075659 22 
745582553 27 
564865921 24 
100223350 17 
519155085 25 
379780031 29 
568086187 15 
2858001 23 
505793368 26 
818304010 26 
703635026 17 
904568709 23 
899912342 22 
282454688 16 
366756192 21 
17439672 16 
146848302 25 
641527659 20 
561441980 28 
491075220 17 
555883272 23 
660475473 16 
966116174 26 
460370432 20 
856967692 17 
202886972 15 
372178430 28 
615497187 28 
75966498 29 
305554451 16 
550103988 16 
913947175 24 
520319538 20 
925683390 25 
188521816 17 
578204339 26 
976119588 19 
67956004 19 
855731154 18 
765423471 15 
52841440 18 
660548911 15 
2848266 24 
732352067 27 
651951438 18 
469904582 23 
459628265 29 
443711255 21 
435830871 17 
381574609 29 
269674325 18 
452910035 21 
801401825 19 
937361465 17 
831775287 28 
953820767 25 
587419349 16 
185590756 19 
617149560 23 
433872547 28 
87176732 29 
748743355 18 
82204414 22 
431825032 20 
853854364 20 
813264550 17 
193515699 28 
123158516 18 
502314303 26 
254043022 23 
472346238 26 
347073232 16 
604010220 23 
274910041 23 
344762182 19 
191407365 19 
817760907 20 
244016113 24 
616673269 23 
946331258 28 
147216131 20 
312118076 26 
891855218 23 
595992342 19 
707505470 23 
461479204 28 
18740389 22 
442998467 29 
559667747 18 
825907600 28 
949076598 24 
9808744 28 
79495834 23 
356414567 19 
939344845 28 
532324076 29 
894904715 17 
299824019 21 
471214482 16 
150230329 23 
169752542 29 
534539003 26 
210138797 16 
138044470 22 
864103547 27 
479209095 28 
267130374 28 
437248459 26 
627450955 28 
103528991 20 
56530054 16 
50216928 23 
740566068 29 
482556331 29 
621209363 15 
434786397 23 
810480927 27 
330521875 27 
432141974 29 
914965802 21 
222759925 19 
1130559 28 
988539384 19 
444014640 15 
454435740 26 
226130200 15 
768475679 17 
765265237 21 
276821246 23 
680860036 27 
434601461 18 
509513346 27 
149836546 27 
68006252 26 
105736289 17 
429418400 19 
213734543 16 
80556217 19 
208452170 29 
718067861 22 
239518351 23 
634295121 27 
985990298 22 
927592267 19 
572411881 19 
416503582 28 
286636600 21 
346856872 21 
827873669 28 
946793991 16 
289184780 19 
16607638 24 
418402891 19 
980383731 26 
748905214 19 
952873212 20 
357817123 28 
493163212 15 
971239926 29 
351710657 16 
134876917 22 
306096249 18 
122658268 24 
400941519 27 
696660137 22 
245572834 15 
49071512 22 
416511757 23 
235866919 23 
684497391 26 
240806418 25 
934313315 19 
57931095 21 
140166536 15 
698325555 20 
248598713 29 
592832033 26 
968503189 29 
450136289 24 
219909879 16 
372135534 18 
602840062 19 
626529029 18 
808695302 29 
247338276 21 
518956203 21 
777012104 19 
585239500 18 
900074797 18 
571931012 15 
951507280 26 
933997106 19 
102393199 28 
544012914 28 
739753287 26 
907901216 28 
81737940 26 
906817371 26 
333448788 19 
39084671 24 
384724547 22 
417224745 26 
658866014 16 
719339061 29 
241218723 20 
867047106 20 
375354703 15 
122269740 20 
633113310 26 
527361808 28 
854124814 16 
873862730 19 
272133595 28 
494111481 22 
481656707 29 
400098425 20 
498593922 16 
714475623 21 
880002966 29 
2206880 23 
823657915 25 
204155713 26 
305775663 27 
527849639 26 
459932782 27 
208545135 17 
496433718 20 
723888757 22 
242406787 21 
541994712 29 
238576275 17 
772390900 16 
706048482 21 
446414182 25 
582971950 20 
672691467 21 
264733300 26 
556626176 19 
482013167 16 
535503778 25 
775853087 21 
789624206 24 
635407551 16 
137779106 26 
185464268 15 
254718713 22 
171888516 25 
595831537 28 
51685988 29 
496019751 27 
166874920 28 
518967672 23 
972660429 18 
477709825 15 
81976465 15 
898941215 15 
354684913 27 
718691183 26 
219471017 16 
595966927 24 
582470838 22 
613813594 16 
411338838 25 
996316526 16 
993480198 24 
261691816 25 
39167618 16 
487899621 19 
139619016 25 
74725443 22 
591378452 21 
356542237 23 
545997796 20 
805645073 21 
900561908 20 
326753021 28 
624204865 19 
554934268 24 
208673034 17 
554391404 22 
552739529 23 
420974315 15 
294998590 26 
708632148 29 
893920355 16 
257684421 18 
599788152 25 
269159324 22 
882875895 19 
33544820 26 
188507808 16 
582585644 17 
258364014 23 
207061727 18 
717652894 23 
999519468 22 
480083630 27 
946378478 29 
294419546 17 
311576772 19 
24372640 25 
899018377 16 
202223036 27 
778511516 16 
835870764 26 
375727000 22 
432812717 21 
698637404 15 
636450619 21 
115384835 28 
835589139 19 
861761004 17 
26367411 20 
686981042 25 
924127960 19 
900568372 29 
210207870 28 
982546062 27 
466158050 25 
733773852 18 
44211330 16 
606701181 16 
638962203 25 
391629965 28 
428550313 24 
675221864 22 
46727785 18 
662982765 26 
163403225 28 
563472184 24 
325242294 18 
448910758 20 
797750524 26 
249038291 17 
388819689 21 
925377054 24 
922855161 20 
272481571 15 
510237418 24 
278139839 18 
456732344 23 
44213007 20 
90217121 22 
54325359 18 
850196257 18 
975685502 25 
273796342 22 
145858072 15 
360055068 19 
544585306 23 
718568145 16 
978912929 23 
293078929 29 
158852490 18 
238818074 16 
524066290 18 
998160232 28 
42903286 16 
754996409 25 
58719731 28 
387166601 21 
844212870 19 
142648982 15 
59354764 19 
887671516 20 
24505890 18 
296956313 16 
977556389 18 
369644618 18 
29906866 18 
855093419 28 
880662310 24 
668708025 20 
463917342 18 
985036978 22 
377064695 23 
878674706 27 
165647438 25 
209062039 16 
159754496 29 
489249854 21 
429636394 28 
858679107 20 
659753258 23 
149909796 25 
576850331 26 
903520669 19 
381439323 29 
696010411 18 
653041031 29 
521779340 17 
358165372 20 
346028989 22 
32179416 22 
210782458 23 
103502198 21 
853711681 24 
703825268 29 
926404046 20 
850596655 20 
969815070 15 
991032645 17 
49571824 20 
7927441 24 
357263678 19 
44737585 22 
542434887 24 
535706499 20 
782929800 15 
854190114 26 
741829053 24 
689320428 27 
563032036 17 
405730047 15 
139923257 28 
789629366 29 
933589818 22 
290934960 15 
95716772 26 
133684424 17 
682955378 22 
856825628 20 
177541604 20 
524928778 27 
160233077 25 
200884781 19 
5787362 24 
742236772 25 
440743465 23 
529749962 17 
668290950 19 
837703870 28 
745818231 20 
618374619 15 
206330553 20 
512255488 24 
741929031 26 
849671753 17 
947376481 23 
311019538 22 
230847106 22 
444390650 24 
581514855 17 
343828188 26 
579673102 19 
584122839 18 
918766260 28 
564025415 21 
948665301 22 
993168584 15 
353192751 19 
405104185 19 
640607934 23 
180061622 17 
430135487 18 
47201947 20 
283242928 15 
31941767 27 
733531726 29 
73913174 19 
756745621 25 
916795685 23 
119082179 27 
780781648 17 
3732820 24 
985412982 20 
861692677 19 
553001331 21 
334912469 20 
48589668 20 
563793918 19 
605809318 22 
969489408 26 
728390870 22 
591616149 18 
889874384 24 
808300733 28 
585329075 28 
412481970 24 
848759515 21 
99408628 20 
662357989 19 
516221501 27 
450617774 20 
946398093 22 
390845267 18 
707578143 27 
862354481 27 
66314608 27 
467169765 23 
164433214 19 
558093388 18 
815216517 23 
182217603 22 
158228355 29 
337164263 24 
413700277 26 
702274581 21 
670864086 21 
287934698 18 
771856870 28 
274874755 24 
600701984 19 
858509629 28 
180708353 15 
168804789 21 
896196679 18 
12696265 25 
542284783 23 
105926292 23 
512470069 20 
559411572 18 
78609046 15 
441966086 18 
866832592 29 
963721511 18 
4293856 16 
50979316 24 
592767746 15 
946868171 26 
293367220 19 
124889159 16 
771555250 27 
516678982 29 
970333177 16 
814273253 15 
223436232 24 
301351298 25 
184768153 20 
315797432 29 
527471147 15 
364005989 28 
198550139 28 
296557735 20 
813455301 19 
95294937 19 
522729095 19 
865417625 23 
261027709 16 
77051333 19 
473589157 26 
351946360 24 
863421499 29 
876333584 29 
105003709 22 
442362155 23 
793832679 23 
361946788 18 
899082935 25 
926267802 28 
220977258 26 
776029544 16 
