1000
161595664 24 
836686348 20 
640886703 19 
506192204 18 
959988184 20 
366647404 26 
63628487 24 
481041353 24 
150824954 20 
236750337 27 
535037229 16 
226513391 20 
306708573 26 
518189745 27 
30697929 24 
533579685 29 
68123115 29 
171585638 21 
789753731 25 
327964370 20 
667063179 25 
257052423 25 
132709699 26 
75817312 29 
413257253 25 
26055804 21 
101775345 21 
2641718 17 
350814370 15 
909873325 22 
424073845 26 
410783804 17 
145726952 22 
274617218 26 
157963191 20 
506571354 22 
18445024 28 
546618083 21 
406310559 22 
487258488 27 
84348530 23 
268361912 16 
366896662 25 
908513662 19 
933747591 29 
738472169 28 
841947394 22 
961949780 21 
233766149 17 
908341598 22 
194276941 29 
794124259 27 
913638358 24 
582564351 15 
743291101 16 
564539921 21 
890603744 28 
289793205 27 
558035868 26 
817418951 21 
853298957 22 
282805094 25 
461468016 17 
60170734 16 
473293635 15 
45270011 27 
549165891 29 
197665644 24 
235614316 27 
776032349 27 
117817852 29 
449446187 22 
426008943 17 
892218994 15 
525826691 24 
126964497 25 
951152436 24 
999125028 19 
864672704 20 
592974088 19 
225828003 28 
864108890 27 
769248411 26 
895934711 25 
944812196 16 
134228476 27 
704616956 17 
819488453 21 
928680991 23 
166840305 25 
347269835 28 
991709276 22 
524100092 18 
31574307 22 
22548464 29 
54323619 19 
706229539 21 
602207097 19 
849688147 26 
689844354 20 
572882044 26 
725097179 23 
87323356 19 
341728481 19 
101835504 15 
865833777 21 
265855604 20 
430101672 17 
873485669 29 
384968803 22 
563710977 29 
572473279 18 
508418756 24 
696352858 20 
467166316 15 
257796623 23 
333858806 22 
313622268 20 
174424222 25 
97016190 18 
441602018 20 
325904434 25 
677732222 19 
694557173 19 
701666671 15 
728564197 22 
265117683 28 
840789853 21 
699837831 22 
30281723 18 
716896999 19 
764799900 20 
481649425 18 
455343710 24 
827068225 21 
251283612 29 
455552244 29 
809884404 22 
370208233 24 
428055619 17 
724633114 24 
822000039 22 
256481222 17 
486364795 29 
177633642 28 
283764317 18 
214754242 18 
133771051 22 
716355532 21 
353082624 17 
494115524 24 
275846715 26 
856525864 19 
534223735 24 
59339189 29 
891995026 19 
460336998 28 
714483114 20 
678061947 17 
701500698 21 
950536815 23 
145652097 29 
786468095 22 
665285818 24 
827672617 23 
209591012 22 
728180521 17 
225977434 26 
460592509 20 
165093307 16 
362367714 21 
936984546 18 
637542739 29 
263476718 25 
51027728 19 
785984315 22 
623873684 16 
833003877 22 
267703964 25 
255857739 21 
346428966 19 
569963017 19 
967575663 26 
646897403 18 
102563059 17 
818732480 15 
299266416 20 
510019380 25 
958607842 20 
148718707 16 
407300230 15 
586632924 17 
448437210 24 
778848779 28 
545126555 16 
914883548 27 
342191557 26 
647531118 24 
448060054 27 
704440349 20 
411053194 23 
393976198 16 
767346014 27 
922161030 21 
967989521 24 
305831225 28 
741850077 19 
371750398 26 
712862274 28 
990262129 17 
674739450 17 
612585839 22 
530157829 19 
634535957 23 
510253469 21 
833102272 28 
225389122 26 
726268685 24 
395949230 28 
705758425 23 
719333601 26 
642733633 28 
465279766 24 
766168738 21 
230133706 24 
672353689 17 
567416763 17 
137862915 15 
392252389 28 
342438141 29 
231850886 25 
845103588 22 
612154907 16 
715270229 16 
559336287 15 
455565613 23 
297339218 22 
424481161 28 
145172015 29 
74982598 25 
20194931 16 
866795649 17 
327293148 20 
680034455 15 
938541671 17 
460056357 21 
280711248 21 
919216264 25 
298549780 22 
929393502 24 
179721585 18 
359304322 17 
927381604 16 
144412434 21 
985046825 19 
814750827 29 
283448382 23 
388067882 25 
205354591 21 
235562541 26 
745820297 15 
120985231 19 
980000763 18 
708836782 24 
257882159 27 
997216807 19 
155077348 22 
413600472 22 
994930199 27 
899134684 21 
516521476 22 
663744401 20 
614770985 24 
83053205 23 
310251074 26 
846283203 15 
751205453 15 
928201530 21 
340578438 29 
722995541 27 
592027243 26 
548185778 28 
699438520 15 
920529455 24 
179184235 22 
461756135 18 
296762049 21 
691571257 28 
241731893 29 
351650752 28 
730421895 17 
999302491 19 
487814066 25 
462250789 19 
938413555 18 
858202493 18 
799537864 26 
700072190 23 
442213357 22 
556135559 26 
536147296 15 
817595187 21 
600738142 16 
222856289 17 
950978147 18 
6113709 20 
487208236 16 
16327923 22 
656503991 15 
962774098 28 
773850177 26 
976407078 15 
970948934 26 
241708811 21 
404081539 16 
999429600 25 
792226038 19 
93406145 25 
144407004 22 
105981962 26 
775223985 17 
869213786 19 
942954035 26 
186627725 27 
911439710 25 
840152768 21 
679505263 15 
609892687 26 
944152549 19 
704721113 15 
715482746 18 
978440762 22 
968859950 20 
470151311 23 
946883131 18 
227670325 27 
419119136 20 
927025608 24 
385403290 28 
457135143 25 
589449125 20 
869820014 24 
642090367 23 
69720826 27 
410264228 29 
730589288 16 
321986258 19 
279051669 26 
937745414 28 
514747294 21 
3268219 21 
449045472 21 
21489841 23 
661416440 24 
942867299 26 
407570371 19 
954132366 24 
109270878 28 
850127984 29 
998969638 22 
267223429 16 
400097720 29 
132079243 18 
850451441 15 
61193599 16 
260672750 22 
151454365 25 
411620364 16 
371144290 22 
201429224 16 
673641868 28 
947977567 20 
966750488 19 
576226703 27 
275394114 19 
465616339 16 
922551431 20 
585710793 27 
802974629 22 
894635854 19 
930934681 25 
726343295 22 
800233119 26 
317325241 26 
683008308 28 
5641882 23 
670583319 17 
575385341 17 
398920258 27 
755504896 29 
266570996 21 
220946688 19 
679749546 22 
226102683 29 
657078816 16 
820552108 29 
605260884 26 
469656657 29 
117159042 20 
284688104 21 
39390504 17 
692919564 17 
414856450 27 
857466523 16 
749856014 28 
557280691 25 
990387848 21 
261586607 29 
363179246 24 
798621742 21 
397574652 19 
379453195 18 
164323248 18 
788932709 29 
413992518 29 
112398743 29 
116343356 22 
527018048 23 
952015439 22 
130893371 16 
25174394 16 
829838247 25 
271009533 17 
191338207 26 
282406995 20 
168265858 19 
143659833 24 
960788843 17 
54624173 29 
155585721 21 
746802668 15 
567532999 26 
497337970 21 
122254388 24 
119094268 18 
927985628 26 
891169160 17 
812818651 27 
798117459 25 
323584400 21 
448324569 25 
35835543 24 
215448535 17 
79519948 28 
393167435 23 
457804622 19 
794657650 21 
203538809 24 
78218184 24 
258511593 20 
473259019 29 
377819005 17 
466310967 15 
160476497 23 
94215305 28 
665466050 18 
903401343 17 
788455532 22 
259704278 20 
87385390 25 
980199818 22 
919440420 26 
259914969 19 
186249899 16 
147455039 27 
539591776 18 
593531002 18 
157904672 18 
976669318 24 
404371720 29 
163420065 28 
957655668 16 
472693063 29 
93220355 20 
696624438 28 
540816017 17 
190708586 26 
233859899 21 
808079393 29 
892276062 16 
322455000 20 
545280663 18 
134830922 27 
169337027 20 
284925303 17 
515515903 18 
66348954 28 
693455528 22 
810426160 21 
564381531 15 
387324919 28 
30839541 17 
798566380 16 
931123347 26 
680349002 22 
946449298 17 
147511441 29 
381204368 21 
762696316 29 
26334824 22 
54291464 25 
416760376 18 
244923507 20 
955942237 21 
814638394 15 
504807028 29 
119310873 16 
128920666 16 
446054158 18 
812209197 19 
700194389 18 
727704392 20 
837484651 19 
19179849 16 
47064078 19 
372703245 23 
953353787 19 
347019186 23 
686051886 19 
262401683 25 
138027365 25 
847928654 26 
438342556 17 
926424256 22 
410368209 20 
676534279 29 
240441664 27 
69258878 20 
401039719 20 
39621571 15 
177183746 23 
690305972 15 
417339919 28 
240352876 24 
285446858 20 
938991178 15 
33740209 16 
247110121 28 
620214912 28 
613364263 27 
940900149 24 
644126242 21 
481288716 29 
686338357 29 
64920451 21 
972688127 23 
221862486 24 
767350619 27 
292368259 17 
251418728 24 
747758151 20 
407465089 21 
33426974 23 
432705605 15 
805286597 25 
405267087 19 
681328698 26 
255560318 26 
648078009 25 
685337966 26 
395406528 24 
439471355 21 
482476812 28 
331768068 23 
406424729 15 
131469733 15 
541376164 20 
310737722 22 
887576235 28 
773692002 23 
709383787 24 
127160313 20 
102369248 21 
692525851 19 
711763784 17 
670885159 23 
390517023 20 
310870457 27 
941255714 16 
633747117 18 
996224847 20 
461051426 26 
421337571 26 
825190516 20 
677802330 15 
670728256 17 
22187890 28 
470187619 28 
600864295 29 
862116857 16 
267157431 16 
820893793 26 
886627998 28 
387896631 16 
715170202 17 
329009240 16 
679044007 29 
663319521 21 
720596483 16 
448644655 19 
302175786 21 
605776351 24 
350492122 26 
172035022 17 
709865231 16 
372650777 27 
942940167 23 
948344093 17 
378369342 16 
786723702 25 
250820978 22 
667710467 23 
722454432 27 
390334689 27 
864592644 15 
930060907 22 
474296091 15 
258574143 21 
262737315 27 
973473338 27 
644232344 16 
606638713 25 
233018424 27 
378600793 27 
93474048 29 
883234423 27 
814954924 25 
414670768 22 
884374841 18 
139754273 22 
688202469 23 
437597991 24 
619007021 17 
391747679 18 
215973581 16 
148773287 24 
752644290 29 
951303706 15 
452332107 23 
972146454 25 
797395426 28 
207390776 17 
593704006 17 
638031198 23 
299956852 21 
174508707 25 
993830312 27 
648799845 29 
558181216 16 
244178241 21 
243013464 21 
829204501 28 
994139022 28 
719170556 27 
242271294 15 
308668500 26 
591412710 21 
669400763 23 
328636226 24 
344834316 18 
326203727 21 
159465830 19 
798400332 21 
351903268 17 
898742964 21 
641620452 25 
876842820 24 
290504580 23 
437461754 26 
612723231 24 
535470610 20 
411130644 24 
119898890 19 
59629566 18 
490335902 17 
895899836 22 
34909132 29 
505733993 20 
857047504 17 
432808548 15 
757630504 28 
981746760 15 
843933841 23 
514200052 29 
28083463 23 
189826691 23 
377415111 28 
722255188 28 
207149903 16 
102959619 22 
356064860 15 
301384300 19 
89383914 19 
209113774 23 
917142838 21 
753461540 21 
629608382 28 
967715437 21 
396032319 20 
425434469 26 
664009141 21 
125732649 18 
861063005 26 
46069013 18 
470572214 21 
355920072 20 
492037242 15 
188379166 18 
352970664 16 
179747636 27 
380240765 22 
197503078 28 
84580725 24 
483923539 26 
211384654 24 
881572823 15 
403531012 29 
163504143 24 
590915285 29 
680132184 22 
697474365 17 
923344462 18 
993401594 15 
479735760 29 
248155400 28 
71824634 20 
508441765 18 
78414377 20 
276407629 18 
563159034 20 
455122110 27 
649723722 26 
582622452 20 
648861494 25 
832219181 25 
571345179 17 
176524005 28 
168341142 19 
916259802 18 
903483268 24 
219282953 28 
171630082 26 
308184237 19 
793802349 27 
942076230 28 
920578402 18 
928991119 17 
359270846 28 
62399365 29 
957654686 17 
907381094 22 
571073375 17 
430192047 28 
792470430 21 
229968156 18 
368840504 17 
483371178 23 
378693195 20 
241037207 21 
949728562 21 
543977312 24 
330756747 28 
518189505 28 
173886771 25 
228429495 26 
253461575 17 
874664064 20 
159022884 17 
449094041 27 
473341800 20 
211886782 27 
4919534 18 
888038125 27 
578976212 24 
775358306 27 
712059511 18 
428566427 16 
170336629 29 
157574996 22 
90066345 29 
197814922 29 
279341617 26 
302538108 23 
603399275 25 
523927716 29 
671821810 22 
649422530 16 
686309540 24 
856529616 23 
399668895 27 
848395790 25 
51079742 17 
567590390 18 
394441248 28 
95877704 17 
814081824 28 
918122239 27 
502128221 21 
600652888 15 
17389874 25 
88584913 21 
674922813 29 
819771686 25 
310378588 28 
507250773 25 
399396011 17 
951698330 25 
828705926 20 
774066803 21 
914712716 17 
979795613 16 
176894872 15 
786259476 17 
311205577 23 
983076117 18 
666977146 28 
858164766 24 
197041482 16 
874567660 21 
422188053 26 
76917115 26 
232412151 24 
243739656 25 
699094351 28 
322968849 20 
129550520 20 
556798035 19 
531033361 21 
396310986 28 
553456502 24 
543522227 20 
437396292 22 
121236620 22 
673466391 23 
262670610 24 
2570190 21 
673451585 20 
258678917 17 
338072407 18 
315838105 25 
368912848 26 
533559974 24 
360761706 20 
371960715 25 
303183393 24 
663376996 16 
168655923 25 
505854094 22 
860062236 15 
598933926 28 
771389081 24 
940473737 18 
752437417 16 
802886739 29 
757262215 20 
527981155 25 
212482736 29 
976708693 27 
753997794 17 
10771206 17 
75251993 19 
259766675 25 
96626835 27 
796668761 15 
792854732 28 
714116597 22 
18129538 20 
715604804 22 
31298737 22 
824805219 23 
299234455 23 
308034735 25 
994731441 18 
270490053 17 
483942843 23 
370378114 19 
39471282 24 
129366275 18 
895872212 17 
376416165 28 
458697885 25 
718446342 20 
302703307 24 
326746881 19 
933248603 26 
806301620 21 
35848329 23 
856462204 19 
515872979 17 
129238774 16 
770038005 17 
399116031 17 
909539052 22 
146863285 23 
550978806 27 
243156339 22 
781934480 18 
977258199 18 
657097590 29 
852592318 29 
889064870 24 
195435333 24 
616814940 29 
742534346 26 
955312661 29 
489402344 25 
288204688 22 
857384317 16 
913024455 23 
195931303 24 
202174201 24 
402596033 20 
552329123 18 
20546921 29 
274251905 16 
57891965 20 
532671121 17 
841348632 25 
224558863 24 
144924825 24 
588845433 24 
700492955 29 
71222668 27 
828259580 27 
934365507 28 
238599386 29 
943205598 23 
299713424 21 
68075224 28 
417550525 17 
487945710 15 
229690940 19 
904248094 25 
579551276 16 
509583780 24 
949595880 26 
678637310 22 
620635407 17 
162353896 17 
686092156 23 
299049824 25 
132199758 25 
916560035 15 
701617121 28 
361952557 20 
368797905 15 
562502587 25 
438422525 25 
733349195 22 
565493120 19 
994393370 27 
163622841 28 
124254884 21 
979292996 23 
740970918 19 
301054206 26 
917856799 29 
912503299 21 
993966665 24 
259513266 18 
772157603 27 
885879719 24 
445685738 22 
797175742 18 
320427290 23 
317861398 23 
904362865 19 
953003275 15 
528670315 21 
356153146 22 
449289157 15 
268659584 15 
163547006 15 
827410169 19 
208172496 28 
814285060 24 
231324987 19 
778760509 22 
11418233 26 
75384193 28 
561358986 29 
393086957 16 
395542696 24 
179555550 16 
622936659 23 
186537201 24 
427634501 18 
205546755 22 
408979326 23 
290317361 22 
274243897 21 
674007512 27 
771376371 26 
41839508 27 
838655850 28 
241011012 15 
39615386 27 
458231556 19 
94358209 25 
46097202 23 
