1000
959668315 17 
173599849 18 
452866086 16 
984874375 15 
346061855 21 
440851881 22 
224960642 16 
176079916 16 
656766412 21 
283466925 25 
20353211 27 
691728649 20 
772055116 17 
459468637 21 
206618043 15 
987058694 25 
621275781 22 
787193761 15 
812760680 25 
993799948 25 
126264161 18 
897813346 16 
762713004 25 
343498753 23 
772791239 28 
655880326 26 
140046958 16 
912387279 18 
938941598 25 
781597943 29 
5730198 22 
350518108 24 
164888784 19 
71279771 29 
795887627 23 
824785298 25 
248139076 23 
362893148 28 
698229943 18 
582130007 22 
591502050 24 
361930017 21 
335643265 23 
251097749 20 
877645970 16 
7424465 23 
818714705 25 
256437555 17 
10704700 29 
143662422 20 
592959759 21 
995181849 27 
779030472 27 
331521943 21 
383242147 26 
806631471 19 
119337246 23 
602079356 21 
410470134 27 
896950365 27 
666819623 23 
666215917 26 
860235246 18 
855620491 24 
959697353 23 
550159314 25 
442028404 17 
2646945 20 
677052653 22 
543612435 23 
702220401 21 
253530247 22 
401752700 21 
424840857 28 
578529739 16 
640474149 27 
181918044 20 
60840266 15 
36683372 21 
83721827 17 
167255671 17 
455942671 26 
948550970 17 
197449002 15 
304549555 29 
664890577 25 
283845919 22 
234742368 19 
91544314 20 
677097334 19 
360131842 24 
244164079 23 
39542323 28 
674052071 22 
7564234 20 
728949181 28 
201820486 20 
549863949 16 
584578657 15 
658214836 17 
461735194 20 
508912591 24 
588188078 21 
893552059 24 
392133785 17 
962585364 22 
115331737 23 
862677433 20 
685435050 16 
742280134 19 
190782986 24 
360475032 26 
982426677 22 
329580492 28 
137485545 22 
197132095 16 
777258019 24 
20450574 24 
963958302 17 
419940502 26 
821604186 23 
71801204 18 
327484562 25 
99750789 26 
825071299 20 
436070118 21 
96134443 19 
716777972 26 
802191686 22 
459167564 20 
713793234 26 
287874507 16 
515539916 19 
855225998 15 
723048048 17 
894823154 17 
768542523 21 
524290196 20 
224192235 27 
941560657 18 
279662205 27 
700063046 29 
120493869 18 
976564433 20 
567375992 24 
985572493 29 
134745628 21 
374018904 18 
318796310 24 
422087759 19 
69769890 21 
800823503 21 
848095805 28 
327160438 27 
826927014 17 
965469471 25 
36810199 17 
870931176 16 
443299343 15 
891152942 18 
188791755 25 
206388111 24 
973298887 18 
343754214 26 
401094913 24 
559001681 27 
279027893 28 
476873262 22 
702446689 22 
535680280 21 
287224001 18 
801719021 16 
208211155 24 
699960267 26 
131829203 26 
29683213 21 
297343295 16 
593788498 16 
649715923 15 
362219893 22 
731890317 26 
368509077 23 
345956521 19 
830822669 19 
743467941 27 
98282619 24 
125425726 24 
45027005 20 
683643759 24 
403534830 27 
524378232 19 
813909613 28 
764730580 25 
985542870 20 
109336640 22 
973043205 24 
981202618 24 
216737561 17 
10591359 23 
650813805 23 
146907659 16 
827187872 21 
972407323 20 
300020878 25 
202256301 26 
267874643 23 
468498942 25 
422538574 18 
758344330 26 
813920538 25 
703990030 17 
476072854 27 
617454984 25 
728584670 17 
840515125 19 
970292559 27 
92138385 22 
313456517 28 
711139929 17 
159129695 26 
147520908 15 
57799673 15 
692886628 19 
314144432 15 
286057056 20 
529305888 22 
608500541 25 
345709608 21 
686136055 17 
792173796 25 
137202636 21 
648883377 20 
806794808 22 
640165164 24 
119982329 17 
373770290 29 
187892491 27 
37094879 22 
203950508 25 
350643858 21 
855374936 17 
780514535 17 
541179597 21 
792171963 23 
644295943 27 
183036459 15 
78494020 23 
245342100 28 
468815361 20 
936422291 16 
144405497 25 
25454085 21 
73198124 23 
774110983 16 
912466389 22 
624095990 21 
8397425 22 
506318959 29 
679111102 26 
960329295 27 
964843961 21 
945067955 17 
403701405 25 
521436664 21 
719622890 15 
172417724 17 
586850139 22 
620257754 18 
152876269 28 
397923696 15 
154473182 19 
532271579 23 
425692331 18 
151795640 21 
883443728 29 
89062884 21 
983782667 22 
463104381 21 
864809432 26 
178760158 26 
251027188 20 
587759781 17 
488318749 26 
948546479 17 
228640592 20 
990142745 22 
513343689 28 
997956417 17 
662958854 19 
222791874 20 
295295939 19 
38724218 16 
282261758 19 
794739079 26 
859518707 23 
314018116 17 
386227232 24 
970685263 16 
162896705 21 
223656326 15 
416027988 17 
472892420 23 
407081365 25 
163000616 15 
570005378 18 
85500813 20 
497379031 23 
452358673 28 
781670290 19 
740917714 24 
857653743 18 
723673643 23 
133855340 26 
98788539 28 
862297029 16 
503082333 24 
163040504 25 
36055600 24 
163400514 29 
485916559 19 
532432415 19 
156237849 25 
617971532 28 
898313385 16 
881175751 27 
929524318 28 
62767308 19 
211724436 15 
219591129 29 
317724391 26 
789974187 17 
110755126 20 
123201086 23 
285821340 28 
447740367 16 
438184056 23 
372309212 25 
616790630 21 
907964706 22 
89521730 20 
550232733 19 
723568939 23 
141120395 20 
51550333 18 
847714408 23 
16215509 27 
780771825 15 
895784207 20 
241089828 19 
448201802 21 
97233214 16 
623539682 21 
174203835 15 
231252084 20 
705587801 16 
816447197 25 
614633236 27 
104614457 24 
844733994 20 
312052199 26 
208938007 16 
627225475 16 
843322265 17 
730601194 24 
187584940 23 
641692217 15 
326673806 29 
661673933 21 
139442363 21 
579276867 17 
809489649 15 
86197880 28 
144046124 15 
593735049 24 
290611882 28 
989030610 21 
443620583 19 
975781874 27 
766532001 17 
197941957 29 
306882517 18 
994579304 27 
629968575 25 
424920121 25 
274335708 23 
595089363 20 
606868714 21 
162464020 22 
10003941 22 
428184857 19 
912514827 28 
16677183 27 
744636121 23 
409864483 24 
32391179 22 
86014114 23 
683583390 29 
564390873 28 
469541072 16 
725662501 15 
893063966 28 
517538083 27 
935486020 16 
527174833 19 
86560831 18 
21590250 27 
341350734 27 
879115052 23 
506731499 20 
403147028 26 
989512917 27 
230327424 15 
980965641 18 
907525003 19 
239185347 22 
816218259 27 
331502209 22 
501941813 16 
117715199 20 
422230863 27 
247607099 15 
597671164 23 
815170929 28 
655694490 29 
165861406 29 
876155847 19 
440436225 23 
285169246 17 
622209556 16 
323833981 17 
229824919 23 
617146498 20 
865445381 17 
653297928 17 
856804635 21 
48095470 22 
121856727 26 
44649295 17 
329931637 16 
513847178 16 
864611187 26 
359016762 22 
404308365 17 
429147710 28 
543803585 25 
527714481 19 
777269323 16 
380993778 16 
431316393 29 
674728348 17 
843738776 22 
620393358 19 
498877716 27 
209440227 20 
368991578 20 
107827706 16 
218789352 26 
887467887 19 
850649467 26 
339872286 27 
359267599 19 
28196902 28 
974505953 25 
774690786 25 
352183151 24 
279100913 20 
720733046 26 
647296815 19 
970494962 29 
491910329 20 
146385696 28 
307742699 19 
102417279 28 
893712996 17 
946061257 27 
501466112 22 
530992381 23 
818822363 23 
389942872 25 
950635348 17 
85161302 27 
378057735 25 
348968885 28 
476818385 29 
373811569 16 
933764559 19 
256958152 26 
809283934 22 
621918262 23 
216346650 29 
883545209 21 
629183970 28 
674030221 27 
408621266 28 
337760176 21 
747323719 21 
799966558 28 
198399966 17 
686658901 25 
250775412 27 
751991185 28 
397741350 16 
12534864 20 
335041617 20 
320858638 21 
604460690 28 
313543049 25 
584876998 19 
845206461 23 
366831626 27 
871640040 22 
499299771 18 
636859271 28 
662186358 17 
302211158 17 
211101208 28 
846601810 23 
222706878 19 
870165945 19 
591288005 28 
192840456 25 
141098954 25 
122846971 24 
885071274 21 
870316687 25 
455254146 24 
794085122 22 
619931312 23 
992714705 22 
413222095 29 
351014584 24 
57096637 17 
54551476 24 
437657239 27 
852116227 18 
83968698 28 
747658530 27 
137384900 23 
380961997 16 
77942160 26 
280945410 27 
267143228 24 
684116733 22 
686744613 16 
218536507 20 
748936169 27 
826638459 29 
602514531 27 
260278199 20 
429717169 27 
172355119 25 
905175601 17 
626735709 17 
307784318 22 
22051585 26 
374435190 20 
364803861 27 
835977527 15 
624076249 20 
624752156 19 
112279239 22 
312341188 20 
336668575 20 
258594314 24 
71367771 18 
620575501 27 
69032251 27 
636953896 23 
519622330 26 
429855225 20 
773413269 27 
456773470 24 
421834442 29 
205721458 15 
107935637 24 
927288980 28 
389867380 26 
586158944 17 
31945764 28 
872153266 20 
871128481 26 
518502825 18 
136926248 17 
371461024 20 
44484663 27 
938191926 25 
421563018 15 
305563462 20 
82054176 23 
687531247 27 
877924403 29 
163527565 27 
146482242 20 
420900284 23 
654765066 15 
830316123 19 
34744199 15 
555702918 24 
980636406 16 
643338138 18 
990956245 27 
276272947 22 
85829601 17 
955174704 22 
927565590 26 
766355373 23 
718466482 21 
86947591 28 
958820145 29 
627384282 23 
210644817 24 
226739973 21 
349523470 17 
926737828 29 
9779621 25 
750046996 29 
180346517 25 
139030258 20 
286490008 22 
594730267 26 
475629998 25 
570415019 16 
432031761 15 
470690049 26 
826498113 29 
908703673 21 
122896377 26 
433420976 15 
6211894 18 
270006531 19 
512925238 19 
16278031 24 
402256245 16 
555328881 17 
602500017 24 
548160774 22 
529444326 24 
400285931 25 
24931154 26 
957734781 19 
729518450 15 
834063705 19 
788460546 18 
982806364 22 
999911167 26 
375906979 26 
94672551 19 
511639179 27 
55914870 29 
693393074 20 
53072426 26 
176220403 17 
873366976 21 
252594028 23 
909201268 27 
225625722 20 
152097987 29 
202943162 21 
399418732 25 
127213321 21 
595043177 26 
347144325 20 
959301369 20 
231223945 29 
500552345 17 
144217779 17 
588131589 17 
599729376 18 
835112251 25 
144962349 22 
737474167 17 
344665080 16 
664173622 28 
367048156 16 
730501687 19 
629300663 15 
943241332 25 
11005607 19 
991216940 27 
854010375 26 
415171292 23 
623633781 18 
272729152 24 
823438031 17 
934989910 28 
232775216 23 
565851738 24 
235444727 18 
76474314 15 
427584191 17 
22052962 15 
838482278 17 
701751328 23 
140599050 15 
404486977 19 
301448454 29 
673793088 19 
493318905 18 
141046237 15 
221006014 23 
116116755 16 
657817204 19 
463900959 17 
76703862 18 
896506239 15 
942481763 28 
219477999 18 
714560534 26 
852834925 29 
123049390 27 
891779382 27 
289368967 15 
358759110 22 
430751549 29 
882698714 16 
826606255 15 
927432560 18 
36730360 28 
864560837 21 
83936119 23 
987706709 23 
517736904 19 
208072925 17 
872579527 25 
769318236 27 
358222995 16 
593321740 15 
68786056 16 
669106796 18 
371586627 20 
957061689 17 
657927328 27 
713100655 17 
780655806 23 
924045644 16 
32476409 28 
941805900 16 
453990894 29 
924195116 17 
456648826 27 
251382507 20 
801374137 22 
285246147 29 
865744650 22 
16676148 28 
128080905 15 
919736056 18 
210367123 15 
824884495 27 
604055749 16 
817939635 28 
747483388 15 
984179044 25 
842674133 29 
155185884 24 
132972077 29 
489806107 29 
488240929 17 
427687516 23 
531577357 27 
117522716 18 
414631056 19 
48081945 24 
771003526 23 
125465167 20 
733007884 24 
971053820 22 
724322175 24 
784813468 23 
192718717 28 
957212653 18 
418867937 24 
712125420 22 
983382217 28 
148131797 15 
351102610 18 
111841317 28 
932862937 28 
641052570 24 
863897211 26 
679894321 27 
615571605 17 
96954918 17 
215441028 25 
579599350 18 
255443173 24 
117616735 22 
55107222 15 
937520478 22 
541600434 26 
979663151 27 
531591319 17 
177635920 17 
45819362 21 
975942525 21 
90623601 17 
669869491 17 
747177567 25 
533970480 19 
384446986 17 
815831665 26 
122277903 15 
852626994 23 
441589068 25 
39979889 28 
911859932 25 
979110506 18 
869473821 20 
628991899 25 
541675181 18 
948530112 19 
288951911 22 
76152791 18 
670758761 23 
884312860 22 
729128465 29 
100369165 21 
339073274 21 
596135270 17 
338647299 29 
247007269 21 
80300871 16 
495185286 17 
264279333 19 
962929671 24 
85167160 15 
250657893 26 
113169503 25 
943473052 22 
834341813 20 
158873833 15 
11220633 16 
805972426 16 
669889446 17 
380823035 16 
596858299 16 
356557178 19 
466323443 16 
95502980 29 
284420525 20 
108999061 24 
881372293 16 
489151850 19 
997706839 27 
98447617 20 
463938882 22 
398721431 19 
715737505 15 
767485096 24 
803610643 25 
615514609 22 
920136564 20 
208054128 29 
92098784 22 
374973282 16 
790314422 17 
102173763 25 
557382034 22 
826887377 17 
863254097 26 
911581192 23 
836142095 25 
553681701 24 
264335147 21 
153797543 15 
712715329 23 
88507720 16 
118446638 19 
601613831 23 
572769295 26 
645422113 26 
889279809 15 
96375826 15 
853967200 29 
443302552 29 
439209035 26 
393794735 28 
873802782 17 
849195413 16 
310541110 17 
166962886 15 
232811568 20 
149980672 25 
861106153 23 
337483072 19 
637732734 29 
363899585 21 
488181324 15 
769818883 29 
362122736 29 
310111425 27 
952471111 22 
36706040 27 
436479854 28 
293829350 27 
288818626 26 
300854791 15 
20315104 26 
257743385 15 
799288485 21 
361034521 19 
999228206 26 
29685571 20 
781581016 26 
909975316 26 
555489600 27 
216286026 22 
945842243 18 
484819170 17 
93476862 19 
563635992 16 
25020623 23 
468639593 15 
360044369 19 
127785875 23 
330666082 29 
717855123 23 
849459999 17 
585896869 17 
359779557 16 
830959686 29 
855822162 23 
849909813 21 
988593217 23 
258443884 21 
329676752 24 
632618026 19 
671381084 17 
14415084 24 
639189635 27 
826659438 16 
185462048 16 
110204078 25 
770407761 26 
455019496 20 
254726772 15 
977811098 25 
793213476 29 
525133696 16 
394041407 26 
959858072 15 
88960739 25 
615523358 26 
725753963 17 
73365648 26 
110002550 18 
584189098 15 
977993439 16 
264651882 21 
645843396 20 
841333260 18 
754898307 26 
614224398 28 
548560311 24 
18024237 25 
935327807 28 
75534436 19 
502696758 15 
644418803 27 
694052091 22 
65590357 17 
534414890 28 
662573639 24 
156352415 21 
116056263 24 
740887673 19 
349404690 18 
319664659 16 
284591267 19 
688812044 23 
775116602 19 
916754495 18 
109894354 29 
370268875 17 
578131625 27 
412643340 15 
533286971 24 
777391774 25 
154734917 24 
94100320 25 
477405637 18 
24394606 22 
72126456 24 
554389541 20 
839545434 20 
247480097 28 
364917160 25 
50527809 26 
731491041 20 
798137761 16 
464504639 17 
719264158 23 
328490561 24 
170991828 25 
191243684 16 
785538082 28 
634944356 25 
629100708 21 
504226751 17 
430055351 28 
