10
91 80 80 89 73 88 73 78 84 66 64 100 81 86 92 85 78 87 72 94 104 94 88 73 
34 48 38 44 45 37 34 49 52 47 50 36 40 42 23 36 42 49 45 44 41 38 46 40 
92 75 75 86 95 75 93 88 82 86 75 82 68 104 95 87 80 72 96 80 80 73 87 74 
47 38 34 41 42 52 47 38 45 37 39 41 35 34 51 34 41 43 50 36 39 43 44 49 
78 80 99 87 80 86 75 87 90 83 89 66 91 75 89 73 99 88 91 84 73 94 84 59 
48 44 46 53 48 28 46 26 43 45 43 42 47 33 35 40 39 39 44 43 43 47 37 41 
89 84 80 89 90 77 83 83 91 83 74 84 95 88 72 88 94 81 85 84 72 76 73 85 
32 37 38 48 33 36 52 38 51 45 49 42 43 42 32 48 53 36 42 47 35 42 39 40 
88 97 59 105 86 84 82 110 76 70 83 78 75 71 67 87 87 101 94 84 94 82 79 61 
40 37 44 47 49 36 51 34 38 45 44 34 47 32 38 36 47 43 39 39 59 39 40 42 
93 82 81 73 75 80 85 80 86 84 85 95 93 73 87 76 85 84 87 76 92 93 79 76 
47 40 44 33 45 48 37 38 40 53 39 46 36 46 41 48 30 36 47 33 54 38 50 31 
82 75 83 83 69 95 76 86 100 75 94 72 75 77 70 77 84 89 90 103 68 87 85 105 
28 49 43 37 48 34 45 40 48 41 41 42 46 27 43 45 36 38 49 49 43 40 44 44 
94 77 84 84 80 97 64 99 67 85 74 87 84 91 90 100 86 91 86 68 89 71 65 87 
47 42 47 52 38 34 40 30 51 30 58 41 49 39 34 27 35 39 52 47 34 51 39 44 
92 77 82 83 76 80 71 90 72 87 75 80 76 89 90 81 78 100 97 89 90 74 83 88 
36 41 43 40 35 44 47 49 43 41 28 42 48 40 32 51 38 44 55 37 46 36 37 47 
84 86 70 86 79 88 92 82 73 90 78 68 92 68 101 81 78 85 81 79 102 93 71 93 
26 29 36 35 50 49 40 38 43 42 45 47 46 42 56 42 33 38 38 58 38 33 55 41 
