10
0 0 0 0 0 0 0 0 53 59 72 73 58 74 57 58 68 50 64 57 53 76 58 70 
29 30 19 15 21 22 22 13 23 19 19 15 18 26 21 18 28 22 21 25 19 14 25 16 
0 0 0 0 0 0 0 0 86 61 55 61 50 58 64 53 75 56 62 61 58 65 71 64 
13 19 21 25 20 18 24 21 22 26 23 19 14 21 19 24 20 27 25 16 22 20 16 25 
0 0 0 0 0 0 0 0 61 73 62 55 61 74 61 61 61 57 66 60 67 54 63 64 
22 19 20 15 19 24 28 23 27 19 19 14 20 24 16 31 18 18 21 12 20 28 23 20 
0 0 0 0 0 0 0 0 65 59 63 61 61 64 53 58 60 56 70 59 69 65 60 77 
16 21 26 29 17 28 21 16 15 22 28 22 27 21 17 24 17 24 21 19 22 16 18 13 
0 0 0 0 0 0 0 0 61 67 73 49 66 57 34 63 71 66 65 64 77 64 64 59 
20 14 32 27 20 15 26 22 15 23 26 20 18 21 25 14 23 18 20 22 21 18 15 25 
0 0 0 0 0 0 0 0 62 54 72 63 69 58 57 69 61 67 55 65 51 64 73 60 
24 23 20 26 21 27 20 27 16 19 22 31 25 21 17 17 12 22 22 17 18 15 18 20 
0 0 0 0 0 0 0 0 64 65 60 65 60 59 57 59 47 68 56 56 77 80 57 70 
21 11 18 23 25 27 25 24 18 15 21 19 27 25 29 25 26 20 19 12 24 13 16 17 
0 0 0 0 0 0 0 0 50 68 58 52 58 65 69 71 72 76 53 50 60 74 52 72 
16 25 20 29 25 14 15 19 22 16 17 16 23 24 26 18 30 22 24 18 25 20 18 18 
0 0 0 0 0 0 0 0 61 70 52 69 57 73 64 56 66 53 60 62 51 72 57 77 
17 21 25 24 25 14 17 13 25 18 25 12 28 19 21 15 27 18 19 24 24 25 21 23 
0 0 0 0 0 0 0 0 61 65 49 59 71 67 59 65 52 66 58 63 52 81 69 63 
20 20 25 23 18 21 19 32 18 24 23 15 19 18 22 19 18 23 16 27 20 19 26 15 
