10
0 0 0 0 0 0 0 0 136 128 139 133 147 124 126 110 119 148 110 119 109 101 132 119 
44 38 47 38 53 47 44 40 39 42 35 39 37 36 43 45 27 60 46 44 43 31 45 37 
0 0 0 0 0 0 0 0 130 116 126 126 134 133 118 118 124 121 135 134 121 124 109 131 
41 54 34 32 49 42 48 35 42 27 51 46 36 39 49 45 47 33 43 29 41 49 45 43 
0 0 0 0 0 0 0 0 144 127 112 115 130 126 134 143 121 117 126 125 115 145 125 95 
42 46 39 41 43 36 44 26 46 39 47 34 39 54 43 44 34 48 42 39 45 41 47 41 
0 0 0 0 0 0 0 0 102 122 131 133 125 112 132 113 154 131 117 121 121 140 130 116 
37 41 44 39 44 39 36 30 39 35 55 42 44 40 41 44 42 34 40 48 42 50 53 41 
0 0 0 0 0 0 0 0 111 124 115 135 110 125 132 130 122 112 143 118 123 124 143 133 
51 50 41 38 51 46 36 41 37 37 32 46 43 47 51 37 31 42 42 36 49 41 42 33 
0 0 0 0 0 0 0 0 121 107 116 125 130 151 128 124 136 122 122 131 126 119 122 120 
40 45 42 39 39 30 51 57 36 49 49 48 35 35 43 35 36 31 36 49 46 42 44 43 
0 0 0 0 0 0 0 0 144 113 143 115 115 140 123 143 110 130 118 132 125 111 111 127 
47 40 37 33 46 44 49 44 44 34 43 42 41 38 51 52 48 35 29 44 47 44 34 34 
0 0 0 0 0 0 0 0 113 123 111 129 136 123 160 134 126 126 116 124 124 117 123 115 
47 33 51 43 43 35 49 43 43 48 59 32 46 35 42 28 39 39 36 32 49 39 51 38 
0 0 0 0 0 0 0 0 121 123 130 128 115 147 125 119 108 141 116 134 113 131 119 130 
47 42 48 45 33 40 49 37 50 36 47 44 45 37 43 35 38 47 45 49 41 31 33 38 
0 0 0 0 0 0 0 0 114 138 129 117 106 130 141 121 132 129 134 118 118 117 119 137 
54 36 48 31 33 55 47 48 39 32 36 45 34 42 47 49 47 37 33 39 35 32 52 49 
