100
74044795
852034640
118470583
54763394
159305167
345319600
28282595
193864605
45765394
303551938
12816
923381288
441
987
83453077
470120019
7049156
848063001
815102363
177232323
193776765
372100
195440845
976393344
2550473
977659798
437396209
697853075
748804985
798933654
827900705
10816520
408412282
197940344
306226228
406876888
1157
930541891
540478115
150830874
92736
20727
604195236
954230994
6656320
60412853
985374786
915608072
7896
45765250
719631746
601529538
733729034
1346269
9227465
54730
12810
836154877
10805574
352313063
193864605
28318017
864597351
821223649
512041509
10803702
713625477
119814980
715877896
975565354
248281454
45819514
193864566
602072
821223648
63
372101
46137325
1131
866111761
940798122
79361810
4126663
28285179
601797
756367165
190243235
644322024
507544112
317811
688859133
675388048
119442816
851474830
489493586
358258709
507544125
10803977
7949738
676545919
