100
779646340
119806995
313679521
630298131
151993207
111528807
904045323
45764784
29860704
468248819
150050
3016
1576237
20985543
170878657
74049730
109178539
724443373
487762948
99483769
927485004
18454930
63301187
97568296
890077675
610455117
937120901
565459645
4124778
353069463
0
39088169
184374600
196418
369148212
641333941
974168
35422
139104
317811
150218498
33592
142133
395463843
583901719
203261308
229968
909596714
321136986
229971
28284425
330260166
305333717
305190838
231840
271213695
87801
834218178
369757390
2571145
437850768
21
974338
241810794
119835652
156678876
317811
827900705
110
630288891
39088169
87835
2553434
821244385
313679521
4126608
17480757
924223109
974105
195440845
266467293
229955
217284352
23092326
12543
35422
74049730
321405482
266075910
720
543759851
440526676
7985
120789085
502947373
119760627
313733810
66717369
548791043
74651760
