100
223128963
75025
946730394
939966391
63245986
599317129
421843351
84506084
522149438
48315634
4893
807057398
205998371
597006256
119815357
20761
28514435
583495529
610501058
759685611
376118563
755115676
228583420
10803704
906752590
476343632
119814917
262673877
974160
4113832
4791
573840345
974194
719882075
196418
971224564
753416410
119817941
807897238
332634667
886149330
119814925
17480825
313679512
4126648
991706751
902697814
698934546
20737
1575525
120789085
142133
569067142
507544125
119815357
505967888
337546699
744078558
507545997
1578109
169
63
101990143
4126375
17108661
922147839
853594230
843063684
789908007
886898513
7985
129269702
110
913631365
10803689
27698797
317811
711662497
802313694
119806995
331160282
317811
613075825
2496120
445
953273271
20295
87835
74048976
827900705
712
2692538
936200996
1864
627279857
217013945
4791
169
507544023
87843
