100
48315634
12543
534241652
12831
337374194
211230157
142154
20737
464809403
465037794
567204169
330396970
783852595
895140615
821365778
196418
144
153269062
353033194
20737
1576279
569871526
716213212
624839837
4126650
74651760
977067417
636049854
68
692458
1576237
953433
380182251
950877150
71585941
74016138
793390375
810522644
1870
794098049
653966155
300325778
417908510
33448
74048976
227474530
1813836
1578109
35422
372164
889139060
54298
10770152
131756566
276688545
440
319335810
275
45623096
7922
2553434
54353
62214179
730560647
535783386
2
28285179
372109
10803704
10573734
87843
126491972
1028458
101818263
832040
2549253
313687442
974160
74051560
170
821365778
951758373
44901331
74049690
881789797
10803977
690820153
801294124
821215728
6677081
375667947
820851549
394354059
4893
6656320
729008078
347542173
305066770
4126608
196590198
