100
892305122
528958308
0
220914390
885048110
739831926
391229316
20736
951144337
507314157
602030
860054382
10573734
38505740
233
192437949
827900705
976393377
11960748
20672
193851790
507556943
144
3026
10803689
196996232
7920
604668700
291983096
884828393
288350883
301724880
0
115066611
193864621
272
391230326
905780911
74049675
4181
659390900
773853732
29860704
921444638
935399250
17480762
13530
396335033
151049046
18695258
507544127
264230048
821223648
337235243
188718168
5702887
2550473
372099
313680677
995453814
45765225
2550408
165592688
372109
272887314
88897238
322305224
535987170
137482131
531538748
986799284
39089860
548042667
26
622132027
573770275
54264
33558
119760627
4895
88555
109632103
355740731
441441914
508085201
541313250
1571344
10803705
419984535
588137335
683703305
693058341
313680677
117264507
918680848
715514223
507314157
814374157
89356515
650841702
