100
169501319
974168
17426472
20737
461422239
318107670
74049691
87835
28271649
507539232
501303700
610383111
1576512
87841
119814916
958370362
470995537
1156
709179265
589254
93178230
507539232
39088169
9227465
10816520
193864606
121393
872894722
971144
193934493
102
81531162
24157817
715
33550
398553216
56735169
4181
958698511
87840
193776765
359333650
24
578370898
440435859
135564188
119814980
119835652
243120835
193869501
802345656
307116474
1597
10803744
490236770
226848282
306591705
798213328
960312231
296877559
208401614
226285359
17480757
1578109
720
165580141
134505763
1864
688442040
372101
194094576
230243
6677056
4124778
6677047
849296113
74044795
746537304
1220
619910329
1872
229866
229970
762954798
371931
778115140
507545997
630977880
117005204
45765216
848325991
932310080
2550418
4160200
602174
142154
862042012
87945
28271649
507510575
