100
321 929 870 473 471 119 555 41 729 135 942 225 703 105 761 1 851 73 83 379 153 419 901 165 565 176 917 875 923 481 397 171 796 801 489 689 735 986 860 590 898 272 574 465 222 798 437 5 441 337 551 256 690 559 953 948 33 173 311 921 384 463 793 356 809 457 26 725 296 183 9 987 935 276 177 396 89 927 645 241 937 206 722 229 913 178 415 200 591 169 822 125 209 361 778 317 571 6 326 246 
604 546 162 21 539 649 257 213 69 406 55 907 769 439 721 477 827 451 759 619 497 174 626 101 526 779 765 335 77 951 545 100 193 691 219 61 982 826 524 569 95 601 977 692 900 470 841 342 429 126 561 114 496 811 915 283 271 777 903 585 25 682 501 110 435 603 425 985 123 871 709 936 57 51 557 957 329 997 487 352 678 674 863 389 817 341 818 247 151 816 749 353 44 697 717 231 212 899 865 593 
100
161 511
529 319
433 959
333 261
111 831
381 39
824 736
289 357
306 320
621 506
491 17
909 713
955 741
747 589
201 461
65 751
726 155
905 217
345 376
522 475
889 895
665 129
876 11
629 856
295 902
661 156
221 919
776 961
567 853
273 313
727 189
881 908
636 97
958 731
767 756
426 732
49 109
673 940
309 835
207 991
239 681
617 671
857 637
263 877
770 87
837 949
455 233
701 154
297 493
281 249
35 992
121 350
833 845
224 537
385 635
943 847
336 852
15 175
813 711
71 628
449 60
363 754
301 115
351 655
563 127
14 7
668 653
393 81
185 278
365 696
746 199
303 702
146 999
223 182
846 651
122 615
270 447
141 117
327 79
108 533
236 291
371 462
993 677
75 825
3 195
512 431
586 757
861 480
300 409
2 113
995 443
748 293
753 137
572 418
124 227
580 374
36 59
495 366
181 172
541 994
