100
689 729 541 773 501 794 537 641 51 701 72 36 225 401 197 397 73 990 83 733 469 140 561 967 785 317 221 346 125 368 841 93 427 973 799 49 741 609 761 231 622 553 886 961 728 245 383 422 187 915 113 357 513 896 793 417 342 569 710 864 643 510 345 676 977 43 529 596 488 635 289 201 301 527 193 856 445 938 305 747 848 829 933 777 868 451 119 385 321 981 969 646 833 871 325 567 97 471 433 226 
65 216 687 1 846 369 251 267 166 577 766 705 13 25 923 386 280 483 580 265 619 271 987 373 502 426 353 257 91 229 695 105 531 953 745 189 195 851 634 232 467 281 414 87 315 593 893 571 123 238 945 657 963 175 659 790 361 161 821 826 749 680 150 543 56 897 521 717 116 366 155 816 311 751 476 429 707 453 696 314 63 341 902 545 753 637 801 721 525 713 338 931 171 546 718 320 832 601 921 77 
100
671 461
606 795
661 191
268 356
405 457
362 101
379 769
852 653
273 686
617 771
760 655
323 96
241 632
177 147
789 509
199 395
797 971
499 259
805 909
394 912
857 213
298 71
117 33
726 869
41 845
605 196
917 482
428 956
941 129
629 400
885 697
333 468
186 895
215 914
995 207
876 27
809 21
991 432
861 59
925 889
647 613
630 139
190 505
336 665
153 16
737 233
649 572
367 326
47 985
431 112
625 651
214 167
473 881
424 873
425 254
907 709
331 372
783 493
292 515
677 359
159 89
811 35
913 581
675 817
955 180
328 376
18 235
850 746
319 654
524 2
84 759
533 481
905 282
337 291
911 260
403 595
968 156
146 247
943 303
626 421
465 277
81 954
456 306
706 875
807 673
575 719
275 283
276 53
700 7
44 827
908 951
894 813
901 573
497 772
145 299
904 442
143 61
141 715
486 106
565 937
