10
27
102 171 62 645 367 665 586 506 243 398 430 276 675 255 496 574 288 497 271 441 36 543 490 298 546 432 350 
260 16 218 701 90 223 335 159 615 703 237 469 187 493 561 343 498 605 39 695 45 624 178 86 623 652 135 
160 353 284 35 82 196 582 49 528 118 103 524 357 462 293 328 191 211 419 587 622 575 177 21 306 523 428 
38 718 678 2 274 87 256 203 104 56 93 89 599 473 438 362 538 626 539 214 671 176 221 252 109 706 549 
625 633 391 383 659 534 719 169 4 210 555 257 598 70 621 236 79 101 597 544 76 572 127 431 415 409 661 
327 436 128 91 20 376 34 654 162 525 64 470 380 434 247 653 394 532 393 542 374 123 184 714 604 454 507 
616 402 126 465 190 727 423 495 281 433 392 201 22 180 710 478 145 566 143 456 19 451 115 686 508 222 312 
483 372 677 48 285 232 33 674 315 279 591 504 217 467 700 359 711 687 655 220 319 197 316 291 726 612 408 
165 322 193 410 172 698 325 596 720 84 182 174 205 333 318 185 666 452 163 682 326 51 47 554 41 31 58 
667 724 515 463 142 1 119 245 449 200 168 559 15 489 377 55 629 648 424 295 304 129 299 458 642 61 72 
406 148 527 663 641 399 568 540 259 690 613 634 457 339 150 320 106 664 592 95 244 548 65 292 403 181 265 
345 42 707 679 155 529 308 25 400 349 379 580 302 563 352 646 662 689 131 627 579 132 396 471 277 351 240 
254 656 263 173 309 590 412 313 149 199 188 657 681 417 301 107 407 696 439 113 342 447 235 40 324 239 341 
212 453 401 435 638 708 397 289 609 725 83 557 385 482 179 545 589 618 459 715 388 562 644 395 569 422 154 
585 709 229 620 494 272 307 100 208 510 183 541 227 360 418 266 164 637 269 491 530 140 556 78 564 224 215 
420 444 692 37 50 296 280 249 275 32 567 550 522 121 521 386 74 137 134 242 116 658 537 651 30 509 59 
340 24 270 14 389 501 5 346 702 472 486 332 356 167 375 366 166 426 303 105 264 117 310 705 446 694 464 
3 429 44 531 234 670 484 502 650 721 474 672 358 13 88 576 226 526 53 584 649 514 488 344 311 300 355 
122 230 365 125 578 206 54 445 120 73 371 713 9 11 297 202 161 369 99 382 608 251 411 683 607 722 450 
660 77 330 404 67 283 558 547 146 517 466 112 551 97 368 314 151 246 499 704 516 693 405 108 114 71 640 
52 716 511 476 536 94 198 647 500 378 147 361 635 684 421 60 153 141 513 381 0 228 481 571 503 691 442 
354 233 158 338 136 28 192 636 603 27 712 278 26 443 209 676 390 573 601 305 219 216 669 110 348 157 12 
69 680 294 57 80 92 10 440 334 253 347 43 213 632 699 225 98 337 533 583 124 287 553 231 611 619 595 
261 570 455 29 186 364 329 23 588 152 688 96 156 189 85 81 111 336 331 520 250 413 175 130 600 133 317 
387 75 577 139 195 448 460 282 63 384 723 17 267 519 68 268 581 673 668 518 475 697 46 416 238 370 552 
207 631 594 373 639 262 7 427 477 628 685 717 144 479 614 8 258 480 630 610 617 18 248 241 437 273 606 
461 468 321 138 485 643 492 6 286 170 425 728 204 323 487 593 602 512 505 290 66 363 560 565 535 194 414 
27
95 156 271 413 388 718 229 129 242 44 678 238 163 78 453 679 546 456 425 723 90 637 273 649 671 98 691 
580 415 513 351 667 588 443 704 504 148 309 86 289 237 91 119 36 253 322 476 358 433 264 643 282 527 600 
256 506 111 205 79 132 30 496 354 311 13 596 559 519 62 128 240 298 563 227 432 263 15 153 32 113 614 
661 387 14 405 258 58 81 648 9 330 307 286 377 624 192 33 261 151 203 393 495 74 639 135 341 200 455 
419 308 452 708 701 638 18 499 655 195 216 717 490 166 497 40 567 489 328 304 633 154 458 186 327 714 76 
488 512 666 105 383 715 8 337 353 641 46 561 626 172 426 672 595 63 485 459 510 68 479 319 299 210 215 
230 292 234 566 409 683 126 112 505 180 565 707 702 645 441 356 381 339 288 312 171 471 281 538 329 60 302 
412 178 396 118 204 83 724 705 376 474 668 145 239 522 224 104 254 710 287 26 540 693 684 533 435 634 19 
313 265 12 720 226 275 662 535 187 293 606 251 539 85 189 25 152 703 125 402 247 503 551 477 245 55 420 
389 175 45 669 179 401 709 268 469 213 555 556 280 464 165 576 543 310 536 202 297 50 255 653 87 664 4 
516 17 3 444 167 487 589 114 457 652 414 554 183 587 694 274 623 685 584 687 629 380 28 394 355 88 680 
214 35 348 334 390 160 712 553 461 528 696 56 139 294 483 621 133 109 690 194 493 320 530 346 568 115 173 
526 468 605 697 23 382 601 397 466 276 121 386 417 725 364 225 250 259 54 196 524 221 217 578 127 66 235 
7 590 572 682 270 41 5 371 59 450 158 177 688 599 92 257 509 335 449 345 597 295 618 611 344 243 34 
332 494 585 315 65 2 508 531 69 117 144 361 511 141 586 331 220 149 673 582 470 321 336 244 290 677 558 
573 150 147 168 31 340 418 277 442 209 592 541 617 408 384 197 467 201 520 544 363 451 706 16 326 283 314 
620 424 324 193 430 249 27 231 628 647 57 267 699 296 481 52 208 143 550 352 136 465 514 316 663 447 604 
658 73 107 102 439 284 262 20 84 422 374 67 366 29 134 241 692 99 577 190 427 101 406 610 49 640 636 
369 365 491 212 619 10 368 359 670 269 185 689 207 291 564 317 0 525 379 75 72 110 403 155 515 233 108 
21 711 603 318 472 676 721 123 478 362 338 411 650 440 392 410 434 549 191 360 500 431 272 460 373 659 71 
608 498 716 164 53 325 562 367 138 106 22 642 632 252 278 93 454 480 622 448 571 6 545 398 616 219 593 
169 188 131 47 646 39 609 223 64 644 94 635 631 552 612 357 518 462 407 517 343 222 198 501 303 534 48 
333 428 547 61 300 124 591 11 675 372 660 484 581 404 385 421 42 161 43 349 1 97 438 625 630 96 529 
416 583 206 436 130 199 521 613 400 137 437 727 429 674 656 615 482 142 350 726 486 523 700 170 548 579 375 
713 695 602 246 89 492 532 502 140 77 162 463 574 266 37 423 445 211 575 728 378 146 557 651 232 654 70 
228 24 594 446 627 80 176 560 38 120 305 157 306 122 301 182 507 100 475 347 542 159 473 681 285 51 370 
103 248 174 399 686 260 395 342 537 570 236 116 391 722 719 184 181 698 82 323 607 218 598 569 279 665 657 
25
122 599 415 556 64 32 133 489 387 97 43 413 45 432 285 208 551 23 562 611 507 284 462 340 147 
222 396 379 57 475 169 567 436 409 580 252 53 484 335 76 287 423 303 587 192 519 181 375 4 330 
350 80 112 610 266 235 273 552 560 565 334 346 596 582 279 244 499 46 604 207 612 561 98 550 300 
575 485 354 578 127 513 427 490 248 202 430 12 459 537 77 231 397 146 363 145 28 444 119 265 229 
191 188 125 215 19 67 199 493 468 24 601 226 123 452 356 439 195 414 528 316 79 278 588 37 153 
329 391 319 274 130 42 295 251 603 124 216 530 344 597 90 129 2 44 219 102 514 91 563 177 249 
529 1 382 296 546 184 538 230 522 203 594 360 461 106 50 6 497 26 302 68 541 250 103 247 180 
362 78 176 38 472 21 543 31 254 150 174 368 228 275 69 431 157 349 440 171 132 479 564 426 206 
88 492 255 18 83 496 30 428 322 474 25 89 339 607 198 116 494 557 448 149 605 309 107 321 268 
372 298 527 85 179 27 586 257 271 508 570 114 214 262 442 290 438 416 178 393 182 364 453 385 269 
29 276 598 54 616 104 49 58 277 165 155 470 270 531 467 585 501 236 447 581 390 355 449 48 441 
617 118 263 218 571 478 217 574 573 33 517 314 36 407 261 576 194 313 148 455 74 395 154 40 159 
136 526 613 618 115 518 62 288 117 281 70 282 619 545 205 11 328 111 72 170 10 212 326 378 237 
9 482 317 410 242 367 17 105 600 142 534 232 304 94 388 173 301 532 332 223 466 506 109 240 515 
20 190 624 60 569 39 337 41 209 524 15 488 128 433 623 401 486 307 450 135 233 343 183 358 152 
553 454 418 239 622 63 463 353 548 189 253 113 589 71 241 403 193 0 140 425 336 406 331 175 516 
86 291 483 456 608 243 373 502 394 131 405 227 568 144 511 549 458 376 310 259 402 318 504 323 99 
306 437 424 572 51 196 422 417 7 238 84 14 162 584 620 315 583 361 460 161 100 555 56 389 34 
525 351 220 577 512 509 325 338 498 200 211 544 137 477 3 434 400 52 197 591 421 451 465 246 473 
126 201 457 61 429 185 141 120 464 411 101 59 22 258 476 256 559 187 172 371 167 533 342 143 365 
213 420 491 108 590 398 65 324 245 505 305 593 210 419 480 294 520 381 221 542 408 412 82 75 5 
374 369 35 280 352 547 312 535 521 558 487 121 292 446 293 392 606 234 540 92 283 160 297 13 87 
186 264 95 158 510 345 602 320 164 204 503 96 47 523 536 286 357 443 495 138 614 267 166 333 260 
134 272 592 380 110 311 66 341 73 370 8 299 139 225 16 579 384 469 224 621 168 386 327 163 399 
156 366 554 435 359 55 500 609 539 347 445 595 481 404 81 93 566 308 383 348 289 377 471 615 151 
27
585 452 514 150 50 564 143 626 645 191 278 126 498 47 456 589 297 593 89 655 241 381 600 263 533 74 580 
211 84 616 254 612 42 726 407 233 527 207 693 684 76 560 133 634 614 28 33 182 699 537 471 215 664 425 
315 178 336 69 711 270 110 262 353 43 559 323 401 489 99 429 115 87 160 482 64 394 637 245 521 576 146 
206 639 356 445 396 276 413 442 6 135 673 632 660 284 511 105 540 687 400 351 309 52 720 88 716 698 73 
67 302 348 509 451 728 209 461 713 63 529 116 186 532 586 214 436 435 40 224 350 552 570 7 173 392 644 
331 688 398 649 658 164 629 90 582 212 719 717 221 652 123 34 494 575 375 727 468 497 546 289 359 430 709 
26 45 438 674 622 256 341 617 300 291 597 279 513 335 661 106 706 277 102 621 169 535 100 38 137 290 295 
117 686 463 9 507 265 595 390 434 13 258 81 667 418 561 333 165 294 304 522 502 317 216 65 656 200 592 
343 272 714 541 145 321 248 534 607 194 151 319 360 703 694 59 251 61 707 676 399 112 365 238 722 446 635 
19 23 638 226 648 282 205 22 536 604 428 128 723 79 393 562 538 556 217 611 352 683 605 163 354 508 679 
281 397 208 303 423 109 387 695 296 640 553 275 701 501 391 469 3 689 113 54 486 725 261 101 152 577 417 
558 557 594 153 427 443 609 421 523 496 92 419 93 324 68 602 420 412 75 455 548 606 129 210 44 285 544 
328 665 675 659 696 326 432 568 183 107 114 411 237 199 267 642 579 172 342 682 460 439 702 708 549 525 657 
196 338 481 464 86 691 148 662 305 480 373 95 474 307 573 408 448 382 493 370 201 235 372 414 528 71 510 
518 599 426 383 705 288 543 409 500 334 651 520 250 36 385 322 66 204 229 55 156 587 56 8 167 161 32 
108 228 49 247 346 472 647 378 447 240 301 349 572 588 243 361 80 670 710 610 198 220 157 476 27 504 563 
516 704 554 30 364 627 457 475 188 57 177 583 440 591 193 467 669 166 16 367 721 249 244 459 70 671 219 
118 574 503 368 131 139 484 545 78 519 531 539 551 223 615 654 308 130 515 524 406 58 327 362 596 24 286 
269 46 590 168 287 650 253 643 666 231 181 369 149 405 624 4 227 257 293 35 366 625 395 653 454 512 266 
25 663 62 292 39 225 121 5 410 48 299 499 318 422 51 450 202 134 483 82 685 158 466 230 646 184 565 
402 122 491 142 280 260 487 236 185 162 495 132 462 441 403 569 192 337 444 316 633 371 37 416 628 490 259 
203 77 329 379 619 103 234 355 20 94 18 433 465 718 325 311 264 155 581 697 85 176 330 668 488 492 53 
41 10 312 542 712 127 1 345 197 91 357 124 477 189 437 306 159 630 608 195 517 242 384 618 246 222 672 
120 377 273 623 344 154 415 458 603 298 571 555 314 11 21 170 83 677 388 31 271 641 175 96 29 255 505 
601 431 144 678 125 190 681 578 213 187 347 218 310 613 547 424 363 376 119 283 566 473 179 14 274 530 98 
358 232 485 136 724 180 239 138 449 478 567 340 17 339 479 2 380 506 620 404 171 111 692 15 680 598 715 
60 104 268 453 690 374 141 332 550 700 0 72 252 526 313 389 584 470 386 320 12 174 147 97 140 631 636 
25
258 170 574 439 295 333 279 84 11 239 164 336 457 266 565 542 218 617 247 190 231 80 492 466 304 
590 303 108 174 524 521 156 316 365 580 391 161 367 446 191 613 343 406 263 358 219 8 155 438 6 
420 470 64 124 26 228 3 408 277 388 483 269 335 501 320 82 185 624 242 538 451 89 131 318 154 
499 54 261 383 328 217 83 78 359 145 502 476 507 401 576 229 558 184 139 575 556 421 458 513 215 
243 270 491 481 608 299 240 562 475 50 202 606 373 74 86 459 467 371 221 460 173 587 593 361 477 
147 4 37 583 30 577 399 515 60 344 619 216 363 201 445 150 532 75 227 431 5 42 140 310 79 
273 255 45 355 313 426 518 326 366 454 616 398 224 323 90 591 465 571 81 149 105 579 433 290 554 
38 434 214 36 384 403 337 376 567 292 88 548 29 281 181 494 325 410 424 56 286 308 553 334 104 
582 415 468 362 622 315 175 41 193 356 0 208 437 381 440 514 528 49 533 449 566 331 602 297 70 
598 453 192 485 402 48 540 595 58 620 293 168 309 282 623 35 505 188 7 603 51 59 393 557 496 
71 427 372 253 594 456 44 157 182 274 176 600 423 151 109 114 516 13 327 469 414 133 14 429 448 
125 539 400 585 2 511 610 245 21 375 19 452 319 572 321 264 123 196 163 404 162 390 537 329 17 
486 115 599 107 234 25 332 405 526 392 386 596 294 199 479 435 360 166 545 489 67 322 10 573 581 
47 138 338 238 95 53 122 244 296 307 169 172 374 118 194 546 62 102 96 72 484 473 289 387 132 
530 98 288 529 552 291 324 148 206 510 478 341 425 611 230 503 34 377 226 207 314 604 197 106 417 
419 77 165 517 298 92 241 586 121 413 136 225 368 210 97 389 609 409 32 618 287 186 137 91 276 
180 128 543 66 27 349 16 119 330 112 369 464 480 250 120 116 134 370 52 283 364 232 444 311 500 
488 254 531 153 22 179 443 568 93 158 129 430 146 183 211 346 340 495 200 40 306 347 20 63 203 
1 504 301 152 111 33 268 233 550 267 61 167 87 126 380 525 12 260 588 357 100 68 498 222 348 
522 584 223 345 351 251 236 382 509 578 24 385 73 544 353 143 46 285 416 213 605 159 55 23 519 
471 394 350 614 450 300 278 563 612 237 487 497 536 235 493 615 248 589 534 395 257 412 549 527 442 
39 379 523 198 555 57 561 9 76 15 205 342 305 271 560 339 220 141 559 252 259 312 249 28 462 
541 592 178 461 275 43 204 418 378 256 551 354 317 101 130 474 512 447 352 621 265 65 212 171 280 
117 99 302 463 262 94 187 246 428 432 607 506 189 597 272 547 113 195 422 177 142 209 535 110 482 
520 436 407 570 397 508 144 472 284 396 85 103 69 601 455 441 31 569 135 490 411 18 160 564 127 
27
423 133 691 280 589 489 313 259 123 62 449 387 98 2 378 576 703 477 488 460 151 7 632 283 145 588 707 
549 376 467 115 620 87 587 679 330 712 130 210 458 339 415 148 653 285 159 381 208 230 88 271 720 600 324 
578 637 353 149 417 209 96 526 517 299 573 481 346 479 55 469 695 539 65 537 619 245 118 471 570 240 310 
181 705 300 659 279 392 354 121 216 533 569 369 561 500 119 287 534 31 104 602 357 319 604 407 663 586 631 
725 512 282 337 13 556 536 306 292 496 724 490 196 618 595 239 342 398 138 309 295 508 102 541 236 657 124 
436 678 192 373 291 235 416 716 254 386 147 59 336 14 424 487 714 185 442 456 212 252 468 297 388 389 666 
558 518 708 350 33 672 545 275 565 531 116 112 575 654 559 430 521 643 290 211 497 567 175 662 134 419 224 
599 485 547 61 0 38 294 177 165 427 331 694 272 440 48 172 393 139 682 626 652 277 232 226 661 92 390 
726 182 408 634 475 157 704 329 585 289 218 325 597 108 551 562 109 511 466 193 267 598 607 506 26 260 681 
262 8 50 375 684 334 43 29 655 191 530 263 345 67 727 36 32 344 472 611 126 253 507 338 91 4 302 
86 161 93 60 638 144 501 404 372 563 516 257 303 625 364 327 276 163 564 728 447 99 106 72 314 719 75 
470 528 122 608 179 421 583 582 584 641 186 180 636 439 667 305 548 351 321 524 20 28 591 510 722 650 476 
505 204 690 256 385 10 317 665 146 371 333 579 435 498 461 709 203 492 284 651 194 361 242 616 646 380 450 
431 199 368 523 609 237 304 47 363 478 307 554 465 258 125 273 80 543 701 581 670 664 676 437 454 83 152 
382 171 110 207 141 698 538 474 315 95 169 274 718 24 400 74 673 464 243 176 482 94 710 713 22 360 617 
685 612 227 515 452 129 85 12 367 622 205 298 320 553 220 645 493 644 201 502 457 341 560 40 642 241 406 
494 132 335 613 23 412 195 51 520 250 425 64 269 370 699 522 693 158 614 42 45 405 455 17 624 453 155 
568 499 265 629 170 173 721 140 715 19 44 223 635 723 117 25 71 484 213 413 41 68 286 52 639 532 89 
188 428 1 544 391 39 37 281 187 669 546 251 374 222 202 343 550 443 247 189 84 21 352 377 128 82 403 
143 228 649 384 668 231 409 459 293 411 552 135 215 683 593 219 78 627 244 349 395 566 689 527 483 233 572 
656 316 462 107 495 101 105 633 697 11 434 397 340 197 379 255 168 318 150 422 332 153 27 592 113 288 30 
542 366 214 347 225 491 100 535 580 127 660 446 326 504 606 700 571 394 674 322 621 53 103 414 190 444 3 
261 70 6 688 229 18 167 509 383 69 640 687 5 574 402 596 441 9 111 519 359 178 73 323 365 605 647 
610 221 356 686 266 76 162 16 79 399 77 473 49 362 529 248 480 136 81 355 577 433 268 603 58 311 410 
557 677 166 540 246 692 301 66 35 164 451 296 401 63 628 328 525 590 623 97 249 217 675 445 486 429 503 
396 154 463 615 420 601 630 200 514 120 426 696 658 358 680 206 348 418 56 270 174 448 702 156 184 711 438 
264 671 57 54 142 131 308 432 114 717 238 15 706 137 198 594 160 234 183 90 555 312 278 513 46 34 648 
27
64 679 458 471 339 639 418 674 45 186 59 250 47 321 351 599 48 176 653 140 449 237 185 437 10 595 438 
66 451 114 638 52 406 310 177 685 642 341 53 286 489 576 276 425 644 417 592 213 692 309 420 257 125 523 
637 63 478 464 628 73 625 96 532 533 708 247 550 97 329 492 72 188 690 157 580 602 502 252 214 340 495 
172 346 5 98 139 684 71 88 640 246 209 366 357 277 441 239 469 373 667 610 265 710 383 299 318 131 322 
298 303 666 493 14 605 663 548 619 107 300 224 428 293 90 245 719 206 349 485 231 328 134 656 649 330 332 
721 190 171 320 611 510 461 308 87 397 575 343 335 501 111 323 28 564 348 698 283 514 165 79 539 302 95 
19 544 259 678 218 372 668 44 526 150 398 563 166 528 465 712 344 614 136 410 714 168 83 234 263 361 477 
262 488 430 635 722 189 184 205 69 113 135 702 311 483 447 207 613 198 540 235 1 593 522 108 362 479 415 
436 200 92 161 680 709 181 132 43 272 531 266 289 626 507 511 423 457 285 475 424 65 463 100 618 431 255 
222 82 6 401 432 297 38 529 720 374 568 515 305 577 243 15 669 154 496 49 567 491 622 616 281 393 706 
633 380 195 74 91 632 152 153 123 42 284 559 242 620 315 459 170 490 387 291 536 78 381 369 519 163 27 
313 280 225 504 422 582 253 331 547 647 194 481 376 12 292 650 561 646 370 232 556 391 367 167 596 534 112 
260 278 552 352 130 319 174 587 127 509 697 570 236 525 476 725 718 629 271 175 560 427 9 334 368 220 217 
700 728 445 197 419 513 104 156 497 162 306 549 400 645 665 399 414 727 631 630 244 0 110 612 326 487 126 
133 499 538 584 128 145 643 363 106 389 29 696 466 295 360 382 24 607 290 202 210 617 141 609 677 61 116 
390 512 574 662 31 565 221 275 505 403 258 46 226 50 426 557 554 57 524 707 267 178 80 480 453 269 314 
345 404 115 16 20 26 452 241 506 307 251 688 601 726 434 455 440 356 388 211 723 462 378 3 94 233 439 
641 256 33 675 486 386 508 227 392 229 350 312 316 572 201 84 558 149 407 579 394 288 682 55 588 598 337 
681 327 591 683 648 429 716 484 695 325 249 261 703 7 223 516 294 553 203 655 375 102 148 585 590 120 34 
604 238 2 342 164 11 101 615 608 333 517 636 169 444 76 627 77 686 86 518 109 230 36 443 296 571 395 
566 336 193 474 689 659 589 155 144 70 54 216 268 673 364 711 146 143 287 56 180 671 699 18 121 384 338 
658 597 416 371 705 99 581 530 704 542 664 219 208 273 67 421 446 304 212 600 652 355 701 32 724 543 274 
717 562 89 624 713 105 569 129 35 103 81 347 385 122 23 264 118 248 551 117 433 473 58 691 448 694 670 
41 93 405 196 51 192 402 119 715 40 8 191 467 324 17 412 147 527 586 75 454 450 503 159 282 657 413 
187 137 396 142 62 160 183 354 138 359 594 377 179 409 545 520 215 317 500 30 301 379 22 672 240 470 68 
651 199 546 442 555 541 158 21 687 468 621 435 494 37 634 151 537 535 408 411 676 204 85 365 456 482 124 
661 228 4 472 182 623 603 353 498 606 270 460 279 578 583 254 13 173 60 693 654 25 660 358 39 521 573 
27
578 687 1 112 525 109 382 346 573 52 433 405 76 188 381 361 561 120 265 421 672 611 702 419 637 424 408 
472 502 594 705 540 483 103 34 584 613 389 170 552 118 251 507 566 459 14 617 425 653 169 278 231 264 725 
296 680 647 257 546 260 305 208 227 533 416 506 284 400 138 440 644 357 82 601 667 333 29 689 593 707 423 
513 164 464 699 36 387 432 673 534 171 163 47 365 485 510 322 107 495 345 286 479 78 671 330 597 443 197 
167 85 360 641 244 243 297 178 272 4 320 137 417 607 236 123 145 237 710 196 37 59 524 372 359 132 658 
591 695 90 327 200 639 394 548 679 60 482 199 631 144 93 349 395 515 358 415 207 226 414 362 518 706 385 
216 136 81 321 557 722 271 429 111 3 209 256 489 106 712 445 481 376 219 324 285 391 343 351 20 364 263 
723 600 627 177 392 58 399 664 245 100 126 27 458 0 277 246 5 568 335 545 151 340 523 158 635 603 84 
354 412 290 23 572 13 574 234 556 661 512 726 139 455 697 662 180 398 128 57 646 371 465 626 522 115 496 
71 488 255 273 569 564 690 266 654 304 156 700 311 249 239 531 469 328 696 470 32 270 616 79 410 599 668 
420 562 195 418 2 64 152 688 435 235 312 473 448 192 477 292 288 390 514 553 402 143 558 225 461 456 262 
238 713 289 582 373 302 579 39 48 718 222 99 162 22 397 89 25 110 728 323 319 468 370 590 404 176 313 
147 684 133 149 326 554 275 565 492 374 96 650 383 623 301 194 250 104 633 175 204 129 102 655 259 187 230 
353 276 50 269 7 441 478 127 184 214 6 46 44 73 94 341 183 703 685 544 451 656 294 621 694 719 436 
160 677 543 267 117 380 65 49 632 55 622 610 592 559 604 92 80 396 665 606 576 595 38 649 310 678 141 
140 67 74 205 105 189 232 159 223 193 88 724 499 642 11 551 583 165 509 555 413 83 75 669 26 211 252 
108 575 663 530 114 281 537 30 550 528 618 475 307 614 325 521 368 338 409 628 153 70 567 334 504 587 233 
135 434 474 529 388 716 35 101 299 366 721 453 218 309 295 439 426 500 549 447 535 185 449 498 508 69 174 
511 493 56 652 201 17 596 42 206 536 303 527 87 437 501 487 462 717 657 463 253 86 31 54 122 640 615 
316 116 588 68 620 53 77 342 274 369 581 505 602 331 15 279 384 190 648 605 490 634 538 471 348 51 681 
337 589 517 686 608 526 98 541 467 242 452 212 28 480 344 61 497 674 486 715 375 43 624 711 291 355 254 
476 630 446 220 40 598 336 298 186 332 454 516 182 293 329 520 202 411 315 692 154 314 714 675 651 704 148 
386 198 586 12 181 287 142 532 203 33 693 629 698 124 19 146 9 62 72 701 350 134 460 643 491 45 377 
119 691 442 213 407 210 248 406 16 352 217 403 659 228 625 670 18 308 8 660 300 367 709 580 444 484 363 
229 24 609 430 720 41 130 191 63 638 10 422 241 560 97 539 378 261 519 676 161 401 173 612 150 570 157 
450 428 457 503 547 224 431 356 125 166 168 113 179 283 727 282 95 438 683 21 563 577 318 619 172 91 393 
666 494 645 379 427 121 347 131 339 708 542 571 306 585 258 636 215 682 247 280 155 317 66 240 466 268 221 
27
154 653 490 318 704 539 73 19 667 131 53 362 511 269 602 570 87 450 326 41 621 600 206 475 125 313 133 
387 225 92 157 379 83 547 191 27 218 495 656 182 662 383 532 660 85 496 59 134 489 297 237 81 232 393 
518 115 416 423 693 216 582 162 638 114 356 533 148 52 435 430 505 338 100 50 247 649 5 335 370 369 474 
706 528 616 360 366 516 336 308 343 80 372 219 572 334 700 259 671 147 715 177 472 137 536 272 441 303 592 
448 678 298 14 35 514 477 169 665 534 181 558 163 426 268 427 500 310 196 11 552 274 661 101 138 95 166 
698 524 609 418 7 469 470 265 643 273 190 150 9 428 290 716 417 717 189 401 117 402 48 664 403 400 139 
49 341 188 677 220 409 311 104 202 40 597 173 152 565 171 473 455 135 122 186 556 165 415 382 392 504 569 
549 75 433 546 38 346 197 628 103 515 329 636 13 564 355 478 320 3 396 587 284 568 91 39 207 70 557 
696 321 33 486 172 342 538 410 461 630 98 282 721 208 72 229 25 463 623 625 699 526 8 46 460 217 16 
640 462 233 652 384 0 598 187 646 203 389 305 126 591 333 708 330 525 613 255 694 96 537 15 280 327 388 
179 689 211 709 627 116 352 484 261 281 371 328 161 246 456 644 634 129 438 692 51 1 55 109 149 121 434 
464 559 575 21 577 34 571 703 77 195 123 354 10 28 615 397 691 348 452 276 378 488 668 223 29 23 560 
386 99 458 611 654 459 146 436 723 513 18 45 445 399 724 285 69 573 350 175 471 60 234 728 250 542 124 
605 36 635 683 112 468 358 264 439 301 324 345 262 590 174 42 238 214 317 132 432 642 296 454 612 510 707 
192 657 610 235 551 176 94 451 63 158 688 222 331 548 601 205 67 414 6 367 47 243 493 304 221 447 198 
2 65 289 258 140 145 159 437 43 685 377 228 718 585 142 106 242 253 170 322 385 287 639 648 614 567 127 
110 278 359 719 544 37 637 555 680 245 256 578 105 726 659 711 676 184 351 670 543 503 651 325 424 128 492 
347 299 408 697 494 607 365 361 78 295 24 302 312 319 710 275 425 695 604 622 58 675 502 519 240 84 226 
375 254 444 690 89 199 620 535 293 12 624 380 44 294 118 702 143 167 374 108 153 411 725 465 398 210 54 
529 368 541 266 130 213 257 291 476 674 193 68 406 252 185 545 440 62 679 550 419 596 57 647 599 394 669 
588 650 88 183 315 501 74 93 508 286 120 391 686 31 466 517 349 64 480 82 618 344 178 586 209 292 595 
553 608 631 26 481 309 673 574 156 619 422 102 200 363 56 684 300 589 531 279 443 251 482 32 141 248 61 
412 594 580 629 271 249 562 632 404 405 512 155 485 224 431 701 236 353 681 522 593 227 561 180 446 540 107 
720 617 86 527 239 263 215 521 283 212 705 151 90 641 204 4 30 442 113 160 603 260 306 395 20 666 467 
530 390 479 576 645 357 413 420 314 332 244 583 687 713 364 323 663 498 581 554 633 316 714 381 566 231 487 
22 97 712 164 376 584 421 307 658 168 722 506 483 119 144 457 655 194 71 136 626 339 241 340 76 523 507 
277 337 672 373 497 727 520 563 491 499 682 267 270 407 201 429 111 66 17 230 288 79 579 509 453 606 449 
25
418 344 483 315 456 394 340 200 512 552 511 182 608 465 457 482 356 5 53 449 21 593 90 277 29 
152 69 459 624 469 309 86 149 102 421 363 167 519 550 525 130 359 432 389 202 403 26 428 420 12 
287 249 197 334 93 217 254 248 431 324 507 615 501 44 212 554 440 391 528 298 505 244 87 461 36 
466 91 491 442 369 382 181 570 589 489 216 292 62 288 374 306 33 305 606 146 402 78 107 384 81 
314 195 289 63 484 303 320 38 520 497 190 150 521 187 203 39 387 55 569 176 299 201 477 40 393 
227 383 541 414 444 506 454 132 255 339 3 14 231 140 211 599 601 592 74 173 543 379 280 37 52 
242 571 168 10 460 141 557 79 186 120 196 134 362 610 207 156 285 323 503 257 548 148 175 386 220 
106 587 342 367 350 576 34 551 278 322 82 565 65 510 70 538 448 452 479 68 332 294 259 437 567 
562 139 425 330 198 470 1 151 396 375 192 371 274 127 185 329 568 434 188 236 467 131 237 161 549 
50 439 166 566 77 607 349 165 311 312 13 147 410 284 11 313 222 561 404 137 364 189 490 42 406 
180 594 370 530 225 583 178 496 51 616 365 493 352 537 155 266 617 271 542 318 194 602 405 7 291 
336 85 539 108 582 179 126 226 57 214 275 458 215 229 92 526 417 618 157 123 206 208 18 560 558 
388 302 372 47 523 80 556 447 345 213 145 260 122 534 321 572 234 239 9 598 623 381 579 354 577 
478 116 338 72 205 8 113 455 99 502 438 347 407 15 423 153 361 409 73 518 46 508 343 611 513 
341 136 331 584 177 209 301 564 22 373 273 573 0 250 20 621 464 129 604 397 580 486 83 27 56 
411 88 54 471 111 533 337 19 162 416 263 515 297 112 28 96 245 286 262 23 272 265 348 462 204 
529 614 230 481 327 426 252 435 84 366 60 453 419 240 172 119 304 235 376 392 193 516 158 58 183 
169 422 295 114 264 115 535 586 170 121 445 103 171 325 504 524 49 293 399 232 514 401 450 588 408 
258 317 101 574 443 267 398 319 531 32 125 290 233 446 609 430 243 415 600 603 532 424 494 536 355 
174 475 224 385 328 591 378 160 128 94 346 238 473 110 210 427 270 377 472 310 308 282 43 124 221 
553 163 300 281 540 117 30 159 353 575 253 118 138 517 522 191 316 480 544 41 251 35 620 476 351 
219 143 66 622 4 547 412 451 555 64 184 433 335 333 247 400 164 326 17 605 563 358 25 436 597 
360 612 45 395 368 241 509 590 76 468 276 144 228 268 61 24 463 100 546 619 499 269 154 413 559 
495 135 59 75 296 429 283 487 500 307 279 6 246 98 545 488 218 613 97 578 95 2 89 16 31 
71 527 390 492 48 596 67 357 581 474 498 199 585 595 105 223 142 256 261 485 104 133 109 380 441 
