20 74 2
62110370 197077659
338431626 48591991
281334487 90658092
431185736 134062383
445764247 286743566
220113079 127821744
491300628 337198489
184310742 43845667
175983133 187213510
291609670 314967376
357553700 273103661
141691975 344401056
484357176 9122311
418826170 89464346
217360906 317203244
207679008 157455720
122824427 393695253
344330136 478637010
76347596 485259482
329690596 289726273
14 19
3 15
7 6
17 10
8 10
16 7
2 20
9 20
4 18
3 18
6 16
4 8
19 6
17 13
15 17
7 3
1 9
14 8
9 16
2 11
12 9
5 13
11 17
20 3
10 13
7 8
1 10
8 13
12 2
19 16
14 2
15 4
3 14
19 8
4 11
6 9
4 20
10 16
11 15
11 8
14 9
20 11
14 17
15 7
16 4
18 7
13 15
8 6
10 3
17 9
6 5
12 13
6 17
2 18
4 14
16 13
17 18
13 1
7 10
3 4
20 19
4 9
2 5
10 14
18 15
20 10
18 14
10 4
1 12
16 8
19 11
13 3
14 15
12 10
