1000 1045 98
830 505
505 727
727 947
947 61
61 688
688 830
830 140
140 683
683 763
763 278
278 622
622 247
247 682
682 616
616 765
765 475
475 886
886 36
36 156
156 27
27 30
30 594
594 603
603 940
940 826
826 691
830 588
588 985
985 984
984 846
846 762
762 948
948 821
821 342
342 895
895 981
981 5
5 916
916 586
586 830
830 868
868 90
90 629
629 829
829 941
941 786
786 390
390 38
830 499
499 753
753 191
191 684
684 794
794 839
839 613
613 830
830 311
311 717
717 715
715 986
986 259
259 100
100 348
348 289
289 305
305 832
832 114
114 659
659 522
522 422
422 830
830 184
184 241
241 575
575 235
235 838
838 378
378 830
830 756
756 612
612 791
830 470
470 663
663 288
288 14
14 169
169 302
302 19
19 69
69 595
595 993
993 963
963 177
177 267
267 217
217 740
830 178
178 127
127 903
903 21
21 579
579 724
724 523
523 780
780 196
196 243
830 894
894 198
198 265
265 188
188 944
944 521
521 539
539 746
746 132
132 830
830 994
994 690
690 366
366 828
828 731
731 596
596 867
867 479
479 716
716 206
206 950
950 290
290 353
353 946
946 108
108 46
830 827
827 75
75 611
830 783
783 504
504 159
159 502
502 176
176 200
200 808
808 182
182 621
621 709
709 166
166 492
492 776
776 284
284 408
408 42
42 368
368 72
72 34
830 834
834 662
662 95
830 395
395 589
589 341
341 738
738 849
849 737
737 16
16 344
344 187
187 638
638 830
830 669
669 819
819 755
755 816
816 508
508 413
413 35
35 882
882 97
97 469
469 793
793 506
506 563
563 830
830 77
77 428
428 788
788 774
830 511
511 226
226 634
634 514
514 519
519 335
335 884
884 436
436 83
83 332
332 174
174 945
945 532
532 811
811 494
830 262
262 618
618 379
379 434
434 467
467 700
700 334
334 313
313 876
876 924
924 419
419 571
571 712
712 802
802 237
237 565
565 795
795 528
528 397
397 705
705 830
830 496
496 516
516 928
928 640
640 576
576 372
372 907
907 656
656 481
481 919
830 175
175 106
106 197
197 875
875 830
830 454
454 354
354 987
987 968
968 888
888 806
806 327
327 170
170 923
923 830
830 918
918 992
992 211
211 991
830 81
81 938
938 958
958 856
830 546
546 872
872 577
577 542
542 830
830 665
665 312
312 658
658 970
970 677
677 689
689 244
244 185
185 456
456 345
345 896
896 805
805 403
403 273
273 703
703 857
857 630
630 927
927 722
722 173
830 653
653 76
76 167
167 355
355 272
272 304
304 416
416 326
326 495
495 902
902 685
685 442
442 71
71 893
893 472
472 491
491 736
736 997
997 6
6 670
830 654
830 276
276 626
626 297
297 617
617 775
775 210
210 303
303 593
830 225
225 748
748 922
922 415
415 497
497 47
47 696
696 45
45 852
852 725
725 468
468 558
558 109
109 833
833 37
37 954
954 661
661 818
818 925
925 743
743 830
830 887
887 425
425 570
570 44
44 531
531 208
208 384
384 590
590 113
113 701
701 406
406 620
620 990
830 754
754 768
768 935
935 943
943 448
448 135
135 830
830 279
279 3
3 957
957 236
236 530
530 186
186 457
457 190
190 582
582 567
567 698
698 555
555 231
231 437
437 329
830 295
830 477
477 559
559 744
744 444
444 152
152 890
890 910
910 82
82 9
9 104
104 904
830 784
830 561
561 371
371 99
99 293
293 932
932 85
85 31
31 760
760 851
851 974
974 646
646 835
835 320
320 601
830 50
50 720
720 785
785 934
934 427
427 840
830 126
126 60
60 761
761 976
976 723
723 269
269 137
137 778
778 223
223 951
951 830
830 291
291 430
430 749
749 624
624 500
500 121
121 94
94 901
901 474
474 850
850 134
134 913
913 323
323 988
988 363
363 466
830 324
830 599
599 553
553 745
745 356
356 952
952 899
899 122
122 144
144 424
424 423
423 830
830 759
759 351
351 949
949 996
996 704
704 979
979 608
608 980
980 812
812 909
909 459
459 130
130 117
117 655
655 248
248 139
139 389
389 382
382 671
671 526
830 438
438 181
181 998
998 830
830 702
702 339
339 310
310 158
158 931
931 316
316 830
830 443
443 264
264 632
632 385
385 268
268 445
445 517
517 660
660 322
322 246
246 242
242 465
465 843
843 982
982 728
728 830
830 642
642 260
260 518
518 435
435 53
53 160
160 431
431 960
960 510
510 830
830 398
398 568
568 837
837 975
975 878
878 2
2 830
830 4
4 883
883 726
726 270
270 318
318 417
417 432
432 147
147 830
830 781
781 764
764 541
541 7
7 971
971 847
847 892
892 57
57 707
707 283
283 275
275 321
321 263
263 215
830 766
766 418
418 830
830 953
830 161
161 399
399 623
623 485
485 346
346 277
277 509
509 330
330 452
452 797
797 881
881 915
915 866
866 830
830 361
361 255
255 580
580 841
841 501
501 473
473 564
564 58
58 721
721 451
451 325
325 830
830 525
525 604
604 639
639 710
710 487
487 376
376 15
15 245
245 218
218 679
679 810
810 261
261 349
349 908
908 545
545 830
830 803
803 937
937 110
110 767
767 392
392 414
414 942
942 906
906 115
115 381
381 358
358 750
750 148
148 830
830 453
453 18
18 592
592 863
863 20
20 149
149 817
817 51
51 143
830 897
897 615
615 163
163 65
65 578
578 973
973 706
706 729
729 830
830 800
800 490
490 476
476 831
831 298
298 41
41 527
527 649
830 627
627 602
602 281
281 674
674 814
814 410
410 254
254 956
956 319
319 128
128 830
830 742
830 714
714 864
864 769
769 461
461 74
74 282
282 107
107 24
24 939
939 711
711 212
212 164
164 151
151 741
830 543
543 39
39 396
396 402
402 538
538 22
22 885
830 597
597 695
695 420
420 180
180 145
145 201
201 637
637 666
666 333
333 513
513 807
830 930
930 921
921 967
967 584
830 447
447 209
209 861
861 533
533 112
112 28
28 125
125 13
13 79
79 830
830 433
433 274
274 463
463 172
172 870
870 216
216 983
983 1
1 548
548 103
103 350
350 824
824 815
815 965
965 823
823 136
830 230
230 165
165 460
460 340
340 449
449 978
978 536
536 668
668 735
735 337
337 193
193 202
202 830
830 914
830 752
752 154
154 296
296 314
314 407
407 664
664 855
855 782
782 822
822 129
129 383
383 380
380 400
400 56
56 387
387 393
393 730
730 547
830 439
439 484
484 155
155 10
830 551
551 609
609 643
643 409
409 747
747 625
625 825
825 386
386 421
421 830
830 905
905 933
933 192
192 280
280 859
859 59
59 489
489 331
331 557
557 266
266 777
777 966
966 249
249 772
772 55
55 830
830 239
239 680
680 757
757 287
287 480
480 798
798 240
240 809
809 792
792 860
860 189
189 962
962 271
271 412
412 478
478 394
394 204
204 405
405 52
52 482
482 830
830 549
549 232
232 912
912 871
871 207
207 362
362 581
581 458
458 199
199 347
347 686
686 12
12 229
229 739
739 367
830 234
234 429
429 773
773 370
370 562
562 142
142 233
233 667
667 116
116 238
238 146
146 873
830 591
591 692
692 25
25 842
842 205
205 98
98 699
699 877
877 926
926 836
836 486
486 89
830 306
306 929
929 693
693 650
650 162
162 411
411 498
498 150
150 529
529 891
891 440
440 195
195 219
219 194
194 88
88 343
343 917
917 43
43 830
830 364
364 512
512 600
600 29
29 359
359 133
133 123
123 285
285 733
733 111
111 789
789 308
308 315
315 120
120 569
569 830
830 779
779 157
157 222
222 675
675 900
900 858
858 713
830 585
585 862
862 307
307 84
84 450
450 70
70 48
48 256
256 93
93 507
507 401
401 63
63 253
253 503
503 804
804 524
524 299
299 719
719 830
830 920
920 770
770 462
462 845
845 168
168 844
844 374
374 751
830 391
391 33
33 138
138 869
869 336
336 573
573 830
830 607
607 426
426 550
550 865
865 959
959 483
483 635
635 587
587 17
17 40
40 66
66 796
796 566
566 171
171 633
633 49
49 848
848 820
820 972
972 830
830 455
455 619
619 373
373 11
11 694
694 92
92 610
610 221
221 124
124 86
86 631
631 365
365 64
64 813
830 718
718 515
515 32
32 102
102 583
583 999
999 830
830 62
62 647
647 80
80 464
464 352
352 540
540 141
141 153
153 787
787 854
854 734
734 830
830 898
898 8
8 708
708 537
537 606
606 955
955 404
830 252
252 552
552 23
23 544
544 830
830 605
605 96
96 471
830 118
118 228
228 636
636 369
369 673
673 309
309 874
874 535
535 911
911 880
880 179
179 446
446 651
651 961
961 67
67 574
574 26
26 801
830 657
657 105
105 614
614 964
964 220
220 644
644 227
227 338
338 1000
1000 441
441 54
54 995
995 977
977 357
357 493
493 830
830 292
292 131
131 697
697 853
853 119
119 732
732 628
628 989
989 889
889 652
652 560
560 388
388 687
687 258
258 87
87 830
830 488
488 681
681 377
830 672
672 678
678 648
648 203
203 534
534 101
101 73
73 286
830 554
554 183
183 213
213 78
78 294
294 598
598 771
771 520
520 360
360 799
799 68
68 375
375 300
300 830
830 257
257 214
214 676
676 879
879 572
572 301
301 758
758 317
317 250
250 251
251 645
645 936
936 91
91 224
224 328
328 556
556 641
641 969
969 790
790 830
