1000 1008 17
228 784
784 455
455 312
312 147
147 865
865 693
693 178
178 878
878 383
383 276
276 633
633 236
236 681
681 764
764 992
992 774
774 502
502 877
877 349
349 565
565 92
92 150
150 329
329 269
269 786
786 474
474 306
306 611
611 176
176 789
789 54
54 755
755 876
876 7
7 752
752 414
414 659
659 936
936 191
191 824
824 970
970 508
508 983
983 386
386 761
761 827
827 738
738 500
500 261
261 912
912 951
951 38
38 795
795 260
260 213
213 256
256 717
717 373
373 59
59 911
911 125
125 646
646 597
597 946
946 614
614 651
651 683
683 773
773 196
196 630
630 548
548 729
729 536
536 18
18 144
144 454
454 249
249 687
687 575
575 170
170 364
364 224
224 333
333 396
396 265
265 814
814 555
555 564
228 596
596 919
919 884
884 643
643 826
826 949
949 350
350 782
782 404
404 24
24 653
653 321
321 367
367 228
228 531
531 950
950 184
184 304
304 296
296 916
916 581
581 710
710 862
862 947
947 637
637 868
868 885
885 310
310 70
70 294
294 899
899 837
837 346
346 908
908 408
408 511
511 231
231 401
401 78
78 366
366 591
591 585
585 948
948 641
641 377
377 83
83 678
678 465
465 535
535 986
986 990
990 358
358 606
606 423
423 664
664 175
175 613
613 663
663 962
962 143
143 325
325 746
228 864
864 121
121 813
813 22
22 811
811 177
177 893
893 318
318 51
51 26
26 539
539 388
388 772
772 416
416 870
870 132
132 920
920 392
392 610
610 620
620 803
803 410
410 58
58 730
730 6
6 780
780 359
359 278
278 815
815 486
486 247
247 974
974 15
15 362
362 478
478 649
649 420
420 615
615 788
788 787
787 576
576 769
769 724
724 72
72 835
835 759
759 442
442 817
817 873
873 954
954 297
297 669
669 43
43 12
12 723
723 768
768 636
636 563
563 528
528 957
957 421
421 529
529 557
557 844
844 648
648 68
68 435
435 914
914 9
9 458
458 271
271 577
577 860
860 792
792 718
228 737
737 171
171 801
801 149
149 402
402 882
882 62
62 138
138 956
956 501
501 706
706 733
733 233
233 285
285 754
754 856
856 489
489 327
327 988
988 658
658 79
79 828
828 672
672 190
190 942
942 488
488 354
354 319
319 430
430 91
91 449
449 858
858 409
409 608
608 931
931 964
964 806
806 301
301 777
777 841
841 302
302 632
632 741
741 809
809 341
341 339
339 119
119 186
186 45
45 805
805 711
228 163
163 851
851 847
847 888
888 869
869 874
874 10
10 700
700 748
748 785
785 369
369 932
932 158
158 335
335 443
443 886
886 172
172 590
590 760
760 980
980 623
623 661
661 110
110 775
775 470
470 494
494 334
334 406
406 370
370 35
35 395
395 523
523 823
823 476
476 61
61 139
139 234
234 466
466 211
211 76
76 64
64 561
561 621
621 966
966 618
618 749
749 504
504 446
446 798
798 822
822 272
272 832
832 480
480 131
131 167
167 830
830 496
496 88
88 933
933 343
343 985
985 842
842 544
544 263
263 921
921 303
303 308
308 971
971 209
209 453
453 81
81 675
675 491
491 818
818 281
281 767
767 103
103 685
685 705
705 694
694 510
510 123
123 246
246 473
473 57
57 29
29 959
959 273
273 982
982 299
299 598
598 872
872 180
180 647
647 903
903 145
145 549
549 221
221 622
622 762
762 228
228 650
650 217
217 715
715 558
558 537
537 852
852 44
44 831
831 794
794 14
14 270
270 365
365 520
520 16
16 225
225 753
753 770
770 907
907 227
227 282
282 201
201 515
515 734
734 148
148 595
595 901
901 331
331 230
230 924
924 444
444 554
554 275
275 588
588 551
551 652
652 266
266 283
283 250
250 374
374 662
662 182
182 251
251 479
479 483
483 939
939 113
113 340
340 342
342 210
210 527
527 682
682 819
819 309
309 600
600 23
23 428
428 187
187 783
783 602
602 181
181 995
995 257
257 902
902 968
968 684
228 573
573 875
875 626
626 228
228 288
288 808
808 674
674 604
604 945
945 978
978 384
384 944
944 654
654 403
403 397
397 838
838 100
100 248
248 381
381 645
645 17
17 735
735 796
796 239
239 307
307 67
67 543
543 791
791 232
232 245
245 553
553 689
689 89
89 850
850 967
967 415
415 108
108 238
238 673
673 80
80 462
462 925
925 425
228 584
584 999
999 676
676 810
810 834
834 437
437 839
839 378
378 960
960 338
338 963
963 456
456 412
412 765
765 937
937 19
19 380
380 32
32 235
235 156
156 771
771 468
468 883
883 351
351 298
298 952
952 657
657 797
797 385
385 744
744 505
505 74
74 277
277 881
881 545
545 96
96 461
461 994
994 747
747 90
90 701
701 355
355 644
644 332
332 854
854 53
53 904
904 524
524 118
118 165
165 572
572 471
471 243
243 11
11 522
522 725
725 635
635 116
116 241
241 492
492 55
55 580
580 756
756 732
732 279
279 955
955 104
104 448
448 625
625 592
592 361
361 394
394 429
429 915
915 253
253 880
880 206
206 34
34 440
440 375
375 244
244 21
21 323
323 926
926 438
438 434
434 984
984 259
259 48
48 475
475 115
115 179
179 101
101 928
928 382
228 727
727 726
726 540
540 890
890 482
482 142
142 2
2 745
745 289
289 670
670 450
450 313
313 459
459 376
376 290
290 800
800 642
642 836
836 400
400 722
722 188
188 324
324 538
538 998
998 107
107 130
130 85
228 484
484 586
586 887
887 578
578 750
750 97
97 525
525 499
499 481
481 204
204 708
708 317
317 975
975 30
30 295
295 866
866 550
550 716
716 892
892 137
137 719
719 702
702 293
293 807
807 589
589 197
197 360
360 252
252 570
570 972
972 979
979 174
174 695
228 134
134 155
155 352
352 33
33 457
457 159
159 216
216 530
530 758
758 267
267 781
781 117
117 894
894 567
567 46
46 220
220 5
5 905
905 135
135 223
223 363
363 546
546 41
41 65
65 930
930 909
909 371
371 268
268 193
193 628
628 146
146 857
857 714
714 218
218 679
679 326
326 432
432 757
757 411
411 284
284 347
347 316
316 441
441 720
720 976
976 594
594 254
254 943
943 126
126 825
825 763
763 603
603 514
514 497
497 228
228 889
889 766
766 102
102 560
560 704
704 820
820 977
977 605
605 513
513 574
574 593
593 698
698 207
207 154
154 433
433 13
13 993
993 566
566 793
793 106
106 94
94 195
195 75
75 168
168 151
151 348
348 509
509 660
660 571
571 840
840 582
582 390
390 286
286 629
629 162
162 105
105 958
958 98
98 287
287 222
222 516
516 141
141 353
353 229
229 50
50 568
568 391
391 185
185 422
422 638
638 790
790 668
668 677
677 161
161 240
240 300
300 923
923 816
816 112
112 821
821 686
686 345
345 439
439 460
460 199
199 136
136 472
472 697
697 1
1 845
845 122
122 36
36 861
861 690
690 447
447 891
891 929
929 215
215 140
140 393
393 255
255 469
469 431
431 895
895 114
114 47
47 127
127 39
39 4
4 407
407 228
228 399
399 843
843 228
228 111
111 189
189 879
879 728
728 242
242 372
372 356
356 73
73 56
56 214
214 583
583 84
84 495
495 228
228 922
922 906
906 996
996 562
562 507
507 419
419 212
212 129
129 133
133 71
71 997
997 8
8 692
692 846
846 498
498 917
917 691
228 452
452 776
776 778
778 20
20 556
556 656
656 124
124 579
579 198
198 634
634 624
624 487
487 427
427 164
164 736
736 69
69 712
712 616
616 166
166 867
867 552
552 274
274 518
518 200
200 938
938 739
739 42
42 66
66 696
696 532
532 405
405 183
183 237
237 280
280 897
897 512
512 802
802 93
93 533
533 77
77 799
799 314
314 863
863 389
389 109
109 3
3 619
619 699
699 379
379 707
707 517
517 667
667 731
731 779
779 311
311 639
639 751
751 25
25 493
493 330
330 157
157 742
742 829
829 219
219 477
477 264
264 935
935 666
666 987
987 965
965 547
547 160
160 961
961 202
202 228
228 631
631 934
934 941
941 37
37 387
387 485
485 617
617 336
336 506
506 315
315 655
655 833
833 743
743 463
463 871
871 451
451 953
953 226
226 713
713 969
969 173
173 128
128 804
804 703
703 357
357 534
534 665
665 413
413 258
258 541
541 120
120 898
898 63
63 849
849 328
328 320
320 31
31 436
436 601
601 467
467 989
989 671
671 87
87 60
60 152
152 721
721 305
305 896
896 417
417 991
991 398
398 169
169 464
464 709
709 559
559 918
918 607
607 52
52 519
519 292
292 344
344 627
627 740
740 49
49 503
503 569
569 973
973 900
900 599
599 910
910 853
853 542
542 86
86 812
812 688
688 490
490 228
228 859
859 40
40 82
82 855
855 927
927 262
262 913
913 612
612 95
95 418
418 940
940 27
27 609
609 426
426 526
526 203
203 291
291 322
322 99
99 445
445 368
368 981
981 208
208 1000
1000 587
587 153
153 28
28 848
848 680
680 640
640 521
521 192
192 194
194 424
424 337
337 205
