1000 1075 10
793 154
154 630
630 459
459 660
660 816
816 453
453 360
360 793
793 635
635 994
994 59
59 343
343 255
255 355
355 558
558 284
284 793
793 105
105 373
373 627
627 989
989 38
38 315
315 397
397 281
281 793
793 506
506 444
444 880
880 153
153 859
859 836
836 259
259 147
147 366
793 669
669 830
830 920
920 903
903 301
301 773
773 552
793 234
234 615
615 793
793 864
864 562
562 634
634 174
174 647
647 307
307 829
829 386
386 858
858 956
956 793
793 205
205 402
402 463
463 413
413 441
441 113
113 670
793 551
793 605
605 370
370 550
550 84
84 44
44 495
495 860
793 277
793 487
487 141
141 161
161 648
648 462
462 590
590 689
689 42
793 50
50 471
471 764
764 88
88 596
596 479
793 358
358 811
811 228
228 628
628 793
793 383
383 652
652 679
679 748
748 714
714 57
57 21
21 818
793 967
967 580
793 826
826 395
395 701
701 406
406 976
976 942
942 996
996 554
554 704
704 988
988 793
793 693
693 342
342 638
638 793
793 478
478 784
784 618
618 169
169 831
831 249
249 793
793 240
240 193
193 868
868 432
432 403
403 793
793 721
721 682
682 594
594 108
108 793
793 938
938 946
946 353
353 793
793 709
709 680
680 603
603 744
744 36
36 454
454 951
951 224
793 137
137 743
743 987
987 28
28 619
619 34
34 27
27 837
793 932
932 840
840 339
339 313
313 143
143 253
253 815
815 769
793 348
348 279
279 268
793 511
511 372
372 813
813 375
375 452
452 133
133 992
992 894
894 336
793 451
451 777
793 834
834 774
774 566
566 256
256 966
966 367
367 334
334 608
793 574
574 653
653 755
755 877
877 924
924 250
250 664
664 61
61 666
666 969
969 793
793 423
423 405
405 936
936 446
446 856
856 796
793 159
793 867
867 162
162 700
700 612
612 79
79 308
308 793
793 296
296 466
466 349
349 731
731 959
959 835
835 305
305 19
19 197
197 76
76 793
793 486
486 210
210 832
832 782
782 200
200 149
793 410
410 741
741 467
467 793
793 15
15 393
393 390
390 477
477 489
489 158
158 960
960 793
793 198
198 584
584 422
422 888
888 901
901 609
609 788
788 576
576 304
304 893
793 974
974 759
759 517
517 73
793 883
883 851
851 333
333 165
165 817
817 527
527 510
510 793
793 632
793 204
204 739
739 786
786 696
696 407
407 568
568 586
586 698
698 294
294 793
793 209
209 606
606 810
810 41
41 20
20 202
202 163
793 102
102 85
85 757
757 791
791 928
928 356
356 649
649 45
45 613
613 282
282 793
793 155
155 604
604 364
364 620
620 985
985 625
625 685
685 321
321 655
655 793
793 841
841 736
736 447
447 276
276 738
738 853
853 119
119 78
78 347
347 793
793 235
235 203
203 216
216 866
866 806
793 887
887 431
431 13
13 175
175 30
30 592
592 524
524 915
915 93
93 793
793 657
657 83
83 600
600 328
328 855
855 115
115 766
766 725
725 538
793 581
793 103
103 144
144 419
419 48
48 929
929 46
793 691
691 427
427 411
793 81
81 376
376 417
417 800
800 248
248 583
583 388
388 913
793 80
80 70
70 63
63 409
409 437
437 665
665 775
793 998
998 530
530 844
844 252
252 500
500 793
793 828
828 906
906 898
898 793
793 963
793 573
573 799
799 636
636 116
116 730
730 673
673 986
986 793
793 267
267 794
793 435
435 98
98 694
694 82
82 793
793 911
911 787
787 330
330 219
219 208
208 692
692 22
22 930
930 484
484 363
793 107
107 387
387 990
990 793
793 132
793 715
715 33
33 676
676 716
716 871
793 257
257 47
47 230
230 7
7 793
793 765
765 525
525 728
728 379
379 819
819 686
686 167
167 918
918 585
585 385
793 633
633 215
215 75
75 6
6 747
793 624
793 475
475 287
287 645
645 140
140 952
952 473
473 150
150 86
86 556
793 283
283 332
793 870
870 659
659 891
891 595
595 889
889 793
793 371
371 69
69 458
458 499
499 223
223 719
719 663
663 722
722 793
793 443
443 90
90 993
993 793
793 854
854 708
708 274
274 560
560 760
760 244
244 838
838 678
793 414
414 971
971 359
359 312
312 139
139 631
631 684
684 695
695 710
793 134
134 896
793 470
470 264
264 578
578 331
331 972
972 623
623 793
793 178
178 884
884 243
243 658
793 869
869 718
718 793
793 795
795 365
365 238
238 482
482 226
226 807
807 814
814 793
793 980
793 616
616 184
184 16
16 176
176 9
9 900
793 575
575 497
497 667
793 456
456 311
311 245
245 522
522 415
415 493
493 389
389 314
314 436
793 378
378 186
186 217
217 875
875 751
751 457
457 982
793 690
690 136
136 492
492 955
793 847
847 421
421 260
260 783
783 780
780 68
68 803
803 872
872 168
168 950
950 793
793 549
549 121
121 233
233 579
579 735
735 793
793 999
999 984
984 196
196 351
351 953
953 933
793 513
513 699
699 192
192 793
793 812
812 491
491 297
297 749
749 369
369 983
983 644
644 798
798 18
793 338
338 172
793 536
536 326
793 589
589 567
567 32
32 582
582 468
468 122
122 271
271 820
820 642
793 706
706 476
476 572
793 947
947 346
346 768
768 940
940 683
683 295
295 130
130 306
306 89
793 77
77 753
753 292
292 239
793 922
922 420
420 745
745 846
846 908
908 126
126 117
117 793
793 242
242 622
622 977
977 156
156 396
396 822
822 278
278 323
323 398
398 789
793 546
546 651
651 770
793 808
808 317
317 445
445 921
921 325
325 361
361 401
401 182
182 211
211 236
236 793
793 480
480 455
455 542
542 2
2 368
368 185
185 324
324 607
607 599
599 516
793 424
424 962
962 384
384 957
957 958
958 232
232 400
400 981
981 711
711 793
793 469
469 602
602 5
5 52
52 412
412 761
761 14
14 272
272 793
793 523
523 776
776 110
110 965
793 882
882 902
902 919
919 640
640 74
74 291
291 109
109 797
797 793
793 114
793 183
183 892
892 494
494 449
449 758
793 460
460 290
290 801
793 839
839 177
177 890
890 899
899 809
809 498
498 827
827 505
505 220
220 309
309 793
793 717
717 529
529 598
598 87
87 341
341 559
559 65
65 944
944 569
569 269
269 793
793 357
357 514
514 112
112 702
702 771
771 350
793 512
512 496
496 450
450 793
793 92
92 978
978 727
727 793
793 55
55 51
51 705
705 520
520 637
637 195
195 991
793 593
593 222
222 557
793 555
555 707
707 464
464 878
878 790
790 425
425 545
545 712
712 237
793 518
518 124
124 503
503 127
127 793
793 227
227 601
601 723
723 563
563 521
521 553
553 11
11 793
793 129
129 756
756 399
793 519
519 879
879 213
213 570
570 564
564 160
793 166
166 490
490 67
67 641
641 534
534 842
842 187
187 91
793 261
261 131
131 382
382 221
221 416
416 793
793 995
793 12
12 231
231 438
438 345
793 483
483 318
318 779
779 429
429 927
927 925
925 146
146 120
793 571
571 181
181 118
118 916
916 793
793 71
71 621
621 53
53 191
191 805
805 793
793 258
258 515
515 481
481 547
547 793
793 504
504 863
863 961
961 340
340 60
60 793
793 266
266 263
263 285
285 96
96 671
671 734
734 793
793 138
138 316
316 531
531 781
781 973
973 752
752 72
72 225
225 724
724 737
793 320
793 442
442 31
31 300
300 614
614 945
945 270
270 923
923 418
418 825
825 793
793 785
785 535
535 577
577 849
849 793
793 610
610 335
335 329
329 672
672 561
561 917
917 793
793 265
265 508
508 793
793 629
793 528
528 526
526 128
128 772
772 448
448 289
289 152
152 151
151 56
56 763
793 173
793 157
157 541
541 310
310 857
793 180
180 501
501 697
697 201
201 909
909 49
49 246
246 25
793 298
298 502
502 111
111 1
1 275
275 907
907 148
148 241
241 823
823 793
793 474
474 104
104 968
968 218
218 848
848 440
440 327
327 430
430 639
639 793
793 392
392 661
793 354
354 8
8 54
793 26
793 247
247 286
286 793
793 426
426 954
954 179
179 793
793 23
23 404
404 188
188 912
912 319
319 207
207 886
886 303
303 100
100 793
793 762
762 833
833 214
214 674
674 862
862 677
793 95
95 374
374 905
905 970
970 39
39 62
62 874
874 472
472 873
793 507
507 591
591 1000
1000 742
742 4
4 587
587 212
212 881
793 377
377 746
746 539
539 439
439 597
597 793
793 189
189 10
10 37
37 229
229 391
391 897
897 434
434 394
394 793
793 532
532 194
194 824
824 548
793 380
793 106
106 322
322 280
280 362
362 793
793 937
793 979
979 852
852 935
935 656
656 750
750 793
793 170
170 3
3 650
650 964
964 914
914 94
94 681
681 688
688 793
793 262
262 720
720 926
926 733
733 767
767 617
617 729
729 732
732 544
793 943
943 975
975 885
885 668
668 537
537 865
793 99
99 485
485 171
793 611
611 533
533 433
433 740
740 588
588 206
206 344
344 643
643 793
793 58
58 675
675 793
793 543
543 845
845 125
125 792
792 895
895 804
804 939
939 273
793 352
352 64
64 778
778 662
662 461
461 904
904 190
190 254
254 29
29 142
142 793
793 164
164 40
40 101
101 793
793 754
754 997
997 948
948 488
488 509
509 565
565 428
428 43
43 465
465 646
793 934
934 949
949 793
793 910
910 199
199 713
713 135
135 337
337 843
843 288
288 850
850 293
293 299
299 793
793 821
821 687
687 861
861 24
24 941
941 931
931 381
381 540
540 802
802 654
793 123
123 726
726 251
251 97
97 302
302 35
35 793
793 876
876 66
66 145
145 408
408 626
793 703
793 17
