100 100 8
86 57
57 22
86 67
67 28
28 23
23 84
84 54
54 77
77 50
50 14
14 61
61 8
8 29
29 30
30 11
11 87
87 36
36 89
89 58
58 24
24 10
10 95
95 52
52 72
72 100
100 27
27 31
31 92
92 48
48 75
75 18
18 19
19 96
96 34
34 53
53 17
86 63
63 40
40 21
21 79
79 5
5 44
44 59
59 74
74 68
68 62
62 45
45 82
82 42
42 93
93 94
94 55
55 99
99 60
60 12
12 1
1 78
78 39
39 91
91 16
16 26
26 66
66 43
43 32
32 85
85 9
9 7
7 76
76 15
15 47
47 37
37 65
65 70
70 4
4 86
86 35
86 38
38 25
25 33
33 71
71 81
81 97
97 2
2 83
83 73
73 49
49 64
64 69
69 20
20 3
3 98
98 46
46 88
88 56
56 6
6 51
51 90
90 41
41 80
80 13
