1000 1006 6
501 132
132 477
477 199
199 288
288 789
789 637
637 239
239 762
762 305
305 431
431 894
894 508
508 295
295 46
46 9
9 427
427 85
85 436
436 98
98 804
804 859
859 267
267 962
962 493
493 603
603 650
650 566
566 916
916 169
169 503
503 364
364 851
851 35
35 954
954 814
814 225
225 543
543 692
692 799
799 443
443 978
978 654
654 827
827 532
532 733
733 246
246 704
704 504
504 554
554 843
843 147
147 666
666 634
634 798
798 674
674 134
134 88
88 555
555 474
474 463
463 726
726 432
432 921
921 32
32 801
801 701
701 901
901 179
179 121
121 110
110 782
782 983
983 768
768 473
473 643
643 20
20 579
579 457
457 583
583 672
672 28
28 790
790 973
973 428
428 143
143 748
748 186
186 734
734 80
80 946
946 928
928 215
215 927
927 796
796 834
834 139
139 237
237 229
229 738
738 548
548 559
559 410
410 494
494 140
140 145
145 507
507 311
311 106
106 627
627 252
252 950
950 846
846 750
750 964
964 21
21 677
677 458
458 60
60 469
469 670
670 501
501 512
512 206
206 261
261 865
865 586
586 510
510 761
761 972
972 8
8 965
965 966
966 219
219 343
343 732
732 688
688 212
212 524
524 549
549 816
816 403
403 193
193 79
79 135
135 441
441 821
821 257
257 691
691 449
449 48
48 825
825 980
980 207
207 265
265 515
515 880
880 482
482 977
977 621
621 418
418 730
730 564
564 652
652 286
286 629
629 779
779 620
620 417
417 15
15 951
951 767
767 999
999 111
111 187
187 366
366 348
501 605
605 221
221 440
440 198
198 727
727 644
644 227
227 772
772 565
565 377
377 547
547 360
360 989
989 958
958 831
831 933
933 395
395 525
525 912
912 609
609 595
595 126
126 496
496 385
385 101
101 390
390 297
297 705
705 240
240 376
376 614
614 120
120 290
290 587
587 153
153 895
895 690
690 786
786 716
716 309
309 648
648 42
42 491
491 10
10 987
987 43
43 649
649 307
307 371
371 860
860 658
658 533
533 678
678 713
713 29
29 697
697 632
632 906
906 14
14 707
707 897
897 375
375 341
341 700
700 321
321 352
352 271
271 842
842 941
941 291
291 268
268 588
588 480
480 917
917 253
253 684
684 276
276 847
847 552
552 359
359 124
124 995
995 5
5 815
815 866
866 260
260 822
822 576
576 150
150 405
405 957
957 755
755 765
765 76
76 607
607 830
830 108
501 242
242 185
185 596
596 50
50 365
365 172
172 877
877 519
519 388
388 812
812 731
731 293
293 553
553 845
845 102
102 222
222 584
584 30
30 495
495 114
114 828
828 275
275 433
433 612
612 384
384 280
280 870
870 996
996 404
404 82
82 39
39 982
982 180
180 490
490 541
541 13
13 300
300 747
747 218
218 451
451 613
613 116
116 37
37 647
647 464
464 351
351 19
19 177
177 446
446 236
236 320
320 760
760 685
685 888
888 808
808 885
885 696
696 33
33 535
535 520
520 487
487 703
703 456
456 70
70 83
83 329
329 318
318 981
981 745
745 157
157 642
642 174
174 409
409 673
673 659
659 530
530 836
836 278
278 806
806 334
334 129
129 898
898 167
167 719
719 746
746 127
127 204
204 264
264 439
439 156
156 626
626 783
783 425
425 561
561 322
322 795
795 336
336 103
103 781
781 935
935 194
194 266
266 753
753 416
416 826
826 402
402 214
214 683
683 170
170 571
571 653
653 380
380 556
556 345
345 381
381 693
693 868
868 848
848 725
725 517
517 881
881 947
947 476
476 99
99 361
361 787
787 873
873 144
144 413
413 528
528 891
891 91
91 594
594 312
312 766
766 874
874 619
619 537
537 228
228 421
421 52
52 164
164 66
66 332
332 805
805 971
971 107
107 944
944 974
974 56
56 386
386 833
833 720
720 518
518 778
778 570
570 610
610 501
501 986
986 640
640 62
62 914
914 489
489 340
340 75
75 990
990 419
419 910
910 923
923 856
856 925
925 486
486 89
89 400
400 887
887 454
454 392
392 146
146 872
872 100
100 840
840 34
34 992
992 368
368 501
501 896
896 526
526 709
709 350
350 780
780 287
287 835
835 581
581 81
81 282
282 942
942 459
459 444
444 412
412 542
542 131
131 299
299 488
488 445
445 893
893 934
934 854
854 514
514 201
201 645
645 141
141 758
758 122
122 466
466 744
744 224
224 501
501 181
181 956
956 841
841 328
328 630
630 882
882 294
294 220
220 858
858 839
839 422
422 813
813 582
582 998
998 862
862 154
154 209
209 270
270 397
397 200
200 78
78 109
109 818
818 664
664 383
383 577
577 315
315 651
651 133
133 470
470 216
216 113
113 256
256 775
775 915
915 500
500 597
597 128
128 763
763 166
166 961
961 173
173 573
573 817
817 250
250 313
313 867
867 633
633 115
115 853
853 776
776 95
95 769
769 130
130 398
398 929
929 188
188 985
985 529
529 251
251 335
335 232
232 93
93 979
979 68
68 536
536 317
317 138
138 794
794 281
281 391
391 756
756 452
452 233
501 304
304 723
723 838
838 355
355 714
714 430
430 420
420 72
72 450
450 393
393 774
774 832
832 771
771 589
589 911
911 739
739 205
205 189
189 44
44 262
262 773
773 353
353 737
737 967
967 396
396 151
151 54
54 616
616 438
438 176
176 347
347 920
920 434
434 857
857 389
389 407
407 210
210 468
468 49
49 155
155 57
57 884
884 820
820 797
797 63
63 638
638 908
908 802
802 23
23 567
567 624
624 213
213 708
708 208
208 354
354 608
608 296
296 184
184 406
406 414
414 625
625 871
871 337
337 27
27 447
447 855
855 568
568 752
752 922
922 879
879 899
899 689
689 593
593 636
636 606
606 639
639 346
346 803
803 485
485 938
938 710
710 254
254 563
563 303
303 47
47 245
245 182
182 511
511 306
306 878
878 263
263 919
919 572
572 902
902 788
788 55
55 546
546 119
119 959
959 819
819 861
861 506
506 521
521 655
655 513
513 22
22 539
539 426
426 722
722 18
18 671
671 97
97 472
472 202
202 53
53 551
551 721
721 604
604 2
2 105
105 58
58 333
333 669
669 12
12 960
960 26
26 913
913 324
324 357
357 660
660 615
615 617
617 234
234 327
327 829
829 4
4 394
394 226
226 292
292 1000
1000 754
754 308
308 702
702 191
191 367
367 363
363 112
112 623
623 686
686 86
86 991
991 924
924 824
824 40
40 599
599 953
953 481
481 948
948 453
453 509
509 241
241 807
807 274
274 160
160 849
849 483
483 523
523 501
501 751
751 970
970 735
735 269
269 994
994 574
574 681
681 6
6 749
749 718
718 715
715 475
475 460
460 325
325 65
65 757
757 657
657 646
646 168
168 931
931 531
531 952
952 158
158 283
283 259
259 759
759 314
314 326
326 791
791 505
505 936
936 25
25 73
73 516
516 918
918 358
358 11
11 161
161 641
641 484
484 136
136 890
890 244
244 248
248 869
869 41
41 656
656 903
903 211
211 163
163 277
277 550
550 302
302 907
907 585
585 74
74 676
676 729
729 373
373 930
930 943
943 569
569 369
369 197
197 544
544 939
939 319
319 462
462 680
680 968
968 863
863 926
926 87
87 429
429 223
223 465
465 742
742 59
59 175
175 618
618 792
792 92
92 538
538 598
598 602
602 900
900 455
455 142
142 949
949 988
988 892
892 148
148 810
810 663
663 784
784 694
694 622
622 64
64 190
190 342
342 706
706 67
67 668
668 235
235 945
945 631
631 662
662 875
875 527
527 408
408 557
557 323
323 785
785 800
800 117
117 852
852 545
545 592
592 289
289 975
975 736
736 165
165 1
1 424
424 90
90 273
273 711
711 728
728 467
467 272
272 698
698 387
387 667
667 372
372 435
435 45
45 479
479 379
379 850
850 448
448 478
478 231
231 540
540 502
502 811
811 522
522 997
997 94
94 203
203 682
682 370
370 24
24 285
285 741
741 217
217 591
591 230
230 238
238 699
699 969
969 904
904 356
356 77
77 149
149 159
159 864
864 993
993 7
7 310
310 243
243 247
247 940
940 886
886 844
844 743
743 534
534 976
976 378
378 661
661 777
777 712
712 16
16 96
96 279
279 628
628 793
793 963
963 679
679 562
562 195
195 423
423 382
382 955
955 501
501 284
284 316
316 344
344 349
349 301
301 162
162 183
183 125
125 36
36 104
104 909
909 331
331 770
770 118
118 192
192 51
51 411
411 61
61 31
31 442
442 635
635 876
876 809
809 560
560 178
178 578
578 558
558 298
298 3
3 71
71 984
984 401
401 497
497 717
717 338
338 601
601 600
600 137
137 152
152 330
330 249
249 590
590 905
905 17
17 171
171 196
196 461
461 123
123 764
764 415
415 695
695 823
823 675
675 374
374 471
471 84
84 498
498 362
362 258
258 889
889 932
932 255
255 837
837 492
492 937
937 724
724 575
575 687
687 611
611 38
38 437
437 69
69 883
883 399
399 339
339 665
665 740
740 499
499 580
580 501
