45
2 3
4 5
-19 15
6 12
7 8
18 23
30 21
11 9
10 33
14 43
36 13
19 22
25 20
16 37
17 -2
-43 -41
41 -5
28 27
29 40
26 32
-40 -36
24 31
-37 34
-17 38
-18 -24
-1 -28
35 44
39 -27
-44 -45
-4 -39
-16 -29
-11 -13
-33 -32
-8 -7
-3 -14
-23 -22
-34 -30
-21 -12
42 -42
-35 -31
-6 -26
-38 -20
-10 -25
-15 -9
5 4 3
4 3 5
2 4 5
2 2 1
2 5 1
5 5 1
2 4 4
4 1 3
2 3 4
5 1 4
1 4 5
5 3 4
3 5 4
2 5 5
1 5 4
2 2 5
2 1 1
3 3 3
2 1 1
2 2 4
5 1 1
5 1 1
4 4 2
5 1 1
2 4 2
3 5 5
3 1 1
2 5 3
5 2 2
1 2 3
3 2 1
5 4 3
3 5 2
5 1 5
5 2 4
5 1 2
2 4 5
3 3 4
4 4 1
5 3 2
4 3 2
2 5 1
4 3 5
4 4 4
2 5 4
