1000000000 1000000000
300
412498171 380003087
537496683 219997896
962500905 99996916
827271748 230684769
962501779 899997571
861779255 265685841
162500039 59999637
912498010 620000013
686236349 973984207
870751679 359652877
162500427 139999018
337502509 259999507
587499610 979997913
587498075 19999416
466755093 997479155
512335650 338815961
337498534 339998834
962497881 20002129
462501285 419996933
162496929 700003024
712498706 739999228
697894765 156895248
88024984 262282191
552186596 887921514
162498090 459999279
584353468 416155115
275422123 632393673
287498755 620000256
837501165 19997585
87498401 739999541
391976570 597783523
787497937 300001303
787499623 939998809
962502829 419998298
151851175 242322245
712502315 979999186
337502243 419999821
673062854 71104241
912497714 779999807
662503040 59998417
961525416 900575988
212498416 420003156
87498440 820002362
837499743 820002427
912962512 518626680
337503086 979998660
707530911 799136877
248523595 708257523
162500360 380001522
412500333 860002366
162497694 619998993
912497791 59997739
287498926 299996722
911064526 310404671
37502227 220001515
195309958 924981331
162501368 299999511
248817965 23189919
37497574 939997650
108603678 504574192
587503319 340002707
337500837 820001313
412499607 59998593
412502940 140001709
337499153 579999927
195569425 915375623
787499222 220002221
15376717 811105111
837499770 499996676
587501452 819997959
787498036 620001870
549829311 757625978
37499218 619997888
295362080 349390931
787500760 700001605
912501670 139998227
386127573 135078018
587497822 900001119
87500859 580001041
37501032 539997747
912498696 940001927
787502823 60001778
412502363 539997245
813220885 316503174
337501593 179998029
912498043 699996858
462499469 579996761
287498836 460002924
912499528 460000088
392355916 788345523
692199891 13683951
87499653 500001505
83835864 842014394
212500657 339999731
537503092 779998255
365789466 61735353
462502063 180002429
537503268 940002168
712498722 179998540
962501071 660001527
329678441 897787078
287500404 140002641
566172041 305325945
337497068 659998268
688443302 837863360
587499111 579998428
962500358 979999345
87498955 180002249
820547467 265875690
662497703 940000150
87497322 19997939
841903531 882163245
537503276 60002136
412502974 619998701
495413312 820046019
712497003 819998012
787501665 380001125
537501597 300001821
462498278 739999252
462500771 20000509
962500651 579998841
587499984 659999664
87501076 899998833
162500196 219999655
107257786 851082788
537497109 140000547
712497590 659998487
537497202 699997229
662499524 459998154
662499267 300000471
337500766 99997589
507681351 702787892
212499902 20001582
808791869 842805404
837497315 419998950
429598034 360105932
287497536 860003058
962499973 340000068
462501783 260001753
37501080 699999419
582249048 682361076
412500205 299997059
787498366 140001627
587498052 500000403
712497617 260001284
837496776 739998762
638957831 930579225
37496950 459997729
166394423 546065108
587497965 179999669
162498045 859998879
343100121 29172004
212501304 100002414
162498446 940000505
662498701 379998396
412501620 939998111
287498642 939998939
587499635 740000013
37497095 780003077
912501505 220001673
710213905 968708295
35714901 996219050
662497808 860001845
462503020 819999502
950468913 223744522
87496701 100000948
87498527 979999265
837498789 579996877
649059226 550661148
212500214 260000575
859626862 9564996
837498953 900001337
401383741 392904398
87500072 339997583
226103671 120898302
335333639 858230619
212500678 579998132
212496719 819999835
287500944 219999684
67331527 534050
837499645 340002045
485440033 13011513
321790792 565753652
912500954 380002187
94785183 330862686
587497425 100001340
789311790 242424579
587501838 419998153
109147500 869415137
896065585 256543754
212499465 980000428
837500675 660000295
837499675 179999761
87502400 260000817
912499450 300000632
337499181 19998391
808706899 269402527
337496732 500002530
412502550 700001103
787498533 780002285
37502805 60003211
287501412 700002131
205855774 184972392
87501492 659999200
537503256 860002993
462499893 100001024
962500756 499999184
412502312 779999270
712497228 100002095
962502219 259996719
537498990 619998827
852707383 387656130
712501838 900002283
962501095 179999734
120223880 48727280
811487733 197084102
212501447 739998992
670296440 426623720
787502384 459997399
128291123 94730669
328857219 903168641
587500818 259999408
37497898 379997597
302347749 741466577
712497725 499997854
778970333 231118619
836706700 928925501
962499593 740002846
462500377 659997284
662502441 539999188
662503195 699999914
743125880 798066831
787500880 859997443
155749540 60069319
662502686 620000682
287503024 540000896
7363941 231853749
162503103 779999500
837500617 980001550
73355890 413167951
776377682 657549626
412500567 459999527
108437778 217415261
662497256 139998869
287496700 380001506
712500542 419996958
337501840 900002496
212496936 180001546
212500567 500000987
462497410 899998805
712497499 340000984
537503094 460000200
34205044 563481996
679891196 28686494
287498699 59998137
662499125 220000943
837497639 259996937
712498293 19999545
87498207 419999663
462501249 500002638
666879004 597650476
712502339 579997758
962499641 820003288
378604265 670702508
412498999 219997756
37500051 300000918
515006546 371347236
633006953 618684919
837008090 193019171
846570096 608117108
537500007 540000658
363783234 128021993
917368312 87730129
37499985 140001248
141582368 950065881
462502906 979996670
964972101 591861644
837499330 100002704
972409883 399802113
103188165 477833777
912496910 860000266
212497110 659997299
912501561 539998039
66464506 185377164
287500308 779998456
462499720 339997402
373321029 378774969
728294888 235418497
984290138 560034520
537500811 380002494
953609172 206163581
498574975 379198836
662498594 779999491
212501681 899999703
337500054 740003220
787499470 540001331
749874274 253079129
162502859 539998019
639480956 206454875
37500690 860001126
