1000000000 1000000000
100
236566110 841588240
681365516 361560437
935140887 787880578
697623224 646531137
928787811 574232374
753948476 564133161
729408758 49489242
134648810 601310133
247857070 547588190
99310384 1
762083013 896494859
180155077 424178075
798198008 732288381
631034756 234183726
383882551 633883796
13717825 132187322
585642993 116712878
518947241 563700304
185500364 935802989
644740392 333149715
902450355 142906717
327324653 108353149
105330839 196982925
501183272 976954142
563678198 586853435
847553367 816535809
753322101 683873684
175309800 29148679
953392137 860685329
698924810 475196874
814076277 396871777
708651405 347666253
294160965 540787128
594443098 529816874
550720130 504500730
328187258 623768149
1000000000 342552800
800228978 1324187
879301886 565956270
751962525 727844790
969316780 640697091
144892651 56499157
148035980 32306097
887217215 699723598
1 846008549
951250560 843057666
76136498 840470102
491220584 314206050
163933975 85890509
700249968 332329410
65739018 562050110
1000000000 248670590
191228576 868929022
35832128 462735323
658182765 86076250
652909337 780818682
172666405 17674795
971888535 333445229
835848254 139416566
669449259 371683184
245449485 167173160
457356460 396789786
630702207 572305794
373296042 204348236
49160609 528644255
385387010 740575597
326541825 255716431
599240857 397393437
542068251 62985078
1 943548638
901787919 530778858
264416891 595507714
270781258 603644335
820224669 726495981
684396147 47075130
352677064 310290389
395932300 783678577
350456885 754925115
546507235 1
670785106 743340708
933202203 962151364
909038646 832139937
595326204 672593669
590078478 761306265
971783430 441522584
476487368 519506051
108419610 926705138
552307886 72212034
724740654 135470790
346335857 609575991
657136260 345589758
583087662 762939420
855600418 253940066
962771226 974106997
561823649 843735570
442501317 1
572148932 718327881
20696520 924790795
340583639 226259222
437318773 747047985
