1000000000 1000000000
25
202384720 191386798
272784910 876112960
134295596 689831109
144607550 725288401
304962179 141608855
184056836 214149818
580684614 928741905
339656490 906353399
222518718 825019927
65386126 415917878
836363213 211099284
885557581 342429798
772605154 167160669
750597218 865168190
783008687 792917531
770994179 182984989
753449733 860045137
718114515 859118734
919472067 408525573
100457056 520253675
98301970 511322882
75592027 561779474
749142282 865602732
685420915 50424905
56271375 486504568
