40 1000000000
300
34 290272040
11 654139182
15 574182947
32 483616706
23 30659851
7 688206175
33 677483533
20 245930698
16 854673531
5 415424827
23 516937655
2 347957583
4 76422831
29 693454243
24 109103102
19 755284863
16 509051878
8 373221893
35 422824677
1 923039234
37 493392984
2 648194620
12 127480695
7 559505282
28 302819716
25 884720366
9 210505265
5 356463176
28 246267803
13 543807558
2 383877100
32 379899591
21 574973021
16 167883308
33 110798412
25 310919035
3 629712210
13 998437947
18 118774959
17 905638411
11 136152363
1 709194311
35 466153402
3 669338441
16 409216953
7 203732689
36 704284211
13 127191441
10 340318631
25 168725821
11 734125187
35 391137678
27 430168007
8 864815504
10 121945500
9 507372464
25 663862399
25 892009325
14 246117441
5 458306841
35 851886526
2 640738970
11 701210001
21 873867890
16 554606848
2 606501663
18 702510276
35 989198854
18 485709886
20 781024685
16 432700887
6 996243772
20 385960233
2 850598483
36 504963036
3 408698819
25 301809854
38 369013005
21 197432371
9 653772587
15 867485243
32 961607189
34 470674779
26 53242088
25 364267209
29 390072121
4 409369574
13 236611130
35 140272655
12 529820385
28 70517911
14 362895096
31 330783833
1 982118394
24 52197954
11 644570118
23 922984899
5 3926317
37 258713746
31 623735640
13 659161893
21 964753059
25 578041724
11 883088043
10 992128470
33 341037595
10 274920062
36 723394756
20 223550568
27 363344387
32 853939583
3 159484175
22 251117982
10 168191485
40 243475074
27 377857903
12 80002734
19 652678249
10 364361107
17 583248115
32 294505264
3 925536106
33 659701592
11 957066552
18 958698972
3 35377979
34 152615669
22 996147169
22 134806506
2 823512803
12 121612094
27 276118577
26 273785263
40 780330590
2 996451566
32 652049937
12 499004896
30 221029335
29 225743170
4 520298518
36 725345068
25 921128206
29 373461695
6 815960402
13 531582800
32 851380295
3 863831941
11 147495194
23 205490713
39 29095181
25 646207741
39 643117803
22 181453523
31 476060279
8 85474653
16 391069650
34 630539133
15 884588320
24 659094074
12 370372516
23 262927653
40 502958197
24 535749267
17 555503785
5 363210248
23 493434989
33 792299219
38 880060522
23 873191934
11 492300653
35 957938666
23 707121140
27 360539505
29 486429017
33 532034346
26 825251971
24 217492525
32 84709120
18 621794604
14 343339395
25 881067239
2 729767500
31 220812364
12 101585878
26 468748643
15 762725864
32 86817561
4 817599894
24 998578397
11 484840963
22 499115673
18 673986637
31 171288062
20 469710346
23 453799695
5 852718633
14 654409753
35 859214960
10 364974596
19 622826956
28 321719258
6 700150504
6 668701976
22 479679548
36 271609795
3 657890184
22 705723032
10 365174387
12 924541199
20 866156682
7 122473806
10 271988988
33 34542810
29 985051042
21 228626961
12 910471142
7 248558813
31 84275007
11 933257357
5 423479268
38 815659318
4 549399158
39 373594166
6 558177515
12 24590846
33 67330192
31 109589725
30 937088586
12 13418968
37 845960877
2 467355114
20 82067794
29 526063060
14 623233209
11 988911656
2 979754013
17 545426164
8 55489580
10 818412220
27 439362799
26 430453336
3 989113988
17 486847241
33 386757980
17 61165298
12 218861872
1 917748293
24 111424035
33 104162089
16 165779363
20 904273375
38 729996851
7 986498823
34 662563000
39 43840855
19 494518257
18 496796688
36 600542710
14 4952777
3 877689793
10 998335213
5 558322481
39 393380197
6 167154607
1 757377538
6 557324294
40 212275081
40 454119438
33 148509599
12 872848725
21 772599705
4 966706031
37 767177414
6 731051092
2 630994453
28 646306884
17 907968161
19 34344266
16 73118914
37 321841964
20 555661526
37 28761332
28 848005972
7 781567815
23 19670577
15 631854355
34 261844518
28 185248441
29 205349282
31 904173855
30 252517293
6 957775969
40 845123852
11 70749258
5 346363286
19 954907514
29 884108805
24 891666148
3 628579353
33 584115507
