1000000000 1000000000
25
496770868 499466029
150245306 140351260
443861207 442170127
915815913 907024280
592352731 580300173
614771420 602707761
545759771 564678204
790963611 795646738
466306333 474998682
700037062 710428701
326403486 341417980
13108429 18468915
296795338 282907012
207909366 219254859
617032761 616107308
248155618 254253131
284599784 288724312
68437874 69050438
36863359 47496556
343816887 338965809
560430677 554034425
327115091 319475338
290706522 308826179
799518444 796166899
438981788 441006320
