1000000000 1000000000
300
454545452 840531559
454545454 528239200
545454543 249169433
454545456 837209300
454545455 943521594
454545456 541528240
545454544 305647842
454545455 598006643
454545455 534883718
454545454 970099665
454545452 883720928
454545454 953488371
454545453 561461794
454545455 594684383
545454545 285714287
454545454 627906974
545454547 465116281
545454544 428571427
454545454 820598005
545454545 368770765
454545453 704318938
454545456 760797340
454545455 873754152
454545455 956810629
454545452 681063122
545454545 395348837
454545456 554817276
454545456 588039866
454545456 913621264
545454545 471760796
454545456 790697674
454545455 700996678
545454543 382059799
545454545 375415280
454545455 551495014
545454546 99667773
545454546 295681063
545454547 26578073
545454547 421926912
454545455 976744185
454545452 647840530
545454544 116279071
545454546 299003322
545454547 196013287
545454546 162790695
545454543 69767442
545454546 156146180
454545453 807308971
545454546 109634553
454545454 794019935
545454544 445182722
545454546 322259137
545454544 122923590
545454544 146179399
454545454 764119600
545454544 215946843
545454547 265780728
454545455 558139533
545454547 39867109
545454545 292358802
545454544 328903656
454545456 564784054
454545456 644518274
454545452 784053154
454545454 637873754
545454544 176079733
545454545 415282394
545454547 438538205
545454546 159468438
454545453 920265778
545454543 262458470
454545456 966777410
454545455 923588039
545454547 318936878
545454547 13289034
545454546 232558141
454545456 797342191
545454545 365448504
545454544 53156148
454545455 614617941
545454543 29900330
545454546 219269104
545454546 199335548
545454543 129568107
545454543 112956812
454545455 504983386
545454544 202657805
454545454 654485050
545454547 451827241
545454546 96345513
545454545 102990034
454545454 737541530
545454546 186046513
454545455 887043190
545454544 86378736
454545452 724252490
545454547 152823920
454545456 853820600
454545453 601328905
545454546 56478403
545454547 192691030
454545452 857142856
545454547 245847176
545454544 229235878
545454546 345514949
454545452 544850498
545454546 475083056
545454544 73089702
454545453 890365449
545454544 358803987
454545453 916943522
545454544 488372091
454545456 661129569
454545454 651162792
545454543 355481729
454545454 933554815
454545455 906976744
545454545 63122925
454545453 930232558
545454545 93023254
454545454 767441860
454545452 744186045
454545454 810631229
454545455 827242526
454545453 750830566
454545452 926910301
545454546 431893685
454545456 823920263
454545452 990033221
454545454 717607971
545454546 182724254
454545452 524916942
454545452 830564785
454545456 900332225
545454547 149501659
545454544 269102989
545454543 36544848
454545456 687707643
454545452 903654486
545454546 332225912
454545453 960132888
545454544 9966778
454545456 604651160
545454546 385382057
454545453 720930232
454545453 511627906
454545455 684385381
454545456 787375413
545454543 49833886
545454547 19933554
545454543 338870431
545454544 468438536
545454543 166112958
545454543 378737543
454545453 694352158
454545454 568106313
454545454 740863788
454545452 691029898
545454545 252491696
454545456 800664450
545454546 342192689
545454543 455149503
454545454 847176080
545454543 79734221
545454543 46511628
545454545 485049833
454545455 607973423
545454547 335548174
545454547 392026576
454545453 591362125
545454544 76411961
545454543 169435216
454545456 983388702
545454547 126245846
454545453 877076410
545454545 312292360
454545453 707641195
545454544 255813954
545454547 458471759
454545452 973421925
545454547 43189367
545454543 325581396
454545454 664451828
454545456 521594683
545454544 401993354
545454545 289036546
454545452 843853820
545454544 362126247
545454547 225913620
454545455 963455147
545454547 275747507
545454547 481727574
454545453 621262457
545454547 435215948
545454544 348837208
545454545 495016613
545454543 408637873
545454547 239202656
454545452 617940198
545454543 212624584
454545456 897009967
545454547 59800664
545454545 418604651
454545453 860465118
454545453 634551497
545454545 142857140
545454547 66445181
545454545 205980065
454545455 667774086
545454545 179401992
454545455 780730898
454545454 936877078
454545453 867109635
454545456 548172755
545454544 3322259
545454547 89700998
454545453 950166113
545454544 308970099
454545453 993355483
454545452 611295683
454545452 747508303
545454543 172757477
454545453 714285713
454545453 777408639
454545456 578073088
454545453 833887045
454545455 574750830
545454544 461794018
454545453 538205979
545454544 302325581
454545453 774086377
454545453 817275746
454545453 631229235
545454543 132890367
545454543 388704319
454545454 757475082
454545455 880398669
545454544 222591364
545454546 16611296
545454545 242524916
454545452 710963454
545454544 6644519
545454546 119601327
454545453 946843854
545454543 33222591
454545452 940199336
454545456 581395349
454545452 893687709
454545453 813953488
454545456 734219269
454545456 641196013
545454547 136212623
454545453 986710962
545454543 448504985
545454544 139534883
454545452 803986708
545454544 372093024
454545453 508305646
545454543 272425248
545454547 405315616
454545455 584717609
545454544 235880396
545454543 352159466
454545455 671096346
545454543 259136213
545454547 411960131
545454547 315614618
454545455 754152823
454545454 674418604
545454547 189368769
454545453 870431895
454545455 730897010
545454546 279069767
545454547 501661130
545454547 83056478
545454543 498338870
454545453 531561460
545454543 106312290
454545452 980066446
545454543 491694354
454545454 657807309
545454546 282392028
454545453 697674420
545454545 209302324
454545455 677740861
454545455 996677739
454545453 910299003
454545454 863787375
454545453 624584715
545454543 23255813
545454547 478405313
454545455 727574750
454545454 518272426
454545453 770764117
454545455 850498338
545454546 425249169
545454543 398671094
454545455 571428570
454545455 514950168
545454545 441860465
