1000000000 1000000000
100
542839344 460784175
764577804 73469018
973053355 582110240
227275321 887279728
877462957 6335451
123071062 183008573
75817935 385158033
531903085 153788001
567541302 401895176
684722196 789303723
859433169 221358091
265925767 758747732
801564400 623065017
813697484 56178464
262607518 458750043
330758560 755026935
879662499 182816213
104209443 868131316
730876955 465901817
976269797 251952557
74770660 983390836
402334672 891413207
612752052 934860869
7696936 815020477
708785948 134133345
832810360 71108884
478851891 311479541
429411329 143459892
632113583 759538612
116133022 437900867
326289091 343115708
430297948 830923037
11152271 199280562
620444645 28668050
16751986 290182632
859595901 803365518
186907286 335078101
799683131 241348564
420609320 290579336
873170345 323604621
855257641 658281085
973392006 786206052
776038439 683970297
185289464 779633621
618264763 455722628
514977913 582312797
657358288 997462646
564827822 457250661
135556253 107280899
200112481 175806167
915653977 557721861
827046835 260799032
13639845 870111897
469297155 67598756
855838455 162359102
457526742 42296960
549367777 349690173
11895685 979589912
581202698 596848890
507744676 760365771
646207900 572325428
93970593 567195282
530183530 773194101
323878884 882856191
614990695 864164092
18214679 78171109
312209235 354182336
974117814 58245225
66823993 712914236
845836094 972740712
363793557 688793333
352639393 279660274
449395640 692462625
118912660 675838126
178800059 956118307
957585394 733140948
64870214 26005143
156416906 105216332
370628283 653556963
908939793 456101035
737753165 854478927
156796637 375365209
316041584 945980841
928442844 626751162
377246098 352453229
750728043 118392285
807154907 226170650
824219136 992149951
314399638 364882085
977412790 330206356
184161960 86991887
740992943 990712466
343111663 340942121
509974854 431046549
12771545 203494361
983801287 254498230
434799975 963873213
201090505 556870218
732318168 320074365
241183542 621939958
