2 200000000
300
1 88265857
1 174408185
1 105379902
1 185252998
2 30206021
2 102367431
2 89739523
1 116153736
2 68837704
1 110817136
2 26646126
2 86276690
1 127329134
2 126441765
1 19927577
1 38738747
1 105161585
1 60367988
2 67085969
1 1865971
1 27164731
1 77127255
2 168438218
1 4482768
1 197852914
1 114542201
2 86952377
2 83116812
2 98956904
1 92635124
2 105616297
2 96235147
1 32676019
1 181610886
2 131178845
1 172483073
2 89732186
1 184761892
1 5771708
2 170294432
1 183126057
1 88208229
1 42285766
2 104652179
2 60753448
2 101493988
2 191028456
2 147598705
2 35955178
1 79704361
1 401437
2 123465041
1 110262638
1 59055328
2 27730255
1 53347865
1 181216196
2 187882086
2 77676579
2 102477061
2 31449903
1 138725311
2 95881958
2 60627056
1 196540351
1 42757050
1 95307408
2 46561848
2 98643532
2 13699760
2 149621923
1 90583441
2 107989475
2 33795869
2 10397729
1 152880540
1 107516062
2 169235490
2 169062843
1 168610361
1 101109898
2 102631275
1 129506023
2 159761954
2 118037654
1 89097939
1 195473178
2 195237899
2 143963846
1 126468928
1 3541559
2 129289602
2 133923071
2 191173110
1 23105188
2 137891460
1 178560897
1 188198476
1 133744484
2 85945085
2 77411626
2 104156117
1 83181685
2 17295024
1 47209419
2 4541872
1 87190873
1 75135985
1 55318254
2 72502443
1 55059027
2 135563986
1 194663658
2 183579139
1 133512177
1 115047877
1 88788681
2 198437229
1 54047883
1 50748803
1 115061223
2 74980648
1 166954199
1 131549402
1 131880235
2 60964715
2 154475348
1 117010317
1 166628770
2 122797038
1 171507004
2 186842056
1 150798526
2 8759918
1 177996319
1 152714839
1 103655744
1 125784743
2 80609965
2 184571323
2 30295183
2 74842418
1 31579959
2 75371127
1 199794460
1 164123274
1 164636645
1 121766468
1 152394613
2 15598131
1 189325356
1 161303075
2 190663368
1 123512613
1 124697871
1 19353068
2 133025875
2 154758462
2 93303278
1 158359308
1 122875004
2 38828496
2 144521111
1 71472387
2 137891283
1 123707835
2 64019187
2 167376507
2 88771824
2 71244293
1 189625890
1 190235081
1 56896194
1 99759025
1 109183086
1 11722105
1 48287338
2 76846356
1 139644032
2 25984167
1 88850644
1 38575734
2 67792851
2 107850043
2 177091866
1 76447543
2 87413873
2 130683191
2 160508399
2 29367422
1 172270367
1 192956845
1 31377547
2 82071446
2 170566019
1 123478642
1 65070186
1 157075572
2 11370576
1 106502975
2 176998482
2 112682598
1 172437964
2 62718707
2 112310297
2 16412069
2 79224532
2 113002342
1 4624486
1 43744021
1 143780191
2 167560993
1 130568694
2 92361921
2 82310233
2 87737336
2 164104237
2 199973678
2 179422584
2 187567054
1 72358840
1 132588424
1 162200487
2 91438133
1 13818483
2 146448374
2 186311605
2 37226274
2 48060971
2 134855621
2 34079552
2 58230088
1 149186520
1 53250740
1 96740455
1 106499599
2 55813569
1 181560201
2 47065184
2 167070571
1 1674901
2 28597343
1 138812676
1 48237729
1 130255351
1 136142065
1 34602562
2 143069882
1 84203542
1 137366091
1 70364431
2 48377889
2 135056461
1 31527466
2 48888099
2 40939512
1 68765620
2 106448552
1 60049810
1 63551070
1 192474692
2 44209351
1 129438514
1 43556844
2 58957095
2 194237703
2 31276034
2 160502089
1 93720215
2 95999469
1 101702997
2 63639851
2 76052831
1 101356517
2 137945989
1 178262672
2 194483161
1 150559263
1 85453749
2 136252759
2 81207216
2 95583269
1 129786078
2 184063390
1 96674712
2 198442739
2 119794445
1 186368798
2 53427499
2 186542367
2 96380047
1 99470730
2 172624605
2 178760952
1 18372325
1 27426365
2 139052651
1 198103683
2 46330400
1 148254624
