35 1000000000
300
26 304985784
31 53820856
34 188129610
32 933853739
29 435634084
16 233290946
24 581180249
14 763935773
10 265931834
9 274498426
16 675425485
15 87227536
21 985415295
14 272012946
12 765102757
24 458857877
20 610373170
25 928877042
32 589674594
23 467914943
31 693779625
19 197133223
34 507843129
19 766813020
30 847116431
23 128374256
1 692176037
5 842433365
24 752788975
20 341079379
10 821543681
1 311988624
27 505876600
1 781682729
31 492248890
1 250315026
32 837152270
35 370127998
30 707678411
34 811363741
11 461583310
5 628829687
7 831673756
34 134653948
22 731834548
3 793788303
10 569642743
9 61563981
2 118282330
15 834361747
34 547952542
28 128093923
34 520893909
11 118668197
34 888158352
32 924286517
25 650634908
30 544336568
4 779405261
25 253244511
27 614368778
9 182083922
23 684118508
11 939602852
8 21099361
22 980041773
4 180020059
31 385343703
34 336649086
12 830320497
34 51175026
6 582238816
32 743239171
24 286711626
3 29630875
26 890399562
11 248380568
33 826050885
26 684695990
27 445518859
17 812788354
25 806764694
15 294200771
7 532210599
22 154688979
10 421895752
18 363267698
20 432612854
3 473367466
12 657571082
13 64168697
18 825428694
26 459989391
5 724464729
18 844957306
13 994076712
11 575843419
30 429841856
9 925040411
3 147209714
33 112384894
5 13009552
35 239289534
15 6451256
32 42007442
33 132831518
30 634200652
11 570045678
2 632217574
18 240415647
14 961281189
9 497479825
8 92410932
1 369280043
9 330326030
27 776821348
4 988596545
24 49867528
32 717161908
15 686839399
20 509155200
14 568274730
25 400097172
2 127402043
19 960415110
35 770641755
8 79741647
3 709303378
11 860353860
15 413901459
5 489415650
4 308515899
25 58197447
11 582399810
5 58175698
22 659536307
34 349548887
11 714690441
34 533279118
7 196013307
32 403562097
3 529444647
24 327886747
19 917208839
13 864158406
3 290078081
9 678257634
8 158527442
16 370705415
7 374875642
30 737683559
25 165638134
5 502686595
19 610588333
24 843602468
35 244188914
24 895848895
6 54901249
3 381550887
30 638388468
25 529445899
8 112738244
5 70442193
3 653734791
10 87548521
28 778164648
4 687264371
21 874789667
26 46290828
14 94372260
20 851844595
13 716615511
4 834113257
27 967486947
1 270368207
19 771280162
4 442919087
10 392387525
26 439769373
26 567891094
32 190901975
16 922359923
4 601519118
2 662292322
11 763864435
31 424377399
18 425694588
32 555429086
28 172380534
35 122519158
19 176950293
5 323054278
23 159452284
29 850907456
1 97698809
11 225492790
24 213348885
2 73338522
18 824374364
4 348963160
11 72547501
26 389905460
9 782206602
22 118160251
5 935089264
32 612445878
15 487387864
35 639917737
15 137376802
15 526723927
13 438252894
7 40678800
8 363982757
23 283703021
1 193351923
10 683690196
29 301549293
26 368844830
9 76130250
4 307814249
12 530199236
27 799275727
14 705658379
24 761883508
1 699768836
15 746278654
25 354473875
3 265162435
26 241921347
33 8451531
21 460572589
34 950568436
25 908749995
15 191976783
25 754573733
21 959529728
2 159475209
29 205906757
20 553608894
14 770345081
28 883894510
28 696901710
19 282021489
19 879295440
14 195189652
5 76403402
24 501577397
23 475860032
16 56609864
7 586690266
24 523110247
12 224016489
23 604299026
21 726039664
25 343170727
2 328775068
27 183001936
33 974710598
26 27615868
27 522419118
22 720788203
16 438436510
3 760902558
26 791866341
30 813032490
23 538896111
13 985354972
16 465266311
24 25429899
3 903010180
35 141276466
4 70885061
2 498277656
33 544277049
18 602398535
9 704516801
26 258804923
31 877449291
4 341078890
26 624353377
13 412324052
20 791102439
1 787522317
9 772731918
15 966885375
6 371698499
18 115131722
23 581636594
21 350573645
8 40308617
22 773644886
28 957384960
29 346622180
12 718980909
32 307201091
35 695676754
5 348236909
33 475649236
32 813343314
24 627911987
