1000000000 1000000000
220
478305022 575498457
817530337 573058380
226672256 322382005
707862483 701168514
59898277 240479737
767851183 832518979
789480310 832859987
979455621 978326001
233198216 783681900
897099316 556630905
133322287 268045093
992346636 982124202
525157607 950535312
306146309 429911198
577821321 449074687
230742453 222072592
244700355 927129225
866917876 125704091
227884519 564861438
479258637 415756231
617193273 751255686
289588616 230667867
776421870 960063872
425787056 328819536
983217622 782474060
458200590 240249726
201867948 147282540
806069824 499884748
842347479 757539854
406831768 218999485
649419139 904771296
688866575 284467095
924144840 419223293
24030413 686544574
663574533 471468720
747855142 510859954
11219977 844554590
483023592 532800324
154115792 553989461
909302166 768476114
348418349 615976248
249166666 770951818
687584878 343419193
751295026 710769369
401212476 984148454
53286952 922782235
59377992 596067354
60080143 30725356
548837682 257168342
702289800 272218019
508281290 89998738
859372086 704885201
754800555 581507068
531308935 775322661
341641093 19330265
57601993 341137967
30364429 623977004
167823874 218724429
10469325 685757547
525508375 529878980
721829273 525025247
689323464 232875375
197286762 532234514
300056054 574700591
17965745 824636134
513951981 593658298
1096164 427099718
880757074 611481255
94941211 923705481
370134663 438617729
750350394 236096530
795725141 540066869
202928517 489496463
721548230 730598403
223805155 50517328
724581050 716229374
626148295 949282538
571213674 668051527
736395202 829345918
223284650 810549023
333586042 913263461
578853352 41860510
441671291 292177944
232708189 867841830
719123546 840238270
190270796 701995495
571502271 385790366
665318748 173235914
271394239 763236585
768355339 850622155
879234078 514632150
233465419 873976612
947755086 582552501
530803707 265807932
153579745 959536165
430307248 969686377
886650742 967166518
213378520 431773167
697078521 814116926
640464984 92868173
770883319 63879036
838717175 912003992
404470666 682493701
34433302 490105050
397318412 492272233
638157179 242713321
240784045 522417952
7441818 25049150
147555904 664728274
234297039 320334717
394266740 637801902
722935356 784818980
319595023 576080488
260628980 883952152
459816223 144251737
676660000 236688610
641852139 232264314
58584348 149176226
457912582 289169493
514619555 877037705
72616667 350166094
864016141 273217565
999742964 762896431
830657498 623131624
555874719 702786817
915831599 122458561
475592073 698775735
922604450 971932496
316255586 523993756
244937775 390056425
328959890 77313536
781935826 824862725
928208728 457618329
970995008 641808391
41201384 749872637
822179970 352740656
920572328 291005566
390027631 201375724
47729980 394070249
703060837 230598871
198910909 498273614
283215352 665398214
652182942 111592874
403236098 454260523
329259490 737884460
328435821 539622294
252165691 53058047
691155904 418841301
298024699 224637368
621192591 827841761
419114545 336820232
251992943 84860242
540517347 145352027
957419954 213159158
859387701 553999804
603891313 354755610
263596061 903767334
469020006 605054406
367571827 637104358
828155538 945653315
272365218 7750737
266689150 882474658
856012833 880822857
216239607 921104358
902331609 433548559
794648240 730484740
30182481 493101923
433973196 799544260
358775207 775374887
866148716 831657842
698063736 653992115
179279709 600298677
692595078 244934640
528883249 438890894
795665045 123439491
841634318 280073963
145857711 112144027
238446550 338651817
492794304 557167699
360865662 346292161
568897901 746552639
108564205 87065719
986609754 165793436
971750304 453486404
940897406 390820631
405458983 423359435
411111822 512708953
474424960 247863232
50106113 375738730
486550734 749347555
830770694 758285892
295675478 86912041
691731945 639014651
72517026 615608884
273199349 736688108
318433277 113093363
428797724 580018234
742771652 880016607
354489200 164632052
324390289 547183129
254232331 567153964
446811406 344084859
70227565 812597427
367655001 498739173
306646409 126756675
180037663 62846132
521538635 717009406
861391768 918761740
797770579 766495403
554244409 536887682
662158244 265842806
648616977 253771474
257032191 88778512
507673004 322910256
73139225 481640707
620567 811114399
556204401 991968120
556121515 600879140
934767202 126785401
761472029 879054082
