1000000000 1000000000
100
323283210 323625382
323146201 539174425
749914073 431427761
499953095 294163192
676735265 441216105
323280988 950941540
676800293 911723177
676863159 421639904
676776904 519566414
249932831 862836353
323167901 166751639
499910407 333269241
750071818 196099488
499971585 647006869
676710785 813687144
499995127 254993638
749922152 353033510
323214442 852982691
750047600 823434833
676853516 833344449
250070887 156902455
250062737 627355243
749933968 666739684
499972042 568532892
749950177 39202439
323126800 637217166
323146142 794029823
250060852 470539786
323152772 931326033
676820327 676554789
676788188 186242274
676778246 49099104
749999230 274604968
676707001 343097422
676837591 127494680
676688918 656765597
749908732 509731668
500052488 686230561
676840795 578502860
676876656 362667534
323173233 401975957
323204705 872496950
676840073 107795347
249900285 941144960
323266147 460763402
676696927 598090456
500055875 450941992
323219502 225484514
499950618 843113457
500055896 137191607
676873475 264704916
749906583 745179930
676801375 990145724
249971330 78505170
500031164 921500875
500027855 607788166
323154493 696075952
323244972 774475128
676715357 892249180
749959684 980319403
500038387 98032803
499953753 803861663
676814865 205919474
750040069 588245121
323242818 88273885
676864460 735210573
499943581 882429070
499986801 529380987
323282128 303884216
676831004 754869206
750008751 902045405
499987775 19554338
499930897 725540970
499903386 372558311
676751797 500002479
676834873 284216135
249950281 392098135
250054294 235363049
250096513 705788456
676754905 29422042
749955801 117722991
249965596 784354234
500022012 58811421
323248567 245163709
323146588 558802378
323163467 617585593
500056996 960778823
499983053 764610665
323230666 147022758
249974273 313783881
250095508 548947094
500076715 411710706
323229499 382424768
323312548 715692833
676791764 970571184
323320524 68669641
500008923 490198099
323318314 480432823
500091101 215745463
499944959 176524427
