1000000000 1000000000
300
723427119 549989197
77653871 979154067
404263692 594042440
977725437 977857876
831816449 513792760
468126859 78347772
343867856 92477825
970991291 166095630
399104927 381485928
712304339 5403707
364857674 712837290
752581187 237490062
860177308 465935555
513235024 860313660
45534147 465114030
422872504 200192336
630051673 553074123
817134178 127969007
868044882 597524396
492400754 840411874
27454862 109146584
810186028 597680719
366348155 285405194
21135630 409246620
373896139 608650745
501202335 438985892
250745702 534041275
854660426 932242292
422368876 851670540
14241567 965741881
823528106 16658841
288284625 698300053
800930162 693722562
421951830 253146197
198525250 495626526
404971605 45726214
797287693 723368227
469966192 209974880
841227034 905711504
747186996 615796199
974593292 923634983
576069731 526131901
147309451 42974594
599928944 910874819
974509539 66830400
418544226 338433580
381382083 277663951
191215387 811905571
619678126 677716981
901517111 280221451
939578772 343429474
41750942 882019
320610463 18393886
69635064 939578201
977652986 541997600
598561926 406976007
217134466 849563819
684930306 601011330
754910038 536044923
85554455 635403048
599259753 214775946
16662260 162322813
643184204 323541493
651553336 522987870
563662638 756590015
113201264 572841003
492841536 392511907
887014772 458743138
500137054 99373961
740040275 616706383
310145764 242219705
246139102 529329544
935208044 567892996
485808648 938201767
779965947 373423603
257684160 957124154
958634346 844659322
251667693 266810110
26340919 824815325
527547671 6038526
137584309 183454818
973485939 27707672
229623219 462870558
663582436 856369559
680455413 232660710
556393196 657652057
903857687 380458196
53719603 362947385
316636493 576048525
180758950 547369370
359297544 687322649
722959956 996109098
761559673 753509731
717963564 434719783
48868072 177919046
978839790 617510569
482896443 382320262
764239069 767547341
494633255 365599424
611676088 845080019
186704224 283474789
568927920 362424381
112540047 553569213
358455014 355817865
606374840 728357016
810591258 385364326
506047564 696615605
504704965 998103715
54970270 54411936
325211484 368342181
992100019 216420450
460915060 8550191
916288421 769410539
341604736 734791346
748191793 65992323
291434827 25022744
940822292 294230310
291499417 555977421
517576680 154889601
989534348 713809307
785919514 400305031
209823220 167857937
25358525 982248664
970052925 326799428
173910466 78083423
557904787 222682192
20453147 343322542
424492441 473858804
253374875 222465482
791210132 302908872
104304969 743202451
220651181 105958372
960909581 416272489
215659248 511342489
516248988 597004543
767378515 980961275
983876144 700942059
415865393 659495298
276839368 933930823
111709493 729341791
353062073 345226531
870533449 367473055
660273786 779823034
855513634 834724070
374212770 602188945
11829322 987671484
663834779 450623740
377877395 137694989
185826001 445763443
307696296 292932205
250414492 585743403
507540148 310942166
512245385 3660194
288333620 730136160
618931 708482673
124040870 656428284
786445705 901442160
815838955 498871788
776337981 95803812
62653797 534348645
17385664 301690045
443854063 298919186
371314248 669646265
119352143 114618750
39937150 106958020
690704807 299796324
727058276 354333736
291531252 566310891
850949918 282383467
187991285 12873310
771640879 639676577
609586209 452235803
204027306 433715187
505925153 209912050
873764490 35687568
41863923 941465931
615884516 989302387
958442425 611237705
3626276 868548644
98138654 509037262
125566232 360171011
553978958 353690050
130138623 496693086
745098133 70527717
240169219 861671313
490063391 668124287
336191932 59301405
366883656 65737475
189915907 880795249
130008497 682836165
40381116 634961252
32559204 902517653
437228860 556357587
65704550 845363204
437591266 252998120
251261161 392492606
415099362 718722551
959310765 143521404
574161152 571449260
499553729 646129562
389846419 253465109
789128550 878298033
449927968 329392141
364769075 43933030
827747191 618452524
176492263 488950710
921116515 112521128
30437154 605254814
842742743 141324114
642717285 150477616
454809043 317625738
656232710 427318633
829602658 259025046
733379191 764081953
530610908 8492436
159628558 484323631
411874329 926831506
737656623 138852849
535877866 846996282
294356233 81660312
376639443 680297301
287322104 491493012
159643674 694180510
193645065 298850614
9713015 789598856
716007682 849927091
65440934 727850704
80145467 911302892
622566482 294664781
644563242 514985870
124993499 60925736
281797397 924404087
701610707 262750534
229029097 256657860
245579515 840759378
100433527 153832447
322749586 928344008
51780766 905474485
301570082 976536070
76980123 682235184
42722301 400600219
240971646 226220818
12584603 48450302
159803372 974386565
21697931 269452010
119292308 71047782
905232633 804033108
803887497 120918961
708613399 867757070
804225674 923836442
433651657 461804450
405924648 825178144
622950360 909946227
840091969 305740768
820225649 615318038
686753844 608810173
921772663 570354898
835954166 605247016
710470248 940325602
386177232 854477927
655736338 826138545
881729632 572333152
487524172 283568692
532229402 710984723
40463523 574599367
533182596 6239956
746151332 774923831
779164913 446170309
233532517 399299334
854881645 364454833
478907082 613576725
169480982 149355652
138226992 439990465
459968608 184252155
528159356 725377449
737016408 864387336
105164396 875000216
120820832 791972128
607031111 479965005
234262313 494135881
244460946 193787036
446767361 420124076
27100919 703533466
680892886 847455313
324952056 658465328
902871520 765350543
509431803 19972412
142205374 754720671
781571199 634236984
357613105 846020672
134258753 206349674
935089281 924442626
434062594 522905576
49926570 373061526
784504125 582563797
401275334 973736377
814662967 721070114
435277774 547081001
420594801 581645957
181064798 294702191
