75000000 1000000000
250
23316123 689228671
51460363 313800462
46919590 374430210
21268052 716388845
30798665 589243439
36208076 517156033
7103035 905224685
48721212 350328117
20606954 725216029
49273750 342959560
67863784 95213473
53508347 286584259
1301237 982696818
29722012 603821394
41965640 440490553
65543431 125997983
63218488 156967627
53605479 285228873
73831079 15599016
8026450 893019057
28738398 616856807
7326847 902180033
394138 994704136
37639297 498204451
27050403 639347020
62315991 168993911
5678336 924319820
6272557 916386064
11632897 844806274
33330325 555591582
20644601 724800735
71771395 43132512
16939927 774149326
55196970 263992091
19974365 733807588
7390781 901456830
28420343 620954056
48270270 356337571
71465791 47246719
43049162 425977994
56011708 253044911
26292792 649395513
52938807 294225985
69947537 67356368
46628629 378344769
57410387 234471707
67639144 98059022
38420440 487596531
48602362 351890859
39868291 468510288
10065178 865761159
70851170 55316521
2387945 968029907
27167927 637736089
60724133 190445606
42375617 434979645
46381412 381518912
5051792 932614237
67996662 93335905
39019534 479736933
11159418 851234885
56772176 242938885
11460989 847107841
42850583 428646635
48626354 351577095
68521544 86485533
24231646 676956628
30219945 597050760
68099580 91906941
48388018 354859690
42796084 429325965
41784517 442827391
9978423 866824356
22069833 705812753
71053202 52525071
62679541 164267625
62659487 164518934
2589905 965595765
8172113 890918576
17870524 761774257
8712002 883944845
20960599 720560713
34616605 538336414
12934615 827424838
60889270 188158525
58572650 219140164
37979375 493618793
50462506 327284798
4665589 937765708
51189902 317335696
70030719 66350857
66685583 110789478
14471124 806956542
19032309 746216885
44179676 410899042
47879251 361627219
10838200 855521617
37213258 503686050
9051612 879209675
48065777 359231284
50571023 325672757
26781564 642991724
40217682 463894283
39682948 470816258
46661745 377749941
13294352 822648325
32693494 564104559
3265599 956569975
64894200 134823261
51603703 311968772
53492099 286885172
41874646 441617097
44023015 413128721
15655969 791263521
43827464 415535583
44329518 408981964
43066753 425716236
56406882 247814879
22456659 700657948
26835352 642104290
51947686 307276961
24910994 667715966
74435840 7466559
56236398 250099783
73166232 24449001
3143389 958083032
21795250 709367210
23645449 684667387
36056948 519280958
73139356 24861255
9595402 872014400
64372737 141778120
13967650 813674245
30271460 596296483
1945838 974031493
26529643 646285708
21815340 709167287
51239223 316918169
25763029 656415423
59685870 204171081
39167790 477791155
52765099 296460351
30928773 587497899
6086803 918702962
30445463 593940178
6725050 910460580
50875312 321698108
69625668 71746493
67007946 106428119
59652658 204583064
45081515 398911793
54398482 274654845
61554447 179263040
13793894 816181495
59514128 206356792
27946941 627309662
20059480 732539084
70964500 53678194
58595867 218784820
61363314 181706323
42955107 427379803
36677181 511096116
24862233 668578939
65781331 122820797
22583459 698957004
26459785 647082037
30110713 598590545
39671334 471015736
25216453 663770338
54235223 276805906
21641395 711482796
47592966 365425523
61851712 175272284
36712834 510586693
73220538 23618829
54839235 268720556
3592803 952181678
12274353 836386609
47419568 367707950
67688723 97464500
20346201 728738921
41576270 445766935
27064560 639214309
35581991 525593593
7678623 897584189
2556208 966041480
17870008 761667787
60667747 191168257
41399552 447946856
28521232 619584290
67411628 101175357
53890035 281501398
5051328 932526626
33787471 549616314
9996465 866683078
66304329 116074361
62397917 167928017
25971843 653685144
13843704 815531539
67241656 103493456
35381841 528262253
66061248 119257609
73141056 24908004
36634352 511628718
47605133 365222578
12289901 836226645
64349657 142095161
1257522 983217260
3538164 952689363
49293622 342881949
29444975 607443410
58184779 224098712
18947720 747279621
39251858 476532562
63948074 147365707
5281807 929658080
5970333 920451575
54181272 277660055
30883187 588324083
4337920 942053191
14969702 800358077
32373402 568228233
73083809 25551128
42037761 439360997
28756448 616674764
73942402 13998930
70995886 53456938
430858 994303016
71747365 43492233
4472728 940285459
31180643 584274231
33923085 547655820
42486725 433392059
57960504 227085143
32944366 560820072
73193432 24043207
46344478 381988012
21347054 715349262
35039861 532755836
25141634 664818700
38477929 486966542
74118310 11661569
3191805 957548414
27575161 632378590
13518075 819778825
16641122 778092424
30051878 599271213
59785511 202772653
43034914 426176686
46976011 373528542
