40 1000000000
300
6 786763464
27 418721225
37 714875337
10 156646263
9 190541536
30 429336661
7 865464196
28 815774814
35 25779712
30 681279351
11 395942851
13 574687654
29 137106802
33 754832787
37 294845778
19 815900516
14 704212093
36 198711902
17 533523161
34 748841831
17 981957453
30 294955278
26 413330913
8 110260860
6 571202775
36 361809336
10 453352143
36 784075832
34 461942057
7 60243681
22 449031572
30 501463660
13 263769437
14 710265565
20 755509913
19 653581164
40 786759783
39 181410322
32 408599641
12 857812106
38 802444660
26 946378048
30 12382966
7 405411764
23 385576987
35 621659878
6 875525565
29 734100396
29 279467842
14 888585944
19 978468112
2 684750075
19 72807755
35 513172747
9 410522607
13 597941195
29 371396238
38 831738104
17 921980806
30 791576241
38 37693573
17 260553109
23 831343888
27 979839843
28 639218454
37 562903979
37 466552756
31 809313749
33 840001983
35 20621113
31 729650145
24 283312823
30 554725990
9 378912698
4 318585456
6 106594916
20 689436055
10 863785615
7 119914425
28 821378632
15 345417107
7 911258136
17 67900390
29 979900607
23 803767294
9 821152156
10 531771312
24 965651352
29 402097029
2 375221600
9 948470834
38 820096487
11 776621389
25 397993908
25 673210662
29 513640349
31 283793978
20 221163585
25 141543903
19 31021281
4 355107637
18 262670586
4 117462539
24 525149754
22 897385770
23 692105439
3 390470477
24 109542147
9 179223638
4 643576754
32 69861543
26 492833440
12 119668214
30 128201444
33 284348433
6 643594973
4 911534748
24 464378239
16 449195201
16 816958828
21 487162758
31 634097588
12 785185903
32 479916784
15 593226903
6 837330540
16 291027232
20 984964866
31 413879913
16 815200242
7 738947141
29 248782597
3 779948343
34 355274040
2 163505778
9 11109918
13 234309250
12 264334026
37 780235762
17 230530974
9 241727524
32 823169790
26 456288329
8 805649164
35 587426824
30 165975589
1 752350731
7 733859319
29 15281932
35 833828058
32 353508809
25 159865323
31 885519496
30 845342597
37 647085924
10 443912952
33 849497234
17 998663310
39 860077287
28 560666767
15 276975247
6 253279029
23 702287608
4 588332501
23 855668887
3 577814112
18 452599000
21 645155479
37 808442215
4 629172353
14 985976159
10 422030058
23 918370292
24 761041431
19 428626376
3 846007325
16 738421028
40 693078227
2 631415016
4 395478698
38 235685139
32 207523078
27 641762297
4 738681595
1 992351347
22 695683497
1 161568893
7 703720988
22 194542245
8 556439426
15 6434237
10 660313278
2 38778878
20 449729427
34 240331239
24 611298867
20 136302643
30 769442189
31 109975674
26 995324664
33 12657144
33 281767102
3 597462655
23 687709826
21 252409004
18 417807343
30 349942786
21 833158580
12 196691335
12 901227626
15 944159642
8 64809988
23 516833861
28 805606902
11 791117394
18 491653249
4 837902088
12 724562694
18 305276537
38 759217782
5 76865599
31 524493494
10 662862795
28 459866663
6 611670912
8 643110209
28 343953192
31 208466679
27 467386659
13 291276090
33 160116676
10 559443748
5 9490830
37 993542607
17 377778956
39 228191275
32 63464924
39 312700526
8 147307522
20 531408328
24 905223236
32 781388338
19 295652446
3 884432036
32 466166434
1 300049577
2 839178645
15 157057424
16 47198414
8 985406957
32 598111790
10 580850709
25 80439699
1 208310178
7 535078406
25 976206474
7 922926372
31 744047673
2 822691082
1 220663712
25 612376725
28 84959518
17 913029985
37 139785740
28 215272140
29 168417974
15 171594674
30 736344502
29 446601639
33 822072158
20 428645718
39 326344790
17 327150880
7 104428783
36 807704318
15 903222788
37 868373205
25 981800345
25 556179862
2 671099237
14 419747544
9 890496074
21 475035579
26 9144188
25 166490332
24 345108652
7 750665953
27 300975444
3 146795037
38 537201200
6 606075
5 395688496
39 115633792
12 740963252
23 353860600
11 684020466
39 197853565
9 832425735
21 444692397
33 212293850
