1000000000 1000000000
100
302873638 802518331
747916007 292283372
33204420 608466457
181499312 656928875
477590903 829513066
294341038 191147120
62798904 934216151
805380371 18054353
626190333 400064953
583470503 299444677
61994876 946533850
910863880 13769746
255232847 874165619
894912702 619240949
126622643 447963197
209734413 983996168
870550373 804613944
932200317 141721208
114053227 261457722
225575404 762987531
303554631 296537889
595483974 236002984
68082554 866329247
512146485 94429835
979306592 993733473
143604314 966801744
444426133 681917507
634607616 285928617
580044564 469154394
446915584 396164269
937300892 602505914
801731877 679476991
507356490 649743820
190518386 509943931
560230332 407371245
194574977 823183698
584655941 654040324
79915717 63943663
826756863 537100420
609050043 86827115
279192729 13862351
559591635 950457166
642215009 859724093
304134081 676408158
682415021 256877152
75638840 53335121
742851109 613600317
228246093 592910531
832183210 592341890
630995034 578245981
632715248 963297147
329146742 953925806
406385731 447981918
35241593 510328479
2795421 520015334
417793292 742875697
578741643 358872525
686670825 717716881
147565720 182043030
313803711 930915930
308819622 936966677
501108931 759160109
330248081 141734732
576668876 147817061
120752694 685409561
993011938 424545034
964230435 338436117
5896049 302925080
254192188 62306516
969399241 832604981
107241876 856979154
540028094 986182081
428259018 450478963
317933837 383387936
746200145 981522457
675058505 779763226
100942882 775985137
108454838 607630993
788370222 397446095
101360363 522450266
512606937 200743442
313377221 341601239
629671956 745359644
717618184 671705954
129641438 79891380
52886127 927304395
116963264 91031220
915641083 216393038
539663765 191767776
154940245 244816144
538749090 103712406
60138868 239582092
428942927 467735728
21351185 134915502
39709295 66096850
729054540 179012344
809415035 365420351
86423280 936336371
355889963 750898386
356051836 283159989
