40 40
300
31 12
30 38
21 17
11 12
1 28
10 37
10 13
5 22
18 21
28 37
23 40
29 32
21 33
5 3
21 24
14 15
2 23
9 33
15 31
38 12
37 8
37 26
1 5
28 34
22 10
18 29
30 39
23 34
25 37
35 1
10 7
25 11
10 38
34 30
18 1
12 1
10 25
16 11
35 40
26 30
5 15
23 3
22 22
16 4
8 21
12 23
24 29
4 27
40 5
18 15
35 38
1 1
17 28
9 6
15 20
2 40
8 16
2 36
23 18
16 7
19 38
17 17
1 26
7 21
21 36
23 13
1 17
4 7
7 7
25 22
9 11
21 21
21 4
26 5
12 27
34 38
28 12
18 30
38 23
21 26
8 33
4 37
8 2
29 31
30 3
27 30
1 16
14 2
4 21
20 7
12 26
25 8
22 9
20 15
38 3
7 17
26 10
25 17
11 27
9 23
7 4
16 27
38 10
31 34
4 9
36 23
16 16
22 18
33 6
18 40
16 21
12 6
25 33
25 15
29 19
12 16
22 13
18 5
2 12
38 29
14 8
36 20
10 4
35 18
24 21
25 26
2 7
4 36
33 10
39 34
32 29
25 28
37 23
32 3
22 27
40 17
3 28
20 17
40 23
16 12
26 36
24 38
13 14
12 8
6 39
17 31
37 17
33 17
26 19
3 13
27 9
2 33
2 28
12 29
16 29
25 34
33 25
9 17
14 29
13 4
26 23
2 10
15 39
15 28
2 8
5 33
1 8
17 9
7 5
29 40
19 37
31 37
18 16
36 12
23 27
15 4
33 40
31 9
5 6
5 23
31 31
36 27
27 38
17 2
13 36
2 11
9 4
29 3
9 34
40 31
11 37
7 24
25 20
8 30
8 31
30 22
11 17
6 33
25 10
21 39
28 1
20 23
32 6
5 39
12 30
19 8
38 19
18 7
29 34
19 1
29 36
11 18
27 8
23 11
32 21
1 33
25 40
4 11
17 4
33 37
23 16
23 31
13 27
27 14
32 27
33 9
21 20
30 9
36 6
5 2
7 10
19 15
14 11
17 26
32 8
5 37
7 20
31 1
21 40
27 32
27 37
26 6
23 19
23 36
12 17
25 14
27 17
10 29
28 19
13 13
15 24
1 29
11 30
14 39
15 3
12 32
30 18
40 11
20 18
4 2
9 7
24 25
39 13
26 21
2 37
13 8
40 28
29 9
31 14
35 19
19 4
36 24
24 24
14 21
17 36
29 25
13 3
19 19
31 40
1 27
6 12
2 19
34 33
4 23
33 35
19 11
26 38
33 11
7 2
27 1
34 11
22 15
18 31
6 22
31 20
24 23
36 39
35 6
14 14
14 38
