1000000000 1000000000
300
564885012 1000000000
960344127 628681258
408158680 909851834
858122662 770560758
836212426 1000000000
796166987 1000000000
684551326 689258793
416185912 636561293
598461411 196180912
75540237 144389694
239223463 445707890
4393274 1000000000
527186628 985033799
940721129 523276436
454981099 1000000000
989118569 442501063
1 205474789
492687932 374486228
1 168610392
1 918467941
111549329 576904461
857500936 92242966
786403730 1000000000
265571271 192030937
1 378864556
32202716 455799183
789910563 1000000000
807806764 1000000000
123890003 1000000000
608814600 175472850
1 193872062
536420417 372683013
633778531 505776384
5823772 173915631
117809241 878202972
406668961 959615605
1 292961920
1 462938286
742237853 980598295
995697552 648797636
1 550431228
28025448 350937576
1 322241861
551280379 392383148
563419944 971626312
1 754930920
525064414 319100744
330141197 1000000000
38369856 186694991
122857916 616971126
268636195 145073529
327787470 816285959
549874603 215475919
885054000 518390283
173507960 318774779
154922810 1000000000
580725515 402067172
57161928 928764942
676588601 1000000000
1 445254634
171621241 755289723
1 263778015
1 226327507
7874592 510076360
371983978 534703396
906039452 228832358
1 995089424
566145546 779999771
819874900 906716877
779698142 1000000000
1 266631608
69102286 859387767
496877059 348179588
951607129 995861798
1 785944691
464752351 605219838
719945128 722277951
737289102 85292037
45928243 60394918
827073965 18328430
162005626 521501114
1 255368541
277567848 187491927
772361113 504177869
707703987 563996908
908643839 255709834
82435276 506238058
848297824 1000000000
940061326 257482731
489702016 918483822
664470476 543834165
760552070 661670475
1 344705788
838483846 907931748
516901962 684901791
798936527 814858771
781343444 136350445
1 199367838
650002053 366434759
247985523 717888754
1 555653678
385555538 170537399
147492347 738269276
611905877 403080366
1 164374009
156783265 899664023
252941726 719531197
677749628 418756306
194780803 207438914
808659225 888858971
474884922 340382078
55328301 1000000000
556129914 15369151
473332673 97190976
596148168 775621826
720519791 843796318
600306829 76081782
259154604 742313299
1 228838101
1 121248463
937955634 318282422
189829757 1000000000
831553287 736381876
138932626 543101516
137039384 975639353
355806520 1000000000
279376426 252416715
1 585923821
632408329 1000000000
740604545 680505763
809566420 697107119
390630148 954918671
1 900782138
995539505 302723484
623001417 695049805
194705043 220855987
37894035 470331017
783449499 740665828
954343323 407834600
986974175 222194161
440423098 176216781
650882656 40391750
1 129663151
463686230 963424731
308838110 8537158
600501160 379972387
77802392 48215554
845942197 799822568
17527700 631400372
716342354 1000000000
1 516504045
798142305 502408516
466504780 436782079
53989015 723282952
509406223 749850057
892155401 418845862
118171233 1000000000
209568893 211307605
855142358 1000000000
700982277 177542234
675694178 514404390
762488128 746258768
376500297 134180003
576808816 9862339
278976344 1000000000
372416097 531963527
131294255 143942860
1 264484371
904804461 700227632
873029646 518451307
693399972 491893030
158867705 710099619
735702982 1000000000
510741902 496610788
250232616 677815230
789219424 576793629
1 801423844
153411691 706605984
13882478 929422148
512436165 404318176
1 634707851
347184737 21825212
1 602311977
817776594 991557567
648144699 114805259
860611721 795856674
71014479 107591112
629450156 1000000000
1 332579053
314687097 1000000000
520722162 338451210
653048885 534958872
194201261 198793083
826141120 971511999
352694247 1000000000
236675371 230795065
592745951 891896293
1 575979701
579813947 290096419
450189284 1000000000
241022520 191169857
544619788 1000000000
558652535 91786682
880863566 168657738
688085723 234135262
100249665 998140492
629584013 1000000000
495266858 960327759
208173249 486326050
123293048 686348528
798238219 1000000000
560955816 392350001
446072224 277579443
113044253 497099871
651617734 168858341
294112706 183521258
844552507 155296650
835541173 131631074
227029302 140913248
741152293 410988764
840334265 740953379
679483371 769853081
882711363 367743294
1 290665523
268941691 225239453
805811478 1000000000
541284566 859850547
96060433 1000000000
878895229 758382571
424784018 713722592
1 915770498
686767356 538346529
541130046 145917808
467071189 1000000000
334782366 452888614
663269542 711576935
793894940 52041708
102044970 168113417
162233206 166818413
343827812 840107313
1 956957039
891253222 52904335
104659391 987857621
520751742 387282922
972899147 417249497
436952958 663068623
520292173 351955560
87177229 24295839
700497999 730250240
119668769 451621496
806080224 1000000000
670623785 127549414
267091279 345216062
855094310 1000000000
225747484 565045041
1 159911963
44369848 111810361
1 951231692
741439929 810756089
688743331 820611468
825425104 364672607
1 435740591
643162994 12547529
492934304 304706959
839856628 1000000000
233605963 160562292
145409376 167212581
1 434102999
61221077 529486793
653378052 609989685
67510987 899091169
1 680745605
121795648 869115918
891521059 236923360
403609612 688950614
507838251 361292605
648734846 546184761
123100197 119431283
286487045 212883834
975798768 445973298
718785332 1000000000
1713283 324332829
794746008 895960628
778481164 737207314
595504069 993577157
91662760 986052723
476244060 332914787
142391485 413781932
836952509 450753361
579735259 422090439
1 1000000000
104921675 566796225
1 147052352
46186099 379314471
128528222 203635462
228643860 245333179
313049625 191077623
515536428 1000000000
969953055 154530905
46479451 819999734
