1000000000 1000000000
25
611076895 363884544
439305553 342413208
438525493 342315624
208146420 313518360
433276048 341659421
891567968 398946036
554628049 356828591
182192780 310274086
713718510 376714855
248891223 318611451
184804702 310600627
197198331 312149761
834859186 391857364
737551904 379694044
395142380 336892777
237548042 317193594
342129588 330266159
798006308 387250736
353943291 331742921
590770398 361346227
874304821 396788001
191174328 311396846
732281656 379035204
685486491 373185880
279469524 322433696
