40 40
300
23 5
15 1
34 20
36 22
19 4
31 19
11 34
13 33
3 20
18 4
27 10
37 21
14 11
30 34
8 29
6 26
32 33
8 10
1 14
40 40
4 22
19 31
6 28
37 16
22 34
38 17
16 2
18 36
12 4
38 15
1 24
1 18
32 8
6 18
35 26
12 36
25 2
38 20
19 3
25 12
2 34
35 22
10 36
26 3
10 22
36 8
29 33
3 39
5 10
7 9
36 14
24 5
5 21
1 22
20 38
8 32
21 40
5 15
15 21
28 10
16 5
34 7
4 11
28 5
21 34
4 38
15 15
21 5
31 33
7 11
24 22
25 38
6 5
24 13
11 6
27 15
29 8
23 38
18 5
12 13
35 10
38 14
36 6
26 13
11 2
33 31
1 26
16 28
15 36
28 2
27 18
13 20
24 26
9 39
37 23
2 24
20 1
4 24
27 40
36 30
35 9
16 1
2 23
3 16
3 28
25 4
24 1
26 22
5 30
6 11
30 20
29 3
34 10
2 14
23 1
16 11
19 37
7 34
25 5
37 20
27 35
12 3
31 30
12 2
34 6
3 15
36 29
8 9
3 40
9 7
17 36
4 21
29 25
25 30
19 38
32 37
23 40
35 24
23 4
2 12
8 34
35 27
33 9
32 9
27 25
17 3
37 27
35 17
4 16
23 16
17 34
35 21
26 34
4 17
27 2
37 22
34 16
16 29
23 35
30 33
12 38
3 18
18 7
18 20
34 14
25 14
27 37
7 32
22 36
28 34
28 7
2 1
36 24
39 5
5 38
34 31
9 29
31 3
22 38
21 37
30 32
23 39
9 21
10 35
30 22
11 32
32 19
35 25
27 6
21 25
33 33
39 40
34 9
5 17
32 12
37 12
31 5
20 20
22 19
34 22
5 13
36 17
11 4
3 12
13 38
36 26
9 12
26 23
7 10
22 2
35 23
36 21
25 36
38 21
22 37
7 8
4 36
30 37
20 34
6 35
33 8
13 6
24 19
8 6
2 31
1 21
40 25
14 15
4 28
32 32
14 38
25 28
38 23
4 29
14 1
2 16
5 12
5 28
7 12
22 1
4 32
19 21
17 5
40 38
19 36
3 23
14 2
3 19
40 8
21 2
1 17
5 19
36 38
15 4
28 32
23 24
12 5
7 30
19 2
38 22
4 25
34 29
33 11
6 31
21 31
28 35
3 25
23 34
17 6
14 37
16 4
16 37
37 40
28 1
6 7
6 15
6 20
4 19
13 4
8 7
12 37
3 29
30 15
14 5
39 26
9 3
7 19
29 27
16 40
5 24
24 18
23 3
35 37
16 35
38 18
29 6
38 16
19 14
18 19
5 14
