1000000000 1000000000
300
489444377 431939746
142205808 841027480
331675582 250133892
721126188 22536053
15604339 249996314
647397107 795553008
15740205 977191518
752490509 68278790
15963751 704503527
773555723 386365635
194769253 22608742
352543648 113658446
279132570 158942372
405123623 931886012
194732142 840953382
384365461 613604110
700066157 522597960
984222393 22875919
615757513 931866007
878798214 113621108
594659922 522916166
563097705 22622764
173701566 977364259
299989715 295630399
773694424 658901538
910517746 704507493
879060447 931815642
910508860 159074940
858024063 886279214
194683521 749981282
984073722 749888978
721213664 931880563
542264816 431904212
173774095 249912594
700160620 613682837
721204037 568226412
299955289 204582655
826392563 204736755
805420476 613445670
773770962 22606197
910450232 340848404
68366426 795637367
668329476 841015887
436863111 249923656
510603396 386253972
247392844 568184799
331500740 613721507
226503501 704682343
721127575 386335015
984072007 295531161
352467803 931698241
699904960 159073555
931764183 113661681
36837235 477118247
563157015 113558562
700010805 886546747
963317891 977252819
647349733 159244117
752535453 249979372
668466169 750151667
594684086 250029016
699980116 704496672
963166398 68172895
805453153 68024170
36875784 840836494
931678138 841081088
857883569 613744486
331730986 68091205
699811979 68115633
647213651 704724775
594768389 431950791
910523755 886319715
352663003 22846697
984110800 931868284
489362114 704523130
405215455 750150129
436678443 159212672
752655749 522850021
457711250 113563927
89565201 295595735
752697462 159170584
931461891 295521019
594724590 795617734
647264021 250174344
226323064 795421936
489507956 250065726
436805417 795574958
489319348 886233407
405330901 386343437
278892648 431793843
142127587 659188608
489649226 522712983
15599267 431862021
542246920 249938002
510679304 113613490
352553015 295520561
857739947 159060613
173658182 704360535
594586025 340799281
878904194 295393130
805283751 704584915
826230938 386460026
752507671 795539249
226413461 249841497
405452956 113473522
331681516 522657142
668233801 477158922
752601034 431779000
173789453 68271751
931390779 659194071
68486039 68366329
36837305 931812527
489552754 159178785
226323653 340932697
300163504 22577667
120903616 249858542
68484655 522621719
436739689 68086966
142170123 568151562
405108429 22847813
278871039 704650121
405117041 568362253
879033061 386437801
226445511 158969558
963124699 522629192
457951170 204529606
36999524 295269773
279098652 522879925
384053315 249837052
931550282 749816321
142054471 477164825
615606776 750087713
594828497 977287357
194701350 568372163
352714670 477440615
352823083 386522836
278774317 250088118
437006129 340906077
668440140 204483173
36842485 386255313
805425183 431668478
68596973 977329288
36987866 113647680
647270888 522742180
247309543 113579817
489437216 340757142
910535999 250167357
963153763 159248095
15898030 340736379
194819298 295582117
194744160 477289497
805098380 522613258
615608615 295500768
173509181 340815471
489546891 613681941
615794688 22573452
247487739 840859369
720907075 295566223
878797090 840913948
352638311 659220273
668270294 931927215
563137161 477196482
457982992 840949256
931649589 204633982
752737313 613448566
615649830 840748009
931732092 931671489
910396417 613541547
247233598 204685503
721159152 659040313
226241339 886271351
331684854 886300303
542204470 886330721
647345779 431647478
436905215 613481836
15805007 613804588
173790550 795454854
878968962 659142833
120936561 159094390
247448009 386346019
910461214 522656228
194887896 932000924
121051842 977299449
773757951 477147374
247203577 749902153
89514530 204603534
826379776 113605987
278835216 341045562
120891229 431964708
826190783 659225766
89289909 22546356
878795167 750136001
647226579 886538998
68266814 431994108
278964707 886181138
89364735 931999645
805167200 340979749
384082063 431804258
173680437 613748238
194673254 386502549
773525490 568349660
805424178 159107428
668239287 295271781
668391705 386288793
805097403 886422083
120946541 704603171
142176201 931980178
510564753 750050241
457748930 386544715
615904966 386359162
405386965 204504293
121012852 340895602
436908952 431782507
352773369 204651389
805355328 795335263
279038973 977395158
510661709 295372243
89556842 841074012
331753177 977137694
615808163 204494909
594607386 886430356
668568845 22848912
331490649 795591292
563086577 840814775
594675225 68014129
805249536 977383052
984328900 840919437
352736435 749968976
542204404 522595487
720952336 749852309
563205176 932001229
510396685 22764966
457733122 659278744
15864460 68142337
384373749 340724629
142005446 22788317
457911693 750129521
826460060 477111790
89317351 749974112
984241065 659267942
457735279 22602794
594896582 704384594
615899007 658940832
647297726 613632862
15653191 886399031
931722250 22675597
384169238 159067018
15978050 795268277
384207752 886337710
15876085 522897141
384126507 704420200
542142004 795266418
700170661 977248531
194670363 204716375
299964477 931746716
247478235 477380390
510392498 932008174
542220700 613774705
352744912 568226986
668402443 113446139
226475262 68291346
963161127 341036936
489520208 795624145
226186117 431943317
489355116 68264406
68232677 250117639
805369942 249884548
826456484 22871891
405213683 841084408
931749022 568331528
699920104 249840842
594603653 613457341
89456426 477418876
826263671 931898020
405234593 295617172
510406212 477215589
142022794 295412050
931475723 386461211
68295124 704525054
68552024 886270393
699986729 795564639
141986947 386550484
142226191 113644889
436863556 704667793
773520426 750060374
510659028 567992133
299987233 568111199
826299389 749866991
89656290 113743940
194896666 659234745
405299006 477207940
299990043 477125429
857809791 249972416
120877594 68338770
247274763 295263613
436822159 522847515
331749257 431940634
910357350 431914390
563213157 568026758
247369773 659082864
