39 40
200
9 40
2 33
16 32
14 33
14 27
3 28
5 31
36 30
15 22
23 17
22 28
13 10
4 14
24 35
4 35
12 22
28 32
8 37
7 31
1 37
28 21
39 22
12 17
7 20
35 16
10 12
12 6
27 31
33 15
19 16
13 35
26 35
10 19
15 25
18 19
21 9
11 9
39 4
3 31
20 24
37 26
22 38
13 40
18 12
29 4
31 2
10 26
2 39
2 3
18 9
14 34
39 23
27 34
9 11
6 20
17 6
7 33
25 7
30 16
13 33
22 35
1 28
6 31
14 16
11 24
14 21
18 3
19 18
4 9
33 13
10 33
1 10
27 7
6 32
9 38
27 24
26 27
19 2
32 10
11 13
20 13
16 34
24 38
9 1
27 4
3 40
16 11
25 20
31 17
13 25
30 19
12 39
1 39
21 2
6 21
28 40
33 10
16 39
33 18
7 26
1 34
18 29
1 22
1 23
4 22
1 7
32 40
18 33
35 15
14 1
25 40
6 12
32 17
33 6
8 13
14 24
8 30
1 20
13 20
24 12
10 20
11 4
23 15
10 15
19 31
15 40
12 5
5 24
37 33
7 30
22 21
2 17
38 1
4 36
21 39
25 15
39 25
21 29
4 21
6 23
8 15
16 38
5 40
4 37
18 10
20 1
14 14
25 10
9 34
14 23
23 33
2 18
24 19
32 12
28 4
36 25
18 6
5 25
21 11
30 6
29 31
12 9
9 14
23 40
38 24
1 18
26 7
5 16
2 10
1 33
14 22
26 28
1 29
24 31
1 16
18 25
1 27
32 3
1 40
31 5
5 28
17 11
7 36
19 40
31 28
10 17
2 4
30 40
5 30
2 40
19 35
16 35
31 4
17 27
11 7
2 38
39 38
7 2
12 40
10 1
