1000000000 1000000000
100
700015829 795702538
841987573 597503842
864879088 817375719
290149922 819983410
525506660 60963665
867074117 382441617
556493999 830774423
193560596 616455758
706396769 403076992
852912726 705506780
10222864 118710353
927780780 554649635
512547641 663935246
11968287 568505445
841745582 782141917
336030885 158141432
735138907 454628913
915679705 18207278
762861599 234628298
110741199 512014717
244216444 956982128
844072080 682475513
958161691 868016186
779059811 644632527
686598183 497120998
281688568 851600910
836835064 331654722
3062480 905324902
765321075 846170480
475732556 332219296
558693213 744460854
227497448 411901520
242739388 799806570
518010679 628484695
75678042 461961901
944725576 799645524
159119713 822162104
811422102 157986076
3491509 465930505
629814780 595140174
437619393 649747138
270979249 825212593
798692342 638463393
155027933 576380808
456313938 126443987
606137242 796705201
567786441 414603612
380419277 655389338
780718325 15894138
850976400 768858841
211540765 468549418
165437746 929659462
569026085 59010178
556034245 545934788
643623518 455266794
562498040 634459935
866052708 702672569
307536891 843622113
94423101 327337641
6026519 284081543
693231980 302222900
859134613 28626977
164750040 719457592
171153090 440463507
943073112 310801999
459050592 505344838
181582296 332360923
133463610 507722315
675151095 351169907
747426841 661682770
677773754 719878769
421622809 291163910
892359816 515552913
965619182 230589266
393246907 41966496
161940567 7568251
296791511 699998730
83551748 768139521
950575470 290506199
301423117 861072752
417129329 401274944
179744963 250041018
853924669 503329553
308852544 611678881
451160258 698023484
893016481 81071744
340116134 830547659
275133044 469573466
531262846 106740553
822894026 204750815
53503058 60169165
227658716 99387922
812558310 645206306
526245294 736899610
676504409 758631734
652837418 74371617
620260018 732538252
219325597 497029017
720044493 423680865
116621899 711376477
