1000000000 1000000000
25
59999964 299999989
740000035 100000111
139999972 499999797
740000159 899999809
940000104 899999905
459999870 299999853
139999925 899999750
260000183 300000150
260000200 699999915
940000072 99999821
340000223 900000130
739999776 499999813
59999984 700000029
539999767 900000232
539999934 499999907
939999901 500000241
660000088 299999973
659999796 700000151
340000205 499999939
140000255 99999842
339999799 99999936
859999932 299999769
540000065 99999852
459999838 699999920
860000000 699999930
