1000000000 1000000000
270
320165296 422794443
609592718 290440943
259684890 474264413
250151960 507353247
737764218 867647283
251369552 492646934
748630802 823529250
526132124 18382324
639798549 275735500
332717317 591911941
268203818 463235209
737763863 205882548
731795706 213235573
568909540 36764428
685786240 95588470
398315843 382352926
724698738 124999693
749847788 176470823
473867728 658088337
632479855 66176649
431090341 639705779
534793362 22058715
728386324 128676276
734923153 797794319
734923055 136029486
508725097 334558510
577254191 702205981
332717140 415440847
617367584 286764426
339302790 595588488
551977707 29411978
517439076 676470761
593651496 959559029
716506617 779412015
551978209 691176519
632480091 279412019
712011894 893382520
560480663 694853197
720737056 121323646
568909426 308823572
422745548 636029564
292740803 566176710
482561115 345588375
617368051 948529430
262235641 470588187
551977905 316176258
653915458 268382638
268204040 544117451
491274798 341911775
560480622 974264462
728386609 878676363
740315630 143382340
749391128 841911463
283493417 448529087
473868125 349264654
257426209 529411888
439519241 363970724
720737208 886029239
585505236 705882354
253798262 485294028
543412117 25735606
252433288 518382267
398316122 624999855
624999949 283088002
691511037 908088005
314213734 580882341
543412268 319852973
702253983 900735036
724698435 220588162
609592611 716912032
702254307 768382669
750000039 834558936
734922848 209558633
639797950 937499865
508724714 11029688
679834780 91911636
499999933 7353137
707259486 897058872
491275071 665440968
685786233 757353237
646946601 933823817
448022396 360293812
367520496 397058740
297745900 437500014
560480349 33088529
716506211 889706011
679835187 753676352
499999862 338235600
707259533 110294391
326335634 419117735
346084543 599264845
653915601 77205785
740315165 863970865
742573791 198529669
746201746 816176403
439519791 643382390
560480529 312499668
685786043 911764640
673664662 749999728
251369485 514706055
702254086 238970759
252432759 488970538
679834969 253676437
673664393 88235116
271613408 459558564
746202209 852940847
731795984 794117545
390407440 621323825
639798217 731617677
744536827 812500065
639798246 69852939
632480126 941176377
577254137 305147240
731795645 874999878
601683943 294117741
625000063 944853081
360201601 400735278
731795767 132352677
724698709 786764916
609592757 952205552
250152059 500000116
742573940 808823830
749390989 827206081
646946333 735293911
712012331 775735387
744536927 194853099
279263234 555146940
250608668 496323479
375000096 393382671
749847434 830882626
406348522 378676201
465206913 654411459
250000070 503676348
265077116 466912085
500000184 669117867
660697155 926470481
382631801 617646789
749391305 165441466
660696821 264705824
660697015 80882495
431090973 367647104
259684514 533088142
748630710 845588024
360201680 606617498
375000292 613970586
593651571 47794132
526132010 680147011
551978148 977941363
526131782 327205615
746202256 154411681
601684464 51470467
585505061 963235582
302997474 573529129
508725047 996323448
667282667 922794105
667282438 84559092
679835051 915440902
543411895 981617475
617368082 58823288
283493517 558823691
265076587 540441487
716506532 227941282
702254236 106617569
382631828 389706215
275301416 455882210
749847409 838235079
414494681 374999945
691511247 246323327
250608709 511029105
287988030 562500327
691511202 99264614
406348187 628676630
740315685 202205711
275301182 551470400
339302850 411764686
609592475 55146803
308488977 430147086
617367578 720588255
632480040 727941499
577254310 40441474
716506180 117647315
287988073 444852713
744536932 150735552
302997567 433823557
747566871 819852735
308489043 577206205
543411942 687499883
585504808 301470393
673664581 257352708
353053837 602941457
297745624 569852866
353053989 404411963
646946338 73529407
255463030 481617975
748630441 183823302
414494657 632352744
367519918 610293876
737764203 801470823
593651845 709558651
625000242 62499972
747566783 158088524
685785953 250000015
748630586 161764763
326335160 588235463
577253982 966911789
456588161 356617714
742573636 147059029
568909292 698529642
749999842 172793997
697002530 764705663
346084377 408088535
742574012 860293900
691510975 761029377
585505296 44117804
749847592 169117849
728386448 790440977
673664872 919117577
253798078 522058726
707259692 772058806
390407293 386029444
667282636 746323857
653915657 930147199
697002530 904411860
465207041 352941005
422745739 371323684
744537179 856617535
320164863 584558933
720736924 783087984
601684353 713235336
255463164 525735409
534793525 323529113
712012094 113970532
279263400 452205840
262235985 536764793
660696897 742646975
697002426 102941414
448022304 647058950
568909503 970588242
526131814 988970324
508724774 672793898
593651532 297794024
482560745 661764483
624999916 724264704
740315183 805147160
517438806 992646865
707259359 235294177
728386425 216911716
456587874 650735547
601684100 955882345
746201957 191176389
653915437 738970411
534793298 985293968
314213884 426470761
737764047 139705874
292740671 441176501
712011741 231617505
517439435 14705808
697002968 242647306
646946459 272058506
749390936 180147337
667282495 261029148
534793558 683823224
257425921 477941052
517439167 330882278
747566704 849264389
720736998 224264373
271613801 547794188
734923332 871323474
747567240 187499681
724698385 882353035
