1000000000 999999999
25
123456824 987654308
123456819 987654326
123456769 987654289
123456790 987654288
123456802 987654292
123456810 987654352
123456754 987654338
123456799 987654354
123456821 987654331
123456812 987654344
123456754 987654308
123456771 987654347
123456759 987654325
123456794 987654288
123456819 987654313
123456825 987654306
123456771 987654296
123456774 987654349
123456755 987654340
123456823 987654323
123456750 987654313
123456814 987654350
123456799 987654292
123456760 987654304
123456776 987654355
