40 999992811
300
40 756167738
1 755422093
1 756075552
40 755448533
40 755699260
1 755699433
40 756570280
40 755364761
1 755246371
40 756081840
1 756154293
1 756152536
1 755866341
1 755312497
40 755640274
7 340135464
3 953017751
1 755712914
1 755664483
40 755797029
9 969531054
40 755779575
1 755649953
1 755870740
1 755684663
40 756231302
40 755029575
40 755701877
40 756323328
40 755676353
36 640953085
1 755931071
1 755301156
40 756218212
40 755390196
1 755757084
40 756615933
1 755580756
1 755001720
40 755884396
40 755642717
40 755634087
1 756064755
1 755827915
1 755933834
1 755572781
40 755698060
40 755192824
1 755813810
1 755684069
40 756143567
40 756215752
1 756437736
1 755624044
8 875611067
1 755317914
40 755408217
40 755314022
1 755672714
1 755236496
40 755320479
40 756541665
1 755481757
40 755990024
40 755803579
40 754934739
1 755333792
1 755534839
1 754867510
40 755616090
23 785061344
1 755679496
40 755678448
17 245600854
40 755828613
1 755964735
1 755728397
40 756610846
34 237551171
40 755389738
40 755336823
40 754907765
40 754857429
40 756490411
40 755133430
40 755645252
1 754933600
1 756274771
21 539819448
1 755731406
13 409690814
40 754791390
1 755420679
40 755757771
11 917096564
1 754758120
1 756171586
40 755722807
1 755882929
1 755527671
40 755489411
40 755568041
1 755639018
24 43439249
40 755851575
1 755570003
1 756039290
1 756195189
40 755855845
7 663531606
1 755651885
1 756140827
1 756016720
40 755778330
1 755794663
40 755702203
40 756026514
40 755710871
40 756014523
40 754935847
1 755376225
1 755811612
40 755363467
1 756149043
40 755898558
40 755859834
1 755504869
40 755787834
1 756185960
34 753707536
1 755672922
1 755267714
1 756495665
40 754974920
40 756435804
1 755429977
1 756180348
1 755977831
1 755724434
1 755365070
1 755855463
1 755521405
1 755958790
40 755158690
1 755264797
16 672158443
1 756250580
1 756366117
1 754839787
1 756381163
40 755426700
1 755640882
40 755760823
1 755623712
29 73520899
1 755300609
1 756087521
40 755411017
13 270656626
1 755441096
40 756151115
1 755285477
40 67248202
40 755958178
25 292187411
1 756299607
1 754773053
1 755657506
35 155808906
40 755444745
1 756190943
11 702938552
40 756402929
1 755143699
35 539105062
40 756367015
40 754862718
1 756272491
33 362677745
1 755179121
40 755267624
1 755726544
40 755648045
1 755037042
1 754880710
19 28622268
1 755750570
40 755730853
40 755010832
5 936143482
1 755794954
40 755683954
1 755866324
1 756415118
40 755799627
1 755918228
40 755545616
40 755787162
1 755708837
31 673545956
1 755513030
1 755699299
40 755498696
1 755863082
1 755749222
40 755784714
40 755667064
40 755630509
1 755853755
1 755691522
40 755107849
1 756365234
1 755527939
1 755748808
40 755515148
1 756079882
1 755749609
1 755701872
40 754861137
40 755350900
40 756464838
40 755785438
1 755319097
35 83958275
1 755518693
1 755836418
1 755473633
1 756244153
40 755981270
1 756187083
40 755641967
1 755638180
1 755749667
1 756547838
40 755565682
40 755934945
40 755776868
1 755987021
40 755586807
1 755995371
1 755967641
40 755012887
1 755885245
1 756077533
40 756031990
1 756187653
1 755820449
1 755965190
40 756134268
1 755681926
1 754890913
40 755025518
40 755237787
1 755748910
1 755592150
20 3097940
40 756116463
40 755494921
40 755585629
1 754903052
40 756154281
40 756127780
1 755644886
40 755602529
1 755434951
40 756144975
40 755562791
1 756127952
1 755620162
1 756545037
40 755901282
40 756012265
40 756110319
1 146376287
1 756226437
1 755716521
40 756190035
40 755329617
40 755899884
1 755433055
40 755736805
40 754907683
40 755198681
1 755457278
40 755511541
40 755479670
24 721938507
1 756419104
1 756239876
40 755671235
40 756267279
1 756252746
40 755918348
1 755465367
1 755510776
40 755193810
40 754976367
1 756447089
1 755407812
1 755718128
