1000000000 1000000000
25
499999980 343399132
499999906 225597526
500000007 861547250
499999909 461896002
500000078 691034441
499999919 222514427
499999978 236039953
500000027 612489620
500000050 614406498
500000052 169059154
500000075 102616793
500000005 334144037
500000097 500336043
499999996 147311989
500000044 547595248
499999990 248102460
500000052 383358379
500000069 371048809
499999957 374359946
499999983 798039930
500000018 266146367
500000038 285681549
500000030 823849551
500000100 223291196
500000028 693828101
