38 38
300
30 33
11 38
6 10
19 20
29 30
1 18
30 20
11 19
23 15
32 3
32 30
5 34
7 30
34 1
5 4
20 35
8 13
25 32
12 2
6 3
1 19
38 7
35 16
14 9
37 2
10 4
13 21
37 17
34 4
20 20
14 12
20 13
36 3
10 33
5 8
23 23
9 22
17 19
13 9
20 14
31 4
11 23
17 32
12 10
21 23
31 11
17 35
12 17
31 27
3 6
10 37
2 38
5 15
21 38
38 1
25 35
19 33
11 1
14 31
9 11
22 33
33 27
7 12
22 38
37 3
19 19
27 15
4 21
21 8
33 38
8 33
26 1
18 13
38 9
6 11
38 21
35 17
6 24
29 7
14 20
1 24
37 31
16 35
27 16
12 22
1 28
16 4
23 14
21 19
21 15
37 20
16 21
10 10
9 7
11 31
21 32
11 21
17 8
29 5
19 15
15 1
20 22
6 21
19 1
24 4
24 38
3 3
16 12
24 10
12 6
35 22
31 9
36 15
23 3
31 32
27 36
4 22
11 9
28 27
15 32
15 34
25 9
13 8
12 19
7 24
30 14
25 16
12 4
27 11
28 37
16 23
1 29
2 26
30 27
11 4
8 38
30 17
25 17
20 12
19 9
4 7
38 34
25 13
33 17
37 7
37 32
19 6
28 31
6 5
18 20
30 12
19 21
9 3
34 29
31 38
27 22
29 1
10 22
34 27
27 17
15 35
27 20
16 34
32 32
13 30
11 26
3 34
30 32
16 24
11 16
23 19
24 36
37 34
33 26
17 20
12 25
33 37
34 33
3 7
1 38
3 27
15 17
32 9
9 28
18 34
15 24
35 23
5 7
3 12
37 10
15 18
17 12
37 37
23 7
2 12
12 27
25 26
23 12
11 20
26 27
37 9
13 7
4 5
5 22
15 3
3 16
30 22
30 26
13 16
3 26
5 36
6 6
9 12
24 11
23 35
24 26
1 22
8 34
18 28
28 25
9 24
3 9
28 3
33 36
35 30
12 34
21 1
31 35
12 3
8 37
37 27
1 35
34 35
16 33
32 19
21 10
8 29
6 27
17 21
12 14
19 25
5 3
11 7
23 2
34 36
29 17
4 16
28 16
32 12
1 20
26 7
34 22
15 5
22 21
34 32
18 6
22 10
6 16
14 19
12 23
33 25
34 28
29 24
23 29
6 1
34 18
38 25
28 11
2 27
7 28
30 2
9 25
6 23
35 26
35 35
38 6
31 33
29 20
21 7
17 23
18 7
24 1
4 17
7 33
38 2
13 11
31 26
27 19
20 26
2 9
29 19
1 12
17 9
4 33
24 23
1 30
36 22
8 21
9 35
2 30
