1000000000 1000000000
100
862711011 601927729
332635154 545321423
362241452 587307633
30116310 749597564
108582181 678550664
637474925 616430433
784359776 507999280
666869305 572184078
87637252 704457737
608134832 664285946
744635776 500682999
589132939 692882132
489742075 745400199
725204188 508695671
891894607 648053644
764785766 500527185
186468322 558691236
450006267 716495248
312939528 523419339
499027072 749369455
166501101 585481957
872292322 617244410
990262572 749815001
881856863 633433070
471171092 734172672
578400184 704929859
128186140 648869939
736234912 503405359
530079453 746933033
695853560 534051991
509829860 750071641
823497687 545116527
293534774 507828059
479786916 741557181
676534734 558096474
236020407 509745645
539150944 740278118
18679948 750599641
401888583 648249962
979475317 745795882
216681952 523809947
842186795 571025659
352831353 572098374
813148141 534008140
176001354 571651633
628368114 631942258
430921458 692406650
205336086 533085715
598074782 678284485
715158324 515106351
255749992 501765630
548521537 735108086
969655499 741815248
803330756 524814968
520522301 748217806
303885811 515021002
274019278 500270976
559633098 726382032
941257005 716619759
49226135 740891971
136766130 632167778
58142191 734776231
775057673 503643048
617928396 648562726
686495076 544942304
38326259 745415958
461241309 726714560
147750663 616874393
754939126 499247451
931828364 703868556
951367133 726343885
372299068 600944799
657439410 587277404
245727163 503647184
911065006 678006896
646592602 601894333
323155103 534817887
442128095 704308613
78064253 717110203
381855686 616494943
343522861 557176021
568375076 715675293
196398652 545886247
117159029 663246730
97244292 692418842
225824011 515396479
901833472 664503001
157303856 600784611
834263847 557796433
284301885 503695400
794105651 516383852
421373298 678638087
705300399 523437301
265648749 500603003
961336728 734658598
69449781 726008661
391438211 633278275
853587861 586587226
921613222 691140167
411212431 664538072
