1000000000 1000000000
100
928726043 764696650
375580170 418961839
371082575 132195766
867406178 756269836
653572760 38349187
686531294 398976045
48971801 719850555
993778576 4599956
843584800 678738510
98689299 840256129
989208023 741632477
462911847 443376132
160038550 890566730
765304836 455418643
12519884 819266092
664768 446075485
85858485 204754602
258556322 107928141
937435314 403041520
233360331 255668236
775448717 902509597
550166016 805723235
776321014 480055619
360535525 705569364
617425763 447947742
134023191 738767175
675915863 78491903
878101874 605133506
238772917 488398053
154190255 310126614
148798307 850771507
332252032 735766522
981524258 777982765
434033792 518527837
766799370 87093273
430850985 770036747
928436760 275537416
952924664 602054706
187405364 765973037
404370183 416762112
517977960 652468239
371865514 46528006
26560002 709394172
51043842 737168440
263599325 135294226
813827189 656345176
646083781 716999956
306424623 857629938
132395250 179964446
556255279 703664779
74799616 854649038
618903637 389193229
874138134 679376971
289925218 24165026
863977266 78381739
70368800 372559568
927190879 49528705
277902641 187433876
553958162 956183135
563264722 70135180
586794346 70979998
337911042 223320903
462650979 718403429
330943521 536674111
217859254 683500722
831601534 593455211
795501212 347192838
310057178 434699815
482202667 358113035
397767087 871742611
805427708 423396898
386162420 567863294
709933567 306960056
620326682 498648648
700285404 865524105
434004857 732230251
391558166 643574302
999296662 57940438
940700544 661929115
714302642 810182539
998959713 421237076
778487086 164954319
443283440 981485973
796537119 206823508
204776173 128219629
715023025 423315756
406586448 639572101
835396787 884604198
720966778 250155944
431001111 385219311
882406214 870371452
916677750 123868544
477044521 817218416
136508436 34913246
497143359 242861106
504564456 773889813
814053475 157307166
372856021 349008850
834295560 154400293
159370398 595926326
