40 1000000000
300
38 393750001
12 93750001
33 31250002
18 68749999
36 631250003
14 581250003
37 843750003
39 31250001
17 6250002
11 481250000
3 818750001
37 568750002
20 281250001
36 731249999
3 731250003
30 206250000
14 893750002
18 618749999
2 868750003
9 243750003
9 781250000
39 168749999
37 868750001
34 781250002
14 331250002
13 281249999
31 481250002
5 856250001
33 756250002
25 468750000
38 768750000
9 793750002
3 556249999
33 881250000
37 93750000
13 193750002
1 656250003
31 393750003
37 806250002
23 706250001
3 231250002
23 231250002
35 218750003
31 443750002
38 943750001
13 43749999
5 668750002
34 756250003
38 606249999
14 918749999
1 431250003
32 518749999
8 518750000
12 843749999
13 481249999
22 756249999
33 618750001
39 381250001
40 368749999
7 393750002
37 218750002
27 481250001
32 931250002
29 918750003
33 656249999
7 731250001
29 881250002
33 718750001
6 593750001
22 443750002
10 506250003
9 818750002
25 806250000
39 781250003
7 606250001
29 793749999
25 868750000
13 768749999
39 81250001
14 993750001
27 743750000
39 643749999
11 681250003
3 106250003
6 718750003
19 743750000
39 431250003
16 568750002
32 793750002
30 731250003
37 881249999
18 493750003
3 131249999
25 456250003
37 556250001
7 681249999
13 656250003
19 318750003
36 406249999
34 581249999
7 331250000
25 856250003
13 631250003
29 956249999
40 718749999
19 593750002
16 231250001
28 668750001
9 731250000
25 556250000
21 518750001
14 18750000
29 806249999
17 568750003
21 643749999
5 843750000
5 418750001
26 531250002
40 806250000
5 781250000
40 481250002
13 806250003
5 18749999
37 618750002
17 881250000
9 668749999
33 443749999
33 56250001
29 831249999
21 818750000
19 293750002
33 631250002
40 68750000
6 618750003
27 556250000
26 418749999
11 268750003
23 281250001
5 656250000
37 643750001
18 168750001
35 531250003
11 218750000
11 256250000
30 506250002
5 943750002
37 493750001
29 81250001
31 868750000
10 993750001
26 268750002
13 718749999
17 331250002
23 318749999
1 606250002
18 381250000
21 143750003
8 31249999
27 506250002
4 931250003
4 581250000
26 543750000
8 456250000
7 768750001
19 143750000
25 381250000
32 643750003
17 518750001
21 806250002
4 693750000
39 143750000
35 243750003
21 668750000
17 318750001
37 506250001
5 118750000
38 993750002
15 868749999
25 606249999
36 256249999
12 556250002
2 918750001
16 956250003
13 418749999
9 256250001
5 806250000
1 343750001
15 756250001
12 918750003
20 693749999
13 131249999
11 618750000
21 543750003
11 431250002
10 293750003
30 231250001
36 206249999
31 418749999
19 868750002
36 418750001
28 218749999
37 81250002
4 218750002
12 318750000
10 118750000
37 268750003
33 993750002
21 568750000
33 368750000
5 968750000
35 843750003
17 793750001
17 631250002
10 856250001
26 693750001
19 431250003
37 468749999
14 356250003
16 268750000
2 206250003
39 756250000
32 831250003
23 881250002
33 768750001
37 543750001
35 668749999
38 656250001
7 93750002
31 943749999
29 181249999
21 81250000
35 968750002
7 893749999
9 368750003
33 118750000
20 31250003
7 56250002
30 106250002
11 181250000
10 143750002
16 93750003
25 618750000
20 531249999
40 968750001
15 118750001
34 393750000
5 181249999
17 731250003
16 181249999
9 918750003
3 406249999
13 981249999
24 368749999
28 893750001
31 781250002
21 943750000
32 381249999
36 356250002
23 56250003
14 906249999
5 556249999
13 693750000
15 156250002
13 18749999
39 281250002
8 193749999
21 918750000
34 568750003
17 968750003
21 306250000
29 968749999
29 281250001
2 993750002
8 381250003
35 18750002
23 18750002
32 556250000
10 581250000
17 456250000
31 543749999
6 956250000
19 781250003
39 318750002
1 518750003
18 18750001
25 318750003
9 706250003
30 693749999
40 743750000
29 993750000
40 93750000
24 206250003
2 43750000
23 743750001
9 381249999
24 631250000
13 668749999
33 331250000
33 706250002
17 368750003
