335563010 332545567
25
106441293 332545567
117303130 332545567
335563010 272104540
335563010 47336793
335563010 171741328
315104367 332545567
335563010 258033462
174568335 332545567
170964494 332545567
335563010 68594399
304935196 332545567
97310526 332545567
99941575 332545567
12373018 332545567
335563010 300264536
276539788 332545567
335563010 15746847
53915048 332545567
335563010 327250878
335563010 84908257
335563010 117047317
335563010 146910944
212916522 332545567
335563010 203687624
335563010 124878569
