1000000000 1000000000
100
687499990 187500017
691054532 301146309
937499988 312500002
687499994 937500007
579878939 781071766
187500018 562500000
187500009 937500018
562499999 562500008
562499985 687499991
562500019 937500016
62499982 562499999
937500012 812500017
62499989 687500003
812499999 937500017
62499984 812500021
937500015 437500007
312500018 937500014
310036583 458285811
437500003 562500008
187500017 62500019
187499985 312499998
551496441 203279853
562499982 187499989
385303681 659168721
687499993 687499989
937499996 62499981
62500001 187500016
812499985 812500019
215537495 587684728
687499983 62499990
312499984 62499994
437500005 687499996
562499985 437500006
387044421 605121137
651037194 233648487
562499997 812500014
812500008 62500017
812500006 437499986
756329791 763987426
339496512 78316611
197312044 768557064
62500007 62499998
62499999 312499992
62499998 437499983
937500012 687500008
268334702 842311165
459996228 460720267
524391767 192601086
823409986 317268352
146104556 706720412
437500014 937499998
437499996 62499999
687500013 562500010
683723088 137815207
312499988 562499983
937500008 187499988
312499983 312500011
312499996 437500008
269415213 79920022
565728845 553063446
437500007 312500010
312499989 687499999
892265260 697335606
437500014 812500003
433841809 376362078
562500021 62500006
687500004 312500004
84457580 4066978
437499989 187500014
562499991 312499996
390328103 84288188
312499989 187500012
312500000 812499993
187499988 812500020
187500005 437500012
187499997 187500016
175638635 223798743
937500001 562499987
687499989 812500019
216905502 669638502
160478500 315332550
687500004 437499994
128358363 704990066
812499988 687499999
194084159 334597203
812500007 312500001
474426716 207645837
62499983 937500018
972563160 513965874
930181948 227235337
35912372 755457475
138588828 121235235
937500015 937499996
812499982 187500011
187499994 687500015
437500011 437500017
791201952 736399743
812499994 562500003
435712551 60736620
141083074 419107650
