900000000 800000000
100
539328722 46933087
1 346231212
7996497 1
319791651 800000000
540027394 800000000
15682268 800000000
65965842 752502190
1 94613470
341707243 800000000
604531347 1
662868480 1
842989035 800000000
447334492 1
747654645 800000000
1 395951805
376289914 54497461
900000000 181873065
1 799100311
900000000 229088859
240408182 532073420
618650980 800000000
10399960 800000000
345185561 18706731
1 460543390
1 1
900000000 1
900000000 592790773
409606708 800000000
523249018 1
30570938 314595373
617505501 800000000
75924016 127294259
654219541 158792614
1 75625546
900000000 492717230
49467859 800000000
900000000 42765409
900000000 131777617
171264430 510492068
1 800000000
584188006 321571663
399666842 800000000
767104883 1
433989844 178383715
900000000 192482940
404588152 89531083
872088518 41754942
174616323 800000000
633287325 800000000
900000000 106640062
498341869 61115616
854019478 1
1 453717072
900000000 48776702
12673777 561661720
74406790 776801197
645739380 320914524
604114456 516836182
1 482386841
454355427 1
800964667 1
900000000 77683321
794799470 400464001
649983843 1
1 69041970
225663162 800000000
217047937 800000000
1 332698339
779008821 800000000
281879487 472507245
237474391 49652964
900000000 133394796
764353547 620892932
114560282 800000000
1 746010302
900000000 311234619
589346717 69873780
507417541 800000000
470622115 1
900000000 359125617
796361033 666076506
303450547 522931015
32555833 296741760
1 277069346
167396346 566594678
900000000 800000000
762505227 1
1 703306639
557597419 1
796275483 1
1 272443851
900000000 734458837
106787957 800000000
112427972 800000000
844528120 800000000
900000000 511480082
674898704 800000000
161275643 800000000
778023778 79385293
900000000 364335606
