1000000000 1000000000
100
855090718 688743004
656729697 988798850
355808853 386266222
341590297 423952911
156130053 756093340
850385829 149630244
858212777 287892688
359305700 682324504
159865123 815937328
143876512 185691060
146370821 599761929
648804157 621881128
344064714 309618221
858715171 951387409
844796838 93292334
147960826 340154297
655624423 77987211
159250539 557973325
338463271 490051983
144814838 889982604
148243301 955585302
844840249 184918341
139963020 788838989
351479377 232359814
651006938 253991011
646870636 698494731
356552717 529472202
150301998 352044410
851445789 559688868
358637966 966766681
859201769 902939534
347313983 799058597
838980656 460422616
139115297 70795691
344501506 784093189
659667060 189612827
857450597 212666266
142488243 932063034
145468373 993026316
655506940 913649600
353582998 344388419
852141724 117393690
361895509 297453382
853846477 721349032
850717601 796588982
640542963 283525668
340818984 855399742
149550987 638147690
140996961 487769750
660309750 44042237
842191071 503713342
838213657 340512506
359620456 886096134
339414626 939257795
841987584 768372817
141421670 847840814
651583955 967315887
642464467 129936507
140761508 514507772
143676576 715829315
839105619 830448363
645431822 415983395
352803326 474361657
345016449 610143599
152832769 289635116
642117792 553956012
838081359 655514604
660900290 310169530
360842520 845279173
348885375 182131802
351312638 274627433
650120002 498642799
643669661 27930338
642436277 682794977
159080704 421838664
848224736 986648104
654012322 852548088
146776038 126830365
359837301 402139965
844742121 630785586
844972230 743130617
644495798 887122975
653398593 660361679
861454238 74938213
138193154 240500995
845422565 369446358
348652724 121949837
855854605 929564007
661595395 487541444
642440097 167206344
148398206 917989088
341157211 724663778
152954183 298554168
340140474 750547674
850154170 232699726
158088065 735369306
656780158 330178328
346145263 139850525
349345638 40029283
148178941 624336823
