40 1000000000
300
23 549509844
40 95786908
40 39290135
13 992491098
26 87052294
40 231331522
19 288109792
23 482918072
1 27192653
25 931473083
40 1
12 695623563
8 518257580
1 40343403
40 271412132
40 24291430
1 776119616
29 837580112
5 24636122
2 883373187
31 209930451
37 133788324
1 224219724
1 1388037
40 20477605
40 45800172
21 208033121
40 20722304
35 594885358
40 256437020
31 301696732
2 56088582
25 752988789
26 609355382
2 495897105
33 770519671
14 205155394
40 117156378
18 922784058
34 638880656
20 560977386
1 121438658
6 19458486
19 458757178
40 155732827
14 140257985
21 67391852
33 725271742
1 227275153
1 32320147
2 101465883
14 79719123
4 598749248
35 212958443
29 872095260
1 458429134
1 27678125
1 152666785
8 497446934
33 428171317
31 61329982
27 823474288
21 267615893
40 691973917
34 424941489
10 689383213
40 859804590
29 512147243
1 51469838
38 630129498
6 490304179
1 81336605
33 612876559
13 373405701
2 925119433
25 899023426
16 444372729
32 612379230
25 356249959
40 29309722
40 43299875
37 987499723
17 305875970
1 124089520
1 76707561
35 611115043
21 730505350
7 310268118
1 165193286
40 241412278
35 984005003
32 785827219
33 864131607
1 135955277
1 128734979
26 546008115
18 604871831
26 447926254
40 49789090
1 18327032
30 849552126
40 106962907
7 134823390
11 19659374
1 15588483
34 421226381
38 851908439
40 16335175
35 889175770
7 450391537
28 688319882
35 121485827
40 43068545
30 462880144
1 35430466
10 33801342
40 108861556
27 728686419
38 316299199
1 69536517
8 795232504
1 468409785
1 225949570
24 199735756
21 945993627
37 152213330
10 509377773
29 869705335
38 596766956
27 828789923
1 870825
6 707479997
28 403491261
3 738367694
13 612650234
1 189552074
30 845526004
18 158938410
5 931609900
40 24764239
25 876573161
39 350671846
28 652125229
33 962106991
16 687787294
1 1
3 80553655
10 528802587
28 818310294
40 3010848
37 176100275
13 242449436
40 496281422
11 110709373
29 886068204
11 102035007
2 904727259
9 959822400
40 10675240
37 693735560
38 750278266
1 109200520
1 64049964
40 19114341
1 92178623
40 163694860
7 218274804
12 669441638
11 353443984
1 123378106
40 42422213
40 64016264
31 591797939
6 698587963
18 949333335
31 149626484
40 34707022
21 320318067
40 141555620
26 89591834
13 42931072
21 404631374
1 111104870
1 766586453
27 189531438
19 182854175
1 271288077
25 652793490
27 359104595
1 145320592
27 532791301
40 224986849
5 18279167
25 82042395
17 655031013
1 74050820
34 201610352
40 18382787
1 637603752
28 391497564
40 11630268
21 160279378
2 791172647
34 592098144
1 107240814
21 79384872
7 648832011
10 593752153
35 793691507
31 244788422
1 2316610
12 575974876
9 64010844
15 177755543
1 8852592
35 150541150
40 77972405
30 160988247
6 878386708
13 630664907
13 425325874
1 29946144
18 413537323
32 270806641
24 746971289
1 14414095
40 67379668
30 398025444
1 18657287
36 908466842
36 770337426
22 225906657
20 924676599
39 656549305
22 870696300
5 686438376
8 811181368
40 65860682
40 134939189
1 87966955
1 216652158
24 476420199
5 443637706
25 574834101
30 736400210
11 82047681
40 137152821
15 772960309
1 2287921
21 868627007
1 81485448
38 765410650
38 696637530
19 942040095
5 452140825
40 177765517
1 709488597
25 527617079
20 129256383
5 543784886
40 47185094
40 994638849
28 553149506
40 224692578
9 270332140
39 98685822
18 531726079
40 128477680
5 330404513
1 104198216
14 160607978
16 20707161
33 641270532
11 393421792
10 549574268
40 111390310
16 444863638
10 997355150
40 44145580
28 488207551
19 927710218
26 448506626
8 351567314
31 517260790
1 165523248
26 825185305
10 93286959
40 425985381
25 495770437
40 82002600
13 930411401
39 622665521
10 796996220
40 124106887
10 825683303
32 204873430
28 407626065
40 2917733
1 248965753
23 216449913
