1000000000 1000000000
25
499999999 565789472
499999990 250000002
499999996 749999995
499999999 144736850
499999993 513157893
499999992 644736853
500000010 13157889
499999998 118421056
499999993 197368414
499999990 592105269
499999994 486842107
500000005 276315783
499999994 539473685
499999990 618421050
499999994 828947364
500000006 407894748
499999991 881578946
499999995 802631588
499999995 697368426
500000012 39473691
500000000 92105257
499999996 907894745
499999999 776315796
499999996 960526322
500000004 223684202
