1000000000 1000000000
300
388694842 555568635
199338847 555555337
212631261 555563935
196004385 555550036
591356646 444456869
225926198 555544180
219253802 555553225
348851426 555551943
750816199 444454500
624578086 444458617
282403542 555550243
372106165 555543016
265795800 555549443
66438129 555566661
146180338 555553586
86388512 555555751
923595222 444432987
933539380 444447012
451813826 555565590
880385022 444431322
863792978 444436820
541534295 444435703
601340079 444430886
229240350 555569477
39882347 555545854
245837669 555550751
149509390 555565187
857139042 444456268
23268633 555564101
528253899 444448264
29911601 555549975
249158485 555550929
983378707 444442468
873753860 444438247
136197612 555555509
255825846 555547710
398686269 555548815
209295691 555556433
641203761 444450087
897009740 444437622
604647924 444450206
491699333 555552813
704333088 444432699
408651244 555562590
411947434 555550266
906963832 444449193
860478314 444444572
362116926 555544910
378721937 555568990
883708341 444445002
428567991 555559865
657792843 444435491
189360327 555545883
598009683 444439087
953487921 444456432
730891451 444434985
754158220 444429147
395341693 555567145
757490738 444454715
581383884 444439562
93017146 555561042
455158687 555560866
787360308 444445260
943536068 444453813
186037672 555559151
511627997 444457009
335554688 555557899
328913067 555568355
694355876 444431799
970104268 444436903
312280742 555566533
574738434 444450190
368759513 555541080
488382225 555564002
475069937 555566506
9963172 555567478
302327608 555546510
813938833 444437922
289026026 555544414
950155229 444454092
820608692 444431031
375417092 555564091
308976762 555546293
747501215 444454056
797356284 444434151
99683390 555563474
724254389 444449876
448499784 555543096
903667175 444448149
59815236 555562116
823922749 444451959
654499048 444432561
664450159 444430314
501667858 555570256
790706396 444434587
538192499 444435342
508301714 444446384
784051407 444432051
338881856 555549638
49842009 555563736
551495299 444447813
710961468 444454166
568101105 444433611
431905734 555549079
770768877 444456572
727563402 444431110
916935078 444443731
744198991 444442202
358815637 555547509
780742513 444454073
681069991 444440440
810639735 444457069
116294116 555570472
345519544 555563764
734215019 444450137
401989393 555563658
817271284 444448169
441846826 555558546
960137111 444457843
667773026 444455826
6632076 555558040
46516675 555558830
461778642 555558172
548164951 444430518
122913956 555540050
504976303 444459330
465125298 555553601
691027893 444431281
342197569 555565462
262457897 555566675
913632002 444435909
33225658 555571141
322267937 555558575
807318351 444444460
53148912 555544637
76414987 555541024
956825973 444457020
990046124 444441369
890378781 444450819
445185559 555554413
936880629 444430663
215939979 555554875
651152395 444458131
109632545 555565775
700995080 444448677
740855602 444445272
661138021 444446163
73099548 555565417
544850612 444442397
837214449 444455085
126256051 555543489
720925119 444434697
392012255 555552334
777412228 444456580
205973426 555553442
966778211 444444648
235875579 555542732
558145346 444458568
900327688 444453736
634560577 444449908
588042291 444456331
631219968 444447137
531566775 444448813
607981284 444459700
176072276 555561320
285702879 555541693
139542730 555543110
182732477 555559367
827237278 444453655
298993609 555563911
365439572 555566103
920263689 444435936
83070389 555547130
877067860 444446921
561470567 444459180
239211030 555562387
103003423 555550314
870438692 444458056
192680991 555556427
382050934 555546584
156133577 555548335
318927648 555553879
79725251 555550768
996674544 444450747
325572600 555548416
930219102 444431687
794028784 444438064
611292586 444443518
152820945 555559623
594686703 444433011
269098262 555559177
674413846 444453420
485064450 555569636
478419610 555546202
142850864 555544903
867097986 444429382
355491887 555568779
671084126 444444638
242534395 555558927
19934764 555552915
578088615 444436971
421919329 555563300
764104805 444432338
106314230 555558063
415274865 555558111
172752812 555550253
295690061 555554875
279063843 555560657
352166902 555540550
129574507 555551385
774078389 444452559
26577853 555555167
677738643 444446972
843845978 444442239
847175996 444429371
707650177 444443939
222605291 555555877
119588474 555550351
69765049 555557446
458475586 555567733
63116777 555561470
850486008 444428988
910298693 444433870
36553058 555543713
56470631 555545975
760787671 444448466
830555320 444450648
96345606 555561991
946841035 444436478
166104511 555549528
13275142 555549490
767436389 444435339
481739441 555552352
637883105 444436796
435211377 555568282
471752220 555551410
584730364 444435362
521605105 444429712
684380230 444430522
940190418 444449420
687718633 444454338
717598296 444436254
627921631 444441616
926914162 444455991
468437934 555562583
614607711 444437192
89693252 555563889
524909764 444454500
803988070 444428902
840542639 444446840
498335680 555543897
315612741 555545713
275759119 555564260
617943927 444452146
405312131 555554339
973414458 444440490
833886319 444454752
571443550 444446511
112946324 555551036
714281810 444440036
976757083 444438801
292362320 555554190
43180378 555550741
697674829 444442036
418616658 555556306
438546540 555556048
132888720 555540155
986703621 444439335
169424142 555549225
272414751 555558607
853823158 444457901
564797134 444456577
963455067 444441843
305638325 555564518
644511234 444430933
518273577 444437201
159458463 555541737
332215194 555561415
534889318 444438827
893694398 444439303
737555372 444437139
179389791 555557045
202648248 555554766
16610426 555555461
259139446 555564229
554809356 444458839
162775698 555541018
514942078 444459501
647855100 444453424
993357090 444445127
425233701 555552633
887034873 444434053
980073195 444442570
252499331 555559379
232547797 555562176
800675623 444458511
3327011 555570750
621251633 444435100
385375512 555561502
495026901 555554001
