50 50
4 13 28 28 28 4 28 28 1 4 6 14 3 4 1 28 3 13 8 0 6 3 24 4 1 22 2 8 0 8 4 12 1 24 8 4 9 2 2 6 14 4 2 1 28 4 13 0 10 2 
28 13 14 8 13 2 0 28 12 4 4 13 8 2 13 6 0 0 4 2 22 13 4 2 2 28 4 13 4 13 4 2 6 24 4 24 28 6 13 3 8 4 6 24 1 8 2 9 3 3 
12 4 1 4 8 22 12 8 28 2 8 3 6 20 4 8 13 6 1 4 14 2 0 4 0 6 13 2 6 28 8 20 4 1 28 4 6 6 6 13 8 2 6 4 4 0 20 12 6 0 
28 4 20 0 0 2 3 1 28 0 22 8 28 6 24 4 2 13 28 6 8 22 2 3 4 13 6 13 13 6 1 20 0 4 8 0 20 4 20 12 24 6 6 4 6 0 1 4 1 10 
13 3 1 12 12 22 4 4 2 0 12 1 24 6 14 4 1 4 4 13 1 20 1 13 8 13 2 6 3 2 12 6 4 4 8 1 6 3 0 8 8 16 6 8 2 11 3 3 11 2 
6 2 0 8 22 4 6 20 22 12 0 2 1 12 8 2 8 4 22 12 2 13 28 8 22 4 28 4 24 4 4 13 28 28 4 13 2 8 0 6 5 2 30 3 1 2 9 27 5 4 
0 1 4 6 20 28 0 6 4 0 1 2 3 24 0 20 8 3 4 20 28 13 1 8 8 4 4 2 28 13 1 6 13 2 1 1 1 12 13 1 2 1 2 15 7 1 16 13 16 6 
2 14 20 28 0 3 0 22 4 13 0 0 2 24 4 28 6 8 0 0 28 13 4 2 12 4 4 4 1 4 2 12 1 4 13 8 1 28 28 9 2 11 9 26 1 1 25 1 11 5 
6 3 3 8 4 2 12 13 13 8 3 13 12 2 0 28 8 28 1 4 6 4 4 6 4 3 1 8 4 3 0 22 6 1 28 28 4 6 1 11 20 26 2 26 1 2 11 1 9 4 
4 0 1 0 0 0 4 20 6 13 1 13 3 2 3 8 6 4 6 4 13 4 28 6 2 20 4 0 6 6 14 2 8 13 12 1 28 2 22 9 11 1 7 11 1 20 2 9 17 27 
2 3 6 4 28 24 3 1 8 2 3 0 28 4 0 28 13 4 0 2 6 1 6 0 0 14 8 2 6 0 13 0 28 13 1 4 8 3 1 9 29 2 25 11 1 20 1 0 9 0 
8 13 28 3 0 4 3 8 6 1 12 1 4 4 22 24 3 2 13 8 14 13 28 3 13 4 8 4 24 4 4 12 4 0 28 8 2 4 8 0 11 11 11 1 1 28 25 6 2 3 
1 13 13 1 1 3 6 2 20 1 1 28 28 2 28 4 3 2 28 1 2 4 6 3 14 4 4 14 28 2 1 28 4 1 28 1 0 20 4 1 1 2 9 26 11 20 2 4 8 4 
13 0 20 4 2 6 0 4 0 6 0 6 0 24 20 1 8 24 1 14 6 3 3 3 4 6 3 0 0 0 4 3 2 28 8 0 3 4 2 9 5 5 5 1 11 26 11 2 13 2 
6 13 0 3 22 2 20 1 4 1 4 24 4 2 8 3 28 2 2 4 4 3 1 3 13 1 4 13 0 2 8 1 2 1 24 4 28 1 28 28 9 1 9 20 11 17 11 6 0 0 
4 4 4 6 4 6 28 2 12 2 3 1 2 4 4 13 2 3 0 4 28 0 4 0 2 4 3 6 3 22 1 8 6 1 4 28 3 6 14 1 29 1 11 1 17 11 1 4 0 4 
20 2 4 1 2 1 6 6 13 20 2 20 0 3 6 2 24 28 4 28 4 6 1 4 0 4 4 13 4 28 6 28 0 4 13 28 0 8 13 16 2 1 9 4 11 7 5 2 2 1 
24 13 4 4 0 13 4 13 14 2 28 13 0 1 8 1 1 20 20 6 4 13 4 14 24 0 28 4 2 8 24 2 0 1 4 2 13 2 14 8 16 8 16 1 9 9 1 22 28 13 
30 27 8 2 8 4 3 4 6 4 6 0 4 8 2 13 1 6 4 13 13 4 28 4 8 4 2 24 3 6 8 1 22 8 13 2 13 2 0 28 1 26 2 25 16 28 2 13 13 1 
3 10 2 17 1 28 2 17 28 3 4 3 13 1 24 4 2 3 4 4 3 6 6 2 0 8 0 0 3 4 0 4 4 1 0 3 20 4 24 0 25 16 4 2 0 9 11 6 4 0 
3 4 5 17 8 1 12 3 28 6 4 4 0 4 6 4 0 28 6 13 22 1 4 28 1 8 13 2 3 2 1 6 14 13 20 13 4 0 4 1 8 7 25 9 25 11 11 8 2 0 
4 16 3 5 6 0 1 30 28 2 2 0 3 3 13 28 2 2 28 6 1 2 28 3 4 2 12 14 1 13 13 4 13 28 2 0 2 0 4 2 4 4 24 0 18 5 4 6 2 3 
9 14 3 5 11 13 0 10 4 1 20 4 20 1 13 4 13 3 2 0 8 3 0 20 13 8 3 1 22 1 6 8 0 13 3 13 1 4 22 1 1 1 0 13 0 1 8 28 3 3 
9 13 26 7 0 12 5 3 1 4 1 28 28 28 13 14 4 28 13 14 12 6 2 0 13 13 13 2 12 24 1 1 3 0 13 4 28 4 6 6 13 6 3 4 4 0 1 6 24 1 
26 12 4 3 19 1 1 1 0 4 1 13 4 28 12 2 3 4 0 0 2 1 2 28 4 0 1 12 28 0 6 4 4 2 14 28 2 4 3 0 0 2 24 4 8 1 8 4 3 0 
0 11 3 2 3 1 23 8 13 6 6 13 3 4 28 0 28 4 4 1 1 1 0 0 13 4 6 4 3 1 3 0 4 2 8 22 4 4 13 2 28 6 4 4 2 20 28 13 24 4 
9 2 13 4 2 28 13 4 22 0 3 12 6 2 4 28 0 6 6 6 3 28 14 13 3 4 28 22 1 22 22 14 24 4 12 20 2 1 2 28 8 6 4 28 4 2 4 4 3 3 
7 1 0 4 22 28 28 4 8 6 24 13 8 3 4 2 1 24 0 1 14 13 4 2 3 14 6 3 20 4 28 0 6 14 6 0 2 20 28 6 8 4 6 2 4 4 2 14 14 3 
20 22 14 0 13 2 2 8 0 4 28 1 6 6 20 13 13 28 1 28 28 4 2 13 2 3 1 4 0 28 6 12 1 2 20 14 13 6 28 6 4 2 13 4 6 0 22 13 3 28 
20 12 13 22 6 13 0 28 3 8 4 1 6 4 2 13 0 0 8 6 0 2 2 4 20 0 13 28 8 2 3 28 1 22 22 13 1 6 1 8 14 13 4 28 2 6 2 3 12 3 
4 2 4 24 0 13 0 4 4 12 2 1 2 1 1 1 28 4 20 6 13 22 6 0 4 13 3 2 8 3 4 4 12 8 13 0 4 12 0 4 12 4 6 22 13 4 3 12 6 4 
6 4 6 3 28 18 4 4 4 13 2 4 2 4 4 4 24 8 13 13 6 6 13 0 13 3 20 4 4 3 13 20 13 4 1 13 28 28 12 24 2 8 13 8 4 3 13 20 4 13 
11 22 4 0 4 6 20 28 28 0 13 3 6 4 4 3 6 0 4 28 13 3 13 28 13 4 8 1 2 0 4 1 6 2 0 2 28 13 28 4 1 22 20 12 13 1 24 3 4 2 
20 14 13 1 4 6 2 6 2 8 2 22 22 4 6 2 0 6 4 2 4 2 3 6 22 0 0 0 24 13 13 13 28 22 8 2 8 8 4 2 2 4 13 13 22 4 28 8 13 3 
13 2 3 1 3 13 6 6 0 4 3 1 8 4 0 4 13 0 1 8 1 0 2 13 0 4 1 8 0 28 4 6 0 0 8 4 0 8 4 1 24 20 14 4 28 6 24 4 6 4 
7 28 0 13 0 28 1 2 6 6 28 28 1 6 0 20 13 1 3 28 28 2 0 13 4 8 3 0 13 0 4 13 1 13 2 4 12 0 6 2 8 2 8 4 2 6 3 4 24 4 
25 18 1 12 4 24 4 0 6 13 20 6 0 0 2 20 13 13 4 0 13 12 4 13 28 4 6 6 0 2 20 14 13 22 0 8 8 4 14 6 0 3 12 4 8 4 3 6 2 12 
33 8 4 2 8 28 0 3 3 6 2 1 13 0 14 6 3 4 6 8 22 3 14 22 28 3 6 4 4 28 4 3 13 8 12 2 0 3 3 8 13 3 2 12 2 22 0 2 28 20 
0 8 0 13 13 1 24 0 1 0 3 4 2 13 4 4 6 28 2 2 1 3 4 13 2 0 2 13 13 2 22 2 1 2 13 24 0 4 0 2 1 20 0 6 0 2 13 28 1 1 
1 2 4 0 28 28 4 6 4 0 24 20 28 22 13 6 28 6 13 8 13 13 3 8 3 4 4 4 2 6 12 2 28 2 4 4 3 0 0 2 22 4 0 6 8 24 6 2 4 1 
11 3 6 1 6 14 3 22 0 6 1 3 13 6 14 13 3 12 1 6 4 0 4 28 13 2 1 2 2 28 28 13 4 6 14 13 1 6 2 1 6 1 22 2 2 4 6 20 0 14 
15 6 3 0 28 4 4 13 13 13 6 4 1 4 0 0 2 6 6 6 13 28 3 0 13 22 6 3 12 6 4 12 6 12 8 4 0 0 2 0 6 8 13 6 24 1 13 0 4 28 
0 6 4 0 6 3 3 4 14 3 12 13 8 22 24 1 0 2 1 4 4 28 2 4 4 22 6 6 0 28 24 14 1 2 6 0 6 6 1 6 2 0 13 6 13 4 8 4 14 6 
8 8 4 4 6 1 2 4 4 28 4 6 3 8 13 6 4 6 28 1 4 3 12 28 28 2 28 4 3 1 1 24 0 28 1 2 28 8 6 24 14 4 6 2 1 28 1 0 14 28 
10 3 8 1 3 28 14 4 0 20 20 6 1 6 14 4 2 6 13 2 28 0 3 13 6 3 22 4 1 4 4 24 13 1 22 24 2 0 2 6 22 3 4 4 0 20 3 0 6 13 
3 24 12 24 14 13 4 2 13 4 4 1 1 4 3 0 8 4 8 4 0 13 0 12 22 8 0 13 4 1 2 0 12 3 24 4 8 22 2 28 2 3 8 4 1 6 0 14 6 1 
1 28 13 22 14 4 8 13 12 6 6 20 24 2 2 1 8 1 0 14 4 24 2 22 3 4 8 6 28 4 14 13 1 0 28 13 4 4 13 2 4 0 0 2 2 2 22 6 2 4 
8 4 8 14 1 8 6 28 24 22 2 8 3 22 4 4 6 6 2 0 12 0 13 28 28 3 2 1 14 13 13 24 20 4 2 2 13 3 20 4 1 13 24 1 2 1 29 33 7 14 
1 5 32 10 0 5 4 3 2 0 13 6 1 4 13 2 3 12 1 13 13 13 13 13 6 0 4 4 13 14 13 13 20 12 3 28 4 3 2 1 1 4 9 5 9 10 3 4 7 5 
0 3 26 12 0 17 14 0 19 38 22 25 0 12 2 12 2 4 4 4 6 13 2 4 3 28 0 2 1 4 4 13 13 6 12 6 2 1 3 1 17 14 3 16 1 0 9 0 15 4 
24 15 33 33 32 12 30 33 39 18 22 26 5 12 13 33 5 35 10 2 14 5 29 18 39 27 38 20 23 20 9 16 3 29 10 8 37 38 38 7 26 24 17 13 33 8 21 4 17 27 
33 21 26 20 35 38 23 33 16 8 8 15 10 38 15 7 4 4 6 19 27 15 12 17 38 33 6 15 9 35 24 19 7 29 6 29 30 11 35 5 25 6 11 29 39 20 34 37 11 27 
16 12 13 24 10 27 16 10 30 19 10 31 14 28 18 25 15 11 3 18 26 19 4 12 23 22 21 38 11 30 20 28 12 39 32 12 22 11 7 35 10 38 11 36 8 1 28 16 15 1 
30 9 28 4 2 19 5 3 30 4 27 25 33 7 29 36 17 15 33 7 25 27 34 5 24 15 11 35 35 14 13 28 1 8 10 4 28 9 28 16 29 11 7 6 7 23 39 9 27 24 
21 5 13 16 16 27 24 8 34 1 16 39 29 14 26 12 3 18 18 35 39 28 3 25 20 25 19 7 37 38 16 14 18 36 10 3 7 5 23 11 37 24 21 30 13 38 38 34 20 10 
11 17 1 25 27 6 7 28 27 16 2 34 39 16 10 34 25 6 27 16 38 21 33 10 27 12 32 24 29 24 6 21 33 30 9 15 38 10 1 10 21 7 37 5 10 10 23 39 12 13 
1 3 24 11 28 32 23 22 36 4 39 34 5 29 4 28 25 5 24 28 33 15 3 20 20 36 12 19 30 15 13 22 15 19 39 13 3 16 25 2 7 19 7 22 26 10 35 27 28 19 
17 26 28 33 2 5 4 27 36 15 2 1 19 29 18 33 7 25 2 23 30 35 6 38 16 8 12 9 39 36 34 16 39 24 25 20 13 33 32 16 3 30 14 33 4 5 34 9 35 14 
22 5 5 10 6 38 16 21 35 25 37 35 16 19 23 30 10 30 39 18 22 6 18 22 36 37 3 20 8 37 1 27 22 3 32 32 9 11 3 23 29 31 21 31 19 9 27 7 25 7 
24 2 39 2 1 1 36 28 11 15 39 35 37 17 5 10 22 6 22 8 35 9 30 22 19 28 24 2 7 7 26 38 20 15 16 3 33 17 27 28 15 4 26 18 38 39 3 27 30 28 
38 37 11 36 30 29 37 3 25 38 5 4 32 12 2 30 21 6 2 34 14 3 11 2 1 26 20 17 7 4 35 4 33 35 13 12 20 5 13 14 36 9 34 25 38 39 10 4 11 28 
20 15 30 37 2 36 37 20 22 13 16 3 6 9 27 29 31 19 35 10 26 15 33 37 21 12 10 8 29 8 36 16 9 4 33 10 34 9 20 1 27 27 15 8 2 37 34 22 19 31 
13 21 15 3 3 5 14 17 28 13 39 30 30 38 33 24 5 17 30 13 19 24 7 5 26 36 9 26 33 17 3 32 36 39 30 13 4 28 8 5 4 9 28 31 15 39 9 8 20 6 
21 2 28 8 19 7 4 6 4 7 23 22 1 29 28 39 20 29 3 26 14 37 37 5 12 11 5 1 4 23 24 37 17 33 10 4 5 36 34 14 12 6 12 5 27 31 27 17 15 17 
7 35 2 5 27 19 28 3 9 39 36 29 9 19 25 5 32 34 34 18 36 5 13 37 25 3 18 35 23 19 10 39 19 39 29 12 33 39 33 37 14 19 14 29 15 24 25 7 1 2 
8 8 18 14 6 7 30 19 16 19 37 13 38 18 36 35 34 31 2 12 32 23 36 4 38 36 5 11 31 27 13 20 14 13 24 33 5 22 26 19 36 10 15 10 24 25 5 12 1 18 
28 34 18 13 19 39 22 11 35 28 38 28 1 31 14 38 29 30 36 30 8 14 3 6 23 12 36 25 8 32 7 30 23 8 15 30 1 20 21 35 3 4 16 11 27 13 6 19 17 3 
29 35 18 24 23 21 36 15 26 19 32 21 1 39 20 13 13 28 28 11 8 35 24 26 29 4 30 9 34 10 29 38 1 13 12 38 25 38 26 17 35 17 35 19 28 16 2 27 33 15 
39 39 26 29 12 30 12 16 14 24 11 4 12 20 38 21 3 7 9 15 35 6 33 8 20 18 38 29 31 11 20 3 27 10 25 19 21 17 4 37 2 31 7 34 35 37 21 35 15 39 
12 39 24 24 10 38 3 38 32 37 36 5 25 13 29 9 38 31 24 8 5 11 7 38 23 20 4 23 5 36 23 9 8 39 23 5 28 8 29 1 34 35 11 3 1 32 18 11 9 4 
28 5 11 19 10 24 16 10 33 7 6 36 23 12 7 9 4 30 7 25 27 39 12 32 3 20 35 19 31 19 39 22 26 25 28 21 6 23 9 20 17 26 34 28 34 27 25 20 34 4 
27 38 8 39 13 1 33 35 30 19 17 4 37 31 21 32 17 19 32 22 13 17 30 5 36 38 16 26 3 15 21 8 15 30 19 23 34 1 36 19 9 6 29 4 20 21 34 7 19 31 
14 19 5 21 39 28 2 19 8 3 28 9 28 13 21 18 15 37 17 2 20 37 4 28 25 20 5 13 27 39 22 20 1 15 37 15 39 36 27 3 3 13 23 21 5 14 37 32 31 31 
30 19 29 8 25 19 27 19 3 12 13 33 33 30 15 26 6 30 21 26 16 7 38 4 35 35 21 38 16 29 39 3 5 23 15 36 30 18 22 11 21 7 31 12 12 2 13 22 29 39 
37 15 7 31 20 8 11 18 2 8 13 21 24 33 16 19 5 12 2 2 19 13 17 32 24 1 13 16 30 2 11 8 6 17 26 32 34 36 31 1 1 34 29 6 10 3 20 9 5 2 
3 23 15 12 6 29 37 17 15 14 22 15 5 18 33 4 30 36 18 39 13 13 23 2 35 18 11 12 5 13 37 1 18 34 10 27 6 12 15 19 32 14 8 9 34 28 33 15 29 6 
13 19 35 6 34 33 15 12 27 4 5 16 11 34 18 32 1 11 7 14 31 30 26 25 37 36 33 27 3 27 27 26 29 36 16 28 17 13 34 32 20 11 18 32 18 38 24 9 5 31 
31 13 23 9 27 33 30 24 10 22 29 15 10 5 18 38 39 29 4 3 26 25 36 17 37 26 14 37 28 9 32 23 14 26 7 1 38 28 33 14 10 12 14 38 9 8 34 26 26 37 
37 27 26 2 21 38 19 37 4 6 33 13 7 11 28 15 35 33 3 32 33 18 19 25 17 37 39 6 2 30 11 16 13 34 28 26 15 14 33 22 36 34 21 12 14 1 27 21 37 32 
34 16 35 27 14 35 1 32 31 10 9 39 14 8 19 35 1 4 20 14 2 17 38 36 28 2 15 32 10 19 37 32 39 27 27 25 39 14 39 20 26 21 24 32 19 14 19 5 16 37 
34 19 9 29 23 21 2 18 12 16 19 13 34 3 39 3 32 18 28 14 21 27 7 23 8 25 37 19 20 5 9 36 16 20 15 4 12 16 1 36 16 18 11 27 25 9 5 16 11 24 
17 18 14 5 33 25 24 12 12 21 34 18 17 12 12 12 29 20 15 21 14 7 15 23 35 31 28 9 6 37 35 28 21 8 39 25 30 33 16 29 38 20 25 10 36 5 21 28 8 25 
28 27 18 23 36 22 28 32 32 23 21 5 7 8 6 5 14 1 9 33 25 31 35 32 21 9 10 39 34 4 36 3 11 17 1 38 33 21 30 6 3 27 28 16 25 3 29 31 6 34 
33 26 35 39 9 14 17 22 17 10 19 27 27 6 11 17 2 11 12 38 12 17 37 22 27 4 23 2 29 25 15 21 32 27 20 19 20 10 9 34 34 36 35 15 27 18 32 10 21 31 
21 34 31 13 31 21 7 14 1 18 31 39 10 9 1 8 25 23 13 20 39 1 17 21 4 36 13 10 23 30 12 7 23 23 10 6 1 20 24 39 29 28 26 6 32 11 29 18 11 12 
39 35 23 25 1 30 3 38 7 22 32 33 13 11 4 28 21 39 5 32 33 38 23 25 36 20 5 1 35 1 8 35 39 35 19 12 16 4 11 38 10 34 10 9 34 14 5 9 29 8 
32 35 39 16 36 29 24 23 11 21 28 7 1 23 38 28 15 15 18 1 15 16 36 15 33 18 7 7 1 38 28 26 15 27 4 20 20 18 26 11 23 5 16 24 10 12 31 11 38 16 
39 20 24 38 20 30 4 5 31 11 17 39 25 4 26 14 31 8 22 10 27 5 26 27 32 31 7 24 36 30 36 31 21 20 16 38 23 37 31 20 15 31 38 16 19 27 4 17 33 28 
22 20 23 21 21 39 29 2 3 1 37 12 38 35 36 12 11 30 17 17 39 37 8 15 17 4 34 35 25 17 27 17 3 17 25 29 1 24 23 34 3 28 2 7 4 17 15 33 13 39 
35 19 36 4 33 33 8 7 24 4 29 28 32 27 21 11 32 11 35 10 25 35 31 10 5 6 8 24 34 22 16 38 33 38 6 8 31 4 1 17 27 8 1 7 10 29 22 17 12 3 
13 5 14 13 7 26 5 27 1 7 39 5 15 7 26 21 37 16 39 22 6 1 12 32 15 19 13 17 38 32 32 15 8 11 26 21 39 7 17 39 11 39 27 17 17 9 11 28 2 26 
32 14 5 1 30 36 36 15 25 15 22 8 3 36 2 23 17 7 7 14 25 30 37 2 15 27 11 37 16 11 36 16 14 16 20 6 1 2 19 2 14 10 25 22 29 13 15 23 36 32 
9 22 18 2 14 5 37 24 26 5 16 35 20 27 29 39 4 17 3 9 24 33 34 12 8 27 11 7 1 33 29 26 13 38 11 2 7 11 3 22 38 4 25 11 35 24 20 8 26 7 
20 10 12 24 7 13 19 24 8 33 9 14 31 20 25 22 6 11 30 13 9 31 16 33 33 38 30 9 5 13 39 29 2 33 3 17 30 20 22 29 26 12 11 19 39 33 39 4 26 30 
11 5 10 3 31 32 26 6 1 28 28 22 39 14 26 36 17 22 15 38 30 1 5 25 22 31 27 6 13 24 18 29 35 13 27 29 38 4 19 22 27 5 9 6 23 28 31 2 7 15 
39 29 16 29 26 25 8 38 21 24 36 3 39 12 31 4 10 24 10 36 23 25 1 16 27 20 2 21 36 39 17 23 16 37 29 9 20 27 17 33 34 37 20 12 13 11 1 26 7 13 
38 33 15 27 26 36 10 35 16 14 22 28 29 17 19 13 20 3 23 26 8 29 17 27 5 36 10 14 30 6 26 25 3 23 33 15 8 36 21 19 12 23 1 19 19 38 27 22 34 36 
13 24 20 26 13 20 14 32 29 27 17 10 31 27 9 18 11 14 19 23 16 2 21 33 30 37 38 13 26 15 15 29 28 12 19 38 35 37 28 6 13 35 29 39 34 13 34 39 36 18 
18 17 34 17 1 9 5 4 34 2 21 14 3 6 21 17 31 16 39 35 25 15 15 15 14 4 8 6 25 26 15 35 28 16 5 30 18 37 17 7 2 17 10 7 11 21 23 22 20 8 
1 24 37 30 14 25 19 4 34 39 31 33 1 24 10 19 8 9 12 9 14 21 17 9 37 30 23 19 3 12 24 15 21 14 16 7 34 27 7 11 30 37 8 32 18 3 25 22 19 21 
