300
287 242
242 193
287 48
287 35
193 47
287 109
193 55
35 38
242 297
47 115
193 176
297 66
55 43
38 133
109 172
35 207
133 50
48 29
109 216
115 3
48 290
109 281
50 237
3 197
35 78
29 161
3 268
281 10
290 150
38 108
290 209
10 24
176 234
207 100
197 33
197 2
3 53
2 125
133 25
109 147
108 83
115 135
2 213
47 265
66 195
100 58
161 95
161 190
135 219
193 228
66 230
3 119
161 170
25 110
190 129
48 13
25 79
78 156
50 76
268 154
95 274
48 11
10 84
38 118
66 131
290 293
290 236
119 65
237 185
236 181
53 86
161 243
3 128
110 14
78 116
55 113
11 163
48 144
50 142
154 259
128 15
268 9
156 94
83 292
131 103
13 235
38 232
195 130
144 1
216 198
109 69
2 39
55 91
156 7
219 12
142 173
198 251
170 233
58 270
95 246
181 199
55 70
150 71
161 277
55 239
10 169
33 171
1 92
92 260
185 221
12 63
147 126
292 99
193 295
154 127
125 148
156 212
9 123
232 252
29 121
76 220
251 182
94 253
172 189
233 165
10 206
295 184
219 205
83 275
29 273
184 279
99 229
12 196
15 88
182 194
260 68
265 200
213 155
92 175
169 278
88 174
265 225
243 151
207 254
43 37
213 201
100 256
182 166
3 61
212 51
195 42
76 266
129 31
84 139
39 255
110 261
237 289
128 97
292 89
172 257
251 23
243 282
99 45
279 192
290 160
219 80
257 120
39 107
292 244
171 136
84 241
155 187
69 64
23 208
237 157
65 202
259 284
239 285
242 28
103 101
10 104
130 5
290 269
142 60
181 134
37 17
266 40
24 44
113 137
297 56
260 145
243 111
170 298
66 32
48 122
197 26
208 117
136 112
290 299
5 46
270 8
185 75
176 294
285 18
86 77
172 149
150 6
233 27
268 21
48 291
83 41
253 248
104 57
25 247
94 141
142 22
127 271
207 20
221 215
274 167
77 188
65 177
95 34
154 74
14 180
284 52
253 85
187 300
232 81
23 152
27 72
14 226
300 98
201 280
40 96
78 168
269 138
166 132
256 158
167 153
171 204
299 105
255 227
99 82
185 59
18 146
81 223
200 114
101 263
71 217
168 87
170 218
196 210
34 140
118 245
294 67
50 214
279 296
254 30
48 54
113 179
225 36
150 203
213 249
129 124
66 231
128 191
157 283
76 93
121 276
216 267
23 90
279 106
104 288
146 224
123 178
152 186
196 4
141 62
84 286
259 264
276 250
66 164
59 272
87 49
12 143
45 159
281 222
118 240
263 102
191 162
228 183
9 262
179 16
171 238
70 211
232 258
30 19
200 73
11 2
2 77
11 256
11 155
77 291
11 168
77 212
155 268
2 108
291 52
77 219
108 178
212 146
268 78
168 258
155 141
78 276
256 164
168 271
52 82
256 190
168 88
276 196
82 183
155 259
164 87
82 231
88 197
190 40
268 228
190 100
197 68
219 205
141 287
183 167
183 154
82 166
154 224
78 169
168 204
228 7
52 237
154 119
291 265
178 42
287 117
87 58
87 193
237 286
77 264
178 158
82 198
87 252
169 246
193 229
256 140
169 207
259 109
276 31
231 138
58 113
256 143
197 280
268 161
178 48
190 273
190 134
198 136
196 200
134 27
166 269
87 104
82 202
246 111
259 95
212 182
143 50
256 288
276 56
138 47
202 278
231 84
109 24
7 186
48 38
140 53
268 185
42 171
288 199
271 83
168 251
154 91
212 64
109 149
286 290
56 39
83 266
252 93
117 36
58 247
27 292
212 29
40 5
87 208
212 102
197 222
167 35
199 163
163 126
200 211
290 174
204 41
186 270
77 80
138 194
224 90
109 220
84 170
185 97
164 235
31 203
266 79
24 201
258 230
93 6
197 176
80 181
286 152
7 125
164 15
181 157
270 233
290 191
278 16
79 214
126 238
265 206
119 92
163 147
222 148
16 96
265 227
104 226
141 293
146 10
119 45
287 272
79 282
82 137
220 106
42 22
31 32
229 283
280 17
91 107
246 159
196 121
202 115
186 240
258 179
266 156
104 74
270 98
157 19
190 215
286 241
179 33
91 28
186 67
35 118
280 253
92 142
251 165
156 285
196 112
136 184
47 34
102 73
2 57
38 124
197 192
171 135
190 160
56 75
27 133
10 127
32 89
68 120
182 263
108 217
126 299
104 195
252 277
178 162
256 66
183 81
285 281
118 8
190 300
135 23
36 145
200 130
219 298
73 71
269 3
258 114
40 1
93 244
231 94
256 221
7 257
201 180
192 76
169 61
24 59
56 248
194 4
141 26
211 216
113 25
3 72
136 223
58 188
138 234
111 173
34 209
201 250
142 44
185 243
156 279
244 295
111 12
44 153
45 14
89 245
259 18
160 37
282 177
272 51
25 296
35 21
300 284
107 30
270 13
200 260
71 261
243 60
206 99
124 49
5 103
18 210
252 255
191 151
188 54
161 129
298 139
276 172
157 289
293 62
256 267
182 20
227 218
40 239
119 254
229 70
178 65
202 249
112 297
31 232
235 274
271 262
156 43
157 150
192 275
261 144
170 86
279 294
191 128
59 123
280 105
47 85
274 69
178 122
260 187
210 175
290 242
98 132
88 236
161 116
49 225
249 46
264 131
84 101
20 110
35 9
29 213
185 55
62 189
206 63
