50
19 20
20 32
20 27
19 36
20 49
19 1
19 35
19 34
35 28
19 43
49 17
34 44
35 9
20 46
19 16
19 45
46 39
46 47
43 42
19 41
32 15
1 13
20 21
27 2
47 6
20 22
19 33
27 30
28 48
39 38
48 12
44 40
44 25
38 14
30 26
34 50
30 4
26 29
46 24
28 31
31 11
41 37
43 10
12 8
15 5
49 3
16 18
9 7
48 23
23 36
36 28
36 35
23 30
36 13
23 38
23 26
23 3
26 16
23 49
13 18
3 44
26 37
36 29
23 40
23 9
29 8
29 6
49 27
23 7
28 12
38 22
36 46
35 11
6 48
36 19
23 10
35 5
16 25
8 21
25 31
44 45
44 34
21 42
5 41
3 43
5 47
41 20
29 24
16 32
32 39
7 2
49 50
31 33
12 4
13 1
40 17
37 14
25 15
