100
0 0 0 0 -3 
0 0 0 0 0 
10 5 0 3 0 
0 0 -2 0 -5 
5 1 0 0 0 
0 0 0 -2 1 
0 0 -8 0 0 
-1 -5 -1 0 6 
0 0 -7 0 0 
1 0 0 0 0 
0 0 0 0 0 
0 -3 0 0 -1 
-3 3 -3 0 0 
9 0 4 0 4 
0 0 4 0 3 
0 0 0 0 0 
-4 2 0 0 -5 
5 4 0 0 0 
0 -4 0 5 0 
0 0 0 1 0 
0 0 -3 0 -1 
0 1 0 0 0 
0 0 0 8 0 
0 0 0 5 0 
-5 -9 0 -2 -5 
0 -3 0 0 0 
-6 0 0 0 0 
0 -1 0 0 0 
-4 3 3 -4 -9 
1 0 0 0 1 
-2 -9 -9 0 0 
-8 0 0 -2 0 
4 1 0 -5 -2 
2 0 0 0 0 
2 0 0 5 0 
0 0 -7 -1 0 
8 0 0 3 -9 
-2 0 0 -2 -1 
0 1 -3 0 0 
-5 -2 3 10 4 
-2 0 0 -2 1 
0 7 1 0 -6 
0 0 0 0 0 
-5 -1 -4 0 2 
9 7 0 -5 0 
0 0 -8 -5 1 
0 0 0 -8 0 
-10 -8 1 -3 0 
3 -5 4 0 0 
0 0 0 0 7 
-2 0 -2 -5 -1 
2 1 0 0 0 
0 1 3 -2 0 
0 -10 0 8 6 
0 0 7 7 0 
0 0 -4 0 -8 
0 3 0 4 0 
0 0 2 -2 0 
0 5 0 1 -3 
0 -4 -10 -2 0 
-8 0 3 0 1 
4 0 6 -7 -1 
0 0 0 6 0 
0 -4 -5 1 1 
-3 0 4 0 -7 
0 0 0 6 0 
0 0 0 5 4 
0 0 -3 0 1 
5 0 0 0 0 
5 0 -3 0 4 
0 0 -5 0 0 
4 0 9 0 7 
0 4 0 1 0 
0 0 0 2 -2 
4 0 0 0 -5 
9 6 0 0 3 
5 0 0 2 -4 
6 -5 5 -6 0 
-1 1 0 -4 -4 
7 -3 -5 0 3 
0 0 4 0 -5 
-3 0 8 5 3 
-5 -4 0 0 0 
4 0 -7 -5 2 
2 0 -4 -7 -2 
0 -3 0 -6 0 
3 4 0 0 0 
-1 -1 0 0 2 
0 1 0 0 0 
0 0 -6 -3 0 
1 0 3 -2 0 
-1 0 0 -5 0 
-1 0 0 0 0 
0 0 5 0 0 
0 -1 0 3 0 
0 -6 1 0 -3 
-5 -6 0 1 0 
0 0 5 0 3 
0 6 0 -4 2 
-1 0 -3 0 0 
77
75 1
90 4
38 2
53 4
24 3
61 4
72 2
43 3
62 3
80 1
16 3
52 2
93 4
69 1
23 1
41 4
81 4
34 4
49 1
80 4
35 3
38 3
77 4
19 1
68 4
37 2
66 3
51 3
61 3
89 2
20 2
99 3
19 2
70 1
64 3
43 1
56 4
72 1
11 1
100 1
52 3
14 3
98 3
46 3
54 1
67 4
41 2
4 4
50 4
26 1
17 4
24 2
23 3
81 2
26 3
99 4
70 3
83 4
88 1
40 3
82 4
1 2
9 3
63 4
96 3
20 4
100 2
85 2
96 4
36 2
60 2
15 4
78 4
47 3
2 1
33 4
84 4
