50
0 10 0 0 -9 
0 0 0 0 -9 
0 5 -4 1 0 
0 0 0 7 0 
0 0 6 0 -5 
-1 -4 0 -10 3 
-8 0 -10 0 0 
-6 -2 4 1 0 
0 0 -4 0 0 
1 0 0 0 0 
-4 5 -9 0 0 
0 0 3 0 5 
-8 -1 2 0 0 
-7 0 9 0 0 
-3 -3 0 5 0 
-4 0 -1 -2 -1 
-4 -2 5 9 0 
0 -4 4 2 0 
4 -8 0 -4 0 
0 1 0 -2 0 
-2 5 0 -6 0 
-3 0 0 0 0 
0 10 0 -4 -1 
0 5 0 4 0 
9 -5 1 0 0 
5 10 7 0 3 
0 0 0 0 0 
-8 0 3 2 -5 
3 0 0 2 5 
2 0 0 0 0 
0 6 0 0 0 
0 0 0 0 -5 
0 0 -5 5 0 
-7 0 0 -3 0 
0 -1 9 0 0 
0 5 0 0 1 
0 0 0 0 -3 
0 0 0 -3 0 
4 3 0 0 0 
-4 0 -2 -8 0 
-2 0 1 -1 0 
0 0 -3 10 -7 
3 1 4 -4 0 
0 -9 3 0 5 
-4 -4 0 -1 4 
7 0 0 0 6 
-4 0 7 3 5 
0 -8 -7 1 0 
-4 4 0 0 7 
-1 0 0 0 0 
24
19 2
41 2
37 3
14 1
12 2
39 2
21 3
7 1
43 4
39 1
20 1
3 2
26 3
35 1
20 4
13 2
43 1
19 4
7 2
34 2
9 4
3 3
34 1
38 2
