200
10 0 0 -10 -5 
-9 0 0 2 0 
0 0 -5 2 0 
0 0 0 0 -1 
-10 -3 -2 -3 -3 
-10 -3 -1 -2 -9 
-4 0 0 0 0 
-2 -6 -7 -5 -1 
0 9 -5 6 5 
-8 0 -1 0 4 
10 8 0 0 -5 
0 0 -9 0 3 
-2 -6 -1 -3 -2 
4 0 5 1 4 
0 0 3 0 0 
-2 -5 -5 -3 -1 
0 0 0 3 0 
-3 -4 -3 -5 -6 
0 -4 0 0 -3 
0 -1 -5 0 0 
0 0 -2 0 0 
0 10 0 0 -4 
-2 -1 -5 -7 -3 
-4 0 0 0 0 
0 0 4 -1 3 
-8 0 5 -2 1 
5 0 0 9 0 
0 -7 -2 0 2 
0 0 9 -1 -1 
-4 0 0 0 0 
-1 0 3 0 0 
0 0 0 -1 0 
0 0 0 0 8 
0 -3 0 0 0 
-9 -2 -1 -3 -8 
0 -1 -2 0 0 
8 0 0 0 0 
-4 -4 -5 -6 -5 
0 4 0 5 3 
0 0 0 6 -1 
0 -4 1 0 -5 
0 -9 0 0 1 
4 -9 -4 3 6 
-4 9 0 -3 0 
0 0 0 0 -10 
0 -4 0 0 5 
0 -2 4 -4 4 
4 0 0 0 0 
-1 -10 -4 -1 -3 
-1 -3 0 8 0 
5 -4 0 1 3 
0 0 0 0 -9 
0 0 3 -1 0 
0 0 2 -7 0 
-3 -4 -5 -5 -5 
-4 0 0 0 9 
10 0 1 0 0 
-9 -6 3 0 -4 
0 0 0 0 0 
0 0 -5 0 0 
0 0 5 0 0 
0 0 0 0 1 
0 -3 -2 -4 3 
0 0 -3 -2 0 
0 4 -3 0 0 
0 -4 0 0 0 
-3 -2 -5 -10 -4 
-8 -5 -1 -7 -3 
0 0 0 0 2 
0 0 -8 0 0 
-4 -5 0 2 1 
0 -5 9 8 0 
10 -1 0 -9 9 
-2 -5 0 0 0 
0 5 0 0 -5 
0 4 2 0 3 
-9 -2 -7 -3 -5 
0 0 0 0 0 
0 0 2 0 2 
-4 0 0 0 0 
4 0 -1 9 10 
3 3 0 0 -3 
-4 -7 -5 -10 -3 
6 0 0 1 0 
0 0 5 0 0 
0 -6 -7 -5 0 
-5 -1 -4 -4 -2 
-1 -9 -2 -7 -7 
0 0 -6 1 4 
-1 0 0 0 0 
0 0 0 0 3 
0 0 -8 -8 -8 
-4 0 -3 0 7 
-1 5 -1 0 -2 
-5 -3 0 0 0 
-2 -3 -1 -5 -1 
0 -10 -10 8 -2 
0 -1 0 5 0 
0 0 0 0 0 
-1 -1 -1 -1 -3 
5 0 0 0 7 
-8 0 4 0 0 
-6 0 0 0 0 
0 -3 10 0 0 
0 0 -1 0 0 
0 0 0 0 -4 
0 -3 0 -9 0 
0 0 4 3 -1 
3 5 0 3 10 
0 0 0 -3 0 
0 0 -2 4 0 
0 0 5 10 0 
4 0 -3 -3 1 
0 1 0 4 0 
-6 0 4 0 0 
5 0 0 5 4 
0 0 -4 0 -5 
0 -5 0 0 0 
-1 -3 0 0 4 
0 1 2 0 3 
-4 9 0 -8 0 
0 4 4 -3 0 
0 0 0 5 6 
0 0 -3 4 0 
3 0 0 2 -2 
0 -5 0 0 0 
0 0 0 0 -4 
2 0 0 2 0 
0 0 0 1 0 
0 0 0 0 0 
0 -2 0 3 5 
0 0 -1 0 0 
1 0 0 0 -5 
0 2 -1 0 0 
0 2 0 0 0 
0 0 0 -3 -5 
0 -1 0 0 0 
0 0 4 0 0 
0 0 4 -4 0 
0 0 2 0 10 
-1 0 0 3 5 
0 -6 0 0 0 
4 1 2 0 5 
-6 -3 -1 -2 -2 
0 0 0 -4 0 
-4 0 8 -3 0 
0 0 0 0 0 
0 -4 -4 0 0 
2 -6 0 0 4 
-3 8 -3 3 -8 
0 2 0 0 7 
0 0 0 1 0 
0 0 0 -5 6 
0 -6 0 -1 0 
0 0 10 -3 -2 
0 0 -4 0 0 
0 -4 5 0 0 
-2 2 0 0 0 
-4 -3 2 -2 0 
0 0 0 0 0 
-1 -10 -10 -5 -9 
-4 -5 -3 -3 -10 
-3 7 0 4 0 
-1 -5 2 -3 6 
-10 0 0 0 5 
9 0 3 0 0 
-5 0 5 0 0 
0 6 -1 0 0 
0 -1 -4 -1 1 
-10 0 0 -3 0 
0 -3 0 1 0 
-2 -6 -10 -3 -5 
0 0 0 -1 1 
0 0 0 1 0 
0 0 0 0 2 
8 1 -5 10 0 
0 0 0 -4 0 
0 2 -9 -1 0 
0 0 2 -4 0 
0 -4 -5 0 0 
-7 0 -3 3 0 
9 0 0 4 0 
0 0 0 3 0 
-8 0 0 0 0 
-5 -2 -4 0 3 
0 0 3 -7 0 
0 -4 0 0 0 
0 0 -2 0 0 
8 0 3 2 0 
-2 -5 -4 -3 -4 
5 0 0 1 3 
-4 -4 -6 -3 -1 
0 3 1 -7 0 
0 0 -5 0 0 
-2 -4 -2 -5 -4 
0 2 3 0 0 
4 0 0 0 0 
4 -1 0 9 0 
7 0 0 0 0 
3 0 0 0 0 
110
128 2
143 3
26 2
40 4
90 2
160 4
12 4
117 1
110 1
197 4
28 2
91 4
60 4
38 4
91 3
162 1
22 2
132 3
113 4
9 3
9 4
167 3
13 1
193 3
56 1
150 4
175 1
98 4
184 2
10 3
192 1
59 3
172 3
26 4
16 4
4 4
122 3
159 2
166 3
58 2
192 2
67 2
97 1
5 2
102 3
22 3
92 2
99 4
113 2
96 1
24 1
27 3
176 3
105 2
78 1
83 1
16 3
161 3
91 2
76 1
69 3
87 2
83 3
104 2
82 3
101 3
86 4
138 4
164 2
172 2
59 4
40 1
14 1
75 2
146 3
194 3
101 4
153 2
19 3
17 2
77 3
97 3
44 3
24 4
53 1
109 2
122 2
142 1
31 2
3 3
15 2
66 3
145 2
190 1
69 2
39 1
35 3
60 1
177 3
170 2
49 4
90 1
94 1
99 2
10 1
75 1
70 3
125 1
79 2
71 3
