200
2 0 0 0 0 
0 0 9 0 0 
0 -2 0 0 -3 
-5 3 0 -1 8 
0 -1 0 -5 -5 
0 -3 -1 0 0 
3 9 -2 0 -9 
0 4 -2 0 -3 
-5 -2 0 0 0 
2 5 -2 0 -7 
0 -6 -4 4 0 
3 -2 0 -5 0 
0 0 0 -2 0 
0 8 -4 -7 0 
0 0 -3 2 0 
0 -2 0 -1 0 
0 9 -5 -7 -9 
0 0 0 0 0 
-5 -3 0 -5 -4 
0 0 0 -1 6 
8 0 0 0 0 
-10 0 0 0 0 
-5 9 0 0 0 
-5 0 0 -10 7 
0 0 1 -9 0 
0 1 -2 5 1 
-1 0 0 0 0 
0 5 0 0 0 
0 4 10 6 1 
-1 0 -4 4 0 
-6 1 4 0 0 
-1 -3 -6 -4 -1 
6 0 -2 -8 0 
0 0 0 0 0 
0 -5 0 0 0 
-3 0 0 2 -5 
4 0 0 0 -5 
-1 5 -5 3 0 
6 0 -4 -2 3 
0 0 -2 -8 0 
0 -1 0 9 -4 
0 -3 0 0 0 
-1 -8 -5 0 10 
0 0 0 4 5 
0 0 0 0 0 
3 0 0 0 1 
-4 0 0 0 0 
1 0 0 0 -5 
0 0 0 2 0 
-4 -7 -8 -7 -1 
0 0 1 -7 0 
-8 0 6 0 2 
-3 -3 -5 -8 -4 
-8 0 0 2 0 
0 3 0 -4 3 
0 3 6 -3 9 
0 0 0 0 8 
0 0 0 0 -5 
5 -5 -3 0 0 
4 0 -7 -3 0 
-4 -1 -3 -2 -5 
-1 -5 -3 -5 -3 
0 0 0 8 -2 
-5 -3 -10 -7 -4 
-5 -3 -4 -1 -4 
-7 0 0 3 0 
-2 -4 0 -1 -5 
-3 -2 -10 -7 -9 
-9 0 2 0 -1 
0 -7 0 0 0 
1 0 1 0 0 
-5 0 0 0 1 
0 -1 4 0 0 
0 0 0 0 0 
-5 5 -1 -7 -3 
1 0 -5 0 0 
0 -1 -1 0 5 
0 -4 0 0 0 
0 0 0 0 -4 
-7 -1 -9 -3 -6 
6 5 0 -6 0 
-2 0 1 1 -3 
0 -8 0 1 -10 
0 3 0 -1 0 
0 3 -4 -2 4 
0 0 0 0 4 
7 -1 -3 0 0 
0 -2 0 0 0 
7 0 -1 4 0 
0 0 -1 0 7 
2 0 0 0 0 
0 0 8 -2 0 
-4 0 -4 0 0 
5 -2 0 -10 0 
3 0 0 9 -4 
0 3 4 3 0 
2 1 0 0 0 
0 0 0 0 0 
-3 -7 -6 -2 -1 
0 0 -7 2 -1 
-2 -5 -4 -1 -5 
-3 -6 -1 -5 -6 
-2 0 -7 0 4 
0 0 3 0 0 
1 0 5 -4 0 
8 0 0 0 0 
3 0 0 0 -2 
3 5 0 5 0 
-3 0 10 0 0 
0 0 0 -4 0 
0 8 0 0 4 
1 0 0 0 -3 
-8 0 -1 -8 0 
9 0 -2 9 9 
3 0 -4 -4 -7 
0 0 0 0 0 
3 -7 0 -3 0 
-1 -2 -4 -6 -3 
2 0 0 0 0 
0 0 0 -1 0 
0 -7 0 2 0 
0 1 -1 0 1 
-3 3 4 0 8 
-3 -2 -2 -3 -8 
1 0 -2 0 -4 
4 -5 5 2 0 
0 0 8 0 0 
0 -9 -4 10 0 
0 2 0 0 0 
0 4 0 0 5 
0 0 0 3 0 
0 5 2 0 0 
0 0 0 2 0 
-5 0 0 0 -3 
0 -2 0 0 0 
0 5 -8 2 -1 
-4 -10 -8 -3 -3 
0 2 0 -2 0 
0 5 4 -1 0 
2 0 9 0 9 
0 4 0 -5 0 
0 0 0 0 0 
-1 -8 -4 -4 -6 
-5 -8 -2 -4 -8 
-10 -5 -2 -3 -10 
2 -3 0 0 2 
-1 0 0 0 -5 
0 0 -4 0 4 
0 0 0 0 0 
0 0 0 -5 1 
0 -5 0 0 0 
0 0 0 0 0 
-5 -4 -8 -10 -2 
-7 -4 -3 -7 -8 
1 5 0 0 0 
0 2 0 0 0 
1 0 0 0 10 
-5 -4 -7 1 -3 
-3 0 0 -1 0 
0 0 -5 2 0 
0 -2 0 0 0 
7 0 -2 0 8 
2 2 2 -2 0 
0 0 9 -6 9 
0 0 -1 0 3 
0 -3 0 0 0 
0 0 0 -2 0 
0 0 -1 1 0 
0 0 0 0 0 
0 -5 -5 0 0 
9 -3 1 0 -3 
0 0 0 -4 0 
0 2 -1 0 4 
-2 0 0 -5 0 
0 4 5 -4 0 
0 -5 -9 0 9 
-9 -4 -7 -10 -9 
0 -6 0 0 0 
0 0 -1 -1 0 
0 5 0 -10 0 
2 -5 -7 -1 5 
-3 -2 5 0 6 
-1 -1 -3 -2 -10 
0 0 -3 -4 0 
-2 -4 0 0 5 
4 0 6 0 4 
-6 -4 0 1 0 
-3 -4 -2 -9 -2 
0 -2 0 -1 0 
0 0 3 0 0 
1 9 0 0 0 
-2 -10 -9 -3 -2 
-8 5 0 -3 0 
-4 -3 -3 -3 -5 
5 5 0 0 0 
-3 0 -5 -3 -3 
0 2 0 0 0 
0 0 0 0 0 
0 0 -6 4 0 
-5 -10 -5 -4 -6 
89
29 1
183 1
191 1
60 3
128 3
122 2
165 4
151 2
154 1
150 1
165 3
46 3
43 2
162 1
160 4
41 1
194 3
191 3
117 2
58 4
159 3
29 2
157 3
126 2
179 3
163 3
95 3
120 4
118 2
186 2
100 4
110 1
31 1
185 2
132 3
136 2
159 4
168 3
30 3
199 2
110 2
105 3
11 1
139 3
83 3
122 3
74 4
59 1
46 4
100 2
87 1
192 1
133 2
24 3
153 3
64 3
199 4
160 1
35 2
89 1
129 3
38 1
78 3
69 1
80 1
106 4
179 1
172 1
116 1
141 2
111 4
77 4
148 3
39 4
157 2
104 3
8 2
135 2
27 4
49 2
93 3
97 1
24 4
15 1
115 4
80 3
75 1
186 4
86 4
