200
0 2 0 1 0 
-7 0 0 -5 0 
0 3 3 0 0 
0 -10 0 2 -5 
-5 -10 -10 -2 -5 
0 -4 -2 0 -3 
-3 -8 -2 -3 -7 
0 0 -3 -2 0 
0 -5 5 -3 0 
-1 -4 -4 -5 -1 
0 9 0 0 4 
0 0 10 0 -3 
0 0 -5 1 0 
0 0 0 0 0 
0 0 -4 -5 0 
1 2 0 -1 0 
0 0 0 0 3 
0 0 4 -8 0 
-8 0 5 0 0 
10 0 0 8 6 
-1 0 0 -8 9 
3 0 0 0 0 
0 0 8 0 6 
0 -2 0 3 0 
-4 -1 -3 -9 -7 
0 0 0 6 0 
0 -4 0 0 0 
7 0 -1 2 -10 
0 0 0 1 3 
1 -3 0 0 0 
3 0 0 0 0 
-6 -9 -1 -4 -10 
9 -4 -2 -2 0 
10 -3 0 0 3 
0 0 0 5 0 
0 -9 -3 3 0 
0 -6 0 0 3 
-4 10 0 0 3 
-4 0 1 2 0 
0 2 0 0 0 
-7 0 6 3 -1 
0 0 10 8 -4 
0 0 4 -4 5 
-1 -4 0 0 5 
0 0 -3 -3 -6 
0 -5 0 -2 -3 
0 0 0 5 3 
-7 -3 -5 -6 -4 
-1 0 0 0 0 
0 4 -9 0 0 
0 1 0 5 0 
0 -3 0 0 0 
0 0 0 0 -1 
0 0 -6 0 2 
0 -3 0 8 0 
0 4 -2 7 -3 
1 0 -3 0 -1 
0 0 4 -5 0 
0 -8 -8 0 0 
0 0 0 1 7 
5 0 0 5 0 
0 -4 9 0 -4 
0 -3 0 9 0 
0 -5 2 -3 3 
2 -3 -7 -7 0 
-1 -9 -1 -2 -10 
0 3 4 -1 0 
0 3 0 -1 -1 
4 2 1 7 6 
0 0 0 0 -3 
-6 -6 -4 -2 -3 
1 0 0 0 0 
-2 0 -2 -6 0 
0 8 0 -5 3 
0 8 -5 0 0 
0 0 -3 0 -6 
-3 -3 -6 -8 -3 
7 0 9 0 0 
-4 0 5 2 6 
0 0 -8 3 0 
10 0 0 -2 5 
-3 0 -2 0 0 
-5 0 0 0 0 
-1 0 1 3 -2 
-2 0 0 -2 -4 
0 0 0 0 -2 
5 2 -5 -4 0 
0 -4 -2 2 0 
-9 0 -7 0 0 
10 0 0 2 2 
-2 0 0 -1 0 
0 -8 0 0 0 
4 9 -2 1 0 
0 -1 3 5 0 
0 3 -9 0 0 
0 1 -2 2 0 
7 0 0 3 0 
3 0 -3 6 -4 
5 4 2 2 0 
8 7 -2 9 0 
0 6 0 0 -7 
4 -4 -5 0 10 
0 4 -2 2 0 
-3 8 0 0 5 
0 0 0 0 0 
0 0 0 0 0 
4 0 -2 0 0 
0 2 0 0 0 
10 0 0 0 8 
0 -6 0 -5 9 
-10 0 0 0 -9 
0 0 -8 5 0 
4 -1 -8 10 0 
0 1 0 0 0 
0 10 4 5 5 
0 0 0 0 0 
0 -4 3 1 -5 
-4 -4 0 4 0 
1 5 5 0 3 
0 -2 -2 0 0 
-1 -1 -2 -5 -1 
0 1 0 10 0 
0 2 0 0 0 
1 10 0 5 0 
-7 0 0 0 0 
0 3 -2 0 0 
0 0 0 0 0 
-2 -5 -5 -1 -4 
5 0 4 0 -10 
0 0 3 0 4 
-4 0 0 4 -2 
-6 -3 0 0 0 
0 -6 0 -2 0 
0 0 0 0 0 
0 0 -3 1 0 
6 0 5 -6 0 
0 0 2 -3 0 
0 0 0 2 0 
3 0 1 0 0 
5 0 2 0 -3 
0 0 -3 -2 8 
4 0 0 0 0 
5 -6 5 0 -1 
-4 0 -2 0 0 
0 0 -3 0 0 
-10 -3 -2 -4 -2 
0 -2 0 0 0 
-1 -8 2 -2 0 
-2 -10 0 0 -1 
-9 -2 0 0 0 
1 5 3 6 0 
-3 -3 -2 -10 -1 
0 7 -2 5 -2 
8 0 0 0 0 
0 0 0 8 3 
0 0 0 8 0 
0 0 0 0 3 
0 -3 0 0 0 
0 -4 8 1 -6 
-8 0 5 -3 0 
3 0 0 -4 0 
0 -10 0 4 0 
-5 -2 -1 1 -1 
-1 -2 -6 -1 -6 
0 4 5 9 5 
1 0 -2 -8 0 
0 0 0 0 0 
0 0 0 0 0 
-3 -5 -8 0 -2 
0 0 0 0 0 
-1 -2 -5 -4 -4 
-2 0 0 0 -10 
0 8 0 0 -3 
3 0 -6 2 5 
-1 -3 -2 -2 -10 
0 0 0 0 0 
0 0 3 2 4 
-5 -2 -3 -2 -4 
-3 10 3 0 0 
0 0 3 4 -1 
0 5 0 0 7 
5 0 0 10 -6 
0 0 -5 7 5 
0 -2 1 0 0 
0 -6 2 5 0 
0 0 0 -2 0 
-7 -10 -1 0 0 
5 0 -7 3 -4 
0 -4 2 0 5 
0 9 9 0 8 
0 0 0 0 0 
-4 0 2 0 3 
0 0 0 0 -1 
0 -5 -1 -4 0 
0 -8 0 0 0 
0 5 0 -5 0 
-6 -10 2 5 9 
0 0 10 0 -5 
0 0 0 0 10 
0 0 4 0 -10 
129
15 1
100 2
109 2
109 1
193 3
44 4
19 1
10 1
190 1
97 4
145 4
121 3
94 3
19 3
102 3
169 4
26 1
115 4
18 3
146 3
72 4
8 3
76 4
107 3
154 4
104 3
128 4
168 3
105 4
178 4
102 2
65 3
174 2
68 4
36 2
109 3
176 2
141 2
140 4
148 3
32 1
157 3
29 1
159 4
69 2
36 1
55 4
133 1
191 1
91 3
195 2
86 2
126 3
113 2
192 2
27 3
115 3
126 4
175 4
21 1
35 4
190 4
110 4
4 2
86 3
71 3
45 2
129 1
154 3
74 4
175 1
75 2
188 3
197 3
100 4
154 1
170 1
132 4
127 3
79 4
128 1
120 4
184 3
168 1
200 3
95 4
136 2
72 2
114 4
132 3
135 3
83 3
79 1
38 2
141 1
118 4
185 2
133 3
131 4
99 4
125 3
130 3
104 2
193 1
13 1
83 1
44 1
193 2
160 3
187 1
184 4
102 1
143 4
84 1
161 1
29 3
61 3
160 4
200 4
90 1
112 2
118 1
104 4
185 3
87 1
53 3
151 1
194 3
49 2
