300 1000
1 1 3 2 2 1 4 7 2 4 4 8 4 7 5 7 11 1 11 17 1 16 1 5 6 26 21 18 28 27 16 10 32 21 34 5 2 19 17 4 28 30 4 2 41 22 2 36 40 46 2 8 36 22 31 17 5 43 31 3 57 53 42 40 3 55 23 33 14 44 67 4 20 50 51 26 39 8 45 41 45 30 1 24 53 34 47 42 41 43 50 46 91 91 81 31 37 80 98 56 11 52 4 81 96 7 90 27 74 62 107 27 26 17 82 100 88 16 66 109 10 99 12 13 44 111 23 88 43 95 94 39 125 64 82 44 93 23 109 46 75 47 83 95 103 137 132 120 49 150 17 72 123 2 4 15 57 79 43 17 93 35 29 13 25 116 85 9 63 22 50 99 123 173 169 13 143 10 113 155 45 42 49 58 70 38 151 52 19 48 63 162 81 177 28 183 17 174 173 41 134 127 61 53 189 88 88 202 27 72 18 133 181 158 210 194 55 87 89 174 36 31 176 107 126 21 166 55 157 206 160 217 22 181 130 220 177 204 169 199 222 222 85 204 222 180 132 94 101 211 68 18 234 22 255 85 127 175 132 12 21 254 225 7 206 249 117 254 77 170 260 21 119 169 77 183 211 64 140 46 153 187 111 113 102 66 74 18 98 18 27 64 68 187 218 201 171 86 161 
938 618 726 769 739 467 833 915 886 491 684 731 541 582 288 958 198 155 133 275 736 546 730 843 543 432 41 573 126 633 343 63 250 68 831 341 886 664 607 124 506 290 206 399 223 493 708 421 1000 192 47 87 89 128 929 632 559 322 556 684 954 898 98 555 318 929 247 203 944 853 678 801 143 883 551 365 728 258 137 727 450 536 165 538 663 94 521 222 415 76 257 720 326 355 626 643 635 873 197 930 725 875 730 219 757 281 936 484 890 424 562 691 959 727 581 622 172 101 195 938 529 451 657 206 157 634 848 143 506 44 72 583 918 154 153 27 786 88 862 675 512 424 718 822 502 298 443 25 750 637 962 630 440 618 835 948 603 682 91 461 78 514 43 347 667 547 373 452 987 235 479 498 10 196 319 863 493 114 887 242 102 848 872 541 817 706 841 419 740 283 879 817 796 273 163 463 820 888 266 806 474 744 655 483 939 325 697 783 438 583 25 892 782 248 784 950 305 624 720 396 906 951 212 54 223 727 516 394 966 781 551 439 877 557 273 167 882 969 950 671 551 326 562 684 925 346 633 229 321 704 625 579 654 188 632 877 266 147 622 231 279 525 669 507 81 941 674 314 909 623 337 811 300 250 846 224 595 478 452 268 182 428 846 187 616 477 415 881 975 37 112 605 913 132 112 993 425 137 307 333 
63 139
23 121
175 119
62 26
133 293
258 145
31 152
121 157
152 215
176 117
216 88
243 37
222 89
17 80
296 230
68 118
238 110
229 142
167 165
157 42
186 51
203 166
23 269
235 75
191 226
13 110
147 159
247 7
139 68
49 263
80 186
295 169
10 69
233 223
16 177
227 141
7 254
222 181
7 81
6 156
17 250
108 71
129 163
282 54
16 267
204 31
199 147
267 199
173 260
188 200
92 189
142 167
47 98
230 115
22 106
55 236
58 38
201 162
215 186
205 234
16 282
128 108
6 214
174 146
97 179
119 113
279 189
38 260
74 26
183 268
255 95
184 237
98 12
249 136
70 12
45 205
13 85
51 224
69 70
300 276
88 166
54 118
129 67
144 143
110 254
100 26
262 116
179 284
119 111
122 128
32 188
25 218
141 96
218 75
50 209
126 269
87 137
203 231
74 267
221 98
123 235
51 20
3 136
246 229
108 174
61 119
36 192
39 85
211 228
137 256
225 260
97 262
193 63
29 51
201 18
252 1
21 23
211 54
35 75
248 156
27 142
85 61
197 62
290 124
79 108
67 178
191 55
117 215
18 135
152 198
198 218
292 156
209 270
45 202
110 243
137 44
104 136
249 221
44 1
108 290
167 175
281 174
141 110
244 150
47 158
127 148
3 296
266 118
72 263
258 62
105 233
68 94
14 209
209 68
58 110
36 68
293 224
85 16
165 133
42 29
176 263
11 168
38 230
244 276
37 109
41 201
294 141
101 160
227 60
221 61
128 284
260 256
23 173
5 44
124 240
202 99
18 51
32 212
239 55
215 276
176 27
220 7
166 170
281 20
133 145
128 201
208 260
132 139
235 230
169 189
39 58
161 123
86 56
111 192
167 77
103 25
32 43
264 22
94 249
93 244
144 226
185 273
111 51
32 69
9 97
207 253
75 47
102 67
258 212
288 264
41 125
167 91
112 72
72 182
125 205
130 165
137 20
122 67
187 299
148 153
157 195
293 54
120 231
143 146
110 77
253 182
272 150
273 171
52 136
92 44
260 228
299 274
40 148
147 120
25 278
224 46
99 181
164 216
61 270
98 58
239 222
71 51
273 263
98 95
139 77
4 189
214 150
298 3
174 253
282 144
241 250
131 205
172 39
60 46
103 285
206 157
259 93
55 29
123 232
8 204
145 13
163 63
65 58
63 160
55 291
240 44
1 47
85 122
167 172
156 196
52 21
166 62
142 11
294 220
176 16
81 53
115 20
129 295
206 232
222 191
287 260
6 213
35 287
158 142
37 253
274 14
127 140
202 139
110 20
35 195
247 37
56 115
109 114
45 237
127 14
25 18
230 113
99 82
275 264
217 9
22 63
203 242
132 200
219 104
299 241
278 5
172 297
110 85
21 280
46 206
223 200
12 122
256 205
220 163
171 230
293 188
129 244
195 247
50 12
5 113
169 100
149 34
118 40
72 258
216 191
90 117
290 190
94 153
67 245
227 14
201 289
232 219
165 82
93 126
290 266
66 97
130 159
250 214
223 300
242 21
189 190
80 83
287 179
175 173
238 54
42 101
71 191
272 26
203 287
5 116
265 245
155 122
35 146
197 104
125 9
199 138
220 13
243 30
202 207
12 170
270 192
82 105
182 93
131 105
272 85
81 135
256 236
134 235
90 42
103 30
168 214
279 1
30 139
97 273
142 283
174 160
265 164
256 7
111 146
282 138
273 83
70 62
48 280
22 203
233 138
103 124
176 152
290 133
106 257
291 139
298 299
162 217
223 14
160 169
7 34
168 193
7 31
10 237
140 54
191 31
206 72
275 46
178 133
89 264
154 35
34 80
296 152
165 195
64 270
3 76
21 122
152 170
159 27
80 213
296 298
121 23
68 201
86 95
110 297
32 174
5 16
167 65
11 52
22 83
211 126
247 24
246 231
9 150
63 104
153 88
162 110
62 25
171 281
278 147
73 280
295 61
125 77
129 213
48 135
261 150
225 10
240 259
161 222
77 248
87 223
84 229
5 1
281 145
44 175
207 10
122 116
192 253
166 246
133 72
273 265
274 145
103 198
171 265
264 263
237 248
228 50
102 72
217 233
159 135
196 260
127 65
18 18
263 18
90 235
199 147
291 62
11 172
188 146
160 234
181 151
252 149
220 160
144 54
188 136
147 3
67 135
152 273
43 136
70 167
13 184
297 268
191 56
201 8
293 78
228 112
260 173
84 232
285 180
67 228
282 224
58 214
238 48
236 210
76 280
215 5
25 140
195 212
271 267
45 147
259 263
187 24
255 218
97 270
249 291
266 164
129 230
30 24
285 118
150 265
269 112
251 64
275 45
12 198
44 297
259 56
131 54
272 145
167 138
128 120
35 115
45 94
169 215
85 74
90 153
16 234
49 58
155 266
163 76
72 166
273 259
12 83
227 103
292 35
207 145
260 120
265 293
208 56
181 185
37 292
277 270
79 52
69 25
100 233
98 284
294 172
254 70
225 5
92 232
129 216
87 50
42 140
195 103
287 249
292 75
96 75
178 268
45 174
107 299
282 144
67 256
78 275
31 72
4 54
269 122
171 184
23 108
262 265
265 217
43 249
75 257
276 138
63 253
251 72
216 221
177 284
258 34
106 6
59 40
214 161
44 79
186 136
100 66
282 200
200 65
73 76
265 274
278 100
172 27
248 280
263 139
172 176
181 272
12 277
189 239
69 277
112 232
297 7
206 212
28 30
157 105
130 100
199 121
148 108
139 122
260 147
22 102
125 184
212 254
244 188
164 101
84 12
18 28
239 81
162 275
79 18
117 71
191 209
68 67
241 90
288 206
59 200
83 9
14 236
123 47
147 257
21 39
66 230
62 90
65 56
73 276
46 195
103 241
59 288
130 222
128 299
251 117
178 238
173 33
131 191
200 48
86 277
259 272
61 203
10 20
47 125
20 134
74 144
132 174
148 132
183 261
129 27
264 133
217 6
249 189
236 48
76 200
171 73
27 34
106 231
108 36
169 152
296 179
104 294
177 179
191 251
277 59
243 19
77 293
181 160
207 25
224 116
240 34
68 94
76 266
1 173
76 183
61 221
266 123
1 165
115 142
253 243
262 144
136 195
54 38
114 16
183 12
46 37
182 122
87 165
37 257
192 139
111 164
287 4
168 76
269 39
282 35
230 221
116 295
84 65
132 221
233 197
285 14
135 30
194 218
174 273
163 282
145 117
121 273
100 183
222 40
74 68
41 255
249 55
119 156
128 32
228 2
15 112
141 264
181 201
225 86
67 106
223 87
111 264
198 95
134 262
30 171
125 260
14 70
277 73
156 185
186 104
268 135
98 201
153 108
246 278
136 78
216 64
27 58
152 79
40 225
95 285
296 121
242 272
96 10
194 270
126 252
86 79
31 93
252 184
213 236
13 197
261 48
157 280
58 39
15 60
97 150
270 110
133 92
101 264
233 228
179 46
177 58
150 17
200 259
194 102
298 164
264 258
238 10
49 172
232 47
196 63
224 28
171 166
129 56
284 272
69 113
171 214
230 245
204 72
173 181
97 149
107 223
284 60
231 44
90 32
147 214
293 38
255 70
178 164
187 83
195 213
126 255
252 117
189 108
288 207
55 113
35 84
195 161
256 19
102 178
91 98
135 248
18 136
299 89
223 247
159 185
191 169
38 284
143 142
48 226
38 131
266 155
67 125
195 213
90 23
172 296
244 232
67 58
198 13
259 117
1 120
40 117
152 192
85 77
54 295
177 133
287 144
268 194
106 105
127 162
209 247
231 50
107 204
216 49
166 56
227 226
94 218
109 267
95 298
44 194
78 201
44 220
113 116
220 11
224 271
269 99
200 184
88 199
300 59
114 55
33 165
134 41
59 126
123 295
240 153
105 166
137 17
184 148
210 2
272 155
253 185
69 240
191 205
263 208
262 190
106 76
168 294
172 239
285 226
131 294
212 224
240 235
83 48
101 175
30 44
229 72
64 34
238 297
204 6
247 252
80 217
211 104
94 247
173 134
127 79
2 55
289 90
190 242
168 123
167 290
114 197
283 147
195 229
286 220
172 150
66 232
35 251
249 28
161 128
206 173
227 40
129 208
201 268
142 70
112 68
17 60
206 225
205 299
270 100
249 190
121 193
195 15
94 207
34 144
16 255
46 292
251 295
262 226
296 151
270 103
215 107
83 38
36 120
220 39
228 58
250 220
286 100
6 145
40 80
86 91
82 107
101 131
56 32
234 114
269 103
261 256
293 183
2 95
133 81
138 273
245 60
159 87
283 230
61 216
7 22
129 198
80 140
224 281
95 188
290 157
112 63
245 3
97 157
237 298
271 230
289 126
212 215
196 200
115 247
20 257
154 173
13 148
181 286
173 236
144 275
37 162
164 256
164 33
30 13
242 152
277 300
266 282
181 240
186 162
170 48
220 206
105 75
60 232
219 285
259 232
146 63
70 47
79 61
73 233
84 161
212 14
48 60
299 178
91 228
27 237
142 260
86 247
230 246
283 146
77 201
