1007
2 3
3 3
261869 88711
719064 606331
434093 463505
740465 324885
349391 754432
384885 230684
422546 659215
570183 858966
115743 672030
70910 323126
728690 74257
780470 328086
521609 161193
987036 272949
248848 176929
477941 390643
577099 802060
538800 31499
210692 798061
892397 915216
939190 558296
972364 150955
121403 808136
754490 880660
623859 357312
816761 922639
78133 3685
75759 500778
130298 233948
358642 44468
5127 789281
347025 618944
432603 122984
704486 559579
28697 961080
830490 917002
568503 549444
807288 911944
296936 98956
537910 895486
746310 174516
398208 296516
995139 46563
235270 211032
630353 326880
399753 302045
777295 991464
460386 636694
603511 74899
23763 51427
777989 119720
934097 912635
417962 964669
336912 290987
514161 321492
583249 647758
755632 701043
100969 51277
619187 740035
952979 556378
90021 151212
623865 627816
760128 840175
630718 229869
996342 826436
130254 109083
843231 328821
957417 381019
457253 608059
263789 264203
525358 128727
393828 515642
807626 983668
816589 141154
715101 491260
987118 350438
902158 468793
649177 475213
836848 214381
957694 124413
729072 381299
576625 621243
735872 718104
199740 579746
637442 613557
340455 356322
253240 5391
816134 642620
766315 110320
165892 440764
159962 148615
872174 906806
632165 136638
716419 45508
211897 987419
897913 345726
758846 828506
476690 931835
50687 158920
560608 744584
947097 212451
682326 486376
914470 970161
597137 565643
261292 639519
968806 345809
529985 615899
249709 512065
297153 249524
57741 168005
247923 869744
850889 365929
345399 308143
825098 459732
2740 805246
118830 917766
840064 41023
385618 160211
200977 855671
559387 620959
329955 223096
854986 721562
148842 985649
574145 298367
303866 434322
201424 767048
35572 236965
85380 952308
713779 669546
729265 399036
606199 208306
323518 779282
638289 58238
268594 245212
203536 46233
117118 599920
457258 663604
626954 89744
376878 166913
923331 302567
255401 927697
290084 991749
130390 132402
644803 854616
523 949956
700767 126509
929633 775579
366056 118694
841699 265947
709391 172347
505979 421967
947344 20854
984985 411658
518908 442857
978852 64322
976522 497395
760741 811049
659872 925236
514992 649870
211102 449870
755734 904052
965228 422557
160713 814898
540548 86392
565967 840076
226305 508648
644522 62159
351465 125993
22278 104115
484345 636319
615716 47020
850352 210650
357190 696145
128990 674510
266395 856946
42925 253004
528684 20723
451567 889478
256071 89902
892841 278210
780972 510153
568352 680092
400950 343636
76835 842433
395979 643238
226521 840425
225543 343032
529227 912660
212388 890690
146100 505993
456238 189845
807623 388364
479782 387641
122177 753566
125812 49864
378801 285882
292114 873739
300932 544717
193846 497044
739669 923766
608383 675164
642227 455806
432291 284062
832692 715802
873240 466483
948091 789279
344385 686960
286278 102213
462811 343037
671546 936863
69351 223224
100722 701466
886234 782922
158468 453557
743554 264776
758486 433728
561531 17036
336865 229656
89299 573269
398659 324194
135609 773213
81227 796422
481836 846970
314944 241902
460643 54712
66994 923968
25336 312757
319813 275545
326106 150461
946106 259722
788147 219879
45311 872215
189398 991919
963321 125742
961132 940758
769936 630437
289504 901368
459068 248568
325256 468780
326990 866625
290070 395937
472065 110073
391616 218167
917825 557998
319404 508253
599740 61638
743200 894121
896424 865971
9768 773309
64788 661944
305480 929432
770931 221403
36515 120827
819941 393259
702764 505534
754760 706485
214029 882481
280894 31938
754390 942392
85312 361043
366440 689441
497443 397023
844001 231688
31657 896077
806473 412077
994186 727150
547902 786772
87043 77565
585693 465822
326623 352089
615985 643751
895429 754178
890591 194656
268290 911571
131410 314925
173208 491711
751397 155842
16966 434319
581263 486522
624985 360027
190226 841976
356787 7432
327206 590658
640281 862401
428515 718042
55427 367673
694958 151647
496031 350624
497893 641445
626790 440164
287821 540497
536738 490730
664379 200503
737855 965645
209281 555895
734289 851095
537306 654485
532070 621630
45657 846425
415885 175521
309391 775975
549351 101251
636603 405216
858732 276935
582070 509240
735743 431597
954398 16409
43702 90188
723970 932409
150436 431505
715855 427000
693930 794487
518714 463357
961916 866696
477230 440273
661559 106899
484536 509756
20771 969263
197808 785695
246149 789743
53290 341650
618728 712614
360733 760064
565100 74077
993363 73152
914127 581779
285585 588213
973689 272693
915081 273448
194510 302750
245437 364772
502383 774161
417078 71442
801489 196085
568678 782039
519618 111568
874265 283819
646136 22151
684194 27516
283419 288341
700357 548163
890069 734411
70176 294117
617433 944904
468063 60301
437362 175288
490207 126023
894540 106386
667618 895136
418567 864973
430836 497662
115963 771170
929180 514298
81286 464584
464326 671493
158941 581421
336944 693434
19601 884145
57299 826304
527329 292647
74580 589220
707712 654095
699755 501557
535912 920781
169171 14879
10590 374191
340402 253004
435463 141598
921162 688760
698155 576866
944224 57172
631688 184539
984620 435295
629082 362749
473859 754432
910376 778636
252097 671142
349010 919129
923769 710115
712409 874940
557537 20039
941166 337235
795897 908090
633983 201338
466363 821277
576255 396683
235465 821153
334837 609240
355346 508135
799687 342823
53254 22298
773063 20014
169213 423691
858622 427343
378530 567308
562744 503510
310628 630031
945167 335665
278175 336064
64507 512239
814344 597152
630874 29629
501976 308899
693820 95197
146618 7437
646642 926823
994935 104969
650966 362245
56544 394954
841437 259306
325437 296678
512604 525779
397493 749488
404441 29697
13823 101397
573459 503798
152328 1401
716628 663918
672293 851859
988597 918944
549690 273607
885681 353398
9131 683331
728813 220489
398211 777308
551047 500513
599458 553641
448543 133803
172971 45345
744419 109052
849774 284657
513183 210885
702291 85025
476164 226328
487880 538280
86455 517275
636460 420813
617500 831626
204860 698048
485284 57970
293436 11896
236244 805739
875818 279951
617879 853078
438047 102171
999303 708312
782982 365006
528503 922582
233474 331280
17603 450417
881434 46363
976859 163076
424615 849176
539405 436444
898945 914169
354322 415800
61030 369751
845148 565378
74155 455629
488350 750284
824808 269653
96347 587150
246302 320161
939378 937504
277868 246909
622057 130867
129778 717796
484217 90965
353220 195680
342747 16677
50130 661350
223825 593491
237334 954225
681974 822301
686592 426461
556554 355397
575326 628936
939128 716375
664335 347493
971945 543642
375081 445921
575822 822421
691560 545978
565737 925253
298009 137308
941277 607771
158024 245182
948983 1276
789926 172605
733564 912499
289726 852343
177459 598458
799833 974891
97845 442026
860528 185168
345780 593342
901201 862323
465290 996111
542997 284949
975235 881804
135169 690437
402732 336184
134906 79482
319965 242281
535149 25331
998724 845054
647423 515795
740339 934625
839986 653239
856300 918142
548889 725466
732715 902019
767421 467500
342324 498265
105616 36590
725214 914209
745681 824018
62176 491827
324608 808337
4058 990547
540100 768972
632934 744437
788442 199208
157984 345011
424832 26596
43315 965069
957282 941180
312102 386465
908612 688259
347301 823147
228657 747389
824340 928574
784291 760124
461969 951236
109234 606012
293256 427251
438146 98944
100220 10640
869927 50734
504852 8809
74908 16809
214115 610254
899364 105326
428604 3152
526591 110450
573622 591805
869008 335865
439931 520858
972174 8250
862678 919970
246441 923634
418493 343103
783999 361414
832477 25287
51839 989150
239461 42681
482204 212863
691028 269816
19446 621799
626758 763336
105477 292718
589756 195271
147654 913051
387244 296877
969386 273925
655497 819911
220733 809196
531602 8113
277779 673623
284640 258322
985657 647088
938027 921245
551194 67677
269022 323845
150320 899936
518236 791745
124398 910641
334034 883073
589738 341147
984575 937583
88592 408917
598976 992042
776068 503138
745119 791039
262423 180523
442718 580586
538925 449435
453184 574156
645806 690172
358617 807596
899307 860944
709654 15283
612306 95091
890575 520547
391317 54704
483531 39321
379159 208481
873236 646787
359896 727883
943804 384547
95010 139513
141935 570373
574836 9752
995771 447613
731822 359315
319388 274981
835518 730672
239564 676438
235530 314795
527562 569254
265950 756882
24041 489697
280599 533601
166172 435530
132752 724703
512641 720340
160716 808569
157163 688732
505765 345118
662067 283114
844084 340955
537792 306600
895233 593848
399637 467235
309805 10322
619292 39552
639133 37434
613810 987840
988457 658447
662770 582647
406788 456152
54277 618314
456046 51236
887081 219176
744280 378598
436737 428682
98391 509003
631069 140910
591693 193631
937931 991184
79123 971039
513821 148842
665514 67872
547644 571758
795812 829088
69229 148162
643149 683627
170081 169020
275871 63602
148099 585055
265382 503015
769149 639701
492656 494940
564043 734445
146681 567837
638532 217878
337429 673867
844133 701341
997342 344443
710943 865700
907872 864207
665316 370404
435138 41171
471469 446692
53687 854938
620815 459066
219110 397466
958655 212547
48406 436230
906658 428574
999197 397739
522009 281134
831306 401038
835980 631887
647248 828036
149109 526872
571253 286610
574640 548755
301180 896390
583681 16057
403919 687765
910630 565618
792304 205687
783262 400204
890337 635904
187257 368569
623890 768641
912609 301134
706954 146719
136681 829754
966681 112882
688085 973508
844668 567777
39209 451784
734801 108476
367221 659379
303806 218586
745248 140478
857501 57461
423987 940456
565930 194051
595305 524279
727534 840726
643126 974704
462446 784247
304469 469
513167 334014
470806 336990
355852 409077
220198 941948
822683 612718
348448 702667
336284 404834
67988 133461
94723 35725
688087 776463
138439 835398
748426 303758
329676 136163
516334 491979
384589 82061
461352 774039
840460 310816
759569 307680
205950 558726
739905 136613
373874 400340
542683 693303
364930 653861
526556 644337
873661 763126
981344 758329
127891 838594
150836 62200
432065 186271
435427 183894
275839 463514
832826 216954
74280 736591
782750 223617
157737 985547
459536 235773
812268 105957
16383 140528
587527 754778
275214 251529
508064 40809
73190 243358
254371 919791
442815 793963
88295 572931
161387 560587
62300 457557
66019 101429
72825 173507
144532 619705
693413 302013
249452 881594
214755 903194
306209 112686
572483 100794
239683 698325
232326 228509
938435 822391
305745 713860
612611 357473
618453 377479
864414 901281
983613 425655
6010 409472
849817 83637
303629 548544
885770 181331
13613 646102
638895 774570
69276 494890
761998 532348
873939 873613
364230 103883
509645 383098
48436 932281
911767 506641
104611 205922
845718 231376
447993 371767
18968 710163
502367 184349
662559 615053
874033 549958
636651 607304
11238 166670
937095 556506
672449 184280
112534 238121
157240 374506
372894 456289
740196 486727
900308 433522
144170 715853
749993 431568
954537 506638
883669 305446
546852 445490
276259 265626
388081 34253
956285 938696
892066 911293
613817 953464
275955 85000
317155 47137
990389 474676
700428 685410
753978 225062
693650 911614
879233 762815
70513 588889
408675 764084
755145 633329
874047 109997
659889 941342
562850 758177
214141 183053
165370 281008
217803 387002
98493 233602
327315 160685
595348 215582
509103 18359
444237 397389
189865 385644
758081 61297
897860 147043
764290 974752
534348 742060
37192 973766
661153 295186
324893 89466
801985 626001
231687 60703
586453 357722
591477 521662
133631 955717
572333 284962
920033 572694
659445 132277
462640 986100
730304 287322
899323 286438
533339 91083
221238 979727
890007 547059
636299 660588
828217 500111
839138 336715
332768 119553
837423 534094
525493 178549
928700 644897
535513 898040
875513 34297
420555 840661
362689 138958
219352 226163
883437 61530
143624 713708
491806 198035
642693 222447
48134 727717
211150 498072
210872 271667
173533 228431
244400 839248
937877 232031
218917 309242
267887 66007
805838 590743
232998 181094
146290 458290
692512 385395
743412 714423
858400 559868
175965 604654
102505 627120
970731 369781
635573 959247
453978 744898
474006 491072
530738 810775
876395 710323
534801 789958
886343 135928
981945 96232
587678 328800
777884 266840
582833 756051
174886 749430
513787 385394
786379 373913
653148 112239
655890 314197
377733 602985
439202 144878
780516 569805
331467 539995
331857 710441
504791 295231
892538 95571
590226 612835
229004 112570
588119 897209
783650 860427
488540 389645
569778 588679
725888 925645
857141 572387
459539 172091
176086 967329
732646 601392
502878 122861
13972 921556
689375 922555
350096 450907
547871 657567
484017 623298
366471 327661
156986 291275
690955 571602
89518 515446
881500 14131
346579 392000
286540 620677
309126 370529
672832 241133
687999 127552
915484 878937
954405 216250
184299 55454
102804 544596
533006 744980
694637 606780
936807 862512
688479 429703
86149 834721
330036 533159
106897 600621
32798 497644
748473 870988
917570 228669
762140 858309
922309 591063
305015 509384
802070 228677
347727 61197
260411 605344
588640 862635
18656 103753
999172 62396
658140 639654
378727 110127
507973 304346
353833 309485
169911 178248
528021 161521
386464 65801
99713 511138
907472 930219
876166 780915
215102 37037
33827 925310
391261 94521
648299 202076
295264 643938
72375 163784
139338 915742
39817 473717
853307 732805
969981 797933
414839 833675
56503 302635
437560 811963
631560 31932
889591 77110
231202 416274
165878 216682
285885 477993
541329 60630
321290 672094
189318 918397
253591 933517
115009 317545
141507 90154
132908 863394
871909 84194
119414 606191
647607 955635
552738 846989
637576 455882
162131 482542
718113 965980
731094 694260
427895 794503
851952 21231
494546 336810
216681 846611
587581 293570
