1005
2 3
3 3
34 3
144 1
8 233
832040 89
2584 75025
3 34
17711 121393
10946 2
196418 1
89 610
17711 13
55 4181
5 4181
75025 1
6765 46368
34 4181
34 1
2584 21
377 34
377 4181
17711 2584
2584 1
5 377
196418 832040
17711 8
832040 10946
196418 6765
3 514229
514229 610
832040 75025
2 6765
121393 987
3 3
317811 377
46368 5
1 34
4181 4181
196418 1
144 34
34 832040
21 6765
233 233
28657 514229
832040 34
2584 89
144 34
514229 987
17711 1597
75025 2
987 2
196418 4181
196418 28657
46368 8
233 6765
13 75025
4181 144
17711 2
832040 1
13 2584
832040 28657
2 8
10946 10946
6765 3
4181 144
55 17711
377 987
121393 28657
121393 2
1597 514229
317811 317811
2 28657
75025 832040
832040 144
55 196418
233 514229
121393 8
6765 610
2 1
1 121393
3 514229
3 832040
1597 6765
6765 21
21 6765
6765 13
8 377
1597 317811
121393 196418
28657 34
75025 8
1 75025
1 196418
46368 196418
121393 46368
377 987
34 233
8 2
13 46368
514229 1
28657 13
5 1
2 13
1 6765
10946 987
196418 377
832040 610
55 233
610 3
10946 75025
55 8
3 1597
2 5
34 34
8 21
144 4181
121393 2
5 2584
75025 610
610 75025
832040 233
10946 377
21 2584
2584 4181
10946 377
514229 46368
8 2
10946 233
21 46368
6765 2
987 2584
5 377
2 377
17711 144
233 377
46368 987
144 987
28657 2
196418 2
89 610
10946 2584
610 3
89 10946
46368 121393
10946 1
2584 196418
89 121393
610 10946
75025 121393
121393 832040
5 196418
28657 34
196418 1
3 514229
610 1
75025 514229
28657 832040
317811 89
13 89
2584 89
8 89
2584 13
4181 377
55 75025
1597 28657
21 987
610 317811
21 987
34 6765
10946 377
28657 2
196418 3
1 2584
8 121393
89 5
1597 28657
1597 10946
17711 1
2584 17711
89 3
610 1
377 34
1 10946
832040 2
377 1
514229 514229
2584 121393
1 2584
6765 4181
89 46368
610 21
34 317811
21 46368
10946 1
4181 1
75025 3
1 121393
75025 1
1597 121393
89 233
121393 377
196418 13
317811 13
21 13
17711 317811
17711 6765
2 196418
2 21
13 317811
144 8
55 3
8 6765
28657 6765
8 13
233 46368
5 610
28657 75025
832040 21
46368 2
46368 317811
121393 144
4181 2584
34 121393
2 3
1 75025
987 1
8 55
10946 144
610 13
377 121393
514229 1
17711 6765
610 377
610 2584
377 13
121393 13
4181 2
1 144
17711 377
987 121393
2 2
21 144
34 75025
46368 233
377 13
377 10946
2 8
89 34
28657 317811
8 2
144 832040
514229 1
89 8
55 317811
121393 89
75025 3
89 17711
34 75025
832040 8
987 2
1 5
6765 3
514229 987
317811 233
13 832040
21 1
17711 2584
89 832040
610 3
2584 17711
377 121393
28657 46368
17711 75025
55 28657
514229 1
5 21
13 121393
89 4181
317811 2584
46368 75025
377 144
46368 13
1 89
1 55
233 610
3 832040
610 1
28657 4181
8 1
55 121393
28657 3
317811 34
514229 75025
610 1
8 46368
2 8
4181 196418
28657 832040
8 832040
610 832040
1 987
34 121393
1 514229
3 1
28657 233
21 2
3 89
3 17711
2584 46368
832040 10946
987 8
3 514229
4181 317811
21 3
3 832040
1 55
2 514229
10946 34
4181 144
34 610
1 1597
3 832040
1 89
21 514229
46368 13
13 8
4181 8
55 377
514229 5
832040 3
1597 21
987 75025
196418 34
121393 1
144 987
1597 6765
8 610
2 75025
3 8
196418 2
28657 4181
196418 196418
55 377
987 5
28657 1597
3 121393
1597 8
144 13
75025 5
28657 13
514229 196418
8 28657
17711 987
17711 10946
1 987
1597 317811
1 89
5 28657
3 3
233 196418
2 514229
75025 3
610 377
13 46368
75025 514229
377 2584
514229 6765
10946 89
514229 4181
8 10946
75025 144
1597 46368
832040 3
17711 28657
4181 6765
3 28657
1 610
46368 2
6765 17711
55 34
832040 4181
3 1
1 987
2 610
46368 987
55 34
514229 2
10946 2584
75025 17711
1 514229
377 832040
55 987
55 21
1 514229
610 17711
987 317811
987 987
55 1
34 2
5 2
89 8
75025 5
121393 89
1 1
832040 121393
34 89
34 3
233 21
55 1597
4181 377
89 144
3 377
610 514229
1 514229
121393 1
17711 610
21 46368
987 46368
8 34
832040 1597
4181 1
377 55
10946 13
55 13
514229 317811
5 55
8 17711
13 13
13 1597
2584 1597
610 17711
1597 10946
28657 17711
5 17711
987 832040
46368 28657
1 75025
28657 987
17711 377
514229 13
28657 4181
21 2584
28657 17711
10946 1597
6765 75025
13 5
46368 10946
28657 196418
121393 5
34 34
2 17711
75025 1
34 832040
5 2
2 8
55 55
46368 514229
13 4181
34 6765
1597 1597
46368 28657
28657 34
2 13
121393 2584
514229 317811
317811 2
10946 4181
10946 233
55 4181
4181 28657
1 28657
987 121393
317811 2
21 1597
21 34
17711 514229
10946 196418
8 55
6765 514229
10946 89
317811 89
8 28657
233 8
610 144
1597 4181
13 610
55 34
3 514229
8 987
121393 1
34 987
1 5
610 8
233 317811
610 1
55 55
3 1
46368 1
10946 8
1597 317811
4181 21
1597 3
75025 75025
832040 1
987 121393
610 2584
377 2584
89 610
514229 4181
8 17711
377 2
5 2
13 13
233 1597
1 55
55 610
1 377
55 17711
987 6765
121393 121393
89 1597
832040 121393
1597 75025
75025 3
1 55
3 987
17711 6765
514229 2
17711 514229
1597 4181
233 89
6765 75025
2 89
144 233
5 987
610 5
121393 28657
75025 10946
1 233
2584 28657
55 21
987 987
1 75025
5 46368
28657 17711
55 2
2 4181
317811 233
8 4181
3 4181
5 832040
196418 610
514229 832040
1597 8
89 13
28657 317811
2 21
610 1597
144 317811
2 377
13 17711
34 46368
233 3
1597 514229
1 89
13 28657
987 10946
13 5
55 317811
5 3
4181 2584
1 4181
377 13
2584 514229
1 196418
2 2584
2584 377
121393 34
987 514229
317811 514229
377 377
1 1
144 4181
55 89
610 2
17711 832040
2584 987
46368 377
2 5
1 2
2 1
2584 2584
233 1
1 75025
3 1
377 2584
8 6765
2584 55
10946 233
4181 233
21 13
34 10946
34 144
10946 377
1597 377
1 233
4181 2
17711 610
46368 4181
121393 2584
17711 4181
89 2584
514229 75025
17711 4181
196418 46368
514229 2584
121393 6765
8 8
13 196418
10946 3
34 89
2 4181
10946 377
121393 1597
6765 89
28657 2584
34 2
832040 233
610 610
233 34
2 21
34 121393
2584 75025
6765 46368
17711 121393
10946 55
4181 233
17711 377
377 75025
10946 144
1 75025
832040 2584
4181 10946
75025 1
2584 89
121393 832040
4181 46368
377 28657
17711 28657
75025 1
317811 89
6765 121393
121393 89
233 17711
6765 89
55 34
21 144
3 377
2584 1
1597 196418
233 10946
832040 4181
832040 4181
832040 55
233 75025
34 1
34 21
46368 317811
317811 89
610 13
144 233
17711 832040
10946 1597
3 46368
233 13
144 233
3 5
1597 233
8 89
6765 610
1 13
2 4181
5 2584
21 89
1 196418
233 1
377 6765
987 4181
121393 144
1597 13
34 4181
34 6765
1 21
832040 317811
121393 17711
1597 34
6765 3
121393 75025
4181 3
46368 28657
610 6765
987 514229
3 1
514229 233
13 144
13 610
317811 2584
13 6765
144 75025
28657 6765
3 1597
8 1
21 55
233 1
1 196418
196418 21
8 28657
75025 46368
2584 1
8 8
17711 46368
4181 34
89 4181
317811 17711
10946 987
6765 8
832040 1
8 3
2 610
233 21
2584 1597
28657 28657
1 89
317811 1
832040 987
514229 17711
21 1
1597 514229
6765 1597
2 55
196418 13
4181 8
1 5
2584 3
46368 514229
17711 1
8 233
196418 21
144 28657
1 1597
8 144
5 2584
987 4181
5 13
34 55
377 610
987 28657
514229 46368
2 46368
1 21
514229 13
144 1
55 1
46368 8
377 1597
121393 1
610 46368
46368 10946
317811 144
10946 832040
8 377
55 2
233 17711
1 13
89 317811
987 17711
2 2
10946 832040
144 8
377 514229
514229 1597
1597 514229
1597 17711
2584 13
75025 1
514229 6765
610 6765
514229 832040
121393 2584
75025 13
196418 4181
21 34
1 34
121393 6765
832040 196418
89 1
3 1
121393 121393
89 4181
21 144
5 2584
2584 196418
21 89
1 75025
1 233
377 34
21 121393
75025 17711
1597 2584
233 514229
10946 3
2584 2
514229 34
832040 8
1 317811
75025 377
17711 21
317811 3
28657 17711
8 2584
75025 377
987 75025
144 121393
1 5
13 233
377 196418
10946 3
4181 1
3 17711
144 514229
6765 13
1 514229
3 1
46368 6765
377 6765
121393 13
75025 8
987 89
13 1
121393 8
514229 17711
13 832040
233 28657
1 987
28657 121393
2 121393
13 10946
2 317811
1 34
1597 1
46368 514229
196418 1
46368 610
1 2584
2 121393
2584 1
196418 8
34 1
34 1
1597 121393
6765 121393
1597 28657
233 121393
28657 46368
233 17711
34 2
34 34
75025 2584
1 89
55 8
121393 6765
10946 46368
6765 6765
144 8
144 1
46368 28657
6765 3
28657 317811
377 3
5 10946
5 4181
832040 377
75025 233
10946 832040
2584 8
21 5
13 196418
1 46368
10946 832040
10946 34
8 17711
1 1
55 46368
514229 987
196418 832040
8 2
1597 317811
4181 46368
55 8
1 3
8 2
121393 17711
317811 2584
610 832040
2584 1
8 34
514229 21
75025 4181
377 28657
610 514229
46368 1
610 10946
2584 144
28657 21
46368 1
377 17711
121393 144
987 17711
987 89
28657 1
17711 233
987 8
34 3
28657 55
75025 4181
21 233
4181 8
1 75025
75025 6765
3 5
34 121393
1 5
3 10946
610 46368
13 1
987 21
13 121393
832040 10946
3 34
317811 121393
1 6765
4181 5
75025 21
233 1
987 3
17711 610
13 13
121393 75025
6765 2
233 17711
832040 75025
377 55
196418 317811
514229 8
514229 2584
317811 6765
17711 317811
121393 13
1 89
233 3
10946 13
317811 121393
75025 5
1 6765
144 1597
6765 17711
75025 1
17711 2
21 55
832040 10946
46368 377
1 46368
8 377
832040 196418
6765 987
4181 34
832040 46368
17711 121393
1597 46368
4181 2
144 4181
34 55
3 144
75025 3
832040 46368
21 2
1 233
13 21
21 17711
1 46368
89 1597
121393 28657
1 196418
233 2584
55 89
610 8
28657 46368
13 8
34 89
144 4181
2584 987
2584 121393
233 6765
21 377
