1006
2 3
3 3
906826 906827
609837 609838
111938 111939
435212 435212
997008 997009
154938 154939
815709 815710
2024 2025
512478 512478
86802 86803
741277 741278
211627 211628
589386 589387
593843 593843
579086 579086
682487 682488
565755 565755
567197 567197
29935 29936
629045 629046
752508 752509
392407 392408
823980 823981
684134 684134
517640 517640
353603 353604
72625 72626
318691 318692
2343 2344
13038 13038
496764 496765
336709 336710
300486 300486
41895 41896
199639 199639
753973 753973
484113 484113
295222 295222
724388 724389
969332 969333
74790 74791
5965 5965
995379 995379
203807 203808
455160 455161
859510 859511
95206 95206
943779 943779
280608 280609
254589 254590
552993 552994
926004 926005
359421 359422
552075 552076
300712 300713
972529 972530
553723 553724
60301 60301
838545 838545
273522 273522
719326 719327
601439 601439
157775 157776
738751 738752
164884 164885
43384 43384
856095 856096
833523 833524
592416 592416
305156 305157
284465 284466
366309 366310
805633 805633
924252 924253
62438 62438
373468 373468
634771 634772
26693 26693
994168 994169
590363 590363
185023 185024
451017 451017
737165 737166
45553 45553
486463 486463
788656 788657
420927 420927
855249 855249
886225 886226
415676 415676
820350 820351
712725 712726
648998 648998
111435 111436
625364 625365
536247 536247
572428 572429
771352 771352
33192 33192
234986 234986
831442 831443
189186 189186
167942 167943
809220 809220
497442 497442
660063 660064
402209 402210
111638 111638
649598 649599
674478 674479
968062 968063
999313 999314
750392 750393
733111 733112
253917 253917
939510 939511
423826 423827
132254 132255
56158 56159
387222 387223
23775 23775
561887 561888
853888 853888
72426 72426
836419 836419
425867 425868
532771 532771
712299 712300
943045 943045
389271 389271
153905 153905
805937 805938
929766 929766
939934 939934
905911 905911
231175 231175
782388 782388
771269 771270
361836 361837
366525 366526
976938 976939
365332 365332
477381 477381
7668 7669
828942 828943
650187 650188
696456 696456
14920 14920
105126 105126
318050 318050
583855 583855
673112 673113
172593 172593
316586 316587
413787 413788
148703 148704
905600 905601
475179 475180
138515 138516
780540 780540
614521 614521
954829 954829
200650 200651
601762 601763
812926 812927
97634 97634
134844 134844
108624 108625
865345 865345
789668 789669
573209 573209
581065 581066
686909 686910
429637 429638
140901 140901
816275 816276
259818 259818
177987 177988
450930 450931
687583 687583
48066 48066
115206 115206
331298 331298
22399 22400
302004 302005
875246 875246
36238 36238
237910 237910
11792 11793
268390 268391
501832 501832
907786 907786
491121 491122
731222 731223
579947 579947
319868 319868
250208 250209
5011 5011
169776 169777
352397 352398
320545 320545
10666 10667
311662 311662
651478 651478
628291 628292
100263 100263
690292 690293
577648 577649
581610 581611
121520 121521
774355 774355
35984 35985
657182 657183
662729 662730
803205 803205
49347 49348
676185 676186
292838 292838
593150 593151
640673 640674
904946 904946
956012 956012
950151 950152
951445 951445
697210 697210
230134 230135
964845 964846
1007 1008
440371 440372
137832 137833
402276 402277
159615 159615
634202 634202
73528 73529
457212 457213
979732 979732
448765 448766
466384 466384
138506 138506
473065 473065
839130 839130
729981 729981
381754 381755
22473 22473
218108 218109
712089 712089
917260 917260
32091 32092
394706 394706
823612 823613
953288 953288
238978 238978
58705 58705
866574 866574
386586 386586
742365 742365
39871 39872
121955 121955
379979 379980
705678 705678
163867 163868
770185 770185
598476 598477
448039 448039
778993 778994
208764 208765
204600 204601
767571 767572
442907 442908
264709 264709
566997 566998
226096 226096
417921 417921
27506 27507
4446 4447
148715 148716
833500 833501
852700 852701
746774 746775
185537 185538
48589 48590
507039 507040
621606 621606
426903 426904
399744 399745
81440 81441
734065 734065
608738 608738
518870 518871
979237 979238
112048 112049
250107 250107
45557 45557
705354 705355
300970 300971
668363 668363
152392 152392
821831 821832
378067 378067
488959 488960
625164 625165
561254 561254
366761 366762
985396 985397
66426 66426
858663 858663
698255 698255
603258 603259
408097 408098
434796 434797
640008 640008
79172 79172
403967 403967
177482 177482
802960 802960
501534 501534
131376 131377
414575 414576
952767 952767
874788 874788
754324 754324
396208 396208
38550 38551
336457 336458
525232 525232
42903 42904
103939 103939
183852 183852
146847 146848
226547 226547
722091 722091
316260 316260
108003 108004
463276 463276
775925 775925
578404 578405
130938 130938
61722 61722
894117 894117
148899 148899
277124 277124
224149 224149
281509 281510
966260 966261
734918 734918
206659 206659
887810 887810
523441 523442
15397 15397
116374 116374
547281 547281
726148 726149
428735 428735
935084 935084
102479 102479
26048 26048
369038 369038
861116 861117
406712 406712
258243 258244
135488 135488
826692 826693
297748 297749
896510 896510
739188 739189
488713 488713
326222 326222
598754 598754
910953 910954
310625 310625
65326 65326
300292 300293
619651 619651
164927 164927
355981 355982
173209 173209
826996 826997
688169 688169
86840 86840
113258 113258
732624 732624
82657 82657
788297 788297
738656 738656
85485 85486
418403 418404
932131 932131
942815 942816
798528 798528
980613 980614
69252 69253
270022 270023
258585 258586
595745 595745
685173 685174
962577 962578
20932 20933
891927 891927
263957 263958
56733 56733
419728 419728
723396 723396
959669 959669
887010 887010
185218 185218
940194 940194
772721 772722
868899 868899
759561 759562
370901 370901
223636 223636
510727 510728
471110 471111
472687 472688
218345 218345
996569 996570
850905 850906
561459 561460
718278 718278
130748 130749
42190 42191
910050 910050
238006 238007
591967 591967
435525 435526
602152 602153
359184 359184
57605 57606
703581 703582
901525 901525
604223 604224
294836 294836
276566 276567
30587 30588
13674 13675
848385 848385
431009 431009
347720 347720
414521 414522
500490 500490
630770 630770
413423 413424
717495 717495
987434 987434
685221 685222
677283 677284
542448 542448
321167 321167
268492 268493
523190 523190
810363 810363
133898 133898
400662 400663
993201 993201
474583 474583
287492 287492
416487 416488
26732 26732
92174 92174
609782 609782
676642 676643
854535 854535
271955 271955
10649 10649
367248 367249
604608 604608
369359 369360
41314 41315
241277 241278
451851 451852
179295 179295
555574 555574
533269 533269
22480 22481
763812 763812
224529 224530
344098 344098
225173 225173
887047 887047
820930 820931
960428 960429
144008 144009
265883 265884
98369 98370
17831 17832
361889 361889
147104 147105
331590 331591
560135 560136
235253 235254
221319 221320
469088 469088
663975 663976
162576 162576
359190 359190
576362 576363
657784 657785
552468 552469
567711 567711
390027 390027
50062 50063
723913 723914
929259 929260
970134 970135
551890 551891
758204 758204
868651 868651
418050 418050
542049 542049
149570 149570
45429 45430
693938 693939
708257 708257
345483 345483
509746 509746
461696 461696
482717 482718
32945 32945
364372 364372
217590 217591
702919 702920
62867 62867
71027 71028
359951 359952
847258 847258
357746 357747
32557 32558
614633 614634
428824 428825
376742 376743
833624 833625
180261 180262
131742 131742
777976 777976
495213 495213
980292 980292
253643 253644
487328 487328
508785 508785
696883 696884
851198 851199
981473 981474
8253 8253
130111 130112
997309 997309
987190 987190
522816 522817
367613 367613
486337 486337
56047 56048
951150 951150
384778 384779
549732 549733
10814 10814
273060 273060
520575 520576
360354 360355
960511 960511
200112 200113
270325 270325
397097 397098
946668 946669
60970 60970
606024 606025
641234 641235
720880 720881
367652 367652
82111 82112
413372 413372
569176 569177
207615 207615
492254 492254
150071 150072
200842 200843
7089 7090
262601 262602
696288 696289
893443 893444
825972 825973
418475 418476
867822 867823
312823 312823
839519 839520
865467 865468
782325 782325
661555 661555
48335 48335
565504 565504
321888 321888
781114 781115
796961 796961
458269 458269
623072 623073
823066 823067
832689 832689
459149 459149
154947 154947
208523 208523
914063 914063
524311 524311
731993 731994
379873 379874
78128 78128
889781 889782
202671 202671
956930 956930
550650 550650
219985 219985
566017 566018
598431 598432
645470 645470
136786 136786
857268 857268
555895 555896
732937 732938
248994 248994
887226 887227
584030 584030
755291 755292
203434 203434
735117 735118
722879 722879
29862 29863
581571 581572
686827 686827
601996 601996
621696 621697
21682 21683
267612 267612
669908 669908
879114 879114
269020 269021
978739 978739
549700 549700
328533 328533
218774 218774
174506 174506
308864 308864
639555 639556
895189 895190
380338 380338
856038 856039
405538 405539
750357 750358
666255 666255
722269 722270
170108 170108
328677 328677
921679 921679
638562 638562
666591 666592
555721 555722
340248 340248
739503 739504
324206 324206
973286 973287
123921 123922
178928 178928
870041 870041
823984 823984
145385 145386
800443 800444
26177 26178
701174 701175
736062 736062
927615 927615
594726 594726
806111 806112
416852 416853
561556 561557
788562 788563
535830 535830
940648 940649
998970 998971
545053 545053
201678 201679
827712 827713
10285 10286
210765 210766
912910 912911
451777 451778
127271 127271
702649 702649
518561 518562
686282 686283
1146 1146
846198 846198
673637 673638
588230 588230
80838 80838
231134 231135
322555 322555
890504 890504
609007 609008
516216 516216
697517 697518
476894 476895
681697 681698
171455 171456
739010 739011
371512 371513
814891 814891
433082 433083
134740 134741
697829 697829
260065 260065
9577 9577
328704 328704
809488 809488
672742 672743
908698 908698
65819 65820
876529 876529
366177 366177
543116 543116
640634 640634
76866 76866
473908 473909
42407 42408
122690 122691
408375 408375
833525 833525
850000 850001
624696 624697
599532 599533
649410 649411
914473 914474
367617 367618
410829 410830
180285 180286
172927 172927
286093 286094
3449 3449
251376 251377
709380 709381
650799 650799
965427 965427
135305 135305
425446 425446
364863 364864
462877 462878
347061 347061
327551 327551
677453 677453
136613 136613
934995 934995
101161 101162
760440 760440
949096 949097
859911 859911
887996 887997
710123 710123
441015 441015
666924 666925
437262 437262
75605 75605
882993 882994
227572 227573
178234 178235
154233 154233
837517 837517
224257 224257
794932 794933
804734 804735
362250 362250
242661 242662
933738 933739
44935 44935
94259 94260
117368 117369
891277 891277
692282 692282
583037 583038
151688 151689
789135 789136
689821 689822
901609 901609
223793 223794
61450 61451
757387 757388
664037 664037
653988 653989
537288 537288
210274 210274
573294 573294
920447 920447
764138 764138
499927 499928
849068 849068
771905 771905
242058 242059
513447 513448
818265 818265
915846 915846
376960 376960
10999 11000
501672 501673
305305 305305
285810 285811
652764 652764
821131 821132
362892 362893
220252 220253
717751 717751
580062 580063
877027 877027
75683 75684
756857 756857
711541 711541
900400 900400
339335 339336
477807 477808
90834 90835
41547 41548
226225 226225
698694 698695
351488 351489
80396 80397
942955 942955
478470 478471
968822 968822
300737 300737
83108 83109
834530 834530
513073 513074
543085 543085
617002 617003
53206 53207
504233 504234
925860 925860
260208 260208
203182 203182
12713 12713
736969 736970
291606 291607
984877 984877
579126 579127
727252 727252
334319 334319
683938 683938
913250 913250
287480 287481
692695 692696
221052 221052
129314 129314
599155 599156
595323 595324
849622 849623
632186 632186
340549 340550
8811 8811
769563 769563
339839 339839
381448 381449
270113 270113
219074 219075
344925 344926
755590 755590
180056 180056
184457 184458
113200 113200
771945 771946
652465 652466
56702 56703
141450 141451
286237 286238
880955 880956
643740 643740
356945 356945
451275 451276
43782 43783
317305 317306
145017 145017
350985 350985
322333 322333
806994 806994
938264 938265
544746 544747
994381 994382
825732 825732
361229 361230
241642 241643
388586 388587
174584 174584
535453 535453
666188 666188
767372 767373
840743 840743
618958 618958
243180 243181
527882 527883
343270 343271
689839 689839
299386 299387
995102 995102
578442 578442
284166 284166
450300 450300
941809 941810
260575 260576
570566 570566
720066 720066
844095 844095
23652 23653
513409 513410
752444 752445
360993 360993
777637 777638
835082 835082
859000 859001
74502 74502
186863 186863
308368 308369
822595 822596
513625 513626
168686 168686
102755 102756
410659 410660
847321 847321
396409 396409
963644 963645
904091 904092
895874 895874
375371 375372
66306 66307
76630 76630
661679 661680
953779 953780
743388 743388
304630 304630
50040 50040
925196 925197
436367 436367
595770 595771
284026 284026
832501 832501
377953 377953
803051 803051
219085 219086
682641 682642
169428 169429
350320 350321
835544 835544
770182 770183
842347 842348
99756 99756
283681 283681
312801 312801
894638 894639
946047 946048
17371 17371
734392 734392
295040 295040
938788 938788
169176 169177
361502 361503
149477 149478
894214 894214
961558 961558
420057 420057
586507 586508
210285 210286
299079 299080
651478 651479
992664 992664
128372 128373
109872 109873
269058 269058
440278 440279
863315 863316
189250 189251
606290 606290
2216 2216
79158 79159
934423 934423
848971 848971
602978 602979
358729 358730
578045 578046
31986 31987
360039 360040
614912 614912
872257 872257
844916 844916
91561 91561
254355 254355
108045 108045
224761 224762
481293 481293
18068 18069
793542 793543
972828 972829
267618 267619
14341 14341
456686 456686
950793 950794
867501 867502
357550 357551
395300 395301
706572 706573
300542 300542
74506 74507
189759 189759
910324 910324
