77 77 815410
407705 407705 407705 407705 407705 407705 407705 407705 407705 407705 407705 407705 407705 407705 407705 407705 407705 407705 407705 407705 407705 407705 407705 407705 407705 407705 407705 407705 407705 407705 407705 407705 407705 407705 407705 407705 407705 407705 407705 407705 407705 407705 407705 407705 407705 407705 407705 407705 407705 407705 407705 407705 407705 407705 407705 407705 407705 407705 407705 407705 407705 407705 407705 407705 407705 407705 407705 407705 407705 407705 407705 407705 407705 407705 407705 407705 407705 
407705 407705 407705 407705 407705 407705 407705 407705 407705 407705 407705 407705 407705 407705 407705 407705 407705 407705 407705 407705 407705 407705 407705 407705 407705 407705 407705 407705 407705 407705 407705 407705 407705 407705 407705 407705 407705 407705 407705 407705 407705 407705 407705 407705 407705 407705 407705 407705 407705 407705 407705 407705 407705 407705 407705 407705 407705 407705 407705 407705 407705 407705 407705 407705 407705 407705 407705 407705 407705 407705 407705 407705 407705 407705 407705 407705 407705 
407705 407705 407705 407705 407705 407705 407705 407705 407705 407705 407705 407705 407705 407705 407705 407705 407705 407705 407705 407705 407705 407705 407705 407705 407705 407705 407705 407705 407705 407705 407705 407705 407705 407705 407705 407705 407705 407705 407705 407705 407705 407705 407705 407705 407705 407705 407705 407705 407705 407705 407705 407705 407705 407705 407705 407705 407705 407705 407705 407705 407705 407705 407705 407705 407705 407705 407705 407705 407705 407705 407705 407705 407705 407705 407705 407705 407705 
407705 407705 407705 407705 407705 407705 407705 407705 407705 407705 407705 407705 407705 407705 407705 407705 407705 407705 407705 407705 407705 407705 407705 407705 407705 407705 407705 407705 407705 407705 407705 407705 407705 407705 407705 407705 407705 407705 407705 407705 407705 407705 407705 407705 407705 407705 407705 407705 407705 407705 407705 407705 407705 407705 407705 407705 407705 407705 407705 407705 407705 407705 407705 407705 407705 407705 407705 407705 407705 407705 407705 407705 407705 407705 407705 407705 407705 
407705 407705 407705 407705 407705 407705 407705 407705 407705 407705 407705 407705 407705 407705 407705 407705 407705 407705 407705 407705 407705 407705 407705 407705 407705 407705 407705 407705 407705 407705 407705 407705 407705 407705 407705 407705 407705 407705 407705 407705 407705 407705 407705 407705 407705 407705 407705 407705 407705 407705 407705 407705 407705 407705 407705 407705 407705 407705 407705 407705 407705 407705 407705 407705 407705 407705 407705 407705 407705 407705 407705 407705 407705 407705 407705 407705 407705 
407705 407705 407705 407705 407705 407705 407705 407705 407705 407705 407705 407705 407705 407705 407705 407705 407705 407705 407705 407705 407705 407705 407705 407705 407705 407705 407705 407705 407705 407705 407705 407705 407705 407705 407705 407705 407705 407705 407705 407705 407705 407705 407705 407705 407705 407705 407705 407705 407705 407705 407705 407705 407705 407705 407705 407705 407705 407705 407705 407705 407705 407705 407705 407705 407705 407705 407705 407705 407705 407705 407705 407705 407705 407705 407705 407705 407705 
407705 407705 407705 407705 407705 407705 407705 407705 407705 407705 407705 407705 407705 407705 407705 407705 407705 407705 407705 407705 407705 407705 407705 407705 407705 407705 407705 407705 407705 407705 407705 407705 407705 407705 407705 407705 407705 407705 407705 407705 407705 407705 407705 407705 407705 407705 407705 407705 407705 407705 407705 407705 407705 407705 407705 407705 407705 407705 407705 407705 407705 407705 407705 407705 407705 407705 407705 407705 407705 407705 407705 407705 407705 407705 407705 407705 407705 
407705 407705 407705 407705 407705 407705 407705 407705 407705 407705 407705 407705 407705 407705 407705 407705 407705 407705 407705 407705 407705 407705 407705 407705 407705 407705 407705 407705 407705 407705 407705 407705 407705 407705 407705 407705 407705 407705 407705 407705 407705 407705 407705 407705 407705 407705 407705 407705 407705 407705 407705 407705 407705 407705 407705 407705 407705 407705 407705 407705 407705 407705 407705 407705 407705 407705 407705 407705 407705 407705 407705 407705 407705 407705 407705 407705 407705 
407705 407705 407705 407705 407705 407705 407705 407705 407705 407705 407705 407705 407705 407705 407705 407705 407705 407705 407705 407705 407705 407705 407705 407705 407705 407705 407705 407705 407705 407705 407705 407705 407705 407705 407705 407705 407705 407705 407705 407705 407705 407705 407705 407705 407705 407705 407705 407705 407705 407705 407705 407705 407705 407705 407705 407705 407705 407705 407705 407705 407705 407705 407705 407705 407705 407705 407705 407705 407705 407705 407705 407705 407705 407705 407705 407705 407705 
407705 407705 407705 407705 407705 407705 407705 407705 407705 407705 407705 407705 407705 407705 407705 407705 407705 407705 407705 407705 407705 407705 407705 407705 407705 407705 407705 407705 407705 407705 407705 407705 407705 407705 407705 407705 407705 407705 407705 407705 407705 407705 407705 407705 407705 407705 407705 407705 407705 407705 407705 407705 407705 407705 407705 407705 407705 407705 407705 407705 407705 407705 407705 407705 407705 407705 407705 407705 407705 407705 407705 407705 407705 407705 407705 407705 407705 
407705 407705 407705 407705 407705 407705 407705 407705 407705 407705 407705 407705 407705 407705 407705 407705 407705 407705 407705 407705 407705 407705 407705 407705 407705 407705 407705 407705 407705 407705 407705 407705 407705 407705 407705 407705 407705 407705 407705 407705 407705 407705 407705 407705 407705 407705 407705 407705 407705 407705 407705 407705 407705 407705 407705 407705 407705 407705 407705 407705 407705 407705 407705 407705 407705 407705 407705 407705 407705 407705 407705 407705 407705 407705 407705 407705 407705 
407705 407705 407705 407705 407705 407705 407705 407705 407705 407705 407705 407705 407705 407705 407705 407705 407705 407705 407705 407705 407705 407705 407705 407705 407705 407705 407705 407705 407705 407705 407705 407705 407705 407705 407705 407705 407705 407705 407705 407705 407705 407705 407705 407705 407705 407705 407705 407705 407705 407705 407705 407705 407705 407705 407705 407705 407705 407705 407705 407705 407705 407705 407705 407705 407705 407705 407705 407705 407705 407705 407705 407705 407705 407705 407705 407705 407705 
407705 407705 407705 407705 407705 407705 407705 407705 407705 407705 407705 407705 407705 407705 407705 407705 407705 407705 407705 407705 407705 407705 407705 407705 407705 407705 407705 407705 407705 407705 407705 407705 407705 407705 407705 407705 407705 407705 407705 407705 407705 407705 407705 407705 407705 407705 407705 407705 407705 407705 407705 407705 407705 407705 407705 407705 407705 407705 407705 407705 407705 407705 407705 407705 407705 407705 407705 407705 407705 407705 407705 407705 407705 407705 407705 407705 407705 
407705 407705 407705 407705 407705 407705 407705 407705 407705 407705 407705 407705 407705 407705 407705 407705 407705 407705 407705 407705 407705 407705 407705 407705 407705 407705 407705 407705 407705 407705 407705 407705 407705 407705 407705 407705 407705 407705 407705 407705 407705 407705 407705 407705 407705 407705 407705 407705 407705 407705 407705 407705 407705 407705 407705 407705 407705 407705 407705 407705 407705 407705 407705 407705 407705 407705 407705 407705 407705 407705 407705 407705 407705 407705 407705 407705 407705 
407705 407705 407705 407705 407705 407705 407705 407705 407705 407705 407705 407705 407705 407705 407705 407705 407705 407705 407705 407705 407705 407705 407705 407705 407705 407705 407705 407705 407705 407705 407705 407705 407705 407705 407705 407705 407705 407705 407705 407705 407705 407705 407705 407705 407705 407705 407705 407705 407705 407705 407705 407705 407705 407705 407705 407705 407705 407705 407705 407705 407705 407705 407705 407705 407705 407705 407705 407705 407705 407705 407705 407705 407705 407705 407705 407705 407705 
407705 407705 407705 407705 407705 407705 407705 407705 407705 407705 407705 407705 407705 407705 407705 407705 407705 407705 407705 407705 407705 407705 407705 407705 407705 407705 407705 407705 407705 407705 407705 407705 407705 407705 407705 407705 407705 407705 407705 407705 407705 407705 407705 407705 407705 407705 407705 407705 407705 407705 407705 407705 407705 407705 407705 407705 407705 407705 407705 407705 407705 407705 407705 407705 407705 407705 407705 407705 407705 407705 407705 407705 407705 407705 407705 407705 407705 
407705 407705 407705 407705 407705 407705 407705 407705 407705 407705 407705 407705 407705 407705 407705 407705 407705 407705 407705 407705 407705 407705 407705 407705 407705 407705 407705 407705 407705 407705 407705 407705 407705 407705 407705 407705 407705 407705 407705 407705 407705 407705 407705 407705 407705 407705 407705 407705 407705 407705 407705 407705 407705 407705 407705 407705 407705 407705 407705 407705 407705 407705 407705 407705 407705 407705 407705 407705 407705 407705 407705 407705 407705 407705 407705 407705 407705 
407705 407705 407705 407705 407705 407705 407705 407705 407705 407705 407705 407705 407705 407705 407705 407705 407705 407705 407705 407705 407705 407705 407705 407705 407705 407705 407705 407705 407705 407705 407705 407705 407705 407705 407705 407705 407705 407705 407705 407705 407705 407705 407705 407705 407705 407705 407705 407705 407705 407705 407705 407705 407705 407705 407705 407705 407705 407705 407705 407705 407705 407705 407705 407705 407705 407705 407705 407705 407705 407705 407705 407705 407705 407705 407705 407705 407705 
407705 407705 407705 407705 407705 407705 407705 407705 407705 407705 407705 407705 407705 407705 407705 407705 407705 407705 407705 407705 407705 407705 407705 407705 407705 407705 407705 407705 407705 407705 407705 407705 407705 407705 407705 407705 407705 407705 407705 407705 407705 407705 407705 407705 407705 407705 407705 407705 407705 407705 407705 407705 407705 407705 407705 407705 407705 407705 407705 407705 407705 407705 407705 407705 407705 407705 407705 407705 407705 407705 407705 407705 407705 407705 407705 407705 407705 
407705 407705 407705 407705 407705 407705 407705 407705 407705 407705 407705 407705 407705 407705 407705 407705 407705 407705 407705 407705 407705 407705 407705 407705 407705 407705 407705 407705 407705 407705 407705 407705 407705 407705 407705 407705 407705 407705 407705 407705 407705 407705 407705 407705 407705 407705 407705 407705 407705 407705 407705 407705 407705 407705 407705 407705 407705 407705 407705 407705 407705 407705 407705 407705 407705 407705 407705 407705 407705 407705 407705 407705 407705 407705 407705 407705 407705 
407705 407705 407705 407705 407705 407705 407705 407705 407705 407705 407705 407705 407705 407705 407705 407705 407705 407705 407705 407705 407705 407705 407705 407705 407705 407705 407705 407705 407705 407705 407705 407705 407705 407705 407705 407705 407705 407705 407705 407705 407705 407705 407705 407705 407705 407705 407705 407705 407705 407705 407705 407705 407705 407705 407705 407705 407705 407705 407705 407705 407705 407705 407705 407705 407705 407705 407705 407705 407705 407705 407705 407705 407705 407705 407705 407705 407705 
407705 407705 407705 407705 407705 407705 407705 407705 407705 407705 407705 407705 407705 407705 407705 407705 407705 407705 407705 407705 407705 407705 407705 407705 407705 407705 407705 407705 407705 407705 407705 407705 407705 407705 407705 407705 407705 407705 407705 407705 407705 407705 407705 407705 407705 407705 407705 407705 407705 407705 407705 407705 407705 407705 407705 407705 407705 407705 407705 407705 407705 407705 407705 407705 407705 407705 407705 407705 407705 407705 407705 407705 407705 407705 407705 407705 407705 
407705 407705 407705 407705 407705 407705 407705 407705 407705 407705 407705 407705 407705 407705 407705 407705 407705 407705 407705 407705 407705 407705 407705 407705 407705 407705 407705 407705 407705 407705 407705 407705 407705 407705 407705 407705 407705 407705 407705 407705 407705 407705 407705 407705 407705 407705 407705 407705 407705 407705 407705 407705 407705 407705 407705 407705 407705 407705 407705 407705 407705 407705 407705 407705 407705 407705 407705 407705 407705 407705 407705 407705 407705 407705 407705 407705 407705 
407705 407705 407705 407705 407705 407705 407705 407705 407705 407705 407705 407705 407705 407705 407705 407705 407705 407705 407705 407705 407705 407705 407705 407705 407705 407705 407705 407705 407705 407705 407705 407705 407705 407705 407705 407705 407705 407705 407705 407705 407705 407705 407705 407705 407705 407705 407705 407705 407705 407705 407705 407705 407705 407705 407705 407705 407705 407705 407705 407705 407705 407705 407705 407705 407705 407705 407705 407705 407705 407705 407705 407705 407705 407705 407705 407705 407705 
407705 407705 407705 407705 407705 407705 407705 407705 407705 407705 407705 407705 407705 407705 407705 407705 407705 407705 407705 407705 407705 407705 407705 407705 407705 407705 407705 407705 407705 407705 407705 407705 407705 407705 407705 407705 407705 407705 407705 407705 407705 407705 407705 407705 407705 407705 407705 407705 407705 407705 407705 407705 407705 407705 407705 407705 407705 407705 407705 407705 407705 407705 407705 407705 407705 407705 407705 407705 407705 407705 407705 407705 407705 407705 407705 407705 407705 
407705 407705 407705 407705 407705 407705 407705 407705 407705 407705 407705 407705 407705 407705 407705 407705 407705 407705 407705 407705 407705 407705 407705 407705 407705 407705 407705 407705 407705 407705 407705 407705 407705 407705 407705 407705 407705 407705 407705 407705 407705 407705 407705 407705 407705 407705 407705 407705 407705 407705 407705 407705 407705 407705 407705 407705 407705 407705 407705 407705 407705 407705 407705 407705 407705 407705 407705 407705 407705 407705 407705 407705 407705 407705 407705 407705 407705 
407705 407705 407705 407705 407705 407705 407705 407705 407705 407705 407705 407705 407705 407705 407705 407705 407705 407705 407705 407705 407705 407705 407705 407705 407705 407705 407705 407705 407705 407705 407705 407705 407705 407705 407705 407705 407705 407705 407705 407705 407705 407705 407705 407705 407705 407705 407705 407705 407705 407705 407705 407705 407705 407705 407705 407705 407705 407705 407705 407705 407705 407705 407705 407705 407705 407705 407705 407705 407705 407705 407705 407705 407705 407705 407705 407705 407705 
407705 407705 407705 407705 407705 407705 407705 407705 407705 407705 407705 407705 407705 407705 407705 407705 407705 407705 407705 407705 407705 407705 407705 407705 407705 407705 407705 407705 407705 407705 407705 407705 407705 407705 407705 407705 407705 407705 407705 407705 407705 407705 407705 407705 407705 407705 407705 407705 407705 407705 407705 407705 407705 407705 407705 407705 407705 407705 407705 407705 407705 407705 407705 407705 407705 407705 407705 407705 407705 407705 407705 407705 407705 407705 407705 407705 407705 
407705 407705 407705 407705 407705 407705 407705 407705 407705 407705 407705 407705 407705 407705 407705 407705 407705 407705 407705 407705 407705 407705 407705 407705 407705 407705 407705 407705 407705 407705 407705 407705 407705 407705 407705 407705 407705 407705 407705 407705 407705 407705 407705 407705 407705 407705 407705 407705 407705 407705 407705 407705 407705 407705 407705 407705 407705 407705 407705 407705 407705 407705 407705 407705 407705 407705 407705 407705 407705 407705 407705 407705 407705 407705 407705 407705 407705 
407705 407705 407705 407705 407705 407705 407705 407705 407705 407705 407705 407705 407705 407705 407705 407705 407705 407705 407705 407705 407705 407705 407705 407705 407705 407705 407705 407705 407705 407705 407705 407705 407705 407705 407705 407705 407705 407705 407705 407705 407705 407705 407705 407705 407705 407705 407705 407705 407705 407705 407705 407705 407705 407705 407705 407705 407705 407705 407705 407705 407705 407705 407705 407705 407705 407705 407705 407705 407705 407705 407705 407705 407705 407705 407705 407705 407705 
407705 407705 407705 407705 407705 407705 407705 407705 407705 407705 407705 407705 407705 407705 407705 407705 407705 407705 407705 407705 407705 407705 407705 407705 407705 407705 407705 407705 407705 407705 407705 407705 407705 407705 407705 407705 407705 407705 407705 407705 407705 407705 407705 407705 407705 407705 407705 407705 407705 407705 407705 407705 407705 407705 407705 407705 407705 407705 407705 407705 407705 407705 407705 407705 407705 407705 407705 407705 407705 407705 407705 407705 407705 407705 407705 407705 407705 
407705 407705 407705 407705 407705 407705 407705 407705 407705 407705 407705 407705 407705 407705 407705 407705 407705 407705 407705 407705 407705 407705 407705 407705 407705 407705 407705 407705 407705 407705 407705 407705 407705 407705 407705 407705 407705 407705 407705 407705 407705 407705 407705 407705 407705 407705 407705 407705 407705 407705 407705 407705 407705 407705 407705 407705 407705 407705 407705 407705 407705 407705 407705 407705 407705 407705 407705 407705 407705 407705 407705 407705 407705 407705 407705 407705 407705 
407705 407705 407705 407705 407705 407705 407705 407705 407705 407705 407705 407705 407705 407705 407705 407705 407705 407705 407705 407705 407705 407705 407705 407705 407705 407705 407705 407705 407705 407705 407705 407705 407705 407705 407705 407705 407705 407705 407705 407705 407705 407705 407705 407705 407705 407705 407705 407705 407705 407705 407705 407705 407705 407705 407705 407705 407705 407705 407705 407705 407705 407705 407705 407705 407705 407705 407705 407705 407705 407705 407705 407705 407705 407705 407705 407705 407705 
407705 407705 407705 407705 407705 407705 407705 407705 407705 407705 407705 407705 407705 407705 407705 407705 407705 407705 407705 407705 407705 407705 407705 407705 407705 407705 407705 407705 407705 407705 407705 407705 407705 407705 407705 407705 407705 407705 407705 407705 407705 407705 407705 407705 407705 407705 407705 407705 407705 407705 407705 407705 407705 407705 407705 407705 407705 407705 407705 407705 407705 407705 407705 407705 407705 407705 407705 407705 407705 407705 407705 407705 407705 407705 407705 407705 407705 
407705 407705 407705 407705 407705 407705 407705 407705 407705 407705 407705 407705 407705 407705 407705 407705 407705 407705 407705 407705 407705 407705 407705 407705 407705 407705 407705 407705 407705 407705 407705 407705 407705 407705 407705 407705 407705 407705 407705 407705 407705 407705 407705 407705 407705 407705 407705 407705 407705 407705 407705 407705 407705 407705 407705 407705 407705 407705 407705 407705 407705 407705 407705 407705 407705 407705 407705 407705 407705 407705 407705 407705 407705 407705 407705 407705 407705 
407705 407705 407705 407705 407705 407705 407705 407705 407705 407705 407705 407705 407705 407705 407705 407705 407705 407705 407705 407705 407705 407705 407705 407705 407705 407705 407705 407705 407705 407705 407705 407705 407705 407705 407705 407705 407705 407705 407705 407705 407705 407705 407705 407705 407705 407705 407705 407705 407705 407705 407705 407705 407705 407705 407705 407705 407705 407705 407705 407705 407705 407705 407705 407705 407705 407705 407705 407705 407705 407705 407705 407705 407705 407705 407705 407705 407705 
407705 407705 407705 407705 407705 407705 407705 407705 407705 407705 407705 407705 407705 407705 407705 407705 407705 407705 407705 407705 407705 407705 407705 407705 407705 407705 407705 407705 407705 407705 407705 407705 407705 407705 407705 407705 407705 407705 407705 407705 407705 407705 407705 407705 407705 407705 407705 407705 407705 407705 407705 407705 407705 407705 407705 407705 407705 407705 407705 407705 407705 407705 407705 407705 407705 407705 407705 407705 407705 407705 407705 407705 407705 407705 407705 407705 407705 
407705 407705 407705 407705 407705 407705 407705 407705 407705 407705 407705 407705 407705 407705 407705 407705 407705 407705 407705 407705 407705 407705 407705 407705 407705 407705 407705 407705 407705 407705 407705 407705 407705 407705 407705 407705 407705 407705 407705 407705 407705 407705 407705 407705 407705 407705 407705 407705 407705 407705 407705 407705 407705 407705 407705 407705 407705 407705 407705 407705 407705 407705 407705 407705 407705 407705 407705 407705 407705 407705 407705 407705 407705 407705 407705 407705 407705 
407705 407705 407705 407705 407705 407705 407705 407705 407705 407705 407705 407705 407705 407705 407705 407705 407705 407705 407705 407705 407705 407705 407705 407705 407705 407705 407705 407705 407705 407705 407705 407705 407705 407705 407705 407705 407705 407705 407705 407705 407705 407705 407705 407705 407705 407705 407705 407705 407705 407705 407705 407705 407705 407705 407705 407705 407705 407705 407705 407705 407705 407705 407705 407705 407705 407705 407705 407705 407705 407705 407705 407705 407705 407705 407705 407705 407705 
407705 407705 407705 407705 407705 407705 407705 407705 407705 407705 407705 407705 407705 407705 407705 407705 407705 407705 407705 407705 407705 407705 407705 407705 407705 407705 407705 407705 407705 407705 407705 407705 407705 407705 407705 407705 407705 407705 407705 407705 407705 407705 407705 407705 407705 407705 407705 407705 407705 407705 407705 407705 407705 407705 407705 407705 407705 407705 407705 407705 407705 407705 407705 407705 407705 407705 407705 407705 407705 407705 407705 407705 407705 407705 407705 407705 407705 
407705 407705 407705 407705 407705 407705 407705 407705 407705 407705 407705 407705 407705 407705 407705 407705 407705 407705 407705 407705 407705 407705 407705 407705 407705 407705 407705 407705 407705 407705 407705 407705 407705 407705 407705 407705 407705 407705 407705 407705 407705 407705 407705 407705 407705 407705 407705 407705 407705 407705 407705 407705 407705 407705 407705 407705 407705 407705 407705 407705 407705 407705 407705 407705 407705 407705 407705 407705 407705 407705 407705 407705 407705 407705 407705 407705 407705 
407705 407705 407705 407705 407705 407705 407705 407705 407705 407705 407705 407705 407705 407705 407705 407705 407705 407705 407705 407705 407705 407705 407705 407705 407705 407705 407705 407705 407705 407705 407705 407705 407705 407705 407705 407705 407705 407705 407705 407705 407705 407705 407705 407705 407705 407705 407705 407705 407705 407705 407705 407705 407705 407705 407705 407705 407705 407705 407705 407705 407705 407705 407705 407705 407705 407705 407705 407705 407705 407705 407705 407705 407705 407705 407705 407705 407705 
407705 407705 407705 407705 407705 407705 407705 407705 407705 407705 407705 407705 407705 407705 407705 407705 407705 407705 407705 407705 407705 407705 407705 407705 407705 407705 407705 407705 407705 407705 407705 407705 407705 407705 407705 407705 407705 407705 407705 407705 407705 407705 407705 407705 407705 407705 407705 407705 407705 407705 407705 407705 407705 407705 407705 407705 407705 407705 407705 407705 407705 407705 407705 407705 407705 407705 407705 407705 407705 407705 407705 407705 407705 407705 407705 407705 407705 
407705 407705 407705 407705 407705 407705 407705 407705 407705 407705 407705 407705 407705 407705 407705 407705 407705 407705 407705 407705 407705 407705 407705 407705 407705 407705 407705 407705 407705 407705 407705 407705 407705 407705 407705 407705 407705 407705 407705 407705 407705 407705 407705 407705 407705 407705 407705 407705 407705 407705 407705 407705 407705 407705 407705 407705 407705 407705 407705 407705 407705 407705 407705 407705 407705 407705 407705 407705 407705 407705 407705 407705 407705 407705 407705 407705 407705 
407705 407705 407705 407705 407705 407705 407705 407705 407705 407705 407705 407705 407705 407705 407705 407705 407705 407705 407705 407705 407705 407705 407705 407705 407705 407705 407705 407705 407705 407705 407705 407705 407705 407705 407705 407705 407705 407705 407705 407705 407705 407705 407705 407705 407705 407705 407705 407705 407705 407705 407705 407705 407705 407705 407705 407705 407705 407705 407705 407705 407705 407705 407705 407705 407705 407705 407705 407705 407705 407705 407705 407705 407705 407705 407705 407705 407705 
407705 407705 407705 407705 407705 407705 407705 407705 407705 407705 407705 407705 407705 407705 407705 407705 407705 407705 407705 407705 407705 407705 407705 407705 407705 407705 407705 407705 407705 407705 407705 407705 407705 407705 407705 407705 407705 407705 407705 407705 407705 407705 407705 407705 407705 407705 407705 407705 407705 407705 407705 407705 407705 407705 407705 407705 407705 407705 407705 407705 407705 407705 407705 407705 407705 407705 407705 407705 407705 407705 407705 407705 407705 407705 407705 407705 407705 
407705 407705 407705 407705 407705 407705 407705 407705 407705 407705 407705 407705 407705 407705 407705 407705 407705 407705 407705 407705 407705 407705 407705 407705 407705 407705 407705 407705 407705 407705 407705 407705 407705 407705 407705 407705 407705 407705 407705 407705 407705 407705 407705 407705 407705 407705 407705 407705 407705 407705 407705 407705 407705 407705 407705 407705 407705 407705 407705 407705 407705 407705 407705 407705 407705 407705 407705 407705 407705 407705 407705 407705 407705 407705 407705 407705 407705 
407705 407705 407705 407705 407705 407705 407705 407705 407705 407705 407705 407705 407705 407705 407705 407705 407705 407705 407705 407705 407705 407705 407705 407705 407705 407705 407705 407705 407705 407705 407705 407705 407705 407705 407705 407705 407705 407705 407705 407705 407705 407705 407705 407705 407705 407705 407705 407705 407705 407705 407705 407705 407705 407705 407705 407705 407705 407705 407705 407705 407705 407705 407705 407705 407705 407705 407705 407705 407705 407705 407705 407705 407705 407705 407705 407705 407705 
407705 407705 407705 407705 407705 407705 407705 407705 407705 407705 407705 407705 407705 407705 407705 407705 407705 407705 407705 407705 407705 407705 407705 407705 407705 407705 407705 407705 407705 407705 407705 407705 407705 407705 407705 407705 407705 407705 407705 407705 407705 407705 407705 407705 407705 407705 407705 407705 407705 407705 407705 407705 407705 407705 407705 407705 407705 407705 407705 407705 407705 407705 407705 407705 407705 407705 407705 407705 407705 407705 407705 407705 407705 407705 407705 407705 407705 
407705 407705 407705 407705 407705 407705 407705 407705 407705 407705 407705 407705 407705 407705 407705 407705 407705 407705 407705 407705 407705 407705 407705 407705 407705 407705 407705 407705 407705 407705 407705 407705 407705 407705 407705 407705 407705 407705 407705 407705 407705 407705 407705 407705 407705 407705 407705 407705 407705 407705 407705 407705 407705 407705 407705 407705 407705 407705 407705 407705 407705 407705 407705 407705 407705 407705 407705 407705 407705 407705 407705 407705 407705 407705 407705 407705 407705 
407705 407705 407705 407705 407705 407705 407705 407705 407705 407705 407705 407705 407705 407705 407705 407705 407705 407705 407705 407705 407705 407705 407705 407705 407705 407705 407705 407705 407705 407705 407705 407705 407705 407705 407705 407705 407705 407705 407705 407705 407705 407705 407705 407705 407705 407705 407705 407705 407705 407705 407705 407705 407705 407705 407705 407705 407705 407705 407705 407705 407705 407705 407705 407705 407705 407705 407705 407705 407705 407705 407705 407705 407705 407705 407705 407705 407705 
407705 407705 407705 407705 407705 407705 407705 407705 407705 407705 407705 407705 407705 407705 407705 407705 407705 407705 407705 407705 407705 407705 407705 407705 407705 407705 407705 407705 407705 407705 407705 407705 407705 407705 407705 407705 407705 407705 407705 407705 407705 407705 407705 407705 407705 407705 407705 407705 407705 407705 407705 407705 407705 407705 407705 407705 407705 407705 407705 407705 407705 407705 407705 407705 407705 407705 407705 407705 407705 407705 407705 407705 407705 407705 407705 407705 407705 
407705 407705 407705 407705 407705 407705 407705 407705 407705 407705 407705 407705 407705 407705 407705 407705 407705 407705 407705 407705 407705 407705 407705 407705 407705 407705 407705 407705 407705 407705 407705 407705 407705 407705 407705 407705 407705 407705 407705 407705 407705 407705 407705 407705 407705 407705 407705 407705 407705 407705 407705 407705 407705 407705 407705 407705 407705 407705 407705 407705 407705 407705 407705 407705 407705 407705 407705 407705 407705 407705 407705 407705 407705 407705 407705 407705 407705 
407705 407705 407705 407705 407705 407705 407705 407705 407705 407705 407705 407705 407705 407705 407705 407705 407705 407705 407705 407705 407705 407705 407705 407705 407705 407705 407705 407705 407705 407705 407705 407705 407705 407705 407705 407705 407705 407705 407705 407705 407705 407705 407705 407705 407705 407705 407705 407705 407705 407705 407705 407705 407705 407705 407705 407705 407705 407705 407705 407705 407705 407705 407705 407705 407705 407705 407705 407705 407705 407705 407705 407705 407705 407705 407705 407705 407705 
407705 407705 407705 407705 407705 407705 407705 407705 407705 407705 407705 407705 407705 407705 407705 407705 407705 407705 407705 407705 407705 407705 407705 407705 407705 407705 407705 407705 407705 407705 407705 407705 407705 407705 407705 407705 407705 407705 407705 407705 407705 407705 407705 407705 407705 407705 407705 407705 407705 407705 407705 407705 407705 407705 407705 407705 407705 407705 407705 407705 407705 407705 407705 407705 407705 407705 407705 407705 407705 407705 407705 407705 407705 407705 407705 407705 407705 
407705 407705 407705 407705 407705 407705 407705 407705 407705 407705 407705 407705 407705 407705 407705 407705 407705 407705 407705 407705 407705 407705 407705 407705 407705 407705 407705 407705 407705 407705 407705 407705 407705 407705 407705 407705 407705 407705 407705 407705 407705 407705 407705 407705 407705 407705 407705 407705 407705 407705 407705 407705 407705 407705 407705 407705 407705 407705 407705 407705 407705 407705 407705 407705 407705 407705 407705 407705 407705 407705 407705 407705 407705 407705 407705 407705 407705 
407705 407705 407705 407705 407705 407705 407705 407705 407705 407705 407705 407705 407705 407705 407705 407705 407705 407705 407705 407705 407705 407705 407705 407705 407705 407705 407705 407705 407705 407705 407705 407705 407705 407705 407705 407705 407705 407705 407705 407705 407705 407705 407705 407705 407705 407705 407705 407705 407705 407705 407705 407705 407705 407705 407705 407705 407705 407705 407705 407705 407705 407705 407705 407705 407705 407705 407705 407705 407705 407705 407705 407705 407705 407705 407705 407705 407705 
407705 407705 407705 407705 407705 407705 407705 407705 407705 407705 407705 407705 407705 407705 407705 407705 407705 407705 407705 407705 407705 407705 407705 407705 407705 407705 407705 407705 407705 407705 407705 407705 407705 407705 407705 407705 407705 407705 407705 407705 407705 407705 407705 407705 407705 407705 407705 407705 407705 407705 407705 407705 407705 407705 407705 407705 407705 407705 407705 407705 407705 407705 407705 407705 407705 407705 407705 407705 407705 407705 407705 407705 407705 407705 407705 407705 407705 
407705 407705 407705 407705 407705 407705 407705 407705 407705 407705 407705 407705 407705 407705 407705 407705 407705 407705 407705 407705 407705 407705 407705 407705 407705 407705 407705 407705 407705 407705 407705 407705 407705 407705 407705 407705 407705 407705 407705 407705 407705 407705 407705 407705 407705 407705 407705 407705 407705 407705 407705 407705 407705 407705 407705 407705 407705 407705 407705 407705 407705 407705 407705 407705 407705 407705 407705 407705 407705 407705 407705 407705 407705 407705 407705 407705 407705 
407705 407705 407705 407705 407705 407705 407705 407705 407705 407705 407705 407705 407705 407705 407705 407705 407705 407705 407705 407705 407705 407705 407705 407705 407705 407705 407705 407705 407705 407705 407705 407705 407705 407705 407705 407705 407705 407705 407705 407705 407705 407705 407705 407705 407705 407705 407705 407705 407705 407705 407705 407705 407705 407705 407705 407705 407705 407705 407705 407705 407705 407705 407705 407705 407705 407705 407705 407705 407705 407705 407705 407705 407705 407705 407705 407705 407705 
407705 407705 407705 407705 407705 407705 407705 407705 407705 407705 407705 407705 407705 407705 407705 407705 407705 407705 407705 407705 407705 407705 407705 407705 407705 407705 407705 407705 407705 407705 407705 407705 407705 407705 407705 407705 407705 407705 407705 407705 407705 407705 407705 407705 407705 407705 407705 407705 407705 407705 407705 407705 407705 407705 407705 407705 407705 407705 407705 407705 407705 407705 407705 407705 407705 407705 407705 407705 407705 407705 407705 407705 407705 407705 407705 407705 407705 
407705 407705 407705 407705 407705 407705 407705 407705 407705 407705 407705 407705 407705 407705 407705 407705 407705 407705 407705 407705 407705 407705 407705 407705 407705 407705 407705 407705 407705 407705 407705 407705 407705 407705 407705 407705 407705 407705 407705 407705 407705 407705 407705 407705 407705 407705 407705 407705 407705 407705 407705 407705 407705 407705 407705 407705 407705 407705 407705 407705 407705 407705 407705 407705 407705 407705 407705 407705 407705 407705 407705 407705 407705 407705 407705 407705 407705 
407705 407705 407705 407705 407705 407705 407705 407705 407705 407705 407705 407705 407705 407705 407705 407705 407705 407705 407705 407705 407705 407705 407705 407705 407705 407705 407705 407705 407705 407705 407705 407705 407705 407705 407705 407705 407705 407705 407705 407705 407705 407705 407705 407705 407705 407705 407705 407705 407705 407705 407705 407705 407705 407705 407705 407705 407705 407705 407705 407705 407705 407705 407705 407705 407705 407705 407705 407705 407705 407705 407705 407705 407705 407705 407705 407705 407705 
407705 407705 407705 407705 407705 407705 407705 407705 407705 407705 407705 407705 407705 407705 407705 407705 407705 407705 407705 407705 407705 407705 407705 407705 407705 407705 407705 407705 407705 407705 407705 407705 407705 407705 407705 407705 407705 407705 407705 407705 407705 407705 407705 407705 407705 407705 407705 407705 407705 407705 407705 407705 407705 407705 407705 407705 407705 407705 407705 407705 407705 407705 407705 407705 407705 407705 407705 407705 407705 407705 407705 407705 407705 407705 407705 407705 407705 
407705 407705 407705 407705 407705 407705 407705 407705 407705 407705 407705 407705 407705 407705 407705 407705 407705 407705 407705 407705 407705 407705 407705 407705 407705 407705 407705 407705 407705 407705 407705 407705 407705 407705 407705 407705 407705 407705 407705 407705 407705 407705 407705 407705 407705 407705 407705 407705 407705 407705 407705 407705 407705 407705 407705 407705 407705 407705 407705 407705 407705 407705 407705 407705 407705 407705 407705 407705 407705 407705 407705 407705 407705 407705 407705 407705 407705 
407705 407705 407705 407705 407705 407705 407705 407705 407705 407705 407705 407705 407705 407705 407705 407705 407705 407705 407705 407705 407705 407705 407705 407705 407705 407705 407705 407705 407705 407705 407705 407705 407705 407705 407705 407705 407705 407705 407705 407705 407705 407705 407705 407705 407705 407705 407705 407705 407705 407705 407705 407705 407705 407705 407705 407705 407705 407705 407705 407705 407705 407705 407705 407705 407705 407705 407705 407705 407705 407705 407705 407705 407705 407705 407705 407705 407705 
407705 407705 407705 407705 407705 407705 407705 407705 407705 407705 407705 407705 407705 407705 407705 407705 407705 407705 407705 407705 407705 407705 407705 407705 407705 407705 407705 407705 407705 407705 407705 407705 407705 407705 407705 407705 407705 407705 407705 407705 407705 407705 407705 407705 407705 407705 407705 407705 407705 407705 407705 407705 407705 407705 407705 407705 407705 407705 407705 407705 407705 407705 407705 407705 407705 407705 407705 407705 407705 407705 407705 407705 407705 407705 407705 407705 407705 
407705 407705 407705 407705 407705 407705 407705 407705 407705 407705 407705 407705 407705 407705 407705 407705 407705 407705 407705 407705 407705 407705 407705 407705 407705 407705 407705 407705 407705 407705 407705 407705 407705 407705 407705 407705 407705 407705 407705 407705 407705 407705 407705 407705 407705 407705 407705 407705 407705 407705 407705 407705 407705 407705 407705 407705 407705 407705 407705 407705 407705 407705 407705 407705 407705 407705 407705 407705 407705 407705 407705 407705 407705 407705 407705 407705 407705 
407705 407705 407705 407705 407705 407705 407705 407705 407705 407705 407705 407705 407705 407705 407705 407705 407705 407705 407705 407705 407705 407705 407705 407705 407705 407705 407705 407705 407705 407705 407705 407705 407705 407705 407705 407705 407705 407705 407705 407705 407705 407705 407705 407705 407705 407705 407705 407705 407705 407705 407705 407705 407705 407705 407705 407705 407705 407705 407705 407705 407705 407705 407705 407705 407705 407705 407705 407705 407705 407705 407705 407705 407705 407705 407705 407705 407705 
407705 407705 407705 407705 407705 407705 407705 407705 407705 407705 407705 407705 407705 407705 407705 407705 407705 407705 407705 407705 407705 407705 407705 407705 407705 407705 407705 407705 407705 407705 407705 407705 407705 407705 407705 407705 407705 407705 407705 407705 407705 407705 407705 407705 407705 407705 407705 407705 407705 407705 407705 407705 407705 407705 407705 407705 407705 407705 407705 407705 407705 407705 407705 407705 407705 407705 407705 407705 407705 407705 407705 407705 407705 407705 407705 407705 407705 
407705 407705 407705 407705 407705 407705 407705 407705 407705 407705 407705 407705 407705 407705 407705 407705 407705 407705 407705 407705 407705 407705 407705 407705 407705 407705 407705 407705 407705 407705 407705 407705 407705 407705 407705 407705 407705 407705 407705 407705 407705 407705 407705 407705 407705 407705 407705 407705 407705 407705 407705 407705 407705 407705 407705 407705 407705 407705 407705 407705 407705 407705 407705 407705 407705 407705 407705 407705 407705 407705 407705 407705 407705 407705 407705 407705 407705 
407705 407705 407705 407705 407705 407705 407705 407705 407705 407705 407705 407705 407705 407705 407705 407705 407705 407705 407705 407705 407705 407705 407705 407705 407705 407705 407705 407705 407705 407705 407705 407705 407705 407705 407705 407705 407705 407705 407705 407705 407705 407705 407705 407705 407705 407705 407705 407705 407705 407705 407705 407705 407705 407705 407705 407705 407705 407705 407705 407705 407705 407705 407705 407705 407705 407705 407705 407705 407705 407705 407705 407705 407705 407705 407705 407705 407705 
407705 407705 407705 407705 407705 407705 407705 407705 407705 407705 407705 407705 407705 407705 407705 407705 407705 407705 407705 407705 407705 407705 407705 407705 407705 407705 407705 407705 407705 407705 407705 407705 407705 407705 407705 407705 407705 407705 407705 407705 407705 407705 407705 407705 407705 407705 407705 407705 407705 407705 407705 407705 407705 407705 407705 407705 407705 407705 407705 407705 407705 407705 407705 407705 407705 407705 407705 407705 407705 407705 407705 407705 407705 407705 407705 407705 407705 
407705 407705 407705 407705 407705 407705 407705 407705 407705 407705 407705 407705 407705 407705 407705 407705 407705 407705 407705 407705 407705 407705 407705 407705 407705 407705 407705 407705 407705 407705 407705 407705 407705 407705 407705 407705 407705 407705 407705 407705 407705 407705 407705 407705 407705 407705 407705 407705 407705 407705 407705 407705 407705 407705 407705 407705 407705 407705 407705 407705 407705 407705 407705 407705 407705 407705 407705 407705 407705 407705 407705 407705 407705 407705 407705 407705 407705 
407705 407705 407705 407705 407705 407705 407705 407705 407705 407705 407705 407705 407705 407705 407705 407705 407705 407705 407705 407705 407705 407705 407705 407705 407705 407705 407705 407705 407705 407705 407705 407705 407705 407705 407705 407705 407705 407705 407705 407705 407705 407705 407705 407705 407705 407705 407705 407705 407705 407705 407705 407705 407705 407705 407705 407705 407705 407705 407705 407705 407705 407705 407705 407705 407705 407705 407705 407705 407705 407705 407705 407705 407705 407705 407705 407705 407705 
407705 407705 407705 407705 407705 407705 407705 407705 407705 407705 407705 407705 407705 407705 407705 407705 407705 407705 407705 407705 407705 407705 407705 407705 407705 407705 407705 407705 407705 407705 407705 407705 407705 407705 407705 407705 407705 407705 407705 407705 407705 407705 407705 407705 407705 407705 407705 407705 407705 407705 407705 407705 407705 407705 407705 407705 407705 407705 407705 407705 407705 407705 407705 407705 407705 407705 407705 407705 407705 407705 407705 407705 407705 407705 407705 407705 407705 
407705 407705 407705 407705 407705 407705 407705 407705 407705 407705 407705 407705 407705 407705 407705 407705 407705 407705 407705 407705 407705 407705 407705 407705 407705 407705 407705 407705 407705 407705 407705 407705 407705 407705 407705 407705 407705 407705 407705 407705 407705 407705 407705 407705 407705 407705 407705 407705 407705 407705 407705 407705 407705 407705 407705 407705 407705 407705 407705 407705 407705 407705 407705 407705 407705 407705 407705 407705 407705 407705 407705 407705 407705 407705 407705 407705 407705 
