16 13 899006
449503 449503 449503 449503 449503 449503 449503 449503 449503 449503 449503 449503 449503 
449503 449503 449503 449503 449503 449503 449503 449503 449503 449503 449503 449503 449503 
449503 449503 449503 449503 449503 449503 449503 449503 449503 449503 449503 449503 449503 
449503 449503 449503 449503 449503 449503 449503 449503 449503 449503 449503 449503 449503 
449503 449503 449503 449503 449503 449503 449503 449503 449503 449503 449503 449503 449503 
449503 449503 449503 449503 449503 449503 449503 449503 449503 449503 449503 449503 449503 
449503 449503 449503 449503 449503 449503 449503 449503 449503 449503 449503 449503 449503 
449503 449503 449503 449503 449503 449503 449503 449503 449503 449503 449503 449503 449503 
449503 449503 449503 449503 449503 449503 449503 449503 449503 449503 449503 449503 449503 
449503 449503 449503 449503 449503 449503 449503 449503 449503 449503 449503 449503 449503 
449503 449503 449503 449503 449503 449503 449503 449503 449503 449503 449503 449503 449503 
449503 449503 449503 449503 449503 449503 449503 449503 449503 449503 449503 449503 449503 
449503 449503 449503 449503 449503 449503 449503 449503 449503 449503 449503 449503 449503 
449503 449503 449503 449503 449503 449503 449503 449503 449503 449503 449503 449503 449503 
449503 449503 449503 449503 449503 449503 449503 449503 449503 449503 449503 449503 449503 
449503 449503 449503 449503 449503 449503 449503 449503 449503 449503 449503 449503 449503 
