6
1000
1 2 532611403
1 3 150881369
3 4 426586525
1 5 537289706
3 6 399293457
3 7 946545310
6 8 887897126
1 9 777557413
8 10 123214164
3 11 959179800
8 12 164932346
1 13 301702539
11 14 745770141
1 15 160901273
6 16 899626279
1 17 127662861
8 18 747449095
5 19 983166172
8 20 531827352
9 21 952720
15 22 270102710
5 23 862217765
8 24 514913008
1 25 859761343
20 26 153753060
9 27 824095262
10 28 238984880
21 29 905073478
11 30 733820711
29 31 429410198
25 32 985612232
1 33 272912802
31 34 96434778
9 35 724080691
3 36 349860512
33 37 999725831
30 38 794593429
19 39 611677705
26 40 738700083
25 41 258680728
40 42 8096450
29 43 649317112
41 44 350944400
33 45 325444556
28 46 597419962
29 47 894500610
16 48 809324145
17 49 741100827
32 50 326917100
39 51 581699030
2 52 199286170
5 53 466649514
37 54 679045059
25 55 326333079
24 56 628487048
17 57 429369704
33 58 404412945
35 59 51281297
43 60 285574800
29 61 437639168
10 62 926467806
3 63 555228216
27 64 993452249
1 65 749405434
1 66 465205510
27 67 800948864
7 68 36031890
25 69 877697439
34 70 140921432
49 71 23846605
23 72 255328372
33 73 140838241
50 74 611130127
71 75 237481867
49 76 724401220
49 77 423944085
3 78 821917467
1 79 40978021
51 80 875231601
33 81 282475545
3 82 420913027
21 83 548611618
66 84 895101204
25 85 349220175
77 86 610624478
77 87 348669157
70 88 401478819
57 89 361183399
53 90 954410914
35 91 116139456
75 92 171902684
65 93 303483742
2 94 225770459
73 95 863881427
95 96 429355730
1 97 744209822
20 98 498643345
3 99 218421664
32 100 417502337
13 101 94804317
80 102 541624223
55 103 575515368
1 104 12877982
49 105 934414487
23 106 124086194
99 107 373189338
26 108 289553984
21 109 515596827
40 110 552007024
109 111 208752712
47 112 7742117
49 113 853525579
13 114 843917375
13 115 567256941
106 116 618155705
73 117 7455181
6 118 785627599
93 119 532244508
85 120 258549464
81 121 864422242
51 122 170441369
91 123 250957651
18 124 189828452
77 125 111987992
8 126 978438263
91 127 251496078
36 128 565165015
1 129 717168863
123 130 446419473
119 131 501796440
10 132 152850261
17 133 294232224
60 134 594001706
37 135 603205017
69 136 948319871
73 137 62528963
90 138 794645218
7 139 246734418
36 140 548883302
133 141 238253381
135 142 344953377
87 143 434076025
74 144 615707972
81 145 349186210
131 146 838341086
35 147 558950146
14 148 90263430
41 149 628140040
62 150 54361367
147 151 799631794
4 152 711625161
129 153 14312843
8 154 987923740
97 155 115855934
28 156 831260701
45 157 459107803
112 158 622820424
17 159 7363322
94 160 353332129
65 161 633043949
8 162 764844523
87 163 530460855
63 164 27059230
57 165 547097360
9 166 657326109
117 167 317195259
32 168 636618953
65 169 109373565
33 170 326429143
85 171 135611500
170 172 727800285
33 173 657727559
32 174 887770961
17 175 960999864
32 176 791706285
1 177 243282417
43 178 218599123
99 179 912044179
156 180 11963040
13 181 89635289
174 182 470558708
127 183 350505941
127 184 111592460
17 185 721730426
31 186 963487962
29 187 721831214
132 188 461833940
109 189 28031325
59 190 835228294
143 191 581781169
126 192 511560418
129 193 727140743
55 194 959449621
69 195 531367664
169 196 547912243
141 197 349101836
61 198 146746455
21 199 906556242
53 200 14811722
73 201 606509619
74 202 412881238
69 203 633491829
44 204 332195610
69 205 636505497
53 206 555606404
45 207 635905573
20 208 169093798
145 209 539191310
114 210 630478781
83 211 695403368
139 212 624572817
109 213 101641031
202 214 659923797
175 215 363332317
112 216 268722133
153 217 988127010
97 218 885037049
211 219 802810901
127 220 170113184
217 221 414648908
64 222 832752844
53 223 965696177
107 224 398891719
33 225 185478873
53 226 6148224
11 227 787248114
75 228 798639155
97 229 771394622
192 230 975772271
89 231 911234967
182 232 29949511
81 233 29654422
16 234 354214330
99 235 168730743
108 236 734931268
37 237 868314591
92 238 810838604
111 239 629136002
80 240 61738638
177 241 303984214
208 242 965448610
241 243 297347891
71 244 717835
37 245 945861388
239 246 676222326
103 247 665764969
163 248 235621674
233 249 22755176
108 250 638802698
149 251 517242781
106 252 872560173
17 253 302181470
63 254 885017309
111 255 279804595
86 256 434783089
1 257 766213062
34 258 561234104
193 259 493765024
225 260 767518439
69 261 11333235
206 262 633261633
57 263 594010636
144 264 576584157
145 265 612123014
173 266 173538982
221 267 707020368
44 268 918983341
17 269 587661857
57 270 807454257
67 271 604888846
53 272 285115661
225 273 393521826
55 274 388865964
133 275 158762957
90 276 935953676
181 277 959910044
163 278 443503064
181 279 773622907
78 280 896270909
9 281 48226880
197 282 311032515
227 283 79484204
92 284 510223505
173 285 914531249
119 286 135403605
253 287 143032104
5 288 869900075
33 289 984997465
161 290 705718011
31 291 115833291
141 292 611554542
29 293 213775701
90 294 958949477
7 295 165162956
166 296 272197999
193 297 383804453
226 298 244809845
235 299 824166920
263 300 186849296
109 301 7844752
238 302 7799491
141 303 989366891
272 304 897167520
49 305 502854592
266 306 865973987
145 307 923894217
44 308 983302584
85 309 948405716
212 310 535036229
307 311 622969237
111 312 527814565
273 313 606806532
277 314 935474612
181 315 648015725
145 316 894533163
153 317 50949033
95 318 407706730
241 319 195546711
209 320 604096903
129 321 227900387
79 322 618841077
143 323 996566614
218 324 764788640
181 325 246510546
213 326 813813064
265 327 515450250
325 328 457072810
113 329 248346482
137 330 963223898
51 331 594304350
172 332 816505278
85 333 99758473
45 334 341258235
5 335 594317013
184 336 232939131
193 337 677778742
5 338 42559970
253 339 331938702
3 340 531632023
245 341 470220326
95 342 983246881
33 343 136311085
139 344 715953412
1 345 886471617
20 346 822913827
317 347 328818401
152 348 145376862
333 349 819241655
309 350 473222184
43 351 389318692
294 352 961813712
129 353 754716050
198 354 901020276
3 355 46642589
135 356 756246059
341 357 734825733
88 358 665468145
311 359 483131344
83 360 229186404
9 361 863617282
125 362 628961199
359 363 112808937
47 364 556178687
301 365 448721356
329 366 642263032
199 367 922962819
78 368 311331330
241 369 51355540
324 370 585522465
323 371 546712126
258 372 506083424
233 373 659574351
92 374 508921650
361 375 660872561
212 376 664123123
361 377 759088305
286 378 262958208
159 379 760769958
20 380 628356347
133 381 18692670
367 382 271971442
245 383 287396930
260 384 141249320
257 385 951512758
315 386 359508627
151 387 15928568
147 388 903872568
57 389 321907018
59 390 76612925
381 391 776780911
179 392 704316088
73 393 280748239
37 394 191390489
65 395 271630983
311 396 834706614
337 397 471391299
203 398 138542401
373 399 232879423
58 400 986893560
353 401 413455745
119 402 330584297
129 403 861583283
325 404 702114062
261 405 226135123
94 406 442830190
311 407 673398087
336 408 702098994
361 409 117634022
277 410 458016305
5 411 49884221
262 412 505745685
133 413 574892493
334 414 978560821
243 415 585826229
24 416 21015628
225 417 632322028
380 418 148960402
291 419 632984036
206 420 961230727
129 421 706816956
372 422 631089635
275 423 862571362
176 424 352362251
225 425 10156657
218 426 544036481
67 427 127039411
135 428 912167406
209 429 381065759
211 430 218667881
251 431 504474142
66 432 980182061
17 433 342968859
36 434 126827666
89 435 920797823
235 436 266156371
253 437 377897710
28 438 431984541
369 439 148992588
223 440 138348456
345 441 981491354
440 442 251933462
241 443 536792628
77 444 290695801
49 445 841361978
9 446 459302739
155 447 180667300
356 448 722192332
65 449 330663044
8 450 522358556
185 451 977278101
197 452 137824477
189 453 55623129
177 454 999874466
407 455 483777373
394 456 587479561
377 457 29199333
394 458 116697852
249 459 272738234
344 460 35116198
309 461 819005405
114 462 885830758
215 463 773965550
234 464 370349046
177 465 439895642
156 466 364114393
157 467 684811016
41 468 547904925
397 469 642411331
229 470 880863411
387 471 192412377
447 472 899303224
89 473 763207786
449 474 401289990
313 475 327377932
117 476 253824287
105 477 669982482
336 478 485459931
229 479 989223185
416 480 646305924
353 481 232588203
174 482 114852833
151 483 331542009
393 484 997346383
285 485 544539034
290 486 616047004
447 487 443990536
224 488 209235703
369 489 441572686
92 490 27436549
387 491 730263604
219 492 355287817
205 493 145925802
376 494 826979929
451 495 95568320
445 496 25467171
273 497 399221004
58 498 709441331
441 499 576610276
473 500 437866685
473 501 409789166
24 502 990716137
87 503 375320492
179 504 847668025
81 505 632961314
306 506 866059409
487 507 804756226
359 508 982056659
241 509 487983916
51 510 400430222
63 511 205833650
372 512 616157044
1 513 204661285
203 514 71049898
407 515 891438582
300 516 865461327
329 517 785394956
19 518 448928035
297 519 858506407
307 520 410494340
449 521 778805274
501 522 1051310
195 523 945868655
247 524 855625577
149 525 704808564
293 526 343487433
391 527 249641092
503 528 206773995
17 529 522699416
251 530 626379355
183 531 854929930
173 532 839907986
365 533 835494020
515 534 685591488
221 535 23731481
20 536 909841805
57 537 332901185
520 538 360435676
281 539 958682089
351 540 44355099
317 541 147214869
63 542 529648107
407 543 523198968
280 544 33239417
129 545 801578266
129 546 727754904
155 547 641420008
233 548 709270991
241 549 957716155
420 550 8617965
471 551 895185572
496 552 402016928
273 553 772572636
78 554 636066788
283 555 569068659
35 556 431906061
93 557 708951146
36 558 897797704
465 559 918279356
493 560 898535884
193 561 505283020
171 562 781892551
535 563 311499273
314 564 346256732
201 565 755467311
26 566 166706034
229 567 263578449
538 568 766345643
441 569 33238162
285 570 918166904
541 571 947668843
462 572 655558710
397 573 148712611
289 574 886909652
179 575 988208029
159 576 499095447
449 577 40763871
260 578 411692627
403 579 959267222
282 580 706923846
25 581 704721156
455 582 5265878
477 583 262635471
219 584 112957004
49 585 624801571
226 586 29368135
409 587 674030336
2 588 695084474
381 589 873257736
456 590 47208251
165 591 285250867
218 592 990002284
433 593 276639871
374 594 600509975
147 595 720182576
123 596 752402968
505 597 623516436
129 598 210592131
131 599 645314874
282 600 301192132
417 601 921982500
225 602 369575224
225 603 730115597
513 604 202446024
317 605 898464725
399 606 169735766
73 607 995282046
37 608 8563510
417 609 104925966
194 610 726722879
291 611 945560588
100 612 123800629
333 613 97493392
524 614 460692054
423 615 725373110
403 616 754108794
249 617 695048435
312 618 554877236
531 619 654343485
574 620 540904631
241 621 39037678
282 622 296517093
353 623 780135714
360 624 93254841
97 625 756324882
166 626 416249420
473 627 764332843
453 628 57262713
93 629 275550046
518 630 646445469
175 631 589906687
311 632 419505122
129 633 95472064
547 634 337247746
525 635 390826618
106 636 601577086
565 637 641648542
96 638 275728806
397 639 261642614
382 640 864808650
1 641 232583674
76 642 178311249
29 643 381490158
164 644 987287170
373 645 779218622
441 646 607960170
355 647 472435866
356 648 700486840
537 649 406531031
132 650 460274654
621 651 510465770
100 652 952342616
161 653 440765223
648 654 129345453
199 655 435840705
219 656 97608540
1 657 319834345
131 658 471456293
57 659 35630693
511 660 982551422
561 661 793289123
475 662 324572993
445 663 682507371
222 664 451059908
137 665 295987176
252 666 171076664
201 667 512835603
313 668 793967727
1 669 338488943
470 670 421946975
603 671 107936357
480 672 690648363
161 673 831080397
147 674 594920319
407 675 146443597
359 676 934752316
513 677 301475751
115 678 914718745
265 679 489533445
240 680 461066120
569 681 750063833
106 682 747494161
149 683 411482525
255 684 81067716
125 685 772233301
106 686 380093108
239 687 85289510
255 688 987231443
593 689 216324933
428 690 615245561
291 691 880009954
419 692 748443350
317 693 640621437
425 694 818212154
693 695 642329146
248 696 300947571
569 697 139435764
65 698 86960971
457 699 812172168
335 700 292768871
365 701 862076846
288 702 102583509
251 703 728535812
272 704 866399584
1 705 693172555
345 706 482048446
137 707 467340892
664 708 698647372
569 709 977816011
324 710 315686863
43 711 39510584
334 712 38873066
505 713 370057344
446 714 257462669
481 715 803515813
80 716 801646958
573 717 822087922
289 718 51885807
347 719 582648127
60 720 23426642
161 721 119571996
409 722 830758161
149 723 184184070
209 724 704633071
617 725 717149856
724 726 605681785
581 727 19923794
84 728 926922528
313 729 995978965
32 730 543169153
15 731 616042840
7 732 144028109
45 733 583765364
56 734 938105732
641 735 967002195
181 736 608027855
673 737 226138014
133 738 71501793
309 739 297377065
518 740 618062131
97 741 282764719
715 742 204771221
705 743 886785985
75 744 198808129
377 745 850637923
165 746 844597537
193 747 816641916
93 748 44556927
1 749 505380254
123 750 757930627
233 751 683688332
678 752 446320443
465 753 426248620
118 754 637507300
205 755 743161337
286 756 741594779
185 757 486729383
633 758 589821096
189 759 790363474
427 760 532420451
417 761 779869299
88 762 425932906
451 763 191304464
341 764 457552783
353 765 965451645
304 766 275223232
749 767 866814328
56 768 369657469
257 769 114389673
206 770 209509664
43 771 789697513
437 772 646640598
281 773 564507575
85 774 962453607
101 775 922183504
753 776 207476793
233 777 575916017
757 778 904062974
153 779 342811135
24 780 238536411
241 781 909100901
31 782 501386084
717 783 723071597
89 784 517183171
401 785 588937454
612 786 681181968
69 787 219117966
686 788 763293112
141 789 104822822
298 790 217593450
149 791 282941729
751 792 331055694
345 793 787558848
344 794 449478957
259 795 15958979
157 796 651509666
349 797 6566226
504 798 734436102
719 799 197857141
409 800 847749444
289 801 575237096
644 802 309996335
283 803 227099017
155 804 495526213
417 805 487439895
146 806 536878012
633 807 577175549
669 808 608619576
745 809 797071692
321 810 181900046
753 811 105313334
638 812 236942873
777 813 502440023
46 814 116619187
81 815 607463414
540 816 921903832
33 817 705966991
399 818 927123611
789 819 926665082
413 820 288115848
265 821 186146124
733 822 19817177
71 823 992300780
464 824 417822104
513 825 634955541
802 826 317822585
585 827 283154175
802 828 165209555
153 829 878380780
632 830 108216633
505 831 856093044
323 832 50567064
1 833 591437773
524 834 622600228
629 835 359383392
335 836 598792920
465 837 27759265
101 838 862730755
487 839 819639567
620 840 998410954
689 841 343978098
714 842 957046487
519 843 848647937
209 844 212687930
585 845 744507408
217 846 385595754
635 847 668049650
236 848 475990049
17 849 749424406
768 850 986419518
47 851 415031414
742 852 557381270
513 853 479473977
410 854 846864760
145 855 949422346
424 856 932624979
745 857 64274161
459 858 446911460
419 859 320096579
59 860 862680232
309 861 913272136
522 862 869548504
209 863 204620545
443 864 194141410
161 865 198183154
556 866 898632031
87 867 690605657
447 868 337982399
361 869 31979117
261 870 225575007
537 871 708961549
133 872 994366035
17 873 874536185
481 874 200146130
259 875 850342103
100 876 797870810
421 877 178202271
739 878 216490151
221 879 109873157
651 880 609470892
401 881 42240961
182 882 560635474
203 883 665914562
588 884 825865335
537 885 525747740
311 886 198199055
573 887 501497768
187 888 300125460
265 889 245659936
465 890 319568160
385 891 990233918
203 892 109523437
85 893 387642026
549 894 733850418
789 895 174200362
293 896 658822183
385 897 335778843
377 898 499516525
301 899 450997563
53 900 550544945
449 901 666167035
81 902 370161553
13 903 62223530
732 904 936832127
169 905 513553626
508 906 81793186
593 907 556550663
523 908 495004888
273 909 444752514
751 910 92825299
87 911 116668925
896 912 393713921
273 913 738687483
815 914 559236130
209 915 154834201
703 916 187435446
273 917 329602038
177 918 625847954
201 919 51529647
613 920 555131553
481 921 293414064
544 922 499191233
831 923 101268192
72 924 250164123
641 925 304167219
350 926 26655174
171 927 573660940
201 928 990242221
449 929 263986291
816 930 25703452
809 931 442893187
814 932 319743181
297 933 776869217
722 934 880332622
37 935 89672450
780 936 923655973
889 937 623996847
522 938 828393124
453 939 136358951
623 940 606587633
365 941 276992886
247 942 593206574
357 943 521360623
828 944 111231791
433 945 681199758
531 946 649152803
537 947 789680572
701 948 160479383
537 949 323601940
477 950 776790728
607 951 574622909
15 952 153594334
489 953 451390827
767 954 244000487
643 955 993830840
292 956 169774093
705 957 237594039
221 958 614176890
829 959 225353935
559 960 91600283
257 961 740927452
819 962 358122120
805 963 745728870
492 964 932134638
173 965 414025072
241 966 872958180
85 967 755841222
207 968 70680414
881 969 404448113
644 970 908917512
29 971 814729098
946 972 410595187
265 973 572076761
89 974 755394193
369 975 27253300
604 976 872499419
833 977 97757666
385 978 328689140
101 979 639318002
117 980 870154485
241 981 919135723
495 982 536067095
871 983 67124805
253 984 948203695
905 985 314321362
235 986 938620890
163 987 517911909
448 988 139069243
805 989 966062021
600 990 43141063
175 991 674430437
615 992 582303801
673 993 983977425
919 994 949804160
239 995 312699634
217 996 64228286
245 997 796168912
346 998 486052218
909 999 197202192
764 1000 774096788
