200
-21 19 14 4102
-22 10 18 7716
-18 -9 2 9892
-24 22 20 9791
-13 11 15 486
-25 23 18 5720
-24 17 9 1780
-17 -12 19 5662
-22 -2 4 2144
-25 25 16 2874
-9 -4 12 6307
-20 15 15 7460
-10 7 15 3475
-14 -8 9 2520
-18 -2 18 4660
-7 -3 15 9706
-19 10 8 5846
-23 -8 1 7502
-11 7 17 8180
-18 -15 2 6143
-18 -7 8 3399
-24 23 13 2758
-24 -7 1 9008
-16 -5 4 6926
-24 24 16 9202
-24 1 11 9683
-18 -10 17 1834
-8 0 13 1091
-20 19 6 9916
-24 20 4 7710
-13 10 8 3753
-23 -12 20 9647
-23 4 10 6487
-21 -17 20 9635
-19 5 20 2495
-22 15 20 5946
-18 -10 5 1094
-25 11 16 2205
-24 13 6 4903
-16 3 8 762
-9 3 9 6987
-23 -22 6 4481
-21 3 18 3803
-20 -6 4 6885
-23 8 17 1301
-25 5 3 9065
-3 1 18 3853
-14 5 13 1350
-22 12 12 1084
-21 -19 7 428
-23 2 11 1060
-21 -3 15 4876
-7 6 11 1071
-18 -5 15 3679
-11 0 18 2517
-24 16 17 2519
-5 1 13 2273
-24 -22 6 4941
-25 22 8 2956
-21 19 15 5956
-25 23 5 7895
-13 10 10 4716
-20 13 9 1070
-24 22 10 6190
-25 -21 15 1257
-22 18 10 6608
-6 -3 11 603
-17 -9 2 4763
-12 11 16 7975
-25 -1 19 1895
-18 2 11 8117
-9 8 18 2885
-8 -4 14 1808
-23 -18 9 506
-24 -8 17 2689
-16 11 10 1778
-19 -6 9 7980
-21 20 10 1560
-20 -9 20 3928
-15 15 19 1761
-18 1 18 2203
-11 -9 2 2541
-24 19 7 9086
-5 0 10 8574
-17 0 14 4614
-25 25 11 3608
-21 2 4 8015
-22 -12 20 7670
-18 1 3 8820
-22 -3 1 1234
-24 13 8 7615
-24 5 17 5489
-16 -4 17 2439
-25 -3 14 5103
-24 19 15 303
-23 14 8 2949
-25 6 13 8128
-25 14 18 7459
-16 10 15 8666
-23 18 17 1870
-23 22 5 303
-22 -4 7 8145
-25 25 9 2006
-19 12 1 147
-22 19 16 6583
-21 -5 1 1459
-12 -7 10 3872
-25 -19 9 740
-24 13 13 3986
-18 3 6 4986
-24 23 14 8339
-20 17 2 4926
-17 -8 9 4427
-18 15 3 5170
-22 11 20 4501
-20 -5 9 2285
-6 -4 11 6706
-21 19 15 5523
-20 9 3 8328
-22 19 3 6786
-25 23 14 2197
-20 4 6 4224
-16 -9 8 2044
-16 -3 13 1413
-16 9 2 1077
-23 20 3 6836
-19 -8 6 9175
-23 11 8 8885
-23 12 8 2741
-23 -5 3 2359
-21 -5 16 5545
-22 17 9 3518
-22 -21 6 7087
-25 24 20 7214
-7 -3 8 1443
-19 13 13 1041
-17 15 12 1284
-20 14 3 5987
-11 8 11 9578
-20 3 13 1381
-20 11 7 4443
-15 9 3 572
-25 -3 6 3619
-22 5 14 6492
-16 13 12 1092
-11 2 12 6580
-16 5 5 10059
-24 8 10 577
-18 -10 1 7361
-24 14 9 2816
-16 -12 2 6847
-20 -4 12 8161
-25 -22 10 4487
-8 -4 7 7385
-8 7 10 9938
-5 3 6 1161
-25 20 16 2198
-4 -2 4 1443
-25 24 14 3034
-19 -15 17 1506
-23 19 20 8296
-19 14 5 332
-25 25 2 7417
-16 -12 2 9266
-1 0 16 2770
-20 1 18 2057
-21 -13 1 4410
-24 13 6 9215
-23 14 16 1756
-25 20 1 4798
-11 7 18 3416
-21 -11 7 8011
-10 -5 17 7139
-21 -20 18 6886
-14 14 14 9312
-20 -19 12 2971
-13 -6 5 9030
-20 -9 14 4696
-14 4 12 5939
-24 15 11 5253
-24 22 7 2602
-25 17 11 4075
-25 20 19 10349
-16 5 9 10111
-17 10 10 6101
-17 11 18 9222
-23 14 5 296
-20 14 11 9641
-22 12 3 246
-20 17 19 7193
-25 23 7 2129
-19 16 3 2019
-19 9 5 1182
-19 13 20 2289
-21 19 18 1596
-11 9 20 6965
-21 1 3 2278
-24 9 17 1220
-20 19 10 3292
-11 3 8 7070
