200
-5 1 1 309
-22 11 11 2954
-24 6 20 4738
-21 -19 10 2801
-23 16 18 4545
-25 -18 9 2362
-25 23 9 2682
-24 7 13 2874
-24 -10 2 582
-15 -7 19 4297
-11 -6 11 2536
-16 13 16 4033
-24 -4 12 2465
-15 1 16 4088
-22 -13 11 2556
-20 15 16 3635
-23 9 10 2542
-24 22 7 2028
-22 12 5 1524
-7 -4 5 1282
-12 -11 20 4034
-24 18 3 1137
-16 9 10 2102
-18 12 9 2183
-8 7 5 1647
-12 11 8 2312
-24 14 15 3186
-20 16 8 2099
-22 10 13 2742
-22 -5 15 3358
-13 7 10 2205
-21 7 4 1447
-24 19 12 3020
-22 9 5 1144
-21 18 15 3136
-19 -2 10 2457
-24 24 20 4079
-25 18 4 1093
-24 -10 20 4476
-24 9 14 2855
-25 10 11 2713
-25 3 11 3083
-24 -15 9 2453
-21 16 6 1832
-21 -6 12 2662
-24 24 1 987
-16 12 16 3325
-23 17 19 4064
-25 16 13 2913
-13 -11 18 4519
-18 -3 20 4675
-10 10 1 1002
-25 7 15 3245
-15 1 15 3643
-19 11 1 496
-8 7 18 4299
-4 4 7 2336
-23 20 5 1809
-23 22 9 2348
-19 -16 10 2836
-24 21 13 2641
-22 -14 9 1967
-17 7 7 1727
-21 -3 19 4678
-11 5 12 2628
-23 -1 20 4405
-25 23 8 1675
-22 18 6 1570
-25 -21 15 3596
-22 -3 12 2898
-25 -19 12 2889
-17 12 20 4354
-24 21 13 3569
-22 0 4 1664
-25 18 4 1529
-14 -13 9 1938
-25 9 13 2855
-21 -8 19 4399
-24 6 13 3052
-13 13 6 2179
-22 18 9 2136
-19 -2 13 3027
-21 -11 9 1973
-24 -20 10 2376
-23 23 2 1228
-19 12 7 1601
-24 -17 5 1349
-25 24 16 3631
-24 19 17 3637
-14 -10 14 3383
-23 23 20 4477
-19 15 1 875
-23 13 15 3786
-24 7 16 3804
-25 -4 14 3512
-23 21 20 4424
-25 24 9 2778
-19 -18 12 3103
-18 -3 5 1168
-17 4 20 4134
-20 9 3 605
-4 1 17 3801
-20 -5 12 2936
-19 -3 14 3770
-25 23 20 4795
-15 -9 2 1270
-22 10 7 1843
-25 25 12 3345
-16 -1 15 3351
-25 18 6 1217
-23 12 4 1282
-22 15 19 3972
-25 24 3 722
-11 -10 17 3719
-22 15 15 3161
-25 10 12 2731
-21 13 7 2225
-24 -5 5 1174
-22 6 10 2876
-25 23 11 3108
-22 18 9 2597
-22 12 1 460
-25 3 9 1915
-20 19 18 3681
-22 22 10 2359
-5 -3 7 1763
-16 0 5 1239
-23 -3 5 1347
-7 6 11 2312
-11 5 5 1731
-21 6 16 4024
-19 -13 10 2547
-7 6 8 2420
-24 22 15 3433
-6 5 6 1226
-3 2 14 3557
-22 12 16 3967
-17 8 10 2127
-25 21 16 3875
-25 25 1 313
-17 14 14 3330
-22 -2 7 2139
-25 10 4 1158
-11 -4 17 3572
-20 -11 5 1919
-16 6 15 3555
-20 19 10 2519
-7 5 15 3731
-18 16 8 1817
-13 13 3 1591
-24 23 16 3484
-23 20 11 2390
-22 19 5 1126
-9 7 1 206
-25 21 2 1009
-22 13 3 1246
-24 -20 13 2872
-18 15 12 2805
-20 -3 1 516
-19 9 3 840
-25 5 17 4282
-14 1 15 3981
-12 -4 7 2321
-21 6 17 3599
-24 22 2 1215
-23 14 2 689
-25 25 4 1638
-13 1 2 915
-20 -13 1 598
-13 -2 14 3602
-15 -6 6 2033
-20 -7 11 3173
-20 2 11 3035
-22 18 8 2323
-13 6 13 3559
-25 23 8 2376
-16 -6 8 1836
-4 4 13 2694
-19 18 6 1590
-22 -9 11 3103
-24 9 3 1381
-11 -8 7 2012
-16 -12 19 4518
-23 21 20 4874
-25 23 19 4538
-16 14 9 2582
-15 11 4 1635
-18 17 17 4098
-24 20 14 3366
-13 -6 2 824
-22 7 10 2293
-23 9 19 3966
-23 16 1 524
-23 23 6 1816
-15 13 15 3602
-19 12 6 1356
-19 13 1 1173
-25 5 10 2665
-8 -2 4 1651
-17 5 16 3773
