50
-17 14 13 394
4 12 20 475
-16 8 5 243
-13 13 14 473
-18 8 11 414
7 16 1 94
-11 18 6 251
-19 13 14 353
-19 5 20 496
-10 13 1 202
-20 16 20 520
-17 1 12 366
-20 19 14 370
-19 4 10 210
-7 3 2 144
-10 18 20 561
-16 19 13 444
-13 17 19 519
-20 16 16 502
-17 -6 11 326
4 14 7 180
-2 15 2 49
9 16 20 439
-14 -2 11 316
1 9 13 286
-17 19 11 231
-18 6 9 187
-4 8 12 362
-14 -11 15 408
-17 20 1 149
-18 2 1 154
3 20 7 277
-15 17 7 239
-19 -2 12 275
-20 20 2 135
-10 5 6 226
-16 19 9 359
-19 17 20 561
-13 12 12 256
11 14 18 455
-14 19 16 439
-16 13 12 414
-19 17 12 244
-7 -4 6 258
-20 20 14 479
-19 20 15 345
-9 -3 7 308
-17 18 14 399
-11 17 7 186
-16 8 11 355
