1000
445434192 28 
803683970 20 
683888565 27 
390763132 24 
633200140 16 
831934910 17 
495287697 29 
535586982 25 
166947266 17 
266166223 27 
704266843 25 
228212760 29 
481545562 28 
724480668 21 
405224187 19 
760635578 25 
707031484 25 
751151629 25 
414772826 29 
692665460 16 
855535057 19 
143605770 29 
441685854 28 
612153646 16 
227597951 22 
903101563 27 
844002032 21 
536720592 24 
262932655 24 
416622408 25 
178476025 26 
501542210 26 
952325962 23 
597653594 15 
995572575 24 
297968236 18 
853912374 23 
897274263 24 
463936012 15 
720613430 19 
288335709 17 
258717928 20 
177885926 15 
910295689 17 
287363749 18 
190485557 28 
812993751 22 
57732939 23 
691046904 19 
751348071 29 
762064582 20 
213812326 17 
668414525 28 
575596644 16 
364475290 18 
575330240 22 
773840476 29 
218119446 26 
652280381 22 
829338435 20 
35970876 18 
977275236 28 
755246998 16 
634383062 18 
467684295 26 
24455477 17 
733494413 16 
840031328 29 
505642724 19 
260215411 19 
941261834 20 
671833035 29 
142020475 16 
142158597 16 
812945653 18 
622294782 28 
517353589 23 
190392019 28 
828771894 28 
637194721 25 
422400184 19 
582907845 17 
699528374 19 
757269084 25 
321520941 21 
300609987 26 
558862683 18 
798231127 16 
448879292 18 
650394805 18 
19900686 29 
220275130 23 
67518030 29 
602184323 24 
593750200 21 
553536109 18 
308135625 22 
253959445 23 
277507391 20 
545081944 17 
441438487 20 
435258963 21 
500473741 24 
157309284 28 
544290846 16 
296243238 15 
989168264 20 
546094455 23 
351965384 20 
502712948 16 
821798682 28 
279822458 15 
328312315 16 
530847015 23 
437744170 29 
893952086 15 
570110625 26 
648013861 19 
351891103 18 
281387249 15 
189291425 23 
53040472 15 
615668579 27 
451187253 29 
25652707 20 
901345446 18 
790113629 22 
225066505 26 
830211151 18 
262712825 18 
114336629 15 
20132948 26 
370717133 15 
275514168 24 
6633619 23 
312315136 15 
347434309 27 
574182987 18 
899811231 24 
294015476 22 
353034655 26 
399657241 23 
605216641 18 
202922776 26 
565816771 23 
677824908 24 
962241826 18 
39104084 28 
841408153 25 
349048203 18 
134721384 26 
148829584 24 
267318538 28 
719327999 17 
905822524 16 
876317364 15 
559486460 27 
642854862 22 
468335495 16 
390630824 16 
409150552 24 
686325729 16 
818559279 18 
997085780 22 
621347079 22 
839496480 24 
241368350 28 
527186081 17 
907949296 18 
12601715 22 
497208890 18 
864362101 27 
592607482 23 
232480963 18 
290249581 24 
29298618 24 
891731471 27 
147774198 21 
80197021 26 
181155926 26 
342168854 26 
317662198 19 
981659060 24 
628281395 29 
58200310 24 
712288169 22 
535086233 27 
777662263 15 
105193625 17 
557886969 17 
151106356 19 
699406156 21 
338225382 20 
46021837 28 
132722797 17 
380212825 26 
449681605 29 
472331276 19 
606353708 17 
409629253 21 
333945630 20 
329804704 18 
122862169 24 
866406650 27 
582957785 26 
842891120 29 
278474972 27 
600755295 27 
353958623 27 
877966180 21 
314333085 23 
540462684 29 
317471254 29 
616952164 28 
647102341 24 
843740889 27 
622675303 17 
724775768 25 
551361914 26 
153526206 29 
934354362 22 
171424552 15 
131730533 21 
416132339 18 
862546936 22 
820912317 25 
948259631 24 
729948257 23 
990266631 16 
27164157 15 
381232318 17 
693176814 24 
357390289 27 
637114065 28 
240815612 29 
546049411 28 
777549629 28 
255628065 17 
168715728 19 
490435849 17 
955383346 23 
710337238 24 
237891361 26 
808293990 18 
340491162 18 
428736982 19 
875923673 23 
940995972 15 
425613404 26 
465317387 24 
553436127 27 
27762249 28 
313804128 23 
252352860 24 
410771739 16 
371935903 29 
822420878 26 
434462640 22 
300297589 21 
323642477 28 
594986958 16 
306619121 19 
957099477 25 
681615259 21 
978119944 20 
678445830 23 
886197027 16 
718692368 15 
332784164 23 
251496919 21 
180370503 25 
223450550 26 
752196106 15 
341366604 19 
241141801 23 
111634548 22 
324516258 15 
192337741 15 
45618610 28 
91416114 24 
501415381 20 
798333378 15 
246938056 15 
598110424 22 
816751497 17 
726668435 21 
816501076 17 
688686671 27 
608149927 27 
754848680 16 
787655999 19 
604408445 19 
973325592 21 
666438377 29 
54680175 18 
631297867 15 
307325634 28 
14201407 18 
584083918 17 
944802465 23 
420725135 25 
390106512 23 
459391043 20 
518104680 27 
29445734 24 
951471814 21 
56051381 15 
532252806 22 
343884846 21 
359028167 25 
657913358 24 
514531045 28 
974806481 15 
907964029 17 
232848181 28 
351230315 18 
992323126 28 
861370574 17 
666239250 15 
962718722 27 
634151493 28 
402584740 29 
337156749 22 
71614609 27 
782649574 29 
300537318 27 
354630798 19 
700852480 18 
562215681 28 
656893564 27 
859491837 29 
263263031 25 
795934590 27 
550907469 15 
432903618 28 
496202525 17 
114208069 27 
775183683 29 
183586501 16 
826263196 25 
311786303 21 
73770821 24 
380689903 17 
442677659 27 
246669906 26 
573613116 21 
617842214 24 
78474755 15 
228467559 23 
12892174 20 
424856147 28 
12646330 29 
183247719 19 
506532 15 
714571103 19 
673211049 16 
939233080 17 
989819366 28 
503934512 19 
940469944 19 
718544836 18 
93280188 28 
442095536 20 
672378320 18 
701958641 21 
440995855 19 
600309445 19 
426806231 29 
664708265 26 
383549637 28 
877840985 27 
119130807 18 
352284371 17 
569695176 18 
119045971 22 
739385430 28 
658408279 18 
199052030 22 
293418139 23 
25711262 27 
272345885 24 
205086289 16 
382542105 22 
534981493 23 
812660492 28 
13516712 24 
618768821 24 
925888709 25 
770283022 21 
222345450 28 
893719383 17 
115954293 15 
291569930 27 
386359297 20 
481409255 22 
122325101 27 
666101481 16 
425158356 17 
157121869 19 
102155925 24 
353445521 17 
667936587 26 
262813041 19 
90045141 18 
220635371 24 
261185870 28 
163960891 28 
138219285 27 
27744991 18 
747326661 27 
355638420 19 
752585021 23 
256018774 22 
923918232 17 
77908834 23 
831320373 22 
562164022 20 
840111536 17 
657522575 23 
595451621 29 
775135081 22 
204936435 28 
523756545 29 
947964981 21 
107273429 21 
544884554 22 
145108898 20 
201309454 24 
124602980 17 
284167325 21 
652372824 20 
936570710 21 
386382589 28 
919360213 20 
104273933 28 
483813111 26 
331158407 18 
209047000 26 
222497960 19 
3867607 16 
12112620 22 
826144144 27 
782451729 21 
51205088 17 
863453203 29 
476160996 19 
94614320 24 
49612024 24 
149365732 29 
728450747 20 
550699245 22 
107657481 26 
90660167 29 
108961791 21 
576657456 27 
948775930 21 
934507812 18 
36050839 17 
472077793 17 
688669619 20 
737122403 25 
543892843 18 
109977320 21 
151970844 24 
287068140 29 
578542947 29 
209399341 27 
838188317 25 
586691751 17 
498033511 29 
833301656 16 
32911518 24 
833365885 21 
878584671 28 
865793810 17 
728779911 17 
290002260 22 
360521523 24 
398625409 15 
897014464 15 
440945430 19 
650566347 18 
882814927 22 
830921009 17 
459241897 18 
433822735 16 
332984802 24 
252801987 17 
529963511 26 
846854888 22 
167912356 20 
9370716 25 
150642918 27 
228122428 23 
456757243 15 
123464933 20 
374355296 26 
804145397 18 
821866449 28 
80058183 20 
924539468 17 
690871801 19 
471724045 21 
529137512 17 
11903121 15 
132338738 16 
568419223 18 
466856754 21 
362371865 29 
418739590 21 
950666583 26 
556204684 19 
985237195 29 
780018143 17 
619043893 26 
605613405 18 
369039503 17 
179290404 22 
377863449 24 
507059087 21 
846832973 20 
816777021 19 
26319595 29 
264056073 27 
703547885 17 
822854161 20 
339695763 16 
461212595 21 
464402264 24 
267101578 29 
952688377 19 
805887861 16 
933005940 21 
286203279 19 
85584133 20 
640592951 29 
759031338 23 
492566025 29 
85874080 15 
861868001 24 
961577827 28 
786120926 22 
191460272 20 
650018395 18 
917448453 24 
237081591 17 
622981150 17 
442780557 18 
406068729 26 
53282620 16 
564373459 28 
147656032 19 
88888616 25 
423428757 22 
557942710 26 
72545722 23 
522062201 29 
389488107 28 
270143150 16 
763971205 22 
95028179 18 
697793316 17 
712329125 17 
478222247 22 
61007136 15 
368848426 15 
653655938 28 
133147402 20 
829247047 28 
677539043 20 
99705645 27 
354634388 21 
172407856 16 
948532537 21 
35053965 29 
616889391 19 
931966403 24 
253169939 24 
409156492 18 
954016194 29 
397035496 18 
641815128 16 
687014417 24 
409287476 19 
171579271 22 
348422898 19 
875505157 29 
581354607 29 
860345224 17 
492250312 24 
626485838 15 
689140570 26 
898153171 19 
619834818 22 
307547605 28 
843335133 23 
945011280 26 
371144 26 
65937794 26 
983151584 18 
880775400 27 
77626050 28 
2410558 22 
188702027 25 
214424449 29 
993119896 19 
322460399 20 
541736454 25 
844156676 28 
293284147 22 
951828606 20 
554464762 27 
795502170 22 
222238329 19 
221105620 16 
838689549 18 
24081001 22 
544126547 15 
439361495 27 
852753704 25 
388538395 24 
981168809 19 
68415857 28 
18380340 15 
8224855 25 
877287268 28 
946533257 28 
363804183 26 
265740292 22 
644815978 28 
150668039 29 
605153979 18 
169209868 18 
241920933 25 
378504914 21 
472279046 26 
37738838 25 
479426300 23 
859388372 26 
229377506 21 
791649994 16 
550517846 19 
31733492 25 
703655478 21 
211533648 27 
42711965 26 
689337626 18 
644153578 28 
704810960 26 
106667704 24 
520862510 19 
373435365 26 
571609906 15 
553646479 22 
691268633 22 
20818193 28 
794516062 27 
16890378 18 
556107969 22 
98079317 18 
448886333 29 
326035985 15 
578747919 21 
390151577 15 
367871413 29 
377182604 22 
520533227 15 
561831109 25 
788138927 29 
250082403 23 
804400190 16 
400603074 25 
624441620 17 
637159038 15 
710435054 20 
150910582 19 
521462986 23 
552315845 27 
324112869 25 
668208330 20 
568073659 26 
122333729 16 
80699913 24 
740591782 16 
101523661 17 
489358712 23 
972655684 22 
681289715 28 
973203690 24 
685594548 19 
830688125 22 
879706775 25 
412285177 29 
849772731 15 
899402396 28 
973820028 17 
535242722 20 
82132087 19 
635188872 21 
589549960 16 
663364749 24 
268003022 17 
656170027 16 
150683045 17 
480063970 15 
416901034 17 
864433772 23 
928305850 24 
738726601 24 
592756978 23 
4816435 23 
837014191 28 
615866922 24 
945429134 25 
985615464 28 
662880620 23 
677149421 18 
775269477 29 
728866292 29 
440422616 23 
507202554 21 
226396769 18 
319240125 19 
316491997 23 
874307641 27 
203055721 25 
954371244 23 
644850018 24 
476207250 15 
38316646 16 
650789801 21 
835998288 22 
186139630 27 
129620542 15 
51100573 22 
946746765 20 
854898995 21 
854885338 25 
8095598 29 
952180994 20 
618515275 26 
626711330 17 
997556742 22 
831954583 16 
759978780 26 
550114302 23 
309023819 26 
468897333 24 
882210704 17 
119296599 21 
935556903 29 
481021378 18 
106624398 25 
51393043 22 
546841473 22 
833367335 20 
212482045 28 
311848732 19 
474861632 21 
880951373 23 
83022791 27 
599219032 26 
882466382 17 
630478619 27 
747591635 29 
421808817 29 
499173522 27 
736646008 22 
461383433 21 
131562254 23 
163112436 27 
844611918 22 
685906513 26 
960126550 29 
292480860 25 
629609604 21 
245553299 28 
279287923 26 
489489842 23 
10994946 15 
717238455 26 
716924236 20 
214099934 21 
327970480 18 
829984677 19 
345483465 20 
622427337 25 
530976118 26 
757001798 28 
981926098 28 
778227033 22 
988071740 18 
279524736 27 
693884239 20 
588035191 29 
643990506 29 
432541244 23 
571625000 22 
245467404 29 
887426920 26 
318884195 15 
724444998 29 
234418174 29 
374389150 18 
197319131 29 
616921231 24 
937520183 26 
462316148 23 
241700494 23 
582855148 20 
540413597 17 
901494227 21 
754648674 20 
446777669 29 
89507354 27 
530462113 22 
105231425 18 
375634563 21 
532961685 22 
517460936 23 
688186130 20 
202576780 20 
46286325 21 
476258350 15 
129405373 16 
697617482 23 
425819684 23 
449775293 20 
336323881 29 
882924708 17 
691625225 23 
837588827 29 
770303552 21 
256467585 18 
220415372 15 
259978226 27 
409073641 23 
658659275 24 
529172629 22 
488538217 27 
94305548 29 
657697897 23 
617970444 28 
675925672 23 
346424466 27 
404192323 22 
585664985 28 
696236183 29 
541669729 19 
435085121 19 
890798053 23 
463821342 23 
619888226 28 
385893195 21 
316554262 24 
712491813 23 
57662589 28 
552238153 27 
699544405 23 
97231252 19 
901986971 25 
393124387 16 
972887179 22 
51110739 25 
574370 26 
5871297 25 
147212958 24 
160245834 22 
709311612 17 
401934347 26 
896403576 28 
292130402 15 
798689807 21 
317718506 24 
640094463 17 
454495617 19 
911498565 27 
969781316 15 
922037021 20 
33547664 21 
738813188 21 
780253955 26 
913210297 29 
77182584 22 
719751222 20 
117923853 19 
272804794 21 
369271327 21 
737551810 16 
536085836 17 
654317066 26 
915052143 17 
565704848 19 
833496742 22 
526927248 28 
442138447 29 
129113992 27 
705231877 29 
561648948 17 
978724518 24 
135387538 24 
675679056 20 
675681246 18 
498056798 18 
600720790 20 
77446767 19 
310024310 20 
252041822 28 
812336252 15 
56832329 16 
917237732 25 
970315406 19 
681369900 16 
519250888 28 
528516368 21 
431882966 23 
330611854 27 
435986899 18 
963034851 29 
967853342 17 
483378059 25 
381703506 29 
496929347 21 
596734286 25 
377766665 19 
581442606 17 
562825753 22 
817814862 16 
876647409 16 
12807245 26 
904445774 20 
578315014 16 
104073004 24 
223874968 15 
206823112 17 
213091423 28 
684542369 29 
670349303 25 
474146161 20 
201577791 21 
136017463 21 
591341907 15 
911051824 27 
66246544 22 
992241112 28 
654993810 19 
953924588 18 
158918968 22 
500499819 19 
791454366 22 
57418639 22 
399703073 17 
844235223 16 
246252125 22 
775617024 21 
731341873 25 
776671750 16 
809185977 23 
408451111 23 
442814290 24 
390396639 27 
820095385 17 
954247404 23 
133369707 24 
478897482 28 
205942500 22 
794408247 26 
352683107 18 
888233519 24 
446116996 21 
434023408 22 
58392612 28 
930539126 19 
305342560 15 
635479039 25 
894451349 16 
539537160 21 
977270368 18 
643062860 29 
91935134 22 
351059147 20 
804836972 22 
68230080 15 
140139815 22 
41912488 22 
448584812 23 
673882433 21 
791112984 18 
66108295 24 
52224584 16 
746817464 18 
477925721 28 
9570385 16 
734836200 21 
870310414 25 
678289363 29 
407941100 15 
584763701 21 
98194217 24 
112345196 21 
