200 5000
86469 88528
1 10 6558 14751
2 93 48505 92444
3 9 78864 83624
4 6 92332 80920
5 87 22484 76611
6 165 87668 11781
7 114 50921 16037
8 51 94032 83289
9 73 70598 31563
10 67 55361 44150
11 196 30885 70808
12 188 62653 51520
13 127 30172 15368
14 31 25644 13150
15 196 10092 78228
16 8 59197 12187
17 76 32118 22651
18 9 17250 11124
19 74 34026 48312
20 44 57973 59211
21 133 1911 6125
22 14 37037 16034
23 177 47099 50699
24 125 6216 23351
25 13 18352 31472
26 79 68112 17764
27 172 82478 2344
28 30 60743 85413
29 147 69394 92623
30 146 46897 30374
31 19 60475 19554
32 43 69009 95822
33 187 52950 54944
34 38 1215 64263
35 62 32978 38216
36 29 25729 56487
37 19 92067 71606
38 73 6233 56226
39 24 10550 29648
40 183 28578 61547
41 9 45307 35377
42 45 43891 30351
43 63 79143 52505
44 113 63906 95057
45 82 96608 53502
46 187 42204 46410
47 146 4913 29734
48 35 50107 70510
49 174 38642 69516
50 38 9307 12449
51 123 63866 92607
52 21 25069 61870
53 114 79093 10281
54 83 3267 98937
55 54 15884 70044
56 21 95143 92712
57 20 40186 26443
58 192 50505 95460
59 10 16703 92165
60 176 67171 56190
61 101 26424 96236
62 19 33038 30383
63 15 85997 86379
64 44 32669 77771
65 91 45115 20414
66 148 50017 62616
67 152 16296 59126
68 30 83578 519
69 30 56091 30120
70 94 15020 672
71 194 90801 48373
72 112 66343 71713
73 94 20738 23810
74 107 27932 14064
75 149 30445 92525
76 70 74721 39687
77 18 97379 13126
78 102 2094 65538
79 10 97769 29407
80 105 18097 62773
81 51 50892 39214
82 108 88883 41822
83 181 83677 32157
84 115 44861 22787
85 41 49929 44603
86 126 31768 40263
87 91 16496 76107
88 197 65346 57851
89 77 30659 59447
90 88 61247 81698
91 71 93456 26568
92 21 7861 35944
93 72 32481 12115
94 198 65162 3075
95 57 58062 10991
96 76 99628 67225
97 131 26845 7299
98 17 10621 60333
99 56 98611 56147
100 199 80335 39592
101 168 55391 77441
102 180 39083 31216
103 129 84161 26567
104 133 72065 12350
105 80 5134 2590
106 36 84020 14470
107 103 47907 14388
108 113 254 18460
109 94 59820 16206
110 8 92908 14995
111 100 73929 81750
112 65 66535 98285
113 11 40094 25475
114 77 94963 38157
115 8 36411 27505
116 22 9192 97242
117 35 82061 26145
118 101 14062 80038
119 153 44519 54157
120 189 47012 69634
121 87 63706 28678
122 137 95733 33855
123 139 54505 52611
124 174 4726 51446
125 148 35345 77424
126 173 97283 51991
127 169 53112 1593
128 178 75613 20645
129 147 60585 97842
130 27 13706 34277
131 188 28226 93798
132 66 68321 8265
133 129 95360 3951
134 59 14864 17961
135 19 43702 43383
136 159 43997 35024
137 88 62852 7949
138 50 26259 59057
139 147 66551 44326
140 69 86803 55910
141 159 32785 57279
142 48 48772 31641
143 120 6172 81045
144 11 37899 6484
145 32 25833 35416
146 159 46376 45327
147 108 47477 19513
148 7 32935 76077
149 136 73191 70331
150 9 47202 34875
151 190 79904 6519
152 21 76166 74945
153 155 50283 64766
154 65 91342 27632
155 6 29322 66051
156 145 80416 3309
157 64 62226 52403
158 142 45315 92349
159 136 84080 93154
160 39 97210 32909
161 146 34037 53018
162 131 91768 66931
163 173 67756 11506
164 199 71743 78922
165 87 37712 20868
166 171 28907 64277
167 82 4750 72868
168 124 60285 31805
169 38 18078 82604
170 123 17368 59930
171 42 59668 3614
172 31 82792 84323
173 4 73772 13222
174 112 50317 2118
175 30 92261 76961
176 96 45628 23699
177 183 33173 35990
178 67 37374 40229
179 25 64884 22952
180 101 43838 14150
181 191 52688 1727
182 194 28342 72591
183 20 13236 99244
184 38 2499 5717
185 112 76762 99503
186 98 90582 87367
187 104 40016 59999
188 80 79512 74365
189 140 47768 3052
190 50 75041 28002
191 60 76971 21701
192 137 9201 80781
193 32 46221 93773
194 1 28435 56063
195 108 1035 7830
196 29 19376 94734
197 5 69895 30252
198 67 82553 10343
199 124 31697 74827
200 14 43649 44062
88 177 30784 17002
93 71 56141 93823
184 195 24928 95000
141 51 61033 93921
14 158 89828 33570
37 65 32523 60718
131 67 84620 49902
49 154 12978 96826
84 149 6908 60096
101 92 9105 10408
8 69 74188 24244
61 73 50786 68971
37 126 71797 90669
54 190 58334 21041
138 184 80579 4199
148 14 26055 72914
116 159 52055 74816
28 127 1868 98222
116 108 9976 65080
194 193 22590 3657
45 9 17716 39223
138 124 45803 78465
135 110 70692 51277
169 106 13914 92014
89 200 84755 84457
3 111 39312 17127
105 47 62070 90184
124 198 39544 12182
76 62 47607 32668
98 12 7738 53240
107 61 68729 66723
15 173 9630 58930
178 160 69768 40592
9 133 80671 42669
81 55 14950 25530
52 190 43787 31182
172 174 58325 77590
93 182 99498 19210
77 124 59596 12148
118 175 95843 53367
159 94 58007 32661
119 24 65358 55887
115 131 90778 77366
65 121 21204 67184
13 200 6793 8941
35 41 15602 94737
69 180 21583 7123
191 90 77287 66243
145 91 78309 8876
52 105 59574 2242
119 76 46619 2838
3 24 26724 11177
14 93 92614 88393
60 150 85568 7850
12 12 36831 53645
33 76 72879 40604
119 134 34551 41086
88 7 11957 20194
174 122 79695 354
27 115 87825 83697
191 172 94710 41400
153 180 20273 60046
137 101 99805 87816
132 37 72413 83938
169 176 37497 14648
187 179 32317 75024
127 132 61472 50754
152 193 67489 45956
32 22 69271 75963
153 124 39092 21869
180 94 17515 89402
129 166 54905 24195
15 136 36371 21484
166 85 76854 52368
98 3 77359 61335
42 139 4600 88320
98 59 52099 35508
53 85 84140 5574
109 104 92695 18362
183 166 21488 33593
154 95 85638 46787
96 172 90385 1591
112 94 95409 19469
186 80 99839 64065
180 66 6837 8778
163 152 23407 68447
101 43 90447 430
174 158 46688 12062
177 68 83071 47375
129 1 79835 22203
24 70 64162 94004
55 97 31305 43088
110 92 30090 16290
53 61 77324 26064
99 86 76190 69875
135 46 94704 32247
53 104 41633 57732
42 83 40148 14839
66 122 13102 41084
9 149 81894 78553
121 16 92319 39088
171 163 78365 4209
16 10 24417 90088
185 13 83792 53602
148 51 68608 59412
98 179 56326 55992
103 43 85575 46231
129 13 70330 45577
83 151 3136 26022
123 194 73318 16036
171 190 79427 39363
196 196 10662 25835
105 84 87104 31969
177 64 67773 63954
102 57 31157 95093
46 49 35743 54144
39 9 59344 73494
135 4 91962 56359
180 99 94945 29532
129 42 54499 2816
193 84 37987 55185
80 163 94291 59590
135 187 31928 97032
144 96 87644 76551
162 101 49223 44792
151 158 17253 47201
3 144 12690 62130
159 152 8369 47383
126 26 39745 11820
30 148 67149 29688
11 122 38274 18076
63 179 47132 45094
166 35 93105 99317
1 171 82161 92438
65 198 80611 42241
54 6 82778 61092
87 119 72250 14166
99 10 45264 37343
72 85 71991 62162
28 1 40939 20091
34 188 52639 87981
103 72 3419 67295
29 197 29579 2740
198 35 24481 86799
124 106 38058 54272
184 53 28132 84669
169 93 47009 4458
150 187 42221 51517
119 200 27575 59493
128 176 37287 48389
127 44 34443 90003
64 15 86869 4152
126 92 36843 51744
28 31 11795 52219
83 1 93956 4457
62 136 8778 72624
76 110 84061 27629
133 177 62661 41618
128 107 59447 74531
107 11 8225 43811
116 53 6793 50954
135 13 49730 46412
104 194 14463 61526
147 137 7860 86091
129 159 85159 55816
61 51 97092 66072
71 124 59729 77806
39 199 71762 2873
22 156 86175 38974
89 18 3833 76579
119 55 43373 49007
109 189 96260 25367
142 82 11414 13052
176 192 54378 71763
196 156 35546 15376
93 170 41879 25476
172 73 39328 63032
99 12 4894 50081
56 33 79948 24026
172 45 22203 50124
180 152 62241 40194
126 141 27904 76217
151 6 30962 6167
116 133 45719 18597
103 142 84815 69794
124 11 50738 65640
180 144 23512 47490
113 169 32645 43515
10 169 33094 13322
184 188 89360 15713
49 72 89629 67284
149 112 51941 37691
183 96 17668 31060
77 48 22397 95801
122 35 31520 10344
163 144 27122 74569
104 68 1183 34577
37 109 67452 50809
9 114 93368 66705
110 146 11624 26871
82 138 21873 37317
188 171 99452 49036
18 19 58914 97058
106 99 57255 22603
135 49 37978 47667
94 56 1831 15641
184 197 69995 6127
81 123 26696 48392
146 66 4021 47983
180 75 88099 61178
109 7 43782 75611
143 81 73546 71738
150 146 46902 82055
185 36 5063 93826
165 17 36438 93799
190 148 27101 38758
54 144 33672 27862
122 41 4224 15249
170 144 81489 86197
33 19 63391 45718
93 188 45570 5435
24 65 14004 55410
80 165 79490 59263
51 141 86651 77338
86 173 42608 30552
40 60 70190 60096
145 141 55257 84070
16 56 1551 34194
85 74 51786 53457
115 16 40529 75963
25 1 80260 67385
170 69 41577 47794
163 81 16974 48983
181 77 59407 94894
51 71 6920 14070
157 185 2744 5016
109 33 17778 15555
144 105 86207 13309
169 151 2520 89115
34 117 7896 24475
172 163 86521 11561
41 51 76343 13515
39 78 9685 75447
102 182 99166 89372
189 60 63286 39505
121 131 97306 28757
79 4 36356 33853
52 84 48655 25749
138 180 89879 55298
172 23 16037 62090
29 65 36276 41511
190 38 70294 96272
54 81 58860 37391
174 111 12122 40557
164 51 5734 52551
87 187 91015 82997
123 27 56794 804
79 17 11451 31233
150 9 36772 74252
74 194 47179 32022
198 24 63319 32607
181 76 68909 95653
198 114 4804 61487
187 121 53071 67945
57 129 71768 53631
154 72 24267 60613
24 77 43455 74267
196 169 15561 4212
56 114 99250 92954
112 107 66385 14980
95 145 92637 72616
120 103 3170 67300
44 77 97609 9298
171 108 53976 94262
54 174 12139 67540
51 4 68900 84562
193 7 75403 75554
22 99 67801 9062
39 65 92352 3542
7 61 54449 84462
50 128 62110 43019
196 199 86285 63723
37 3 73341 11458
88 50 73330 92652
19 94 50744 96517
16 197 47990 8803
44 194 48085 14165
23 170 77921 66840
53 105 40394 75530
180 126 19162 92831
79 133 68923 40118
105 12 66967 55462
141 32 75850 79025
21 129 9874 30193
104 147 37850 27299
97 127 27264 40456
61 130 14207 7489
92 28 64067 91267
19 163 29185 13703
160 105 43670 65229
103 5 72619 43614
85 102 87467 57238
74 77 46268 75524
107 139 28422 51213
88 88 51749 54630
155 87 66222 70850
33 126 55442 9622
125 98 538 40217
122 35 66915 86282
72 45 55945 353
19 63 16139 67060
23 167 9078 23939
152 101 25945 32269
113 103 14227 32194
170 22 84785 77173
94 175 63879 5916
149 109 80571 26175
71 29 26619 75109
34 122 74941 15137
165 114 27376 78460
36 153 70261 1486
94 125 19006 45092
45 146 12584 61771
181 31 21441 5790
105 9 73579 18271
121 111 77434 64186
87 133 35875 83842
3 5 63880 94500
101 195 79887 86000
115 17 93567 26378
10 195 61053 20401
186 115 49831 7541
180 120 12816 52253
46 162 86526 96841
18 9 92531 46893
67 80 50553 86301
2 44 80886 33587
79 58 57603 99364
122 64 24630 90109
27 90 16885 6124
104 57 98378 6407
159 39 31209 43520
132 94 12122 74073
37 90 51601 40070
3 180 44122 17593
106 176 22389 38170
140 82 4611 65476
146 101 58087 43710
172 68 82311 13962
27 109 15753 97359
108 99 40954 7793
111 171 29065 16952
136 186 15603 64772
141 85 67698 84238
192 8 64701 4226
103 107 62548 65141
153 3 9416 53395
67 93 68383 17142
59 1 88535 62071
75 45 73489 5805
170 6 81620 46290
143 175 17672 91146
111 67 25187 59509
8 53 51946 3278
182 4 90013 44913
117 191 47375 51733
136 39 59528 37745
168 77 20405 55072
144 90 29909 80929
128 158 46408 89582
64 51 65343 72815
127 99 78879 10209
99 151 57236 31547
35 186 43901 93476
91 22 14147 90875
151 118 20796 91689
99 43 58911 26701
65 155 71926 81324
91 183 20053 91854
147 116 2472 74912
49 189 31966 20867
100 79 89630 26162
180 189 38918 78825
199 165 94888 97776
177 148 12532 47268
41 109 98476 97870
65 152 85489 25447
173 129 47424 45035
111 126 7560 12204
177 181 98925 27371
164 45 40534 82102
48 101 37389 73207
164 42 69436 89508
128 110 20173 47813
64 45 62468 87736
196 9 2791 65744
133 105 82367 43419
49 93 65896 90514
106 62 66495 26048
146 188 98940 20542
76 104 78066 20054
191 59 25043 98039
171 183 48579 23944
128 13 7367 79757
35 198 71417 97164
20 159 7421 57672
70 175 74509 20641
166 139 18568 12354
31 172 23612 69064
140 78 86460 45620
199 53 24306 81992
33 108 45200 38196
74 15 97842 21572
147 74 32627 3131
193 152 31341 66489
99 49 34739 96887
23 86 91353 64152
178 71 684 62890
174 104 41431 81596
96 15 6630 28756
73 57 87284 37557
173 14 11410 40417
146 131 13269 26978
58 126 63453 74384
11 183 39563 31076
190 190 8942 27741
15 55 50544 6552
20 102 71184 87159
97 167 77977 76525
162 140 24990 38200
105 141 37348 85964
170 100 87804 34240
92 135 72756 78834
50 65 11771 62873
50 123 68534 83270
197 120 69397 99437
40 111 16120 4866
98 60 17969 3152
14 17 72222 20183
155 8 37868 65221
65 45 19037 76198
85 51 57285 79196
144 188 70125 24182
4 165 66029 85470
8 25 64151 55453
182 165 51124 50518
90 189 21667 45707
181 77 48590 5005
66 146 95028 64424
40 42 85894 15731
128 97 22093 69793
104 22 3212 97232
137 78 65636 92668
5 128 95270 93122
149 153 33470 78620
41 145 63113 36462
104 141 83993 88933
113 54 98902 81200
106 131 83009 24746
81 187 18361 41135
33 38 80887 27556
175 4 75631 54418
45 6 83699 73447
142 100 73325 59560
185 95 45623 58185
194 17 89902 67589
151 33 98950 75377
72 107 90526 52215
42 168 46357 82303
189 130 69209 57876
4 44 59731 31474
116 47 33328 63508
192 8 92212 50666
51 176 4590 79066
102 84 30096 93179
132 143 65847 21473
12 69 7644 42920
94 26 82424 32766
17 58 34770 21526
11 138 6056 27171
2 143 19600 47572
178 126 19002 94683
175 91 82861 23914
37 39 66085 54278
125 68 53404 35189
26 195 52789 44268
84 8 28764 83398
132 76 20526 13547
105 196 17956 72325
153 8 34934 46646
51 31 33307 61426
84 154 26690 27764
103 198 73276 31046
74 21 46022 32142
70 88 42646 79712
199 78 50739 77627
20 64 7334 45549
40 17 75238 83147
81 112 92654 95639
88 64 6752 47496
2 18 11285 33632
13 138 39965 69114
46 119 38410 35992
122 143 52809 77911
139 75 64661 22056
125 127 75841 4412
185 173 89632 36180
185 194 35240 38398
180 89 96819 98844
35 127 68949 9842
85 192 87034 8259
95 120 39092 33775
191 188 75355 91848
146 26 40904 49397
92 119 21567 22951
95 184 68709 92902
103 139 15030 78336
157 87 42129 10613
129 161 6767 19805
69 9 41508 8157
7 28 78570 1073
158 155 61732 68127
24 189 58221 57553
163 121 22499 41188
2 159 41189 31649
146 32 18163 95801
92 114 51333 45683
77 121 77194 90623
19 122 82269 16254
42 170 14443 6278
152 88 40040 84752
148 46 31050 40621
46 6 47266 93865
122 90 73287 84159
22 172 59126 9341
173 184 88620 9137
36 191 77180 34915
93 6 27577 22154
137 15 4750 33295
99 142 94636 17135
73 135 74477 12414
126 6 57131 67504
37 119 22425 12450
168 79 8560 55034
193 195 36174 80997
95 16 92677 84407
53 75 79818 63082
183 114 26311 94301
62 139 21695 19176
116 108 55011 59812
195 106 75073 27430
187 198 98915 15688
138 117 23855 39127
153 135 65587 86037
107 99 13391 92415
88 146 80126 61997
122 1 16412 3787
143 139 85849 26521
119 150 88182 37435
144 116 96557 93000
48 182 85379 45258
153 148 61539 54656
107 56 8533 40308
54 5 13090 62682
135 10 84060 86139
68 155 45999 59616
106 66 92452 3583
142 26 17165 33183
42 5 5811 44805
41 87 83742 38026
102 42 75712 34409
10 107 34261 60338
20 85 87846 44686
149 134 92011 72628
19 103 32069 83743
165 167 33583 48455
104 43 75419 97464
113 167 58532 97714
139 56 40119 60487
67 117 42755 68201
97 11 47266 98904
89 129 81639 37027
26 172 15027 13133
22 196 31697 21076
26 175 84803 38824
152 84 52873 36786
106 59 38268 16602
161 115 27933 13298
159 4 9701 74180
48 47 34741 53180
200 122 32892 49072
104 153 16716 76037
65 122 56842 63981
158 55 82398 63522
60 114 75067 97594
77 164 44759 5208
165 79 6847 8394
139 142 61401 94273
11 97 31122 8103
27 189 69322 71673
52 195 146 352
155 72 41058 30788
24 150 51483 28758
54 177 36697 88375
147 53 26268 91491
193 150 23175 92950
173 72 87890 75714
56 41 15692 1962
52 11 56837 60743
152 14 38141 4248
94 190 96332 18756
52 114 6784 81400
138 5 5923 94406
162 56 84366 32909
166 192 80735 22937
142 28 2480 44091
32 50 65792 19095
76 42 18501 67398
103 163 10398 18721
151 118 37446 60505
41 80 46958 86203
151 196 15971 85232
141 64 59986 9436
93 119 37368 20040
200 55 10519 91743
143 164 43434 13188
186 93 10128 71580
16 13 22033 51586
96 126 67715 73850
119 185 97459 76972
82 129 78465 44625
133 161 69 25249
28 107 7739 18701
154 3 24819 15112
47 67 37022 86287
167 8 6736 37273
47 118 33211 67990
10 24 1074 44071
45 26 56390 92604
175 155 65741 38346
29 181 88988 92606
196 167 95726 37784
95 78 10635 2383
74 159 200 55734
175 32 88608 92996
121 192 40522 42230
127 60 82310 31813
18 180 29429 44695
50 86 8842 30940
45 145 45485 15671
41 77 99635 60636
163 73 17605 19845
127 77 68280 44340
171 122 59890 99637
55 103 40078 37875
79 101 61531 31256
43 197 69290 59414
93 177 20395 18663
197 153 79520 46163
145 103 51539 84612
56 29 79974 16295
128 157 67082 10335
93 90 39091 31394
197 198 47143 45061
129 187 6056 12864
189 14 67176 31172
83 25 55719 38168
84 152 41658 57679
185 159 3355 87481
152 194 92060 86090
114 157 17028 70440
28 62 41890 32418
131 64 50564 99589
100 193 3741 58600
20 78 56142 78237
133 141 44995 81998
106 172 37701 34006
84 177 83699 5770
53 106 37766 90939
52 174 14256 23158
41 131 16183 458
11 65 33854 47219
95 95 21695 99110
163 38 79350 48616
179 107 68410 36270
123 97 30125 81350
86 102 59886 31029
166 189 98141 9043
60 92 67094 44210
97 167 36229 18641
4 125 72427 79527
63 58 39317 95153
5 101 66636 41999
86 131 59633 64535
125 12 12807 96412
185 52 84683 38673
50 117 52761 5176
150 11 28779 67116
76 152 28773 4344
143 33 67719 82557
151 90 98843 87341
172 134 13175 37631
19 65 45966 93194
149 186 94455 74692
118 107 40032 15006
82 132 92308 86101
78 55 97207 88435
69 149 56894 31692
89 73 78477 98353
173 115 59833 45171
120 160 53551 98498
147 96 48538 3904
133 65 30545 13555
94 74 7053 51874
179 147 74691 7589
89 99 94539 57236
92 50 986 33649
65 193 73872 39959
146 191 47730 15486
122 37 27844 27675
41 21 16432 1963
137 38 78494 59175
17 107 65707 68766
73 198 48214 96096
39 190 50676 65830
177 41 15466 86193
123 54 95239 43667
2 115 34203 13175
153 175 69620 2203
51 200 61873 7498
170 112 87647 92664
79 139 26207 44117
42 189 30361 40475
156 179 28040 53447
10 111 72171 5974
108 79 79905 78509
118 24 33254 34703
61 87 2117 82027
149 73 5298 30149
115 69 60823 96031
54 79 23593 64418
106 142 4582 5397
39 151 6248 97093
71 35 18687 28253
86 200 68288 83764
46 44 29264 46688
35 63 7451 42707
43 178 81800 48689
26 186 87641 90937
180 114 34488 41487
11 1 23320 53848
83 199 50592 87611
115 62 58854 34123
102 63 42384 89735
115 194 8002 46936
113 10 86283 62935
150 9 92322 10948
121 128 85211 94851
61 18 34890 1349
184 170 69902 32689
197 106 57237 61456
150 151 2792 12688
109 1 30423 31466
60 22 78990 3195
19 106 24372 12135
57 168 94949 60445
62 125 44517 14020
39 165 743 85147
91 94 82309 11020
125 164 3053 8961
10 61 74276 67927
141 22 54611 83441
127 69 14323 52881
101 97 72192 35380
124 176 68461 56992
127 48 50147 10501
29 48 38590 66213
19 111 58180 96151
177 141 16898 86975
195 97 24497 73523
77 27 41788 75726
188 164 66385 32216
193 27 39696 81189
153 98 68229 60697
179 96 88037 58215
177 144 73581 16242
42 114 97038 91987
118 152 77058 91881
34 68 50757 14336
6 97 89882 25698
53 63 13405 76237
68 43 99599 31709
78 159 50906 44573
62 134 26804 54420
5 115 36150 46769
158 106 84846 3597
40 183 82952 17144
59 7 47375 46451
86 36 8758 40050
48 164 80843 46813
100 28 79427 14307
58 2 37107 66633
171 113 66626 34415
116 64 69266 70218
70 93 67711 4828
12 54 31003 88648
150 65 95757 55314
53 53 970 49082
56 24 6445 46961
133 147 96890 90107
179 75 62206 9061
79 10 50942 86234
68 53 85583 81232
8 183 97854 23506
36 199 80946 85815
100 85 81774 62618
23 35 28635 90671
48 122 86026 44609
173 66 91109 95937
23 143 18480 69368
51 184 93863 69266
48 50 99071 54141
41 53 12370 11511
20 21 32700 68722
123 12 92675 97003
74 190 68495 28692
34 118 68901 3428
173 80 54361 96839
2 70 55943 52933
19 198 20400 21166
60 76 94290 83064
133 165 2225 17835
171 76 87999 4662
12 136 21061 98946
177 62 55994 47249
176 84 18565 62582
178 62 163 18473
25 148 15689 70174
29 147 76920 43396
16 108 20916 31886
192 74 42879 49446
108 24 41770 76524
155 195 21051 77178
200 171 8189 39510
65 145 33885 42416
26 107 4307 90923
85 179 10894 37580
60 186 89891 1692
145 127 31015 50142
133 165 45465 85658
190 12 69131 6098
198 71 61591 7795
129 134 27080 83261
135 28 43002 91376
170 84 77240 66368
177 56 32510 47805
126 147 95754 15396
108 56 66986 4152
108 106 32 2741
9 94 79801 76010
66 77 59445 39968
151 15 99756 29691
95 5 27727 1607
136 54 64773 99538
199 149 71591 77163
75 8 53739 78890
172 4 3784 11753
25 168 87094 60748
42 56 59522 4151
58 19 58190 57692
137 119 67495 90562
120 131 70903 34327
101 45 12374 67079
97 46 29233 51148
47 131 61409 34290
127 70 54296 44105
27 181 28061 43778
161 9 99997 68313
50 65 18064 75695
169 120 81311 53057
103 117 11267 67364
86 81 10997 63870
68 47 95359 66946
146 191 67726 77966
196 132 80208 96161
187 168 13213 2969
153 20 38906 40780
44 140 55822 52314
182 106 43143 43343
146 170 43719 33776
139 7 15454 63519
34 173 69706 43745
158 86 7190 85669
144 160 11612 97198
134 55 79805 48378
87 88 75170 81399
112 158 23688 49604
198 153 54081 26949
69 100 4904 67799
63 5 90172 36012
160 187 18957 90001
65 171 48970 97043
154 75 65054 87497
133 11 62686 96014
143 49 19598 68300
50 53 94576 13649
1 181 80411 58681
26 193 33879 52501
82 42 79185 42473
133 159 89437 86543
76 120 42192 91130
131 142 61290 89880
27 51 80412 24657
92 7 33026 46305
151 171 43755 72295
34 25 96443 64518
12 91 80487 18104
20 140 11820 27738
164 157 99078 75553
187 57 37496 72497
50 107 8982 83000
110 70 24245 13198
135 53 84368 17002
152 5 14332 1132
7 144 21693 2956
182 75 2288 93028
123 154 76018 12375
92 19 19295 61246
102 121 5248 22349
135 43 72633 6212
42 148 28977 35463
163 84 45543 83001
90 102 47636 977
164 140 91403 70867
56 49 32946 72842
190 5 94393 53183
47 198 74731 56856
120 13 70367 75097
127 39 36065 38044
171 30 788 8510
158 40 26922 30545
61 62 50909 82093
139 39 9742 71894
146 6 46266 11895
43 10 80668 77453
40 13 59936 52708
150 175 25898 94507
168 60 78389 96712
73 92 49915 61010
90 49 23436 81400
117 191 76789 37059
111 31 34366 24620
60 92 2552 53516
119 58 87620 49388
176 140 75504 53237
131 142 25105 32405
174 194 32068 68078
153 127 23119 48722
4 134 33090 61698
54 71 85096 36884
33 13 89318 65020
37 149 51853 20125
4 77 43214 96647
123 123 34840 94711
162 147 52533 39484
109 133 49067 8236
187 167 54393 26737
197 31 50473 22719
3 140 11125 5197
195 166 68707 61728
3 3 8806 26677
128 100 91879 72670
47 87 78945 32112
131 190 87834 23292
151 152 40290 49753
86 135 98475 22801
145 106 16058 19526
144 4 97145 49859
11 61 54040 85268
115 152 65060 39108
172 45 17914 41347
181 136 65028 49892
122 17 37153 87185
16 150 8196 76061
139 111 42620 9003
156 144 14324 29802
6 196 35679 1826
75 176 64175 16954
185 118 76602 28864
10 123 36421 86146
91 156 14447 38415
172 164 1188 1130
65 50 60150 40185
192 145 69066 60995
131 183 14765 17829
16 147 27937 71552
102 137 63892 24361
18 88 80138 84634
58 94 67483 18641
121 147 67062 13212
76 155 80838 72922
27 184 66395 54038
171 167 34226 71351
34 26 41182 66168
44 199 47184 56222
94 15 44487 26314
24 90 49729 3301
119 48 49445 12332
195 187 10400 67560
93 20 47097 73419
77 188 55135 21982
178 189 85667 82697
3 31 60294 92415
181 135 13676 35966
188 101 59595 37023
175 134 51783 22074
46 74 58670 91230
111 62 45800 22516
1 85 83398 11434
151 91 78370 69003
1 194 63477 14482
103 1 70926 93306
95 50 2903 39786
152 187 50740 10792
190 143 63895 2424
184 166 48325 30976
104 131 25804 30680
42 108 75839 5667
72 16 4708 75750
45 76 40958 62081
15 159 83747 20959
98 39 86028 89036
26 187 81862 99671
200 3 55037 62373
113 165 29863 63542
58 162 67549 36402
79 120 96656 35015
5 105 28146 49331
166 148 77478 13314
13 35 56244 77888
154 197 3613 65633
8 198 20816 50512
92 188 66601 54025
127 122 32984 19586
127 131 70092 18864
106 87 89806 10598
196 138 91701 6450
122 39 1136 84169
111 62 81236 79595
134 118 11380 62478
41 71 65085 41906
65 111 41354 43070
118 72 751 73613
153 199 87765 71518
23 113 69094 97341
96 194 35670 12887
72 174 26433 67127
133 84 28450 70571
65 15 31285 76115
105 63 29608 88614
199 32 71248 20117
108 1 63867 9367
169 192 76423 89149
64 60 51287 44439
13 52 31243 11723
170 63 79786 54575
3 155 55641 80964
70 130 31610 695
111 130 91624 83100
82 36 25418 28285
26 24 18025 19704
40 183 83898 97386
15 185 23088 98871
71 8 99174 62759
199 188 87162 74477
65 145 92700 43489
104 23 39702 47353
12 129 53672 3224
88 24 31324 82876
58 184 20243 16198
61 156 97204 64665
179 182 9305 92054
102 82 70445 62154
184 124 51155 78144
97 94 37484 19258
112 87 26082 82171
189 41 48396 12637
6 106 42444 60509
71 54 64160 99200
191 170 88515 64718
191 100 38380 72710
109 66 17689 7540
10 128 32654 75544
192 135 73481 33058
128 154 96602 67020
122 3 56389 8677
165 94 63285 36087
153 68 62469 46632
155 3 76743 74798
72 84 24613 72477
68 77 13118 5125
12 8 60573 3646
10 44 37332 91927
200 147 57866 77208
40 61 58005 81188
171 155 28991 90860
80 22 74502 21226
159 41 9143 86315
198 188 71159 69398
115 131 59808 34939
9 55 37769 16049
56 27 8877 18733
23 34 78148 61174
165 128 37059 72398
128 150 57123 57435
44 50 11523 36756
64 110 85538 38271
101 72 47430 67508
104 130 61549 40687
184 11 82470 68497
147 30 82949 82787
77 130 30012 22174
27 146 96259 90047
86 70 23018 48663
67 122 62624 42100
154 182 80798 82391
172 46 1914 85849
74 18 77457 23936
179 161 93984 4691
37 122 82554 15108
175 171 74017 85092
166 78 94986 6444
110 105 56144 27663
147 197 7756 27189
199 42 94519 37575
165 49 12274 95785
191 106 62881 76540
93 79 15843 28628
142 49 4085 4654
147 34 3758 62691
1 139 30469 14412
71 166 41276 85286
104 95 95944 90961
114 87 85551 3108
159 10 18332 98328
43 58 68084 25282
31 35 22923 52331
149 145 9592 24208
180 63 72502 43375
102 89 83039 52673
143 44 55163 55153
168 197 48035 17637
28 48 40850 93622
113 35 67153 88915
51 154 93995 91402
77 131 53706 18367
64 157 36696 37742
8 181 76195 14720
77 26 29359 49720
191 195 34173 5526
77 165 73374 75578
174 97 51452 49015
113 157 36186 11781
89 170 94915 12502
132 62 59936 44900
38 171 13595 41942
169 113 2632 69944
135 176 76751 54423
26 200 50440 52477
155 116 54238 89913
97 101 38567 51257
164 11 52483 28811
73 186 26666 14273
96 139 67088 80233
115 8 77992 81829
105 20 32617 46620
196 162 37786 97888
135 46 37354 87168
155 169 6070 77477
99 129 76702 28594
142 168 38324 449
172 180 90651 14363
20 111 36970 85315
92 120 48366 90356
42 155 43272 84149
82 188 93520 6386
40 82 95521 70965
80 106 83457 98980
195 81 44855 86662
76 102 37280 55968
123 160 98096 60428
73 188 5542 42179
124 186 85601 89072
117 65 79672 43065
143 55 96434 34025
10 110 44088 84879
96 28 10503 39094
39 2 84323 61518
64 152 8177 8916
46 183 90491 60368
43 23 34021 44499
110 139 62222 21730
57 105 72424 35619
113 94 18077 52892
78 146 55232 85101
78 120 78416 52724
156 154 57895 29903
29 146 69538 25496
94 4 61738 56500
191 194 20598 14196
44 48 22651 34699
166 90 62229 35264
140 139 68997 2741
127 111 15111 61221
45 195 36196 40283
126 100 55981 89151
149 30 14147 14084
72 31 76324 36759
138 163 52383 51326
200 145 57970 98619
154 6 22068 11316
44 152 17248 41117
118 110 94897 60146
191 86 542 38587
80 136 82137 96736
184 162 49252 29928
11 163 77799 92612
31 124 23481 14751
129 147 70252 50089
37 163 35227 64129
196 89 80618 79979
170 192 76196 73897
32 88 67602 82966
47 50 12445 82609
197 95 86658 44412
196 138 83548 35445
8 131 69827 29814
136 14 5081 70131
1 164 95392 13910
159 121 79537 64822
148 150 22416 16467
133 176 33112 35950
42 168 2728 20918
118 84 89741 55690
71 86 2457 47910
56 92 22309 41313
28 161 58925 20
172 194 96028 7228
45 187 65740 55787
67 131 88712 70363
58 125 84155 42897
173 105 42523 75850
103 11 70783 20838
98 67 16559 54875
142 5 7387 68768
147 10 33779 67442
73 31 47630 46188
128 28 45829 2708
59 143 25691 56233
90 162 42734 83164
191 35 52805 48799
183 124 40805 71035
141 123 5699 58315
107 90 33488 8186
91 73 41234 55704
148 90 42160 90261
31 30 24346 842
84 63 67859 57464
191 86 80913 56762
88 126 30238 30623
163 168 89695 17994
93 33 38452 37256
120 145 64506 64457
144 94 42135 26390
61 25 34388 8311
91 199 67264 62902
96 59 75386 77557
109 26 26980 10206
48 135 44483 85545
200 152 65483 46824
90 73 37833 11068
155 96 19412 4714
142 33 33465 13410
167 43 33521 68932
137 10 54604 35243
188 87 46539 7786
138 110 85182 92689
12 14 73213 39824
64 47 66272 87067
37 167 94768 87705
1 93 96737 4294
153 50 23751 94926
10 36 68713 10765
31 22 16628 42232
179 13 31796 19897
194 132 61579 31812
178 27 90105 16055
134 163 5781 1778
134 142 77552 31094
144 125 78750 14404
155 25 2396 16573
189 94 71207 30967
155 197 75521 88987
136 2 70651 34954
169 70 89440 44979
111 21 92211 84250
77 115 94854 56870
21 155 87596 46535
141 200 19244 1140
39 16 15144 16931
48 150 1394 95826
80 167 41953 87135
44 31 47879 98187
119 93 80700 64749
135 181 82654 85303
118 109 44112 29979
79 18 52167 84000
4 180 31666 28022
84 119 16846 3664
186 188 49608 18967
179 199 17393 83583
127 83 72271 46371
11 107 2655 99930
158 138 37640 41933
82 198 73943 80239
132 97 67675 90558
87 25 77775 38341
101 40 70023 61763
22 94 36478 41657
158 5 30699 73775
186 126 14593 67842
146 11 97970 3524
60 61 7476 5627
191 24 272 88689
183 179 65683 86428
25 84 93552 69064
190 3 10426 50891
188 62 16452 79248
170 102 81052 24580
44 8 37467 13646
135 159 7510 39189
198 168 92623 67094
174 166 87674 70113
46 23 52397 14778
3 143 37764 11860
81 132 89874 104
181 34 7019 77538
131 128 75077 61289
163 11 32233 59251
128 154 1046 86235
91 97 78046 12805
5 50 33043 36619
147 33 36801 8625
86 16 3751 64068
171 83 77956 9665
7 52 79291 94691
30 66 49439 85258
174 85 52392 84776
7 53 91217 69612
61 69 44920 6633
152 122 22181 85920
138 57 79006 14068
162 112 19159 79567
161 43 28653 22258
2 107 59096 21604
78 18 47025 21882
96 178 11607 11817
94 199 69692 23368
145 58 69326 30114
93 119 94360 36460
148 82 24387 12618
96 78 10959 51593
7 14 23256 96342
74 120 43090 28625
1 15 87465 18558
168 144 53461 30641
158 56 88549 96569
160 148 61320 26788
25 120 67466 29880
172 20 4208 68236
11 5 66915 7094
50 144 28151 7095
103 173 27294 67299
140 57 25236 53588
96 196 66756 19491
66 102 65489 87458
55 83 44246 82961
37 110 57160 87328
120 54 39396 17930
140 26 31934 74846
20 195 38771 64902
146 138 90019 2573
126 23 44435 21522
27 189 10356 90472
176 131 36070 53087
188 108 46238 40737
173 9 2564 34143
170 181 72658 4183
135 122 87008 90659
112 3 18938 71510
161 81 79296 66786
12 34 59398 1432
91 119 19554 59062
112 21 36894 46442
147 47 50629 80828
20 10 23639 59204
8 25 53645 71885
184 18 82254 44261
175 49 55676 46862
140 12 22268 12303
177 136 48925 92660
146 74 35444 31381
121 144 24727 11097
152 192 60171 39445
32 177 43435 19725
193 98 25974 84390
18 200 78508 66932
187 12 72949 32691
9 5 25151 32953
17 2 56303 72241
111 75 65077 81817
184 24 53392 64243
134 82 80831 33205
92 137 88340 87835
42 78 31589 25273
146 138 75909 39788
3 111 65666 24344
133 30 97973 81226
38 80 76951 14522
155 154 5443 89386
146 43 79410 39600
183 183 22516 1270
165 154 54392 14048
32 109 56688 35972
143 141 35027 8713
62 125 95998 8059
20 1 38609 76798
186 109 30031 57666
141 60 72835 7238
61 166 40761 2931
45 68 48860 17369
109 198 78259 76961
182 80 10016 63738
21 176 94673 52528
19 75 12375 27773
156 65 29820 20167
54 71 14795 46755
67 91 53223 91219
178 125 48829 70276
1 52 88552 61451
143 143 21203 65159
81 14 9658 51874
131 41 52430 35935
161 151 54360 38925
61 73 46239 8779
67 121 43518 58770
90 197 19291 72013
45 176 83997 7740
155 115 81557 80434
131 160 59695 15399
19 1 75285 80432
49 39 18014 79229
107 101 43418 93182
76 29 79877 31579
151 19 38908 69748
136 50 31813 64778
80 12 77681 85989
49 110 68037 11102
19 91 85258 6270
93 88 75318 8888
175 184 10575 98760
134 74 88502 35993
96 160 12537 83469
19 41 43692 82905
16 145 61351 14392
133 15 37715 34376
67 112 32903 31865
180 171 93288 16012
113 53 16150 11008
130 94 91923 5697
166 19 86288 53374
60 61 59589 97590
3 163 319 93128
167 36 86033 54298
140 32 29558 92336
87 143 79469 85728
145 2 68373 55224
7 177 81595 63570
168 197 28952 99180
46 176 27136 14235
143 41 39423 99789
117 188 2151 37905
181 50 55666 82749
140 141 39431 33860
128 95 77636 4859
93 60 21864 77032
182 125 33788 44283
46 127 38045 45954
14 28 59951 22391
9 32 83041 55327
70 63 40934 47083
93 21 58944 20418
21 158 57266 82540
109 199 44431 34610
56 37 42771 68701
190 181 31681 62305
160 163 37378 86242
186 80 90423 10929
192 134 58786 63929
10 14 8933 13930
89 116 89043 12837
86 193 40718 80636
111 58 98663 99542
85 175 34336 8766
131 191 50663 96088
9 123 68126 19827
65 96 4796 25867
81 40 70033 12430
98 164 9977 76056
48 59 44351 37797
34 54 82894 6504
99 40 35814 26299
177 152 35134 13835
29 137 66989 39563
116 140 14496 11477
148 101 42219 1860
186 187 23911 69190
171 100 8697 67045
49 153 89306 57237
48 14 17626 94929
89 85 86351 87587
78 179 23854 6821
102 195 97629 91688
139 42 52118 69351
25 180 80944 81496
184 61 39670 65259
53 178 98245 29023
5 121 52626 68082
156 31 28858 54918
181 25 56505 40695
153 189 70771 35359
132 98 98191 23507
157 61 21208 50260
102 109 89538 48644
109 26 12093 52223
194 66 65292 13815
73 93 29122 73051
112 194 2053 53707
36 177 8838 90838
65 146 28623 5723
96 86 54653 1019
94 157 1574 22584
18 184 97596 20033
157 41 60037 69183
104 176 21980 20996
34 159 13454 12535
120 152 88403 95270
57 85 65817 15806
26 8 76646 32923
79 133 40843 29448
50 45 4420 30916
160 45 39189 70806
49 47 43888 53224
24 71 80426 2989
44 137 9380 86413
149 25 5526 85404
129 11 47995 23476
33 116 18572 55968
47 33 55609 20387
186 167 87093 20732
181 43 90346 84068
188 3 14122 9812
48 53 4276 85537
100 126 39048 59593
63 182 18122 53830
84 99 68341 61738
152 99 68582 40342
172 6 7561 78347
171 131 94388 52232
45 171 54742 71696
180 123 63212 4980
158 166 35291 51611
20 34 93051 20217
145 25 6140 70199
46 100 90836 58019
141 83 59585 3987
132 176 73407 83326
67 142 73068 60980
153 132 71917 58952
187 134 30471 27702
126 86 3167 70105
151 151 49531 56833
144 19 28232 89459
69 62 39746 29577
6 10 72685 97607
151 132 70603 19041
54 31 70199 37275
44 40 48267 73375
47 83 7973 86994
22 52 7696 61104
166 145 74732 24869
52 190 34168 96240
147 64 33440 41822
176 38 76946 58783
35 109 81137 93562
64 172 75464 21948
118 40 10349 72162
199 49 27040 41524
137 125 73576 37061
107 67 76844 10602
139 35 45767 88485
174 44 31749 55350
89 46 22838 69561
143 170 66530 51895
76 70 73853 91836
73 150 56907 54929
79 112 9177 34348
1 38 58372 44432
4 50 68483 58759
34 109 46092 53537
143 25 43958 94979
58 121 25439 62388
96 117 94679 65910
92 106 13303 35312
91 185 65090 21716
126 199 57808 62414
104 70 70578 49580
195 146 8003 37221
61 95 32595 16239
8 193 39837 33809
122 92 88562 14713
89 22 7168 3271
138 161 59712 1543
155 61 66671 94114
199 22 15692 28118
81 51 32970 29798
76 135 36896 21381
146 107 34355 24624
98 36 83654 75118
183 49 90337 62301
54 184 62937 7219
183 17 50297 97206
119 67 57175 35783
173 199 42094 77557
27 26 69615 10609
142 31 79943 79907
145 92 92493 86868
46 187 63962 56178
46 69 45095 69380
26 11 21040 78492
2 93 7441 18321
70 14 84848 4998
18 79 8497 47631
22 180 74219 97460
14 133 85385 84452
70 22 26213 32507
154 57 37844 75788
85 98 36069 73459
119 91 24150 31084
124 105 32684 40907
194 71 28188 337
129 155 15406 60965
129 166 35288 25828
136 16 99328 54478
123 195 31862 19441
47 86 43375 88643
79 150 71870 63116
39 96 90876 95084
65 178 71960 35968
96 3 60119 66995
83 96 27483 95673
139 185 75097 14305
168 156 69755 36116
88 64 1219 56787
57 125 70943 67454
8 90 53671 39533
186 143 27176 25124
106 53 27510 74136
171 27 29377 53276
200 26 19001 77968
73 115 52531 54455
1 72 84829 5540
69 169 14233 41142
142 112 35793 7182
170 7 40812 3839
31 152 35217 32801
25 62 96053 59507
190 51 74003 93518
159 81 89785 83861
64 61 51371 79350
131 1 82038 61587
74 161 71492 40506
11 41 20408 93084
160 197 67697 42197
150 169 10795 59423
165 187 93812 17923
49 126 57002 48529
16 168 87985 8179
132 174 21425 47076
18 126 34385 38845
164 118 58284 87605
35 28 59222 85298
81 117 90557 51972
37 179 42028 29620
71 153 74478 66499
6 112 27221 97257
95 103 90971 62337
16 175 9162 53106
93 77 47357 77086
123 108 18746 53826
130 138 20531 92068
71 186 19733 71122
122 66 32687 67413
76 126 22022 71944
181 5 91146 67300
156 123 71163 33808
63 87 20184 98961
5 142 48611 31694
106 200 45154 99668
50 49 92692 80549
1 171 91742 13748
185 194 36166 8285
116 64 15856 48742
149 170 49263 39263
41 84 93333 89527
51 57 87592 75763
192 197 98857 56514
78 191 80489 82329
44 65 97379 39083
46 147 84901 691
38 191 34164 27637
91 165 72843 81701
100 35 51230 76938
116 158 27084 59021
172 196 78394 81039
12 53 1426 33686
91 87 53668 85918
57 65 92409 33368
147 67 99520 72552
166 172 44779 95260
46 140 15021 37804
176 132 46024 92049
134 91 54657 45327
195 154 71226 90326
119 67 39592 69980
140 45 62485 52239
81 35 24996 96769
79 71 22205 6780
57 200 52551 56454
96 20 85099 54049
135 10 78306 24207
123 135 58841 85048
39 37 38945 95663
31 167 29137 29720
186 176 26327 15683
116 20 54859 90266
181 79 59037 7914
155 5 74762 39959
102 115 59820 14131
13 148 73372 44495
36 30 16155 2985
56 158 58397 24937
6 65 68521 67346
56 102 15697 96765
200 40 4269 47634
89 192 28970 94023
100 163 41588 56897
200 160 76881 74989
157 174 79803 26704
161 27 55244 34914
187 143 32556 43178
128 139 35801 51733
36 12 2655 47116
155 165 46632 11545
127 180 40810 80225
140 156 70196 6329
194 164 54442 91100
178 102 56737 58003
51 154 68117 59531
46 107 48987 76005
144 59 41807 61160
24 123 56697 6378
121 190 83552 64601
178 135 53792 10373
171 96 14792 81479
89 53 96326 56591
117 1 55760 58663
113 199 48172 23821
53 140 1475 97357
160 83 38333 40716
90 17 9480 15212
104 114 68311 74039
17 164 15208 36029
168 75 59751 74072
146 93 89182 65705
186 87 14975 64337
58 47 65478 90080
44 108 8398 58054
41 180 45976 46393
105 157 64189 38455
195 157 13065 5605
70 38 66127 5855
129 165 95395 97103
104 26 6687 39293
191 141 92001 6183
75 79 44067 54108
54 135 96079 97760
178 143 38699 72187
73 70 21194 71817
76 31 33962 35571
66 90 76595 44702
195 89 50088 76990
188 110 57208 89127
141 92 21635 46905
145 3 92788 38074
181 200 7904 36457
156 125 39017 49596
113 157 62294 40596
189 35 73877 50481
43 27 60094 23446
90 113 1031 44522
51 26 42165 66103
66 200 57491 89911
121 9 46865 96196
51 178 36089 71909
165 169 36371 30174
3 169 5571 41090
81 145 31424 732
136 71 14897 25668
163 105 83463 50078
106 45 70088 10979
126 130 14415 75780
166 118 89100 57928
105 2 62452 38831
115 59 41711 74689
196 27 14995 10704
7 71 46678 42813
24 10 5637 50459
25 187 37876 8832
109 2 17377 48346
118 65 85022 455
19 73 98850 49155
70 106 44672 22554
29 104 58004 80851
149 34 96294 94445
135 29 52877 12017
181 9 67169 28378
5 154 90276 60023
121 138 47944 30491
85 181 10297 55381
10 6 83591 30235
74 128 92137 50547
116 112 54662 76920
114 137 42089 12684
176 160 21137 14429
135 58 11269 81131
130 90 6360 37001
135 143 31475 46678
89 158 46632 4215
77 197 34102 74258
28 56 29608 74497
200 191 77627 84865
9 151 12203 40550
169 169 72171 8992
166 104 81572 64625
48 23 91512 6638
59 91 54357 13559
174 124 34539 93647
75 82 30385 88456
121 30 87519 98398
185 31 3715 19799
37 159 44072 59133
55 29 36177 27520
128 132 35207 90864
6 100 50074 53855
115 40 45160 79037
187 176 68667 30204
22 39 97252 69243
111 8 92156 93529
18 149 44784 58171
28 49 70649 51954
63 199 66593 92092
60 146 45023 6162
142 54 43665 50940
60 15 52348 15192
134 58 85659 50300
163 161 80444 62643
145 43 90321 58484
150 43 14528 14787
62 71 25726 22962
149 156 20743 3714
46 97 13956 29019
28 82 76981 61424
9 70 68314 39169
157 99 21555 83997
137 192 4560 39277
187 59 39269 74035
188 5 15586 57282
135 155 4791 36051
140 143 42419 54434
93 23 25114 32550
152 43 43383 72850
110 197 13532 92451
98 165 33024 47506
13 74 98562 32704
153 112 22391 64200
156 135 92397 15597
191 184 29398 45673
31 14 97395 23300
90 163 80295 16297
141 128 9081 11764
157 41 27065 48223
4 136 24088 38162
62 81 99757 27207
115 151 30281 2917
183 62 95190 81464
16 136 87431 70664
31 91 5068 3842
138 99 90744 21757
57 157 47549 65060
102 84 26413 71063
34 56 16421 44293
157 60 81665 2111
21 166 72392 70545
130 29 17883 4451
8 46 38794 81638
198 15 84188 89410
30 24 44362 41393
158 31 80331 91598
109 188 64100 80151
89 149 67336 60008
31 2 81291 15274
20 36 34444 95615
4 90 97370 51613
80 148 83631 88796
28 107 43462 84130
153 49 3503 54613
183 86 21338 87698
127 139 87085 60074
191 58 70141 20045
175 165 45730 69305
123 135 67290 31084
184 65 10993 41911
156 86 23446 381
176 113 1743 51029
169 133 11 5884
55 149 11312 14022
133 38 56802 27062
113 122 24919 71917
157 110 57038 49174
47 70 20717 21525
37 152 7219 23377
84 127 31614 98101
34 2 88656 2927
26 164 11875 98802
40 92 37579 55141
29 144 44387 7154
115 191 37469 60138
140 164 59899 61820
152 186 58355 6096
173 132 53058 19619
99 76 8513 81321
199 167 23168 77762
16 191 963 36203
184 138 51252 12710
60 73 8745 56329
71 179 42678 62008
195 11 16860 62283
1 64 86961 96697
3 156 59818 69216
199 143 44114 68980
53 85 20579 47640
44 6 88039 70430
177 28 72815 68119
153 83 61298 67459
184 36 80387 36155
106 58 73072 80909
138 25 99976 34655
88 172 68385 81234
128 71 19127 12024
144 116 3022 25830
33 50 77751 76617
33 170 58113 64059
191 84 37010 11930
23 51 68783 8829
152 148 67217 90011
68 133 87927 8449
104 132 51235 67823
52 5 29659 82647
52 176 97823 2746
95 75 13278 47532
38 196 70273 48020
25 42 74298 94372
110 173 77930 89568
75 43 21411 65259
197 164 43563 31789
113 73 57564 91755
42 97 38208 57954
27 156 18497 10959
135 28 88847 64999
87 32 79966 94366
131 195 83915 6127
147 77 39726 88890
112 17 59607 40877
70 183 66094 94429
68 115 83878 29708
22 77 74581 38760
146 147 60724 36551
89 52 62975 88407
87 95 88446 95332
126 180 62850 18665
104 49 74463 96884
35 136 69743 46681
177 150 40578 74460
71 64 53348 76639
53 41 53767 37847
79 167 55901 15369
171 32 39004 18109
60 63 75697 38536
149 4 55345 82480
161 27 38953 67963
169 139 74958 65920
7 10 44986 26388
26 80 70266 47397
10 41 43195 30984
126 151 16943 7580
195 135 65929 66314
144 11 95617 94478
167 121 38483 65889
69 66 6832 88244
28 173 20274 80945
152 45 5039 671
137 1 55709 41380
120 75 77221 16184
117 36 14840 388
103 110 39897 10740
77 177 23962 5815
84 130 54275 47237
104 177 61290 12428
176 107 1683 67387
117 176 55982 30055
2 181 33291 2847
81 173 6212 39232
197 92 40986 3722
83 92 16956 40081
174 116 84733 45437
43 46 1020 61123
193 144 66410 88123
180 125 45614 43465
11 93 8693 42414
112 51 38319 43869
79 165 37829 29738
82 90 21347 84337
188 151 24376 75515
188 67 22713 29517
83 156 56240 85509
88 9 86065 33884
3 114 87045 29483
137 109 6297 78369
159 51 59493 13176
73 162 33382 27030
93 20 76232 71068
83 128 94913 50960
182 88 62626 65919
145 83 8528 84277
91 100 34056 25077
20 84 55886 71669
164 51 6362 39678
161 69 73117 45234
177 82 91872 23664
144 182 32446 9431
11 4 55541 60287
53 108 70455 90330
170 157 81547 22750
129 111 328 40355
143 24 29156 85902
81 98 95314 62479
144 50 70709 60061
91 181 70979 75746
145 47 37783 67697
86 4 15713 541
24 66 51482 8426
169 159 78928 76510
62 136 91210 22101
177 138 13790 3535
59 52 93441 70679
13 108 13885 86968
113 145 3694 48766
187 58 26958 47702
157 134 49125 46635
11 27 32943 21189
11 171 99319 56369
161 44 38183 87948
33 95 3496 65990
102 116 19118 70985
193 108 65492 31452
173 127 80324 17477
194 175 25786 91419
200 116 57243 75705
30 130 66870 79756
82 169 6427 32910
99 140 88671 51772
84 84 48264 28678
187 125 44609 67029
123 162 92302 22074
174 189 75965 75147
182 58 92542 85751
78 165 1589 74044
123 32 587 96693
176 26 18886 75449
193 29 49493 72287
15 39 8568 30435
125 148 3240 49461
98 193 92706 66669
7 116 37927 25355
3 3 35950 30099
140 18 37383 2945
104 178 5663 37588
196 30 97129 14437
52 72 46734 54302
36 36 22708 56289
76 83 36889 40160
163 187 9668 95750
37 29 30411 30507
158 143 96802 4573
75 131 31919 91785
198 200 82214 22100
121 160 81337 156
14 75 73107 73500
183 138 22500 72390
168 198 83053 80884
68 2 75358 51620
168 158 98022 70717
2 142 61274 11696
38 83 94630 71247
73 160 56841 8649
190 48 93863 16372
104 87 83445 17446
184 78 10639 45455
137 35 66931 32881
138 176 82825 77882
84 115 81448 99079
28 190 66428 58886
169 8 46058 98792
193 4 64404 44341
49 9 18098 22660
75 186 11734 59809
68 23 31206 12937
133 44 85364 60951
105 33 48134 54608
80 130 20037 87421
67 55 59207 87425
161 87 70829 7671
113 97 72696 26458
135 115 15928 72474
139 143 83767 50754
56 75 38681 58703
138 32 19163 43695
147 78 53238 82394
103 134 22869 75891
197 176 79136 49922
144 126 41024 76575
102 57 7522 28896
152 19 75576 61399
115 148 31030 3269
174 161 78694 9394
180 107 48081 99109
3 164 93984 79454
45 184 9296 80180
110 153 28682 85919
47 99 45276 83539
90 58 37532 83890
119 8 37338 19757
157 20 25006 68989
3 192 58264 55759
113 42 76604 71757
82 86 85515 42005
132 154 33378 32485
11 34 78251 29623
194 84 27382 94803
115 95 1917 2568
152 56 44338 8297
9 102 80666 92719
64 16 52741 39413
155 59 94065 4777
186 16 65651 72753
73 45 21609 99906
87 3 22983 98278
151 120 68901 78727
110 134 91761 98072
61 45 7454 96745
41 117 96132 28342
16 110 85561 89475
62 43 66207 77602
145 157 91594 15647
81 36 28439 340
147 156 57463 27872
167 134 61670 94330
23 20 50257 88432
82 89 75569 30953
18 80 52295 62649
178 93 67986 25050
179 153 48723 57298
40 154 90747 87429
160 42 17054 19886
147 47 95654 60071
200 163 25851 43798
13 61 74370 12026
120 41 82571 47923
133 131 25420 58205
96 186 88056 17915
117 107 75959 11014
181 51 25898 42027
195 153 41469 37291
95 11 77990 61661
10 177 35514 74521
114 32 4866 40859
80 144 91488 5715
119 71 93935 56452
15 31 46819 36545
170 22 31307 74645
174 45 10383 45616
84 196 84234 28375
104 196 6087 70213
65 21 81173 90457
26 98 96953 85664
9 193 17367 94693
190 143 62815 48907
128 156 70531 55906
133 131 98230 21294
112 150 6657 89356
47 191 73540 23260
4 82 62406 79705
163 177 48621 46889
60 200 33967 37496
123 43 58974 58956
190 157 25246 21981
174 34 37175 1796
194 103 92570 90880
7 121 43195 45846
35 180 23241 53807
171 78 16346 22842
42 139 15672 50927
173 178 87931 86906
125 192 65598 24958
188 195 15225 47488
114 154 37933 11186
9 59 78332 34435
198 150 37038 81934
83 185 62344 73036
155 123 18029 24003
60 13 64411 98863
75 29 47185 79088
84 101 36824 10631
160 197 13776 50030
196 93 12368 93523
70 125 32521 63748
18 25 14004 78173
37 31 69953 23634
185 27 51639 81197
18 165 24592 15571
24 25 93052 28617
157 160 94883 4749
64 126 85175 83983
162 4 65591 12881
80 142 41911 46716
34 40 37425 3358
107 149 91382 58725
2 200 81802 28196
23 119 96559 29287
96 173 31889 88418
30 111 83606 41393
123 17 8219 26903
30 2 64528 84015
58 125 41484 77293
66 154 50307 29763
9 197 31038 24897
49 118 88712 26921
178 25 48052 84961
28 151 83963 78154
104 29 40925 13162
179 11 7434 21566
187 31 54999 35825
159 139 98515 34477
193 53 39580 8732
127 175 92675 20728
33 142 28396 52302
117 63 65004 53070
129 167 98393 36548
191 129 84172 62352
143 198 81676 83048
1 176 31653 38528
145 128 19075 28726
160 121 42250 54754
168 116 44382 40554
70 46 14042 51916
54 159 71948 9215
19 197 44305 32847
45 65 55849 12728
96 192 21545 27894
58 117 32259 66532
180 172 18910 71106
52 35 5769 65046
17 117 17041 93792
8 167 22502 59021
166 38 3548 80448
54 73 63506 72499
196 124 7065 5807
27 180 55506 8206
100 162 98390 2072
31 122 68011 39480
5 139 81244 84734
190 180 1395 40082
56 94 50354 79231
129 125 91680 83812
46 163 99151 98673
52 174 81803 65187
86 169 42838 56527
16 129 12404 86897
139 193 33741 98388
32 193 5132 32413
34 82 15701 23421
102 158 64434 52239
173 46 43772 55579
69 59 81894 4321
61 89 61496 54013
23 145 70227 11103
2 175 80056 87601
7 60 28309 62736
130 76 66037 70960
5 75 57714 29799
58 92 57945 1641
151 122 70111 41362
198 67 68308 17146
173 154 76550 3288
106 28 99966 93685
154 5 66922 60543
163 60 18539 49012
143 45 27214 79387
68 6 18372 5469
105 20 81802 28804
123 31 21461 1994
184 107 17363 58428
43 81 37115 99831
17 117 52936 36386
66 138 56481 84629
91 99 87574 24957
59 171 5885 90680
12 72 96686 67675
83 156 13816 20023
51 21 50018 26767
62 173 10719 83688
77 116 53514 86075
97 156 60071 41841
58 174 3379 72869
103 188 41583 51992
119 135 60586 53663
79 34 14684 56190
35 111 44786 70485
162 33 63900 99330
148 153 34374 27012
167 85 26880 89539
122 198 2759 20588
97 73 69264 33331
10 193 65028 98100
29 107 64668 60144
66 58 40952 80998
31 132 46301 44023
121 149 6894 50063
172 171 7834 38469
69 170 4952 14983
184 57 83884 39919
173 29 3458 60010
39 196 13442 71347
47 77 31724 96268
110 127 59499 69793
81 119 35172 47649
193 46 81938 94703
51 187 38497 34246
132 21 77443 86704
1 27 7598 46062
37 8 1952 84864
83 145 464 8040
158 90 13304 90140
22 16 67134 64164
101 56 7274 22994
122 176 38408 23724
30 28 94414 30566
53 173 42331 11400
166 29 29612 98391
13 110 32630 3158
119 108 45776 73633
7 152 14871 1534
17 62 64534 5932
76 98 85482 77237
181 55 68914 71401
161 176 86946 9319
26 163 77422 62976
13 11 46503 56194
98 117 55011 47575
69 110 81234 57944
115 11 73983 73670
177 80 70746 72241
145 165 14039 74796
157 55 63241 88202
169 195 76799 71981
67 129 88609 17824
142 102 43866 84616
174 34 54611 37293
125 92 81389 54125
119 115 83855 63942
3 199 49375 54633
146 120 88328 97457
100 61 13786 60914
56 135 59454 48966
27 31 34712 60207
196 5 81518 31926
31 52 57116 94535
40 59 57133 63826
185 117 92882 84420
168 115 89401 64156
42 176 58268 28053
67 38 84335 49832
177 87 64183 5484
143 135 92901 75562
95 113 22973 17587
11 103 58424 38869
46 126 34289 20337
165 121 89740 11688
75 173 35821 77573
156 77 90007 1674
105 103 46833 56199
94 199 18189 93287
111 147 14242 2299
9 104 21810 16483
55 51 9656 20892
19 177 85232 40490
63 67 98539 35582
52 157 68804 92141
42 127 19642 88624
193 6 31001 92975
182 147 70927 92746
41 181 10299 93971
6 27 88717 60919
9 61 80114 78012
23 155 9581 21943
114 150 49524 78243
173 86 56713 39061
128 100 16337 70093
5 49 91557 63602
123 55 26301 93323
42 79 65875 74966
192 178 93062 66387
27 148 79451 3255
110 159 14558 96467
137 28 80378 85220
52 184 19611 17821
59 172 190 19290
39 45 96396 92153
196 142 9379 80167
119 170 81704 38793
129 143 23459 13344
41 16 23978 96875
158 115 2787 2250
188 98 47907 76986
144 189 14919 93297
110 136 19141 94575
50 1 50801 90657
86 141 79691 46794
75 116 13422 92280
114 26 55952 15160
12 88 21297 1319
64 83 9914 56095
149 115 34153 77338
159 79 26639 91295
110 159 13835 35524
85 131 67341 62954
128 194 30553 2875
169 189 85350 78372
132 141 95102 43244
176 75 96371 27093
144 151 51207 17078
147 91 24208 33217
168 33 5008 24205
117 107 66078 13613
104 50 6842 38759
119 1 64131 74780
69 82 27889 18270
125 9 69405 89185
91 49 81517 62687
168 52 86794 74287
198 55 54038 37099
181 5 16973 86875
140 11 67586 48295
179 28 31832 59504
191 103 14517 78215
46 54 53671 39023
102 72 17480 44214
25 9 22268 99594
66 40 66321 44664
117 194 71800 6883
91 14 89480 155
197 1 91479 91201
123 75 7725 69983
148 145 81228 53314
144 100 9259 15823
19 43 69058 11189
188 85 20639 42582
166 42 80874 72733
134 82 48281 21211
165 14 33604 6829
40 86 43979 60857
70 147 43911 7786
1 198 73454 56325
56 65 10646 82700
66 69 70501 7732
71 180 74605 39684
195 120 7655 83198
4 195 10301 2835
174 73 75473 75700
92 91 14901 49620
145 78 50693 2026
78 20 263 88520
190 89 77138 71446
80 105 95653 90647
60 80 12335 8342
177 74 11481 11161
174 92 98181 36322
198 178 7279 56768
137 67 41075 29251
32 51 14413 74449
72 120 10932 87825
10 16 83505 22366
97 65 30119 97879
13 40 82999 79095
175 174 35013 62986
5 136 11785 62369
120 142 2520 53031
131 199 89680 30469
38 123 16765 93931
148 42 65865 66067
24 91 82957 43883
79 87 86633 20097
33 40 12947 61200
136 60 81983 85180
126 95 1404 32386
161 40 80061 80430
138 74 12129 13891
150 78 39135 48818
19 127 34444 14561
79 71 40969 22115
125 121 20389 58156
48 79 48499 19817
140 133 63656 76871
145 13 13610 88784
75 196 69673 6797
176 117 20986 62041
178 189 94472 32003
117 184 93285 92232
9 34 27140 89766
35 152 13742 64829
1 80 60437 90032
140 159 55696 17408
170 130 22397 90763
91 87 66087 67991
11 173 20957 27665
106 177 86199 67027
40 42 31773 72104
131 72 89165 33460
197 177 35464 69378
73 13 22671 46298
198 131 70981 68437
158 11 25313 7618
88 93 4074 27890
189 74 99624 26052
47 26 81048 68690
136 62 31470 63233
40 144 4824 17059
176 80 16277 37931
55 104 83824 68693
114 113 33117 46476
96 112 5439 31594
150 92 52325 93104
120 82 98231 31532
152 115 83139 85706
163 116 37784 12912
81 95 4345 10064
53 200 52349 72000
166 187 66622 9813
76 76 6904 76577
142 87 76014 60073
34 153 4897 48055
21 87 4560 17544
13 150 29481 51238
61 27 55223 43641
97 92 70946 87586
154 151 9507 80798
187 177 7258 2445
52 106 71621 36039
117 200 84948 1241
87 97 33046 81196
95 77 15356 52012
155 11 87005 53858
138 196 24431 53348
190 93 89369 51584
109 24 69825 61948
72 102 18457 48898
50 166 72746 62443
196 66 37743 90658
64 50 25744 47259
108 144 50702 73853
184 111 29147 19433
91 102 18491 77354
42 145 14804 87885
98 154 46422 97326
32 108 75999 44540
166 49 75101 74612
32 69 43731 77003
30 194 11107 87404
196 21 4838 43739
40 193 13151 37477
107 179 68697 69275
195 47 24396 37714
183 1 55610 79216
148 62 93691 61885
159 13 84905 60713
108 88 58901 91888
21 159 86220 39610
125 55 48813 63717
143 15 45074 14010
162 124 37080 86968
112 134 1308 33237
199 91 92978 4027
198 114 88870 6735
91 59 82015 87847
59 37 31837 68648
139 136 55273 81732
175 93 67512 42545
40 34 44160 90419
178 147 62469 45853
46 118 84858 11303
148 53 527 18587
37 66 5358 78516
63 118 16200 92827
41 19 20498 17133
113 132 77251 31456
68 153 77953 89517
61 23 35379 61204
17 191 42673 97959
33 158 11840 97175
105 6 31299 18929
72 115 27224 61322
95 185 99452 684
127 36 23481 47091
22 192 29663 3313
26 2 53730 79743
144 159 82236 88960
94 140 72093 95225
55 70 25591 65179
46 188 32977 59221
102 81 19319 64199
33 158 40227 85372
150 128 28902 38977
128 102 66977 70868
196 102 9641 24052
26 192 875 10109
55 19 94409 82564
98 112 6855 77855
165 20 4931 75584
69 66 29028 87845
37 168 65137 91087
103 56 47577 73253
12 163 24108 66515
45 90 94657 28763
106 109 26321 11980
59 47 30868 60864
92 81 58748 20243
93 175 40060 3180
34 153 44876 51090
112 115 16458 74930
32 23 90389 2306
152 193 25293 23727
112 163 61817 11682
17 34 42645 18875
92 73 43663 91385
153 86 25941 78094
165 154 4703 6843
66 77 99798 43745
137 57 36315 63609
2 37 49939 44735
15 38 72561 72730
140 97 46434 7578
44 108 16149 23747
175 78 98881 52063
191 180 6901 8062
197 22 85677 94070
38 74 40295 89179
67 183 35874 62036
193 21 61880 34089
157 107 65631 60298
164 25 16899 74587
113 16 53124 22688
39 199 40222 48488
57 15 21474 87833
55 49 77211 24206
76 199 34464 85870
93 33 73373 64931
43 153 3749 15699
4 33 40319 272
70 147 69457 48530
77 82 77534 46521
119 136 855 54036
141 23 53843 61477
44 140 99461 87065
100 25 43004 20507
199 2 9427 36626
189 139 89087 18266
103 64 11237 98625
138 29 3178 68027
70 144 93828 85879
87 36 68997 24368
35 143 55413 61629
132 118 40375 61423
8 111 90067 98157
110 80 81996 80007
123 79 23138 59963
197 177 95676 39594
158 183 56082 98359
53 23 65192 59241
137 191 97401 79320
15 127 91804 45365
6 112 95903 53069
128 95 28632 43463
58 183 82334 37536
126 158 21011 83628
80 47 29338 57234
104 56 51508 18444
159 85 84392 27490
109 101 32294 84784
185 188 27910 67908
41 121 5261 75500
60 153 16863 11784
6 3 20031 20201
51 110 77716 26690
71 72 72099 30707
124 8 2666 52519
77 24 52887 21759
90 107 39820 69932
51 94 10452 22500
98 12 57982 7860
84 145 71376 67511
144 28 44602 74091
90 39 78264 4461
113 193 52559 18336
151 175 3697 96636
16 182 84875 22083
30 13 54521 25334
195 33 71590 55836
144 48 37655 9288
13 42 71448 82713
170 93 88358 4792
124 120 66949 87019
67 35 54067 53334
147 45 97709 25569
152 46 52731 92868
192 71 96067 28374
74 7 13940 4987
4 39 1690 46030
117 96 84209 74337
111 52 10581 48346
66 147 3615 33381
20 175 90509 9618
27 26 69684 55957
119 31 1457 14158
67 14 73122 72436
13 156 68470 50354
14 83 31897 36822
114 102 55342 30099
123 56 75358 85403
90 101 30470 49258
71 17 98130 11934
90 32 88398 8448
146 134 76109 73929
54 49 42932 3738
106 84 19403 87744
156 61 82528 19200
182 73 43163 42161
101 167 17642 66634
98 50 23382 66459
177 43 18647 58512
112 191 86777 61290
65 117 28056 31670
147 164 32975 16363
181 10 65295 45605
59 39 76071 99350
181 164 53875 59014
198 22 49118 20924
98 16 6950 52850
196 8 70831 65433
101 145 86782 18471
192 82 81361 5715
157 172 26395 30526
139 130 11932 99967
115 36 95755 95318
58 93 62830 40789
63 118 96047 11820
102 178 64643 56670
139 132 43392 60009
65 134 81815 42093
132 156 48963 84489
46 17 62734 43471
103 8 14425 16792
175 190 20227 8196
200 30 68019 13248
70 125 55083 56113
106 95 92783 78195
63 82 70554 99847
147 18 71123 42128
34 141 44427 12982
167 152 82301 38388
108 41 48959 67000
123 183 90685 44963
77 200 64136 63593
50 98 44312 27524
81 115 10965 1684
26 165 50357 89922
1 5 96561 35128
149 155 74071 69958
193 103 74892 66341
98 58 98831 68037
34 27 93180 32948
107 20 76073 93820
87 60 96808 30040
143 150 1316 47875
42 114 89600 24346
176 26 20822 46042
63 168 98667 82700
148 119 59691 52653
157 191 13839 41420
198 157 1192 26382
154 107 58733 12128
100 12 94668 46639
126 3 20250 91800
64 148 34231 14530
92 59 42767 9589
146 109 34786 59838
167 12 58752 76770
66 54 70070 78802
121 144 37770 66908
176 168 4556 15066
155 41 68254 4294
182 58 97874 21489
154 97 15492 82207
51 156 31994 33782
183 73 97728 24132
136 39 98805 82612
164 28 86492 13776
44 89 94106 88722
171 27 32033 58824
81 108 68131 15541
97 137 11290 52892
143 69 1285 90565
133 191 16333 77658
190 119 49063 97237
132 111 32967 69626
127 56 78878 17643
118 162 49793 87772
138 65 6619 74317
200 132 19173 75245
190 40 4643 82120
9 149 84663 83754
94 119 64833 34377
40 80 42723 20656
1 4 46041 77221
107 78 28610 15630
111 9 28018 27418
183 170 43939 59588
145 76 32631 80354
12 60 2832 95623
72 15 27475 84662
8 120 35269 99049
194 182 27971 66567
122 70 89999 28050
82 110 46912 98976
198 98 72590 7020
79 34 7778 69799
141 139 91116 65231
26 61 2527 88022
92 14 30622 36604
123 86 5323 47985
115 3 19122 28711
51 109 24993 21147
6 68 79014 63823
152 185 75704 89018
37 131 48284 48536
118 196 18446 19607
85 147 21800 29537
59 163 91031 10133
111 4 95547 58121
168 41 15914 33302
166 66 11591 35066
45 50 29217 20171
3 148 27293 56263
164 74 12858 74612
50 167 89941 46937
154 142 74313 73189
133 170 4549 49102
11 47 65610 5234
174 1 83799 42915
53 101 27427 64482
119 133 65807 89606
58 32 86702 2395
52 121 79881 26106
153 166 45928 69407
77 124 57278 26386
4 58 25589 51345
167 124 25896 67488
97 121 52409 2677
97 95 8086 84913
90 53 36392 27381
25 121 8801 99690
15 196 69932 26373
175 27 69634 75433
57 48 28607 77724
79 112 56815 37831
47 78 51681 70548
90 177 20437 47616
131 74 63622 33336
44 48 85584 35971
124 7 19589 58977
164 71 19804 14757
140 9 77852 14341
185 112 54011 88370
129 190 14263 32680
49 52 20812 17345
6 142 65491 47183
146 14 9571 58781
81 192 92768 40993
180 143 75364 76114
68 182 87795 90316
194 34 78322 12097
54 54 45726 11753
31 159 43223 30725
162 26 13109 33996
13 26 51773 32241
5 23 46831 16501
165 68 82953 5354
82 159 40486 3033
20 86 36166 67698
87 89 26687 79388
194 3 24861 32033
63 69 12932 81585
92 61 3822 32373
72 123 10514 60626
97 133 78971 1223
173 43 85807 69800
78 14 19550 93674
11 53 91106 1925
4 24 66547 80953
61 72 13845 70642
199 95 60022 11204
11 29 95732 93024
23 91 42024 89472
85 91 42933 51753
89 87 22690 48927
130 162 69853 46385
125 189 63464 68978
61 179 95200 48410
23 167 46859 78677
132 196 94978 69713
128 61 78875 47871
50 70 66483 37157
172 147 57884 78777
69 177 59082 87264
91 34 87272 88362
86 117 53225 78863
187 149 72339 71762
38 193 72942 91873
98 196 37122 86840
21 101 85597 27256
55 34 81682 49732
2 41 69519 26862
144 160 95177 89617
49 199 28329 64342
19 114 74721 20403
14 171 94552 9810
23 79 24699 62309
165 152 18333 77939
98 52 38913 43574
164 148 32574 39892
123 135 7213 3701
12 80 32655 4744
47 166 25732 64440
102 131 45666 81868
199 159 3887 81162
42 174 60972 3733
102 136 59500 38477
200 39 98201 10061
141 190 134 28156
162 105 2391 49825
40 72 74459 25181
61 56 99934 34103
121 52 23811 68932
61 31 70318 66976
66 22 6537 38291
48 5 17564 18763
13 22 95791 3213
200 97 37125 81141
134 137 77408 77229
35 11 71442 42942
53 5 54148 61048
21 173 65833 43370
62 79 8434 81408
131 51 21571 90411
155 31 14721 96916
16 161 68266 58506
167 192 39799 11377
161 12 35238 78433
67 131 76573 52610
170 29 99131 85071
99 107 90649 26197
25 68 38476 83049
23 176 31943 10954
89 153 76090 97244
149 6 56683 7735
86 18 67868 38630
36 141 8061 38011
45 114 91039 86799
120 105 67711 54218
91 158 99658 79669
42 185 21260 17144
179 176 16343 80406
159 10 75657 26486
187 46 56430 44025
135 180 48587 53095
37 154 62440 60971
5 170 84259 13289
80 9 32516 33799
171 187 12688 63650
70 150 71417 85417
14 101 90288 98160
86 119 77014 97698
108 191 78956 7952
186 61 69866 6353
107 101 32641 57346
24 22 44862 39479
75 142 63035 41955
67 44 58533 63825
64 143 96208 29565
129 150 32785 65479
171 151 20079 7194
125 28 27257 34760
9 59 51431 9055
148 117 56394 39311
185 105 13355 93386
90 42 76837 80161
31 31 34777 74919
116 130 51446 24012
77 132 85980 34383
133 30 77019 42056
71 107 28481 43010
91 157 62047 64549
141 37 4563 52844
81 112 17275 97673
75 94 51825 5610
29 100 97697 75049
114 109 39703 98857
146 93 90705 11676
118 38 19082 25289
181 95 94433 8531
79 58 30782 40388
170 132 26070 69819
122 123 40990 14005
174 52 56852 66966
72 186 91470 63754
20 54 7609 16662
12 12 70212 3613
35 26 96068 71286
112 191 3816 95772
4 105 74275 55235
70 79 13914 48888
174 57 5842 57758
81 69 25950 91905
196 3 99013 65004
156 188 82427 48673
84 199 20039 75756
151 156 35005 22303
120 173 56170 37001
23 153 3243 50422
142 35 6289 65567
36 195 74598 46802
137 180 68830 29703
115 54 86680 9293
16 109 7032 49104
12 74 7658 29031
4 168 77049 18538
147 2 19941 68904
141 28 17779 56209
138 199 77210 74374
124 169 75841 11279
163 172 11415 88812
40 101 22713 64537
80 97 32311 94772
98 100 27709 87752
52 82 14564 12582
19 49 41448 49236
25 151 47026 23394
124 73 61018 76863
43 59 88699 31330
114 135 1397 54144
178 8 94706 28166
98 62 31002 34266
50 80 60071 22392
49 37 85657 22722
139 115 49662 99126
57 44 41901 94298
99 38 97010 58505
153 154 75488 77676
98 24 70857 79977
83 33 35080 69963
83 84 7191 72682
85 142 39371 27323
120 60 70069 44722
131 83 86049 94486
12 163 25692 54375
122 151 18661 23647
200 128 6921 13299
85 66 34278 29921
105 16 7859 31074
73 196 35596 23275
151 50 35269 54759
75 38 7724 44918
69 18 5228 41537
175 165 88652 53774
85 1 62169 1406
128 172 30774 94513
67 89 84099 8223
173 48 92082 32761
112 148 78810 24710
200 140 49136 78903
191 156 54640 69957
183 53 15917 24292
185 122 10113 79454
117 173 12062 92090
26 26 21897 47088
104 130 54479 17633
91 19 82959 75541
106 38 22501 1872
200 25 1125 51598
74 86 89549 92275
138 4 61945 80162
179 173 61513 40299
141 73 18658 94339
98 185 92104 28077
177 190 24132 79849
82 27 37776 59100
26 176 37441 36937
193 153 41652 63388
186 127 83139 64242
26 93 82027 1517
108 46 32114 97579
179 46 95842 43939
129 22 77756 84094
199 20 90352 2957
165 58 81560 64082
171 189 13649 15903
104 66 23952 15886
59 5 98409 30222
159 26 51897 57504
124 88 62848 95193
107 42 68066 65060
17 176 45475 97348
151 14 28755 39592
160 116 92644 29998
108 30 61820 36680
196 124 27839 32959
95 29 59192 47258
92 104 50801 50945
47 75 98467 96465
48 72 51419 98029
154 61 53776 34762
33 99 99885 31145
15 162 22497 67714
112 19 98465 40142
123 30 17818 69911
99 5 42078 16477
14 113 42637 11655
93 68 95566 73242
149 142 44131 29685
181 188 70881 17649
176 135 3994 46926
28 73 77112 37145
84 174 24519 29541
146 80 55572 34021
16 179 88954 24344
168 171 21363 17755
177 34 34693 14568
148 183 55988 88668
184 188 45014 96972
194 151 60064 24202
88 140 40925 1205
88 105 87568 60112
91 161 75188 8447
47 101 67931 42376
85 49 6485 27183
199 131 90448 5707
61 162 83301 74577
73 37 66323 48375
185 169 25466 60595
133 167 27845 98626
185 149 29799 24932
20 36 28035 67189
89 26 29281 31945
117 97 65720 58047
73 25 24523 38177
50 90 4506 3294
159 68 60010 44080
73 138 46289 49354
113 28 54051 26846
166 93 82694 52132
141 6 10737 67050
174 161 53456 11600
52 48 45981 32654
164 158 83322 47629
128 46 7432 85219
125 171 75622 35307
124 185 23802 86636
117 11 755 19797
66 164 36393 77034
26 82 87842 8142
132 199 66369 30791
71 34 88396 46951
118 175 73345 48526
120 138 21293 11559
72 138 1291 92754
90 140 24523 7312
119 5 38589 77263
50 4 52931 81585
187 79 78433 38601
83 198 13678 99416
56 126 55579 76465
179 55 9294 79428
183 103 10081 37678
156 16 36633 92456
165 64 92450 67887
77 120 14537 10949
24 56 21931 97333
65 73 98672 90503
7 3 40852 53222
109 56 26397 33513
81 97 64938 80474
172 24 84642 28073
66 182 17495 54502
156 174 4847 83906
156 161 7756 98510
32 36 40654 97557
34 175 3503 39721
70 24 50659 82543
165 136 76002 89802
48 28 10312 24013
192 159 2224 95728
190 189 45923 32604
30 59 91223 79296
24 142 19112 71774
9 178 63014 42228
6 125 22350 40118
131 99 310 6157
50 11 81983 85254
15 162 10637 87197
35 70 6197 35114
30 14 90448 10735
162 64 12335 1520
37 180 51589 25751
118 40 74129 36327
19 99 89700 87262
26 102 12633 65338
142 191 44744 67808
67 72 4414 38508
45 153 78485 8079
157 26 46721 7496
28 11 57095 91939
157 64 20536 56002
166 183 55884 57635
78 116 13617 20204
116 15 99472 58749
15 68 87246 90340
65 140 5722 1169
105 163 69786 15255
129 74 46222 67804
131 109 5783 60607
147 160 12979 32377
32 46 69116 44895
52 130 82762 57179
94 178 58731 90578
84 200 54490 5393
23 28 49258 56601
153 63 53616 26526
97 105 14325 9710
10 141 62569 10418
96 3 64354 47619
67 199 12111 99677
72 1 37826 242
134 93 99354 59763
46 124 39360 44813
54 10 45668 18765
166 194 37834 13679
35 167 17766 42284
164 148 581 88743
115 119 26812 5365
38 58 358 74654
46 178 95438 17709
30 67 65772 11199
119 109 17070 65997
138 200 94276 34206
175 182 70515 2653
22 89 50421 82019
20 186 70988 21301
135 148 30265 61848
92 112 49986 3923
183 27 88844 47641
108 189 30631 91672
30 132 54388 71535
118 89 6138 55724
69 49 71791 57753
172 159 1572 3118
155 119 78041 47052
176 151 98496 74446
170 82 13612 21027
14 77 67629 46682
113 181 73586 50137
86 128 24064 7075
130 4 67492 15943
37 198 98977 86969
147 37 49004 98535
11 150 93396 35892
102 64 52562 40081
68 162 60174 79808
179 52 84930 55700
145 173 18949 92037
43 108 51325 62505
46 128 44342 48188
78 148 24050 79087
140 61 35749 8274
52 54 63197 48011
6 7 40415 25480
37 1 11711 17335
22 189 1763 91272
139 198 7587 69807
104 141 80731 29746
36 116 27988 60006
179 141 7592 99958
171 148 78446 25501
165 34 97916 57321
86 163 26047 70613
86 51 22203 40539
31 29 93185 51711
113 92 81718 20183
93 118 60557 1482
49 174 93045 60447
35 89 15984 11377
184 163 26480 69386
142 59 12353 17328
39 157 94921 12980
121 103 68824 52194
84 70 22176 39097
178 114 8351 55231
37 143 40456 39081
4 6 3715 43942
175 51 29009 97997
173 56 28780 16130
124 75 12119 87373
96 36 20811 62592
62 130 21187 90698
170 15 67000 32551
135 33 54890 45702
127 106 26317 78536
51 186 82249 78202
140 139 98445 41972
82 38 4614 95486
164 165 63101 91607
129 25 35045 38206
70 77 74808 19844
39 91 67415 95070
3 182 1569 38863
27 119 71831 42032
50 108 92000 1001
195 110 53001 73385
118 138 67116 26389
36 75 36143 82443
29 78 82656 38437
46 166 25781 29374
120 73 24329 85731
159 3 27373 37856
200 10 31986 48799
78 90 41663 7947
173 186 89606 61806
103 63 26109 86408
87 103 88119 79804
92 105 6859 1340
151 36 61857 85922
167 189 46093 34482
4 109 55308 27691
51 139 99565 96506
193 22 43089 88252
91 5 8206 54263
4 195 9783 75116
111 21 41347 17067
23 110 69770 97592
12 158 34414 3915
200 87 11656 32887
3 88 77202 86419
35 45 38068 20011
191 87 65046 10807
157 72 77304 52843
49 90 65190 26320
16 49 15942 33121
189 62 92952 7353
76 37 80780 97641
125 162 60125 7676
2 64 92762 62772
67 154 79045 67977
81 38 67866 78440
145 191 35090 61167
195 154 43662 47644
131 12 6355 84120
7 138 41711 91529
81 56 33495 72230
54 142 20675 74208
56 121 72726 17229
24 78 9422 36023
183 133 71543 98248
47 179 57608 28787
173 88 73712 86812
89 83 73373 34835
104 195 54919 73523
72 120 97573 24909
125 33 89887 36873
195 128 69610 60225
12 123 82782 53521
44 124 48300 94916
187 171 30221 58757
2 147 83920 80823
192 3 99863 20486
119 158 34348 99366
82 5 86016 43979
17 3 40800 36178
151 2 21271 26814
179 172 14621 50512
13 5 47361 12945
82 56 94421 2803
20 71 19921 83287
83 31 22667 75287
103 43 62398 78075
34 136 43915 67803
25 177 49918 80031
162 188 98585 90011
164 165 3200 90218
50 82 92019 84132
193 119 38433 89825
68 60 41771 2376
69 59 56375 24494
111 142 11060 22054
192 153 13780 2182
28 188 51224 54195
87 28 14150 75715
114 114 64079 64834
25 5 35988 93396
99 52 96332 62823
27 95 27181 93606
198 118 51965 91878
182 2 18845 63828
158 67 18179 71564
134 170 23836 50620
200 192 3586 81770
195 46 7463 79121
87 128 39466 50633
66 124 20603 69943
2 175 29548 90387
27 91 63523 70845
194 137 36101 51355
58 29 94508 35214
22 35 2513 65543
88 165 79072 95180
65 23 3923 35230
105 20 86436 57129
8 10 73868 42077
29 156 6549 12013
191 95 52893 93722
50 112 48481 4382
115 12 46561 63765
190 176 52801 75914
15 26 2821 9927
104 23 76888 15338
98 199 84917 47136
94 198 467 94348
61 117 63250 5642
70 57 80555 1622
32 42 66729 77448
128 31 41374 38012
12 136 95285 4438
159 69 4969 6572
199 69 2919 69780
197 153 66226 55294
69 194 43901 13971
15 169 85000 8800
12 126 75600 1373
123 115 79384 13609
141 138 37472 26356
167 61 9316 94697
96 61 70882 234
51 116 9402 12869
30 135 53805 68926
51 15 20351 78901
15 80 19320 32737
177 140 47457 19484
84 32 27044 46927
31 135 99263 13091
123 198 35765 79793
135 88 92725 87165
16 132 26633 84504
117 132 22184 14276
121 135 49281 98786
153 89 13523 29313
168 97 44709 56897
87 92 11352 400
139 89 30795 80441
1 165 8246 20005
52 88 97518 35635
82 119 16509 94153
163 139 15803 6339
187 139 38535 66961
145 198 50286 42853
112 68 53729 23918
117 53 16094 59649
138 74 70343 63033
177 27 13444 32187
124 145 70295 22997
92 21 83863 88480
88 137 23195 81322
184 182 24123 59840
49 158 55199 34230
155 163 49142 67681
168 111 83481 59498
191 118 15205 65641
122 41 87442 10466
180 61 48055 52331
95 28 83324 91160
76 10 47318 80790
10 131 79020 78006
132 139 22931 79215
54 5 88156 75303
143 17 8745 79
93 136 2126 73304
20 186 37733 71362
56 187 13095 13265
61 193 8326 47974
116 114 60072 57522
120 148 37646 63941
57 180 97354 73042
168 123 29281 14272
19 30 44458 82785
91 173 75706 1341
84 23 68155 31421
3 156 20177 68482
150 172 40382 37296
72 174 68943 7509
147 27 95240 5839
122 53 57534 8778
190 82 20400 39553
57 182 35355 52856
65 112 87626 83836
151 11 44353 1386
104 64 64211 3670
195 154 90684 12617
91 171 9426 13518
14 110 30160 32618
198 21 7211 8216
103 52 77408 41705
122 157 74624 14500
8 13 11283 50628
139 87 85873 41003
153 168 42628 88732
129 36 38172 38677
139 7 91791 96638
138 174 88897 79212
132 39 43235 86927
44 134 34981 96683
95 35 64368 53854
182 33 85722 32
58 47 39005 97878
6 109 53615 84661
113 175 61989 16816
74 166 68684 69028
104 152 81809 1164
193 181 45755 49213
187 68 22728 66344
33 93 34227 64095
47 72 76418 12100
1 110 43921 79896
136 95 77424 96941
6 156 16883 54222
28 79 14402 67361
200 31 50314 50583
180 81 37303 5926
28 91 18438 23279
72 139 39144 29467
194 160 23832 4104
65 95 22729 54063
7 1 84476 60103
102 187 1572 66083
34 191 77552 25283
186 161 90917 54354
8 53 43513 50210
139 159 96576 60685
74 11 35761 76407
139 22 66803 16187
147 189 85078 34522
177 165 77053 75760
61 27 20738 79755
142 13 22734 79292
12 96 34263 55560
10 92 52550 88312
160 46 46755 49669
55 133 16358 34799
141 143 30047 69519
154 180 9416 40748
60 107 21177 20083
167 84 42015 48253
121 79 244 35985
164 83 61262 83236
12 18 75300 37088
123 139 14334 46940
66 15 96287 81628
91 17 67976 51586
4 96 79833 90091
38 79 53399 93141
181 120 99344 14585
2 188 62442 50399
191 38 21414 69146
81 65 59548 44610
140 127 52627 94456
131 108 33931 35881
175 26 60176 4801
177 78 14256 69860
146 171 70680 6174
42 182 56838 37140
63 59 63285 15353
81 150 71828 69363
82 28 34129 74610
138 68 34615 48327
188 128 94217 50441
2 112 94478 3588
136 185 45060 44573
190 122 82994 14347
95 56 64377 29385
129 19 59736 28183
149 105 53627 7882
193 161 76838 85849
195 99 61590 56836
113 30 7638 66199
141 10 30354 52512
142 80 73588 14658
124 46 49085 29871
187 8 36835 91944
100 140 81289 63177
31 100 28767 74673
21 66 62651 45972
60 127 62608 8354
91 29 18577 98116
73 174 5365 95968
192 5 61476 50913
167 140 43555 90351
95 13 51704 12711
77 149 81675 35009
57 158 22649 14847
85 148 53716 87676
82 59 78964 1840
183 111 63048 65345
42 76 52312 47712
67 15 79391 56259
70 173 49107 12168
137 51 56488 69387
31 134 86948 50759
147 189 40149 70727
80 43 14487 54372
56 41 33283 51185
122 36 55807 66557
41 187 26781 73498
58 68 50782 99474
173 199 36426 26215
144 19 63162 85936
159 25 76709 41308
191 198 89986 66386
133 165 57076 86918
81 60 60628 53606
128 189 15355 83789
98 41 23649 81351
169 169 44259 50275
162 173 67758 63020
152 80 64850 90795
86 99 33627 69424
37 34 92826 21077
174 21 45073 78217
89 40 4686 88608
199 5 95499 45701
123 151 9538 64431
24 83 20010 42617
46 163 659 18708
142 91 715 99120
112 81 83139 98106
90 126 47676 34465
99 2 86352 45297
71 135 73274 66654
125 188 59765 72802
71 173 85601 18771
146 98 98085 1227
174 86 71496 62107
190 185 81447 49115
19 80 13040 69240
158 91 85249 69188
196 176 53374 40933
182 166 43704 60520
49 165 4275 18205
42 156 73782 86184
94 155 39950 58779
88 179 35549 74395
195 154 71704 69109
18 4 21830 8961
158 199 14648 3866
55 126 62052 57164
37 144 42264 54339
49 26 59976 35557
158 75 63442 65215
46 6 89769 65422
82 118 88481 69942
184 21 84890 8781
11 181 98548 8872
191 19 45633 8753
20 65 24507 36146
28 43 83427 16972
55 85 60104 9257
150 131 31869 37130
14 105 60821 22400
47 101 89835 65760
13 193 9412 59508
190 150 3854 97514
52 78 69632 16663
165 160 43633 40422
8 58 64457 18806
146 162 42956 14891
65 85 2340 66833
184 20 46137 60031
124 109 86683 92680
173 102 45855 22854
56 199 36167 93700
99 81 79099 45957
82 129 31564 60668
97 58 14932 4203
10 58 66042 29085
25 108 95028 4301
6 62 70046 16044
10 76 52372 85981
125 13 5199 59965
150 85 51050 250
172 171 22096 18760
19 195 50026 65911
26 23 25363 6864
156 170 49702 54974
61 190 64955 27765
199 23 44230 78085
157 200 19943 32575
167 108 83452 3066
182 151 69199 11102
49 199 73386 40390
96 109 96221 23127
113 65 92692 77918
56 29 99706 5656
116 40 8119 8204
183 175 4658 11045
77 31 72919 58310
80 39 89249 80317
10 140 2138 25982
36 116 86584 58228
118 63 9213 6803
168 147 45757 51553
128 175 86370 14731
75 51 23059 93713
96 150 19022 48011
179 200 31852 83223
143 42 12295 66672
103 171 94960 13326
117 188 7055 4119
36 6 60524 17553
155 91 36559 18896
170 139 14781 48700
97 80 47577 73781
118 100 6665 91989
110 74 13169 67402
151 2 485 59254
6 177 33392 38604
108 177 74478 4680
133 101 87782 36721
11 152 56017 64842
167 14 2006 81515
81 171 61871 52771
129 123 98187 82188
111 2 85833 67204
199 182 90586 77022
64 122 46388 322
23 164 82082 35536
110 129 58462 94587
82 64 5602 59798
116 76 76133 52073
168 126 5229 24444
44 67 55294 85292
34 106 58446 63504
57 1 97478 15701
104 25 42241 29331
84 183 73141 96931
107 189 69853 49566
80 80 98009 52301
145 99 72989 88328
152 52 51308 97418
166 166 78689 2566
110 16 60838 48913
104 75 84825 86292
115 154 16014 88960
121 165 9535 5884
93 175 83310 64109
6 177 42408 19536
170 182 87182 97430
4 161 89165 23992
79 188 2385 59294
112 91 66573 93720
94 81 41057 63876
196 49 38683 12606
49 24 78508 48715
143 9 76488 51837
138 81 72131 42914
43 108 2326 44406
61 16 75439 252
31 161 88719 2649
10 4 21510 95969
84 81 36720 14472
78 83 43287 60517
138 90 57867 24035
33 35 95815 58124
99 71 19620 21886
119 89 59234 36243
117 124 10561 75034
193 61 29244 22544
130 84 28254 80046
147 81 99198 83306
25 37 40409 63107
134 167 440 15757
172 97 88420 89738
21 66 13941 26840
114 69 35874 23102
106 153 22222 53507
93 195 76839 26368
57 42 77191 20982
123 146 65529 50398
89 195 64497 60663
119 146 71592 250
72 105 89828 92349
23 99 82223 37025
150 187 20962 2848
190 133 83465 10897
47 53 95022 11163
9 191 4650 53908
187 40 79488 92350
179 131 8078 21573
111 126 28219 88708
123 167 76706 83915
28 161 51386 84277
19 3 21318 15091
61 139 36545 16455
74 71 64330 89439
179 117 44135 65996
49 180 46415 84729
82 186 93135 98931
55 8 94943 9766
148 43 73704 9640
71 189 95169 23439
107 19 16369 99672
166 160 71047 4515
193 11 35240 73093
40 100 49653 39263
66 173 51431 76808
138 39 44888 89306
86 34 86241 19719
183 58 32237 42008
138 14 64479 73834
149 83 32404 35216
158 137 1538 65729
88 84 94285 81086
78 38 69078 69431
84 27 60809 63398
123 30 75187 27838
85 90 38880 67342
169 76 84731 60865
80 79 97 88281
168 176 83762 21208
145 171 99463 52358
6 166 16505 596
189 53 69560 98417
74 30 24924 71414
56 86 36734 85849
88 156 55011 40263
62 141 32792 59688
162 175 82776 55803
52 186 88969 50537
138 108 11401 57092
102 149 7149 51495
91 163 96425 41292
96 126 82320 60471
88 38 30691 96261
88 172 21004 63783
41 47 5380 25952
104 33 48802 42336
35 81 68949 70135
126 194 45048 22657
167 124 70466 8386
126 73 63878 60932
96 4 16054 67205
4 93 5543 74276
15 104 86178 36632
77 31 76036 62206
192 101 26902 67713
181 149 48027 47219
157 42 93416 30739
184 72 93478 63593
8 3 68697 25337
108 176 57297 82591
27 153 70517 53050
107 53 66456 50441
74 47 66791 49146
12 93 53192 79777
125 108 18310 5765
97 51 5307 87036
25 182 26338 30249
88 36 13887 68340
158 107 17943 43538
179 146 14216 7440
184 167 89772 89856
146 19 9372 88605
136 83 56993 44414
78 185 78897 85261
18 18 17163 9093
78 177 37872 69491
22 173 89982 27600
133 183 69290 32213
26 38 26075 87537
31 70 73968 56805
125 23 78721 30516
25 66 83289 96255
59 26 13184 90937
72 17 34441 40316
109 24 65971 82536
159 43 99721 39410
8 108 34692 99939
36 135 82862 10822
164 151 31094 71939
57 135 67265 94440
92 148 19849 93211
182 17 91557 12635
75 67 28357 79502
171 159 39853 12967
11 16 16684 31118
80 190 52254 19076
93 91 13690 37186
79 184 74673 43783
30 160 69999 46456
102 196 97685 58271
78 7 75992 13477
200 114 48595 15052
146 75 45728 18970
139 90 32211 14546
25 165 19881 90249
50 84 77204 9901
57 39 6815 32223
154 15 61936 63492
48 115 51184 53919
31 69 61393 40111
165 157 37388 18688
174 171 47909 3515
39 90 39531 44479
82 188 90536 73606
123 25 11909 72346
73 21 59387 64039
185 129 26564 11756
102 72 45035 59710
189 36 73394 21894
64 91 44708 36807
120 189 77996 49011
71 135 52839 58395
118 189 12485 146
116 76 67947 16439
55 14 86986 73900
72 82 97542 16211
9 187 53602 22944
177 15 32940 93994
123 44 74187 25687
170 142 29708 4502
33 140 39336 30119
194 156 78550 71350
100 140 66006 56213
50 44 56364 14673
17 112 37021 88664
33 98 54782 98562
136 39 65777 7523
50 113 84793 83012
132 182 35210 22955
3 23 32596 7338
128 107 84304 79123
134 149 64235 30658
46 84 94210 69082
105 106 39493 75775
119 191 74280 20953
200 95 76348 51071
112 81 32429 23294
159 82 22687 74178
49 146 69729 55754
75 174 10399 65738
127 102 17164 17762
120 87 63385 8808
105 116 80776 73337
98 24 46314 41083
76 176 49478 70261
167 191 23180 43853
113 90 72820 90074
177 174 43323 43495
196 39 10771 76156
191 74 31880 87056
157 93 71606 72266
74 46 53223 93690
192 1 29547 860
114 158 20112 89321
135 35 46601 94119
97 190 52162 70215
61 126 44847 86781
148 83 9448 70541
179 35 70284 76692
80 158 93990 43518
5 157 23173 60938
177 71 22935 23199
140 44 54026 37368
10 110 18778 33750
163 164 43758 65993
113 41 15624 74208
12 21 27934 17030
82 43 49673 76865
58 75 866 63818
18 1 89581 22773
182 109 795 21127
148 37 40957 27196
149 16 38188 11268
190 61 84437 6963
95 196 47861 25032
106 90 26612 25201
95 20 41174 18484
119 100 92540 7401
24 159 5595 8299
192 91 65061 24342
68 83 55194 46562
106 38 81127 21332
108 103 83861 3177
127 150 49252 92469
5 23 51786 96145
16 105 99665 97963
95 122 93713 36393
45 41 26911 72198
70 61 11648 44727
37 181 23596 95539
68 183 25736 77585
74 77 23661 47107
171 13 13916 94818
195 200 80746 65649
29 53 38005 55327
163 39 6426 53816
46 77 23072 13137
15 49 43754 34804
158 44 88879 17986
130 183 83344 65407
185 117 15436 32718
34 184 78643 72235
129 177 89263 23647
122 148 99058 37901
185 60 82336 20866
192 51 69087 51578
34 61 16824 5853
63 157 14317 30785
72 32 54847 28286
92 74 50225 56082
35 86 91893 77134
83 121 74623 13778
185 169 57625 30334
41 11 67206 71693
120 170 76980 32332
130 175 31474 96951
63 150 79716 87628
50 101 43483 41110
156 130 78787 90716
29 86 86495 26908
173 165 72292 89289
50 32 91634 99084
177 45 56259 51130
137 156 47042 1987
190 94 81210 29817
11 178 20021 82608
139 200 6706 45544
161 58 16547 10348
53 71 32333 55266
65 170 44505 15210
4 155 15637 68855
47 173 18283 24013
189 24 23883 10853
159 168 61383 39679
32 182 2179 18310
134 197 3411 69244
162 112 90048 65147
48 131 39133 91991
34 71 74539 59912
41 146 25649 30501
165 62 50185 53874
71 184 40830 50297
188 29 19282 69397
156 185 73999 11060
107 176 77823 51304
150 64 9475 35501
170 191 48055 8805
153 9 87005 93758
61 29 85226 18966
106 18 84954 2652
30 156 85055 19393
19 11 36706 11891
64 118 49761 33571
76 140 19063 91072
20 19 80059 16552
38 117 53575 5372
190 16 88654 57771
176 45 27461 91789
14 148 33925 6556
108 21 69880 89455
113 58 18494 6686
81 141 29159 43494
160 52 95134 20360
168 100 92205 84188
30 173 46372 45161
49 194 96665 66793
37 20 7858 34218
54 39 22710 55957
39 118 46214 76879
141 35 63122 83586
71 90 2551 50564
40 143 11132 27807
135 20 22316 3390
110 168 4439 23460
130 21 5464 48446
177 137 60773 20648
162 47 95376 35712
120 103 68238 99019
168 196 39333 70774
133 109 11384 80069
161 142 3554 81556
166 160 8374 4953
93 62 63614 99270
86 74 54402 43924
136 64 44315 64410
99 9 82052 87271
139 67 67057 2921
111 46 72302 63200
130 123 48896 35012
9 73 5061 68702
198 24 89106 97743
172 18 57161 50565
187 119 95737 43957
149 32 68998 76707
105 30 9856 96825
31 52 67968 9613
36 178 6397 21574
152 196 17121 27133
86 187 4186 84648
83 26 62074 57632
146 92 1814 35175
158 36 93314 63483
25 14 64249 59311
164 37 98848 84289
79 188 40933 9861
194 64 1633 23872
68 190 72815 683
84 66 26063 43735
77 32 76537 96565
135 31 92809 71987
27 146 25525 28049
70 161 27759 45090
89 168 5494 34732
152 198 43046 87433
57 146 12148 35460
62 25 71652 80645
117 19 80192 36434
7 111 24029 78693
112 51 63453 69027
62 1 93255 27557
140 63 80499 69309
32 198 63499 12750
3 62 43901 78931
89 136 50035 6654
169 132 78229 38511
190 116 30236 40501
15 153 99177 10125
171 117 3567 59350
135 184 7677 92620
92 47 60273 6155
92 11 29214 48562
157 14 69332 6899
10 180 89488 96791
85 7 69353 68178
104 75 53403 32760
149 148 91309 33865
155 44 41304 67140
75 178 89732 79392
84 168 82311 83914
179 60 41610 54910
182 10 37664 38914
147 87 27640 9890
123 73 4521 3886
36 118 93573 3100
175 51 43780 77308
182 38 31668 75482
33 102 98773 3174
186 121 58176 48469
135 95 114 55114
16 150 73321 88750
185 69 88298 87377
57 101 10078 19253
147 180 22132 40970
28 60 15752 383
5 20 71220 19296
163 94 95964 51389
21 42 87916 76484
21 97 90435 3271
33 148 49163 67422
155 182 10824 7868
56 40 93430 54867
117 20 3326 9116
200 92 82142 35675
181 91 59358 47350
190 196 82906 55478
8 50 39239 28605
188 33 20530 43655
131 100 78845 55020
124 102 67200 82879
42 181 55122 39268
184 115 27224 55383
32 7 46585 42029
36 124 74426 96509
44 177 17271 49886
169 106 46771 24192
199 173 42188 7643
177 7 73607 10026
9 119 20117 48846
199 163 81422 32122
92 51 5625 7164
87 36 38617 33648
182 166 95293 14506
200 183 49868 46613
33 1 22721 20520
111 90 65153 7826
85 195 84560 70257
85 132 52003 92980
162 150 58354 85846
101 33 49281 76608
96 79 4905 83855
73 49 63856 23856
89 137 90784 79304
157 56 86980 21505
83 17 76437 37885
152 21 8203 55151
89 113 86652 70829
184 117 76148 28324
113 71 60479 10654
21 120 51585 88027
78 13 68964 24103
83 8 10579 98155
77 176 11952 48757
18 31 22582 98113
177 27 33102 12687
135 192 44317 66178
177 4 16565 39408
107 139 7605 89954
96 76 53201 57749
25 179 37244 75935
18 177 76171 34614
98 90 65581 47973
51 69 24121 81696
195 57 98465 96187
89 126 42197 66651
35 91 84817 96844
127 191 28948 35848
128 137 82652 62225
186 43 78398 67418
49 125 73520 65839
22 159 36179 342
107 81 94990 58919
168 103 94150 26994
46 183 72465 12465
107 69 42885 52362
167 81 18121 29706
142 111 29324 35214
94 200 46290 48306
82 32 58690 19504
183 160 21582 40407
119 108 55539 58951
179 96 17650 98915
93 175 25734 42108
190 108 15293 11753
133 69 86986 44840
193 76 9539 70179
152 144 99814 56973
71 125 50170 93949
100 40 62297 99668
82 5 74093 23244
61 116 46316 76920
46 17 5649 70054
63 84 33046 57516
10 145 92015 52164
199 129 33510 42943
124 40 80156 58768
57 40 64526 99927
4 87 10041 4166
73 189 659 44253
158 169 45691 52507
53 140 4924 10742
178 30 72121 8905
79 72 39371 63283
197 67 36424 41959
22 103 264 92595
160 14 71020 50057
179 66 68072 20563
14 60 71027 72484
78 7 94255 61187
136 124 88849 1980
1 72 36699 36719
82 67 91950 12860
145 67 20536 83400
142 161 81674 46549
146 74 87949 91863
6 17 2620 76591
66 130 22067 75363
20 115 11759 31445
59 111 29258 45313
172 35 24481 61754
164 156 10517 11067
38 200 27471 69452
199 149 95802 27215
167 64 63874 35533
130 144 55842 60229
143 25 30208 80891
104 53 92570 70311
34 160 59402 17223
38 11 92781 41464
113 69 47875 56850
9 85 89702 39652
160 130 19429 99708
173 127 14263 67790
16 177 48522 79462
69 179 61554 80885
101 5 29515 46246
144 152 83604 94484
94 37 40400 87614
8 183 37505 77192
90 39 11028 94782
179 175 51364 50330
55 153 64275 8314
76 153 12848 53556
75 88 90850 52307
177 82 51060 49721
118 43 27340 18766
140 30 46319 93046
28 110 6840 77523
93 33 78097 87992
45 10 10186 63207
100 182 29174 24
134 169 79897 4941
57 90 24949 77829
88 85 93466 81182
110 64 96257 12072
150 136 3097 58091
137 197 70333 13501
177 195 3956 59245
101 162 45107 1024
85 1 26509 25197
153 175 94974 29606
76 99 51003 97516
37 133 52051 6669
32 36 6815 50242
162 106 65296 56444
139 61 69129 32548
128 103 18986 66669
177 72 42482 79048
119 122 92880 92246
194 150 67585 88822
161 174 71791 24373
59 131 50230 81658
197 120 40213 43542
164 87 693 66434
180 163 33113 22547
25 101 48944 4651
69 163 42493 97710
155 38 38982 76781
43 35 71192 12482
182 173 37606 27663
132 81 96868 10795
179 90 13028 36387
146 46 90618 99414
117 41 68508 60158
163 81 21921 61242
6 58 12781 49500
98 179 53410 24956
153 145 69407 73485
38 10 22701 49214
88 149 23534 42319
96 145 51289 95492
174 107 7549 59834
152 172 85750 43525
3 75 90080 97587
159 23 13416 55765
133 199 19361 91366
107 182 13647 21423
27 145 22468 53883
192 163 63128 85417
122 84 31343 77356
36 149 71009 35913
35 16 68555 17073
176 94 80126 23737
81 17 22466 67001
52 115 3108 6750
37 54 48227 97981
81 189 63101 86891
92 20 91600 54992
39 44 12040 53203
93 42 55315 68604
159 73 94712 58086
61 180 14502 44354
104 145 25073 97391
197 19 76115 86928
196 191 17328 39784
81 162 55946 20905
2 64 87331 23631
73 48 10852 21890
99 151 92483 45755
74 3 33137 94847
183 193 19256 84338
20 153 96804 25281
88 88 47513 34033
91 190 34663 81039
188 138 61359 88819
40 91 54602 10903
77 73 33765 68412
191 131 794 23818
194 27 93457 51729
88 127 47461 14713
197 49 56182 39048
129 185 31389 23358
77 42 97755 69194
97 163 44204 35645
156 199 22777 17459
116 143 17936 78391
128 62 98415 35446
123 150 80754 58405
116 121 12831 78805
35 123 42060 5937
6 199 12071 82376
180 87 82956 65282
56 200 94139 25380
162 181 65693 82033
129 131 29192 60599
13 61 40257 7219
156 105 26121 5368
154 179 41096 22952
94 81 46179 79246
97 151 95593 60056
50 101 78969 76285
39 157 76085 39095
62 49 23494 4589
53 165 90235 61704
149 49 89877 52639
101 66 17937 88056
149 81 36032 29364
129 45 92203 40512
128 141 57922 37972
166 112 74205 63009
110 113 51331 35968
3 101 39503 83283
79 80 48627 9218
92 23 60761 81667
131 135 93320 90883
187 54 90194 24508
68 41 51032 20563
92 54 9799 10338
113 34 47540 10454
63 71 62848 3812
187 46 60249 38625
184 123 1102 4216
89 130 12901 24279
24 133 84427 66729
38 104 91389 85746
43 54 3717 26342
191 109 11360 84943
169 176 21666 85850
128 76 88094 89239
64 174 71634 49507
190 35 54196 57490
159 64 15110 81952
85 83 30132 21254
42 121 87381 19577
57 114 22505 5347
194 186 85507 48121
47 178 75280 90130
28 79 93446 64640
19 169 76307 68710
16 199 98677 41635
81 113 63639 66587
185 23 62054 7999
174 176 50367 37058
146 133 77523 2095
174 79 49571 97863
173 111 24169 36007
183 133 87096 6801
187 155 76801 22888
18 43 15850 90660
137 30 62295 3278
191 136 12695 36962
135 48 72100 7877
95 20 45892 20817
98 69 23816 73446
10 143 13908 15064
105 12 20645 3080
105 41 47312 30022
33 113 74064 78806
11 185 79919 95606
11 164 87068 44127
114 25 6825 72034
139 58 45305 55130
76 198 37057 33423
33 17 38416 8910
173 186 36371 51585
178 6 2235 71606
90 196 88963 79992
125 177 47341 87488
117 100 55606 62322
136 77 93436 83501
118 42 27641 79
43 51 31549 61350
6 111 46048 36565
178 142 78102 80514
4 56 30190 78521
198 150 19749 79836
18 200 61802 4852
66 127 57148 7710
119 76 60065 5570
40 193 48271 59541
173 127 46757 14995
179 120 28034 66673
82 38 79342 92337
85 43 30 34872
113 163 21809 38517
72 71 22550 18001
151 76 32688 96801
199 52 8905 54507
129 131 15562 92006
61 4 98924 97078
107 62 30301 35339
50 185 85276 50122
48 174 86390 87161
107 110 20901 28549
7 105 79302 37616
32 139 42146 98888
186 98 92724 71968
174 60 47776 99377
79 63 21098 10077
21 168 52267 26608
97 136 69453 99731
186 172 1777 31708
166 4 15277 23033
124 63 89055 80210
105 189 10791 48996
72 150 35636 33816
87 57 32742 35450
167 183 54903 24070
179 66 89316 18691
165 152 79584 12534
124 101 55111 63371
122 64 6738 35859
68 180 24870 62822
178 66 43746 13311
74 13 24896 24606
55 87 90351 51732
39 163 26936 80025
36 179 18580 47226
34 35 57441 9876
18 117 55969 99915
78 94 29087 25824
53 73 80115 75644
32 179 56066 26882
61 72 15796 25823
4 44 13337 98545
160 44 67391 90396
167 198 15025 3285
100 126 35686 44669
124 140 92424 61130
192 163 46115 19862
10 154 15054 97144
194 88 72880 66726
122 172 79989 25765
136 44 7731 24383
147 127 5239 12232
33 197 92380 98647
80 37 42532 58492
27 191 95788 56093
143 83 24846 12677
165 162 20675 59239
129 28 21871 15455
196 98 5724 72009
119 46 20376 8666
112 199 17776 31726
41 90 79757 35492
62 85 34329 59692
183 198 63744 48553
158 76 44776 40681
146 108 22103 62765
181 135 27369 80101
178 90 70352 73125
138 103 90294 67421
88 122 24787 29661
2 167 52130 38017
138 42 84239 48958
158 151 36863 99220
180 123 15005 94473
162 107 88115 86907
76 12 83656 61657
182 43 47890 12556
123 198 52713 52365
190 58 91370 35949
169 7 84543 36464
20 2 63538 8084
128 66 3052 68400
115 5 79596 94553
149 115 61488 9620
84 51 66678 4829
100 173 56681 6303
171 81 51347 50914
155 174 39872 98781
104 182 44683 32067
100 112 62105 91690
57 13 87358 28465
54 48 95290 70286
20 96 30113 57036
27 112 53555 29092
191 122 89805 8305
97 31 98072 94869
171 138 18753 60765
34 54 29072 35725
2 21 79560 65917
134 178 99003 86796
39 74 41655 71837
62 199 90666 78936
172 165 47547 83774
146 185 40264 19258
84 119 12783 32592
82 99 85819 60653
137 178 6264 14934
86 154 38439 95018
188 184 61054 67715
87 97 58838 81613
66 163 54743 91938
110 29 14989 86619
179 4 45213 10301
50 168 5179 26204
19 103 25924 49058
156 72 10067 37197
187 155 70913 30615
70 55 59602 54603
32 132 37804 71891
45 98 27845 92736
160 74 84377 3662
132 69 96294 59496
106 10 10147 46550
18 147 14799 23125
93 114 31502 20155
161 168 84892 24064
61 55 59202 6590
168 49 9380 21467
36 105 8747 51718
8 121 39704 12661
61 83 90263 65352
24 140 17713 47175
97 158 44546 67486
2 181 65314 94985
156 13 87007 60483
174 18 19678 74866
182 8 54598 12710
76 92 89927 28920
149 3 46606 75785
117 194 44888 37615
95 46 81020 72118
153 189 14623 64477
178 21 41984 73556
15 156 11230 11231
47 160 32352 23546
58 72 54526 67361
72 50 31473 91415
57 38 18270 46306
152 3 82471 35915
156 169 22337 26812
169 56 78287 2709
132 64 39038 58262
45 200 87547 42224
25 122 41027 97270
104 167 34737 71794
28 79 60843 95944
171 53 30495 42897
181 145 64823 21899
33 165 58032 57204
148 93 10854 10905
66 105 38720 31053
2 197 40008 83339
85 34 2216 55714
30 110 51946 90128
56 187 11562 9412
11 124 74685 89094
80 125 79396 66565
7 75 37559 81653
166 146 80196 79686
68 126 50988 39992
158 29 20772 15118
152 171 29492 91294
47 125 40178 3593
87 131 18629 90147
24 112 70550 37186
142 92 51092 21402
168 196 54557 57025
23 160 59904 7271
107 126 98801 76096
2 149 29526 71109
25 93 69917 59220
64 37 39928 74234
112 101 92568 83550
167 174 23319 38245
72 190 34717 39529
116 193 98280 92266
180 165 63325 30825
138 85 74674 12693
101 40 63681 73336
22 131 73218 26482
33 133 28004 75887
157 65 95184 55361
6 1 48965 21164
153 137 72626 44697
33 155 37893 93896
42 130 59616 14685
28 121 37470 51584
193 148 53739 87283
73 15 51878 29859
133 30 47577 61866
10 197 27981 25410
192 122 71037 18844
91 135 82372 10543
81 189 35266 37474
125 54 30349 97228
26 9 51280 76730
27 84 69464 75424
73 77 78767 64962
53 177 41645 41873
145 57 2195 24968
146 43 21682 70620
144 45 69210 50345
16 87 89295 72924
160 114 47817 28008
188 179 94125 15462
72 165 32523 54141
47 142 11509 4051
107 1 47800 64831
60 116 31153 43263
166 67 88325 16815
61 173 9242 51744
19 14 50864 98469
22 37 53358 88729
115 38 60252 1421
166 91 54324 33806
30 63 97701 65422
3 156 7288 49024
11 102 72696 7518
157 192 19850 98970
148 141 25094 39132
64 193 48203 39593
136 186 7971 56885
28 89 23825 10242
18 166 28892 43086
