200 5000
896 20144
1 33 11732 18523
2 91 75319 32401
3 147 8170 24161
4 29 2248 13450
5 70 75056 55591
6 53 35849 28790
7 7 10784 43481
8 73 13998 8937
9 134 592 27056
10 128 63017 6300
11 5 3542 62151
12 96 44429 6375
13 197 47405 12663
14 186 58861 25749
15 194 31990 69448
16 116 93711 48515
17 191 6090 63411
18 102 8644 43990
19 23 86974 78653
20 97 30224 44010
21 75 88489 79958
22 196 13608 43282
23 81 3125 39945
24 142 43520 12610
25 169 83132 94633
26 164 93352 92412
27 43 52983 43748
28 7 64916 82782
29 94 18123 81954
30 59 70875 6058
31 162 6241 20276
32 198 1610 5619
33 94 51260 28324
34 186 38759 33125
35 65 54068 70612
36 28 35143 91157
37 91 91308 19543
38 155 45017 13680
39 117 74910 89284
40 58 51440 20865
41 197 36215 22810
42 61 31292 5718
43 194 13797 41116
44 29 93146 13855
45 185 1537 80924
46 107 15308 58614
47 15 95365 71298
48 2 38554 74098
49 6 9703 94773
50 120 75329 11789
51 183 35570 69794
52 102 50396 77837
53 5 21416 98007
54 30 17877 42032
55 105 20294 42255
56 2 10836 32818
57 112 56562 78425
58 175 44758 89636
59 42 80078 33168
60 157 46582 7699
61 182 8853 40201
62 163 17296 794
63 64 29565 12519
64 107 73996 32732
65 158 14484 1939
66 11 23307 19860
67 137 36819 5012
68 101 25450 66886
69 73 3321 91856
70 182 30107 60323
71 21 95117 74681
72 176 15721 95970
73 91 83690 40728
74 115 52406 40081
75 193 50008 25168
76 27 83474 54626
77 44 51674 9163
78 87 26232 48309
79 196 1810 83268
80 27 33536 21214
81 116 82635 41815
82 24 30014 94154
83 79 54824 52148
84 49 50751 40632
85 53 82260 9278
86 168 28431 61996
87 183 20358 91016
88 128 15899 17210
89 68 74798 37957
90 174 28330 36396
91 142 88810 75628
92 192 14935 90453
93 122 777 68734
94 58 74599 77030
95 51 97245 66067
96 30 12126 63229
97 23 52910 23932
98 87 58491 63995
99 86 16275 69415
100 40 72020 94311
101 80 41043 5779
102 87 83048 93091
103 104 30311 58184
104 35 85937 6054
105 2 8991 35211
106 105 58800 72581
107 185 84217 30607
108 56 50417 75952
109 62 78535 82885
110 158 98936 76874
111 155 32206 73850
112 31 45659 75902
113 167 46836 29900
114 62 16240 2592
115 166 37932 21609
116 58 89841 22624
117 137 68773 90916
118 68 52293 21349
119 45 34970 56309
120 30 952 81282
121 84 22884 43088
122 185 37949 98522
123 144 13785 11461
124 189 92255 51509
125 41 14653 51240
126 64 38704 69410
127 130 53722 2166
128 200 59178 19058
129 82 22234 19125
130 53 44280 97386
131 30 55081 37203
132 28 80608 46239
133 56 68097 42705
134 60 18076 43524
135 133 77987 88504
136 51 14403 61536
137 73 29246 24312
138 96 64863 26956
139 18 32569 71232
140 180 84672 14391
141 72 52285 50663
142 193 50074 33566
143 25 80577 73478
144 197 9152 28764
145 128 73563 604
146 2 22146 14006
147 28 11089 23201
148 177 74133 27516
149 123 25437 70690
150 186 94957 73815
151 96 81510 9278
152 133 2193 81898
153 200 14421 79587
154 17 21742 63298
155 79 98666 51531
156 95 68743 60993
157 106 54506 5310
158 133 26888 15173
159 126 62041 77273
160 153 65717 51319
161 152 18150 48614
162 38 25806 67733
163 121 90181 19544
164 147 57511 79649
165 49 96802 89399
166 127 91977 83925
167 93 69249 2532
168 23 50525 69931
169 71 25015 45061
170 7 35653 4119
171 77 41336 80929
172 25 13843 38131
173 144 86112 33921
174 95 26760 453
175 57 55825 40583
176 23 34049 47771
177 96 73369 47532
178 133 12227 5964
179 19 40659 6736
180 85 62030 26750
181 178 29920 6700
182 184 77632 85584
183 26 74334 80780
184 140 83935 75038
185 143 31850 99819
186 165 55932 26687
187 12 24050 96667
188 181 23371 57371
189 127 34643 70221
190 194 45681 61911
191 47 15122 23516
192 9 7319 63136
193 135 16626 3435
194 121 43436 16103
195 80 43351 25200
196 3 22865 89871
197 115 17066 56302
198 120 25918 88134
199 79 24541 75810
200 192 67834 80681
148 54 33729 68106
88 115 66277 3623
128 186 64357 45814
73 176 2010 74601
26 37 2838 60401
194 66 79816 91368
57 50 6281 42071
18 197 55368 97663
176 9 55664 66576
112 82 57870 96929
87 147 46792 62887
85 110 60234 50755
25 89 81049 82740
47 41 68009 77862
158 108 80430 18954
150 146 4403 21567
33 164 23160 36980
40 128 90232 19915
1 92 36322 32974
87 49 35887 62802
18 122 16287 27463
95 77 37165 75681
99 33 22458 60229
59 41 77399 20399
7 161 46801 41704
200 103 87422 10095
102 75 42854 43844
174 66 80918 15558
123 88 56198 23889
140 45 56352 52570
22 145 56935 23409
131 91 41748 8590
10 30 8689 94477
31 29 67479 47346
14 18 80510 53350
83 74 81402 15496
117 131 43189 81093
28 184 10963 8224
168 124 2853 26909
124 110 41843 94769
153 61 94182 35040
87 36 59557 98910
160 192 16853 20154
166 159 11949 91744
40 19 32435 9695
81 16 30957 27530
73 106 84329 99526
111 156 15023 67341
6 101 9330 2905
94 195 63537 16005
54 60 98306 4981
151 179 77432 71085
196 8 30548 56884
169 28 96186 68544
65 116 99211 24087
43 91 60754 4011
135 149 37351 16583
29 18 68417 36374
6 80 17479 75079
78 36 5234 1705
113 115 45461 85221
37 188 47042 20897
167 104 37801 66851
82 21 6147 63464
101 103 88318 74622
43 89 60902 79032
121 195 87836 9163
130 140 25337 95817
14 10 73722 66401
44 200 74226 62559
101 79 73752 24411
2 57 13119 75842
192 146 74252 39545
34 168 81133 65581
198 77 1720 28477
37 170 11728 76478
20 190 93344 33337
128 144 66521 47274
145 138 68171 13259
21 150 69298 43618
23 86 87282 25224
144 55 24632 34464
167 150 40395 82056
173 181 77766 14748
179 112 62560 47736
135 140 4272 99607
108 103 64590 59570
169 62 7253 53759
108 155 54188 60016
95 190 75474 77785
82 134 94363 91387
91 7 80337 61318
131 182 44412 46407
90 148 52418 38973
94 88 89992 74296
86 24 37164 72592
53 9 55872 40224
181 53 1720 37502
160 69 75530 46160
86 15 65748 18244
116 106 24817 64608
33 72 7395 37032
134 196 95958 46960
126 12 10090 38276
123 96 56169 55209
114 36 52572 43252
49 187 57229 68666
136 117 4809 80277
29 139 40798 75762
12 184 1793 81779
22 154 58248 39266
87 74 44130 84434
118 121 24618 49678
16 131 11316 95176
189 144 836 57417
191 33 10671 61709
31 33 68109 52348
18 37 50801 62964
44 180 77187 17799
11 130 60436 51525
157 10 47472 74662
86 43 98698 19545
180 189 23154 68368
84 19 87263 99541
179 27 82017 39605
93 117 22410 93874
17 49 92044 98208
184 44 98807 17436
130 148 59803 66254
67 82 93638 55232
85 56 8212 68373
159 44 51263 9930
118 19 78096 75676
51 57 5282 11441
85 161 86397 639
71 120 92395 34971
147 48 82737 15940
16 66 40383 75601
98 74 11320 23447
168 146 4448 99231
131 64 98961 67368
21 130 29368 26718
151 4 79404 83483
183 167 83881 37765
185 172 89524 28241
133 185 53496 23360
169 28 96181 54913
79 174 80994 23641
153 106 76519 48030
43 110 6177 15516
153 162 88104 60662
42 71 44104 3048
148 114 62838 82790
162 105 43774 31354
147 28 85204 25246
67 48 158 51622
119 49 61488 48303
132 87 2469 57988
17 35 1116 10759
46 89 91629 77974
164 120 63887 16510
126 200 29214 53335
175 140 52299 87401
21 33 92705 36801
190 85 75921 75168
122 52 95417 18129
32 55 65369 4380
108 54 97876 70296
129 64 21519 6866
162 16 43228 73772
23 155 37285 77232
110 95 55533 3452
158 167 60197 75773
115 173 86898 31089
118 6 22573 40610
148 140 60749 96927
162 73 46614 15815
183 40 22716 74116
121 184 10085 45252
43 148 42161 20502
7 133 70344 54195
64 121 53758 81689
19 32 31555 44228
70 93 14120 67185
144 34 66762 87796
42 168 96182 23094
166 37 11647 30845
111 39 5406 54591
16 16 85506 18969
1 50 78586 50075
110 166 2580 35903
50 168 75701 18299
155 93 47452 6449
14 200 77123 81881
78 73 37134 89512
48 159 36604 86302
195 104 71847 87258
134 111 19694 38037
161 198 32434 48116
111 124 15146 10193
99 81 69389 28325
10 80 35088 66803
73 12 34497 44763
200 110 93718 42308
110 14 84239 23293
14 136 94253 34026
34 178 39950 42991
190 67 98158 10264
175 158 23528 86756
189 24 84672 42137
62 198 73338 66577
125 195 40103 27435
194 144 18754 68207
74 61 21310 19817
90 176 46066 11171
167 172 96092 18066
113 140 44995 66020
88 56 8983 36587
119 31 35885 54195
24 30 3367 31630
39 160 61210 99061
122 198 52213 86967
112 90 94779 49543
98 55 87323 4716
167 99 36758 34120
155 40 28361 61110
10 103 77399 88496
145 199 30204 35519
196 77 52337 5559
46 164 68889 41793
118 6 90088 28982
55 140 36053 30945
122 99 24390 97815
150 48 80425 88954
64 30 90637 98853
79 30 60029 48935
51 38 15451 1180
78 149 29158 51595
82 102 81243 62931
149 59 7158 92661
26 28 28794 58314
177 160 51150 67622
73 117 70410 89572
163 27 5577 38666
178 77 58708 81859
194 122 51339 5669
46 145 5878 55355
141 84 27863 54838
151 31 36581 47288
187 129 4576 82809
52 162 16206 30924
46 198 45883 2081
82 49 5770 29667
17 124 82399 3044
104 127 1166 83321
167 127 21985 73633
64 74 10663 19131
6 113 57416 15304
19 150 70647 54268
118 191 8722 45337
195 170 84945 38603
180 65 48508 82900
185 63 81861 68550
11 108 45009 28856
198 86 90188 12924
72 82 10035 76348
44 194 51245 91317
19 166 2882 63485
13 176 31198 17220
27 2 95339 90112
112 195 21663 54977
97 156 31960 336
146 84 62402 13814
170 42 10817 1651
200 28 67248 67492
31 83 37257 72172
191 163 69354 48363
182 64 45009 93617
103 186 63258 60082
64 37 22756 49772
89 138 15305 29619
195 11 50009 12074
183 46 99738 34250
48 119 65546 41858
179 51 48942 96666
45 18 78428 24127
100 125 31589 29460
130 192 79341 42713
14 18 41545 40057
21 43 80252 73344
153 62 22897 84860
176 48 87302 7362
55 16 97014 98576
95 175 19499 17336
144 154 7860 40931
21 6 16466 77982
160 43 29424 83877
166 4 93908 54256
29 86 2477 79205
29 192 31337 65028
28 58 89402 91691
21 121 34413 24661
171 10 37996 73549
42 101 36026 41552
198 124 62498 97996
191 29 41768 46765
28 13 24440 57038
103 109 14824 6387
98 169 339 9162
95 143 82818 29732
109 53 87682 60883
113 7 55099 89086
129 167 40479 3490
72 30 30093 66052
127 66 62589 8999
40 169 29514 16449
128 166 50856 20223
61 41 26569 89886
149 67 92945 6874
193 194 57882 25693
145 131 91516 25159
161 159 50347 77758
196 191 70447 70833
23 11 26063 25627
176 151 81297 81143
79 55 98587 19524
45 93 70145 88730
123 8 86436 24409
102 200 51150 9178
122 8 91518 75824
67 123 71283 15703
147 50 95584 60784
128 21 27975 11851
116 97 84334 62671
75 161 48354 31045
24 136 16355 78565
184 118 24904 70837
130 145 23431 50525
38 190 53297 99144
53 144 79288 2258
97 65 35915 23479
190 87 65522 14550
48 129 3144 57776
190 2 37103 12770
134 181 57666 3511
138 42 58019 19083
163 8 62038 86075
61 188 1941 91680
27 193 4189 1700
123 185 88114 31050
67 107 27123 92383
62 174 80077 99159
25 13 80730 64875
146 115 88563 35129
59 121 2812 95453
35 54 45337 24972
53 7 82760 8508
156 95 41295 60242
166 1 78797 6591
127 92 47026 97433
193 62 99445 98112
162 52 18730 14918
6 57 45363 59561
14 118 24093 14905
9 98 38725 94288
200 89 15620 36701
103 2 37664 33711
83 4 33291 89301
166 64 42634 62225
10 150 38560 47059
44 177 96595 67953
87 132 34850 59037
53 49 16958 40840
121 120 66707 87657
200 197 25208 17790
104 166 79941 52148
136 116 25352 20938
185 175 75029 67747
141 23 73895 53216
119 88 3197 92015
74 102 30282 23501
53 42 74134 60289
103 60 76543 34035
79 106 9748 40613
118 200 20109 83644
169 40 34632 3553
128 68 43305 35683
84 154 93627 44050
88 152 48366 53194
182 120 49535 60113
93 158 39660 86733
104 96 85810 62320
98 93 63337 56315
80 130 48322 49042
95 73 58293 30305
70 34 84678 3631
7 55 52212 41368
34 91 85014 69785
73 147 54082 21247
58 112 13062 31014
178 132 88984 67598
54 67 78693 37422
96 156 45486 85965
79 113 24994 53973
166 123 13508 25952
81 2 40467 90750
13 75 67386 849
95 139 77023 67465
199 3 43178 43221
69 53 712 2236
43 159 34595 78760
117 109 1352 57378
70 92 23811 48486
77 4 72110 36017
71 78 26982 74510
181 135 84595 14315
56 156 35227 74009
84 127 19276 89316
82 16 9714 10123
10 120 98811 24707
112 154 63456 59521
148 123 18167 51816
72 52 79536 24393
61 166 28811 73851
79 30 58495 85187
162 32 56817 87394
116 185 2712 46355
156 112 59967 13148
50 93 64600 60453
104 62 6506 90479
200 150 2371 60211
191 70 11602 37052
50 120 83354 9764
120 26 43924 72759
40 145 90744 58395
68 31 87637 49410
100 54 70511 40753
127 124 41262 45419
135 146 28554 64865
171 65 22460 41778
122 12 39270 20865
182 36 23783 49958
119 136 23390 61317
33 27 89710 80247
144 163 13017 14603
82 95 50832 51232
84 9 43109 97960
113 101 21582 17230
71 185 94970 33212
148 198 96321 32155
105 117 80244 88018
21 126 79382 88486
188 45 97676 2958
144 30 11503 55041
185 163 86671 62373
40 108 80237 47738
169 71 82167 2996
2 152 48045 50968
182 178 591 15317
78 191 15184 38476
137 181 2844 37337
67 57 64791 59017
132 57 62597 62590
121 189 41809 49589
16 30 10268 62792
199 50 2811 92334
61 62 85780 99089
93 61 62173 43115
119 73 69941 2064
113 80 26996 72669
150 161 29092 59594
36 152 85395 52011
139 110 61419 10151
44 116 92788 66385
48 1 85048 1801
170 18 41339 49538
62 83 71847 49462
27 43 99385 65216
94 173 41342 25239
177 180 74738 26509
195 151 89418 89772
153 46 73325 79032
77 187 80818 39170
157 181 98390 49057
118 161 64188 82131
161 67 34995 501
14 12 4087 86594
112 99 6130 11732
169 17 69200 97120
86 80 25700 17077
77 5 68976 21323
141 46 2557 18075
102 85 59806 4982
115 6 41225 49789
148 21 6668 40861
56 140 34367 46342
106 28 29292 78748
179 131 21369 97268
72 157 20102 58076
164 13 7761 2312
192 118 48631 20019
32 61 65225 22716
106 138 68928 39124
66 8 70176 55651
113 97 11961 22513
15 117 39914 44369
13 140 15717 43244
72 90 41921 38423
90 20 79361 73425
2 41 26823 91297
182 18 69332 23301
182 149 58662 35672
93 190 25087 11962
155 199 31253 18166
14 11 47322 69325
90 197 2978 31841
165 135 74578 38189
55 56 50549 20893
40 13 11558 86193
84 116 38420 21291
109 36 29066 77137
39 178 23886 44804
49 112 5725 74425
89 55 20922 77775
8 70 69521 59762
104 132 11883 31793
34 195 85605 12784
100 69 48656 29075
18 116 94968 3203
83 28 43855 49848
55 12 97911 14149
119 94 13923 23656
45 187 73183 92329
173 59 45735 6720
83 60 87621 60292
134 176 13016 86931
76 172 12389 92645
183 199 10436 45756
96 104 11447 21582
75 187 5138 95162
58 6 70135 94946
61 111 87455 69437
162 64 95305 83029
169 182 24410 81502
195 102 10661 27526
179 114 35613 19449
164 139 57867 90782
60 79 83534 4216
192 101 57247 26630
82 94 83393 53719
80 151 55228 88718
198 165 3540 91289
86 161 26822 42503
86 68 66746 28155
146 20 27980 81905
59 24 39015 41938
55 41 91371 70577
58 194 82381 45023
37 57 16586 39505
29 183 5136 62613
118 60 83470 99421
137 167 14343 32968
91 181 57213 28342
200 80 38372 90693
15 82 32684 27081
126 34 61312 66924
97 110 66620 64212
46 34 88238 62809
60 105 63285 81649
140 122 17310 90851
144 77 12084 37725
154 149 63760 66977
200 8 14581 78521
198 46 70835 20878
83 159 34330 203
176 88 320 82216
102 55 98472 47588
111 117 19188 84561
174 52 46148 25195
43 105 4411 59917
169 92 99080 97960
66 70 89273 16960
180 10 981 84545
93 56 33200 49020
100 126 31296 8588
49 112 38378 51824
16 178 40737 62607
25 131 55658 56600
107 60 17582 85455
33 18 34488 84287
5 97 31346 53486
83 26 43542 12142
72 62 51562 10102
164 107 18213 22229
165 78 65928 24400
77 115 33877 50980
30 170 61922 34971
180 10 13833 2300
164 74 29703 33523
75 53 84968 99581
128 95 88046 57928
174 142 23475 1582
140 75 13598 97697
151 153 63689 76134
146 196 74394 77428
67 174 95460 86888
25 87 14929 56980
77 75 39692 2180
110 113 29994 59646
144 33 10726 43023
62 38 92587 40449
143 116 21631 66460
191 108 38131 39680
30 78 39523 43737
158 174 87947 68396
8 131 74543 11864
16 132 14875 76789
186 100 93253 54317
75 136 71866 82735
28 182 48585 40259
164 65 80716 2984
53 130 33768 97176
185 161 59079 57198
134 37 660 94986
111 88 49574 98416
51 40 69767 45357
187 57 77021 96323
160 71 14348 29571
90 82 36287 1360
128 147 60694 6245
164 167 68078 95329
29 145 56561 73379
82 142 68232 41325
109 187 47282 35640
134 81 20967 64100
137 173 69987 22369
161 1 20097 69023
94 151 12607 89277
141 200 31575 98250
46 87 64561 27456
19 180 87861 71111
102 54 37213 50035
75 113 51661 86794
168 121 31532 90940
89 85 48153 40936
200 176 59423 89328
60 60 38886 86744
185 168 78817 21761
32 179 30293 64566
151 58 55575 89320
139 111 28334 27453
141 123 40525 27787
122 22 62447 90640
174 188 93385 16179
163 2 79679 89076
190 194 6373 74295
98 172 37266 32908
192 157 22252 9915
110 165 63636 56244
55 59 2000 42701
196 156 5379 57634
24 37 15740 49681
113 140 24153 28476
180 118 46038 78380
153 181 64098 17872
137 49 59501 88417
4 81 40491 29098
120 186 45402 80318
78 159 97782 39266
166 105 19432 57629
141 82 29929 14787
156 101 11174 36244
61 56 92347 1676
73 141 78065 33496
29 125 11829 9637
158 62 92469 39591
65 55 79487 41287
63 154 4475 14044
136 18 32054 88374
31 5 51906 38970
181 68 57515 31196
138 112 10692 79861
89 23 96290 97641
170 161 59899 43382
13 196 14297 20616
20 119 70658 72800
50 69 87969 60664
91 72 29893 10039
35 80 80896 28176
42 84 79587 44895
15 121 85650 89687
68 89 87279 37536
42 190 24242 89232
125 104 28977 82188
27 179 8520 60874
136 148 97609 34771
5 78 30378 56075
178 152 47027 98091
168 90 11678 90693
139 200 83798 54965
95 102 83266 41883
42 60 8958 31762
10 180 69351 13573
16 155 92667 11655
100 173 74974 30205
82 84 88138 6698
4 162 76749 71226
121 116 33390 75150
182 154 5601 16011
43 141 68057 30599
200 65 5003 20524
49 20 36798 29327
160 133 7469 35145
33 88 408 49000
171 153 3584 60242
156 103 33049 26180
5 92 96352 58454
15 146 86443 78467
62 80 46223 82870
108 46 52820 8528
152 14 57722 95281
25 116 15414 96436
148 175 95889 40967
5 168 47110 31001
61 186 51991 99560
24 75 10863 27436
154 99 4135 73544
137 75 10614 83696
70 168 37555 37382
192 56 71725 10684
41 28 38736 56319
36 191 9463 92248
110 166 11810 42586
44 9 43013 15446
28 16 87350 67434
128 26 83634 31888
136 67 28356 3643
119 108 98998 77811
16 104 46528 46466
161 124 94728 97383
71 46 86157 78815
164 162 55456 7850
134 153 45297 66393
17 155 79977 76595
135 39 96344 64193
30 176 71580 5967
170 19 75284 94401
139 95 2195 90343
194 140 61455 96665
15 63 96515 62842
182 53 17174 2624
51 126 21826 41144
147 108 694 23617
196 141 26543 81527
159 77 55443 67703
76 40 43223 67662
53 111 72646 92919
175 176 69002 22986
142 51 28546 11324
24 11 61695 85280
11 50 24063 18162
35 153 39173 30306
102 111 89753 54590
82 167 67533 82971
121 15 65390 68789
130 142 30136 50123
12 5 6171 29480
70 90 21143 50017
65 170 44989 84095
73 141 64629 20085
81 71 77380 58271
54 60 6633 51125
198 35 62307 23037
50 175 18015 7247
120 98 98590 46740
174 51 1902 67610
3 90 20800 8226
15 138 65804 98023
166 38 99298 27600
160 175 24379 63499
44 141 82958 46585
77 29 82582 87423
124 170 44936 50145
159 119 15611 78616
18 196 93168 20834
13 86 84836 33740
30 13 43632 1051
151 145 31359 81346
82 196 41954 10006
67 198 34662 1770
39 85 863 28215
35 196 69385 12802
198 94 55265 56814
163 35 41876 11619
137 154 29640 36025
53 72 43674 16658
162 152 14866 9044
190 188 61169 86652
8 131 18756 81695
80 123 91491 6669
87 50 95245 95913
168 40 71621 45693
79 79 43928 89695
72 101 4488 32732
162 185 29898 81076
156 6 83824 50743
8 84 30796 48779
191 85 72175 88618
165 150 28564 76996
182 164 88767 58909
175 195 91644 52273
57 89 11801 39204
123 64 19306 24696
191 35 63396 52732
71 17 36481 93354
40 136 54317 5414
167 44 84394 4410
35 145 15982 72896
42 197 87933 31802
72 58 14928 52325
180 179 18099 98047
61 101 57029 5047
93 120 44433 64059
43 6 57393 54202
126 131 23785 74002
32 94 66789 55151
24 143 37135 64452
20 146 47579 62605
95 11 954 75444
47 3 12781 33365
33 10 47172 28841
31 102 99531 15415
2 107 11716 30906
28 131 20758 70443
25 112 64234 74249
55 192 22281 28237
194 33 15279 30280
108 45 3505 58659
76 96 89957 2123
110 199 80549 6875
51 156 94496 74875
185 80 3313 4787
45 72 78232 91770
39 43 19023 36992
95 75 15273 42192
46 107 7736 21151
103 176 78648 73579
198 51 38066 95749
88 86 38020 85733
181 109 52246 50464
12 183 83484 11892
77 125 38363 86048
180 91 49913 18591
43 77 53165 3077
88 171 48017 79780
24 17 99841 5120
27 97 67926 76976
34 90 5670 35582
181 29 39603 6120
25 133 67872 8450
121 191 87327 74840
124 147 77795 23211
135 194 79377 56762
132 65 29993 82607
138 77 86696 13517
110 39 11797 51106
137 154 44443 57125
11 3 7465 13708
160 177 84708 71247
161 53 72470 83771
142 84 69128 66907
137 35 13522 6247
158 106 43553 3157
49 44 26280 82665
192 86 38259 97489
10 15 40177 78939
191 7 30801 85921
34 172 84210 74488
3 64 86593 73338
41 7 35106 59705
15 24 16638 31152
77 2 9126 97376
186 185 67586 65048
144 185 36794 56349
144 67 2658 15916
38 150 75562 9070
104 56 21423 51380
18 5 88808 198
133 23 59434 93956
25 47 2466 27526
55 196 50846 73705
107 73 45600 18807
105 60 42140 14440
79 12 9739 88952
163 67 51190 16503
53 157 33677 3665
63 24 48881 38508
68 124 3442 26212
94 21 3330 11498
180 47 97160 62690
123 18 36146 46022
171 23 96777 26924
20 97 92431 8929
114 167 43166 44347
54 169 97195 89496
31 18 10394 19663
96 157 35426 56158
147 12 82373 34091
77 197 79076 56785
11 53 16671 71424
85 34 19375 27477
177 180 85932 49216
147 124 58562 90073
114 151 61686 3113
13 189 18717 67770
7 14 62072 10663
73 141 31880 50433
71 80 59012 81639
157 126 94999 26612
129 10 53759 57913
43 79 23638 72665
61 125 95308 96979
93 91 59904 78379
74 78 9215 78260
109 18 1175 93580
134 158 43520 57036
163 45 81813 70162
4 186 40259 53667
9 84 93623 66
63 11 79462 59743
80 65 53127 90750
34 165 13528 75047
50 124 95636 40327
98 145 26050 35757
160 119 50683 66348
80 173 65683 48921
4 177 38771 34962
153 56 81052 37163
173 134 20949 82403
120 9 13031 88874
184 75 60880 77738
1 144 67915 43570
100 100 4664 80689
78 9 98312 14838
147 152 78074 50743
180 182 12100 52482
110 177 71193 70327
12 156 29908 85864
31 79 14033 93676
196 27 16663 3932
94 165 87181 46690
133 176 80772 33592
55 32 79196 73408
134 148 34498 82237
81 36 82561 45702
198 188 27609 64697
103 1 85856 1540
147 42 33842 44375
152 80 56979 75156
191 128 89814 82428
72 25 51456 26176
15 26 49531 48098
7 70 25735 68923
13 131 73042 7886
39 95 11754 39677
62 180 70179 33728
8 102 61684 2743
74 27 83713 62168
70 99 16749 15270
73 88 99246 67865
40 167 37808 55746
138 16 15013 95340
112 10 66945 26850
92 35 11399 15746
160 16 25868 4805
152 40 22769 7795
49 78 74108 11034
66 86 56080 44877
123 103 20935 39070
61 51 85424 6113
50 83 7600 59804
38 47 14531 64110
165 156 58543 57127
103 79 83058 22879
168 114 38371 85857
131 44 24581 75384
130 78 46219 9072
86 11 9232 82132
181 73 86525 74228
141 158 65534 16181
146 188 839 43845
119 192 38437 12643
52 111 82754 98212
116 26 66357 85977
27 52 73923 57544
93 122 78770 40671
89 99 96243 73172
54 185 29544 42680
182 30 41820 88186
170 171 44095 81790
53 133 95544 40742
181 136 54735 41580
143 73 1743 21919
74 175 6923 65459
157 3 39186 41507
44 88 52039 1414
48 28 79516 62251
71 48 95623 66777
115 68 53118 63040
30 23 27188 9209
102 14 7831 96699
164 74 61651 79928
130 120 78493 59845
54 67 76972 17055
185 117 81739 51345
45 127 96052 2429
14 60 63745 77054
78 37 50170 48446
23 137 57476 61857
12 60 5208 1229
177 169 93867 84660
139 163 31218 79732
26 153 23545 89095
197 120 95396 71000
181 78 89249 24827
23 172 49684 32883
52 163 58859 41721
178 115 6823 85371
31 168 60454 29499
132 86 41329 22156
160 120 19741 20564
143 115 98135 66263
186 48 46980 48083
199 162 44227 989
163 37 12038 54536
134 96 4907 80763
87 188 72469 20469
177 94 64672 68672
14 58 46976 90545
74 72 60794 58287
115 188 54260 50321
127 185 52089 61243
61 61 16980 37119
159 3 93951 79450
168 189 63207 61728
66 81 44572 727
2 31 14891 42878
32 128 54768 55289
89 104 68729 3313
166 151 88033 71690
42 61 10370 47195
183 173 41865 64936
89 91 80039 69666
31 49 15633 51360
38 159 9870 25878
63 153 84955 97020
91 94 94325 12602
158 22 68208 79934
65 51 92472 74889
44 116 26873 66006
163 38 79545 17918
151 77 36910 75030
128 154 71517 42946
64 101 43072 27213
163 12 1244 17163
85 157 39364 65880
84 9 84397 87721
191 154 79099 88108
198 31 85535 63892
51 44 53804 97562
105 120 59077 59735
139 26 63816 96229
175 140 37232 44146
180 195 1584 66315
49 62 25400 80490
120 45 32821 85463
194 92 40286 34941
99 112 35715 17273
64 81 25935 4658
72 58 82565 53413
161 13 40803 38595
115 114 20167 45638
1 33 47979 10134
39 159 43425 97427
14 38 18947 5274
175 144 23496 94715
167 190 7545 4696
127 35 82436 33882
46 191 50218 90431
178 1 24917 88382
148 36 33711 89972
195 134 28783 20147
52 141 21564 44084
103 180 91275 31807
164 85 22234 26988
175 103 39348 26694
153 58 69934 57620
97 112 29964 36465
154 38 26907 62414
53 156 39999 5822
90 98 69868 58018
154 132 3211 54144
168 199 18637 95733
169 181 3829 10398
65 189 76324 66909
15 15 89443 30304
115 135 18019 26339
21 144 98105 81412
9 195 73644 45859
42 120 2481 8669
187 21 59818 11797
5 93 20638 88147
93 187 82608 7067
85 118 58025 60881
118 175 69403 13660
51 162 83028 56700
121 178 21692 4780
93 72 27689 9347
61 29 31070 10993
91 174 16876 65400
79 169 67798 28157
107 101 62355 78146
116 134 57794 60493
39 82 1731 83836
193 46 69691 20905
44 156 60700 32388
86 161 732 86861
115 98 24851 23884
21 152 44475 66200
89 21 80664 96866
21 45 44913 64501
161 112 46459 97089
59 126 78072 15849
111 149 66986 76019
53 112 46924 79341
4 80 42063 35154
47 40 33234 8361
119 4 54528 3019
73 162 75679 74192
136 140 30126 54411
45 68 12881 94033
53 97 79432 96592
19 98 83665 75990
103 9 37241 26835
119 193 78516 98007
164 187 52487 41929
40 166 55350 435
29 158 62298 41357
104 111 76933 92172
143 25 83541 46308
200 94 52142 90161
100 147 8878 60260
20 164 45381 64995
2 83 28240 64738
185 161 34490 42682
184 30 53120 59118
188 119 25235 51541
198 198 86670 90071
140 102 91219 44380
91 95 39885 20976
29 63 58333 73001
119 74 26590 25441
133 76 65787 49044
121 132 8819 22113
73 148 53359 69389
144 86 60399 52098
143 9 42968 67820
20 101 16638 24267
123 155 59580 83680
52 18 36461 73852
172 61 80643 16252
72 177 66321 68739
198 142 29245 80971
21 35 1588 28584
176 31 73108 80409
143 13 24415 55336
70 33 39150 20973
176 81 12148 46852
14 126 33840 43543
180 187 23983 2196
165 37 59306 47200
47 196 25498 8126
169 104 12858 92644
91 192 94214 46248
102 176 369 66553
85 137 63448 4969
35 37 88936 87444
102 123 33312 27141
68 161 101 30749
52 96 13340 63737
176 156 13665 66487
177 36 72029 29968
178 23 23073 64433
145 65 1897 82120
106 52 83967 57734
38 90 75563 92902
196 162 84355 91810
110 137 65485 40579
118 76 44450 82547
89 51 47990 67667
20 72 15572 99254
101 184 89989 16784
61 50 80683 81090
132 62 25796 92338
37 184 76687 51938
3 126 95181 18523
138 70 47611 80849
27 83 39851 31983
10 106 44696 94353
113 192 33691 66980
90 71 50269 98046
8 25 2297 41309
134 124 99963 91132
164 143 17597 47583
46 139 11140 73364
38 22 98574 47607
157 5 62398 43160
181 56 62553 90575
82 10 35814 39613
33 170 53215 51160
96 4 56303 63337
200 12 37628 66198
176 76 82796 6973
12 163 34015 67263
132 168 19143 22064
89 152 38479 91587
189 53 28113 22618
120 128 73589 67838
60 105 14712 9396
65 61 57680 65554
25 127 45412 26882
83 106 71066 27596
73 21 53608 44541
92 96 82809 57943
186 79 74818 60142
94 173 87416 30637
56 196 27273 64286
189 162 29401 6702
121 166 33928 19350
132 194 91309 89840
171 147 79817 88444
95 112 60196 83195
114 152 57147 98328
88 16 49758 20196
109 139 70778 19664
149 91 54822 99799
80 119 82865 88646
183 45 85712 59684
49 19 71618 34081
114 32 3114 92912
142 33 65439 62211
185 113 70432 48519
106 152 5834 67734
97 168 49278 17773
54 44 4424 6045
171 50 11666 41949
92 131 99000 93270
141 161 85376 93240
196 168 77471 38824
8 24 64279 39011
97 10 5794 3581
1 49 40960 58225
50 147 36929 25637
178 73 42548 1132
180 140 56476 58817
80 177 35765 72602
132 198 68156 63739
28 117 42187 61618
56 112 20722 49600
36 103 80842 14229
173 134 26919 59716
130 186 81312 45366
184 190 62927 47065
114 1 27118 77195
72 19 8543 16941
94 168 82618 57769
56 116 51876 33456
92 168 7160 60146
55 28 7181 67090
196 69 86235 79207
10 50 59987 37978
172 58 95445 24978
94 120 22592 18061
30 193 25955 34085
129 69 59827 34156
167 157 9898 77524
192 77 97145 28391
160 75 47630 27068
152 78 23207 55438
158 18 53004 89888
8 43 64921 22650
108 17 68053 78473
171 43 28854 71383
174 95 90888 47880
72 89 51125 30730
46 130 94117 77608
171 59 83304 97963
88 187 15287 42281
180 157 58485 80305
144 70 39848 68598
101 198 39612 87180
169 140 42192 83609
110 128 31614 46889
61 3 85089 16266
83 34 87708 43124
194 115 98152 81384
43 23 8613 76497
65 89 41991 76426
72 22 96020 58784
151 30 66796 90732
20 114 89047 25969
86 103 11204 73039
40 34 9665 20018
180 92 25601 24234
156 56 82319 43905
8 187 46853 35152
197 91 58718 50031
34 140 36424 28888
40 127 57547 40868
18 12 96631 21070
81 178 96288 27010
197 181 18358 29226
41 63 18272 72646
93 18 11774 58450
113 5 37648 71172
8 22 79546 55731
139 167 17690 15000
94 52 30553 90062
80 148 50894 1133
110 117 22527 15399
144 142 98704 71151
80 40 26611 97833
23 189 34117 3561
74 99 22423 14308
12 163 86381 42584
165 21 55642 78032
99 15 95603 5501
191 182 55386 75440
42 148 51440 81820
41 187 86025 87131
158 25 58270 66318
48 37 9198 18672
53 97 66503 44859
94 57 18033 36643
35 2 23298 23868
160 159 57972 84300
175 193 85601 99238
95 37 50716 36035
141 50 56377 86980
186 107 16412 44510
44 42 20862 80759
120 71 80497 97977
176 63 6416 9471
48 8 52962 54020
143 13 3949 15406
4 101 54973 77180
157 97 99637 71294
191 157 11127 35556
34 167 91835 97530
28 14 38740 65559
137 173 5740 70638
65 161 44884 65797
106 136 60351 59223
110 171 32737 55100
22 84 69057 27156
112 139 62795 87458
31 22 79688 91013
50 80 17353 87972
64 164 57888 29250
161 194 98083 20593
119 10 54538 44134
30 174 27130 62230
144 157 75605 73445
142 181 44361 66330
171 25 34426 33392
58 4 37642 4859
163 124 52458 24726
137 19 6732 86285
167 147 15637 57570
195 184 1721 77642
27 82 33882 68267
14 52 3868 31256
54 142 64576 28622
172 58 36572 24655
35 70 47435 98009
169 93 71443 66724
130 43 99426 93292
47 176 7840 9975
134 53 61245 51929
115 126 72877 85981
71 103 29346 76106
23 58 17066 50533
176 168 10134 80916
144 78 33313 52295
48 154 88717 21212
40 70 77826 20799
195 53 95596 6177
172 20 85314 74141
111 59 26672 78011
189 92 44510 69082
42 83 35298 4070
96 175 75230 96635
121 128 45379 51171
103 90 442 19689
96 154 41346 9512
152 22 55431 59659
190 50 29745 10318
52 88 15573 15241
120 167 78268 41471
167 97 13865 10363
180 102 28043 57788
148 5 14814 79228
86 20 21862 55323
176 133 20108 13661
84 44 37208 2756
148 86 88263 79759
123 29 1638 94274
182 194 69879 16394
50 2 33039 92598
63 85 19467 10601
76 106 1948 67863
4 87 46401 56711
1 97 28562 7806
119 127 5565 60040
59 67 8622 81655
5 124 16288 8396
51 182 58308 85169
144 147 22529 85221
140 126 83490 81457
108 198 66834 47554
4 121 35406 23726
20 129 25278 50175
32 107 72073 61300
84 85 23627 18046
63 184 3591 34653
70 112 49387 85012
44 48 17877 42827
40 185 94127 23901
191 124 10468 70635
50 85 63945 3213
106 163 23504 93968
74 119 6061 38440
62 74 74030 38942
130 74 51626 92237
117 30 14974 37686
95 7 45096 40362
152 130 14656 80402
154 28 81526 42347
73 109 739 23862
177 137 68826 14044
119 42 77856 64454
124 170 20114 8666
15 25 72106 454
146 66 15199 63627
136 195 17073 4376
188 28 54607 40226
188 104 12696 63821
39 26 65919 41407
132 170 98002 50902
196 177 93570 98298
90 73 85914 40030
113 1 81852 15021
190 127 20834 3746
152 103 26856 56902
132 36 69796 8148
117 84 7837 12026
195 97 79392 47094
170 46 6829 53005
22 6 45712 12030
60 28 7009 276
156 127 53764 37581
125 4 23819 87042
17 48 67617 59959
115 110 38174 62133
29 183 99384 86705
13 200 21091 29534
18 81 60370 2779
27 3 47712 46051
168 185 49739 22350
165 26 85040 17412
115 110 12803 87753
144 80 6078 3074
17 148 32497 31978
39 73 46353 29184
15 8 38465 39892
133 54 46104 42203
59 150 80075 28631
38 107 80670 96337
26 45 2920 2393
134 178 45660 5822
105 104 16531 29640
70 136 21986 54587
109 61 71806 12307
12 53 31364 11499
117 127 90998 50091
25 54 68566 23441
109 69 68933 10452
51 28 99713 13495
163 83 55660 63708
43 37 9328 13084
60 198 16541 85527
70 144 10878 24104
166 178 23462 66862
118 19 58769 11073
21 22 74973 69750
144 94 22790 20036
129 77 17318 31481
69 128 72647 38245
188 5 13623 61678
196 143 16568 37537
86 193 3517 64817
52 58 60507 64360
82 1 94700 73483
141 49 65393 3665
161 102 72270 89080
78 137 39804 87121
108 25 66507 12665
22 178 63012 18155
52 179 36369 67870
109 3 37410 89537
4 92 38658 36349
113 171 70337 740
51 30 36008 90727
36 200 66770 12704
29 89 17193 85124
123 114 85715 95412
169 72 58764 38616
79 158 90769 89791
59 8 88009 2200
142 45 7987 39935
185 126 56423 37037
160 93 974 49293
191 55 42403 11558
124 157 43671 3045
37 63 30552 9020
35 139 93875 60860
182 117 14104 97709
154 168 34625 26012
9 108 38846 61992
74 96 41307 6749
58 170 45478 38074
58 188 32184 50353
16 170 12758 68176
57 162 26695 52049
7 180 34669 99740
158 170 11188 55656
165 121 57881 51344
18 137 17291 68811
126 106 82445 37507
67 96 27539 30117
130 64 90173 70757
73 92 69666 18843
188 11 64362 67158
34 29 12646 98960
187 70 45619 95646
72 176 17694 94242
50 159 69889 56680
7 176 53005 39478
26 177 56184 29301
154 159 52204 76069
14 20 44684 96170
14 159 91172 15147
108 9 77783 21503
131 22 3981 7790
80 145 26359 50629
16 195 62808 98901
18 197 26089 69769
182 140 44247 32252
132 69 29784 87405
1 18 55605 48611
119 92 46667 96893
100 49 62503 17076
62 144 26389 2659
36 131 505 41199
112 100 90700 80095
187 52 61368 86061
152 48 55368 64622
117 101 46515 91507
110 158 80344 21130
163 115 40760 10340
69 188 95835 72490
93 135 26412 30827
141 159 68284 73206
106 149 86540 33649
144 4 53778 72586
88 80 60554 1074
159 70 60077 80241
48 42 60589 67329
69 69 75908 65044
121 62 80004 13558
136 196 58342 49123
122 129 63645 73459
141 105 78103 63558
91 130 76323 7729
179 118 48324 38340
195 200 62579 13827
125 36 28443 38378
1 114 74462 13200
155 164 83794 22410
101 30 49116 13802
135 110 82957 5313
109 173 72355 90683
42 181 98964 2264
187 196 72464 49575
95 127 80307 15269
156 162 4166 3702
116 104 47401 60793
113 198 12938 32102
118 141 27234 68989
176 168 54163 20510
12 27 31854 196
90 45 46349 29214
33 72 27382 49332
124 118 52439 90839
100 78 97822 19321
112 184 23979 41950
170 69 64088 79623
130 147 96286 57871
184 184 19462 44143
174 5 98645 9082
84 157 1400 51170
119 102 10204 30954
115 112 92042 72072
192 180 62071 6317
170 62 58942 34883
29 150 9080 10392
16 36 44458 73422
160 3 3978 25734
24 128 61259 75825
134 42 58893 75824
33 148 32045 79927
129 154 82903 59416
191 176 53275 79695
135 26 71515 92472
90 191 42681 20240
143 111 122 85180
124 119 5479 15893
73 75 19173 78687
182 60 87841 4679
77 114 41732 68698
1 91 54759 37696
25 197 30608 5605
119 113 65300 84152
101 73 55432 11277
50 156 51374 62167
184 39 1191 8109
57 6 46777 94733
98 140 42199 5934
64 144 79876 97025
186 24 1030 58984
111 194 10904 98568
120 41 79413 75421
160 54 23343 83379
26 119 80267 57695
179 172 52276 58870
170 120 77695 827
100 29 40670 5486
52 43 2036 64610
65 179 11003 82649
130 39 80730 35203
143 189 47219 49496
41 172 84992 30485
164 133 65813 74595
11 118 28050 35498
164 99 95704 98846
133 167 53008 86045
47 138 45987 46455
40 3 96228 3376
15 88 37877 68609
43 60 11072 94732
188 89 28648 84977
54 38 59904 78716
170 99 28398 50543
86 178 30844 56874
47 169 38610 7319
173 37 97495 12739
120 41 57519 33507
161 57 55550 49961
59 128 29954 27765
74 56 74740 25843
124 91 20506 16162
143 102 3280 76171
186 118 45018 14233
128 158 41033 51927
97 95 79389 37681
67 105 10191 50541
8 98 96279 45565
129 157 79947 53706
131 37 75695 95971
16 137 29036 11509
176 99 76957 24777
80 52 3555 93920
148 50 5066 70189
144 126 30443 26471
165 103 17602 72032
49 99 58387 69874
86 15 40006 71355
96 189 91462 82902
161 110 3305 83039
87 49 77472 80981
31 66 46943 25884
58 78 21381 87458
152 39 68090 48630
179 116 92775 20750
87 131 69353 39679
16 73 75421 6883
44 41 994 31524
179 83 22466 96770
107 96 60951 86770
79 195 78208 82094
122 58 95665 6951
111 78 21842 44827
116 16 81832 22021
193 109 36812 13865
59 107 14178 20088
4 100 15420 42582
159 146 55181 26091
128 20 77544 17614
18 137 93626 83975
109 67 59958 79749
159 53 20516 83458
113 56 64890 60461
164 179 5338 34946
84 82 44185 3791
101 81 31107 64752
69 65 46111 45862
18 42 74833 37296
53 105 70038 4073
158 188 8215 36840
80 52 73591 1876
48 19 22249 15687
154 55 7507 22468
139 190 94543 32296
174 154 85242 65465
120 30 31185 62733
198 186 10367 38835
17 156 90727 79990
176 72 23054 73297
126 82 64922 22887
125 18 66417 91868
11 87 48210 76670
130 183 48032 27479
125 150 19427 42211
49 45 79335 97108
138 181 9186 93700
191 100 14603 9043
112 176 63009 16094
22 74 49122 29433
179 142 9993 33565
170 88 36216 30003
57 8 56725 58283
150 26 71849 6720
15 79 83751 17703
30 192 15171 65096
76 69 29917 76011
181 73 9552 43132
35 81 62754 3007
103 181 42787 26070
36 166 52494 80097
93 112 64622 48876
106 122 93675 43520
142 13 72901 26325
19 153 22608 6561
82 166 79575 45553
69 26 51738 52904
46 46 16987 98724
110 110 37755 48836
182 193 11108 29847
193 174 81548 80472
116 1 54595 90945
173 76 28948 10734
84 17 79940 46677
127 47 74292 18980
2 75 15488 95344
54 186 59798 29083
128 68 30833 14742
189 124 61732 41136
195 69 230 94199
58 79 909 27240
188 58 44530 50824
187 82 65146 92486
114 69 99869 50330
141 161 15428 92045
92 10 67862 38956
101 114 73983 56977
193 137 70786 23276
162 88 77910 84876
179 65 48986 77709
151 186 54770 3394
69 98 56169 23817
3 27 71296 7649
146 129 2188 47111
67 81 95688 40730
104 198 11610 35251
28 128 5383 96454
47 191 67362 92093
188 39 59565 49616
100 180 98848 90675
200 32 60894 2165
2 146 77112 30052
13 186 17385 80757
166 186 6735 9157
2 8 89724 42405
96 122 53947 31505
57 113 10990 40664
87 33 87493 51963
156 152 50138 90468
156 189 12664 78016
100 75 5244 44087
164 143 269 942
82 62 39790 28334
144 91 76538 38212
48 136 43518 98738
118 187 51917 98364
118 147 54369 69594
111 59 67316 43454
48 126 59142 11465
57 51 88161 88221
69 52 13246 52632
149 170 83627 93364
111 28 86120 1289
193 144 58790 77851
200 41 42454 39566
117 130 99962 99852
137 1 66960 15990
23 200 36234 92355
154 160 79180 43390
153 136 8755 23860
159 165 94876 63559
159 82 9011 81979
8 178 68394 42498
36 19 15648 5024
142 190 16804 39133
44 53 21358 29823
59 92 63589 30996
170 43 64058 65966
64 147 9228 22091
73 16 4583 3486
111 94 61806 1277
5 183 13462 18034
137 172 4276 58673
17 114 95414 49272
30 47 50156 59387
128 85 68313 17001
162 134 67551 32562
71 170 76796 96507
36 149 11972 23310
144 116 10554 25466
152 82 19205 16027
14 126 92303 63129
180 113 92015 23853
101 61 60787 95727
149 7 10054 51654
97 143 96472 68833
9 160 87850 44108
180 92 14280 87715
148 82 86873 46749
91 43 40547 5867
45 33 44538 79902
8 146 92642 93883
48 4 2634 55241
79 9 28474 82337
148 133 18493 82502
187 22 47138 12581
13 123 70136 94974
144 192 95940 94575
161 81 9938 77035
176 190 24213 6566
148 54 29319 92431
152 47 44764 90649
134 133 8828 13744
83 58 95258 46183
130 13 21142 5252
180 37 71821 81590
151 48 87500 57211
14 80 38418 92110
193 14 97317 50052
30 41 59592 94567
143 185 94071 18689
133 191 33898 32479
13 16 90624 32751
120 187 24007 24674
177 118 17925 20741
74 48 29880 33060
95 59 89120 88501
7 56 10986 56225
111 200 81219 71161
9 191 31146 79457
132 124 70771 94262
164 56 36127 756
85 99 34108 96522
52 62 8276 28616
22 156 77102 71912
84 90 63023 53579
102 113 34049 84690
30 97 38473 75717
56 17 33037 23960
120 197 257 31243
188 192 71253 37660
91 2 79742 6149
5 67 17707 60488
13 120 69621 29350
43 86 66115 92313
30 157 55570 83165
113 32 6432 19679
76 42 4819 8406
62 83 37628 3059
177 52 33187 89359
141 7 95972 13091
153 162 94333 14248
55 6 97767 96281
183 59 68075 50280
62 63 83734 18113
199 160 2839 64196
106 53 80362 57120
108 172 8572 88919
15 15 75680 10177
41 105 80002 93014
154 176 80232 96155
42 36 54201 50339
121 95 38328 14231
99 93 62830 33904
186 174 55016 19943
93 26 74155 51016
176 189 43726 80187
198 147 65502 95164
52 102 67190 504
39 86 2117 33905
136 41 47972 67371
198 26 30086 84297
124 7 86382 94601
19 190 71730 85291
3 152 71086 12304
46 194 75020 66152
85 135 64575 69396
86 122 23063 10478
116 163 1506 34136
97 120 8433 70681
9 102 29559 63355
88 176 3405 5857
103 80 21159 39944
161 188 64641 57245
188 59 59837 23951
134 96 62722 85963
165 55 4917 10862
139 70 18476 27383
153 37 24868 19822
74 9 9887 49852
107 77 38815 37847
161 51 65519 61804
122 10 52219 42649
120 33 65206 6693
147 195 3166 48031
118 83 59491 6541
132 43 15283 14829
35 47 13032 4405
144 71 68238 40586
108 142 52219 42825
112 84 69644 8015
52 131 83296 71355
53 25 3491 92562
32 73 93203 62509
17 79 72023 82252
169 196 28886 17620
6 143 12680 30455
108 60 64540 14880
107 34 96286 98305
122 96 96945 87238
173 40 28990 34996
162 95 34257 29924
73 91 45271 59272
189 30 91458 77090
77 3 61110 33777
47 15 36236 82226
22 66 55201 41911
162 110 38965 154
121 191 20018 91087
132 109 15803 51107
29 118 17681 7041
182 135 20317 90681
36 148 39814 47193
22 86 72074 11123
96 117 52465 71037
84 127 43741 15570
74 192 45361 64839
78 50 81546 73788
171 56 10594 40370
54 102 89557 10140
125 34 26832 71116
40 65 96340 22330
32 44 92782 26100
79 74 45344 93290
72 74 61769 10923
48 128 59413 18555
147 56 45744 55967
179 194 80800 48998
46 174 35241 68319
23 112 92865 16804
127 61 91086 46886
148 54 28338 19781
146 197 88244 71651
65 126 90891 57969
7 64 39606 45793
118 21 1635 59711
96 6 61920 9263
33 99 20162 33634
173 42 15169 34086
139 77 20048 75517
26 9 46279 5166
34 69 32578 29178
117 80 94779 67339
39 126 40630 19004
35 124 32605 30209
47 2 75481 83643
90 81 30899 60810
108 126 77986 41055
102 118 18663 18197
171 187 13982 32763
150 62 88161 53213
54 197 95713 93899
182 79 67341 72725
185 141 251 97290
126 132 18122 42859
191 25 64061 77476
23 52 62420 47129
100 185 13382 54040
98 91 94067 86858
90 162 95196 94751
187 46 68063 9366
47 141 71978 98954
24 106 66138 83840
3 38 63374 51909
69 67 64858 61567
29 7 67297 12473
121 175 91857 14710
117 157 84288 40678
24 27 89031 54884
8 32 93725 8345
89 170 51635 34206
137 5 71061 97719
48 108 74167 95565
69 110 17306 39617
35 74 65032 59900
149 22 28750 74425
134 109 98385 44819
126 191 56227 8184
153 118 79483 41476
130 38 55107 81556
95 109 730 42680
85 52 41395 47531
119 13 35111 7660
179 109 9070 13105
181 108 75750 59310
31 131 22937 79428
176 197 85861 88007
195 58 21008 79439
139 96 72269 322
181 66 41778 39513
119 166 51017 15117
143 74 53994 23057
61 128 6540 40980
4 138 79561 77680
182 15 35184 32200
95 191 45581 9213
140 19 28148 35292
141 97 21053 36877
33 71 21628 91078
192 182 70548 2374
61 97 73309 65915
165 142 40803 31157
18 36 73393 87177
133 70 38453 28455
50 87 12320 27054
93 24 88960 66984
93 118 45556 21496
120 135 4216 37802
167 135 79739 65165
49 45 91240 88416
133 12 47294 77979
124 8 47381 11007
85 197 35614 92385
45 38 78551 46798
93 93 47305 56462
165 14 42441 33114
121 186 68061 13753
170 25 53185 58302
32 191 83139 20685
165 83 44607 76243
53 4 69286 51198
180 101 16395 35806
88 66 15891 81228
144 172 44664 11830
100 82 99395 87751
150 97 16077 150
80 141 89417 69098
128 152 80825 12473
57 19 20897 61026
195 20 54835 33913
189 71 45384 48879
185 136 9535 36137
104 183 95886 92728
158 53 53460 63481
144 55 75597 85939
197 48 3471 46201
98 148 86007 30438
98 3 89132 78200
77 163 59139 16311
159 105 6020 26417
196 170 24985 85757
74 125 24185 83941
79 115 32060 20383
131 74 95849 26716
136 150 97067 79194
73 170 87226 11118
88 118 62677 40431
188 121 39254 71971
33 81 34287 82307
58 184 17341 18433
172 98 34684 7407
76 141 72691 73944
27 9 77256 57945
119 80 44982 43857
22 176 94263 86363
198 167 86286 52744
104 13 90142 54819
109 176 20424 89570
136 101 41033 37138
78 35 46574 83146
19 101 20126 64536
46 168 54650 41532
174 193 41475 8742
198 162 30572 92662
119 87 25306 84074
44 125 29994 33197
179 178 7099 34605
170 115 61349 57200
191 58 77888 23740
4 39 34875 70275
34 57 77083 93077
140 108 74235 67558
23 13 39933 42003
24 53 81074 17477
173 11 28036 39292
192 149 4083 74864
16 136 22645 88132
194 174 44208 26297
184 40 86038 27675
88 4 22840 74702
183 161 59313 44234
182 65 40511 45901
182 135 58676 6606
63 9 27668 34948
62 15 96653 68911
24 29 7273 43756
137 142 94277 42557
49 130 99124 92457
169 154 69916 35960
105 169 31574 85846
197 77 99562 90466
17 79 47290 8348
57 199 85913 48988
117 100 24053 14249
69 19 61399 50717
177 38 59907 63491
3 175 29043 96750
16 181 98289 43816
75 23 34923 14001
92 79 15192 17233
193 17 64418 92162
171 156 5374 98891
11 151 24236 22436
70 152 48469 96429
110 34 23611 12551
154 190 54190 98308
96 148 64208 52146
145 105 25965 31558
21 187 7618 1746
96 75 42179 97742
29 43 5536 88023
137 40 52313 24604
170 58 35355 90140
104 162 65381 24159
140 52 49991 49885
72 61 55898 39360
23 86 69812 84
117 107 89823 98777
81 53 52025 25561
34 175 11306 59303
95 71 69617 40260
26 99 20716 1662
79 23 185 1979
185 92 19624 36035
37 147 74206 7561
66 42 18830 40602
120 135 18946 30703
24 171 49855 30103
156 17 47760 2844
160 15 29191 55038
176 141 3062 81978
171 148 93223 22908
136 192 61031 48878
87 82 99637 75646
58 31 55345 42784
21 181 56834 59946
90 64 90984 7221
58 128 67544 77850
64 46 96271 46461
64 86 98925 31806
183 39 72514 66446
139 65 86917 50267
7 175 79354 47309
111 38 55143 31799
90 108 98042 34480
79 133 38597 35933
31 66 27549 206
174 75 88477 72194
140 191 58515 84932
88 137 66588 17058
102 190 84301 75179
127 108 2438 7706
145 165 52493 77291
32 93 63216 75537
61 185 31996 92304
190 185 3266 70671
157 111 27073 33125
148 121 47457 81528
144 123 95143 26731
149 169 16563 61712
10 76 49801 7493
69 186 22110 49553
2 147 10635 87590
79 98 45808 40197
19 185 79390 72640
144 9 71629 55142
158 80 760 16951
200 3 28402 44463
28 39 87289 33037
54 59 54704 78177
126 121 81640 71457
123 69 30346 90373
102 124 18003 61611
44 137 40080 23567
165 156 60254 59656
146 172 60221 40614
142 111 66649 9518
195 168 52875 17766
136 161 96590 3642
8 57 52481 11809
78 96 22865 6833
127 49 52268 42578
16 71 57419 60515
169 171 80474 94666
121 5 97956 48219
11 9 49331 11158
129 116 96736 60003
71 200 55479 70324
115 93 38346 84066
123 193 81230 69326
190 1 20978 12649
190 8 25227 61527
61 55 99739 28107
200 86 24018 18172
97 195 63658 98449
24 73 17932 55112
140 195 57599 8759
30 161 21705 34479
190 114 46268 92481
81 195 12663 33948
90 159 42078 10909
104 175 53755 28299
128 157 15829 86768
27 60 2195 29600
74 178 87321 14864
1 49 7282 60200
185 2 17337 6776
186 51 19705 57925
160 67 91172 81649
44 196 1981 26421
101 121 55720 62068
16 185 18393 58259
5 2 27768 59554
92 65 99545 6832
71 145 7176 31529
32 74 97722 46283
86 21 60818 67822
20 174 62895 89411
162 169 26483 27358
102 112 96173 37988
77 91 49611 16452
110 185 18216 4178
104 119 89352 29458
189 63 68014 18328
78 188 37808 69123
7 107 8673 49577
45 132 98631 36807
47 113 22354 53160
130 190 33221 27576
137 130 69865 69557
4 85 57869 23888
71 195 48689 86935
174 24 62713 16977
94 68 23156 33314
119 169 36245 21419
153 36 24808 8359
67 65 21152 13439
67 194 62599 77916
82 97 16414 12506
103 20 41202 47289
7 177 87331 78439
50 42 89683 68534
144 98 48289 89046
37 65 76467 52978
18 77 49067 77875
5 179 95198 17616
147 132 32177 22027
125 59 51440 9717
104 150 98393 15586
49 11 94854 18814
176 190 44447 74615
122 128 36668 40058
141 43 19986 31142
103 123 38872 38395
103 95 30563 82148
184 112 38636 77682
123 41 45752 5839
115 41 40700 78967
62 109 62130 83320
18 162 27618 89256
189 169 94280 48683
121 44 33501 76748
14 8 78359 98564
42 116 56440 28352
78 2 81656 51845
18 99 41589 89746
83 111 90467 59592
171 5 32491 28460
178 89 12756 61990
66 164 81376 69680
72 57 96611 61342
137 117 82848 88438
82 7 44272 93439
100 128 71675 77896
79 141 62065 20067
110 75 93720 90424
115 122 6902 20963
124 181 50891 18734
197 81 69156 16929
86 101 548 47340
143 193 67746 19473
155 114 21705 3967
18 165 20135 9673
107 194 55326 67850
105 147 23331 85012
157 198 22210 81487
4 111 29069 75306
17 194 23624 2667
61 48 85053 86822
149 80 41135 43452
28 112 50789 7307
146 60 52411 83744
149 102 3509 67242
38 127 61971 88582
70 69 81060 3583
169 198 64830 72381
68 124 80776 60555
163 90 13843 62733
101 166 72821 44778
122 143 88180 41191
37 114 10949 51427
54 152 87623 17616
35 34 31925 97543
128 87 75788 66819
51 126 84238 20667
188 152 41633 73002
188 200 17028 65408
45 189 81604 76731
193 167 96430 48694
71 33 62339 49792
131 110 22367 77241
156 175 4760 8290
99 180 46039 69359
162 42 59316 2740
138 44 7157 33377
161 149 69339 69129
35 37 19226 38163
127 170 64632 97415
85 121 30197 92202
126 21 74500 44308
92 112 29937 9732
163 184 67287 76624
159 124 2780 16474
71 151 16906 78461
105 188 22962 5959
80 3 17472 35379
187 19 1790 64035
126 185 52745 50168
6 128 1184 17221
120 2 9704 17926
187 150 22308 33031
15 59 93614 35667
45 76 81807 23729
24 148 23025 31619
155 12 81131 52429
84 171 46138 44678
145 166 27762 8058
169 200 92655 6726
53 92 17436 22807
113 16 18321 58363
21 117 52315 38740
104 157 53492 33296
166 100 80360 19733
176 59 73814 98411
172 17 79427 95580
126 186 38442 38675
151 13 76800 90441
60 136 90949 45341
130 79 44415 80531
7 62 31258 74907
196 172 35099 45301
121 33 39717 16967
48 96 9296 24556
182 177 23228 88180
103 128 72757 18472
33 43 80305 72092
27 27 81894 61253
135 200 92767 42877
12 106 51715 91766
184 117 8091 42929
61 45 25180 45273
147 27 15047 62305
22 47 25627 54545
120 63 90522 26143
66 143 61178 69139
62 145 73334 43647
112 175 38461 39794
109 79 56305 22972
27 95 59128 19484
99 169 12895 613
188 137 88905 81471
153 133 82033 20867
61 36 74918 90265
45 83 86824 80712
118 172 89715 16691
16 159 55452 23051
58 166 35444 63188
103 140 84817 40212
73 86 59602 23105
108 165 6514 93432
85 43 95140 65632
52 4 53290 72368
119 183 26280 67206
104 38 27570 12653
25 170 95055 20882
31 18 73426 28844
108 142 68286 5527
72 112 60849 49353
10 186 84655 41323
27 142 47836 67302
195 50 53467 51678
119 138 12556 18842
130 11 64793 26100
98 157 35258 54363
190 9 69984 6892
47 28 23510 31687
132 179 55430 73831
193 135 84132 3852
154 139 82816 36491
179 52 15777 83843
67 113 28051 57869
170 116 61420 75304
175 15 20757 6661
175 114 73937 37189
178 61 95755 23189
119 65 89139 49251
35 108 5850 30665
53 53 60788 99452
125 196 66482 3997
85 95 93086 32521
183 48 77535 96375
113 11 95036 76876
102 95 6899 87098
118 19 68028 17653
135 4 43822 15449
21 147 18727 43660
192 100 73474 22067
196 101 887 2187
190 149 74674 1529
29 165 17647 87830
54 67 54992 44735
180 189 80284 89660
182 98 82452 3695
3 88 46232 22337
11 90 30274 60597
199 184 45214 95726
172 52 28070 39004
66 130 40644 54542
75 120 95805 57508
41 47 79241 93404
64 88 71285 42422
134 67 60224 95748
192 156 96832 65004
70 199 62945 52557
64 46 37550 23271
17 169 60179 20682
173 190 87329 23220
183 33 63408 54438
165 125 89354 15641
127 147 66548 52960
37 76 47965 13299
128 42 27831 51953
131 84 34114 66062
83 50 42848 61769
179 101 57162 1835
28 131 88633 24406
61 185 10251 29743
6 2 81805 51235
43 88 69200 92782
70 49 39957 86707
197 100 22454 10412
142 180 40053 30337
23 69 96399 63887
18 133 27964 64051
191 4 72160 7757
75 79 94351 84096
170 186 84087 1426
73 100 27860 95150
150 192 50343 68127
154 113 53018 2643
159 166 22267 9631
63 167 60407 75704
124 6 7696 33822
78 130 33219 43733
137 88 35027 9145
190 12 75230 1911
69 15 35530 4042
121 72 45378 11296
108 24 92962 90866
91 9 4103 14737
156 8 51234 28689
143 19 75667 70553
26 4 16767 91548
88 175 82123 4209
100 176 29839 81731
90 121 69080 54997
46 195 82775 77872
8 67 98680 31318
143 112 86977 74500
37 178 24126 45482
147 133 47217 29189
110 190 24722 64206
145 45 15482 14037
20 132 39294 16129
148 159 20107 40027
196 198 82274 28870
37 151 42909 10570
177 151 88043 54429
37 131 58408 11531
143 97 49742 58369
37 149 92430 65751
48 186 17103 31746
184 85 46870 55468
81 192 36590 77452
149 45 60948 1211
155 186 89154 95931
32 13 99268 88011
188 145 11975 5121
72 168 44818 83079
158 1 23386 8343
16 163 80321 71005
37 187 16991 82774
24 139 62720 99485
75 76 13086 75243
156 149 58802 77044
189 52 40560 67007
170 110 66419 96872
173 170 87071 2007
69 147 70628 82335
81 21 72873 83156
30 199 36075 35275
152 83 38601 89316
200 2 2067 90793
170 148 58898 89674
114 103 60526 67382
135 197 71787 81445
31 107 13740 58754
172 144 90163 8023
31 155 88889 69266
116 112 38750 34804
14 92 47245 96242
99 104 49679 42759
185 171 32303 97320
90 123 51298 29207
14 77 93356 87486
120 146 66910 13367
187 53 88310 42836
69 44 41778 46322
76 195 38909 40310
119 159 24632 32063
87 58 88264 42406
135 194 26591 97039
130 143 45884 28693
75 157 33600 88515
17 103 78688 1099
164 29 62733 5408
27 112 22372 38455
55 99 89840 21111
156 100 82764 69029
142 172 68135 20041
114 187 76619 18763
166 48 5860 94464
139 200 38771 22080
193 61 81890 70123
34 65 41882 43936
43 83 28803 86448
88 89 15836 85186
127 15 49378 29775
167 144 66802 86517
169 131 36552 20983
127 168 19606 30877
164 74 62682 84245
195 71 57985 78877
163 7 57193 28208
107 178 93239 25378
154 165 17327 40142
49 142 51081 22872
36 22 36829 23013
54 182 85448 28465
28 110 39731 52327
100 3 22385 75699
7 79 20593 76210
164 37 35793 27672
94 165 92189 44570
80 197 97950 88021
63 49 99352 35594
152 116 87850 516
114 152 28332 39184
103 123 80040 63059
142 75 97604 41159
108 100 88168 37088
68 166 30224 76936
179 85 50366 19154
193 44 89655 86691
116 129 28968 23818
31 120 73818 53270
82 153 78440 59231
186 19 16779 81276
147 189 6160 78671
4 130 27481 18420
156 6 85626 90682
11 15 2091 25650
4 37 38390 51107
128 77 50781 86849
181 67 93673 33944
129 103 94223 80558
17 50 7943 71098
78 24 3738 91848
185 80 42525 59394
85 10 63421 67396
30 17 57645 81785
72 129 98930 39396
170 171 17297 71138
76 95 90146 7094
117 153 31425 80064
74 152 89346 33922
99 91 29212 59435
23 117 58277 71279
75 99 94604 48669
70 19 53003 89705
15 87 75814 2002
75 171 84942 15621
73 92 76256 90207
191 98 1144 23256
162 7 72659 57568
81 32 72607 87988
179 172 84366 78442
41 67 53803 26639
174 33 53082 25012
53 116 37176 4703
139 18 19556 72473
38 118 91424 55451
30 156 57958 29667
122 124 54183 39354
109 84 85620 88900
50 98 20407 44613
37 48 37371 1791
83 48 43583 9097
132 107 36499 12830
135 172 89865 68124
22 27 60116 96423
60 71 96999 19631
131 140 4766 67276
41 142 50019 32090
85 164 61071 27222
182 136 90745 7422
28 158 65160 65032
82 133 39537 41436
51 58 71150 19232
181 123 4231 47892
35 98 15878 89388
134 176 55808 2235
29 69 67153 53386
76 149 92149 96121
66 93 53210 66304
87 143 31531 70961
62 187 76708 50069
54 38 94811 41625
6 79 50353 12956
129 80 79184 84539
111 107 20280 79568
37 198 15950 85579
48 127 2074 29504
38 19 93352 84516
52 100 37171 33980
190 50 6887 49195
60 124 45114 86565
1 143 90124 2939
161 182 70120 50914
51 170 82750 93777
100 132 49964 219
102 122 94697 14664
24 15 55714 31344
47 30 35973 37716
172 168 70861 29374
175 91 74011 59767
108 86 66188 89521
148 59 47790 54346
79 69 69996 46011
24 82 41840 57144
137 2 16251 88294
191 57 31377 47513
80 66 77459 47421
115 29 4937 64722
112 3 51453 4855
34 64 55173 3646
105 56 48143 92198
60 141 60735 11161
142 191 35717 26228
103 189 94643 86593
14 100 16676 42191
101 134 52997 73034
189 141 49689 12560
27 192 97533 67438
154 102 31580 85187
42 177 26502 20061
24 69 95697 1940
7 17 2889 37515
103 141 55551 38340
157 189 24998 59203
51 101 32709 48773
24 93 83583 44230
169 143 22273 10869
17 80 57517 11987
191 12 76385 74317
39 45 79200 53520
35 53 33729 31100
114 185 68130 55840
41 1 44163 10103
32 22 29653 34897
120 36 34849 67874
75 176 71330 63409
19 188 36727 95675
79 81 25023 22151
26 20 78268 45146
53 156 28922 83612
160 122 53158 53519
141 75 39746 70887
101 27 77761 60714
150 35 16366 83056
4 189 18200 43341
86 109 92299 36119
20 186 96309 54071
167 5 20531 10359
40 137 84635 30282
45 156 33885 49157
73 158 63205 10834
91 200 41090 33140
41 31 73819 59836
29 185 74962 24964
56 119 91879 56636
22 180 36985 90123
73 173 58358 23458
121 9 62772 54182
156 123 72390 84772
186 55 26633 51060
155 18 1681 63299
92 141 75202 99387
103 11 51347 44588
98 1 83446 36489
179 77 69472 14945
57 187 96944 5964
29 76 74791 80211
106 56 52635 19487
162 150 31403 86655
99 17 60926 20119
121 142 14583 77199
189 196 37813 15059
5 163 40790 10326
85 144 16677 44334
38 128 25074 27964
133 35 10244 1038
142 179 95651 41667
90 190 83025 21459
70 120 18247 67619
29 133 24185 61770
64 62 23608 32003
148 17 38652 83250
53 78 43840 72698
57 64 82431 97908
103 17 65561 56492
80 146 91495 12422
166 41 82876 7265
3 156 40553 81203
124 197 96811 27811
136 79 71298 15879
139 56 87090 47500
183 23 1379 30301
12 1 7136 68315
62 46 59997 87183
88 26 78045 76529
167 145 47338 60245
121 82 11473 23915
47 8 89615 359
192 173 7670 29279
127 64 52755 7100
135 121 25649 24010
76 59 47180 34777
181 17 34200 28112
161 60 71852 24117
47 124 82613 5762
26 62 422 20511
131 5 1491 11892
81 116 18534 5903
126 163 73302 28984
74 191 3016 73852
45 120 69518 6559
65 30 22823 79244
126 115 72032 58593
129 199 57768 1416
142 16 61507 1765
116 145 64762 68462
42 165 900 35920
48 92 52772 71599
112 125 74922 50171
142 93 32774 6527
5 143 13452 44136
91 93 34545 64547
103 158 31794 79567
49 160 84777 87692
162 161 18234 96899
174 185 92161 65305
142 82 42420 37009
161 194 9340 18276
101 184 20734 26774
58 182 34324 37771
87 79 41652 8859
9 178 39656 36618
32 37 68804 93002
35 165 64063 16055
86 197 20183 58729
42 22 8347 36994
150 39 52601 2518
52 52 57196 56404
62 179 51380 9200
66 53 73014 26160
18 107 91019 72578
128 138 94661 32965
130 136 66430 19892
113 135 1144 85293
56 98 59573 55919
42 62 14781 23353
156 19 41490 61503
172 51 72141 72316
89 74 59486 18784
93 15 15152 92875
80 154 20577 41196
78 167 2190 45113
146 10 65634 96717
44 76 7282 17688
128 149 72018 49577
57 75 40036 46381
37 98 96609 44226
50 148 57452 57777
177 163 79565 53978
88 125 99219 84915
14 15 52970 39916
146 198 54088 37503
132 42 90799 21813
159 36 13024 63593
86 131 83636 73113
30 129 74571 7021
21 131 73474 13230
9 192 28306 69884
178 42 70017 52810
19 44 62115 86605
78 99 80100 35841
63 88 81465 13891
84 13 59122 3881
107 158 92832 10722
3 154 33465 74771
79 58 33002 43566
119 177 88693 54677
112 198 84265 80545
143 6 3195 18290
1 190 96069 67277
110 144 86082 58456
103 75 64458 59264
116 80 42205 45224
51 186 98791 82335
13 166 37082 61374
50 188 76519 25785
199 77 47113 77260
13 142 30635 62493
69 180 39623 34261
115 128 52654 73952
177 53 66522 74011
188 112 38481 57802
195 176 95268 51438
102 150 23052 26843
173 183 62747 62234
51 184 74842 50532
98 169 60274 5627
119 173 61439 4319
64 137 47937 37783
100 180 99513 59635
99 166 47285 26967
119 92 25456 90528
163 115 79619 70818
146 164 92289 52033
122 47 51999 39219
171 107 20029 55602
49 188 50648 23710
137 110 59874 16535
83 154 49757 71496
28 31 31208 13199
119 27 29742 92006
76 106 67489 25430
136 142 52836 92292
102 96 9328 17242
70 87 73448 73277
68 126 61929 93309
36 11 61900 96933
100 21 49899 6644
26 94 34035 36852
191 170 94870 3381
123 175 73632 72816
57 85 40363 73792
189 136 41574 78220
133 196 52265 67988
174 169 91468 62364
184 96 47234 60890
28 148 75536 63899
92 28 69482 27251
130 152 52638 85187
124 27 59293 73529
64 64 90708 94466
20 193 51544 50969
41 148 5968 38625
176 158 25597 77347
28 13 50635 80355
154 56 46618 8120
198 42 19408 58029
39 144 44496 63425
149 24 71271 9842
129 131 73854 16729
44 28 78297 15285
148 121 80394 46301
164 1 69557 81312
35 7 44899 56499
199 102 38277 30771
146 38 30849 74251
189 22 32656 39109
3 163 10734 34109
49 145 36018 31236
84 135 6803 82878
194 184 88575 62255
197 103 88677 75315
29 147 68398 68738
100 12 54545 79855
95 28 9109 96828
163 122 30889 47559
150 91 92711 487
47 162 77606 53451
175 90 33566 8536
121 146 10225 28465
47 48 41993 12005
39 113 12790 15318
5 97 89937 34735
145 6 24877 50742
140 18 19320 72094
110 1 42491 2298
27 39 42588 98674
95 174 83772 76108
143 135 34479 79899
105 31 55421 12774
149 44 76131 97291
93 129 58225 84592
34 166 89756 55800
193 60 73403 95896
94 175 88164 25376
119 101 73274 94022
131 159 66791 79390
59 125 27414 27553
88 7 5483 69022
95 73 3348 43163
114 136 66774 35476
192 154 10629 3447
151 163 85621 58012
72 149 6192 44928
20 200 6243 80404
37 99 22676 2523
78 81 68436 82459
54 96 84380 47712
154 46 82990 74765
115 5 31638 55428
200 193 66441 23481
180 112 84071 48490
17 57 57461 94506
150 193 24904 88521
167 154 80323 16090
116 197 66894 15122
124 145 57027 60612
81 44 74854 23038
39 83 22147 68399
41 125 41021 46251
156 156 67982 92190
192 191 31008 4337
35 34 9266 49546
103 15 4363 48809
86 138 72820 1542
156 7 45917 4626
125 135 25645 70887
136 132 77921 45561
195 112 99119 98205
33 85 57681 98147
185 89 7111 83740
152 96 70443 42243
32 183 42527 76194
82 71 72454 72491
146 15 43712 48555
57 117 15934 95153
128 166 16563 88984
154 171 53633 5037
18 79 36481 31016
110 95 21184 42723
52 34 11041 40028
12 154 60204 58588
149 73 48265 68556
107 168 83440 88620
137 180 74187 23410
115 89 51335 83616
166 116 28961 8087
3 172 77567 41321
193 98 52709 8085
178 49 3344 81580
112 23 46428 63161
32 53 40549 80619
135 75 50271 22196
187 184 84602 69845
117 176 28544 91975
165 63 5231 35484
30 174 33739 10767
59 188 33794 96103
137 32 64273 96081
126 108 53374 86355
161 163 46629 55208
188 174 93655 48343
191 188 37338 98905
13 176 41727 31999
36 88 46866 82718
8 44 60322 51292
25 124 80203 63567
158 181 34232 94360
185 13 74792 29155
76 156 42122 96765
99 70 45335 45649
139 96 2425 66527
43 87 21005 59373
26 199 2980 12869
104 82 95862 9482
176 24 63496 88901
5 151 62005 3783
124 195 27545 54425
50 104 23773 39438
47 109 15306 72619
179 107 15600 28763
191 39 93576 1342
93 180 89462 55665
76 165 28514 56524
110 58 85908 79295
84 33 88222 29857
148 88 99104 15967
121 16 48151 52586
99 44 26061 49032
191 194 65630 8065
146 81 63675 1518
161 5 13664 75389
156 79 3860 21335
116 120 87113 57354
89 152 31492 45839
152 121 74884 26053
188 186 9189 43774
196 66 78072 39030
173 73 19558 99012
81 118 11030 40391
23 109 41772 52202
27 111 97900 19228
1 174 57705 6965
181 137 65334 27798
190 173 2167 91630
116 166 96454 47742
79 69 58413 88376
162 121 64358 40559
118 35 74168 75075
3 69 4625 42518
35 132 81855 67646
24 182 233 48046
113 141 60216 82702
177 141 50666 19016
168 3 72915 49173
13 71 26130 61123
83 107 74111 45129
138 100 90424 24207
9 89 90728 64957
9 50 85546 81387
125 115 1136 10637
145 185 2431 54163
168 68 809 5552
81 31 43820 33575
148 92 98180 93493
41 147 49503 8058
97 132 6251 70228
176 108 69534 51063
122 141 5003 45352
69 129 8378 98633
102 48 30322 9782
32 104 97656 15906
138 118 65707 37777
63 130 41873 62390
172 7 44091 62094
76 131 59229 38253
127 60 8741 82434
172 45 32910 8535
92 152 1906 49068
104 36 6440 24540
45 168 60458 97984
38 73 88055 55523
1 185 9109 80244
39 1 2888 1752
61 169 66186 18522
192 13 66851 38484
16 42 19119 31467
115 114 90746 70478
84 20 48880 24073
4 176 30082 98264
178 26 45711 65689
71 173 59241 9068
172 186 34820 22939
175 153 25741 82921
83 144 937 16566
63 161 83354 22452
33 137 33948 9543
19 15 27738 3147
93 146 50746 36134
125 111 76667 93801
68 57 4853 40238
82 25 24565 20695
197 32 58754 17823
20 179 81436 89514
98 143 32081 88856
177 102 15473 97607
196 153 58912 63770
64 119 76455 69956
85 148 81637 21495
17 165 29526 93931
189 148 69190 66371
108 143 48979 62317
48 151 3592 8676
55 61 43804 16114
165 47 11411 80454
98 173 38193 21111
22 189 95730 15971
60 14 17287 1952
85 51 15861 72471
157 133 43664 99810
11 199 92279 46445
76 21 85884 69957
8 85 33871 16044
145 161 98194 86947
73 59 81386 79516
106 122 46331 18406
107 156 68923 12966
9 5 72349 24205
178 48 93092 38159
106 148 68505 69229
127 145 66973 84359
71 139 23937 67887
92 198 35277 14672
61 146 34964 53894
104 9 11926 76053
118 88 41577 24124
167 18 92516 29229
87 123 85322 48012
152 196 31455 85186
186 75 79922 15654
96 6 11033 98668
107 183 45388 53723
20 41 52333 5420
149 52 70009 64038
160 150 45150 8799
44 195 73450 87189
141 103 4901 61712
42 9 32399 257
60 2 12757 82035
5 103 87440 56514
158 108 91269 6950
45 74 31933 65309
30 178 42902 83554
41 90 7425 31948
12 16 1128 34986
73 21 31622 5053
26 132 18946 84849
195 20 24823 89858
56 58 6789 41451
128 138 51254 95848
81 160 55893 9803
126 106 77640 20818
182 145 2623 80835
189 168 78012 23261
192 100 84425 47972
28 84 98915 41642
72 195 5541 68108
164 5 99142 21134
177 142 7438 46241
154 50 28782 23855
90 120 11630 68106
80 176 94199 42002
23 64 40762 30015
66 25 54168 405
31 15 74375 4137
98 137 81960 61818
46 198 46599 73573
126 33 41797 67250
10 135 18686 66436
112 183 27827 38018
39 9 63371 25182
83 106 60143 6881
117 102 69114 74003
186 144 96077 81185
39 191 94255 57126
91 113 14460 72858
172 37 65462 2326
61 131 10639 74404
128 175 55705 23080
64 71 69064 16261
10 33 26531 63095
28 104 68051 53669
173 105 65575 10069
103 81 16670 48870
137 130 39022 96616
153 6 43714 51013
1 162 12367 57774
73 200 12337 3239
149 142 16723 52690
168 139 71451 62315
160 51 29269 69291
66 41 43831 72805
25 141 56554 39301
155 31 88150 56246
100 59 30925 25441
118 116 77348 6892
40 86 45274 1263
165 176 79242 8633
136 31 90369 42336
62 169 53191 19026
156 128 29477 69354
146 37 87887 49948
127 144 25278 66264
118 181 40106 82440
177 114 20710 64746
20 118 36026 27410
68 36 66766 72523
81 113 97787 14294
169 130 11098 54288
183 66 60272 36570
179 155 4777 65930
138 67 40820 45090
185 64 66859 16360
13 175 40980 44782
54 50 82931 60918
61 65 83450 2841
42 83 76860 58566
2 29 74695 43377
184 186 89156 72556
187 84 50984 53883
120 66 3565 66715
168 98 28024 14314
180 177 18623 75759
16 89 873 31874
173 11 2918 63
83 14 69374 90819
126 23 53018 63686
118 49 90991 39475
93 7 67888 88785
189 175 94529 9027
31 82 27909 95761
138 25 92139 33970
91 99 72430 93264
185 149 90311 59013
20 41 58680 89273
166 122 81246 34995
18 62 79609 9901
187 6 39002 88402
87 51 75913 56989
69 50 92464 39922
188 81 75610 44367
77 34 21465 80304
11 71 7544 49548
106 167 47829 70981
197 169 4193 70722
91 63 12543 64330
188 197 57305 58337
87 50 88856 94587
79 190 67645 29657
176 13 83845 51469
3 139 36139 50338
193 161 48447 40180
95 119 40981 45931
37 58 99897 53977
69 88 57814 71902
90 155 20148 6442
14 114 77816 96151
72 102 66053 56779
196 124 59754 95836
92 182 78892 73040
8 160 50185 81641
41 112 94518 84936
27 117 92705 59154
148 195 54507 42020
167 30 53495 80104
69 157 32951 34567
118 66 13391 18691
51 152 97045 5334
23 132 82240 79200
95 151 77435 39155
23 34 28400 55042
78 116 32581 29577
139 72 47221 66624
153 11 26549 80074
88 125 14552 5410
158 165 75713 87711
126 99 66218 9070
70 176 88681 99592
7 113 64322 282
175 196 7377 85610
130 34 85775 50583
114 134 30437 73783
28 21 49376 53818
13 191 27598 94204
59 149 56746 73855
184 164 82885 97558
59 184 68516 81795
81 61 44568 31221
132 67 45591 51431
194 104 49039 37081
80 130 94416 75560
63 141 5141 28302
31 162 12265 60968
131 161 71333 5546
93 105 71486 4946
178 6 93660 24736
96 74 71670 38112
7 175 7417 70526
85 20 42803 19886
197 30 84371 76779
42 170 96351 81978
48 193 56585 38196
43 19 19457 21023
131 102 1421 72844
8 89 21063 19261
82 173 21053 55867
11 116 29541 20175
151 84 89382 77872
188 69 69027 29850
23 122 59505 13522
174 198 76266 9225
180 127 84984 37732
10 199 77552 27386
26 32 49849 83025
153 32 77810 47612
173 134 94814 39181
60 76 45129 25507
47 54 69953 70195
150 33 42261 77920
77 200 4891 66020
39 84 44892 55800
57 162 17171 99161
73 73 66858 44456
119 52 65200 26040
44 197 67164 81289
130 131 12117 69961
123 78 29316 68541
54 81 41224 50762
62 79 72863 99916
69 42 61651 35468
153 72 48332 42524
92 150 74901 95318
154 98 58959 39636
190 75 89234 78067
45 140 69580 58528
86 34 83585 22429
9 146 45094 94935
39 127 37791 37093
74 11 54590 43041
110 84 93210 59394
31 65 96544 92565
188 77 14877 85437
59 51 30806 61752
158 3 54967 69521
166 68 11810 43068
183 51 76266 61561
180 140 70140 30798
195 46 71492 75299
147 116 57942 93612
68 105 56701 80933
38 35 51145 3422
70 132 49812 3529
118 54 2495 36208
133 149 12033 15092
6 89 77102 571
52 172 71567 97584
197 49 21974 4704
13 199 97396 5356
118 173 38056 51501
166 14 44847 96834
113 166 12966 93516
64 165 56103 5025
154 52 21369 71875
97 71 11331 25427
143 162 66022 74628
57 39 72354 58427
27 199 21475 48896
198 39 54621 29997
55 197 25959 49724
130 51 90102 25493
46 180 97557 22677
89 157 40265 95636
71 38 81871 90567
174 17 23496 9480
189 10 2350 85348
101 48 92501 13707
48 59 22811 11463
193 167 25086 99557
139 145 31866 44956
101 55 74896 92529
166 85 55360 70482
117 93 94879 22333
123 158 37978 45510
117 50 62109 92219
19 57 3749 74653
198 178 97312 99992
81 10 40946 31687
118 30 91888 74915
4 70 74263 49246
54 171 3906 65241
143 20 930 58108
4 195 4093 77826
130 149 50274 18736
64 58 98743 52955
152 65 82620 9535
130 16 53544 49020
88 115 53602 20416
25 196 86768 42310
23 26 25320 2523
27 109 99325 63996
131 25 57622 7273
193 120 52648 85773
23 21 84577 96149
113 63 78331 15432
156 35 34726 69238
53 150 23535 52027
132 138 31199 89256
97 22 68461 774
71 155 58103 57515
127 20 58021 57337
127 14 74670 63512
85 186 77605 81211
134 135 81182 22769
171 26 2589 62357
69 34 42136 13654
40 144 61547 75930
157 45 75553 95052
156 55 78122 70124
161 5 85819 78755
172 80 4079 5512
79 109 50399 2742
123 25 54365 49437
28 20 45631 61728
190 18 9981 98957
95 13 80504 77508
78 191 29275 87922
115 176 95528 65542
152 147 90090 25791
175 142 2758 72284
133 17 69482 27972
95 127 43753 62919
92 67 80443 6275
83 77 59720 27806
6 142 12110 2510
37 168 83596 84106
7 58 48916 13531
102 178 85595 61234
33 52 17774 12016
152 170 51 62052
138 85 90055 72610
114 108 46174 41126
195 154 3063 37967
145 181 98598 8796
34 197 82921 64734
99 49 36376 90369
103 49 40694 65118
76 31 66983 96009
96 7 19612 42054
12 34 6865 80063
15 189 654 66528
77 72 87076 87589
8 20 88496 83329
72 116 88058 5002
198 135 66705 39130
174 77 7305 27721
182 9 31953 29088
57 143 19870 52046
144 78 85359 64432
170 151 71405 35786
51 87 8874 67971
115 57 23104 62146
55 16 9131 50469
77 164 47464 61490
19 107 40903 70758
160 75 48731 9036
39 125 68038 83450
89 156 90586 54857
57 38 54954 58381
189 114 90870 30593
154 131 51844 61599
80 108 81433 3942
112 93 22230 59924
131 134 62422 29418
36 146 90662 79583
191 149 17203 67435
171 81 27295 4872
77 13 20985 20302
151 200 54681 19979
9 85 33243 19444
109 31 9412 35770
32 144 32636 75905
183 124 22288 55785
63 180 4183 97544
81 136 55225 70801
197 76 44612 24107
150 79 7285 64678
78 55 44885 96971
170 26 64118 41197
96 153 63178 28990
135 157 98655 68451
87 159 22877 39353
83 195 11550 13627
59 14 55051 45512
198 32 88873 27045
199 107 88651 57437
199 188 35277 85642
179 1 21593 57025
134 13 81675 94456
9 184 43311 25086
56 91 41953 79776
65 194 25989 52192
88 131 87228 69033
150 119 14763 40586
179 174 67887 54200
64 16 71445 34015
90 34 47618 6121
163 182 40360 79456
122 30 92111 9951
149 74 89190 63512
157 24 48936 8798
98 60 35516 74857
103 9 35589 24380
1 23 58001 23652
164 101 46015 80403
150 129 98909 28790
47 125 90162 74654
72 173 53739 87006
186 95 9191 71953
138 123 13663 14482
12 27 12922 36360
196 196 12306 15257
28 6 18895 87053
129 33 89346 95613
8 65 44737 96455
121 27 97217 95719
2 40 36602 33736
63 122 21742 68254
87 70 39104 73040
186 105 82304 35536
129 13 69013 90766
94 22 76103 95736
29 112 74687 52383
114 36 59628 47063
44 60 11394 10535
193 35 75584 72033
59 152 90558 17277
67 108 32666 79051
29 195 34125 85283
91 48 99181 84779
109 68 25662 91965
97 152 61527 93813
127 161 79545 10901
8 124 29810 67197
167 99 64523 82581
167 23 94852 88798
166 62 21287 71133
33 87 5481 68103
130 44 69453 49295
175 23 11467 84547
180 129 89860 2585
19 79 72042 82575
162 38 30299 93821
5 89 23582 81978
125 200 81121 97854
128 107 12396 53322
146 56 21491 59769
116 50 53982 23554
107 18 69068 33919
164 179 44437 32672
173 8 48611 74122
30 137 69255 24711
66 103 1427 87593
144 100 79638 3771
62 159 75016 73616
184 191 7818 9069
60 126 22325 70189
105 191 91060 80298
144 187 15186 77615
19 57 23467 70456
28 173 61011 74959
177 147 69180 58398
22 123 58349 32794
2 31 69331 87237
134 123 54652 12572
107 45 43005 371
91 126 97438 90907
178 192 35904 44308
197 48 93327 81857
50 86 11243 13750
186 51 43124 85826
156 10 88734 45673
171 155 89554 79424
122 92 92438 88054
45 153 12687 64044
3 14 88508 88857
35 114 7743 42520
116 182 76561 69688
89 23 43196 98565
60 129 32985 37877
153 141 37093 25606
133 140 81106 19719
16 132 45140 10109
160 83 70922 63415
183 58 57107 24143
191 188 26349 97282
180 159 31760 38682
123 74 75848 54994
145 105 3214 47008
54 21 53142 16391
90 71 96126 56224
135 47 87771 78725
193 176 16910 75213
83 15 98159 71195
52 19 55996 11568
112 159 13502 35899
187 151 45988 88926
123 191 74447 99117
132 18 22850 36508
113 18 5569 3530
129 172 75161 88888
128 62 92196 78113
6 108 50013 52706
197 87 20969 46101
166 183 46275 529
141 130 57654 39114
118 62 73063 62521
174 124 66769 60026
166 158 58691 70597
157 59 42992 23039
61 96 40607 48219
200 185 49594 56606
180 49 61115 76086
172 111 591 87121
104 97 32411 31498
190 157 33666 90439
90 118 36616 13333
99 53 47608 48675
176 136 55381 76965
11 71 1416 56798
3 141 32299 3563
103 92 29018 25750
121 28 17558 9386
65 198 93306 46392
99 12 67872 78229
74 83 60293 23936
54 116 23518 70357
12 88 70157 30227
156 51 60064 15930
24 194 76618 34922
114 32 10385 66595
126 181 16404 49981
170 72 13244 86280
66 15 78355 85787
48 69 70914 52660
180 68 53442 25039
39 19 10365 39444
45 26 69874 37273
171 91 85011 35087
166 35 43794 9009
23 138 30417 7229
51 136 60477 15075
150 97 52854 60855
186 67 22136 46845
28 53 19448 69353
143 122 68680 74076
60 199 76368 49655
138 113 20475 93719
57 27 16559 13627
69 126 94140 91589
136 82 31843 36083
200 133 73538 65467
42 106 14901 30804
86 172 46297 52823
93 186 84045 12039
55 157 79410 20008
18 57 78197 37403
119 153 6967 10671
54 39 23373 62563
180 2 34156 20538
51 136 51440 67128
74 22 1914 32065
93 126 66921 26194
128 33 82887 24401
192 125 58566 22018
98 177 31284 5870
199 63 80525 29302
119 138 93660 24302
197 40 9031 88018
98 114 58739 8749
94 66 96548 96309
60 132 89495 22238
180 200 85115 59262
62 151 93437 70062
148 188 63362 52761
33 125 64289 58459
137 195 90144 84711
80 175 42473 60144
110 93 89890 95515
82 133 63837 92236
94 192 98768 21032
163 145 88049 78062
85 189 34640 32728
2 107 23106 27022
70 112 86363 98871
34 92 15357 89085
198 1 67172 48737
123 110 48851 93667
189 87 83827 40803
112 160 8061 80436
106 146 31258 97104
33 85 15396 74344
110 78 53328 44377
105 75 31245 92916
126 61 54213 572
135 158 19749 95515
3 140 40689 22690
55 52 41645 56122
19 83 54189 20515
64 81 68443 29855
79 23 53627 94761
165 27 26605 40092
77 113 46190 87103
38 197 49344 29325
110 151 69931 90144
22 166 3536 91380
111 160 39755 67741
21 145 68685 40107
147 50 32512 94488
13 4 88104 63694
109 141 27100 81751
39 35 74249 72972
39 191 20082 29762
14 140 30177 96931
80 17 36750 72589
1 115 33548 34335
160 198 645 86936
11 22 20735 59919
124 1 55859 99108
148 8 10599 98191
22 110 34714 61681
55 136 7812 25739
68 30 69165 7342
19 121 27756 28187
6 21 87160 8900
149 121 84349 44038
171 93 79857 68833
163 140 23847 24417
75 59 86612 23401
32 137 32774 38688
196 151 85115 37592
61 81 64699 82588
127 142 22486 4291
44 165 46127 62788
10 90 83673 57061
181 47 77867 35296
21 166 94208 70145
163 86 73048 74493
96 4 56081 98602
133 109 56331 83977
65 25 17792 16400
8 43 44039 1228
112 166 74234 66805
58 2 60343 88790
166 199 23935 76924
54 49 16628 52364
111 158 76069 32466
77 4 48340 92173
150 110 97128 62406
17 129 12823 27079
95 178 41629 45144
113 67 80772 87506
188 102 49246 98093
10 49 85913 1198
130 83 95661 20527
187 126 87776 45503
116 142 33967 28977
70 128 66376 46604
149 119 14728 34183
60 163 4369 36566
16 123 26789 31185
167 102 6352 60338
154 28 69787 13549
127 123 99514 25334
12 7 15204 10316
200 65 18665 46295
83 155 17751 85663
105 35 22368 82971
186 55 98261 31275
149 176 39397 29793
93 114 4845 15623
19 34 35315 11957
133 34 23109 56159
63 90 4120 62901
113 96 35980 82826
153 185 34416 42684
81 24 63452 66862
147 103 84318 78070
35 4 82733 19852
46 125 33626 81606
49 55 80233 39178
115 13 92448 37325
167 156 97509 89133
68 71 66268 6450
95 39 79367 13977
179 67 81436 68133
150 97 19417 78519
151 84 63813 79282
142 47 67988 10728
68 160 97570 36508
52 193 55304 34830
74 43 86322 11648
66 77 1157 49057
187 44 93454 68029
116 107 78133 86869
111 21 77990 24120
109 192 70867 84786
66 125 65764 97901
154 102 6094 49741
26 143 92647 76204
11 192 49114 3328
180 170 40943 42746
191 81 99723 27990
158 105 16446 67985
54 148 30809 71554
44 82 29519 58485
167 155 72832 21133
173 34 36376 59439
26 42 64061 70741
93 69 6667 19096
109 178 51970 64467
156 64 48478 69628
129 41 13832 55344
171 73 44746 70573
132 95 39027 49899
92 3 73907 29359
15 129 21829 8887
56 22 83155 12990
151 64 9615 84700
160 146 22136 85676
62 113 65425 39333
7 121 78307 82813
137 108 75871 4965
20 132 67489 97495
65 95 76102 79395
91 67 65074 93439
140 178 97697 80235
59 128 26755 41954
92 75 78253 18051
72 178 57996 33266
77 89 52409 34863
24 188 1613 11367
169 187 29935 70210
88 69 2674 53702
182 64 7684 87959
166 72 19022 15860
172 142 44178 84887
150 20 50862 84362
129 134 10767 63320
167 67 24801 50962
71 29 31899 98409
157 181 34732 37182
155 10 80232 91099
23 36 75899 78951
198 12 39356 24281
152 79 16102 35064
46 19 1106 88108
168 49 38067 9697
155 148 75120 35987
42 81 48526 25877
188 144 47440 98530
30 130 58895 11391
146 116 30640 51105
119 43 43247 54900
26 193 77405 62466
180 46 53826 34252
85 18 37913 82352
113 3 86385 73057
49 35 2127 35273
189 60 64107 20591
200 94 97616 69764
83 160 58390 66484
46 142 51746 94761
115 122 58453 97916
37 182 16400 26695
169 74 30602 42356
122 89 8300 85462
58 185 45773 30547
191 162 19294 25467
76 102 41433 30590
25 195 25654 8594
181 134 48521 1313
194 24 64868 89409
169 141 40493 99311
198 123 79499 48121
127 24 24606 70558
96 8 67196 36354
154 62 84476 58403
133 56 27313 6464
178 192 21484 77454
157 73 21512 4065
2 46 10988 15412
119 162 29880 31479
42 19 61509 36259
35 96 51743 72911
36 126 61718 90333
176 70 39390 20956
137 137 2572 16649
102 191 67698 96156
84 20 4960 26261
99 68 24609 51884
115 1 78834 5916
72 195 7273 36883
68 71 30954 81826
147 51 77624 60105
115 162 67207 53761
117 19 58253 41931
190 151 96600 16898
67 115 82568 84829
84 162 22775 62028
119 15 81489 9136
192 130 71962 33046
78 161 89765 70736
32 185 70755 26381
65 141 32729 22777
130 183 96295 23647
95 77 85363 39571
52 182 11907 29405
95 141 43202 3291
177 125 7095 98730
81 30 61436 46697
104 16 5132 11506
60 142 17927 45743
134 52 68170 18355
134 44 25612 15590
10 197 77693 65594
170 198 2165 68105
22 106 96478 40577
179 164 32994 68427
171 53 50586 59761
188 52 58832 97960
67 86 83055 41498
114 6 11417 90752
151 103 72266 80177
118 152 56358 81821
121 112 31973 90438
173 178 32581 82806
105 90 39633 57156
50 9 27162 1152
17 133 89842 74545
41 165 47866 95052
91 21 33841 39255
196 109 81845 81372
192 102 3837 95836
144 192 76018 29288
169 38 70771 5910
126 51 17494 17580
136 106 34474 38865
68 96 11594 5832
78 157 54804 89441
172 83 19808 81455
52 134 36133 16533
82 133 28130 38276
60 137 35145 62113
136 68 5777 98931
104 131 38472 94570
123 79 55390 92057
151 48 71747 14927
189 28 60949 88921
77 15 98607 89701
155 171 79201 70055
98 114 73936 5670
183 114 67335 92842
96 65 95610 26066
118 138 55439 74064
79 183 85981 89791
8 6 24222 12366
75 81 8122 10021
13 81 81711 51045
99 91 96889 56975
12 23 29903 8602
113 125 23743 24045
68 169 53069 56860
95 176 26075 40932
94 187 45012 97209
110 156 99568 90469
46 79 93349 55271
6 43 16586 85221
15 66 26114 33270
187 109 26400 81753
174 140 41869 93994
21 68 70901 94590
29 178 13530 10273
77 24 35630 70406
192 157 53298 81883
29 138 53293 81861
160 91 19390 90971
110 83 27229 72939
77 163 90813 80727
145 188 1292 84292
102 131 62305 64329
33 21 41023 28623
65 180 10801 94875
166 168 57549 57758
95 18 46679 35715
2 61 80781 80425
198 158 49451 23942
149 23 21087 62173
184 102 18955 83350
162 115 49385 49451
57 18 10422 19860
146 150 18745 82769
76 7 54052 92479
110 189 99193 86816
4 181 20935 90512
143 148 58508 23204
189 91 6950 16805
144 90 89533 62475
42 16 22454 10763
193 18 30022 39840
142 194 37388 26688
148 130 42019 54750
70 1 88088 87275
97 133 52590 18796
75 2 66125 74407
51 27 55781 95662
34 62 96422 79367
58 173 64615 18820
6 155 63910 46749
50 76 59804 62739
19 88 5974 1678
9 137 54784 65700
147 147 20681 45542
154 92 85814 87759
195 117 64576 62265
23 136 12238 41362
28 138 14995 13435
16 107 32841 11048
116 124 81039 80995
175 40 70522 87759
53 14 22829 93731
15 78 5903 85076
163 147 22759 5605
62 81 52499 11861
80 135 54815 67765
8 94 77220 58036
73 131 94186 58112
117 18 98100 19982
152 164 10644 49382
192 138 57400 95110
155 194 46717 36325
176 113 22153 11980
177 43 23160 25274
17 167 34483 84073
146 103 60802 79448
186 135 18497 85861
118 163 5090 67307
174 110 77982 85758
66 40 87563 64490
165 25 74399 31966
113 100 35575 10783
122 78 95229 51215
71 110 82129 6948
157 175 44692 92067
197 52 92803 93143
105 60 90510 52019
138 175 96796 86056
52 64 20067 28390
158 83 9541 14649
172 169 91923 39129
191 162 12249 73776
39 154 78556 86978
86 184 83326 19133
64 75 40620 50094
153 30 1296 43506
127 5 90770 23997
65 49 85428 91720
39 9 72796 48405
131 42 91371 42268
200 72 75 82168
25 13 69760 36129
20 34 64415 89934
8 173 33417 31659
4 146 88222 42380
162 188 68771 50085
91 54 74257 90470
27 174 40807 49113
136 89 78904 87817
62 69 60475 48117
174 43 43824 35180
111 83 36018 53572
60 142 8154 16169
121 102 3781 80905
191 120 39782 87899
191 157 9567 27623
70 190 63366 47223
61 191 98782 40862
52 93 10005 55062
182 146 2622 8088
167 105 53177 44387
125 198 58630 621
133 48 19983 61611
15 97 76707 15923
123 13 31889 41339
61 122 49413 11632
174 136 96311 17053
85 89 21622 82747
125 171 75777 24247
39 59 47895 78348
99 164 94883 34187
2 73 91504 82462
40 192 39856 15626
47 48 31313 84278
94 180 91324 44451
59 176 13739 49254
94 100 75815 89846
104 7 77459 22179
138 126 14005 828
2 5 48797 58301
131 149 56655 78569
83 64 2705 11380
186 57 46061 65078
193 15 28127 20593
97 76 66068 58393
69 137 77394 44603
58 140 10413 8395
69 54 88572 57389
132 62 72455 55104
177 2 67985 18762
92 191 6507 68593
119 23 95866 86681
151 75 83567 69685
1 89 17284 90878
131 112 98892 67396
12 122 9878 46429
141 169 35575 8158
81 102 40306 93465
146 62 63490 20451
13 118 68733 5048
104 161 89396 88173
75 39 70588 74143
188 65 86415 36852
111 50 90214 30534
52 96 86941 12150
58 12 46331 84658
77 6 60297 96714
163 197 44859 12111
60 190 50033 32303
42 139 26207 16799
54 14 18268 3087
93 54 83508 7392
18 130 39803 70941
53 156 58911 35555
108 88 15536 52278
168 164 20111 36953
155 10 51199 26102
167 149 7928 54911
153 169 92575 56735
95 159 11031 44468
56 111 21322 78612
18 62 48304 16468
25 122 42394 17624
6 196 8991 91687
52 158 29033 69371
194 133 9656 2892
165 193 40693 76239
38 195 34739 8673
75 39 28458 29986
153 66 16554 95276
42 21 73170 66456
131 75 34403 92268
144 128 10767 88093
11 100 52727 79271
170 174 26535 82750
112 132 44417 25942
150 169 45105 80070
66 112 52748 98921
200 50 55160 27497
112 163 9135 46552
15 138 57062 99209
50 96 12887 18251
39 56 24282 26564
157 48 48858 38166
79 184 52183 61892
181 121 36401 4276
3 167 6395 47769
92 155 32879 91564
49 130 94469 8038
86 10 99683 10875
174 143 35725 27753
127 65 38700 30020
192 153 77683 63977
161 147 99573 46566
83 54 77312 87988
97 58 79773 10727
118 106 9796 40813
144 139 54442 97482
101 27 35142 74390
148 142 7858 91253
143 5 86871 68718
119 192 83957 57800
95 14 91453 11826
93 154 15100 34840
61 88 9762 46625
56 49 63610 63686
45 60 39031 41307
30 110 55577 52690
85 60 33290 17824
111 126 79084 7963
65 110 24395 33061
161 130 90679 89464
112 190 98542 58829
134 86 99028 61650
158 83 26449 29507
155 179 7433 89042
129 126 97097 1490
137 167 89348 64626
39 64 95619 18120
157 146 52127 38806
61 19 9042 37495
34 32 67561 84841
119 126 88223 39531
20 164 67284 55685
53 172 16783 90537
108 65 10062 57842
162 19 93525 7516
185 169 29008 47639
165 135 8415 90306
91 113 3595 65344
170 46 69782 3284
136 121 21137 77004
55 20 55538 41706
18 118 14957 91123
138 7 3624 37958
125 145 75511 81660
40 26 76393 27883
51 128 63495 18518
45 124 18152 44949
153 178 29599 79098
169 119 79474 20711
97 61 16771 90872
134 156 50046 32990
168 57 94950 65420
29 100 65671 38539
136 149 4322 8914
9 62 74695 41495
5 39 53977 76024
184 142 14131 14323
162 70 64233 51806
80 146 58234 17
51 162 62600 15979
174 93 63510 74573
51 55 35022 66063
22 22 59995 92655
165 16 78530 22855
55 151 34061 4692
37 161 53050 5122
62 185 22867 75396
158 122 11462 28994
73 29 52256 86662
107 200 26369 42089
35 186 68896 28363
89 125 70326 68775
197 132 35424 66532
89 158 7998 56361
1 1 54027 91800
113 10 16848 66524
191 124 674 13821
66 47 10306 86337
66 100 1324 83378
41 127 9811 7945
185 132 97786 41284
168 93 73227 55012
41 18 96077 36386
156 138 83635 142
15 50 6536 40128
94 196 77832 57876
57 195 10040 80813
132 20 82198 48781
92 15 75535 94767
32 38 71836 91006
189 12 46121 58610
166 195 38243 17093
67 104 11381 85150
8 55 29336 40489
145 95 47625 56683
52 77 61054 51400
182 108 99385 29204
50 73 33900 24881
183 152 26538 99525
40 139 63931 79234
58 172 69370 32637
168 177 10042 1547
98 79 88818 71163
31 147 57927 4804
183 61 8759 43168
174 150 13986 59300
149 164 6205 93543
51 3 4310 11700
131 167 29592 22243
110 48 94779 6873
76 21 61259 72658
182 116 29650 99140
183 113 74104 35947
28 197 47436 23567
16 66 72522 31985
180 132 63718 34447
87 58 97869 88239
50 101 25976 31920
166 48 58210 45913
129 114 79932 4841
133 128 14057 67453
51 15 57750 2146
168 96 90146 24573
158 173 40346 90068
158 67 75033 83404
115 9 31629 42461
89 80 52854 95711
103 75 2621 5050
147 194 64806 70050
124 146 21814 84734
53 88 97236 61240
24 181 8973 28539
135 148 57313 19632
178 82 4565 111
22 94 7500 37921
186 177 20112 97164
127 23 25323 80711
112 71 78364 94752
182 96 9642 48863
161 54 35853 33028
108 140 49874 32259
55 73 5822 490
171 56 72441 99141
200 171 24262 43077
10 184 27435 26112
85 183 70858 23746
125 98 90255 46966
34 63 18855 89796
91 106 78947 56288
42 175 28587 80575
104 23 98720 24370
82 113 26735 26988
59 67 19145 3437
59 9 55914 48778
80 133 82600 1910
83 152 7012 81448
93 136 8814 81891
11 91 25197 10037
119 179 27657 83601
144 35 96499 2297
164 193 81169 45088
100 188 47740 28485
8 161 57243 75433
28 40 29284 39180
154 141 20458 75089
113 92 50462 66717
38 29 91338 48977
178 176 8271 98376
11 35 70262 85780
110 98 12144 79677
165 30 47071 60708
132 185 28233 87496
106 25 89922 91395
78 164 29886 89122
150 3 73274 82643
119 50 18630 2434
81 23 64819 95135
178 58 8666 23491
198 52 92706 59005
5 90 3774 93911
77 180 23578 56678
112 26 76186 47083
167 87 20030 46482
184 9 96421 88532
182 15 37269 36588
32 28 31862 17979
157 91 83301 88485
133 60 92996 96279
90 158 96792 3723
136 110 99292 98351
65 191 14048 14319
30 115 34485 66619
50 121 45446 33103
80 7 19312 52793
144 35 86223 45277
13 109 62826 90705
162 167 76619 70901
45 152 95080 5982
148 53 80605 60116
63 169 51964 5918
85 47 72254 28711
10 37 75687 78818
160 68 40456 33084
157 126 23316 83060
5 39 21420 39801
49 64 18996 35235
79 63 46282 37290
195 179 5544 19955
78 119 20126 18717
149 165 63988 84099
37 158 51175 89283
85 39 50298 78473
27 62 70572 3669
66 62 40933 32475
188 71 597 80600
124 129 88818 48460
118 155 53675 52762
43 15 87621 53554
31 33 56476 81265
196 121 97758 8733
28 53 66799 91902
129 42 41178 63661
161 84 4320 541
152 108 64941 27238
53 130 60772 56369
42 148 77461 53001
125 14 47438 4033
67 178 40191 65387
7 178 31887 88432
14 100 47543 50480
47 166 74824 36590
96 114 79215 83701
163 44 45401 67923
115 66 15395 36011
136 75 91630 77761
122 131 21689 70096
53 134 4490 53783
41 12 32370 8167
157 5 24546 28694
52 117 11599 74394
184 153 82565 86679
69 82 83137 17566
104 18 98488 26564
161 69 34756 78099
54 106 43126 174
178 26 56011 52961
165 113 16051 54328
92 163 92564 9476
83 137 95216 81891
162 12 69716 83079
133 97 31495 87911
96 127 10213 79702
90 69 88629 13384
32 95 11013 20129
69 58 49018 87659
200 6 96476 15445
190 36 56049 9560
24 17 80694 97575
119 130 92514 35399
182 8 46178 60104
105 190 91079 33355
60 81 59774 81794
134 136 97537 38694
71 37 27742 50427
127 42 67839 60745
168 159 33006 74041
190 187 50197 9079
189 194 28924 64947
66 127 36040 75581
30 122 87268 10540
80 195 87124 7029
146 23 96629 36469
111 43 58640 97245
114 48 8333 74386
33 198 33695 6650
27 140 9294 11363
143 159 21280 21997
86 192 35808 98736
195 43 70398 85187
177 6 93341 48261
157 48 37057 81899
166 162 16905 63407
129 50 13997 41119
57 38 91944 81125
158 125 55575 28789
84 45 49089 47063
191 81 82594 7007
196 1 28737 71018
139 23 9134 12534
99 23 67969 72269
190 151 92001 14422
47 24 66421 15370
104 155 96307 89544
191 104 67307 73814
75 195 19171 79906
75 96 21469 30677
23 25 74518 45783
75 126 69574 34134
120 5 90442 83342
76 42 96922 90314
92 200 83058 78580
89 32 5084 19060
16 66 80427 37145
101 155 8222 18484
10 39 73862 20061
156 6 66748 56655
87 68 91346 1767
138 108 81596 21304
172 172 31791 29293
200 39 25687 30160
46 31 76642 54993
172 82 58067 63453
156 167 31956 32765
127 73 53871 98249
18 124 39338 5949
103 78 48809 43154
14 71 74443 83011
125 68 73418 8347
157 185 3302 4195
198 85 44826 17680
117 75 54405 42429
44 110 68670 40373
2 77 9187 99987
52 152 65841 40102
52 121 20534 97178
47 175 2571 82905
101 111 14227 77665
132 52 34636 63059
5 145 94376 4186
74 141 98499 54346
159 127 33787 72018
177 66 31449 92023
148 106 32872 86333
56 120 32948 93645
61 187 91757 57810
174 40 39303 40535
163 59 48951 81237
3 198 862 14279
65 58 51217 37731
117 100 52250 36274
126 163 99899 71451
190 39 77432 47908
14 44 74955 89795
99 15 97280 80592
96 16 79127 50567
85 153 22675 18295
64 118 65281 2967
90 175 41696 85836
172 90 85442 38482
162 140 23409 73339
64 105 65874 90463
196 18 16902 76949
172 8 11513 49017
193 118 89983 11228
155 76 85712 52370
86 49 46994 97574
164 8 91825 7725
100 39 14482 12429
11 52 22201 28581
34 162 70474 69284
15 19 3311 41763
143 182 4502 58121
4 154 89655 38579
114 124 15277 83450
80 94 27864 73152
140 160 32120 34339
15 124 53462 45112
187 69 67220 43197
17 153 73195 53566
159 135 54557 68764
1 106 55548 92085
22 142 97952 88000
86 50 81484 15917
66 136 9548 5662
100 81 6002 79891
47 133 77992 41351
25 10 91582 25896
48 146 68327 45783
99 170 40070 47442
74 185 17089 40907
15 102 41302 50776
69 101 59404 32131
81 75 28707 42136
48 24 10973 86669
121 142 83483 72438
92 192 74117 28799
113 180 112 7752
141 75 83570 78091
90 64 25854 86485
158 137 8292 12233
71 186 13713 44808
69 152 83220 50115
7 29 29541 88520
185 87 43633 53515
53 22 70900 87510
177 110 36004 3483
169 82 39149 3781
14 162 1814 92586
110 111 48252 57149
165 68 60368 70805
188 39 67083 60911
200 89 49215 61183
189 10 77117 16413
76 193 82666 89376
66 115 65480 87414
66 138 40450 91469
166 176 64135 21438
41 28 12663 89478
191 132 52933 85876
88 60 16579 47059
154 79 77388 42081
79 68 83835 28621
22 186 11109 70756
53 95 89666 85941
102 30 15242 10941
9 64 58992 59366
42 125 70415 9248
11 106 90403 89486
108 125 20789 68782
74 23 79441 43369
45 9 20020 171
93 179 58134 16653
144 177 63961 14935
60 16 86074 98088
59 192 76656 41306
7 170 87047 8646
139 164 60977 28959
156 114 66419 99872
167 119 10224 98230
84 101 87278 91454
42 82 29541 25149
132 196 68981 41337
123 198 21863 95596
166 171 33286 92454
199 4 55024 79014
135 77 28959 89991
148 76 89068 63754
64 20 30910 19183
45 31 10009 17907
103 124 55977 1778
42 200 9488 92147
46 103 88043 98176
63 45 88341 94952
129 184 97577 4054
179 64 71033 54254
186 98 51065 88181
129 2 48213 51078
102 128 18165 47854
120 108 86020 57531
23 101 66035 71192
172 143 91249 10860
107 83 1405 22096
109 91 20034 83817
82 38 71418 51656
29 162 636 54230
33 176 67628 3988
189 28 52086 62348
19 69 2400 95615
94 178 29738 71705
141 30 17154 57947
186 158 12503 43107
23 152 54504 87057
179 38 54953 85918
176 76 23099 95403
72 119 77392 72925
129 23 30682 25052
125 22 92095 87416
22 153 91620 80066
82 151 5948 92170
66 192 48527 6305
137 112 74986 92160
58 13 92910 63635
194 165 58015 90125
128 19 51368 98141
89 67 33836 60795
48 157 79147 74894
165 151 68642 64617
76 150 7261 17583
192 191 38895 95085
153 41 80639 80703
3 109 69695 90326
105 153 22399 66220
138 2 78952 42233
129 16 51118 37944
66 62 83122 99546
27 59 5575 35776
192 107 28279 83234
43 193 69320 5392
75 185 85487 25946
124 161 7406 22930
151 1 10348 35736
90 84 47128 48751
42 181 38492 2860
39 125 96242 38499
17 12 98752 57816
121 38 17065 37067
50 48 42910 6228
96 188 74672 57141
169 97 23522 50915
195 15 75331 54851
13 122 35059 31484
82 197 52521 89073
138 154 50682 56022
163 22 44050 81085
95 10 7854 69440
175 16 36857 89460
32 115 16285 32606
124 147 69316 81461
195 31 78396 24561
162 195 53206 88445
189 133 87641 50170
16 131 43103 79633
172 79 94038 89569
127 6 94499 34790
68 70 23274 12608
100 14 6154 2842
28 106 57965 600
137 16 51735 10846
32 45 67140 89271
146 92 14274 39954
103 15 81009 84445
97 23 66627 35236
4 65 23979 6908
124 98 60115 69881
151 5 54599 86797
173 194 65306 46070
124 138 1571 39901
159 104 68777 5175
73 171 17207 77420
141 105 17758 73729
161 166 94899 86983
77 22 44062 9805
94 175 51757 34211
14 75 33755 92228
48 188 70189 96405
72 9 70271 1395
193 121 72682 69007
59 70 61458 81188
156 156 68775 27442
149 178 2701 55545
119 88 6793 37806
118 42 62272 35179
86 28 16303 4209
117 22 96267 66124
9 34 81278 90961
131 101 46538 71032
