5000 5000 378109
????????????????????????????????????????????????????????????????????????????????????????????????????????????????????????????????????????????????????????????????????????????????????????????????????????????????????????????????????????????????????????????????????????????????????????????????????????????????????????????????????????????????????????????????????????????????????????????????????????????????????????????????????????????????????????????????????????????????????????????????????????????????????????????????????????????????????????????????????????????????????????????????????????????????????????????????????????????????????????????????????????????????????????????????????????????????????????????????????????????????????????????????????????????????????????????????????????????????????????????????????????????????????????????????????????????????????????????????????????????????????????????????????????????????????????????????????????????????????????????????????????????????????????????????????????????????????????????????????????????????????????????????????????????????????????????????????????????????????????????????????????????????????????????????????????????????????????????????????????????????????????????????????????????????????????????????????????????????????????????????????????????????????????????????????????????????????????????????????????????????????????????????????????????????????????????????????????????????????????????????????????????????????????????????????????????????????????????????????????????????????????????????????????????????????????????????????????????????????????????????????????????????????????????????????????????????????????????????????????????????????????????????????????????????????????????????????????????????????????????????????????????????????????????????????????????????????????????????????????????????????????????????????????????????????????????????????????????????????????????????????????????????????????????????????????????????????????????????????????????????????????????????????????????????????????????????????????????????????????????????????????????????????????????????????????????????????????????????????????????????????????????????????????????????????????????????????????????????????????????????????????????????????????????????????????????????????????????????????????????????????????????????????????????????????????????????????????????????????????????????????????????????????????????????????????????????????????????????????????????????????????????????????????????????????????????????????????????????????????????????????????????????????????????????????????????????????????????????????????????????????????????????????????????????????????????????????????????????????????????????????????????????????????????????????????????????????????????????????????????????????????????????????????????????????????????????????????????????????????????????????????????????????????????????????????????????????????????????????????????????????????????????????????????????????????????????????????????????????????????????????????????????????????????????????????????????????????????????????????????????????????????????????????????????????????????????????????????????????????????????????????????????????????????????????????????????????????????????????????????????????????????????????????????????????????????????????????????????????????????????????????????????????????????????????????????????????????????????????????????????????????????????????????????????????????????????????????????????????????????????????????????????????????????????????????????????????????????????????????????????????????????????????????????????????????????????????????????????????????????????????????????????????????????????????????????????????????????????????????????????????????????????????????????????????????????????????????????????????????????????????????????????????????????????????????????????????????????????????????????????????????????????????????????????????????????????????????????????????????????????????????????????????????????????????????????????????????????????????????????????????????????????????????????????????????????????????????????????????????????????????????????????????????????????????????????????????????????????????????????????????????????????????????????????????????????????????????????????????????????????????????????????????????????????????????????????????????????????????????????????????????????????????????????????????????????????????????????????????????????????????????????????????????????????????????????????????????????????????????????????????????????????????????????????????????????????????????????????????????????????????????????????????????????????????????????????????????????????????????????????????????????????????????????????????????????????????????????????????????????????????????????????????????????????????????????????????????????????????????????????????????????????????????????????????????????????????????????????????????????????????????????????????????????????????????
422 2074
1658 2365
90 1309
3359 3716
2692 3781
1654 3445
389 1956
553 2873
1036 1128
1226 1797
2034 4800
4429 4668
663 1370
2056 2527
270 4956
377 1650
366 3695
3386 3784
1674 1745
1807 2500
4153 4436
251 2744
893 3124
1928 4648
603 873
76 402
2906 4744
4830 4921
2465 3237
2420 3799
448 3507
2201 4148
813 2534
985 3838
4278 4836
65 644
340 895
1232 2808
370 2456
2324 4511
4586 4680
2725 3938
681 3906
210 3145
2142 4008
564 2000
807 1064
2971 4201
1537 3597
1808 4226
1372 2452
642 3063
4698 4802
646 1419
156 3609
3288 3742
1093 2818
1774 2225
3075 3786
1270 1568
1834 2793
3568 3599
2897 4120
2845 2921
656 4729
2070 3379
3532 4063
1441 4581
2086 3864
999 2472
1092 3593
760 4685
261 4336
2810 4687
3122 4080
1254 2266
913 1173
161 2217
137 292
2299 4357
1217 2778
677 4748
1840 3469
680 704
1678 1906
498 3175
286 4121
183 4381
974 2992
447 4067
1673 3423
687 2712
2845 4928
847 4489
1417 1555
1787 2633
3816 4332
2524 3733
2284 4412
4190 4579
2442 4105
1039 1562
2573 4391
1716 2295
1917 2713
339 2162
4385 4873
1026 3582
1153 3224
2569 3070
1208 4779
462 1553
23 1637
3659 4337
2401 3915
1194 4200
1590 3020
3762 4107
1401 4163
477 1079
2638 4114
2769 4850
3794 3862
14 3431
1500 3370
3934 4500
1839 4060
4082 4961
650 4827
3579 4092
4564 4643
3935 4772
1233 3879
395 4048
1631 4524
2096 2825
593 3513
1946 2375
376 739
3740 4108
3228 4026
2287 3607
2216 4919
2042 2720
568 1812
1484 1973
1454 1744
1770 2686
818 1974
4432 4957
1693 3608
206 2052
349 4201
1291 3932
725 2671
398 3952
356 3048
263 2590
274 309
2194 2305
3472 4277
29 4926
2372 3150
698 3963
3967 4747
654 2012
3354 4057
2217 3906
2500 4406
196 1482
170 593
1785 3218
2300 4374
3926 4832
2136 4682
1119 3154
2499 2764
1488 4431
648 4745
967 2185
4190 4491
2845 2978
194 4598
1750 4003
2693 3298
1836 4214
242 3620
2542 3783
2993 3615
1467 4027
2102 3937
1218 3532
1435 4314
2082 2705
1241 4058
3048 4901
1782 2377
2731 2745
846 2570
1614 3086
495 4921
737 2180
2314 3541
2885 3278
928 4744
3263 4382
3146 3680
1466 1951
1007 2459
1517 4899
3599 4299
380 1417
513 1675
597 3110
1195 2710
3205 3562
741 2468
2360 3941
3055 3570
244 334
4665 4859
1067 3344
3004 3017
463 1161
375 1059
3331 3973
1099 1709
704 3384
2963 3814
2024 3980
1360 2541
179 228
520 4634
2538 4040
4089 4134
725 3753
1792 3992
1995 3448
960 1160
1535 3809
3371 3491
79 1859
2563 4589
3462 3903
2728 3793
439 927
2506 2686
618 2319
3026 3155
2710 3466
2288 3434
2631 3571
1577 3370
978 4089
682 4786
1975 4052
3833 4629
569 4130
1395 3944
474 4472
398 2736
421 913
1530 4255
3632 4091
1036 1800
3450 4676
1586 2020
2306 4514
1741 3283
2422 3602
1928 4421
2825 4049
1955 2113
4617 4859
898 4088
333 4985
837 1245
92 406
848 4126
161 3723
2172 4000
585 1188
543 3494
1450 3636
1404 1776
1196 2409
234 3331
244 443
1213 2188
302 4437
300 1986
2489 4421
1178 3230
3707 3932
2026 2654
219 1025
1178 1407
2961 3072
4410 4900
1707 3027
2165 4116
496 575
2170 4349
2290 2888
3382 3943
34 3676
928 4448
509 2522
626 1453
567 4003
458 786
1379 2987
691 3544
1059 3443
1452 4117
2821 3617
3232 3395
464 3932
565 4105
298 3171
3048 3198
327 331
2646 4204
2188 4623
2008 2754
3818 4977
1355 3539
1804 2082
2045 4214
1876 3496
1049 3331
2914 3464
3927 4443
1359 3198
1368 3032
1657 2431
3339 4566
3563 4109
1296 3895
902 3185
3161 4050
1071 3940
867 4227
2374 4263
601 3440
3122 4110
1649 2574
2388 2444
585 2852
154 2235
3162 3304
4221 4665
1501 3774
1747 2783
1421 2319
1822 2648
71 1831
762 4049
4297 4487
3311 4088
1439 3773
3088 3562
949 1346
549 1883
2036 2885
1188 2784
198 3800
409 3050
3925 4543
346 4796
3214 3795
1396 2167
3865 4280
445 4513
107 118
1557 4953
3514 3879
224 996
2878 4462
2125 3698
1260 1265
2814 4885
59 1645
336 863
658 2540
681 753
805 4199
1021 2148
2592 4831
534 4948
486 2699
1504 2929
3851 3999
4505 4812
1629 3080
3509 4345
2888 4745
2158 2946
1390 4373
3281 3929
313 1382
1033 2186
864 3180
694 3207
92 2124
641 1174
577 3497
927 4102
3606 3699
1779 2090
1586 1950
2475 4473
984 1694
3771 4435
356 3403
1738 4715
747 3716
275 931
279 4833
1624 3754
3616 4924
500 4927
380 3464
2163 2778
338 4867
293 1923
1816 2767
1396 4862
166 3750
458 4296
363 4920
3547 4987
1109 3821
917 2739
6 3892
1492 4929
2508 2770
1781 2323
3150 4558
3487 4485
777 1129
1761 2592
3156 3895
2453 2645
3101 4673
945 4454
3000 3463
923 931
1820 1848
1825 3662
153 739
3106 4598
4275 4886
1921 3776
795 2757
1571 2262
374 3886
515 4132
4319 4882
906 1776
2419 2581
1850 2233
580 2781
3156 3752
980 3169
1718 1928
33 4673
2668 3947
1270 4588
2065 2722
1335 3696
3933 4987
501 1709
1590 3065
1172 1192
2495 3590
3773 4345
2175 4352
330 3477
3103 4456
1383 3498
2525 3170
192 1415
3469 4037
1131 1190
1101 1179
2439 2525
111 585
3175 4292
463 3526
1020 4367
3139 4052
1716 2578
1544 3842
2907 3297
2351 2756
4679 4876
2278 2445
746 1419
1481 3902
3287 3933
80 811
1372 1542
663 2747
1272 4717
435 1125
1528 3644
1711 4925
3766 4106
3255 3364
605 2062
2472 3092
1832 4749
537 3251
1846 2017
132 3504
950 4935
2295 3673
41 1476
2544 4335
1313 1811
1308 2978
4254 4690
147 3018
2624 3020
1433 3511
982 3229
60 4525
61 2082
3927 4662
2077 3165
4058 4378
1352 4451
927 3050
2745 3736
409 3470
546 2800
1588 1716
1085 2053
1424 1734
244 3709
2857 3289
2577 3733
4658 4700
3793 4362
2221 4936
3878 3994
2951 3329
1000 1697
607 4441
428 1088
2985 4849
2916 4579
1632 4572
1306 4001
4061 4407
2901 3615
478 2349
2048 2347
1487 2491
1423 2761
2991 4712
1768 2662
2671 4816
13 3277
609 2452
56 457
437 4635
8 4725
77 2618
2024 2665
566 4137
639 1485
2395 4337
3532 3881
1828 2645
1539 1655
635 4774
552 3305
1916 4590
198 2933
2988 4368
1156 2006
2622 3082
1591 2515
180 3158
2294 4967
605 2097
3778 4491
1293 3662
3120 4723
1306 2730
1010 3292
2913 3855
1596 3444
880 4829
548 4993
3351 3867
2841 3055
569 2784
942 4431
749 2100
4196 4587
2705 4717
38 3998
3378 4761
1035 2117
3842 4479
2696 4326
2273 2391
2492 3571
3152 3836
470 3370
3524 3538
1210 1322
445 1993
2544 3615
3201 4093
1798 3092
2917 3129
795 2646
4241 4263
3680 4434
3741 4357
1132 2130
2981 4621
1132 4702
172 4808
3346 4502
2063 3695
4139 4667
407 3281
3035 4500
1126 2833
750 2649
606 3443
4747 4847
2705 4779
1446 4280
2761 4135
2116 2577
3630 3733
3541 4599
452 3801
1886 3848
2904 3867
625 4338
2372 2536
368 1476
4124 4849
455 1117
2216 2566
271 1653
1994 2284
1128 3068
1397 1996
129 4595
625 4194
778 3669
997 1906
4625 4863
314 4809
488 3696
3315 4038
3886 4064
1532 2439
4 692
3696 3747
740 1626
1045 2332
3220 3728
2814 3040
17 208
229 3359
794 4356
1770 2134
570 3295
2083 2409
1120 1990
724 2405
1358 3162
3401 3937
2683 4517
2495 3449
780 4775
2994 3539
859 2931
807 1066
518 2947
1294 3740
4780 4873
509 1794
3943 4426
2767 4203
1415 4926
172 2772
4108 4439
307 2524
972 3142
2801 2916
2692 3103
909 3961
622 3068
1379 3568
3585 4024
2307 4809
155 4167
932 1602
2156 3109
3699 4523
3433 3870
2871 3646
2522 4329
2470 4530
2330 3493
386 2948
21 2646
1994 3260
713 4638
561 4297
14 4219
1520 4105
2059 4737
2452 2846
1150 4214
2647 3720
1371 3718
699 1869
1239 1398
3168 4731
80 4905
1452 2678
938 3903
3446 4615
1927 4006
264 3292
720 4577
4313 4812
2263 2778
3344 3510
3412 3582
2342 4782
2299 4210
1832 3537
1351 1960
2039 3267
1256 2297
1510 3490
1935 4586
1124 2864
1387 2293
1156 3221
2319 3459
1236 2533
2395 4581
931 4344
976 3272
477 3274
2308 2482
1810 4441
1428 3658
1265 1479
76 1320
1013 2774
3255 3898
229 1899
1636 2736
94 119
54 4003
2682 4634
1397 3612
329 3724
805 3236
717 3349
158 3112
1509 1769
2938 4339
3034 4365
658 2159
264 1730
1056 1958
2162 4044
3632 4693
489 4746
2635 4522
383 731
2411 4486
459 2721
3215 3807
2678 3437
317 1297
3254 4446
635 3831
2644 3970
699 2342
2908 3397
1421 2656
2348 3792
633 1405
391 3445
154 527
773 4639
2583 2937
2359 2503
1390 2147
180 1706
978 3443
429 1311
280 1160
3501 4425
979 3684
3250 4986
104 2041
2860 3686
2673 3482
3250 4179
4009 4023
3297 3817
2528 2957
800 4346
979 4674
1051 4469
1956 3713
1249 3116
673 3993
1323 2968
1217 4356
812 2660
1345 3258
2282 3671
1179 1921
187 1460
1629 2295
251 4835
1986 4156
181 4597
1999 2965
1272 4649
712 2250
739 1056
2922 3707
2278 3730
1275 1389
3089 4532
3111 4086
264 3166
31 977
1802 2325
1636 2605
3112 3928
3622 4876
2938 3293
1874 4293
561 3937
1542 2652
816 4992
2710 3721
3093 3984
1462 2533
547 4868
643 3033
2026 2162
3963 4009
702 2966
1950 4629
1077 1923
721 856
1212 2730
1366 1773
2907 3018
776 3010
74 3485
3082 4518
895 2468
2050 2335
2793 4045
1719 4954
2080 2422
3123 3916
45 2218
2473 4104
4140 4959
352 3194
911 4040
2058 3476
3817 4251
67 243
2735 4500
202 4760
395 1810
3889 4539
607 2206
4493 4627
2686 4760
4082 4101
1977 3204
1555 2469
1100 3163
2202 2820
2010 2647
2178 4259
677 1897
2420 4631
1529 2180
1184 3275
341 1424
2813 3898
2305 3383
1068 3524
2065 2624
393 1502
2180 3056
342 2861
507 2032
2516 3895
4506 4678
1045 1574
182 4817
1710 2556
92 3348
40 1336
2867 4149
1249 3937
1453 3812
3669 4869
170 2787
1614 4966
4474 4577
83 1659
554 2858
2535 3950
1411 4994
461 1592
1162 4368
4509 4654
811 989
3678 4548
1489 3484
1278 4294
3647 4946
1434 4162
115 2127
1043 2751
1601 4410
1125 4458
1315 1426
2725 3344
2772 3804
668 3933
321 4524
334 3442
2662 4341
363 4150
1641 4177
2823 3443
1586 3957
608 3053
1083 3359
4035 4095
1572 4120
434 4844
2997 3188
768 4510
1529 3343
1053 4218
3202 4494
863 4552
3834 4914
1364 4362
1159 2906
844 2185
115 2792
2549 3896
1150 4342
1584 1621
1427 2265
1614 2054
966 2915
661 2381
3433 4444
3997 4878
781 4278
4464 4859
2047 2574
3825 4952
1009 3732
198 795
153 1042
2654 2747
1736 4330
4000 4275
2108 2680
613 4426
595 4346
1390 1438
1315 4130
386 3408
1596 3448
494 4223
521 3047
1797 4253
408 2592
560 4450
2196 4985
1720 3213
2487 2877
720 1337
167 2684
762 2113
2029 2199
1159 4854
239 4865
918 3312
140 3186
157 3706
1954 3186
4310 4945
897 3760
504 881
69 2307
184 2601
3907 4672
425 2872
2355 3633
736 2537
2183 2390
3246 3399
3980 4163
3063 3517
654 3219
191 2223
172 2884
136 1068
1643 1991
302 1949
901 3411
1837 2318
572 4708
2742 4278
1631 4692
1365 1874
4020 4610
1624 4352
124 4686
777 2868
1442 2905
2320 4428
2455 4326
496 2320
797 3796
2621 4208
1048 4457
2877 2971
1970 4164
207 2248
3600 4965
3432 3972
56 926
1050 3323
2542 4741
2645 3178
336 497
1013 3425
3920 4303
1452 4684
2305 4067
114 2011
3113 4887
3629 4436
1683 1856
456 3835
2267 2999
3925 4427
2322 4101
1326 3414
2994 4503
2411 4681
835 1352
693 2006
377 1106
1524 3457
467 4033
2989 3497
1705 2424
2125 3561
2312 4106
368 3457
1146 4578
2381 3251
1598 3706
1664 4591
426 4560
624 2263
1260 1316
3717 4269
3044 4077
240 3428
896 3228
1925 2600
401 651
1109 2512
2712 4231
2289 4565
1728 3297
1891 3325
2002 4907
1561 4268
332 4891
2944 3824
2558 4444
1660 1954
1900 3520
381 767
127 3657
2130 3367
2230 4058
1769 3238
2802 2813
4058 4540
1098 2300
2865 4451
2132 2206
2363 3890
2538 3374
931 1833
1981 3492
1853 4236
1743 4617
2619 3222
2337 3273
351 2330
919 3588
451 3731
860 2741
190 3270
2486 3159
365 4640
969 3354
4254 4342
892 2438
1625 4224
860 2281
1076 4024
47 1828
1453 2245
2595 3735
134 4653
584 2534
1626 4735
1443 3005
1815 4602
1842 2806
1318 2811
1159 1923
2050 3504
1480 4360
1274 1640
3692 3701
519 2015
99 4259
3323 3834
3205 3457
2090 4838
392 4573
1835 3715
529 3929
770 2788
457 3334
3580 4493
2379 3436
2894 3090
4167 4915
1081 3606
3096 4220
477 4318
3706 3799
3263 4503
3607 4341
352 3999
3913 4067
2185 2841
947 1324
4281 4962
1780 4894
125 4158
3018 3329
3243 3599
3537 4679
3201 4108
29 2774
2832 4777
179 4280
1094 3786
2797 3620
2532 4136
1863 2672
1724 4162
1685 3995
774 4794
1578 4918
1258 4931
4287 4881
853 4175
405 4559
3282 3685
433 3059
611 1516
2338 3961
748 2309
1757 4883
1192 4972
3906 4267
2900 4133
951 3926
3673 3881
195 4955
1490 4481
2342 4835
8 4394
2746 4641
3178 4430
2297 2699
141 1388
888 1257
48 4365
1239 2123
1028 4336
505 4820
2808 3928
3745 3952
291 3040
3907 4529
93 1124
1131 3223
968 4486
267 771
498 4822
1990 2563
171 2561
2609 2877
1351 4536
199 223
704 2379
43 2658
139 4863
1609 2902
430 515
2905 3782
1960 2004
1445 4035
1157 4324
1173 3064
626 2330
3162 4891
797 2390
1684 3851
3741 4049
1906 2471
1948 4752
128 966
3088 3439
3867 3868
2649 4955
1772 1914
1004 2158
327 4710
2773 4666
1996 2851
1012 4751
547 3238
2088 4754
3582 4846
487 1136
2240 3668
3787 3795
2225 3205
3234 3424
1092 3188
2424 4215
101 3427
2724 4811
106 3741
2956 3935
2088 3685
320 325
73 4231
3764 4164
1270 4900
4651 4937
3437 3491
83 1695
661 3316
118 3104
1504 3893
2956 3670
1393 2320
2425 2766
1485 1701
380 3573
699 1737
2320 3897
2123 2661
1483 3392
1133 3912
2402 4680
921 4762
448 1581
1918 4430
2285 4684
810 3353
240 3129
1097 4358
1905 2582
2410 3637
2506 4146
1402 4335
1465 2810
414 2948
2553 4325
432 3585
1353 3078
3346 3526
2933 4127
1795 3969
1411 2604
3003 3673
1122 2085
2360 3989
55 1121
2560 2625
1618 3312
313 3083
727 2473
1377 2382
1403 2813
4481 4961
4165 4659
3450 4358
2504 3785
1548 3770
107 2442
3543 4550
3261 4915
3884 4969
1508 4381
998 2528
1171 4193
432 4995
4165 4919
1321 1372
1332 1978
2153 2494
990 2862
2295 4775
365 1064
1322 1824
2223 4858
366 4772
483 4249
1093 1215
2109 4972
3564 4631
348 4164
4082 4626
997 4512
1489 1755
259 2328
335 3318
2629 4473
1189 4444
45 2117
4364 4902
4339 4730
1025 1173
330 2117
2387 3790
2302 3441
2604 3421
2649 4398
2161 3038
394 1144
1 4073
335 2754
2226 3742
4316 4537
4360 4767
1653 4130
613 2343
211 2989
541 3515
106 2253
682 4898
454 4555
2203 2501
538 4851
715 1596
716 3033
787 2021
762 2402
3012 3069
1651 2778
2428 3303
1908 4392
646 2118
512 2381
3838 4010
1044 2765
3671 3735
1497 2587
2225 2700
2940 3125
647 2509
7 2667
3295 3760
2659 4781
1431 1829
608 1788
3695 4733
1730 5000
2165 3732
2526 3594
2569 2710
1303 3569
1380 1418
3889 4956
3365 4117
2895 4763
2226 4253
520 3782
3013 3562
3178 4841
4966 4992
1076 1800
12 1799
3528 4158
1882 2751
1054 4450
460 974
2104 3191
2345 2391
2859 3146
2061 2393
2622 4286
1403 1645
1009 1158
1316 4335
1307 2201
652 4001
2016 3734
2151 2891
543 4033
1993 2948
2452 4834
3290 3922
1994 2664
140 634
523 4046
3884 4496
1880 3332
841 2250
2889 3565
175 1441
1223 2179
441 4956
3944 4194
2847 4736
1191 4328
513 2684
2957 3643
1988 3802
787 1972
2494 3479
2362 4833
3341 4516
590 4242
356 3482
506 1882
1728 4922
1715 4060
3036 3253
2010 2234
1337 4341
3376 3424
1849 3418
2003 2684
406 4655
2789 3884
3501 3973
1841 2598
1839 3488
195 3783
1672 4288
1593 3429
2368 2488
1755 4659
1668 2093
2785 3988
2411 4356
1160 2557
2181 3843
2586 4559
3497 3699
1997 2821
418 2672
190 2511
3608 3972
1631 4058
2486 4611
3224 3330
4234 4973
84 3417
902 4071
257 1201
2834 3712
14 4165
2554 3723
2403 3951
3123 3774
751 1445
940 4893
307 4852
4364 4911
874 1483
1058 1849
3174 4203
291 4287
1192 2942
4143 4709
2801 3894
1965 4206
1760 3907
2040 4209
514 813
1264 2332
2224 3609
2204 3915
2075 3466
3279 3557
1479 4339
3542 4614
1004 1257
3946 4180
240 3800
1600 4440
3645 4134
3040 4917
404 3308
917 3601
932 4120
3533 4080
736 4507
2933 2994
2624 4201
1490 3540
455 2455
1458 3433
63 2612
403 3863
4203 4842
1814 3336
3082 3487
242 1376
1328 1389
1860 2511
1043 2259
939 3117
285 1778
1049 2330
2908 3890
2221 3362
653 2697
2759 4820
1574 4616
1621 3819
1416 3435
1254 2154
1516 4881
2847 4257
357 1208
1116 4818
2751 3407
880 2934
3691 3983
2950 3210
430 2872
568 2664
2435 2483
2050 3327
408 1299
868 3175
1085 4374
3953 4428
2275 4254
1814 3209
676 3983
1631 1734
917 4082
3965 4124
2174 4899
2074 4122
3956 4737
1390 4690
3571 4368
3978 4791
659 2018
3103 3505
1384 2932
1989 2055
1558 1615
1893 3802
1785 2290
2724 4978
2701 3942
3199 3951
272 2468
2775 3072
1360 4113
1282 4164
3954 4832
1612 1850
116 964
3699 4952
3358 4399
688 2309
841 1324
3613 4201
530 3977
2688 3029
887 4471
1979 3290
1403 2510
222 1064
227 1867
1503 1699
533 3114
2848 4900
1203 3229
1547 2628
3586 4560
2235 4936
488 4426
2199 3403
1017 4887
487 2783
1114 2125
129 986
1192 2516
734 1207
2710 2771
3784 4655
823 3683
2502 4052
400 4885
796 3031
2966 3985
3030 3411
229 3453
3165 4469
947 1467
1307 4943
1435 2060
927 928
2135 3979
1661 1749
444 4844
666 2755
256 479
1069 1715
656 4099
2511 4640
1892 2064
1868 4402
3472 3918
2688 4938
1217 3995
4628 4880
808 1781
555 2111
3567 4294
3859 4137
362 1613
840 1154
2223 3221
228 2555
1321 1417
1219 4737
1973 4660
2956 3132
644 890
2106 4421
653 990
1734 4122
2812 3640
1233 2105
1443 2206
1241 3919
2394 4408
1111 2628
968 3665
2289 4207
425 1433
1092 3377
1332 2397
4223 4639
3327 4996
668 3096
648 4829
3459 4790
1022 4820
563 3377
3155 3816
2296 3223
1900 3406
2202 2868
1408 3422
1508 4854
3185 4884
945 1933
1520 2567
2246 2923
1019 1515
2913 3514
847 4054
1972 2019
1427 3886
243 395
2040 2690
3939 4817
1095 2019
868 1806
4665 4778
721 4314
900 3018
2599 3467
521 889
2064 3755
1328 1539
2268 3738
382 4239
756 1808
1150 3124
1515 3402
3219 3840
453 1286
1589 3611
2154 2718
4226 4627
527 2032
3595 4630
3993 4483
1502 2408
3041 3237
504 3735
1778 4116
1094 2533
569 2276
34 677
225 2083
247 3888
1511 1835
16 3850
3476 4553
593 2936
4002 4188
3917 4346
22 418
1753 4611
488 3458
1466 1587
955 2560
471 3230
505 4480
259 2915
729 1857
1802 3591
2003 3692
4596 4958
551 1830
832 3883
1090 2799
1529 2463
3282 4568
2073 4378
121 3539
964 2427
1435 2450
1929 2009
1939 3619
4019 4843
475 2996
518 2610
1350 2567
113 3180
347 4469
363 1910
1891 4497
4065 4373
1445 1524
2996 3442
1335 4405
423 3784
2191 3783
481 2065
2401 3259
2875 4500
1255 2109
3393 3956
1027 4857
1848 2135
204 2497
109 4700
740 4481
116 2263
2278 3557
259 3612
2033 4314
1504 3748
812 815
1985 3215
2836 4070
1089 1676
833 1296
632 2322
690 4118
521 893
630 1615
1944 3706
1462 2060
91 968
1968 2578
55 1281
962 3802
1776 4137
1121 4613
34 1342
3783 3956
251 1710
3693 4615
1656 3924
797 2810
776 3900
844 2778
591 4481
1801 4255
682 1222
730 736
1692 2503
889 1639
1853 4819
1161 4111
1886 4418
1295 4947
1020 2261
1295 3639
1449 3917
2091 2816
1220 3576
11 3057
1811 4265
1209 3844
487 1938
931 4341
1819 4981
1152 2331
2793 3671
1908 3664
2210 4958
1855 3229
1845 2218
1134 4523
2966 4645
302 3221
312 4185
2347 2629
3837 4577
1190 1415
2120 2126
2107 3459
3938 4437
3960 4610
2229 3273
868 4438
4074 4582
1799 4018
2270 4892
1915 4285
2857 4586
1487 3394
467 4897
740 4473
1930 4303
2239 2780
401 4345
1238 4339
2199 3781
2361 4650
471 517
52 3150
942 2167
3203 4564
2487 3411
1478 2619
3424 4316
1012 3320
1752 4782
436 4145
33 1383
433 4567
728 2157
860 1123
773 4355
1178 4573
2641 2722
2581 3583
1241 2135
3146 4651
975 4621
2269 3044
1642 4633
2716 2775
1860 2736
2768 3210
4128 4594
321 4552
675 1284
1991 2533
2105 2799
439 4520
1178 2100
373 2418
4235 4870
207 2068
689 2196
3837 4603
321 2318
2963 3056
529 2524
122 2175
1652 1726
1795 4287
3752 4327
1277 1550
796 2783
3341 3960
3713 4248
2730 3482
3583 4797
40 778
1837 4642
967 2157
3311 3929
1564 3839
1453 3738
313 4456
1816 2107
1919 3742
19 2785
1919 3469
1809 2166
878 1413
1873 3607
455 4894
1286 4756
2585 2944
2279 4903
590 1453
183 3016
780 2987
1092 3106
1273 2442
1184 4550
2334 3191
1659 2554
4252 4719
1482 4819
1132 3044
1440 2377
2547 3498
2434 3662
491 2293
1943 3688
3871 4234
13 4958
1857 4415
651 2457
687 3358
1834 3878
692 739
1295 1888
457 1707
2940 4128
568 1102
317 4599
330 3114
3385 3604
2072 3974
546 3207
1856 2294
503 4572
1270 2028
1153 1957
385 4338
834 2428
76 2721
75 1884
779 4202
1880 4824
1492 4769
2831 4235
2567 3173
2147 2838
990 4736
353 3284
1276 1591
138 2860
1290 3303
40 1168
1979 2001
2054 3819
1074 3893
289 3204
112 3095
1436 4215
2955 4266
1128 3449
1287 3184
4173 4626
1330 2374
3808 3964
297 2606
2260 3175
2938 4343
2299 4916
2470 2695
3321 3768
1362 3610
808 3324
73 4759
23 3028
376 4823
4155 4911
132 2461
4083 4834
1461 4243
418 3797
891 3324
2678 3829
1328 2666
360 3744
2065 3797
480 1511
155 2026
2098 2318
3692 4913
125 1640
631 3515
975 1550
762 1984
809 3575
957 2578
3469 3992
3021 4280
2297 3297
701 2392
9 4497
1840 4456
2359 2833
1029 1994
3258 4931
1407 4720
4586 4897
2038 2798
1913 4151
4073 4781
3711 4077
29 4421
661 2179
827 2441
3141 3957
3218 3965
3990 4026
804 2700
1858 4149
1788 3728
2406 4800
3195 3654
737 1584
1451 2649
734 2584
1721 4811
1294 3102
583 4824
114 3023
650 4070
2516 3867
2857 4387
1542 2892
556 4750
636 691
2889 3096
435 2435
1171 1750
4018 4552
172 1104
2135 3244
2266 4780
2697 2848
2810 4603
252 2222
3232 4737
471 2618
2593 3362
511 4501
1201 4463
136 3704
1922 4297
1138 2398
156 4444
967 1949
2611 4084
4211 4876
215 1907
2723 4818
1069 4944
69 4300
1033 1891
3269 4977
253 3779
1067 4477
964 4980
628 4770
908 4237
3025 3681
1325 2415
1377 4647
209 1760
1252 1975
326 2116
1792 4536
1621 3212
187 2653
103 4807
1707 3982
3458 3585
4125 4916
774 3895
10 1895
1154 1271
42 4920
2596 4689
707 1296
3899 4897
2681 3364
576 824
2196 2899
388 4437
1842 4849
182 4243
3548 4180
2672 3639
447 764
2342 2918
423 2126
2167 4964
342 3911
1855 2989
3104 4618
3239 3650
1467 3814
718 4474
1010 1213
1506 2210
749 3054
2391 2953
1280 2381
1726 1976
1246 4497
419 1622
383 1668
3362 3788
1995 4293
262 1350
98 941
2916 3912
4737 4754
2115 3633
949 1491
354 4324
2239 3066
3306 3518
281 1799
1295 1595
1526 2014
2916 4546
2396 3055
2907 3040
49 4256
1498 3302
1548 2213
1302 4414
3301 4398
3416 4249
888 4092
4478 4602
2157 4259
2995 3955
891 4590
249 3769
1603 4516
350 3314
1220 2571
3389 3971
1827 3042
469 3375
254 1234
4676 4906
631 4443
2871 4154
107 3534
2043 2348
717 1695
997 1608
2598 2636
376 590
3465 3689
939 2387
679 1260
1358 3086
3178 3721
326 2812
763 3839
232 2745
737 3282
615 1815
2196 4315
209 2912
1009 1206
3644 4519
155 1246
3619 4233
1286 1523
1006 2545
2201 3715
1983 2273
3244 4794
2599 4006
2830 3633
1750 1914
3717 4918
80 2113
289 3031
391 1377
2247 2846
4034 4352
3493 4618
1130 2970
327 1140
3675 4692
393 657
1965 3636
1802 4563
434 3993
2095 3744
13 3699
811 3779
193 3478
419 4854
583 4616
968 2100
1944 3967
585 3288
3074 3076
3100 4967
359 4119
108 1083
347 1909
1997 4339
2092 2343
1433 2393
2105 3595
1934 2523
2941 3787
1787 4369
238 2556
336 2874
2272 3534
1162 2959
347 1128
1058 4466
2517 2838
1900 3184
249 4425
3119 3875
307 2340
512 796
254 3034
4040 4081
867 975
4761 4882
1448 2457
990 4108
269 3720
300 418
2709 2748
585 1235
225 3135
3769 4649
2643 4735
2768 3426
3279 4301
574 4554
2664 4654
4946 4990
1873 4706
1224 4329
331 1153
1224 1670
1951 1969
1642 4698
2876 4677
1253 1634
402 2362
901 2096
20 4396
49 522
1095 4650
954 2314
2100 2251
2303 3972
3308 3526
3300 4461
208 1321
2036 2158
3677 4641
669 3207
2905 4841
266 1921
1594 2822
2342 3714
587 4193
2390 3843
3033 4695
132 1156
1946 4810
253 4104
3755 4688
1065 4895
76 3101
3405 4716
1611 3129
1033 1737
2803 3657
2651 4397
1364 1478
1738 2023
479 1950
865 4982
173 3372
1465 3470
568 3181
2868 3723
675 4787
2102 4115
2519 4239
1817 2368
481 3553
3284 4752
2402 3562
1391 4032
769 3765
2066 3413
2599 4277
3399 4123
2648 4864
829 2593
1783 2667
48 2457
514 3805
910 3044
2727 4384
1763 4865
1514 2631
2544 3148
2179 3916
3935 4032
2347 4299
2450 3249
848 1624
623 3723
2063 2667
198 2803
333 2851
4006 4138
4716 4916
3533 4100
295 3994
2976 3964
3160 3463
520 3427
1993 4454
2643 3811
1260 1800
2243 4775
965 3459
398 1874
3632 4552
2071 3964
1076 3754
3470 4453
2343 4337
1336 2569
983 2884
4143 4312
1183 1346
3921 4690
636 2731
3684 3787
926 3990
3801 4914
1663 1890
521 674
1214 2744
837 4968
171 1641
3437 3866
978 2357
201 1960
240 864
2454 2937
1375 3398
3978 4033
2661 4105
4172 4447
437 3586
475 3247
2099 3920
2348 3312
3015 3184
4537 4631
4419 4824
2153 3402
1775 4955
3366 4113
1566 2170
568 2654
1631 4292
952 3397
1475 4291
2843 4228
1911 2441
1055 4009
1360 3402
726 3673
2937 3303
262 4112
16 2722
848 1265
1729 4970
3491 4214
1867 4646
3938 4058
1362 4850
492 3686
2836 2880
1099 4720
320 2126
107 1679
527 3779
2404 4815
3434 4017
278 2507
2894 4032
353 3354
974 3919
620 3844
2138 4253
909 1987
614 946
2478 4802
3549 3825
900 4144
674 2358
2174 2552
929 2489
922 3718
1297 3996
329 4780
3241 4485
2033 4215
876 3404
1186 1893
1481 3446
3446 3879
2708 4391
3215 3247
498 2609
3710 4634
2235 2856
1696 2186
2255 3163
3969 4459
2602 3748
843 1139
3172 3232
1409 2987
399 2594
1879 4879
109 1039
325 1781
2817 4923
1347 1777
56 421
1410 4628
3595 3642
1323 1804
291 2202
2614 4803
390 3753
1997 3621
3276 3405
2960 3674
2350 2838
553 4740
877 2947
1520 2115
799 4218
2571 3891
300 625
3550 4266
247 4872
1069 3800
35 1514
1903 3602
139 599
1876 3414
355 4835
2705 3439
3991 4024
3322 3796
316 1219
1788 3370
2030 4533
158 2292
842 2330
3928 4423
713 1844
2727 3579
2680 3230
481 3368
3708 4630
1337 3133
1571 4894
3918 4041
562 2836
3132 3591
379 4503
388 1501
2408 3793
1089 1897
986 2671
1368 1698
446 866
1628 4095
2109 4478
3814 4107
1946 2168
443 2062
835 3517
430 2331
23 921
877 4913
1414 2651
1264 1411
1558 4512
3851 3895
219 2183
592 4400
2016 2220
1493 3495
680 3660
1952 2847
606 2394
474 1260
3590 4581
2255 4603
863 2167
1831 3513
3095 4932
1275 2841
126 3958
1735 2492
1696 3679
1892 3711
898 1738
1556 2929
397 3507
2127 2354
2252 3387
1832 4179
1433 3328
2786 4190
3600 4617
4055 4883
329 4063
2724 4372
1806 4458
1864 3501
3136 3755
385 3564
119 1844
3592 4665
1792 4977
946 2228
1476 1530
412 1209
2909 3197
399 2860
805 4165
4094 4579
1817 2485
3951 4291
814 2627
762 4143
920 2706
2499 2763
2163 4176
1354 4152
306 3651
2732 3187
127 3143
4387 4396
1146 2691
3208 3598
1950 2691
2786 4434
1736 4508
76 2134
2549 4219
4247 4820
3097 3276
2582 3804
288 1612
1917 2955
2038 3938
416 1456
180 851
4223 4802
1996 3399
297 2430
215 2442
1082 1949
2510 3303
434 2203
1032 1728
1355 2023
956 4129
158 2092
1243 4465
1533 4008
1502 1815
1948 3034
3102 4017
1012 2256
1037 2852
293 2660
94 2603
905 3593
2603 4026
682 4460
1410 1482
1890 2036
3546 3789
32 3981
3010 4340
863 2916
1155 1215
171 3896
2503 4316
2535 3520
194 3539
2494 3812
1639 2405
4241 4750
2782 4209
4191 4922
690 3310
831 1080
60 1855
1216 2214
129 752
1906 2078
1343 2326
2011 2076
962 4828
530 4719
693 2508
2212 4146
1961 3097
2231 3387
2522 3308
2773 4563
1617 3853
393 4823
264 2606
1015 1038
2734 4468
429 4272
1793 2700
2972 3791
3661 4320
1168 2690
1253 1364
813 1666
52 4566
2087 3043
815 4711
1649 2680
1019 3394
2502 2635
999 4892
1 85
4273 4359
513 2503
655 3324
474 1984
1326 4516
2689 4504
768 1169
1685 3501
2572 2895
123 2282
3124 3710
1080 1313
167 1517
2515 3714
58 67
768 3951
691 4463
3270 4014
1469 3743
2349 2794
3204 3258
378 483
724 3983
3295 3414
1878 3537
1929 1939
3012 4593
3018 4528
3084 4759
1168 3394
2345 4502
192 1935
1556 3159
557 4628
1651 4257
1260 2421
2461 2903
2989 4536
1403 3238
1467 4183
1111 1291
3405 4302
2055 2774
181 1814
2209 3574
3062 4333
918 1268
3253 4077
161 4175
56 825
2476 4418
2085 3230
73 1731
1320 2765
1947 2827
2786 4117
2542 4409
1464 4770
1667 4950
228 4629
3524 3961
793 3289
1580 2894
1221 2107
1276 3054
2931 3823
104 1367
2052 3186
2792 4817
618 857
3115 4994
1087 2524
2208 2535
339 553
1319 2158
2033 2132
279 421
2825 3211
398 3314
317 2719
3025 4599
1542 3128
966 4945
2665 3757
1113 3521
726 4228
3164 3514
2400 3103
372 3441
2529 4305
1436 4759
913 1389
3208 3737
951 2873
486 1267
592 3511
866 3485
2990 3183
655 3429
894 3291
527 4016
121 393
2180 3223
2551 4144
1663 3448
1431 2773
1236 2343
513 4443
1464 2431
2316 2917
2730 4259
2779 4947
768 4095
3129 3875
1419 2774
4653 4768
1787 4888
45 3966
3110 4188
1124 2868
650 3988
223 248
761 2992
1774 4665
2224 3332
1042 1305
2590 3820
1252 1684
732 940
559 3713
326 3503
289 3365
1566 4761
606 1027
3949 4825
2936 3503
474 3750
3465 4510
862 4174
1590 3085
2632 3858
742 1447
1451 3345
2390 4483
41 4076
2455 2578
819 1718
3283 4218
580 1175
662 880
999 4164
167 1472
2913 4676
127 1288
201 2878
410 4563
304 509
1857 3311
1339 3648
2053 4076
2731 4507
800 3005
1677 2223
435 3608
1096 3397
839 4396
259 1005
867 4523
2032 2155
3585 4649
564 1384
1892 3994
867 2202
867 1554
3606 4892
3974 4942
2946 4464
2493 4774
1520 1560
1100 1269
2655 3291
664 4265
647 2882
139 4031
1140 1388
3967 4123
1703 4312
2366 3921
1514 3920
2757 4787
1080 3877
1731 3341
2856 4026
1897 2185
3284 4415
3165 3421
180 2926
3573 4037
4175 4414
2153 2603
314 1569
1276 2016
880 3641
937 3745
2075 3912
1502 2789
3155 4584
2481 3532
3791 4665
428 3205
3593 4300
2226 2977
124 2013
798 4537
2539 3400
1690 2853
1320 4317
1220 2199
2957 3508
944 3221
583 3797
1009 3737
3380 3489
2170 2268
3153 4047
1726 3804
1054 2639
1029 2763
3178 4418
1956 3651
1692 2929
4248 4808
1008 2380
317 2799
94 887
1469 3537
897 3890
1557 3621
176 4385
2142 3889
219 4223
2692 3213
73 1272
2041 2327
978 3250
1179 3996
156 2669
29 1778
2535 4576
1697 4773
233 4669
2594 4910
1129 4150
1865 3530
678 2023
2105 4900
1148 2241
3112 4864
1220 1791
822 1904
2252 2768
1788 3352
129 2407
1293 1816
3512 4705
725 1065
96 3658
635 2576
516 4160
792 4837
2539 2896
1088 1131
551 4044
995 1615
2341 4250
1460 3788
1501 2139
259 3248
1415 2268
2903 3324
320 1279
2726 4048
329 1034
1654 4488
1550 2445
440 676
341 3115
736 1570
18 3916
3702 3710
2490 4518
170 2370
4628 4769
2629 3247
1183 1883
2922 3813
2202 3322
1539 2531
3192 4355
2256 3370
398 1988
2695 3680
617 3512
3529 4415
884 4469
401 2239
1958 3760
2771 2937
1751 3528
1062 2536
457 3633
2187 4875
2765 3778
4485 4717
2308 3086
1740 4295
787 4835
3347 4327
1403 3741
2286 3227
1817 3209
1518 4039
576 3161
455 4455
3342 4911
1517 4895
2743 3798
2081 3928
507 3149
4166 4764
1503 2587
2421 4812
3641 4138
43 2119
346 4231
3681 3791
3514 4071
309 442
1115 2231
896 3493
2412 4456
3387 4605
154 1820
2012 4884
1320 4647
258 2529
2502 3693
1142 2679
1149 2830
2537 3412
2569 2846
1360 2203
1639 2511
1801 3869
2696 4977
2361 4432
1460 2099
388 2965
270 272
1590 4977
1270 3857
1847 3771
877 2549
379 1265
2026 3801
142 1223
1369 2344
2582 4359
734 1206
1182 4579
3291 4782
1241 1965
389 2353
2011 4205
533 3976
245 3600
1798 4390
368 1938
1632 4027
2404 3668
1784 3810
3152 3626
1208 2505
3711 3862
3293 3440
1244 3074
1730 3209
666 3470
1913 4871
480 2240
403 431
1144 3836
3581 4203
2607 3082
834 3101
10 2617
3262 3635
767 2120
1194 2333
839 4477
720 772
3853 3912
280 4578
2192 3675
506 800
2554 4431
937 4619
869 3698
3131 3821
1007 3475
1231 4836
845 4975
3447 4822
1611 2368
779 1087
2903 3206
3158 3469
1755 3438
1781 4398
197 1981
2287 2764
2751 3223
2382 2800
1202 4091
930 3917
2208 3512
3535 3752
3573 4356
1981 2318
940 2759
497 3404
661 2914
3768 3966
1351 3363
548 3331
2834 4912
1094 4014
1056 3475
1498 1813
1029 4094
1766 4588
517 3957
3122 4665
102 442
1982 2733
1738 2861
3230 4873
2195 4651
2353 3640
1909 4188
1820 2035
2021 4481
2185 4429
349 4307
335 2278
4044 4442
1275 4751
912 4396
767 1353
850 2748
62 4086
837 3667
1839 4934
2213 4926
543 4121
2578 4113
2293 2485
2058 4477
1913 2716
4191 4826
619 4403
677 4586
497 1721
1424 2487
1850 2273
1587 2287
2334 3775
953 3620
614 3165
1156 3545
2657 3637
85 2281
141 3494
3110 3406
1210 4287
612 3948
3533 4905
1288 2978
2711 4029
464 2230
1336 3402
868 3669
1820 2177
2790 3640
1336 2184
297 1325
382 1192
2685 3605
227 3066
1090 1436
1389 2352
2047 3609
4686 4921
301 1586
3401 3749
84 3883
1803 4750
104 3979
2922 3744
609 3120
927 3416
2119 3285
149 1890
376 1155
1307 2244
3163 3659
210 3632
2267 4904
204 1247
1556 4995
1790 3604
1430 1758
1534 2892
2088 2165
207 277
2555 2773
1058 4975
123 4673
827 4299
605 1850
13 4422
615 4405
1574 4233
660 4172
788 3568
519 744
1709 1948
2501 4600
3481 4589
109 1764
889 1147
1121 2664
1946 3688
2596 2596
797 867
288 4552
809 1519
1045 3734
751 3056
1539 2906
1623 3424
2282 3332
1134 1723
204 4283
1047 2074
312 3221
1935 2975
232 4341
1936 3015
3881 4179
82 2733
4168 4893
1564 1600
2351 4979
4236 4620
241 2594
3874 4011
733 925
7 208
2288 3433
2600 2606
1653 4540
993 1926
1123 4940
1653 4281
3365 3820
1734 4340
3334 4609
939 2255
1874 2036
174 2276
4184 4468
1744 2501
3859 4917
2204 3303
908 2291
1155 3943
1799 4433
1288 2921
724 1920
896 4573
1307 1636
1587 2596
992 3841
3027 3535
715 3708
302 1534
2802 2892
3277 4160
1580 1660
303 1363
3839 3870
638 4245
1884 3302
377 4910
3803 4483
438 1272
2141 2858
4386 4484
1699 2920
2510 3765
1627 4163
870 1650
1278 3316
29 4975
1392 2857
1629 1696
874 1613
3685 4914
2757 3594
290 2912
2914 4428
1568 4701
2123 4086
173 1051
2005 4912
3937 4984
1938 4074
853 2389
882 3216
2424 3716
344 3625
237 471
1217 4155
326 1502
2749 3143
2176 3237
2408 2937
96 4531
2023 2498
379 4703
2410 4992
362 1483
1215 1929
144 3872
3448 3939
3424 3920
4282 4390
12 499
1513 3545
2176 2645
412 1007
3415 4820
1267 4700
2945 3074
2647 3765
2526 3453
2638 3814
919 4008
1380 4231
1179 2414
1333 3169
2451 4602
723 4613
619 4301
2477 2828
3484 4615
786 3239
1898 4290
1194 2053
2169 2364
192 2168
4182 4694
2333 3701
65 100
2513 4284
1243 3804
198 845
1254 2272
1809 1906
2890 4286
2504 4733
4121 4323
2370 4641
1693 4965
2328 3563
3754 3861
847 3554
3179 4287
3607 4386
3243 4242
838 3251
3045 4800
1682 4299
2071 4842
2556 4960
3641 4127
3247 3815
2963 3455
616 2927
530 1500
1606 1712
636 2452
266 4922
224 1983
225 660
262 4465
1062 2509
61 4095
2131 3159
2067 3937
3442 4415
707 3608
21 4014
981 3414
2948 4913
905 2863
1625 3498
3242 4709
1691 4771
430 4817
633 3267
681 2043
2103 4493
4004 4775
63 4233
1070 4026
830 1776
1195 2633
1047 1796
1095 2175
37 2311
287 2000
1708 4886
4657 4880
4696 4750
1438 3016
328 3481
3696 4821
1935 4823
1168 3824
1237 1245
1545 3418
4178 4372
2519 4612
1576 1787
3614 3886
1965 3175
525 4413
24 404
4069 4773
100 1858
1779 4140
1690 4188
2951 3625
3126 4010
1144 1598
2688 4370
16 3741
1865 4627
1260 4792
1225 2765
30 2292
554 3189
1704 4564
957 2124
688 2408
3981 4827
671 4187
2137 4014
647 4375
263 1790
973 984
988 4477
1077 2694
1966 2336
2485 4731
2514 4912
2022 4452
3067 3725
376 4015
848 1054
1180 2783
2232 3321
1246 3202
458 3848
1972 2072
637 4296
1466 4407
483 1635
511 3601
2995 4170
4081 4683
1704 1861
1279 4884
250 1780
1654 3979
789 1303
1510 3535
4109 4712
918 1132
3103 4911
1900 2989
2399 3748
385 3365
227 4230
3985 4752
3221 3667
184 1433
68 1722
2712 3501
317 717
1620 3831
341 1505
614 1506
1404 2637
1314 1531
872 2091
841 4565
971 4281
1226 1552
210 4507
1303 4080
229 1487
512 1950
2906 4575
1803 3222
292 1985
1193 3148
2698 3677
80 3761
1644 1686
2746 3777
3662 3867
969 1189
2194 2943
2449 2740
3756 4043
2880 3984
1881 3392
2285 4786
2966 4087
4359 4609
552 2424
1100 2757
2869 4601
1180 1287
277 864
1082 1415
2383 3938
1880 2270
10 929
681 4684
404 3560
2284 3667
2303 3303
2069 2621
2742 2779
165 2229
1337 3330
1264 4283
3795 4206
569 1421
3335 4071
2503 4361
2069 4772
2592 2997
1133 3272
1536 2680
2698 3184
171 2838
1 3591
458 2742
1370 2687
2906 4699
521 4023
3981 4580
901 4316
1001 3386
587 3503
2656 4098
1690 4626
652 759
1313 4684
3646 4496
2381 3817
2334 3733
2407 2791
128 2826
1829 2083
2204 4827
159 2604
1919 3135
2412 4135
1656 4350
754 3989
2005 4967
2443 2657
2077 3755
722 2340
1072 4603
890 3288
4649 4805
1078 2630
4259 4776
954 1065
2814 3668
948 2465
586 4876
1435 3593
423 4225
2582 4346
389 3140
1590 2465
3247 3929
2849 4539
428 1352
1136 2508
76 3565
138 4852
1202 4175
1988 2157
1221 4621
3158 4288
722 848
73 1750
2448 2496
4006 4237
595 1939
185 3053
875 2591
2226 4385
1872 4371
798 4734
1223 1789
963 2001
3776 4158
1348 4303
3590 3778
4505 4626
663 2606
1050 3158
53 55
2394 3344
447 649
2875 3528
4265 4389
100 111
1136 1185
909 2924
2909 3759
239 3886
2066 4541
233 844
4482 4737
144 1821
2343 2870
3747 4653
2047 2924
2090 4924
1970 3845
2798 4585
1234 4249
3721 4696
434 604
544 1645
1883 4864
1930 4430
2775 4662
3608 4125
751 945
3751 4445
3403 3814
3089 4543
1801 2985
1997 4364
2161 4954
2539 2934
1409 2629
1259 3194
4255 4584
90 799
2489 4519
1615 2728
532 3204
222 2634
500 3972
665 2078
1621 3727
1879 3753
3116 4605
910 3876
1628 3161
4389 4800
789 1058
1724 3934
1665 4023
2522 4153
1602 4893
768 1777
989 1157
1657 4410
1313 1488
1391 2321
2426 4460
416 3269
1893 3496
2677 3521
1656 2476
3796 4261
3194 4885
519 1549
3569 4393
702 3461
994 2821
237 2150
3809 4647
158 1473
2479 2486
2863 3297
1256 2484
64 3148
979 2740
3020 3987
1567 2280
1451 2782
1826 4653
394 3000
53 4045
1390 3854
443 2873
3033 4891
49 1441
278 4506
3720 3879
1486 4926
1203 4989
3534 4633
4005 4080
646 2520
301 2636
3448 4461
1305 1447
1206 1701
1412 1499
723 4442
1854 4333
3756 4646
733 4613
963 4923
3332 4848
887 2448
1188 3432
267 4420
1939 3788
1424 2264
711 3591
1248 2236
3442 3510
1360 2948
2390 4853
1706 2083
838 3074
2703 3806
1802 2625
133 1120
3567 3824
11 2371
1790 3350
1629 2138
80 244
23 4913
2148 2306
815 1270
569 1941
1793 2175
2958 4257
1031 4850
1446 2552
1188 3247
1528 2307
351 4731
2102 2225
1713 1927
3891 4693
323 416
328 4936
345 2242
2966 3827
768 3056
1582 3534
2560 2844
838 3762
226 2283
1313 1414
1881 2841
72 1612
3649 4543
1256 3713
575 3955
2300 2342
2236 4277
973 2669
829 1495
3884 3938
3614 3824
1818 2526
1667 2655
1287 1892
1290 2599
3170 4657
1081 1791
2686 4781
4729 4845
293 1655
2592 3800
3996 4428
1179 3016
401 2007
690 862
2243 4476
865 4060
2001 2531
1714 3287
775 4355
1783 2237
380 3877
2863 3657
2591 4417
3502 4709
597 3653
944 2300
3080 3479
3480 3959
485 1173
522 4079
648 1386
3138 4000
269 1204
1043 3638
558 2226
4177 4434
2040 3957
3373 4443
982 4296
1579 3081
1733 4300
2379 3874
211 4185
2047 2211
357 4084
1004 1126
469 615
1355 2089
1344 1818
3728 4483
3569 3660
2526 3161
699 3955
898 1680
331 4602
3901 4610
2063 4836
1280 3625
4020 4842
2023 4376
3925 4500
745 1731
115 3085
1932 2834
2316 4428
659 4348
172 975
1673 1873
478 4123
80 4705
666 4453
1515 3980
501 1611
139 4520
2161 2804
1728 3895
625 1661
2473 3127
61 1658
58 840
2069 3973
188 4948
2060 2240
2717 2972
1182 2676
1986 2796
3128 4694
194 3500
1090 4990
246 1066
1312 3503
1515 3325
2149 3289
3349 4641
1050 3806
2779 4189
728 3118
357 4078
2049 2787
321 4426
1077 3573
770 2306
2158 3052
2315 4142
3380 3499
739 2001
1044 4063
4332 4867
1212 4507
17 2680
1909 3220
26 4147
3224 3947
383 3086
273 4808
1349 4758
3415 4732
2784 3470
784 1924
423 1925
516 4015
1559 3775
3077 3642
2242 4288
4500 4921
657 1408
4493 4803
2786 4791
3027 3168
3299 4228
3985 4327
999 4058
820 3752
675 1841
117 2955
1097 4822
1224 4131
2732 3560
1217 4973
716 2847
1246 3503
738 3476
1261 3306
1880 2684
780 1108
982 1458
1444 3332
195 1867
60 4151
870 3457
1528 3318
2011 3279
1010 4541
570 757
983 4768
2228 2825
2652 4623
2928 4317
264 1196
611 2395
2944 3655
99 204
2627 3422
293 3129
1162 4833
1361 1585
1215 4480
372 4723
1644 2225
2481 4559
1411 1657
1033 1786
2454 4308
312 923
1 2274
3656 4669
217 4872
3754 4195
3293 4046
2323 3126
260 1560
838 2391
560 1474
2762 3698
1594 2203
3256 4965
1393 3250
998 3909
1309 3846
199 4831
4499 4935
151 3854
2607 4370
4015 4346
3004 3020
3492 4563
3279 4329
1953 4753
1067 1240
4794 4802
2660 4410
2262 4758
802 2107
1000 1170
1001 4768
1198 4702
51 1851
1204 2573
1901 4009
2012 2939
1430 4921
2927 4551
1231 2110
3349 4303
457 2297
1309 4494
603 4866
2019 3570
1091 2710
2477 3018
567 3443
294 3530
1969 4733
977 2866
1634 2156
1554 4341
3585 3619
694 2456
1759 4849
394 3498
1239 3567
3432 4806
1841 4727
450 4550
2169 4820
612 3378
386 1907
905 2355
122 1640
4625 4683
375 2277
2213 2530
3993 4985
3842 4258
1003 3095
1661 2339
2241 3496
92 4081
1894 4574
1742 4983
1713 4712
2098 2353
1619 4609
804 4610
1082 1839
4234 4710
2213 3115
1922 2558
2531 3099
1194 1399
89 3533
2125 2854
3584 4298
2558 4509
1191 2540
1250 4255
3603 4955
221 2704
915 3508
1182 1997
1698 1767
3058 3910
4881 4980
1467 2980
3862 4217
525 3747
657 3378
592 871
3428 4027
100 1569
2319 2702
823 922
2656 3527
2494 4922
28 3386
83 1918
3146 4976
344 3027
1307 3163
168 2358
2379 2882
3036 3914
1137 2611
2990 3627
79 916
4558 4587
381 2780
1787 1860
705 3907
1708 2292
732 4978
2374 3878
4069 4953
2611 3256
1965 2231
962 4130
1198 4396
349 3808
327 532
1447 3149
405 2707
2385 3184
3087 4244
1322 3345
3030 4949
636 680
3007 4361
909 4311
3429 4164
1921 2012
1050 1128
2973 3677
445 3321
2328 2485
1985 3647
127 4052
2511 4691
2777 3587
1755 4909
1703 2473
3108 4290
3648 3734
3820 4643
2958 3601
158 1230
612 2638
3584 3631
1314 4076
150 1904
1902 2755
2135 2881
953 3177
892 1744
2306 3498
800 4778
1441 1552
1637 4238
88 3057
2631 4397
3009 4141
626 3620
1778 4256
3555 4443
458 4683
945 2438
2360 4431
1670 4664
2607 4765
555 4912
2706 4614
1165 4690
498 3927
585 4154
1784 3335
1333 1344
924 1958
1315 4053
1214 4870
2248 3496
792 1679
390 1037
222 2707
54 2828
1960 3823
2740 3437
1018 2429
1515 4601
2707 3754
2393 3452
538 4784
2813 3736
51 1742
1866 4307
1272 1713
2906 2950
2504 3943
2725 4692
1097 3001
552 1823
3056 4643
259 425
1212 3423
1129 1940
1743 4965
1854 3522
1526 3609
1019 4619
11 2884
277 1282
3183 4596
584 2099
275 3477
1175 1477
2723 3078
778 3299
2721 3558
1143 2555
846 1121
1085 3624
2588 3497
465 4291
309 3457
1436 4820
3064 4544
2453 4139
2598 3036
1074 2589
3763 4662
2384 2550
2201 3192
912 4514
2110 3420
3230 3407
3382 4265
666 3204
1308 3230
3038 3668
1455 1616
2511 2857
310 4519
2116 3001
589 4697
711 3190
703 2091
3895 4446
3959 4291
1158 1400
916 3730
981 2994
1647 4297
1197 3878
1217 2954
922 1916
2671 4772
2189 3432
81 1433
1130 4305
3373 3846
1840 4076
936 1285
1579 4322
1596 1831
325 4330
311 2747
3319 3395
867 1957
2273 4910
540 2083
2183 4754
615 1663
3096 3294
2047 3950
1771 4225
1064 2795
83 2198
2348 2871
295 1661
990 4702
620 3800
290 1300
2194 4608
818 1156
870 4591
2709 3052
4344 4372
3666 3989
2064 2467
1691 2939
187 2085
2384 4106
2805 3519
179 255
3100 4956
71 2521
107 172
360 3652
1132 2867
822 2001
2457 3530
52 3152
70 2901
1719 2141
1431 3485
3409 3671
3515 3866
2034 2407
1671 2661
3564 4770
2436 3968
4074 4840
1551 3960
91 2725
3546 4417
2091 3226
3428 3494
1377 2680
4869 4915
4399 4752
2651 4159
2518 4774
2180 3025
4551 4695
4466 4840
816 3807
655 3254
2213 4232
3309 3557
2303 2973
745 1854
1633 2550
590 3927
1857 4313
147 3711
1608 4150
1381 2869
1667 2245
2569 4913
3291 4752
2034 4106
287 4911
494 1112
3851 4668
1153 3802
2008 3993
1542 3249
3640 3839
1820 2952
2047 3319
1662 3654
883 2468
1386 4134
1298 3127
1418 1702
87 2402
1875 3664
1726 2987
576 4157
4006 4311
2998 3081
1318 1329
4540 4957
1519 2711
2909 3565
922 1029
3496 3570
1308 3156
2629 2635
3957 4330
404 2710
2278 4417
1142 1373
1616 1882
622 1717
1149 1192
3619 3861
2478 4510
348 3817
2221 3077
265 3249
186 351
1745 3506
1493 4373
450 1140
55 2895
823 3159
173 884
1788 1964
32 4117
308 2409
1181 2380
10 4168
1889 4336
461 1709
1973 3765
3710 4115
1806 2159
3 3972
1464 2530
1804 2584
1315 4358
882 4758
1721 2198
2666 2670
78 3105
637 2973
3492 3809
1998 2050
3706 4179
2510 2943
2031 2571
541 3409
3733 4376
543 3258
196 2347
905 2193
13 1951
1787 3562
23 4456
1227 4479
885 4199
115 1046
2112 4042
3095 3220
604 2170
2515 4200
923 3175
3902 4740
282 1007
1202 2159
3980 4352
3459 3992
245 2654
2676 3905
131 1052
2155 3288
681 3621
4333 4722
2085 2427
4254 4294
3031 3160
2557 3453
434 3192
1441 1458
4825 4969
157 3994
672 2452
500 3325
4048 4405
99 2352
858 4535
1568 3387
2719 4479
1563 2641
146 3286
816 4528
620 1445
2084 3231
163 3541
1339 4671
3664 4861
532 1495
2468 3347
208 1515
2560 2751
1614 3637
1352 3417
1556 4247
4070 4197
567 809
2482 2976
94 279
3529 3595
109 3509
3179 3422
1448 3282
3194 4294
2013 3814
373 3992
3094 3528
1493 2932
1731 2701
2844 4638
1947 3265
2756 3834
184 2668
1629 2083
2030 4298
158 2806
2138 3579
2336 4937
1860 1881
583 2025
3894 4574
2398 3773
1681 2668
750 1617
812 4381
387 1328
573 4076
435 611
2517 4592
2240 3889
898 2397
1694 4388
381 2327
676 4186
1258 3613
2506 2563
832 4960
2630 4851
1640 4246
600 1021
57 2338
485 3700
4134 4262
1095 3853
3002 4686
252 2741
786 2082
760 4639
314 2518
1131 1298
2924 3860
107 4988
171 2618
1810 4957
1863 1908
1920 4182
597 4233
3756 4859
4718 4850
3711 4072
2804 4536
2969 4323
313 4941
2459 3729
1378 1978
3589 4901
237 4928
407 1359
1315 2545
760 3568
2750 4574
171 2679
2786 3334
29 3052
91 2635
2123 3522
2797 2894
2835 2843
2923 3109
86 1645
1585 4300
1339 4536
1512 2697
409 1294
364 4861
1168 1289
3846 3962
1459 2296
2839 2983
347 617
3821 4282
491 2175
1617 3333
1361 4725
2607 4357
1162 1906
941 3852
2793 3805
2901 4086
4213 4616
380 3946
904 2908
577 3715
203 3559
1901 2905
527 2186
721 1017
2337 4361
701 2073
3307 3413
1430 4574
212 3722
3004 4778
2526 2678
3090 3441
2293 2387
3196 3469
294 397
1848 3262
1167 3955
3748 4482
820 3352
1850 4064
2551 3156
1137 2920
857 3918
2421 2493
3622 3991
1776 2869
217 1299
958 4943
779 2603
3139 4248
1175 2752
130 2447
2546 3918
963 2270
2812 3365
1333 1520
362 3821
2571 4439
3283 4090
3081 4991
3118 3257
2301 4555
3258 3334
2288 4498
388 3988
1535 1563
333 1739
2009 3044
2878 4006
1242 4278
1962 3169
4113 4883
2135 4903
2576 3805
3795 4538
2008 2794
3264 4308
1598 3700
3918 4549
3885 4305
1772 4888
867 2979
262 2104
1334 4987
616 619
3788 3927
2577 3040
22 1063
3826 4294
183 3639
646 3972
2235 4328
1306 3028
184 223
3928 4069
168 4527
1746 2192
647 3146
3132 3359
1980 3978
907 3747
2675 4117
298 4138
943 3738
3728 4315
1126 4638
725 1805
1872 2030
1184 2056
112 2252
2476 3131
279 4667
3424 4876
1665 3234
2907 4997
3005 3563
903 2679
679 2552
768 3168
2482 4846
847 2323
1572 3471
343 4128
311 3601
853 3750
422 2577
2052 3983
210 2243
259 1827
4733 4795
255 4710
2509 4089
1120 2388
60 1908
1258 3239
741 4086
3580 4212
657 2707
609 4554
3018 4655
1461 4791
1795 2231
825 1843
3356 3669
1083 4503
2690 4754
3842 4212
198 2951
1313 1610
4552 4858
599 2867
1446 3637
645 4810
505 715
1253 3522
1721 4066
3312 3951
1506 2212
568 1127
1527 2209
1280 1422
633 1250
1448 1473
2786 3583
3057 3441
2275 3689
391 2325
200 3720
576 4321
573 2266
3986 4097
3761 4638
3202 4288
266 414
3144 3769
1542 3974
224 775
2174 3600
756 1671
1079 2737
548 1425
938 3353
101 3424
2489 4421
1106 4000
4448 4993
91 983
730 3208
4184 4826
1143 4304
1469 4321
96 845
1692 4370
3695 4714
125 1431
2025 2144
496 2855
2962 4307
271 1803
3727 4270
2908 3719
3718 4351
1053 3277
80 1588
2575 4454
2243 3775
4043 4439
2086 3870
3808 3916
285 3151
294 346
2309 4552
1622 2141
2411 3858
3424 3936
1332 3033
2654 3102
59 682
2113 2730
2184 2998
241 4687
958 3729
1179 4679
2166 3487
94 316
123 1791
1961 2431
2694 4101
1551 4052
2864 3828
486 2248
1511 4491
349 3544
901 3078
656 3899
261 343
2570 4139
169 423
100 3941
7 193
129 608
1983 2569
1028 2559
2963 3021
884 2578
3142 4415
3131 4652
258 4831
1158 3195
2909 3850
1408 4521
544 1898
2319 3443
2067 3542
1259 3425
1866 3735
2069 3554
786 2464
3097 3807
426 2026
1042 3567
525 2793
4402 4570
355 2764
1911 4615
2966 3319
4136 4861
1568 2578
3531 4986
2471 4789
1205 3411
1964 3007
3792 4626
779 4074
2557 3950
2451 4992
243 2475
516 2045
996 2222
1160 2907
1837 4125
1225 2324
338 2792
1253 3868
3723 4130
9 2540
4367 4928
855 905
1633 3158
1330 3460
3780 4189
1664 4803
375 1670
60 1370
1219 3891
628 2079
1696 1852
3385 4402
654 996
125 2252
3612 4377
656 4016
2978 4870
1136 2912
1502 4241
947 2043
749 4372
58 1098
1469 2418
1308 3820
2687 4447
734 4739
2651 4140
4118 4998
1146 2722
122 522
489 1333
2529 4311
358 440
1798 3211
1032 2744
403 1605
1662 3492
2261 2853
1672 3130
2169 4920
1118 4658
3768 4254
3372 3798
1295 3765
238 1093
1816 3777
696 726
2435 3087
1135 4884
646 3518
3602 3979
272 3822
1616 3124
1082 4745
1002 4795
2265 3265
2011 2519
1032 2160
1149 2242
3454 4686
1621 2738
3462 3464
2316 2901
2250 4802
4136 4247
3115 3319
2849 3591
1936 4464
1714 4370
560 2861
177 1723
125 3733
2508 2695
1288 2245
698 3656
1394 2325
786 2319
986 1209
38 3458
788 4174
2705 4106
1905 2288
575 4048
762 1368
3279 4944
1666 4974
98 3455
1751 2501
2605 3995
1261 3788
1044 2464
4006 4714
214 4602
2052 4639
23 2839
3812 4079
1099 3296
2335 2344
3026 3702
2969 4457
3333 4430
987 1787
4089 4527
640 3483
779 4435
1095 1830
100 3243
1544 2844
1665 3595
2482 3040
1294 2785
1080 2118
3744 4453
3121 4775
583 4506
2442 2838
12 3428
890 977
1616 3868
725 4654
1819 2394
636 1483
1919 4378
4831 4935
2313 4324
2108 2974
92 4958
53 4540
666 896
1753 3174
615 1249
2612 4591
394 1919
4261 4854
578 3534
266 2279
1748 2396
666 4267
1126 4097
601 1801
2761 3574
2718 3909
