5000 5000 761826423
b???u?????g????????????????????????????????????????????????????????????????????????????????????????????????????????????????????????????????????????????????????????????????????????????????????????????????????????????????????????????????????????????????????????????????????????????????????????????????????????????????????????????????????????????????????????????????????????????????????????????????????????????????????????????????????????????????????????????????????????????????????????????????????????????????????????????????????????????????????????????????????????????????????????????????????????????????????????????????????????????????????????????????????????????????????????????????????????????????????????????????????????????????????????????????????????????????????????????????????????????????????????????????????????????????????????????????????????????????????????????????????????????????????????????????????????????????????????????????????????????????????????????????????????????????????????????????????????????????????????????????????????????????????????????????????????????????????????????????????????????????????????????????????????????????????????????????????????????????????????????????????????????????????????????????????????????????????????????????????????????????????????????????????????????????????????????????????????????????????????????????????????????????????????????????????????????????????????????????????????????????????????????????????????????????????????????????????????????????????????????????????????????????????????????????????????????????????????????????????????????????????????????????????????????????q????????????????????????????????????????????????????????????????????????????????????????????????????????????????????????????????????????????????????????????????????????????????????????????????????????????????????????????????????????????????????????????????????????????????????????????????????????????????????????????????????????????????????????????????????????????????????????????????????????????????????????????????????????????????????????????????????????????????????????????????????????????????????????????????????????????????????????????????????????????????????????????????????????????????????????????????????????????????????????????????????????????????????????????????????????????????????????????????????????????????????????????????????????????????????????????????????????????????????????????????????????????????????????????????????????????????????????????????????????????????????????????????????????????????????????????????????????????????????????????????????????????????????????????????????????????????????????????????????????????????????????????????????????????????????????????????????????????????????????????????????????????????????????????????????????????????????????????????????????????????????????????????????????????????????????????????????????????????????????????????????????????????????????????????????????????????????????????????????????????????????????????????????????????????????????????????????????????????????????????????????????????????????????????????????????????????????????????????????????????????????????????????????????????????????????????????????????????????????????????????????????????????????????????????????????????????????????????????????????????????????????????????????????????????????????????????????????????????????????????????????????????????????????????????????????????????????????????????????????????????????????????????????????????????????????????????????????????????????????????????????????????????????????????????????????????????????????????????????????????????????????????????????????????????????????????????????????????????????????????????????????????????????????????????????????????????????????????????????????????????????????????????????????????????????????????????????????????????????????????????????????????????????????????????????????????????????????????????????????????????????????????????????????????????????????????????????????????????????????????????????????????????????????????????????????????????????????????????????????????????????????????????????????????????????????????????????????????????????????????????????????????????????????????????????????????????????????????????????????????????????????????????????????????????????????????????????????????????????????????????????????????????????????????????????????????????????????????????????????????????????????????????????????????????????????????????????????????????????????????????????????????????????????????????????????????????????????????????????????????????????????????????????????????????????????????????????????????????????????????????????????????????????????????????????????????????????????????????????????????????????????????????????????????????????????????????????????????????????????????????????????????????????????????????????????????????????????????????????????????????????????????????????????????????????????????????????????????????????????????????????????????
2775 3802
1813 2252
1271 2256
3454 4811
2 1135
3197 4959
1581 3953
1882 4147
3968 4746
761 4944
1904 4673
3939 4269
440 4303
818 2713
2100 3222
1966 4874
130 2024
3478 4279
1401 3283
441 2754
3638 4417
998 2712
1858 2590
2879 2910
2956 4175
22 4859
3847 3960
479 638
1296 4615
1714 3350
1668 4517
1540 1587
1416 1797
2171 4549
2611 4698
2302 4115
1248 1365
112 190
3223 4342
2530 4451
3516 4472
2388 3714
3431 4218
3045 4351
513 4053
1110 1381
720 4049
3868 4273
464 1443
162 3417
2070 4053
1653 4276
739 3435
3009 3194
80 2644
538 4948
2115 4277
1897 3661
4364 4846
358 1294
2403 4768
487 3090
2362 2803
706 3267
156 474
561 3428
2544 4055
2213 2330
1145 1758
1224 1690
3579 4401
2523 2867
2536 4207
1115 4052
1899 2408
761 1666
1163 3850
3504 3965
561 1212
1367 2231
1035 2010
1927 4930
491 2416
2259 3560
300 3600
1136 4352
3658 3878
2218 3084
2545 4685
795 3487
2092 4247
3812 4606
2315 3096
659 4923
3505 4228
262 3378
515 1656
191 4282
3499 3801
2098 2842
3977 4100
1450 4329
19 3986
1531 3764
2250 4703
3147 3677
1496 2489
943 4104
1155 4026
382 1602
1331 2531
643 4397
2185 4338
2836 3678
2337 2871
1286 2788
3199 4087
2116 3537
457 879
1419 1512
95 3128
975 4658
113 2583
90 1918
4139 4871
471 3021
2466 2553
1890 2417
1002 2446
3339 4726
1669 2363
1126 4867
1449 3242
1905 3403
472 4821
3416 4952
4425 4916
926 3850
890 4195
28 3939
762 4065
1617 4400
3168 3227
3507 4228
613 4584
2566 3633
44 3298
3500 4746
1902 4637
108 3002
2770 3075
59 4342
2337 3546
3191 4435
1531 3482
814 1948
1565 4243
3564 3821
3422 4732
1697 3048
1966 4357
329 2654
2009 3828
2997 3751
2082 3105
1508 3104
2226 4515
849 2123
391 3203
1558 4733
224 3723
1680 4466
288 1596
19 3286
1369 2686
2078 3067
3396 4651
3011 4731
3575 4834
1007 2008
462 4290
1515 3515
1328 4363
3637 4530
1106 1546
615 1329
1621 3646
1908 2147
432 1593
3278 4314
2697 3117
1391 4119
1092 1121
1018 2129
2306 4487
1595 3026
1301 1540
2628 4461
2255 3098
3510 4712
476 995
1040 2615
473 3186
874 2066
504 4970
1379 4438
2769 3200
643 3557
241 2037
3012 3899
1037 2876
493 4176
2577 4954
1183 3155
3016 4403
894 1749
3285 3491
3964 4364
1589 2823
2381 2792
111 3444
2229 2995
2137 4231
823 4989
526 3001
3401 4721
1566 4037
2965 3928
1519 2082
499 2273
98 1392
4021 4940
1029 4736
255 3851
2677 3987
1120 2994
1574 4097
467 4679
455 3711
502 588
1574 3455
3844 3988
3139 4267
1009 1808
1348 2307
2797 3281
50 3654
1078 4089
4343 4741
2417 4928
3330 4273
2426 4889
355 847
3457 4557
809 3958
616 1496
483 531
3670 4459
1101 1266
1030 3800
663 4924
1326 1597
685 4316
2403 4056
27 3683
2825 4708
2713 2955
3486 3801
1942 3067
227 4709
1204 2251
842 2781
1652 3038
2802 4138
184 4270
2938 4193
846 886
161 518
2922 4273
568 4300
4307 4744
2261 4008
2456 2493
1874 2414
3474 4434
1684 3453
646 4678
816 4067
2298 4970
1567 4557
153 3846
998 2111
2629 4731
2510 4004
3077 3253
2559 3303
2310 2821
1171 1628
1154 4936
1939 4854
3306 3410
4439 4974
2142 3951
1248 3505
2111 4413
2814 3615
3258 4925
4340 4612
3473 3905
3343 3509
1646 2901
1067 2073
307 3589
1461 3701
3525 3554
1934 3399
3211 4725
2161 2724
1866 2580
3976 4761
1993 3926
250 2590
202 3553
458 4590
2025 2932
1277 3966
929 1384
1236 3350
2050 4973
2696 3497
1955 2446
1517 1782
2170 4505
29 4035
2084 4789
428 4362
67 3303
268 678
1619 3207
231 2078
902 1043
1508 1831
1209 2427
3066 3751
2113 3258
1564 3599
380 910
3080 4432
1236 4460
3466 4671
601 4180
99 667
2128 2482
689 2286
98 4363
999 2271
130 406
4181 4184
1338 2246
947 2934
710 1532
2972 3862
3263 3293
850 1051
868 2753
1872 3353
47 3322
371 3881
449 2656
546 4569
2019 3191
2897 3776
2077 3321
1010 2959
675 2244
1384 3309
127 2170
4355 4741
1757 1815
919 1942
3813 3977
375 4271
993 2135
3935 4255
175 3648
833 2018
3366 3729
793 3038
103 2157
399 2831
3698 3707
176 567
1273 2229
4043 4916
1857 4382
3358 4961
583 2022
84 508
2927 4339
794 1574
865 1626
582 4944
736 1706
3619 3863
370 2191
888 3045
428 3611
1064 2656
1236 2331
617 3050
540 4362
326 2561
409 1296
4222 4420
213 1099
1964 2148
2091 3191
1248 3897
3868 4178
110 1368
4237 4507
3608 4664
1023 4469
704 3672
1721 4705
244 2672
2435 2997
3730 4156
3575 4758
2208 2952
99 140
523 3330
2189 4420
1366 4577
1039 3287
2523 4086
545 4045
13 3538
67 2209
2069 4771
282 4740
1367 2716
522 4089
1445 3846
449 4396
588 1053
846 1576
3917 4386
995 4845
2104 4281
883 1189
2779 3155
233 1692
1651 2792
253 1212
534 2773
951 4139
1391 3249
1013 4693
236 1461
441 2641
1286 2048
2316 4216
1562 2024
2160 4127
2194 3043
315 1700
821 1899
3391 4964
4901 4995
2527 2673
528 4830
3164 3776
1220 4176
1456 3469
261 636
448 4035
1015 2898
2702 4921
3928 4861
1121 4047
713 4255
1428 4172
3914 3963
2743 3863
270 3909
1536 4436
1451 4699
2670 3212
226 3032
477 2213
924 3292
1189 2599
300 3290
2217 2462
1508 1512
2119 3337
3573 3860
2535 3546
2640 2774
1682 2750
4261 4285
711 1117
335 680
1912 4733
209 3711
3354 4124
1722 2485
774 895
3356 3373
2991 4884
1215 2679
3354 4787
1539 1899
3674 4312
891 1423
151 2345
2059 3461
2214 3745
493 1946
656 4203
3506 4779
2342 3909
2852 4803
2576 3116
2458 4510
724 3811
136 2165
511 3026
415 536
1305 3689
1033 1958
2808 4016
846 1373
1338 2760
3318 3415
1892 3175
800 4545
517 3748
1954 4984
1323 1463
133 2441
2576 3539
3649 4049
1954 4064
642 936
368 2893
1675 4527
2520 3260
899 1019
209 568
785 2100
95 1681
611 4252
428 2557
594 3102
372 4386
3910 4586
3235 3313
266 4310
245 3650
369 908
3137 3934
1396 4896
2146 2805
3013 3766
902 2714
1464 4160
2067 2582
4361 4770
1715 4624
3814 4995
2452 3399
764 3904
2985 3213
1030 1634
1937 3457
2003 2945
2222 3250
26 692
395 4457
3038 4460
1710 4501
3619 4291
1568 4740
3 2543
2806 3816
257 2537
1440 3566
1021 1551
1004 2050
4460 4536
338 2890
3756 3911
1139 4447
2886 3936
255 1973
1964 2345
2316 2825
744 2606
2055 2608
1213 3286
1423 2174
1340 1469
3841 4965
968 2890
2242 3778
1779 3931
1667 1886
2841 4158
1332 1776
2043 2938
100 4387
4277 4901
1702 3858
109 1372
1010 1465
1321 4239
3183 4141
579 3148
2982 4820
223 467
3598 4949
1616 4154
483 3346
2125 3167
122 4167
1104 1573
2357 3553
849 1607
1214 2221
3067 4031
739 3230
2764 4621
1551 4879
2263 4212
2723 2730
787 2671
1292 2679
638 4513
2762 4637
2679 4758
135 1928
1833 2683
2491 3531
56 4791
2103 2857
332 438
1411 4947
4448 4825
1710 2961
389 2035
791 1175
3469 4706
1695 2466
2102 2982
2012 4457
2736 3212
894 2146
920 4636
776 2062
1044 2879
2833 4918
1216 4562
4009 4243
1041 3556
719 2781
590 1509
1647 3955
1330 1420
663 3342
4150 4873
2674 4436
1885 4820
1681 4157
807 2457
1218 1850
1687 2488
1035 1248
277 3703
1095 1609
3679 3832
3875 4422
1539 2829
2420 2868
600 761
473 3530
1204 4910
1260 3147
1023 2941
2303 3181
397 3520
31 2083
1065 2359
1062 4682
1290 2693
2156 2877
1031 1320
2859 3650
211 1069
726 811
608 1830
1739 2635
3163 3894
1237 4185
1834 3539
3582 3717
3411 3747
664 769
1163 1698
208 3182
338 4339
659 3084
1733 2720
2930 3517
594 2801
982 3740
1201 1374
2721 4363
1620 3957
3453 4899
3616 3848
2035 3610
3714 4050
1229 4378
2099 2560
1436 1438
871 4249
1968 2096
612 2603
1755 4897
1205 4989
2737 3758
1809 2714
3120 4333
2117 4371
2316 4138
2524 2986
925 3051
1655 2925
24 4279
566 2066
1461 4814
3556 4288
3133 3242
519 3029
1723 4997
4085 4369
480 2083
2245 4952
1415 4361
1904 4322
3029 3659
3953 4427
1709 2352
607 2340
1172 2375
757 3835
45 2337
469 3742
3286 4260
4634 4850
2334 4218
3718 4166
962 2652
419 469
1675 4790
2322 4703
1749 4800
7 2860
1966 4100
1551 2826
2308 4489
1826 3012
1753 3704
1989 3646
2364 4847
1623 4697
1692 4065
214 3068
682 4006
2032 3486
808 1823
1622 1734
3092 3908
834 4359
57 2384
2184 4546
195 1043
2723 4746
1368 3299
662 1735
1215 4709
1631 1710
1400 1924
1050 1757
3957 4536
780 3788
1695 1873
602 3753
4586 4965
21 4960
1970 2143
918 3012
3640 3689
1987 4110
844 1360
3926 4000
1904 2061
1908 4655
2957 3984
1412 2941
199 3844
72 538
3424 3824
2491 3388
2450 3410
1731 4760
678 944
1094 4632
203 669
2970 3380
2398 3321
3657 4301
382 564
717 3956
1719 4873
9 3716
80 3269
606 1692
256 3096
79 3665
546 4839
1747 2841
1868 4192
2473 3888
747 1794
2268 3144
115 924
1848 3797
2840 4104
2564 2712
822 3925
2779 4090
356 4736
611 782
2212 4184
1081 4275
2050 2373
269 3921
1565 2745
509 2311
2776 4539
1005 1806
51 602
2852 4242
1767 4705
1878 3305
1084 2043
968 2399
2171 3101
1354 3009
312 3636
2434 3714
1008 1355
334 3924
451 842
2586 4989
4392 4969
993 1372
196 4993
613 1050
3315 3918
357 2927
246 1353
2755 3523
2116 3346
10 1229
14 751
1758 3723
2720 4056
2034 3171
1250 4619
1218 3159
504 4010
355 2589
2051 3202
365 2756
682 3471
2074 4823
2280 4828
1977 4697
925 1943
1986 4045
939 2060
10 2155
2468 4188
3180 3717
158 1339
1286 4168
3194 3875
244 874
3428 3629
1898 1961
662 4034
2941 3072
213 4120
1270 3508
45 4607
2335 3904
1058 1667
486 2344
245 1876
403 554
1839 4566
922 2759
1795 2065
1844 4354
1775 2666
93 2436
3051 3164
1729 4616
2284 2998
3123 3680
2026 3956
622 2366
1061 4436
1032 2459
2936 3012
2501 2786
3707 4851
1611 1915
1853 2317
3627 3759
3851 4982
2415 3033
3367 4143
2002 2648
2122 3492
681 3799
499 4398
773 4934
458 3231
2318 4746
103 1243
2445 3598
209 3810
711 2014
821 3877
641 3858
1024 4407
3242 4390
2241 4901
1391 4744
714 3423
1213 3542
4172 4314
2498 4629
2545 4815
139 726
1270 4324
79 2583
884 3293
2092 4760
4084 4114
137 4969
3211 3490
878 3390
451 3620
2517 4485
3027 3394
2565 3729
2340 2578
1236 3545
3745 4271
14 1374
3956 4946
829 1444
3601 4887
1940 4066
323 1908
554 3812
118 1431
1921 3554
50 3038
4437 4795
2416 4517
2359 4756
903 3446
991 2190
1525 3717
1470 3555
2672 4998
2624 3650
589 1237
1559 1689
2242 2497
1722 2614
1627 3672
73 886
1017 1674
1219 3432
1190 3577
3187 4636
530 832
2356 3177
1732 4246
178 3269
3081 3827
669 893
3933 4416
1912 2227
1175 3949
877 1198
575 1763
1591 2623
3841 4788
978 1375
913 3770
1965 4601
141 1442
2039 3308
3224 4837
1660 2657
3664 3904
3325 4431
552 2836
362 1342
852 3570
1560 2778
534 1684
1472 4369
726 2095
2449 4495
3007 4413
447 801
107 905
481 2839
850 4943
3137 3606
1461 4753
2589 4388
729 3364
567 2950
861 4299
2334 3345
1394 2713
2120 3805
1159 1253
2966 4165
2017 3413
4274 4965
4156 4871
4754 4813
5 2890
4758 4771
702 4158
418 3698
1239 2999
984 1889
212 4328
2957 4222
3027 3392
1428 4550
631 4394
3715 4000
31 4158
3273 4028
3026 4186
543 3840
2267 4962
300 4320
349 4120
1710 4737
721 4699
3598 4910
48 2819
2867 4792
845 4294
1476 4341
39 4407
475 4196
99 4438
3623 4575
3124 4767
1742 4165
816 4728
199 1061
798 2516
1908 2215
505 2870
3476 4269
2694 4676
520 4060
3340 4753
3347 3378
173 4159
3596 3926
271 3500
3571 4746
3266 4087
1487 4346
1255 3900
122 896
2804 4697
3688 3918
2164 4660
3186 4335
2246 4857
1207 3196
1998 4553
2508 2926
1851 4726
1348 2456
1702 2378
1094 1320
1464 3932
665 4070
1560 2831
3879 4192
715 2879
375 2796
982 1394
1061 1251
2267 4579
798 2928
75 1820
1787 2897
1925 4242
4244 4979
337 1619
1298 4435
621 3314
3451 4856
1225 4047
1940 2330
1477 3278
3666 4671
1078 3810
2273 4740
3345 4423
1516 4019
806 4497
764 2774
7 47
3018 4104
401 1696
2316 2452
66 3659
1290 2118
2706 4447
2335 4581
2276 3246
1085 3357
1982 4324
825 4020
2756 4843
535 3604
2000 2650
1377 2047
1832 2656
703 1416
219 3584
3649 4370
1488 3877
2934 4939
2286 4519
268 4561
4117 4977
1998 4792
1958 4174
1065 3811
697 4016
2368 4668
2397 4698
766 2353
2181 4228
2812 4408
2399 3777
1460 2627
264 2750
561 2550
2180 3621
2737 3462
459 2156
465 3880
4042 4632
1529 5000
1090 1197
787 2367
3132 3593
4172 4491
312 3898
1983 4062
2675 3443
1688 2938
2544 3600
1164 1839
301 780
252 4287
759 4131
1743 4752
2632 4524
613 1742
180 460
2751 3772
2242 3591
254 4296
1139 1278
667 3813
1072 3706
3103 3616
2306 4941
1131 3085
241 1383
2352 2371
1865 3474
2741 4094
1106 2187
1285 3353
1104 3998
1409 2588
704 4697
835 4193
1211 3333
4405 4648
2750 4916
2221 4372
502 2690
1657 4283
380 3236
1453 2986
205 3431
2662 4193
1969 3897
966 3947
1352 1707
1048 4905
3762 4097
1883 2094
307 2882
1574 2850
631 2221
147 4672
3155 4075
306 2310
3291 3534
91 114
1721 4306
41 2752
3050 3203
1006 4554
910 4756
1954 4869
6 3836
1664 3315
1164 1717
3699 4590
4736 4737
163 4722
1380 2890
2776 3824
3938 4670
2743 4218
1969 3243
2783 2797
19 141
1126 3703
656 1050
995 2408
843 4309
2559 4071
12 1824
2609 2912
3682 4747
3074 3989
61 1898
1083 3116
835 2333
177 429
4301 4311
3226 4319
3280 4451
501 1797
2791 3935
2908 4777
3330 3451
1626 3687
2647 3342
4440 4538
2611 2680
2741 3428
860 1543
175 1694
351 3875
3475 4528
3052 4661
198 464
1331 1994
964 1617
223 1136
2745 4586
2783 3552
1212 3245
429 2101
2685 3108
2464 4711
571 2200
359 2374
3616 4233
3442 4076
112 3737
310 1493
4175 4200
1515 2303
791 3439
1737 4887
1640 4376
1939 2669
1237 4449
273 4039
102 2557
1108 2736
672 3094
639 4834
3679 3909
142 4081
573 3997
451 4548
1100 2754
1062 1890
2544 4150
1777 1919
2142 4445
210 3378
246 4248
2802 3650
2737 4349
261 1372
94 2183
2213 3363
355 2443
2354 4351
2805 4367
466 3899
1312 1910
3708 4453
462 1836
2723 3955
2632 2932
2332 2877
2333 3532
2030 4232
1421 2291
1956 3603
318 3736
2167 4090
4112 4521
3441 3478
2325 3691
296 586
2 4003
463 1390
2190 4112
769 4821
3100 3396
2698 3279
1784 4727
2510 3205
817 2017
2105 3159
326 1134
1194 1597
986 4846
1427 3522
1722 4676
4107 4678
496 2076
1492 4265
959 2261
706 4085
1712 1782
3496 3984
2846 2861
1700 4877
1210 3662
1148 3333
1535 4527
1380 2744
512 4170
188 1253
359 2243
4318 4865
2206 2708
4517 4934
371 4968
222 1680
3504 4206
175 1364
2051 3226
2064 2593
925 4435
2322 3211
451 2307
2315 3701
1306 1476
2502 3719
3016 3718
222 4388
1425 4322
2745 4738
1044 1311
4424 4547
516 950
911 3918
527 3503
982 1313
544 4427
1230 3634
2850 3687
678 3544
1045 4992
748 3007
135 1114
2538 4580
669 808
282 1851
1057 1980
1398 3847
2006 3660
2765 3884
98 2162
197 2940
182 1993
4169 4843
220 2712
211 1872
108 2619
1221 4570
501 4105
1265 3759
392 2522
3115 4501
864 1449
4699 4806
3815 4523
3036 3690
238 3912
905 976
144 419
639 2099
2856 3970
2201 2963
2940 3122
536 2044
4294 4975
2496 3308
1037 2775
2485 3348
3046 4990
865 3643
2332 3213
2124 3900
3921 4875
691 4380
1371 2830
2681 4226
3151 4882
1090 3540
4075 4355
4329 4486
4145 4720
757 3176
1523 1919
3261 4593
921 4587
4125 4133
1918 3024
2190 2608
2899 3340
621 2881
561 1169
672 4846
1794 4737
1149 1761
164 2598
1235 1829
5 1743
13 3343
2879 4288
151 3273
2397 3874
2144 4283
421 3243
4333 4671
1582 2213
291 4102
1488 2774
919 4773
2576 2886
2067 4091
248 483
326 3577
20 1604
834 3590
3214 4307
985 3181
267 611
324 2383
4656 4861
1442 3405
3221 3695
544 2346
1534 1668
461 3264
905 1683
2740 4552
1229 1930
1316 4885
1248 1257
555 718
1702 4471
81 87
410 3321
3181 3815
1417 2219
4623 4637
1518 2265
150 1982
246 4537
442 610
161 1928
209 3181
2741 4496
93 3989
810 2105
1575 4543
3864 4629
2184 3007
1390 3173
364 2806
391 1338
3795 4007
776 4207
96 4156
2373 4765
537 652
69 1278
860 4018
916 2304
3006 3020
3900 4466
946 3329
3952 4880
512 1269
2124 2227
427 3866
4221 4917
475 2872
1348 2027
73 570
2458 3144
724 4421
2526 2936
3438 3442
1591 2796
1056 2813
1695 3759
736 2927
2599 4062
1186 4195
973 4826
1094 1403
193 4275
2893 2920
2653 4842
796 2965
40 3651
1177 1568
6 4327
970 2270
3782 4153
2199 3325
3892 4061
125 2954
672 1659
491 2836
1644 1893
281 3189
2519 4553
172 2433
1749 4394
2319 4396
3140 3887
572 2467
244 2893
748 1088
3027 4412
1918 2946
4423 4824
2835 4871
94 361
2022 3089
2254 3655
1124 2629
61 3207
2647 3952
1809 4966
3347 4949
204 271
447 3767
3163 4854
1189 1194
491 617
441 3107
4329 4913
1358 4627
3000 4690
3295 4447
1654 2075
1212 4418
2065 2136
163 296
3382 4862
244 3585
132 4010
383 4646
215 2928
832 2187
293 3418
2624 4683
973 2250
662 1040
249 1838
3255 3956
265 4726
2400 4466
3142 4629
2875 4047
842 4291
973 2811
3193 4652
618 4867
2472 2804
2050 2241
4448 4673
421 1923
3274 4315
2434 4874
1152 2742
1416 3128
2594 3819
167 1960
3574 4214
4415 4834
2644 4856
859 1739
2188 3708
2077 4659
2864 4126
3251 3663
174 3798
435 3423
840 2869
3297 3343
1962 2776
780 4759
1277 1721
294 2739
1842 3924
1060 1697
2798 2919
106 2556
2858 4632
721 1116
110 4366
259 4383
891 4818
3082 3682
3330 4038
999 1425
1105 2535
1778 2826
868 3811
653 4471
531 4791
2709 3701
2608 4680
2537 4166
1633 3592
3701 4609
344 998
3241 3959
161 3992
550 1322
2321 2746
1548 3426
280 4677
443 1251
544 2073
1686 2447
1147 2603
3635 4394
3755 4911
2523 3698
1543 2132
2398 3892
2475 2708
2132 3987
1700 4806
372 4536
2435 3903
535 3797
1399 2111
977 2654
3423 3472
691 2426
84 921
1027 1060
1346 3583
2888 4724
2066 3473
892 1779
263 2533
584 4878
765 1420
322 955
3199 4752
856 1661
2502 3184
666 2325
1356 2958
3879 4751
2162 2791
4136 4905
981 2096
3375 4161
153 4453
52 3337
1281 1767
3186 3920
3397 4875
1595 3508
715 978
3255 3479
3899 3920
1856 2156
275 1906
2086 3065
419 3343
2515 3552
1926 4323
127 1675
3079 3431
197 3464
711 2383
4108 4735
3609 4594
2054 4586
308 1661
558 4417
1572 1932
3559 3766
2203 4829
247 2975
545 1527
1219 2761
788 3452
1346 3234
218 1161
2280 3431
3543 4517
2739 3504
4110 4793
769 3089
1453 2505
2679 4736
428 2796
256 3294
1269 4998
543 1855
2795 4615
1761 2598
1754 4458
832 1971
614 618
513 603
130 3341
591 4016
2104 3133
937 2711
389 961
673 1388
318 3184
2996 3182
1586 4850
3724 4380
816 1836
2570 3330
1294 4161
892 1911
1494 4774
1255 2423
2790 4835
1845 4319
4555 4894
1608 2206
1296 2280
4479 4945
2597 2940
535 4012
2789 4087
1266 3605
923 4595
2526 3568
3417 3755
1830 4880
1263 4253
1097 2486
3394 4330
1767 3287
237 3374
1844 2884
1789 2005
954 2362
2726 4728
1488 3869
1812 2753
2734 3825
1350 2348
2454 2653
1118 4483
2334 2380
87 4819
3476 3480
501 1595
2089 3119
4962 4968
1324 1973
1750 3685
2830 2926
1410 4413
1698 4574
1874 3517
864 2307
3223 4960
3318 4340
794 2003
880 3072
2899 3173
25 4359
2477 4493
3465 4461
3791 4788
540 2785
710 4825
2586 4721
1418 1474
2159 4990
818 4643
2206 2865
1875 2129
2922 3557
1628 3877
3401 3801
3159 4526
4019 4778
1988 3242
778 4831
2615 4382
2669 4206
2390 4676
1791 2501
159 302
3842 4802
1047 1119
4018 4599
2574 2921
2520 3149
553 1320
1431 2902
830 2679
1801 4169
1631 2272
1653 4946
597 2615
1624 2210
353 1356
1514 4124
2006 4317
1315 3124
364 1685
2722 4636
1593 4258
1163 4137
3390 4264
93 2593
2420 4393
4262 4691
559 2375
2696 4323
1257 4525
880 946
1421 1609
2394 3614
60 737
2452 3089
1744 2162
2354 3440
2576 3754
3017 3516
1108 2317
4462 4736
75 1852
4226 4426
633 3473
158 3548
845 4730
2389 2690
2265 4782
2656 4353
1194 2096
2937 3157
1596 4258
290 4363
157 523
2839 3732
2616 3193
2574 4467
1999 4619
44 1603
1824 4943
2905 3112
501 787
594 4403
282 4601
108 2827
1697 3264
764 2306
2405 4859
381 3020
1751 3914
1529 3219
1295 2144
913 2348
494 2391
2317 2516
627 3686
221 824
2167 2479
227 4113
334 1767
1939 4815
2702 3597
2120 4807
140 1459
187 372
3242 4757
3252 4537
599 1900
1801 2393
668 4342
3027 4710
1282 2647
125 3850
428 3448
1567 4237
761 1176
709 1381
229 3501
515 1687
2053 4992
3410 4585
1662 1809
60 4121
922 3612
2453 2953
2941 3514
587 2331
1147 2533
712 4595
2960 4948
73 1161
2475 2541
2133 2704
2393 4000
742 3736
1052 4152
3321 4213
2165 3793
776 4272
1066 3076
81 4007
1589 2411
2736 4593
1295 1656
3682 4255
1194 1604
430 679
2811 3734
2479 3133
227 3162
2566 4214
730 2238
2894 3426
1031 4049
21 3448
101 2125
65 2454
3399 3864
1510 4152
54 2833
2116 3009
2794 4026
3439 4112
1957 2923
118 2942
507 3149
230 683
4097 4108
127 3123
4496 4509
1633 4926
948 2380
1163 1697
849 2130
2183 2673
33 4788
1544 4059
3934 4982
2242 4522
2463 4256
3711 3757
4321 4394
3417 3986
3461 4853
4361 4895
2956 4821
2345 3903
3552 4042
66 681
1242 4090
1274 4215
229 758
1684 4162
1205 2091
2699 2755
19 1466
692 1455
1792 2211
3415 4108
252 355
2776 4559
1472 1527
1430 4814
1231 1865
3106 3462
320 2676
548 732
3767 4786
1062 3228
1324 3816
1342 2278
84 1633
2033 3843
1876 2493
2258 3479
1385 4199
725 4390
2856 4203
2154 4721
433 615
752 4178
1261 4642
779 2651
28 3712
2703 4007
1284 3880
396 512
2720 3781
4355 4595
1273 2964
471 4425
3814 4348
2547 3555
3016 4700
3448 4627
157 1666
551 1307
1417 4554
2796 3438
2444 4617
498 3496
79 2246
2798 4008
1026 4714
2298 3744
2677 4521
3376 4120
1666 3334
1930 2702
2717 2909
2501 4382
3052 3065
2040 4481
477 3957
3573 3629
478 4272
703 2069
2428 2723
3748 4852
2141 4948
1169 2397
1516 4468
2801 4544
2825 4533
502 3601
733 3003
149 2982
1374 2406
982 1362
3202 4610
1286 2474
1439 3354
4162 4528
781 4379
4261 4273
1658 4326
441 3793
1336 4525
410 2946
513 3447
2597 4010
2801 3344
1558 2746
3727 4717
2918 4271
557 4688
1126 1743
1270 3910
1043 1639
900 2001
1326 1667
3460 3909
1471 4785
1147 4416
194 1659
556 4214
608 3367
3353 3899
4924 4967
3431 4195
4236 4470
979 4751
12 595
3586 3600
600 2406
425 4485
3278 4745
3884 4748
30 4529
1075 4163
3041 4728
1630 3648
528 3094
3352 4370
1846 3134
1081 3564
2603 4666
3197 3411
1029 3363
1782 4787
2618 3962
211 2239
446 2362
3243 3338
1827 2500
4317 4867
946 3580
1673 4866
2825 4569
2394 4670
957 2702
304 2102
513 1974
3501 4355
1634 3875
493 4188
604 703
2779 2965
1116 2500
2559 4326
1875 4968
545 3547
410 4172
1571 1996
3965 4979
2680 3017
119 1273
4336 4599
1983 4188
2209 3953
821 4445
1396 2776
526 1499
2093 3998
1642 4651
1609 4675
219 1526
697 1507
1981 3077
3311 4045
2061 3393
2342 4666
1677 3531
513 4264
864 4568
3037 4073
364 1821
812 3214
2346 2904
3563 3987
2555 3237
432 1947
3453 4808
1128 1788
1524 2882
1274 1450
3585 3791
2291 3467
468 2906
332 2683
3825 4404
719 4188
1531 2576
2401 4922
786 963
260 3340
552 3559
123 359
2603 3363
1244 3498
4126 4947
3870 4062
2512 3737
556 2529
1770 2860
594 3239
309 3615
1191 4782
1839 3534
1112 2625
2723 4497
48 2316
1281 2439
996 1758
41 255
3591 4166
201 3812
289 3228
1324 2108
2197 3093
1787 4967
38 3581
2095 4819
286 1123
2234 4705
553 4262
1309 1577
600 3941
367 3709
1759 4936
3527 3963
515 2277
1856 2338
13 2155
3963 4351
281 3105
2489 3143
3861 4584
1336 4313
4017 4869
4130 4921
921 1229
1520 2058
170 2425
1457 1580
542 4183
2811 4983
2321 2408
915 4666
3628 3685
265 1790
2754 3908
1284 4121
1948 3689
456 3557
376 2317
3237 4038
1095 2957
1109 4478
2688 4871
406 934
2269 4582
3216 3341
941 2882
4255 4625
872 2861
1769 2766
401 4977
2241 3665
2349 4048
1017 3573
775 2610
605 3731
3065 3704
4560 4927
1846 2105
332 1686
3547 4114
54 1378
633 2780
641 4678
2856 3796
2832 3761
1001 4196
1496 2896
68 1400
2174 3912
869 4029
2257 4084
3168 3933
1037 4010
13 4341
4074 4126
452 4240
531 2019
1561 2436
1643 2659
356 1419
4474 4551
2321 3771
170 2447
2710 3740
2768 3696
952 4930
1851 3863
471 861
484 4899
325 1553
792 4609
140 2128
915 2811
1821 3052
2557 3407
2030 3240
2957 3362
702 1755
3532 4441
817 3579
746 3560
410 882
1352 4608
859 2622
527 1835
2535 2796
1318 4662
4128 4287
576 2338
949 4484
540 744
52 2865
3566 3901
3159 3784
3975 4358
2362 2917
1072 4595
2032 4678
947 2300
2781 4242
1776 4178
495 1928
1214 2789
975 4716
3275 3551
646 4199
2063 3814
2050 4066
208 1980
1337 4202
534 2915
1605 4253
2510 3930
3456 3636
2581 2877
1758 2588
4516 4652
2253 3792
2081 4579
1984 3507
2705 2853
1666 2629
1119 4678
2083 3098
1237 1284
1770 4434
38 4199
3060 3375
2010 3968
2867 2900
454 1239
1010 2242
1321 4614
1034 4754
4192 4540
1737 2044
3597 4365
61 1067
395 2143
1631 4165
4779 4950
329 3401
3127 4988
307 3388
1488 2606
2726 3206
3059 4215
732 1320
2353 3828
485 4371
2221 3244
1414 3192
2826 2937
3331 4259
1321 4775
1099 1314
1066 4724
1063 2779
2518 4192
679 1369
123 927
4533 4757
1076 1493
264 321
2100 4780
1043 3023
672 2457
1215 3609
1634 1825
2954 3291
1599 4604
404 2674
2021 3182
89 1212
1457 2051
2173 3243
2383 2999
1706 3876
426 3321
205 548
1590 1773
2444 3227
398 793
2032 2404
695 3969
1337 1919
1650 1741
945 3671
1033 4922
1234 1973
2489 4476
497 1224
3554 3826
1451 4251
3227 3350
807 4999
1291 4034
3041 3794
1178 1198
72 1499
1408 1892
3417 4893
4361 4500
4422 4915
393 1149
2746 4234
1976 4594
457 2154
3148 3259
1374 2756
1608 3563
2724 4250
1517 3948
1477 2290
2714 3713
957 2975
1392 1473
972 2202
2104 2116
393 2497
4490 4616
2944 3082
4084 4890
97 3583
2852 3148
1107 1308
2766 4031
356 1713
1899 2646
3190 4613
1164 1358
1921 2830
3907 4122
1011 3802
546 2590
2205 4859
1388 4292
148 471
1596 4181
405 2328
1712 4448
3434 3565
141 2094
278 3992
2786 4819
496 4956
982 1877
1241 3325
2350 3478
2251 4939
3461 4024
1763 3496
2752 3643
1932 3585
1591 3989
611 1038
396 700
954 2793
536 1231
3136 4674
1049 3092
169 3383
1320 4845
21 4623
3225 3323
1312 3698
3037 4807
460 2140
4044 4801
1391 4071
1033 4384
83 3780
2780 4734
4227 4667
2316 3714
3365 4340
860 1805
3099 4476
705 4073
379 4497
808 3649
428 1685
887 1966
1766 3824
1282 4246
665 3157
1630 3288
2099 4409
1325 3021
337 4075
1390 4767
53 3195
1978 4503
2670 2682
3518 3575
3575 4412
677 4839
259 2642
434 725
3358 4408
1031 3916
2660 4022
1120 2203
1576 3420
3796 3846
186 3264
4668 4964
1942 4732
3753 4170
4096 4623
387 2271
2670 2947
225 4280
589 2302
1348 4713
659 2095
263 1033
3817 4754
2152 4525
1744 2300
7 3370
3334 3837
3568 4674
195 275
1249 2320
942 4290
1635 1959
3212 3889
829 1238
513 2302
2176 2523
3790 4396
501 3555
2059 3958
25 2054
710 4747
2060 4546
3086 4432
3113 4706
1784 4632
2306 3922
293 2726
2232 2966
3504 4822
368 3794
2123 2321
2871 2890
2462 2797
2771 3371
4748 4855
564 4824
3236 4494
277 1461
2673 4573
1334 2304
1356 3639
433 2577
283 4809
3398 3786
982 3543
505 4456
2215 3395
1028 2326
2049 2543
151 3749
1326 1796
2641 4312
772 4561
2917 3585
1696 4250
2241 4403
4240 4817
4523 4836
977 4585
1958 3308
165 4480
1414 3046
91 3559
2453 4074
2139 4224
1201 3934
1864 1901
1462 2926
842 2635
682 1398
1443 3638
84 683
1271 4807
205 783
2208 4864
1687 4093
28 1858
1084 4938
157 3300
439 2390
732 4942
724 2633
1805 3650
446 791
843 1843
1472 2286
1833 2908
1639 4320
530 876
3773 4089
739 2865
775 2119
1074 3211
3408 4374
2150 3367
451 1164
1887 2091
3896 4435
1232 1888
4083 4686
2510 4426
1258 2720
417 2039
2298 2896
2914 3021
4 1387
2237 3513
2122 3311
1723 1882
1442 4036
199 4031
1121 3244
2678 3437
1368 1677
261 1054
759 4686
3478 4915
944 1683
191 1868
1133 3980
366 3211
448 1136
231 4610
110 1953
497 1491
1873 4746
2047 2989
483 2993
2018 4361
2278 3511
1766 4269
1964 3032
4098 4259
965 4714
801 3693
2097 4012
411 4585
641 811
2272 4194
2036 3945
3691 4120
1166 3908
1679 1900
3000 3697
1511 2612
729 2326
779 4289
1229 3760
3473 4899
700 3545
642 3518
1063 3928
1578 3225
771 920
496 1216
2806 4615
3065 4906
780 2937
131 1316
280 2985
310 1641
1008 2420
1120 4599
849 5000
944 3544
813 1548
2610 4185
2114 4740
834 2011
2681 2884
2041 3227
2295 4484
105 4426
1421 2420
404 4557
1197 1700
714 4059
1664 4968
1319 1530
2512 3826
412 4863
399 4638
730 3021
2513 3855
396 2740
1535 2318
182 3789
245 1802
959 4221
1867 3017
977 1068
3042 4416
127 735
1057 3008
2054 4920
1833 1916
331 1471
2314 3352
2200 4826
1291 3558
92 1574
1714 3609
410 1625
1958 2584
982 1327
802 1958
217 2394
3872 4999
952 2407
1880 4357
2327 3712
1272 2657
1534 4937
1008 3733
1115 4565
24 2688
1009 3632
753 3985
393 4062
1374 2920
388 3722
2782 4684
290 1034
1653 2593
3441 4884
767 1949
3220 3596
129 4775
783 4509
214 623
237 1699
4059 4662
220 414
612 4396
827 2315
1215 3337
2388 3020
348 2678
406 3352
270 3846
2219 3236
964 1831
738 1790
1298 3311
2872 4876
923 3272
1464 2933
1683 4981
4376 4698
525 3646
3043 3335
430 1739
2706 3438
3107 3111
1789 4729
24 3308
623 3299
88 3206
1361 2869
584 2738
2361 2744
1506 4208
294 2839
1343 2242
2214 2240
256 1867
1926 4957
2038 4631
144 3394
1535 4094
1224 3753
1558 4522
4376 4764
962 2088
51 3984
1727 2671
2411 4177
2286 4056
880 2015
399 580
2265 3119
44 2188
3574 4225
1026 3319
720 1471
1944 4853
224 2763
951 1465
2526 3778
2861 3038
2060 3828
1239 4587
2588 3225
294 954
692 4104
2886 3574
73 4309
3617 4234
649 994
2552 2720
2465 3757
4040 4663
1519 2480
396 4990
1257 4379
85 3256
1438 4194
2675 4026
2418 2968
1331 1521
12 4216
94 672
62 4288
1288 4905
2408 3808
4008 4872
22 3916
263 434
252 3853
110 2181
436 4630
1546 2419
982 4220
1444 3399
3539 4127
1272 4902
2717 3342
573 3982
1829 2779
269 1538
628 637
904 2761
650 3023
1338 4502
3274 4870
963 4255
1658 3860
1673 2639
3079 4469
2389 2970
3595 3660
1936 2871
2729 3444
507 917
272 2538
2260 3396
1156 3165
3164 3814
853 4178
3803 4668
630 2074
3057 3731
1081 4490
1369 3920
549 3758
495 3241
1112 3769
1497 3783
907 4699
2530 3355
1750 3588
1142 1753
657 4257
1918 3434
1509 1585
2236 3582
1644 3567
3665 4408
33 2725
3273 4679
142 2920
120 263
3902 4031
1289 3111
1466 3600
3540 3818
4567 4959
292 3824
615 2209
3475 3609
146 845
3409 3712
2073 2488
212 3119
3457 4149
4837 4951
2068 4956
1565 2450
3857 4675
3738 3808
2492 2556
2059 2347
3866 3990
2234 4481
842 2551
2696 4307
1686 2715
526 1407
877 1139
2089 4596
25 1925
898 3445
2462 3232
894 3440
2136 4632
3600 4628
2298 3539
2404 3038
271 1288
1884 3838
2464 2543
502 2885
257 4291
1027 1396
1519 3115
2343 2895
1392 4592
975 2691
2053 3585
540 4415
3014 4568
167 3106
1663 4556
509 2950
3745 4826
2290 3139
1023 1287
2791 2895
169 1665
642 4535
2984 4635
1026 3782
1472 2575
979 2001
56 2767
1519 4623
2132 3037
3794 4080
2593 4589
3096 3770
2586 4685
971 2411
1553 3609
1625 3865
859 1721
1160 1356
3842 4941
2769 3733
733 2764
99 2820
1617 4851
1982 3794
2874 4654
776 3598
223 3814
2367 3498
2808 4778
820 1416
1036 1330
3041 3051
552 1894
758 2088
1844 4490
1208 4607
1306 1575
1425 3778
2923 3924
3407 3928
534 3149
2525 3314
756 4891
1811 3563
3982 4668
1331 2350
723 1369
1752 3263
2509 2626
1702 4469
2909 3350
427 4924
4205 4214
1349 3488
1107 3128
2415 2628
2992 4939
941 3747
1182 4103
2201 3661
4436 4991
804 4550
1301 2065
418 4690
161 2119
3511 4158
27 4585
593 3434
141 1134
4080 4620
1495 3592
1583 2247
2785 4539
1681 3966
342 3641
2519 3076
1684 2068
231 3749
649 4721
4790 4881
300 2767
3391 4146
1236 3177
1376 4738
662 3817
995 4254
1663 4593
836 4448
483 2517
475 4765
2283 4210
893 3550
132 703
993 1775
780 783
1655 4899
1082 1398
2317 4044
926 3781
44 1587
2390 3949
612 2192
3334 4380
1411 3816
1175 3248
2457 4290
4191 4810
1864 4701
694 4322
102 3638
1644 2828
261 5000
395 4393
318 3929
3972 4175
3123 3257
448 1361
86 4694
1179 1496
4426 4861
4023 4150
184 3234
2935 3340
2047 4013
684 4980
466 2807
1817 3679
3072 4419
2211 3347
2737 3389
2318 2997
30 860
2297 4797
975 1075
935 3793
401 2815
1436 3634
1127 2998
1396 2920
139 2899
1957 3431
2057 2109
1475 3773
180 984
4821 4921
3490 3720
931 2917
2713 4871
2297 3228
3372 3688
440 3231
1018 2538
425 1887
3345 3496
3282 3635
1243 3064
1943 3300
172 715
1126 1704
2299 3050
1624 3122
788 892
2011 4052
3605 3631
3644 4307
3354 3890
435 891
859 4907
3403 4129
2410 4203
1798 3389
473 1683
1449 1997
2397 3926
1799 3700
1224 1675
3364 4920
323 2566
374 2522
1032 3954
2307 2517
2951 4921
1180 4550
162 3678
934 4364
674 2440
2513 4264
313 2356
1104 1260
1311 4239
462 2902
2985 4173
177 1903
550 4496
4424 4801
1941 2934
2854 3459
1243 3008
385 1404
2670 3038
477 2120
4632 4695
1092 2050
1297 3704
535 4506
14 3759
2348 4351
2525 2932
1253 2427
2028 4426
2359 3579
2037 3968
1563 1565
1397 3301
2966 4434
85 971
665 1262
1069 2353
2365 4067
1056 4924
2422 4251
1598 3682
1772 2965
474 4376
1743 4900
321 1403
1723 3610
174 2358
3285 3754
1250 4827
2149 4539
800 2687
3755 4165
3152 4583
560 2471
1721 4506
4333 4540
2456 4670
144 2504
599 1831
1395 4585
4 919
1307 4628
943 1530
1356 4733
3545 4271
1231 4856
70 4020
1337 4574
3603 3807
1485 3108
817 1879
2900 3999
1503 3272
102 4395
789 3453
1038 4371
2145 2345
3674 3999
83 3287
1381 1831
1236 4354
4413 4423
749 1607
209 348
907 1832
4137 4669
3667 4000
2037 2271
1431 1521
3724 4973
3572 4762
696 716
1046 3458
741 3096
1128 3473
481 1279
691 1060
1256 2666
1440 1603
2875 3698
3895 4787
2835 3786
2561 4871
2409 4082
2484 2653
406 1224
1101 3597
1939 2054
2146 4031
1502 3274
2503 2780
3562 3754
9 3470
1228 1261
454 2964
4102 4959
4145 4348
2887 3260
1647 4015
2341 3019
483 4099
4079 4243
199 2533
2345 2485
1564 3986
1970 4066
723 3117
1586 3980
207 2084
1399 4199
509 2012
500 2711
4653 4738
19 970
1385 3311
3037 3219
2279 3761
2297 3959
1164 4781
2655 2727
118 4624
3144 3234
1699 2123
134 1172
370 3681
692 1532
878 3383
1882 3402
3120 4372
856 1900
4034 4936
2794 4074
2723 3567
3104 4730
759 3855
325 3808
1734 1951
3558 4784
1081 4074
2754 4917
2800 2802
31 4798
2534 3199
654 1912
3811 3922
2861 2955
99 3287
2100 3665
204 1009
4746 4863
2314 4905
399 1539
97 1855
183 2280
99 2529
1386 1683
1183 4251
1713 1784
733 4977
3789 4655
139 3002
237 3961
1288 2413
253 3648
1350 2616
1281 4862
1254 1401
1679 4461
1861 2849
377 1740
3312 4477
3411 3914
659 1476
2049 2744
838 1452
1590 2398
2710 3839
1478 3179
122 4783
125 4089
1133 1338
369 3738
2738 3400
586 3198
1290 1612
1275 2315
725 766
1540 2777
3552 3589
3 520
4269 4426
2945 4616
1978 2475
2100 2445
2257 3921
2540 4741
258 4261
2996 4831
2660 3028
623 4933
3599 4317
1435 3250
676 4789
4211 4227
3377 4730
582 4154
3526 3998
121 975
2352 2565
960 4426
1485 3318
701 3095
1883 2578
1589 2442
2374 4910
579 2211
460 2325
2013 3000
249 1223
3578 4977
952 4159
1301 4131
2684 4251
1387 3627
3168 4405
1004 2347
2722 4399
299 4098
1281 1539
2542 3239
265 1801
2589 3120
132 2261
1940 3861
517 2706
9 189
4319 4676
1309 3711
4922 4936
98 3089
2444 4340
444 3413
3194 4542
63 4474
2432 3301
2015 2696
101 1487
1636 3713
2970 3575
676 3925
4092 4114
684 3767
3345 4784
1057 3829
3926 4632
323 497
941 2721
914 3735
1834 3797
1739 4265
106 3449
3313 3549
2944 4948
913 3614
2538 3523
1588 3966
3003 3624
2787 4084
2912 3320
2951 3843
3190 4340
2262 3273
1632 2007
3465 4528
1266 2155
603 2729
1041 2723
503 666
2341 4116
1579 2215
3006 4518
1008 1180
1615 4493
146 2812
341 4526
762 4067
1032 4034
1329 2663
856 2392
898 1127
207 3473
1196 2852
2600 3355
1292 3213
3822 4791
1827 3506
661 1037
153 4187
2651 4332
2965 3528
1024 3726
2055 2595
3923 4112
1069 2855
1130 3547
3753 4602
2956 3754
797 2705
1310 4010
1484 3996
152 3853
812 3310
3848 4889
965 2539
281 3180
2418 4203
12 358
821 2610
286 3678
1415 3676
2225 3780
1017 2330
1735 3165
1386 4397
1733 2174
880 3678
541 585
473 841
741 3157
3920 4363
1780 3437
3795 4474
1792 3435
967 3429
3465 4642
2041 4844
2212 4773
2860 4370
376 2107
2256 3902
3839 4487
2579 4423
1379 3419
2119 4895
609 1576
1364 2390
2388 3216
531 1510
1650 2477
114 3960
155 3470
2154 3243
2366 2875
1102 2741
4709 4981
171 2994
1924 4195
1925 4593
839 1695
3270 4044
1433 1447
187 985
1000 2495
717 2650
1323 4676
4115 4792
1269 4830
3034 3547
487 495
1828 2640
195 633
1998 4389
2557 2943
1314 4251
1709 3781
1580 3872
4493 4856
493 1766
2482 3702
24 4494
3510 3608
4691 4816
1228 4201
3075 3238
877 4688
4882 4902
1899 2861
417 623
3288 4841
1019 4974
1242 1348
840 1553
2450 3318
1151 2684
2151 2177
660 2527
2137 3694
351 3364
2894 4940
1438 3933
816 2691
167 3676
789 942
445 2134
428 1463
1775 2107
11 2705
1506 2614
298 4680
1831 2656
1534 3826
962 2490
227 4192
678 4473
3467 4131
1298 4757
1158 4923
1326 2099
1770 2063
2490 4232
2691 4584
3640 4264
2701 3230
145 2381
4153 4879
3704 4211
686 3052
1018 2265
1695 3596
1737 4078
161 1493
376 2670
1701 2768
4768 4830
352 4822
757 2320
2935 3042
749 2094
893 1164
1042 4474
36 1397
1098 3435
3467 4440
699 3035
161 2435
1673 2112
279 3839
3046 4343
462 1891
3064 4228
1547 2165
1558 3821
833 4569
1997 3652
1813 4477
4390 4562
865 1839
304 2996
305 3694
1817 4690
2480 3153
4110 4842
536 1992
234 3508
2349 2735
3298 4514
633 2118
1071 1465
1074 3038
1202 4813
551 4203
763 1415
2393 3758
3070 4050
2451 2759
866 1282
2059 2263
392 4254
2594 3899
4488 4943
1633 2785
2265 4456
1254 1878
81 643
4304 4894
1844 4854
448 2607
2620 2840
1364 2041
167 1889
1151 4107
1448 3413
1165 3191
111 4019
2089 3506
53 73
860 2642
247 3689
3770 4089
889 3392
2732 3663
462 3245
1690 2216
4406 4653
2894 4256
406 4572
2000 2371
171 4516
562 4189
4002 4626
1030 4046
1687 4075
1889 2763
978 3285
2884 4173
1546 4369
3256 3966
3359 4946
2533 3012
1789 4351
274 905
2904 3546
3716 3996
909 3771
4256 4749
1263 3301
337 778
2667 4987
4451 4623
2335 4996
716 3795
232 3403
3591 4681
2214 4700
1602 4050
354 2506
251 675
1022 1761
319 531
1931 4574
279 3193
2409 2875
4213 4881
1427 4331
1422 3836
3017 3982
2137 3249
2384 3170
1839 2083
383 3440
2088 2484
2297 4510
2338 4057
1884 2656
166 939
2570 3582
1456 4710
4590 4978
668 1404
272 855
2825 3289
1313 4837
2889 3572
4482 4727
1216 2007
842 4518
1814 3303
352 641
2222 3587
3160 4648
3229 3752
729 3461
706 1036
1704 3050
2109 4673
1285 2558
2961 3746
849 2598
2318 3431
1927 4324
2796 4647
1517 2949
3220 4609
3182 4941
941 1806
557 1342
3422 4169
205 4017
480 3418
2588 3260
2169 3091
225 2403
915 4174
3232 4604
1530 2604
2250 3907
678 1775
199 286
1491 4995
1800 4820
2431 2513
1600 3709
934 2725
1413 3156
1143 1415
353 585
1929 3583
849 2987
1102 3942
432 3705
690 1824
955 2501
2465 2505
2459 4138
3957 3995
610 1426
1469 4318
3755 4377
2532 3395
167 889
298 1871
232 1473
811 3799
1081 1252
1512 4753
1576 4957
2202 2263
428 4666
4565 4767
113 3476
437 3522
1342 1538
2266 4755
96 3149
1615 4797
389 1446
1861 3485
1678 3636
2758 4023
3775 4887
1195 4269
1702 2822
2129 3457
2487 4575
2314 3046
1567 4688
2577 2751
3857 4260
4356 4843
991 3357
970 3745
806 2437
605 4114
793 979
680 1871
2491 4754
2807 3226
313 1683
1288 4151
1257 4333
1465 2296
567 2251
1510 4873
1067 4423
865 2779
2057 3186
1523 4493
344 3479
1136 3606
1828 4457
562 3167
1393 4319
4631 4721
1008 4427
683 3781
1597 1692
3942 4331
2163 4203
451 2937
269 2668
715 2325
2205 3589
2548 3170
1775 3419
36 4228
3603 4554
4273 4789
861 946
255 1724
387 3220
2407 4911
1984 3089
204 498
2007 2291
3435 3911
501 4674
1878 2587
756 4090
778 2508
2165 3883
1735 3837
1718 2876
3109 4016
3363 3736
739 3308
101 4497
2084 3218
2585 4774
1227 3934
1780 2368
137 1453
2868 4076
3309 4682
1183 1811
65 817
3903 3975
253 2045
1778 3361
1060 1866
3075 3150
173 3176
2647 4742
1583 1611
544 4515
2646 4162
650 4263
3483 4098
132 4725
908 1791
2607 3294
2269 2324
2577 2862
4313 4639
1724 2289
1716 2856
4380 4873
1243 3871
2853 4122
1806 4988
967 4749
2634 4011
1616 3083
1341 2493
636 4566
2860 3600
923 4594
128 2455
792 3499
2140 3446
1301 3867
91 3855
97 681
1154 3962
2119 2949
2493 4049
126 3085
1052 4412
3256 4561
3744 4126
2343 3891
1985 3485
3464 4618
2291 4468
607 736
1607 4473
461 3389
421 4564
557 4877
1574 4858
1995 4066
79 3906
544 3317
104 2482
1226 1573
1815 4229
2566 3568
299 3185
1029 2590
1636 4005
611 4677
1108 3065
1072 2023
1628 3485
1410 1899
2837 3893
1743 1828
323 2371
1411 2805
2983 3826
4030 4406
3949 4798
1448 1971
3486 4352
389 2490
66 987
3100 3446
4171 4482
1821 4319
2151 3719
728 1339
2555 3964
3081 4286
1277 4492
102 3442
2471 3826
4508 4975
2772 2830
1257 2775
2181 4515
3746 4519
3197 4580
414 2965
1137 3720
2222 4732
459 4855
3560 3818
2993 4366
642 4456
2484 2897
2096 2661
1603 1720
3988 4491
3114 4432
2099 2965
2196 2628
2483 3560
392 1799
3973 4111
2935 3704
2684 2790
514 1244
1231 2959
3766 4236
1873 3071
1663 3968
2083 4734
1922 2422
2705 4224
535 1322
669 3163
3152 4869
260 1722
694 4950
723 4237
749 3406
2614 3378
1001 1336
236 3845
102 2069
3116 4658
1741 2388
2849 4309
3424 4162
1049 3365
1097 4034
965 4211
932 3537
1224 4838
2977 3298
77 4074
2451 3056
2690 4056
2886 3787
240 644
1653 4954
2341 3355
2555 3393
3001 3907
978 2718
2074 4955
517 1751
1639 3038
613 2800
776 1476
550 3911
2204 3318
4352 4893
2373 4490
2779 4368
4084 4729
1021 4435
765 2777
777 1989
1023 2966
2329 3494
39 1596
2845 4428
644 3234
41 1062
303 2771
2963 4974
2314 3620
1219 2344
349 1804
1532 1712
4084 4432
2208 2319
4307 4848
2223 4337
3625 4182
15 4551
2130 3748
1715 4443
743 4483
2776 3514
738 1137
4756 4839
1057 3052
2099 4855
2757 3810
2738 3541
56 4245
2100 4093
715 1436
2667 4339
1970 3569
705 4099
147 2316
2165 3059
981 4941
2117 2924
2030 4114
1433 1872
323 1523
1287 4279
377 4132
2819 3377
1784 4919
2498 3821
2706 2839
1027 3188
1407 3893
75 1477
391 3642
2724 4485
2408 4934
1963 4840
1521 3064
3396 4395
1034 3386
3674 3869
1410 2844
2245 3194
2417 2762
1820 2043
231 255
2846 3014
475 4323
865 3088
2572 4316
3588 4249
1331 4780
1211 4203
958 2843
2580 3598
1992 3623
1448 4753
45 1466
580 4298
1341 3813
420 2399
1596 2923
3397 3433
2270 2872
613 1585
443 4201
2185 3125
3396 3980
3174 3679
2276 4353
2105 2696
898 3552
2449 3716
3098 4948
3761 4295
3045 4438
532 3712
992 3964
2108 4614
1835 2721
1198 3629
3273 3383
3105 3604
1783 3130
3129 3834
233 4059
1308 2882
136 1682
84 1375
2021 4779
196 569
65 727
2409 4280
1042 2740
2022 2876
1812 4571
84 2856
960 4305
39 3786
2742 3167
2620 3152
501 4751
812 4886
2182 2186
1321 3312
1516 4207
623 3880
2242 4512
3031 4635
1404 2251
2510 4062
975 1717
497 1631
1887 4028
417 1770
1405 4388
1155 1273
1240 2084
1040 4773
622 2361
1180 3084
228 1964
1802 3822
1185 2827
77 3456
2318 2588
490 4914
2338 4034
1545 3062
576 3313
1183 1980
2700 3807
3134 3939
525 2243
3711 4216
1794 4237
395 4465
109 2196
2935 3286
3093 4732
3672 4363
410 1204
796 3585
1481 3541
209 468
2743 4793
2447 2492
1549 1932
143 1430
140 3809
3045 4358
3286 4752
3394 3861
3300 3498
2681 3031
1591 2043
1702 3352
1639 4599
4147 4491
707 3119
2912 4959
2405 3449
403 1350
689 3185
2844 4497
2202 4676
2961 3893
3305 4106
1604 2707
387 2603
545 987
2688 3781
3379 3897
678 4395
2870 3797
1454 4180
1254 3060
2936 3462
3624 3955
1799 2998
2674 4472
3365 4000
634 2304
2470 4692
260 1424
78 1246
211 1969
285 2217
963 4941
2963 4162
4416 4759
2818 3341
670 1277
2631 4624
1252 1981
724 1422
1773 4654
440 1639
429 4261
688 1331
684 2760
1933 2652
2217 2970
1220 4263
3179 4183
3424 4289
3117 3598
619 3458
2441 4393
243 644
3016 4421
2719 4074
3158 4789
217 712
2418 3394
904 4454
1154 4188
475 3457
1404 4677
935 1089
3859 4513
1575 3808
33 2629
3373 4427
1021 2473
368 1893
4036 4439
176 2318
2596 4381
392 1366
2647 2775
280 819
627 1834
2106 4590
303 3195
513 524
2098 2707
673 1687
99 3482
954 1411
2471 3130
1506 4198
1515 2568
1516 1682
896 3425
22 4233
1072 1403
301 4257
2029 2406
3684 3846
721 1952
1010 4196
1220 4171
2652 2696
458 2670
140 4958
507 3588
1646 2507
3374 4679
621 4022
3103 3254
526 642
2294 4656
1135 3037
1051 4980
1720 3003
2053 2267
1223 4012
3060 3487
226 1156
1535 3517
1296 3456
3394 4293
1767 2315
323 1336
2387 4777
942 4380
303 1949
1437 1673
4075 4985
1704 2768
1172 2077
2441 3971
2457 3746
324 500
368 4964
1259 3210
176 1603
1903 2490
2225 3369
177 2107
1118 2002
1486 2304
3067 4510
92 4403
3585 4211
2013 2459
1429 1735
480 4453
237 1304
200 803
1672 4013
1847 2811
1967 4713
336 4336
1938 4512
291 3794
1632 1982
1400 3946
2493 4037
802 2429
3260 4599
1333 4442
246 1040
2628 3165
319 1550
2828 4573
1990 4331
1298 1419
1702 2106
2985 4991
2969 3130
281 1302
4226 4761
2701 3606
4614 4855
565 1034
475 4466
1858 3249
1413 2073
3622 4485
3084 3664
2414 3194
653 964
63 3707
4399 4421
49 3741
330 3881
43 4993
907 4095
1873 3598
301 4632
2437 4767
1458 2037
1624 3530
2460 4802
2885 3503
1124 1696
1650 1776
1713 4011
482 4783
531 2463
1343 3524
2212 4918
2688 4470
1285 4012
665 1342
130 916
431 2374
2167 3406
1968 2255
758 865
1988 4852
1501 2453
116 2816
1949 4565
2598 3380
2473 3831
1042 1074
3742 3761
512 4106
46 1853
2313 4770
1552 3335
501 1038
3293 4957
2173 2468
3671 4050
513 2854
1523 1980
669 1088
3928 4619
819 2759
1892 3443
152 2185
653 663
1290 2050
1059 3868
2202 4362
400 3962
3918 4054
1521 3692
2442 2741
1543 4306
1946 3065
1285 2615
213 504
2674 3585
3379 4323
4474 4566
563 1570
137 3204
356 3619
614 4332
3909 4575
1083 2962
4774 4844
834 2286
3728 3866
812 2943
1792 4228
3648 4778
792 4714
114 1321
2238 3092
3655 4587
1075 3807
3210 3777
2782 3824
1690 4461
543 3398
1003 4594
1669 3188
1886 3231
1173 1915
59 4049
400 3826
2543 3706
1378 4891
2656 2983
3595 3616
2989 3774
1198 4669
3803 3903
21 3363
1844 4771
2847 3905
1925 4364
1034 2594
3811 4301
2859 3766
518 4359
3037 4416
2927 3060
793 2068
760 909
662 3897
1682 4534
95 4788
484 1467
2328 3150
2054 2589
1526 1952
3911 3979
897 4141
1015 3211
1999 2569
35 1532
943 3336
2962 4129
222 3010
1240 3671
2125 4119
353 565
1912 2188
61 3383
972 4515
2392 3467
3797 4275
172 1303
2937 4513
1186 1287
3434 4069
1322 1769
635 1363
2249 4373
856 3489
1326 4395
1099 1965
1890 3877
1625 3287
289 4153
107 2596
1545 1870
2847 3903
3191 3393
930 3711
2144 4478
1350 2151
265 2713
2513 4137
1344 2085
2353 2831
2670 4318
911 3930
2216 4546
1186 2535
130 1368
1293 4264
1547 3352
2110 3096
1090 2173
1919 4026
375 4316
4069 4580
4439 4557
1523 3445
797 900
3569 4354
1466 4635
2363 4480
1850 3366
3549 4569
1193 4848
185 3199
2739 3646
2646 3828
818 1671
1486 2098
2518 3398
2417 2836
861 2074
711 2974
1416 3010
2894 4475
1050 3725
3190 4251
1738 2091
171 1938
355 2930
1488 2020
353 4133
1170 2200
2156 4297
1905 2655
72 1815
3888 4740
932 1802
293 3213
2459 3217
618 1120
1183 4309
1220 4625
2398 2743
1562 1679
4401 4449
3698 4801
2249 4886
971 2041
1546 4977
3945 4712
36 48
2332 4951
1838 3164
1406 2624
95 1974
3156 3376
4403 4595
2781 3152
694 3689
3138 4830
95 4880
1332 2938
2128 3908
25 3372
3668 3885
284 4736
1039 3703
1892 3967
554 1591
2527 3298
1673 3037
682 2440
2619 4814
591 1308
508 1773
797 1954
1652 3734
131 3285
3008 3994
156 4230
1243 1675
1729 4513
2281 3480
2834 3621
1422 3270
360 4458
1294 2394
3249 3912
192 2207
1571 4066
1964 2367
2371 3615
2007 2453
1446 3745
14 252
675 3040
187 1495
127 4769
18 4741
1439 4313
1024 3010
2249 4303
497 3417
1976 4566
688 2489
2393 2651
1207 4764
2617 3659
1770 2714
104 3136
778 2965
811 2527
2317 3647
2290 3686
1602 3387
1477 2748
2625 3725
2050 2394
573 2968
2613 4369
456 3113
1615 1662
2876 4232
321 998
1776 1945
485 1261
3906 4363
1222 2072
713 3010
1259 2748
2314 2735
496 1290
1459 3897
3384 3683
3216 4403
996 3671
2516 2610
1685 1743
1841 3357
137 4092
1484 4576
389 2750
291 1173
2962 3300
1885 4221
1047 4198
1955 2894
487 4766
522 1791
6 3149
1276 4144
29 3791
3065 3105
1886 4946
977 1421
1434 2904
1905 4183
2195 3293
355 2606
1846 2239
1826 2892
2788 3781
2138 4627
280 3546
1500 3046
285 2775
1665 3541
1566 1645
4729 4803
2501 2942
779 4376
405 4035
49 4910
1617 2581
2654 4426
207 832
2995 3670
807 4612
3973 4509
472 1086
2722 3906
2446 3246
739 1163
467 4090
965 2032
2968 3096
2759 4724
3482 4020
1063 1124
129 636
843 1840
960 1861
189 1923
513 2667
104 2783
984 1688
581 4178
4133 4916
1744 3223
1734 4060
1606 4701
716 2155
637 776
3251 4735
371 3051
3380 4890
691 2565
1751 4105
769 3966
1748 4617
1952 2225
1402 4788
2532 3920
2669 4275
3494 4402
1451 3335
455 1841
1230 2166
1901 3829
1879 4481
3623 4212
1769 2539
1254 4871
219 1643
639 1259
3319 4215
3106 3210
1968 2093
3377 4636
1368 1871
1054 4038
844 4673
1839 2894
1723 2073
91 2905
3713 4953
3073 3468
1251 4722
2943 4245
1292 4934
503 4610
64 4148
1116 4067
2156 2444
2103 4875
666 2492
338 2280
1526 3335
1760 2176
2266 3248
1016 4552
2330 4484
2625 4932
557 567
3200 4176
1030 1852
1000 4162
2445 3228
953 3467
569 671
827 2688
3061 3107
2747 3026
1553 4632
4231 4506
171 522
2500 3782
1357 1406
3265 3784
2959 3325
176 1464
341 625
2527 2785
205 993
89 2227
916 2914
2326 4915
374 2940
72 1357
844 930
587 1014
720 2803
4159 4866
3478 3649
3154 3775
238 2959
3299 4681
2208 2215
2419 2436
2524 3200
2465 4645
911 4791
164 4790
202 1214
1046 2872
2143 4810
2059 4945
530 1924
359 455
1924 4229
4864 4883
818 4544
3032 4533
1751 3320
1303 1802
844 2799
1986 3767
3709 4909
3502 3911
1122 1373
1308 4616
1183 3366
3064 4560
14 1642
3565 4774
594 4637
1411 4799
4180 4332
795 931
2651 3948
3585 4846
1746 3703
1807 1832
333 3611
717 1084
3057 3376
699 4239
258 3093
3654 4734
1623 3427
3568 4651
801 3063
1331 2243
132 2125
4135 4525
1072 3109
3980 4170
1811 2163
976 1774
3044 3847
1904 2857
1419 3556
2494 4511
165 1148
597 3140
1599 4574
1707 3989
2399 3037
1231 2531
1513 2107
3017 3937
1567 3348
3106 4729
511 4081
709 2854
711 2124
3964 4894
618 1458
782 4404
1352 2605
273 3530
1980 2950
349 2518
100 1368
2881 4231
2247 3558
124 1817
1946 4922
1205 3808
354 4058
3829 4517
3480 4768
1737 3722
4477 4937
2519 3893
