1073741823
1073741823
1073741823
1073741823
1073741823
1073741823
1073741822
784521322
1073741823
1073741823
1073741823
1073741823
1073741823
1073741823
1073741823
1068510901
1073741823
1073741823
1073741823
1073741823
1073741823
1073741823
1073741823
1073741823
1073741823
1073741823
1073741823
1073741823
1073741823
1073741823
1073741823
1073741823
1073741823
1073741823
1073741823
1073741823
1073741823
1073741823
1073741823
1073741823
1073741808
1073741823
1073741823
1073741823
1073741823
1073741823
1073741821
1073741823
1073741823
1073741823
1073741823
1073741823
1073741823
1073741823
1073741823
1073741823
1073741823
1073741823
1073741823
1073741823
1073741823
1073741823
1073741823
1073741823
1073741823
1073741478
1073741823
1073741823
1073741823
1073741823
1073741823
1073741823
1073741823
1073741823
1073741823
1073741823
1073741823
1073741823
1069466372
1073741823
1073741823
1073741823
1073741823
1073741823
1073741823
1073741823
1073741823
1073741823
1073741823
1073741823
1073741823
1073741823
1073741823
1073741823
1073741823
1073741823
1073741823
1073741823
1073741823
1073741823
1073741823
1073741823
1073741823
1073741823
1073741823
1073741823
1073741823
1073740801
1073741823
1073741823
1073741823
1073741823
1073741823
1073741823
1073741823
1073741823
1073741823
1073741823
1073741823
1073740710
1073741823
1073741823
1073741823
1073741823
1073741823
1073741823
1073741823
1073741823
1069203438
1073741823
1073741823
1073741823
1073741823
1073741823
1073741823
1073741823
1073741823
1073741823
1073741823
1073741823
1073741823
1073741823
1073741823
1073741823
1073741823
1073741823
1073741823
1073741823
1073741823
1073741823
1073741823
1073741823
1073741823
1073741823
1073741823
1073741823
1073741823
1073741823
1073741823
1073741823
1073741823
1073741823
1073741823
1073741823
1073741823
1073741823
1073741823
1073699164
1073741823
1073741823
1073741823
1073741823
1073741823
1073741823
1073741823
1073741823
1073741823
1073741823
1073741823
1073741823
1073741823
1073741823
1073741823
1073741823
1073741823
1073741823
1072959388
1073741823
1073741823
1073741823
1073741823
1073741823
1073741823
1073741823
1073741823
1073741823
1073741823
1073741823
1073741823
1073741823
1073741823
1073741823
1073741823
1073741823
1073741823
1073741823
1073741823
1073310347
1073741823
1073741823
1073741823
1073741823
1073741823
1073741823
1073741823
1073741823
1073741823
1073741823
1073712286
1073741823
1073741823
1073741823
1073741823
1073741823
1073741823
1073741823
1073741823
1073741823
1073741823
1073741823
1073741823
1073741823
1073741823
1073741823
1073741823
1073741823
1073741823
1073741823
1073741823
1073741823
1073741823
1073741823
1073741823
1073741823
1073741823
1073741823
1073741823
1073741823
1073741823
1073741823
1073741823
1073741823
1073741823
1073741823
1073741823
1073741823
1073741823
1073741823
1073741823
1073741823
1073741823
1073741823
1073741823
1073741823
1073741823
1073741823
1073741823
1073741823
1073741823
1073741823
1073741823
1073741823
1073741823
1073741823
1073741823
1073741823
1073741595
1073741823
1073741823
1073741823
1073741823
1073741823
1073741823
1073741823
1073741823
1073741823
1073741823
1073741823
1073741823
1073741823
1073728160
1073741823
1073741823
1073741823
1073741823
1073741823
1073741823
1073741823
1073741823
800169739
1073741823
1073741823
1073741823
1073741823
1073741823
1073485650
1073741823
1073741823
1073741823
1073741823
1073741823
1073741823
1073741823
1073741823
1073741823
1073741823
1073741823
1073741823
1073741823
1073741823
1073741823
1073741823
1073741823
1073741823
1073741823
1073741823
1073741823
1073741823
1073741823
1073741823
1073741823
1073741823
1073741823
1073741823
1073741823
1073741823
1073741823
1073741823
1073737899
1073741823
1073741823
1073741823
1073741823
1073738575
1073741823
1073741823
1073741823
1073741823
1073741823
1073741823
1073741823
1073741823
1073741823
1073741823
1073741823
1069186761
1073741823
1073741823
1073741823
1073741823
1073741823
1073741823
1073741823
1073741823
1073741823
1073741823
1073741823
1073741823
1073741823
1073741823
1073741823
1073741823
1073114937
1073741823
1073741823
1073741823
1073741823
1073741823
1073741823
1073741823
1073741816
1073741823
1073741823
1073741823
1073734775
1073741823
1073741823
1073741823
1073741823
1073741823
1073741823
1073741823
1073741823
1073741823
1073741823
1073741823
1073741823
1073741823
1073741823
1073741823
1073741823
1073741823
1073741823
1073741823
1073741823
1073741823
1073741823
1073741823
1073741823
1073741823
1073741823
1073741823
1073741823
1073741823
1073741823
1073741823
1073741823
1073741823
1073741823
1073741823
1073741823
1073741823
1073741823
1073741823
1073741823
1073741823
1073741823
1073741823
1073741823
1073741823
1073741823
1073741823
1073741823
1073741823
1073741823
1073741823
1073741823
1073741823
1073741823
1073741823
1073741823
1073741823
1073741823
1073741823
1073741823
1073741823
1073741823
1073740035
1073741823
1073741823
1073741823
1073741823
1073741823
1073741823
1073741823
1073741823
1073741823
1073741823
1073741823
1073741823
1073741815
1073741823
1073741823
1073741823
1073741823
1073741823
1073741823
1073741823
1073741823
1073741823
1073741823
1073741823
1073741823
1073741823
1073741823
1073741823
1073741823
1073741823
1073741823
1073741823
1073741823
1073741823
1073741823
1073741823
1073741823
1073741823
1073741823
1073741823
1073741823
1073741823
1073741823
1073741823
1073741823
1073741811
1073741823
1073741823
1073741823
1073741823
1073737060
1073741823
1073741823
1073741823
1073741823
1073741823
1073741823
1073741823
1073741823
1073741823
1073706903
1073741823
1073598318
1073741823
1073741823
1073741823
1073741823
1073741823
1073741823
1073741823
1073741823
1073741823
1073741823
1073741823
1073741823
1073741823
968677845
1073741823
1073741823
1073741823
1073734075
1073741823
1073741823
1073741823
1073741823
1073741823
1073741823
1073741823
1073741823
1073741823
1073741823
1073741823
1073741823
1073741823
1073741823
1073741823
1073741823
1073741823
1073741823
1073741823
1073741823
1073741823
1073741823
1073741823
1073741823
1073741823
1073741823
1073741823
1073741823
1073741823
1073741823
1073741823
1039576437
1073470476
1073741823
1073741823
1073741823
1073741823
1073741823
1073741823
1073741823
1073741823
1073741823
1073741823
1073741823
1073741823
1073741823
1073741823
1073741823
1073741823
1073741823
1073741823
1073741443
1073741749
1073741823
1073741823
1073741823
1073741823
1073741823
1073741823
1073741823
1073741823
1073741823
1073741823
1073741821
1073741823
1073741823
1073733784
1073741823
1073741823
759397270
1073741823
1073741823
1073741823
1073741823
1073741823
1073741823
1073741823
1073741823
1073741823
1073741823
1073741823
1073741823
1073741823
1073741823
1073741823
1073741823
1073741823
1073741823
1073741823
1073741823
1073741823
1073741823
1073741823
1073741823
1073741823
1073741823
1073741823
1073741810
1073741823
1073741823
1073741823
1073741823
1073741823
1073741823
1073741823
1073741823
1038417999
1073741823
1073741823
1073741823
1073741823
1073741823
1073741823
1073741823
1073741823
1073741823
1073741823
1073741823
1073741823
1073741823
1073741823
1073741823
1073741823
1073741823
1055609245
1073741823
1073741823
1073741823
1073741823
1073741823
1073741823
1073741823
1073741823
1073741823
1073741823
1073741823
1073741823
1073741823
1073741823
1073741823
1073741823
1073741823
1073740542
1073741823
1073741823
1073741823
1073741823
1073741823
1073741823
1073741823
1073741823
1073741823
1073741823
1073741823
1073741823
1073741823
1073741823
1073741823
1073741823
1073741823
1073741823
1073741823
1073741823
1073741823
1073741823
1073741823
1073738940
1073741823
374559483
1073741823
1073741823
1073741823
1073741823
1073741823
1073741823
1073741823
1073741823
1073741823
1073741823
1073741823
1073741823
1073741823
1073741823
1073741823
1073741823
1073741823
1073741823
1073741823
1073741823
1073741823
1073741823
1073741823
1073741823
1073741823
1073741823
1069403359
1073741823
1067167592
1073741823
1073741823
1073741823
1073741823
1073741823
1073741823
1073741823
1073741823
1073741823
1073741823
1073741823
1073741526
1073741823
1073741823
1073741823
1073741823
1073741823
1004604862
1073741823
1073741823
1073741823
1073741823
1073741823
1073741823
1073741823
1073741823
1073741823
1073741823
1073741823
1073741823
1073741823
1073741823
1073741823
1073741823
1073741823
1073741823
1073741823
1073741823
1073741823
1073741823
1073741823
1073741823
1073741823
1073741823
1073741823
1073741823
1073741823
1073741823
1073741823
1073741823
1073741823
1073741823
1073741823
1073741823
1073741823
1073741823
1073741771
1071571883
1073741823
1073741823
1073741823
1073741823
1073741823
1073741823
1073741823
1073741823
1073741823
1073741823
1073741823
1073741823
1073741823
1016233540
1073741823
1073741823
1073741823
1073741823
1073741823
1073741823
1073741823
1073741823
1073741823
1073741823
1073741823
1073741823
1073741823
1073733546
1073741823
1073741823
1073741823
1073741823
1073741823
1073741823
1073741823
1073741823
1073741823
1073741823
1073741823
1073741823
1073741823
1073741821
1073741795
1073741823
1073741823
1073741823
1073669075
1073741823
1073724910
1073741823
1073741823
1073741823
1073741823
1073741823
1073741823
1073741823
1073741823
1073741823
1073741823
1073741823
1073741822
1073741823
531723805
1073741823
1073741823
1073741823
1073741823
1073741823
1073741823
1073741823
1073741823
1073741823
1073741823
1073741823
1073741823
1073741823
1073741823
1073741823
1073741823
1073741823
1073741799
1073741823
1073741823
1073741823
1073741823
1073741823
1073741823
1073741823
1073741823
1073741823
1073741823
1073741823
1073741823
1073741823
1037636761
1073741823
1073741823
1073741823
1073741823
1073741823
1072966461
1073741823
1073741823
1073741823
1073741823
1073741823
1073741823
1073739117
1073741823
1073741823
1073741823
1073741823
1073741823
1073741823
1073741823
1073741823
1073741823
1073741823
1073741823
1073741823
1073741823
1073741823
1073741823
1073741823
1072484845
1073741823
1073741823
1073741823
1073741823
1073741823
1073741823
1073741823
1073741823
1073741823
1073741823
1073741823
1073741823
1073741823
1073741823
1073741823
1073741823
1073741823
1073741823
1073741823
1073741823
1073741823
1073741823
1073741823
1073741823
1073741823
1073741823
1073741823
1073741823
1073741823
1073741823
1073741823
1073741823
1073741823
1073741823
1073741728
1073741823
1073741823
1073741823
1073741823
1073741823
1073741823
1073741823
1073741823
1073741823
1073741823
1073741823
1073741823
1073741823
1073741823
1073741823
1073741823
1069021469
1073741823
1073741823
1072321370
1073741823
1073741823
1073741823
1073741823
1073741823
1073741823
1073741823
1073459518
1073741823
1073741823
1073741823
1073741823
1073741823
1073741823
1073741823
1073741823
1073741823
1073741823
1073741823
1073741823
1071398408
1073741823
1073700704
1073741823
1073741823
1073741823
1073741823
1073741823
1073741823
1073741823
1073741819
1073741823
1073741823
1073741823
1073741823
