5000
620 3324
-2 1394
-2 -2
1494 4857
-1 1092
2297 1684
-2 1781
2588 -1
1543 3703
-2 -2
366 11
3304 -2
132 1288
-1 600
3006 -2
3544 4319
-1 -1
284 1824
1829 495
-1 -1
-2 -2
3977 -2
2256 1653
4281 3081
252 3508
-2 -2
-1 -2
3494 4182
-2 -1
1301 -2
-1 3016
1977 -1
1409 33
-1 382
-1 -2
2881 1155
-1 -1
-1 -2
102 -1
2981 4656
-2 -1
-2 -1
-2 -2
-2 723
-1 -2
-2 3116
-2 -1
-2 -2
2404 1030
-2 58
4416 -2
-1 4057
4525 -1
1232 2523
-2 -1
345 4257
647 1161
673 -2
1659 1041
4070 -2
958 3160
-1 -2
-1 -1
-1 2486
4760 -1
1612 -1
1945 1219
-1 -1
-1 -2
3310 -2
4185 -2
72 4409
484 -2
4331 -1
3165 -2
2409 2058
868 -1
-1 -1
4380 -1
-2 1817
-2 -1
456 -1
-2 -1
-1 -2
-1 3712
2425 827
-2 3439
4756 2140
788 3359
392 3957
1557 4221
1020 3588
2581 3809
-2 -2
-1 -1
-1 -1
2442 -2
3402 2869
4216 2202
4966 4044
-1 2362
2832 674
2710 -2
4888 342
-1 -2
1449 2252
2521 -2
4573 1113
-2 2782
110 1631
-2 -2
-2 3408
1605 -1
376 -2
2361 4533
1640 977
-1 -2
783 937
-1 4681
4188 -1
480 -1
-2 -1
-2 -1
2280 1361
3673 2286
-1 378
-1 1441
-2 4369
-1 -2
2372 2988
4497 -1
-2 -2
-2 -2
2865 1766
1486 4555
-2 3750
3916 1053
3963 3411
-1 3290
4454 1528
4156 985
2330 -2
4999 3584
3981 2625
1981 4782
940 3223
-1 -1
4474 794
-1 -2
-1 2150
27 3248
2344 3289
-1 -1
711 384
-1 -2
2692 4968
3678 3962
-2 -1
-1 -1
624 3457
-1 -1
-1 2497
1395 662
-2 1268
-1 -2
1556 2481
-2 -2
3441 1307
-2 -2
4007 -2
-2 -1
310 2886
-1 -1
-1 -1
-1 -1
-2 -2
-2 4215
-1 -2
628 4010
848 564
2996 -1
-1 2513
1185 -2
143 4795
-1 736
3696 1599
2386 1479
534 -1
4017 2793
4818 -1
675 125
2675 3896
-2 -2
187 116
-1 -1
525 -2
-2 -2
-1 -1
-2 -2
4342 -1
3471 929
-1 4615
-2 2562
4543 950
-2 2526
-2 -1
-2 -2
-2 497
-1 -2
-1 -1
543 4777
3676 1901
4826 -2
-1 -1
-1 745
1973 -2
-1 -2
4396 1757
-2 -2
1693 4977
2317 477
1780 2630
1068 -1
-2 -2
3077 4237
-2 -2
-2 -2
-1 4088
-1 -1
4918 1256
-1 -1
1453 -1
193 3811
-1 64
-2 -2
2948 720
2686 -1
442 331
3277 594
-1 2801
2282 -1
-1 -1
-1 -2
-1 -1
1967 4921
-2 -2
1711 -2
1725 -1
-2 -1
-2 -1
1541 -1
-1 3763
-1 -1
3110 980
432 3157
-1 894
-1 -2
-2 -2
-1 574
3731 547
-2 -2
3735 523
-2 263
-1 -2
3075 -2
-2 742
1451 -2
-1 -1
-2 1512
997 2382
-2 1036
-2 230
1274 645
2979 114
1434 609
2340 -2
3236 4164
3328 2229
1122 1655
-2 -1
-2 -2
-1 -1
-2 4572
3300 3358
692 -2
-2 3355
4792 -2
2370 -1
4102 2899
1352 -2
-2 -2
1056 -1
4872 4464
260 4082
-2 658
4953 37
-2 3055
-2 2236
3746 939
170 -1
994 3818
-1 -1
-1 -2
-1 -1
-2 -1
-2 -2
2627 3489
-1 -2
-1 -2
-2 154
-2 -2
-1 3179
4036 1144
-1 -1
-2 2400
-1 -2
3354 -2
-1 -1
-1 -1
1647 -1
-2 2792
969 4363
3213 1823
2533 -2
661 -2
2613 -2
-2 -2
-2 3686
-2 166
-1 -2
908 4027
-2 -2
-2 3657
-2 -2
4384 -1
-1 -2
-1 -1
1616 1163
4153 3315
4327 2125
-2 3924
1346 -1
134 625
4718 -1
-1 -1
-2 -1
3348 -2
-2 2901
-2 3109
750 1241
4705 341
-2 -1
-1 786
-2 -1
-2 -1
-2 -2
4578 -2
3124 2628
-1 2825
1754 -2
-1 -1
1484 -1
-1 -1
38 -1
-1 -1
434 -2
-1 -1
3784 4147
3905 4834
772 996
-2 -2
2453 -2
-2 -2
53 -1
375 4186
3854 -2
2110 4506
-1 -2
-1 1500
-1 -1
2545 3260
4531 4219
2433 4628
4090 -1
3148 -2
-2 2724
-1 3871
-2 4538
2235 -2
2391 4807
4478 -1
-2 2694
-1 -1
-2 -1
708 3233
-2 -1
-2 -1
-2 -1
4490 4711
-1 3925
2703 -1
-1 -1
-1 -2
-2 -1
1215 4540
3420 3666
-2 4958
3051 371
1800 -1
-1 436
4630 2507
-1 -1
-1 -1
-2 4962
1437 928
410 -1
268 4136
978 2915
-1 -2
-2 -2
-1 3186
3252 817
553 1607
504 -2
385 871
4291 4835
-2 1742
2604 -1
2434 -1
-2 4284
-1 -2
-1 -1
-2 874
4565 4043
-1 -2
-1 -1
-1 1391
2918 4576
3128 398
3704 -1
-2 -2
-1 234
4283 -2
-2 -2
959 1776
3568 765
697 -1
-1 699
4245 255
-1 -2
-2 1932
-2 -1
-1 -2
-2 4107
-1 -2
-2 -1
60 300
-1 -1
2519 2206
-1 2796
2070 -1
4694 2067
-2 -1
-1 4208
2189 2547
4979 -1
-1 -2
-2 -2
-1 -1
3313 -2
-1 -1
1701 2642
-2 -1
-2 -1
2378 4924
-1 -2
3827 -2
4815 2728
-1 -1
2786 -1
4178 -1
194 3874
3744 124
-1 -1
1062 -2
970 235
684 4465
287 -1
-1 -2
-2 3806
3206 347
1132 4079
-1 -2
-2 1878
4032 4685
1007 -1
3256 2079
953 197
3482 2856
-2 -2
-1 4505
-1 -1
-2 -2
1261 4008
-1 2758
852 -2
3390 1909
1903 3708
2687 -2
651 -2
-2 511
3416 -2
-1 2985
-1 -2
-2 -2
4067 3769
-2 1860
1428 3551
-2 -1
3141 4758
-2 -1
2135 -1
3755 225
-2 -2
2503 -1
2748 -1
-2 -1
-2 151
4414 361
519 2108
-1 1059
-1 -2
181 2104
3475 3967
-2 -1
-1 -2
-2 2121
-1 -1
1078 3613
4038 -2
3725 1704
3101 3449
1593 -1
4113 911
-2 -1
-1 -1
-2 -1
-2 4644
-1 -1
-1 -2
-2 -2
4532 3913
-2 -2
602 -1
-2 -1
-2 2955
253 3976
-2 3762
3609 4241
444 -1
93 -2
3851 -2
-1 -2
1907 1936
276 989
4429 2779
56 4662
3243 913
4923 -2
-2 -2
2016 -2
-1 -2
4171 2622
4842 3466
-2 4160
4584 -1
-1 3641
-1 3022
2118 1958
-1 4355
4123 1260
-2 -1
1578 749
-1 -1
-2 4862
1752 -1
2375 1348
-2 -2
2494 4714
-2 -1
-1 4937
2566 -1
1420 -2
-2 2672
-1 -1
4270 -2
-1 2535
-2 -2
450 2682
2397 -2
-2 -1
4957 4298
1083 4551
3268 4104
1796 3922
48 1160
-2 -2
-1 -1
836 -2
2746 1189
4348 1993
4749 -1
-2 -1
-1 1433
3488 2246
1513 -1
337 2015
2632 3939
4285 2450
1069 702
-2 671
677 39
3713 3407
2028 4689
1096 4343
-2 -2
1019 3362
-2 -1
-1 -2
-2 297
454 -2
-1 3504
633 3652
4029 3819
-2 2438
-1 -2
585 2152
2467 -2
1527 1582
822 1139
-2 451
-1 -2
-2 -1
-1 -2
4954 4074
3994 4196
4608 -2
4802 -2
1440 4116
946 -1
-2 -1
-1 -2
-2 -1
4823 -1
1055 1101
2348 -2
2266 1539
2570 -1
-1 2500
-1 282
-1 -1
-2 -2
-2 -1
-1 2241
-1 -1
3396 4132
-1 1660
-2 -2
-2 -1
1858 -2
1996 493
-1 -2
-1 -2
-1 2963
275 -2
-2 -2
-1 2829
3405 627
-1 -1
-2 1470
-2 3732
670 -1
-1 -1
-1 -2
2645 -1
-1 2863
2022 500
2226 3140
-1 -2
1652 1710
-1 3498
-1 2577
974 -1
-1 2617
-1 -2
3350 1063
-2 -2
-1 -1
233 31
3879 987
-1 -2
4865 823
-1 -1
1482 -2
-2 -1
-2 860
-2 -2
3242 -1
-1 -1
2498 1223
4021 -1
-1 3856
-2 -2
-1 -2
-1 -2
-1 -2
160 3813
3134 3102
490 4238
2423 -2
-2 -1
-1 -2
586 -2
-1 -1
2024 -2
-1 -2
-2 -2
2142 218
3520 -2
66 3212
-1 -1
3059 -2
-2 -2
963 -2
3502 1551
-1 3196
3168 752
-1 -1
-1 4391
-2 -2
792 1610
-2 -1
-1 -1
-2 3226
-2 -2
-2 1270
2873 3944
-1 -2
-2 -1
-2 -2
3086 1567
-1 1886
-2 -2
3658 -1
1182 -2
982 2327
-2 -2
2099 -1
-1 -1
-2 -2
-2 -2
3800 4168
-2 -1
3066 4586
1188 2231
-2 3007
-2 -2
2431 298
-1 -2
-1 -1
4633 4262
-2 -2
-1 -1
-2 -2
4854 1814
1987 176
3366 -1
-1 -1
4859 3909
-2 -2
-2 3091
-1 -2
3163 3988
-1 -2
3515 2561
4302 2670
1220 1727
386 3835
-1 -1
-1 -2
4935 2111
-2 -2
2639 -2
1867 1861
-2 -2
796 338
3765 4227
3950 4418
4542 2253
-2 503
307 3203
-1 -1
1751 -1
-1 -2
1067 3563
-2 2089
820 3619
-1 -1
-1 4491
-2 2263
-1 -2
-1 -2
3660 391
4693 2087
-2 -1
-1 1948
-2 -1
-1 4770
-2 3558
-2 -1
-1 -2
4347 -2
3702 3470
824 4575
4142 1190
-1 -1
-2 1107
3889 931
-2 899
4311 1821
1568 3516
-2 -1
-2 -1
-2 1120
-2 4309
3427 -2
294 683
-1 -2
-2 2511
3918 3715
756 1162
-2 -1
4336 -1
-1 1643
3745 1740
-1 2557
1358 4945
4522 2506
-2 -1
936 922
3446 4388
-1 -2
-2 -1
-1 -2
-2 -1
-2 -1
-1 -2
-2 -2
-1 -2
810 2040
4037 1252
1638 2656
621 -1
870 2451
1035 1002
1247 3974
-1 -1
-2 -2
-1 -2
-1 -1
2860 1530
948 1088
873 3608
1769 -1
1469 2783
-2 -2
4205 3301
-1 -2
1003 -2
-1 1575
1535 4475
-1 2745
-1 -1
-1 -2
3381 3176
2739 2172
-1 1979
-1 323
-1 -1
-1 -2
-1 -1
-2 -1
4686 -2
-1 -2
-2 -1
-2 -2
516 -2
-1 893
2043 4203
195 -1
54 -2
2698 2063
-1 -1
-1 3775
2733 -1
-2 2313
3028 -2
2270 -2
3345 -2
407 3185
-2 -2
1265 4536
3047 -2
-1 -1
915 2851
-1 -1
-1 -2
-2 -1
461 -2
1965 -2
-2 -2
-2 1738
3414 -1
433 4334
1077 1249
-1 -1
-2 -1
-2 1542
1134 4062
4485 2257
-1 -2
2768 -1
-1 -2
1632 -2
-1 983
-1 -1
-2 2954
-2 1408
-1 -1
998 1679
1746 1668
-1 -2
-1 -1
4468 -1
4748 4146
1159 2977
-1 4552
-1 -1
-1 1576
3152 3147
-1 -1
-2 -2
1714 -2
1974 -1
3617 769
-1 -1
4780 481
-2 -2
761 -2
2045 2487
1899 4833
1733 3337
-1 828
2520 964
416 4183
-2 2772
2667 3822
2635 -2
-1 476
-1 -2
3626 3888
-1 3910
428 -2
-1 3445
2893 -2
-2 -1
3215 694
-2 859
-1 -2
-2 -2
-1 -1
3451 3020
910 -2
198 -1
4987 1314
2042 1734
-1 -1
5 527
-2 -1
3901 1523
1173 -1
-1 -1
2217 -2
-1 -1
3637 549
2159 4622
1865 -1
1765 -1
2713 1236
2227 4913
-2 1717
3130 2921
-2 -1
-2 -1
4670 849
-2 1340
-2 1570
3232 -1
-2 3885
-1 -2
1692 1664
-1 -2
-2 3694
1095 4448
-1 3612
-1 -2
-1 2662
-1 -2
4841 -2
-1 4427
914 3756
4471 3801
3149 3386
-1 1103
-1 -1
3067 -2
-1 -2
-1 741
-2 -1
3955 -1
-1 -2
321 4214
2490 782
3787 1708
635 2847
-1 317
3961 3789
175 2157
-1 -2
343 2681
-1 4844
1515 4893
417 4975
1859 2155
3410 1532
-2 1833
4867 2700
-1 1225
-1 4846
2932 -1
303 3779
-1 -1
-2 -2
-2 -2
4011 884
3691 -1
1674 -1
-1 -2
-1 4279
-1 -2
123 -1
4443 2303
4666 1685
-2 -2
4155 -2
1366 -1
296 623
2151 725
-1 3665
-2 -2
2651 -2
4779 4657
-2 1026
3754 -1
-2 2107
2858 -1
2824 126
2969 3356
1732 -2
-1 -1
-2 -1
3892 1351
-2 -1
-1 -1
1574 -2
892 4274
2725 4308
-1 -1
169 -2
-1 -1
3817 4482
-2 -1
-2 4856
4381 1654
-2 4632
4432 -2
3087 -1
-2 449
-2 2806
4330 3511
-2 -1
4877 -1
-1 1930
-2 -2
2000 -2
1924 1376
-1 -2
1730 -2
-1 -2
4349 1975
-1 -2
4930 3249
-2 -2
-2 -1
-2 2283
-1 -2
3376 -2
-1 -2
-1 -1
-1 4098
4403 4849
4730 -1
3214 4735
4254 -1
4290 2358
351 2836
-2 -1
3773 2373
-1 -2
3903 -2
-2 -2
2814 -2
-1 3672
-2 -2
464 -2
-2 221
2054 4627
2154 1111
1370 2999
-2 -1
3973 513
4209 -2
-2 1143
-1 -2
-1 -2
-2 4571
-2 -2
3853 -2
-1 1091
1025 3159
4616 2732
3131 4653
4273 -2
-2 -2
3842 2872
4479 -2
-1 -2
-1 -2
4804 3322
-2 -2
-1 -1
-2 1925
3667 -2
-1 -1
2974 4450
4599 -1
-1 -2
2734 -2
-2 -1
372 3025
494 1583
1761 -1
3398 -2
3202 3840
3618 3104
3505 2080
805 1051
-2 838
4891 2325
1619 3538
4003 2331
390 3670
4725 4462
-1 -1
4417 2035
-2 -2
90 808
-1 -1
4951 4791
4130 1782
3388 -2
-1 -2
-1 -1
2 -2
-1 -2
-1 2295
-2 4660
4111 -2
-2 -2
1870 2542
1630 5000
1636 -2
-1 -1
-2 -2
-1 -2
-2 -2
2722 -2
-1 4061
-2 -2
2321 -2
-2 3198
601 -1
-1 1564
885 4793
-1 -2
-1 88
-2 -1
1380 4357
-1 -2
82 -1
104 1941
1224 -2
-1 565
-2 -2
-1 -1
1226 363
-2 -1
1228 3333
780 2248
44 -2
232 584
-1 -1
4370 1233
4717 1624
2364 135
-2 2998
2437 4700
-2 3167
-1 4201
219 2619
-1 3019
4567 2132
-1 2618
4898 1832
-1 -1
4744 -2
-2 -2
-2 2047
-2 -2
3285 682
-1 -2
2919 2572
1263 1345
-1 2207
-2 1688
2819 -1
1510 -1
-2 -1
-1 -2
-1 -1
-2 1042
-2 -1
-2 388
-2 -1
-1 -2
-1 2265
453 614
-2 -2
2050 -2
-2 279
-1 3499
3734 -2
-1 -2
1032 -2
-1 4781
-2 -1
-1 1944
663 1278
-2 -1
2210 2913
-1 3002
-2 3008
4805 2898
2482 566
1644 -1
2744 -1
863 3790
-2 687
2600 4195
-1 -2
-1 3339
2657 2760
3726 1723
-1 4494
4521 2756
4688 69
-2 -1
826 -2
-1 -2
-1 -2
4341 3208
2850 714
-2 1423
861 1304
2165 281
-2 23
1845 558
-2 -1
562 -2
-2 -2
-1 -1
-1 -1
-1 1839
-1 2690
-2 -1
460 -2
1572 3057
-2 -1
3794 -1
-1 308
-2 -2
933 2821
-1 -1
-2 -1
-2 -1
4313 3904
-2 -2
-2 -1
1978 3642
-2 4553
3093 4135
-2 -1
-1 -1
-2 2424
3970 -1
2980 -1
-1 -1
-2 -1
-1 -1
3363 -1
1650 -2
2093 2410
3370 49
-1 4626
-1 2289
-2 -1
-2 3816
-1 -1
1676 3142
4671 3567
-1 -2
4556 1487
-1 -1
158 -2
1846 -1
4504 -2
-2 -1
4041 3545
2272 -2
-2 -1
207 3085
1830 1750
3371 -1
-1 1875
1699 -1
2685 2274
-2 -1
-2 -1
1213 4022
-2 -1
-1 -1
-1 1217
-1 -2
878 1374
-1 -2
1321 3833
-2 -1
-1 -1
759 1174
4225 -1
1099 4762
2571 89
-1 205
-1 1617
-1 3512
-1 667
3294 2854
1038 -2
4829 409
-2 -2
1350 3153
4115 3606
-1 4500
2720 1147
-1 4436
-1 -1
-1 -1
4994 -1
-2 -2
3076 2876
-1 -1
-1 -2
-2 -1
835 -2
-2 1414
757 18
-2 -2
506 3265
-2 -1
-2 199
-2 -1
-2 -2
-2 -2
-2 -2
-2 1602
576 -2
3966 -1
2957 4271
4511 -1
-1 -1
-1 -2
-1 -2
-1 -2
-1 -1
1246 -2
-2 -1
2341 -1
4605 -1
-2 -2
-1 -2
1771 429
-2 1923
-2 -2
665 -1
-2 -1
-2 -2
-2 1552
1786 -1
-2 2109
1760 1014
-1 -2
-1 -2
-1 -1
-1 3483
4154 -2
-1 -1
-1 4071
3253 -1
-1 -2
-1 -1
-1 -1
-2 -1
1387 -2
1379 -1
3501 -2
396 4908
4546 -1
4861 4591
-1 -1
2222 -1
2225 -2
3172 -1
3459 -2
605 4559
-2 1082
2631 4096
-2 -1
2827 -1
3834 4529
-1 3857
3740 -2
-2 -1
1473 1259
1022 -1
239 -2
-2 -2
-1 1962
2186 3844
1502 -1
2379 3585
-1 4268
-1 -2
4117 4528
1392 3144
539 -2
2808 -1
-2 -2
292 2086
2543 24
-1 -1
2684 -2
4024 1458
3259 -2
-1 3914
3826 4646
-1 -1
-2 -1
-2 -1
-2 29
-1 70
2531 2870
-1 -2
2784 3772
-1 -1
510 -2
1869 1170
-1 -1
-2 -1
-2 265
-2 2737
41 -1
-1 1834
1043 4969
3518 4492
1418 -2
3397 -2
-2 604
1589 -2
-2 1956
3419 4928
-2 2544
4097 2614
-1 4539
1534 -2
-1 4520
-2 -1
-1 2636
4503 1748
-2 -1
-1 -2
1982 1998
1999 149
1311 2889
1183 -1
3258 2859
2798 2244
-2 -1
1320 -1
1629 3526
-2 -2
-1 -1
-1 -1
-2 2582
-2 -1
1367 121
-1 -2
4039 -1
-2 -1
-1 4909
-2 4157
4028 2115
3923 -1
-2 -2
-1 3920
4803 882
1964 -1
-2 -2
1774 4266
3839 2026
847 -2
-1 3805
4721 1672
373 732
3877 3893
-1 -2
-1 -2
3054 1600
1275 -1
-1 -2
3241 -2
-2 3045
2017 322
2312 875
3932 -2
-1 2805
-2 3136
2307 76
-1 -2
3440 -2
-2 -1
3255 -2
4055 4431
-2 -1
-2 634
-2 3135
-2 3485
2197 -1
-2 -1
3831 1044
-2 -2
760 718
2445 4885
1137 2991
-2 -1
-2 -1
-1 -1
65 4223
1296 -1
-1 3929
-2 -1
3490 -2
-2 1881
-1 1997
2906 2057
86 3823
-2 -1
-1 -1
3899 -2
3535 1879
-1 -1
-2 -2
-1 -2
2834 -2
-2 -2
-2 -1
-1 -1
-1 -2
-1 -1
2764 -1
734 -1
3706 3327
-1 1897
1524 1471
4904 2238
-1 4974
3272 -1
3170 -1
3600 -2
4442 4814
-1 -2
1463 3444
2704 1620
-2 -1
-2 -1
-1 -2
-2 -1
-1 -1
1753 -1
-2 -2
2553 1681
785 -1
4972 1953
-2 -1
-1 4228
4073 3074
4224 1152
-1 -1
1807 3907
-2 -2
-1 -2
3859 -2
731 1929
2354 4077
238 4258
603 -2
1166 546
-2 -1
-1 -1
-1 2945
3574 2802
-2 2610
-1 -1
-1 2559
-1 -2
4352 -2
2663 309
14 571
-1 -2
-1 -2
3329 755
-1 -1
-1 800
-1 -2
891 357
-1 3778
-2 -2
-1 -2
177 431
-1 -2
-1 -1
1478 4421
-1 -1
-1 -2
-1 4548
3573 4081
3461 3556
1326 3758
-2 -1
3886 2861
-1 -2
-1 -1
306 4932
-1 -1
-1 -2
-1 4955
4137 137
-1 -1
2659 531
-2 -1
-2 -1
241 2008
-2 -2
-2 4765
-2 4066
-2 -1
2446 -2
1687 -2
-2 349
-1 -1
-1 4836
-1 2846
-2 -2
-1 4315
2223 441
-1 3659
-2 -1
-2 1431
2466 4577
-1 -2
4597 -1
3737 -1
-2 -1
4821 4484
630 4878
-2 -1
-2 4457
-1 972
465 3821
-1 -1
4611 -2
-2 4658
-1 -1
4498 -2
-1 -2
-1 -2
707 4112
-2 248
-2 -2
829 4743
-2 424
2455 -2
1355 2661
-2 -2
295 2905
-1 2216
-2 -1
-1 -1
-1 4515
-1 -2
-2 -1
2048 -1
938 3717
-2 -1
-1 -2
581 4784
3467 -2
1728 293
457 -2
26 -2
-1 -1
227 -2
-2 -1
1737 4535
4148 2965
3682 3146
-2 -2
-2 2512
-2 3126
-1 4989
-1 -2
4439 -2
1181 -1
1331 4917
4808 -1
4742 -1
-2 2212
-2 -1
-2 -1
4310 4278
3681 -1
4150 3797
-2 -1
4318 482
2355 -1
2013 -2
-2 1021
-1 108
1193 4729
2351 -1
362 2368
-2 4941
4094 2812
-2 -1
-2 1317
2579 896
4629 471
4624 -2
4769 -2
1164 4016
1767 -1
-1 -2
-2 -2
3436 781
-2 3003
-2 -1
3094 91
-2 -1
-1 -1
2697 -1
-1 397
-2 -2
-1 -1
-2 -1
-2 2624
-1 -2
3433 -2
-2 -2
34 1344
-1 2828
-2 -1
3971 608
1269 -1
-1 -2
-2 2095
-1 -2
-2 -2
2966 -2
3155 1198
3531 3169
1912 4776
-1 -1
-2 3365
-2 -1
1604 430
-2 -2
1210 1908
1954 -1
1531 4518
3650 4190
-1 179
203 1597
-2 -1
-2 2005
-2 -1
4269 -1
-2 -1
-2 -1
-1 1457
2116 -2
4680 -1
1028 3525
-2 3883
4158 2643
1854 795
2127 666
-2 3935
-1 -2
916 2514
-2 -1
-2 -1
-2 -1
2644 67
-1 3808
2473 2997
680 2259
4425 1525
-2 3335
3309 4619
664 1880
-1 96
1318 -1
-2 -2
-2 3097
-2 -1
-2 -2
-2 35
4915 2101
-1 3001
4476 4763
1724 -1
3917 -2
705 -2
-1 -2
-2 -1
3845 507
-1 -2
-1 -2
-1 -2
-1 -1
-2 3068
3881 3090
4316 2911
1914 4985
3049 1388
162 4800
-2 659
3536 3323
2789 3275
-2 -1
2916 -1
3119 1327
-2 -1
2074 3178
4655 -1
-1 -2
561 3037
-2 -1
-2 -1
-1 -2
-1 4372
2665 -1
1289 4741
369 -1
-2 1421
-2 -2
-1 -1
-2 644
-1 -2
-2 2195
-2 2020
-2 -1
-1 -2
3975 763
-1 1808
-1 -2
3346 4231
4473 611
413 1633
3890 4133
1596 -1
862 -1
4617 2471
-1 1201
2388 1934
-2 2583
400 3580
3956 3219
4129 3697
-1 2669
-1 -1
-2 1454
-1 -1
649 4911
-2 2871
3009 816
3495 -1
3942 -1
1045 -1
1381 3780
1299 2062
-2 -1
-1 -2
-2 -2
815 212
2538 2967
327 3829
4092 4778
-2 1154
-1 -1
4788 -1
1239 4042
-1 -1
-1 95
245 3121
3864 -2
4353 -2
-1 -1
-1 2065
-2 4595
-1 -1
-1 -1
-2 4065
3384 1910
4822 165
4843 2787
73 3062
509 1117
4614 -2
-2 -1
-2 3965
3481 3417
272 2616
4992 458
-1 -1
3860 -1
992 1716
-2 1773
-1 -1
1621 3284
2754 4162
1739 -1
-2 -2
-1 -1
1994 715
3847 4773
2925 716
-2 3989
2220 -2
-2 554
-1 -2
4069 1100
-2 3943
-2 -1
-2 2004
-2 -1
-2 3791
-2 2516
3053 -1
530 541
-2 1360
-2 2395
2875 4983
1675 -1
3729 -1
-2 -2
-2 -1
-2 -2
4692 -1
1074 4939
-1 2232
-2 4338
529 -1
-1 -1
-2 -2
1485 -1
-2 -2
-1 -2
-1 2994
-1 3979
4300 4305
921 4517
-1 -2
615 4796
2277 -2
-1 -1
-1 4810
622 4695
3992 -2
526 -2
-1 -1
2051 3175
-1 -2
-1 3582
4623 -2
3571 -2
267 3948
-2 -1
4332 -2
4408 346
-2 -1
-2 4512
-1 988
498 3590
-2 -2
1747 3382
3894 -2
2755 -1
1591 2336
4393 3431
-1 2181
-2 3622
1864 4124
-1 -2
-1 -2
-2 -1
-1 -2
2408 1202
2068 3209
-1 -2
-2 -2
3591 4738
1452 -1
3540 3064
703 -1
-1 -1
-2 3636
-1 -2
799 -1
832 174
4362 2705
-1 3846
-2 -2
2838 -1
-2 -1
-1 -1
-1 -2
-1 -2
4354 -1
222 1873
1029 923
1319 1985
1157 2970
1847 4557
-1 -1
1050 -1
-2 -2
-2 -2
4894 1058
3125 -1
-1 3875
-2 -1
2271 2342
3374 3038
1625 -1
-2 -1
3936 3865
-2 -2
-2 -2
2888 4568
2339 -2
-1 -2
-1 -1
971 1759
133 -2
2237 4109
1545 -2
1812 -2
1491 -1
636 -2
-2 -1
-1 348
4187 -1
-1 -2
1009 -2
4 2168
-2 -1
-2 -1
415 -2
-1 -2
-1 380
-2 -2
3605 -2
3995 4906
-1 -2
2536 4422
-2 2864
4727 -2
2041 1657
4382 2076
-2 -2
-1 -1
-2 679
-2 1935
-1 -2
1292 -2
-2 -2
-2 -2
-1 -2
3021 3036
-2 1257
-1 -2
4199 -1
2365 -2
-2 354
-2 -1
-1 4931
-1 3004
3385 -1
459 -2
2474 -1
2064 1310
-2 3476
-1 4991
-1 -2
3469 -2
-1 -1
-2 -1
2306 991
2169 312
-1 4809
463 3161
3931 -2
522 4297
-1 4638
211 4938
-2 -2
2731 -2
-1 -2
1849 3611
-2 -2
340 4321
-2 -1
-1 1939
-1 515
-2 -2
3720 2749
1279 -2
812 4691
4663 2032
2607 -1
1718 4014
542 690
1363 -1
-2 -2
-1 -2
4365 -2
-2 -1
2239 1683
-2 2964
3640 3117
4151 2405
-1 712
-1 -1
3946 478
4558 -1
-1 -1
-1 -1
-1 3229
590 2848
-1 3029
-1 -2
-2 2615
-1 1915
-1 -2
-2 -1
-1 -1
-2 1613
1127 2218
214 3103
408 2517
-2 -1
-2 3465
2200 1085
-2 -1
-2 1806
1368 -2
4068 -2
-2 1785
1920 -2
-1 1777
984 3189
2575 -1
-2 -2
-1 2019
4367 -2
-2 -1
1364 -1
-2 -1
1642 1855
-1 2294
-1 -1
4634 -2
1293 -2
4125 1789
2245 3207
-1 -2
1488 -1
-1 -2
-1 698
520 -1
-2 -1
-2 -1
-2 4661
3035 2807
-2 -1
-1 -1
3677 2608
144 3730
-2 -2
330 2794
-2 -2
4250 -1
-1 2949
-1 -1
-1 3999
-1 2956
1719 2727
-2 -1
2088 1926
-1 -1
-2 3127
2984 2468
2396 1072
-1 -1
-2 1211
-1 -1
-2 3861
-1 -2
-1 -1
-1 -2
3235 4997
-2 1124
-1 -1
328 -2
1850 4545
-2 4755
-2 -2
283 2923
897 -2
316 4986
-2 2975
3662 1076
-2 -1
-1 -2
1342 358
-1 4767
-2 -2
1357 -2
-1 3664
-1 -1
1931 -1
-1 -2
4324 -2
-2 -1
2489 3728
-2 -1
854 405
3011 3347
3343 3305
-2 -1
3113 -1
4108 4925
-2 -2
-1 -2
4020 -1
-1 3307
-2 -2
68 3182
-2 -1
2320 4967
-2 -2
-2 -2
-2 -1
1175 4697
-2 -2
3928 2258
-1 -2
-2 -1
4333 3194
-1 -1
1417 1315
3437 -1
4035 139
1171 -1
4086 -2
3298 -1
-1 -2
986 2555
-1 -1
3519 3695
3210 551
-2 3537
3546 578
2469 2177
876 2715
-1 3257
2346 -1
2852 1203
-2 2658
4200 -2
-2 353
-2 3625
1689 2148
4783 2012
2288 1877
2349 3528
1922 -1
-2 -1
4212 3443
1919 -2
2992 269
-1 -2
4121 -1
-2 3082
-2 -1
-2 -1
-2 -2
2162 3477
2623 2897
1316 2696
1033 721
2931 -1
3158 94
2612 -1
3261 2075
1917 2332
-1 -2
206 632
2460 -2
535 4437
758 2429
855 3804
4747 3539
-2 -1
-1 1104
-2 -1
492 2435
1892 4197
-2 -2
-2 -1
-1 -2
-2 833
4901 3764
4509 4210
-1 -2
-1 -2
-1 -1
-1 -2
4489 773
681 -1
3462 184
-1 -1
-1 -2
4659 -1
2441 -1
-1 -1
-1 2136
4026 1285
4907 942
258 1371
4580 -1
-1 -2
-2 -1
-2 735
-2 2415
-2 -2
-1 -2
2504 2380
-2 -1
2495 81
-2 533
2484 15
-2 -1
3828 3010
311 -1
3647 4483
1287 4293
-2 3096
-2 2182
3205 1093
-2 -2
-1 -1
-1 2457
-1 -1
3387 -1
403 -1
-1 -1
-2 4801
224 2742
-1 -1
-1 -2
-2 -1
-2 639
4005 -1
-2 3216
3262 1658
-1 3430
4672 -1
-1 -2
-1 3306
-2 -2
-2 1404
-1 -1
-1 -2
3041 -2
-2 -2
3581 4159
-2 -2
2018 -1
-2 2978
2900 967
-2 1883
-1 -2
2251 -1
-1 -1
-1 1533
2695 -2
3114 3836
1705 1501
-2 -2
1324 4323
2472 2761
2418 3799
4720 2203
2646 229
-1 4764
2176 3330
3820 3872
-1 -2
2480 3716
1012 508
2085 -1
3576 -1
3830 -1
-1 3138
-1 -2
-2 -2
3030 -2
-2 -2
-1 -1
-1 -1
3603 -2
981 -2
-2 -1
-1 -1
-2 3832
-1 -1
-1 1946
-2 387
-2 -2
443 -1
-2 -1
3088 -2
-1 -1
178 -1
4820 3723
-1 1559
2215 -1
-1 -2
-1 -1
4526 -2
202 1146
572 1626
1495 -1
-2 2714
1857 879
-2 2163
3452 2902
-2 -2
3105 -1
4329 -1
-2 947
-2 1325
-1 -1
-2 660
-1 3614
-1 -1
3982 -1
-2 -1
-2 2113
-1 -2
-1 127
-1 -2
3369 377
-2 3578
4072 802
4317 -2
-2 4047
4030 -2
2178 -2
423 -2
3040 -1
-1 383
2300 -1
-2 -2
-1 2554
-1 106
-2 -1
717 1133
-2 -2
-1 -1
-2 -2
4797 -1
2374 -1
-2 -2
1603 3221
804 3623
-1 1075
3132 3089
-2 -2
-2 4272
-1 -2
-1 524
3757 3596
-1 -2
791 -2
-2 -1
-1 -1
1123 2721
-2 -1
-2 -1
-1 1221
-1 1637
-2 -1
1243 -1
2439 4118
-2 3645
1399 4847
-1 -2
2580 332
-2 -1
-2 704
-1 -2
746 3424
-1 -1
-2 1447
2781 -1
2440 4639
-1 -1
1606 1695
3841 1984
2909 -2
3880 -1
-1 -2
1015 1836
4881 -2
4401 -2
1131 2243
2196 1943
-1 -1
2750 4892
3171 1928
1968 930
-1 -1
1000 3683
-2 -2
-2 -2
-2 4240
1561 4405
577 1116
-1 -1
3162 -1
2360 2134
1645 103
-2 -1
4374 -2
1017 3654
1303 4184
-2 4213
45 2926
579 1337
3072 1960
-1 -1
4703 1731
-2 3173
2318 -2
3317 -1
-1 3432
-2 2920
1544 3869
2335 -1
-2 473
4235 4377
2634 -1
1138 -1
2942 -1
-1 -2
-2 -2
-1 -1
85 -1
-2 -2
1216 2158
-2 -1
1828 2389
-1 -2
-2 -1
-2 -1
105 4441
-1 -2
4433 4398
3507 2587
-2 -1
251 2038
2654 1460
672 1592
-1 1354
-2 1281
-2 -1
3793 -2
2890 4469
3985 3070
-2 2098
2809 2736
3959 -2
-1 1947
-2 -2
-1 -2
-2 -1
-1 -1
-1 -1
4993 4430
2551 2302
-1 -1
-2 2973
3177 1098
3602 1332
3500 3927
3553 1680
-2 -2
2933 -2
3945 -2
-2 2743
-1 -1
-1 -2
-2 4149
-1 -2
-1 -2
-2 -2
956 2603
4134 -1
4736 1937
-2 2633
-2 1990
-1 2081
3852 4459
-1 -1
-2 -1
3046 -2
2699 4373
2626 36
-1 -1
1254 -1
774 1362
4650 -2
-1 1066
-1 -2
1712 2800
-2 -2
-2 -2
2279 3409
-1 -1
1119 -2
-1 -2
-2 -1
-2 2066
-2 -2
-1 1419
4045 4402
-2 -1
-2 -1
3968 -2
-2 -2
-2 -1
-1 -2
3912 3201
-1 1741
1039 4598
-1 -2
3589 -2
831 4715
-1 -1
-1 -1
4959 975
-1 -2
2120 -2
2845 2574
-2 2398
1957 1493
3655 3733
-1 3293
-2 512
-2 1305
-1 -2
-2 2310
1248 -2
-2 4078
2381 898
2539 -2
2428 -2
4696 -2
-2 -1
4502 3250
421 -2
3297 -1
-1 3303
3510 2882
-1 1866
-2 528
4942 -2
640 -2
-2 3719
2261 302
4127 1445
1627 3326
-2 -1
1713 -2
858 -1
1064 1234
57 4105
1538 2637
1468 20
-2 4787
3633 -2
-1 -2
-1 1130
-1 -2
-1 1745
-2 -2
-2 -2
2419 3320
3771 -2
-1 -1
4139 2192
-2 -2
2785 559
-2 -1
-2 2595
-2 4426
-2 -1
-2 -2
-2 -2
1397 -2
-1 313
1601 -2
-1 4378
-1 59
3032 469
-1 -1
28 -2
3663 2767
-2 4706
-1 -1
-2 4592
4775 1105
7 920
-2 -1
3550 -2
4477 3575
-1 -2
701 678
1108 2990
2124 2033
4499 -2
4798 -2
2144 3701
182 1459
1237 -1
3980 1942
4247 -1
437 4757
-1 -2
-2 945
-2 -2
-2 -1
-1 -1
-2 -1
2853 2247
1286 -2
-2 -1
-1 -2
3661 -1
-1 -1
4480 -1
4669 2548
-2 -1
84 1518
2586 -1
-2 1611
4322 4202
598 2962
1410 4253
2842 3572
618 4585
4799 -2
626 4527
-2 3100
2689 -2
4261 1393
4167 256
-2 4392
-2 -1
-1 -2
-2 -2
-1 3015
-1 -2
-2 -1
2328 -2
-1 -1
2059 1986
-1 -2
2128 3150
1508 -2
4574 318
2573 1791
-1 -2
462 4912
-1 -2
3577 4716
3815 3107
-2 -2
-2 -1
2929 172
-2 -2
4140 -2
-1 3947
3721 4812
3050 1743
-1 3458
-2 990
3710 113
2122 4561
2161 2606
3604 -2
-2 -2
2885 4180
-2 -2
4668 -1
4467 -2
4594 1622
-1 -2
-2 2910
3792 3919
2509 250
4982 2209
-2 1562
3325 4058
-2 -2
2822 -2
445 1889
1795 -1
1073 -1
3468 -2
4830 -2
1498 -2
1424 -2
190 -2
-2 -1
-2 -1
4226 472
-1 -1
3291 2546
4874 -1
3434 2534
4114 3559
3996 2071
-1 -1
4547 1595
4025 2149
2650 -2
1831 4824
163 944
2707 335
-2 -2
-1 -1
-1 1497
4510 -1
-1 -1
2164 2826
2430 4288
-2 -1
966 1465
-1 -2
-1 -1
-1 -1
-1 -2
1214 3541
-1 -1
3023 -2
-1 -1
-2 -2
4971 2143
1328 552
-1 2367
-2 -2
-1 -2
-2 394
-2 -2
-1 3394
-2 4375
-2 3095
941 1514
42 412
-2 -2
-1 -2
4413 514
837 1135
2773 360
-2 4052
2459 -2
4562 4000
-2 -1
4569 -1
1827 3143
-2 -2
-2 1756
4625 -1
-2 3583
4631 -1
-2 -2
1844 -2
-1 4031
4463 3425
2584 3693
3123 1885
-1 3361
-2 -1
-1 4379
-1 -1
-2 806
-2 -2
-2 4461
-2 -2
-2 -2
3251 -2
-1 -1
1382 142
4193 -1
949 2491
2556 -2
2001 3998
3638 278
2664 4811
-2 -2
-1 -1
2056 243
1333 886
3341 -2
-1 -1
3043 1432
-1 -1
-1 -1
-2 -2
-2 2296
-1 -1
2179 3438
1165 2183
-1 -1
-2 4015
-2 -2
-1 -2
4173 905
2292 1291
3770 613
880 4827
-2 -1
-2 -2
3227 631
4050 2907
3014 2804
722 2097
-2 4481
-1 46
-1 -1
2896 301
-1 -2
2518 -2
2510 1084
1554 1118
3048 -2
-1 502
-2 -1
-2 -2
3646 573
-2 -1
-1 -1
-2 -2
4850 10
1276 4034
1571 2083
-1 -2
-2 -1
2156 -1
273 3532
3026 2941
2944 676
1378 -1
-1 -1
-2 -2
-2 -2
-1 -1
4952 -2
2105 -1
3473 4335
-1 404
4177 4340
2412 71
-2 -2
3479 189
-2 -1
4839 1972
-2 3671
-2 -2
744 -1
934 2114
-2 -2
-2 -2
3389 -2
228 4320
2414 4564
3788 -1
-2 -1
2030 2427
418 2420
-2 -1
-1 -2
-1 3344
1496 1191
-2 -2
-1 -2
-2 3000
-2 -1
185 155
-2 -2
-1 3742
4916 775
1951 -1
-1 -2
-2 4165
-2 1462
-2 -2
3399 797
3887 2892
-2 -2
4934 4048
3878 -2
-1 -1
1822 1294
1904 4701
-1 -2
-2 -2
4864 -2
656 4358
-2 -1
4169 -2
-1 -2
-2 -2
-2 864
274 3308
4848 -2
1179 -2
-1 -2
567 955
-1 -1
-1 4785
1577 1573
-1 -1
3825 -2
-1 -1
555 737
-1 4984
-2 -1
-1 4339
3378 -2
52 -1
3190 4550
-1 -2
-2 -2
4356 -1
-2 748
4855 -1
2046 1995
1258 -1
-2 -1
2709 4101
1893 -1
2652 -2
2090 148
-1 2180
-2 3139
-1 -2
-2 -2
-1 -1
-1 -2
2712 401
-2 -1
-1 779
-1 -1
-2 -2
-1 -1
3634 1549
3472 4707
-1 -1
-2 -2
75 486
4845 1641
-2 1856
150 4978
3698 4252
1195 -2
3954 3270
-1 -1
4774 4239
-1 -1
4023 -2
-1 1242
3360 2305
-2 1614
-2 3254
2701 2211
2620 -1
3521 4415
-1 713
-2 -2
-1 -1
-1 -1
4063 4095
1581 4949
-2 -1
4486 -2
-1 2769
1040 650
2060 4737
-1 2402
-2 -1
2766 -2
2166 4251
-2 -1
762 236
597 -2
-1 -1
4886 -1
3108 540
-1 -1
-1 -2
100 -2
-2 867
-2 1517
247 4301
2448 3017
-1 3273
-1 -1
-2 4084
-1 -2
3586 3204
-1 -1
-1 1297
-2 -1
4423 2790
2343 2811
-2 -1
-1 -2
4001 -1
668 4248
3267 -1
3748 2267
-1 -1
2934 -1
2993 -1
4152 957
3379 3357
3422 -1
-2 -1
-1 -1
-2 -2
4682 1016
-1 -1
-2 -2
1023 1011
1369 2322
-1 1071
856 -2
1729 -2
-2 -1
2323 4970
-1 -1
-1 -2
2376 402
3460 -1
1172 3870
4554 2141
115 -2
-1 -1
-2 -2
3569 4719
2061 -2
356 2133
3247 3669
-1 -2
3562 4570
-1 3372
191 3071
-1 -2
4943 4006
-1 1443
3428 1446
1678 -2
-1 -1
-2 3183
352 50
-2 -2
4851 1079
2406 4647
4640 3866
4126 4289
-2 -1
-2 -2
-2 -1
3024 -2
2843 -1
-2 4759
-2 -1
1694 455
1353 -2
-2 2464
1176 1141
-2 2102
2407 3154
30 4678
-1 -2
-2 -2
4581 3786
-1 4831
3447 3283
4242 4420
4472 1402
-1 -2
-2 -2
-1 3711
1706 3224
3005 117
3058 4990
-1 -1
1115 -2
2496 2589
-1 4734
1698 -2
-2 4745
-2 1862
3690 4940
-2 -2
-2 932
1950 4649
2153 4860
3549 156
-1 3898
-2 3930
6 1212
-2 -2
766 2316
-1 8
4902 -1
4838 1749
3012 3627
-1 3083
-1 2458
1230 1177
-2 -2
1312 2326
-1 -1
2502 3739
4880 -2
-2 3560
-1 -2
2961 3978
3952 2010
4879 4306
1034 3069
-2 2119
767 4122
-1 3705
-1 -2
4385 -1
-1 595
-2 -2
-2 -2
3972 2449
648 -1
367 3314
853 3484
-2 1178
-2 -2
2563 2565
-2 2605
3435 3122
-2 -1
40 122
-1 -2
-2 728
-1 -1
-2 -2
-2 -1
-2 -2
2702 -1
-1 -2
2597 1618
-2 -1
3911 -1
-2 2924
850 1755
-1 719
1921 2537
-2 1787
-1 -1
-2 -1
315 3684
2688 3675
4873 3579
4412 4933
-2 -1
-2 -2
-1 3858
2025 -1
3380 3621
-1 -1
1952 -1
-1 -2
4166 2930
213 2830
1401 4722
-2 1282
943 -2
-1 -2
168 4286
1227 4648
-1 830
-2 -1
-2 589
-1 -1
1372 1852
-2 -1
-1 787
689 -2
-1 -1
-1 3727
3506 3395
-1 -1
3225 798
4560 -1
3810 890
4496 2953
709 2475
-1 -1
2333 -2
4386 2034
-2 -1
4460 -1
2055 -1
-2 -1
-1 1480
4887 -2
-1 790
153 3318
-1 4882
738 280
818 -1
-2 4750
270 3192
1691 370
-1 -1
3631 3392
560 2053
-2 902
3783 62
2137 -1
-2 -1
-1 -1
3524 -2
-1 -1
1594 -1
-2 4181
-1 -1
857 -2
1145 -2
-1 4456
-2 -2
-2 -1
1853 -2
3280 -1
-2 1184
-2 -1
2765 2092
-1 -1
-2 -1
2224 -1
180 -1
-2 2421
-1 -1
1490 438
4537 -2
-1 -2
1949 -1
4488 -1
4530 1536
-2 3863
-1 4389
-1 -1
-1 -2
4583 -2
-1 -1
-2 -1
2564 3814
-1 3594
2691 1646
4566 2857
-2 3218
-1 548
2493 1339
-2 1128
2145 895
-2 -2
-1 -1
-2 -1
3542 700
-1 -1
-2 -1
1890 1347
-2 -1
3478 1061
2770 -2
4588 3743
1273 2014
-2 1775
4789 152
-1 -2
-2 -2
3668 740
3714 4085
-1 -2
1884 3060
-2 -2
4610 2023
-2 -2
-1 -2
-2 1579
-2 2094
3987 4724
-1 -1
-1 -2
-2 -2
629 -2
2540 4866
1671 4246
2995 -2
753 -1
-2 -1
1546 1555
-2 3599
1272 3174
419 -2
4256 -2
4419 -2
-1 -2
2285 3824
1194 4089
-2 -1
-1 685
-1 -1
2384 2797
4950 1477
-2 1250
-2 -2
3601 128
-2 411
-2 1690
2413 4244
-2 -2
-2 2524
3181 -1
1971 -2
-2 -1
3332 4395
906 1450
1231 -1
-1 -2
-2 -1
-1 -1
-2 -1
-2 157
1569 1896
1235 652
-1 -2
1094 350
-1 -1
-2 87
536 -2
1783 1049
3862 1540
-1 637
111 204
-1 4768
3288 1492
2759 -2
4922 4524
-1 -2
-1 -1
-2 -2
-1 3798
-2 -2
4612 2946
1509 2483
2338 1004
3895 3266
2011 -1
-1 3464
-1 3648
-1 -2
4919 4394
2971 4710
1804 447
344 4002
-1 4366
499 3941
-1 -1
-1 2883
1280 -2
-2 -2
4400 4708
-2 3480
-2 -1
-2 -2
1407 4746
3450 -1
-2 -1
-1 1609
-1 -1
-2 -2
-2 -1
-2 -1
2771 814
2803 1112
-2 -1
-1 3781
-2 532
-1 -1
-2 -2
-1 -2
-2 -2
-2 -2
1813 686
-1 -2
-2 -1
3118 -2
-2 -2
4947 2352
61 -2
-2 -1
-2 4099
3741 -1
1081 4198
912 616
-1 130
4816 2084
-2 1313
556 -2
4189 -2
-2 -1
244 399
-1 -2
2641 2952
3530 3759
-1 -1
4786 1547
-1 -2
1005 -2
2711 2278
-2 -2
-2 -2
-2 -1
2823 2193
-2 200
-1 4131
-1 -1
1114 4170
-1 4100
487 -1
2982 -2
-2 -2
-1 3231
-1 4447
-1 -2
4387 406
129 -2
120 2671
4296 4046
3338 -2
1588 -2
3133 -2
-1 -2
-2 -1
4383 -1
2501 -1
4752 2240
2383 2648
1167 3724
2505 1129
-1 -2
3393 821
1405 12
1439 -2
-1 -1
1400 -2
1707 3084
2366 -1
2329 -2
801 2868
-2 -1
183 3940
-1 2567
3188 4926
-2 -1
4590 4446
2927 -1
729 -1
319 -1
-1 -1
1651 1290
-2 -1
4960 1046
2167 -2
1905 -2
-1 -1
-1 -2
-1 -2
374 -1
217 -1
-1 -2
-2 3120
-1 995
209 -2
4259 3687
-1 -1
262 1267
-1 -1
2454 -1
-2 2436
4328 -1
147 1284
16 3368
3092 4493
-2 -1
-1 -2
329 4294
2275 -2
-1 -1
-1 289
-2 -1
-1 -2
1608 -1
2171 -2
-1 -1
-1 1898
2100 1334
-1 771
-2 1158
4249 4444
1474 -1
2027 3624
488 3415
2522 1744
-1 3244
-1 -2
2917 1427
-2 -2
4445 4875
-1 -1
1843 -2
-1 -1
-2 -1
-1 -2
4732 4292
-1 -1
-1 -2
-1 -2
3933 3629
3296 2112
-1 -2
4019 339
4287 4956
-1 2598
-2 -1
-2 1851
-2 1976
1840 -2
2938 -2
1661 -2
2668 2311
1887 2334
-2 -2
-2 -1
-2 -2
-1 -1
1505 4277
-1 -2
3986 223
-1 -1
3423 1992
-2 -1
-2 4890
1933 -1
-1 -2
-2 3340
3547 -2
-2 3514
1558 3264
3503 2879
-1 4825
-1 -2
2795 4128
-1 2950
-1 4698
-1 1529
-2 1959
-1 -2
3768 -1
2640 4637
-1 -2
-2 -1
285 -1
3042 -1
2718 -2
4664 2908
4075 220
-2 1349
1521 -2
2230 -1
-2 -1
-2 -1
-2 1125
-1 -1
904 -1
-1 569
1526 -2
-1 1565
1455 2002
-2 -1
4929 4819
-2 -1
1900 3709
2647 -2
-1 -1
-2 -1
-2 -1
3803 2007
-1 1726
-1 -1
-2 -2
2269 -2
2447 -1
-1 2763
1086 2444
-1 -1
2935 -2
1229 770
-2 -2
-2 1476
-1 -2
-2 -1
-2 -2
-1 -2
-2 -2
927 -1
-1 -1
-2 1306
55 1916
-1 -2
-2 2937
4399 2960
-1 -2
-1 -1
3496 3509
-2 537
4174 2719
3554 -1
-2 -1
-1 4470
4234 246
563 -2
1208 606
-1 2291
-2 -1
-2 -1
-1 4040
2309 -2
1341 -2
-2 2922
-2 -2
1868 4519
3099 146
3353 4712
1665 3566
-2 593
3349 4049
1677 -2
-1 505
254 4080
3565 2249
-2 3782
-1 -2
1913 2432
-1 -1
-2 -1
-1 -2
3080 -2
-1 2205
839 -2
3688 3230
-2 -1
-1 17
-1 1343
-1 -2
3018 -1
3643 -1
-2 -2
4009 1989
-2 -1
-2 -2
3180 475
2036 173
-1 -2
-1 -1
-2 -2
4350 811
501 -1
2762 -1
-2 -2
-2 -1
4312 2986
2117 -1
226 -1
-2 1810
-2 1837
4243 2499
1087 846
3065 1298
-1 1180
4351 754
-1 -2
2031 3964
-1 -2
-1 -1
78 3548
2788 4679
-2 -1
-1 3316
-2 -2
3595 4299
-1 466
1666 3523
-2 -2
2284 575
-1 -2
-1 -2
-2 2884
1648 1842
-2 -2
-2 -1
3052 97
-1 2416
435 819
1266 1721
4424 -2
-2 2753
186 1406
-1 -1
-1 2866
-2 -2
-1 2817
-2 -1
-2 -2
1390 3522
-1 -1
2214 425
-1 2213
1377 2904
-1 -2
642 -1
2273 4534
599 -1
591 1403
4144 3319
-1 -1
-1 -1
242 -1
-2 -1
-2 4172
-2 -2
-1 -2
4487 -1
-2 3776
3707 2044
-1 -2
3552 2976
-2 -2
-2 2029
-2 -1
2810 1192
-1 -1
3906 2470
-2 -2
-2 -1
1383 2508
2463 -2
-1 -2
-2 1323
2799 1008
-1 -2
446 1013
2129 -1
171 1983
1911 4295
-1 -2
1656 -2
-1 -2
-2 -1
1196 -1
4410 -2
1825 1736
3197 1037
2683 979
1667 -2
3276 1820
-1 842
4684 1702
1970 -2
-1 -1
-1 -2
2465 -1
-2 -1
4806 1980
3570 -2
-1 3873
-1 -2
869 3867
3299 1255
-1 -1
1435 3027
2649 4976
4438 2399
-2 1335
-1 -1
-2 -2
2298 -2
1696 140
-2 -1
2569 1872
-1 1663
3193 -1
-1 -2
1700 -1
993 1295
-1 -2
-2 4596
-2 -2
-2 -1
2552 3848
-2 -2
4033 1835
-2 4995
320 -1
-2 2006
-1 -2
2255 3112
-2 -2
-1 -2
-2 -2
1467 4012
-1 -1
-1 -2
1150 865
844 4674
2877 924
240 -1
-1 -2
4361 -2
2527 1762
-2 -1
4344 2780
-1 619
-2 -1
-2 -1
2403 -1
3915 -2
4621 3902
841 -2
2936 288
-2 -1
1811 1940
-2 570
951 -2
2462 4740
3534 776
2928 3926
-2 1054
468 4905
-1 -2
-1 22
-2 -2
-1 -1
724 4211
3738 -1
-1 -1
-1 -2
2461 -1
-1 -1
-2 -2
-1 843
1156 -1
-2 2287
2839 4751
-2 -2
2891 3448
2452 4641
2578 -2
-1 -1
2301 4141
1882 -1
-2 -2
-1 -1
4163 -1
2308 -2
-2 -1
917 -2
688 4222
3455 1516
-2 4359
-2 -1
-1 -2
-2 1580
2174 109
-1 -1
-1 -1
3753 1186
4618 2989
-2 -2
2290 -2
-1 2221
1283 -2
1204 4771
-2 2262
-1 -1
743 -2
3837 968
4103 271
-1 4397
-2 -1
4106 2147
3364 -1
-2 3269
-1 764
2775 -1
-2 -1
-2 -1
-2 -1
999 -1
-1 74
4371 -1
1520 -1
1200 2752
3351 1481
4753 266
3653 -1
-2 -1
-1 3761
-2 2411
4676 -1
3187 -2
3969 -1
-1 2968
960 1475
2601 1142
-1 4604
-1 -2
643 1065
2106 -1
4364 3278
538 -1
-1 -2
-1 -2
483 2393
-1 -1
1047 489
-1 3649
-1 -2
440 3456
-2 -2
3220 -1
-2 4411
-2 1504
3039 -1
596 4723
3882 691
-1 -2
-2 -1
2621 -2
-2 803
-2 4513
-2 925
-1 -1
-2 1669
2599 1060
3718 4455
1673 2840
2776 1330
-1 1503
-1 -2
4549 -1
47 1894
141 1336
-1 693
-1 -2
3245 -2
4218 3497
3106 4837
-1 -2
582 3897
4853 1628
-2 952
-1 -2
-2 -1
3312 1415
-1 -2
-1 2228
-2 119
3527 2394
-1 -2
1472 261
-2 -2
4754 3990
-1 1918
3184 1140
-2 4794
-1 -1
-1 -2
-1 -2
-2 3228
-1 -2
4896 1790
-1 909
1586 -2
901 2653
2740 -2
1548 825
-1 -1
-1 -1
4677 -1
-1 1815
420 -2
-1 -1
3937 -2
-1 -1
-2 3487
-1 -1
-1 4667
-2 -2
1209 840
-1 -1
3908 1793
-2 -2
-1 -1
-1 -1
1511 4406
-2 4728
4870 -2
-2 793
-1 -2
1809 -2
4900 2655
-1 -1
-2 -1
-1 4973
-2 1136
3564 1425
395 -1
2049 -2
1801 1784
2951 1506
-1 -1
-2 -2
4083 4858
1089 -1
-2 -2
-1 4600
-2 -2
3533 2359
2778 2674
-1 4192
-1 4018
201 -2
290 -1
216 -1
-2 655
-2 -1
4514 -2
1819 2541
4326 -1
-1 -1
-2 2304
-1 -2
368 4636
4264 80
4981 -1
2673 -1
-1 -2
3958 2187
3843 -1
710 -1
4280 -2
-2 4946
-1 638
-1 -1
4852 -1
-2 -2
-1 -2
-1 1799
3383 1703
1080 4314
1697 2198
903 -2
3421 1373
-2 -1
2611 2392
118 641
2835 1838
3692 -1
-1 4282
-1 3404
-2 3199
-1 3849
-1 1818
77 -2
1615 2609
-2 -1
900 4739
851 -2
-2 2345
1187 -2
2560 -2
-2 -2
-2 2488
4713 -1
3063 -2
325 2820
3246 4582
2638 2319
4145 -1
-2 1560
2264 777
-1 -1
277 -2
4076 -2
1090 -2
3587 518
-1 -1
2914 1309
3412 544
2757 3056
-2 -1
2738 1277
-1 -2
-1 -1
1027 3321
-2 -1
4593 -2
1792 -2
4458 -2
1329 2841
1322 -2
-1 2867
-1 -1
4507 4236
4790 2188
2558 1715
3336 -2
-2 21
-2 -1
-2 733
592 -2
-1 -1
3628 -1
-1 -1
-2 -2
3401 3639
3900 1797
1522 3700
-2 -1
-1 -1
-2 4731
-1 3632
4059 4056
1587 4051
-2 -1
2894 2276
-2 654
1563 3561
-2 1519
-1 -2
2666 583
-2 -1
-1 -1
-2 51
-1 -1
208 3211
-1 112
4053 -2
4709 2037
2849 -1
4220 -2
-1 -1
1413 4255
-2 -2
-1 -1
3891 -1
-1 -2
1456 4643
-2 -2
-1 4376
918 -2
1553 448
-2 -1
-1 -2
-1 -1
-2 -1
414 -2
1772 -1
452 4840
3217 -2
-2 -1
3426 2940
381 -1
3474 -2
-1 695
-1 -2
-2 -1
196 2009
3156 4895
4609 4176
-1 -1
1245 92
3493 976
1906 -1
19 -1
-2 3263
-1 -2
4871 4996
-2 2052
4143 4054
3644 -2
-2 -2
3679 2813
-1 -1
1871 3838
1537 -2
1802 4217
3271 3078
-2 -2
1251 1097
2593 334
-2 -2
1356 2815
3630 -1
1483 188
-1 4440
1874 -1
2350 3164
3984 1442
3033 706
4642 2479
-1 4645
-1 -2
2903 4683
-2 4307
-2 1902
1206 -2
2250 -1
-1 4435
607 -2
-1 -2
-2 2208
-2 3685
2530 4761
4690 4466
2204 -1
-2 324
13 1010
-2 4452
4651 4230
-1 83
-1 1385
131 4449
326 -2
1244 1623
1805 -2
973 -2
-1 -2
4360 4119
2385 -1
2679 -2
3752 3331
-1 3868
-1 -2
-2 4523
-2 580
907 -1
-1 -2
2943 1338
2585 470
-2 -1
2268 3736
-2 -1
3767 1430
-2 -2
-2 -1
-2 3938
2717 161
1720 -2
-2 1963
-2 1686
-1 -1
4093 2281
4603 -1
474 -2
-2 -1
1816 2219
2777 -2
-2 587
-1 -1
2676 3689
-1 -1
4998 4944
1238 -2
-1 -2
1126 3699
1566 359
4868 -2
4495 545
-2 -2
-1 2234
3034 4654
2855 -1
-2 2818
813 3492
889 2314
-1 -1
-2 -1
-1 -2
-2 -2
3598 657
1149 653
2680 3983
-1 -1
-1 -2
3529 -1
926 2591
-1 -1
-2 4579
1365 -1
726 379
2525 2337
2390 -2
-1 3200
1938 2175
-2 -2
-1 -2
4110 -1
-1 -1
-1 -1
-2 -1
4965 2833
4910 3311
-1 -2
1966 -2
-2 -2
-1 -1
3044 1057
4404 -2
-1 485
-2 -2
192 3129
-2 -2
4451 669
-1 164
-1 -2
-2 4345
291 3766
-2 3352
3377 4206
-1 -1
426 3111
4903 -2
-2 -1
-1 3749
1422 257
4652 -1
1438 1876
-2 -2
-1 -2
4453 -1
2958 -1
-2 4541
-2 1308
-1 -2
4589 610
2594 3292
3760 1682
3463 1735
-1 -1
-2 3592
-1 -2
-1 -2
299 -2
2716 -2
4161 2972
-2 -1
-1 167
4232 -1
3795 2874
4175 -1
237 2254
1222 3
-2 -2
138 1006
2363 2146
3166 -2
-1 1148
-2 4508
4004 4828
-2 4587
3747 -1
-1 1988
1384 -1
1891 2242
-2 -1
2741 2592
1794 -2
-1 1048
550 3279
-2 2096
3031 -2
2590 2191
-2 -2
-2 -1
-2 -2
-1 2357
32 -2
-1 -2
1489 -1
1168 2077
617 -1
4606 4620
1102 -2
3391 -1
-1 1199
4390 136
2774 3079
-2 -2
-2 -2
-1 -2
2347 1466
3615 3137
-1 3429
-2 4179
-2 -1
3287 -2
-2 -1
-2 -2
-2 -2
730 2039
1758 4889
834 4813
3400 1585
4276 3597
2293 2131
2723 -2
-2 -1
-1 4635
9 2880
3145 4665
2528 -1
2602 355
496 4275
-2 2417
-2 3195
-2 2912
-2 491
-2 1670
2324 2862
-2 -1
3274 1763
-2 557
4516 4346
-1 -2
-1 -2
2401 314
2708 2194
-1 -2
1770 -1
3286 -1
4207 568
2568 1969
2476 4064
751 3013
4337 4191
-2 -2
-1 -2
-1 -2
2529 -1
2677 935
-2 -1
-1 -1
2184 3239
-2 -1
-2 389
-2 -1
2939 1389
-1 -2
-1 2299
101 962
-1 2660
2492 -1
739 -2
727 2947
-1 -2
-2 2371
-1 -2
883 -2
-1 -1
1031 -1
-1 -1
-2 -1
4601 -2
107 -1
393 -1
2377 422
-1 305
-1 -2
2072 -2
-1 215
4434 4229
-2 -1
1375 3375
-2 4013
-2 4936
-1 -1
-1 -2
2103 1841
-2 -1
-1 3367
2791 4772
-1 1205
1151 4091
2478 79
1448 -1
2185 4267
-2 286
2073 3555
427 2130
1416 -2
-1 -1
-1 -1
-2 -2
-1 3442
-2 1888
3334 1218
3453 231
-1 -2
-1 -2
-1 789
-1 4927
2987 3751
-1 954
-2 -1
3876 -2
1197 -1
3151 -2
-1 -2
1764 2747
3491 888
-1 -2
-2 1709
3238 3302
965 -2
-1 4884
43 4428
2831 4817
-1 -2
4544 3607
845 -2
-1 1426
98 1584
3850 1398
4914 3651
4883 -1
3680 -1
1109 2550
-2 -2
-2 -2
-1 2895
809 3342
-1 -1
-2 3616
4733 1464
3934 -1
1863 -1
807 479
1826 -1
-1 4766
-2 4687
3191 -1
1302 -2
-1 1436
-1 2443
-2 1359
-1 2233
3237 3234
2426 -1
-2 -1
3802 4407
-2 3373
1649 99
-2 -2
-2 1507
-2 919
-1 -2
-1 -1
-1 -2
-1 768
4602 696
-2 364
-2 -2
4368 3722
4948 -2
-2 -1
-1 -2
-2 -2
4704 3486
63 -2
2837 -2
-2 -1
1961 3240
-2 210
-2 4675
2069 2729
-1 2706
-1 1018
3812 4303
-2 -2
3953 -2
521 -2
-2 4699
-1 -1
-1 -2
-2 -1
1240 3543
2576 2353
2549 -2
-1 -1
1153 4988
-1 365
-2 -2
3949 2959
3921 1262
-1 -2
-1 -2
-1 1110
-1 -2
-1 778
-2 3295
3517 784
-2 -2
3620 -2
-1 -2
-1 -1
-2 -2
4963 612
1253 4920
3418 2878
-1 4980
-1 -1
4897 -1
-2 -1
1024 4869
-1 -1
-2 -2
-1 2387
3557 961
1722 866
-2 -1
1169 -2
887 -1
-1 2726
-2 -2
3796 -2
1798 1300
4961 4060
-1 -1
-2 3997
-2 4265
-2 3991
-1 -2
-1 872
-1 -1
-1 -1
588 4863
-1 -2
-1 25
-1 881
-2 4204
2596 -1
646 3674
-2 3855
-2 -1
-2 4876
-2 1598
4325 1070
1271 -1
-2 3610
-1 -1
-2 -2
-2 -1
1461 -2
-2 -2
4673 2532
-2 2201
3413 2078
3593 -2
4832 517
3061 3098
-2 -2
2003 -2
-2 4964
-2 -1
4304 -2
2983 -2
3960 -1
-1 -1
2730 3115
-1 -1
-2 -1
2021 1396
3774 -1
2173 3281
-1 -1
-2 -2
3222 2751
-2 4702
-2 -2
145 -2
3884 2190
-1 1207
2138 2816
-2 -1
-2 -1
-2 -1
2369 249
-2 1121
3785 2139
1639 -1
1895 2844
-2 3656
-1 -2
336 2629
1386 4563
-2 3993
1444 -2
-2 1499
3406 1803
1768 -1
159 -1
-1 -1
-1 4607
304 -1
4260 2315
1550 -2
3777 3951
2170 1955
-2 -1
467 2082
1052 1927
1662 2477
-1 -1
-1 -2
-2 -2
-1 -2
1429 -2
-2 -2
-2 -2
2356 1412
3282 -2
4120 -2
2160 4233
-1 -1
-1 4138
-1 2091
2515 1264
3807 264
-1 2735
1001 -1
4613 -1
-1 -2
-1 1848
2422 2485
4726 333
4899 -2
3454 -2
-1 2126
-1 -2
877 3403
2260 2199
4263 1991
-2 4194
2123 1590
-1 -1
-2 -1
-1 -2
-2 -2
-2 -2
-1 -1
3513 1634
-1 -2
-2 -1
-2 1778
3073 -2
439 1411
-1 -1
-1 -2
-2 -1
-1 -2
-2 -2
-1 -2
259 2456
4501 2678
1106 4087
3635 -1
1788 -2
1635 -1
2693 -2
747 -1
1779 -1
2887 -2
-1 -1
5000
749 4472
4815 2
3558 1140
3815 2761
-2 -1
4407 -1
-1 -1
-1 -1
-1 -2
3933 407
318 -1
469 -1
-2 -2
-2 1022
-2 -1
2659 -2
2983 -2
4634 -2
4739 -1
-2 -2
-2 -1
411 -1
-1 -1
-2 -1
4071 624
-2 -1
-1 429
2519 -2
-1 -1
2069 3663
-2 505
3496 3466
1411 194
1239 4146
-1 1713
4686 1804
-2 1800
-2 -2
2208 1112
-2 -1
-2 -1
-2 1784
-1 -2
1497 1886
-2 -2
443 1463
-1 4843
4575 4788
-1 235
50 372
305 2463
4293 -1
-1 -1
-1 3159
2657 3731
2541 1469
-2 -2
-2 -2
-1 -2
690 3517
-2 -2
4498 -2
-2 17
2407 957
1889 65
-2 -2
-2 -1
-1 -1
-1 -2
-2 -1
47 4181
-2 495
4221 71
4547 2688
2865 3858
-1 3645
1965 88
-1 2305
4227 -1
-2 -1
-1 3339
4243 -2
-1 4560
-1 -1
-1 -1
1796 1433
-1 135
4975 -2
3937 -2
-1 -1
962 1192
-1 -2
4776 261
1810 -1
-2 4930
4184 4206
-1 -2
-1 -2
-1 2892
4226 -1
-1 -2
4154 -1
3929 3392
2006 3102
-2 -2
-1 -2
1772 -2
-1 -1
-1 3161
-1 -1
-1 -1
-1 -2
-1 -1
-2 340
4067 397
1345 4436
1683 -1
-2 -2
2012 2932
-1 -1
-1 -2
2028 -1
-2 1069
-1 164
3620 3671
4628 3824
-1 -2
3998 -1
4254 4152
-2 -1
2735 4552
3395 3307
-2 1194
-2 3160
-2 -2
3655 -1
542 1624
-1 -1
3510 -1
-2 1211
-2 -1
-2 -1
-1 16
-1 2313
-2 -1
146 4138
-1 -1
-1 3366
4041 -1
4614 -1
70 -2
152 13
265 -2
671 -2
-2 -1
4451 3575
884 3649
-2 4452
944 4162
-1 -2
2137 -1
2210 777
2862 -2
4823 1102
-2 463
-2 -2
-2 -1
3405 -1
-2 -1
4198 3546
-1 -2
-1 -1
1362 -1
-2 -2
-1 2337
-2 920
1832 1888
-2 -1
-1 -1
180 1990
2491 1179
-1 -1
2346 577
1348 4817
3088 3836
-1 -2
-1 -1
-1 3418
4144 -2
-2 589
-1 -1
-1 3986
2568 3771
-2 -2
417 -2
-1 -1
-2 3811
-2 -1
4960 2667
1884 -2
-2 -1
-1 -1
-1 -1
-1 -1
-1 -1
4719 -2
-1 -1
-1 3313
-2 -2
4237 845
-1 2050
2013 3699
3934 2880
460 1773
377 3522
4277 2607
-2 867
-2 4375
3145 4693
2661 853
-1 -1
3398 -2
2003 357
3820 -1
-1 1440
4990 1181
-1 -2
2704 4384
3745 3968
-1 2281
-1 -1
993 3100
1278 -2
2348 156
-2 1508
1618 3941
4211 -2
-1 -1
-1 -2
302 4597
-1 -1
-2 -1
1947 -1
776 -2
4331 3396
1118 2104
1532 -2
4531 -2
1026 -2
250 4959
2068 -2
74 -2
-2 -2
-1 -2
25 2503
-1 -2
4758 1511
-2 -1
642 1698
470 1314
-1 -2
-1 -2
3431 2970
-1 -2
1883 337
4868 1423
3341 4100
2401 2980
847 -2
-2 -1
-1 -1
3182 3327
-2 4514
530 2301
1896 2467
2908 1815
2191 1709
1413 713
4165 3614
3679 3755
1977 -2
4969 2802
-2 -1
-1 -1
4862 3772
-2 -1
3266 438
4973 786
-1 3454
-1 -2
4508 -2
-2 4107
4728 3467
2512 405
-2 -1
-2 -1
3673 -1
1229 595
-1 -2
-2 61
-2 3364
-2 -2
2107 515
-2 57
4489 -2
1891 1212
4414 -2
-1 1150
1059 1352
4754 2691
28 1898
734 3163
-1 1585
-1 -1
118 -1
329 2852
-2 -1
72 -1
308 -1
-2 3538
4738 3196
2916 -2
1559 3355
3541 -2
1359 -2
-1 3069
3743 717
-2 -2
1156 4978
-1 2041
1077 3039
906 -2
-2 513
1054 -1
-1 -1
-2 876
-1 705
511 -1
-1 -2
-2 -2
3321 -2
4548 3236
-1 1289
-1 -1
3176 -1
3495 -1
228 2129
2665 -2
4747 -2
1180 1959
-1 -1
-1 1830
3801 1597
4136 -2
581 -2
3337 1436
-1 -1
-2 -2
-2 -2
-1 3054
2095 3967
1409 2882
2466 3026
-2 -1
-1 -1
366 675
-2 -2
33 2008
-2 2180
-1 -2
-1 -2
-1 2867
-2 1355
4928 4484
862 375
4151 -2
-2 -1
-1 -1
3637 1089
-2 -1
-1 -1
-2 -2
-2 -2
-2 -2
-2 -1
1244 4304
-1 -2
685 1117
1572 4427
-2 1666
-2 -1
3226 4077
2500 3605
-2 -1
-1 -2
3075 3670
394 4853
-1 -2
4859 -2
4269 -2
-2 -2
-2 1797
2149 3441
404 4199
-1 3498
1255 -2
2929 584
934 1218
-1 4270
3723 141
-2 1930
-1 -2
188 2930
480 -2
1510 -1
3939 -2
1623 -2
2592 -2
-1 -2
4155 4662
-1 -2
323 2465
97 3506
3183 -2
-1 -2
1095 2692
-1 -1
4140 4027
-2 2584
2828 929
-1 -1
-2 -2
-2 2527
4704 253
2965 -1
-2 -1
1575 -1
678 2408
-2 2849
3927 -1
3810 -1
3503 2758
-2 1443
3155 3084
-1 -2
2009 1382
-2 -2
4401 2869
1384 1630
-2 4394
-1 -2
1326 877
-1 -2
-2 321
-2 -1
4062 1799
666 1029
-1 -1
3891 361
-2 398
-2 -1
4558 1082
-1 -1
4768 -2
3076 -2
466 2498
4487 158
806 2681
-1 -2
-1 -1
-1 -2
4390 -2
1019 -1
1904 -2
371 -1
-2 3527
-1 4345
3309 -2
1439 3302
2284 4255
110 3477
4702 4586
-2 -1
1594 4588
-1 -1
4743 -2
1377 2601
-1 121
474 3572
342 1795
3136 -2
503 2224
-1 4403
-2 -1
3479 -1
-1 1682
900 981
3557 -2
878 2492
-1 -1
-1 -1
2786 -2
4871 -1
3691 1835
2020 -1
3061 4517
2713 3608
-2 -2
2521 2374
-1 -2
1993 -2
-2 -1
2101 2139
-2 -1
-1 1984
-1 -2
2152 -2
-2 -1
1757 3623
-1 -2
-1 1080
2115 -1
1328 243
-1 -2
-1 -1
3853 -2
-2 3690
22 712
4740 1676
-1 4128
3855 1814
3170 -2
-2 -2
3010 4637
4118 3247
2195 161
-2 1184
1943 -2
3127 913
-2 -1
-2 4611
2290 -1
2326 -1
627 4953
-1 -2
-1 -1
3430 3022
3753 -1
-1 -1
2166 -1
1789 4034
2925 4816
2109 4785
-2 -2
-1 -1
2063 -1
1460 3584
3044 -2
1938 -2
338 -2
3780 -1
-1 3122
3113 3704
-2 484
3011 -1
1964 520
-2 1617
3963 32
-1 2643
-2 939
-1 3319
1774 1556
-2 -2
-2 -2
-1 4202
-2 -1
3195 1739
3208 488
4814 3213
4763 903
-2 -1
3335 3732
-1 2715
2571 1808
585 4104
4457 2005
-2 -1
2311 1659
-1 -1
-2 -2
918 -2
-1 1208
-1 4752
3533 3659
2556 3864
596 1737
1944 178
598 3646
-1 -2
-2 -1
-2 -1
-1 44
4318 -2
-1 -2
-2 -2
2299 3537
4741 936
-1 -1
4446 684
1788 -2
2842 1687
4022 -1
-2 -2
384 -1
-1 -2
916 -2
2397 4507
-1 3047
2121 4570
2651 -2
4115 2004
-1 -2
-2 -2
555 -1
-1 -1
-2 1854
-2 -1
-2 -1
-1 3123
-1 4985
1909 3938
3759 -1
-1 -2
-2 3984
945 -1
-1 -2
-2 -1
1849 3959
-2 -2
-2 -1
-2 827
1565 -1
382 -1
4761 -2
476 -2
-2 -1
3092 2092
-1 -1
-1 -1
2489 4606
-1 -2
3283 -1
-2 -1
-2 -2
1034 -2
3108 -1
-2 -1
-2 -2
-1 418
-1 -1
-2 4726
2955 1587
-1 1621
724 2010
3109 4342
-2 -1
4433 1164
-2 4830
1305 4044
-2 -2
3585 -2
-2 2642
-2 -1
3331 151
-2 -1
1383 2421
-1 -2
489 2272
-1 -2
1533 -2
-2 1220
1667 -2
1882 294
-2 3354
3866 3628
1684 2951
3574 -1
2817 3631
-1 -1
179 2128
3821 -2
582 1189
-1 -2
-2 2773
-2 3598
1775 2288
1312 697
-2 185
3783 507
-1 -2
-1 -2
-2 -1
-1 -2
3695 -1
-1 -2
4525 -1
-2 1250
-1 -1
-1 -1
-1 -2
3387 1406
4831 -1
2437 -1
547 1222
-2 2263
-2 -1
4644 -2
3762 2792
4578 1523
-1 -1
-1 904
-2 861
2420 2127
3754 917
-1 -2
2787 2949
-1 -1
-1 3233
-2 3740
3483 -2
4811 2620
3728 -1
3751 -2
-1 1705
2161 -1
-1 -1
1754 785
-2 4316
2543 -2
1142 4610
-1 130
924 -1
-2 295
-2 2630
-2 875
-2 1995
-2 3407
-1 -2
3778 1591
892 -1
-2 -2
3380 2135
-2 -1
-1 -2
-2 -2
-2 -1
2372 1539
3209 3949
1579 -2
4214 4261
3868 4883
3078 2977
-2 -2
-1 979
2064 -1
-1 2926
-1 -1
4159 -2
4827 4473
1053 2146
1010 -1
928 1422
446 2306
4557 -1
-2 1011
-1 -2
2386 -2
-1 -2
-1 -1
1349 1581
-1 1134
4986 1500
1913 -1
-2 4790
4573 -1
-1 -2
1769 834
1219 -1
4669 -2
-1 2294
4515 -1
-1 -2
2188 4688
1868 4717
328 1214
-2 -2
2825 1735
2427 193
3185 743
-1 304
1024 -2
-2 -1
2262 3883
-2 -2
3432 3971
-1 -2
2969 -1
1976 487
-2 -2
83 859
3854 -1
4240 -2
1927 4462
2274 -2
-2 4253
3917 576
3989 1381
4147 -2
-1 -1
3619 -2
-2 2032
2039 3640
192 836
2193 64
-1 3882
-1 -1
4295 -1
4170 2462
976 -2
-1 -1
-1 1689
2053 956
3242 -2
3802 -1
-1 -1
-2 -2
-1 -2
4676 2836
1017 -2
-2 4666
2435 3587
3227 1133
-2 -1
565 -1
2652 -1
-2 3717
-1 -1
-2 2851
4813 4681
-1 -2
-1 -2
-2 -1
-2 2605
-1 -2
-2 -1
-2 2114
501 3137
1848 1844
-2 291
-1 960
1643 2575
1574 -1
4791 4054
-2 -2
-1 -2
2324 3237
-2 -1
-2 94
-2 -1
-2 -1
-1 -1
4187 -2
-1 -2
-1 -1
4312 3277
-1 -2
2061 3595
-1 3385
-1 -1
-2 -1
3152 -1
1198 -2
-2 4099
-2 -2
-2 -1
1783 1678
-1 -2
-1 -1
897 -2
-1 4172
-2 -2
4148 1459
-2 -1
-1 -2
-2 3914
-1 4963
3841 4656
-2 191
-2 -2
1363 2233
1952 -1
1099 4505
-2 1949
-1 -1
-1 3632
3977 4864
4980 -2
2611 1878
-2 2198
-1 2175
-2 3881
-1 -2
-1 -2
4262 -1
-2 -2
-1 -2
557 1060
-2 -1
-2 -2
-2 -1
-2 -1
-1 3592
3512 -2
2721 -2
3093 4418
1344 2646
-1 -2
-1 -1
3032 -1
-2 -1
1485 451
-2 -1
-1 -2
621 483
3793 -2
-1 -1
-2 3121
3217 590
2349 730
-1 4045
-2 -1
-1 -2
4230 2126
-2 -1
2229 310
4480 -1
-2 -2
-1 999
-2 -1
2956 4863
2819 830
1128 -1
1018 -2
322 -1
4775 1857
-2 3317
3656 -1
4040 390
1745 -2
4423 -1
1110 844
1274 2329
-1 -2
3551 4432
4801 2528
4066 -2
-2 -1
-2 3279
-1 -2
-1 107
3323 -2
-1 927
4690 -1
-1 -1
-2 1887
-1 3429
-1 -1
-1 2242
278 4257
2914 -2
3540 3311
-1 -2
3550 1692
464 -2
-2 -2
-2 -1
4940 -1
2961 1932
-2 -2
-2 4174
111 789
-2 -1
-2 4166
-1 2638
4460 3087
-2 527
-2 -1
313 -1
-2 -1
-1 -1
-1 -1
-2 -1
818 -2
-1 -1
2515 1343
-2 -2
1007 353
931 1217
971 2439
1483 3701
-2 -2
-2 -2
-2 -2
3365 -2
-1 -1
2256 3950
-2 4142
1648 2411
4792 1420
-1 -2
-2 -1
-2 4905
-2 -2
335 157
-2 -2
-2 -1
-1 -2
4266 -1
2130 3148
129 -1
-1 -1
-1 1032
1999 1661
814 2002
4635 2907
-1 -1
4430 907
-2 -1
630 -2
3204 2110
1368 -1
-1 -2
-2 -1
-1 -1
3016 4509
-1 -1
-1 -2
-2 -1
3923 -1
-2 1385
695 436
1996 1290
1833 1001
-1 -2
-1 -1
622 3997
-1 3774
-1 -1
-1 -1
-2 783
-1 537
-2 -2
-2 -2
-1 -2
-1 -1
723 895
-1 -2
-2 -1
831 63
-2 3958
-2 -1
-1 2742
736 4464
1104 961
-1 -1
2726 3382
1933 2539
-2 -1
-2 2487
612 -1
3716 -1
-1 -2
1741 3513
-1 -1
-1 -2
1586 2025
2385 2698
1700 991
-2 -1
1910 -2
-2 1109
-1 -1
-2 376
1876 3214
-2 -2
1855 -1
-1 3476
-1 -2
-2 -2
2883 -1
3126 -1
2718 3555
742 1639
1264 -1
-2 -2
-2 249
-1 -1
-2 -1
3613 -2
-2 941
-2 -1
-1 4283
1113 2596
222 -2
4385 3008
-2 1926
-1 -1
-1 112
1266 -1
2639 2071
611 4869
258 1066
378 -1
-2 126
1628 2725
-1 -2
-2 2683
-1 -2
4667 3961
-1 -2
-1 -2
4846 -2
-1 -2
2516 2858
-1 -1
4579 -2
2905 3333
704 664
-1 2790
4751 514
3166 -1
-2 3898
-2 2186
-2 -1
1751 -1
-2 -2
2608 -2
257 -1
354 -1
-2 -1
-1 -2
-2 2799
2663 -2
1275 1566
3298 1600
1188 1726
-2 -2
3602 -1
-1 334
1782 -1
1716 4317
-2 1961
1473 -1
3417 4630
2789 1012
467 989
2706 -1
-1 -1
-1 4405
-2 -1
-1 -2
1389 1748
-1 -1
3779 1908
-1 -1
-2 -1
-1 -2
-1 -2
673 3890
-1 -2
-2 -1
-2 -1
1967 2948
-1 984
-1 307
-1 -2
3174 3561
4778 -2
-1 24
-1 2142
-2 -1
284 -2
-2 370
4189 4314
-2 -1
523 4303
-1 4233
498 221
2295 -2
-2 -1
-1 2124
3098 -2
4765 3146
-2 2944
946 -2
-2 -1
-1 -2
787 -1
-1 -1
707 -1
2315 -1
-1 -1
4348 2777
2220 4426
-1 1402
3905 2425
-1 4950
1794 2302
-1 -2
912 2876
1727 2654
-2 -1
2480 -1
4018 3782
-2 968
-1 -1
-1 -1
1027 4320
-1 1130
-1 1758
-1 -1
-1 -2
3194 -2
3485 -2
-1 -2
3065 4671
-1 1487
1238 -2
344 2178
2878 -2
-2 1162
-2 2982
-1 -2
166 2778
-1 -1
-1 -1
-1 -2
-1 -2
4182 2945
-2 -2
2108 2055
-2 4000
-2 -2
-2 2246
4035 218
-1 3630
-1 3674
-1 -1
3739 3737
3873 -2
-1 -1
-1 4555
3907 1338
4715 -2
3788 -2
1626 3681
-1 -1
1111 1840
4723 4937
-2 -1
-1 -1
1544 117
4851 -1
4428 -2
1284 214
-2 -2
1997 -2
-1 -2
252 4092
-2 -1
-1 -2
1901 -1
2394 2547
1108 2112
-1 -2
2682 1479
644 3460
-1 -1
-1 -1
-1 -2
2720 -2
-2 1660
428 667
55 409
1979 421
2022 2572
-2 -1
2493 -2
2310 3403
-1 -1
272 4004
4951 4910
4361 3806
-2 2807
-2 -1
68 2376
-1 3862
-2 -2
1718 3969
2590 540
4917 -2
-1 -2
4810 881
-2 -1
-2 -1
-2 2565
-2 -2
-2 -1
-2 -1
3393 583
-1 -1
-1 -2
472 2339
4759 -2
3738 3912
-1 2054
-1 -2
-1 -1
-1 2358
4021 1834
575 1272
-2 -1
-1 1131
4242 3063
855 1427
3101 -2
-2 -2
868 199
728 -1
2686 -2
2424 -1
-1 2083
4335 -1
2831 -2
-2 1127
392 -2
1599 559
2567 -1
3230 1166
-1 -1
-1 4874
-2 -2
-2 1958
-1 3478
1562 4354
4343 -2
764 -2
-2 -1
4017 2829
-1 888
843 -2
-1 1271
2033 440
-2 4770
-2 -1
-1 -1
-2 -2
4720 204
-1 -1
3438 2190
2553 2189
-1 447
-2 2422
954 -2
4556 2185
2252 762
4443 -1
-2 -2
-1 231
-2 -2
-2 2617
1052 -1
-1 4084
852 4835
-2 -2
2628 3606
618 -1
-2 902
2645 691
2214 4207
-2 4287
-1 -2
4729 2894
4542 -2
-2 225
-1 402
-1 -2
37 481
234 1472
4169 4561
3702 -1
-1 -1
4609 1502
-2 -1
1828 4362
-1 2075
-1 -1
3095 -2
2874 2546
4684 2148
992 -2
1226 2341
2342 -2
986 -2
3308 4916
4476 2384
-1 -1
-1 -2
1419 4806
197 4513
2859 -1
2355 1347
-2 -1
4970 -2
3899 150
-1 288
-1 1652
1515 3000
3839 3301
1256 3497
56 2037
-2 -1
2011 -1
556 -2
2675 4844
-2 -1
3651 -1
-1 1736
-1 1062
-1 -1
-2 1694
-1 4780
2449 -1
-1 958
-1 -1
1866 -2
534 3519
4590 -2
82 2303
3991 2461
819 -2
677 -1
-1 -1
719 4209
-2 -2
-1 -2
-1 -1
3153 1894
2472 1552
813 3808
1963 -2
-1 -1
-1 108
3173 -2
1695 -2
2373 -2
-1 -2
2734 1030
-1 -2
3643 -1
-2 4297
170 -1
4281 1501
4111 3299
-1 -2
784 3081
-2 -2
-2 -2
-2 -1
-2 84
1730 -2
-2 -1
-2 -1
-1 -1
-1 3334
-1 -1
3083 -2
2056 -1
4139 -1
-1 4848
3051 -1
-2 3653
2954 -1
3465 -2
3141 -1
213 4966
2001 -2
-2 -1
2359 -1
-1 -1
-1 -1
-2 -2
-2 -1
-1 -1
-1 2496
-2 4826
-2 -2
3134 -2
-2 -1
-2 -1
3340 -2
-1 1224
-2 -1
4568 -2
-1 -1
1937 2719
1540 3604
-1 4825
-2 -1
2017 3433
4219 -1
-1 -1
-1 -1
3280 656
-1 1614
4073 4622
2994 -2
4654 2404
4914 -2
1812 1567
-2 -2
-2 -2
1319 -2
3505 -1
3531 -2
2316 -1
2775 4179
-1 4411
-1 -2
-1 2271
1446 2739
-2 2990
2884 4263
808 822
-2 -1
-2 2763
-1 -2
-1 833
2870 3303
4902 2207
2240 4878
3058 -2
702 2808
1331 4633
-1 -2
-1 -2
1701 3310
3212 3221
4647 -2
-2 3235
-2 -1
-1 -2
1091 3120
3064 3326
2655 771
-1 -2
-1 -2
1545 974
-2 -1
-1 -1
-1 -2
4504 -1
-1 3351
-1 -2
2212 -1
3413 2564
-2 -1
2941 -2
2455 -2
230 -1
4284 98
-2 -2
3002 393
4388 2736
224 567
2587 -1
-2 -1
-1 -1
1004 4896
-1 -1
-1 -2
2320 2671
1465 3725
1708 -1
-1 -1
-2 4849
-1 -2
-2 -1
-2 -1
4355 4834
-1 -1
-2 1577
-2 -2
4670 113
4213 1843
-1 4241
4109 -1
2243 4264
4731 -2
1875 -2
-2 -2
1119 3240
-2 -1
1203 -1
-1 -2
4431 3287
1879 3650
-1 -2
-1 2868
3071 -2
3228 1584
-2 -2
491 516
1404 -2
-1 4642
4437 -2
2065 1395
-1 2270
-1 676
1437 -1
4529 -2
1378 3167
-1 -2
1031 -2
-1 3661
1924 599
-2 256
1742 -2
3451 -2
2879 198
3368 -1
-1 -1
-2 -2
-1 -2
4600 835
-1 -2
-2 3775
-2 -1
780 -1
1114 2007
4612 -1
-1 -2
139 4450
4020 -2
-2 -1
-2 -2
3219 -1
-2 -2
-2 1717
-2 -2
3267 -1
3609 4471
-2 -2
3615 -1
-2 -1
4271 658
1720 -2
247 -1
-1 -2
-2 -1
-2 -2
-1 3944
1706 -2
3202 1674
3752 4215
2283 1563
-2 271
846 2893
4553 3336
-1 -2
3450 2232
1418 2534
1144 4408
2909 -2
759 -1
4886 3875
3187 3172
-2 -1
-2 -2
4921 -1
4812 -1
-2 1002
-2 2689
2928 2402
-1 -2
3685 1663
-1 -2
3276 -1
2604 2117
-1 -1
-1 -2
169 3448
-1 794
4645 -1
-2 -2
-2 -2
4903 -1
134 -2
-2 -2
2429 4604
-1 -2
-2 -2
-1 -1
-2 -2
2840 5
-2 -1
-1 -2
-2 -1
1129 2853
3248 -1
-2 4249
2485 3648
-2 2403
-2 1248
-1 3012
4006 2850
-1 -2
246 3410
-1 -2
3453 1163
-2 -1
-1 -1
2586 -2
-1 -1
679 -1
-1 2034
889 4627
1175 -2
-2 2490
3902 -2
3254 4032
-2 -1
4946 3388
-2 1699
4659 -1
-2 1269
-1 -2
2981 1057
1371 -2
-2 100
-1 -2
1580 4352
3634 3511
-1 -1
1919 2523
3573 3469
2660 2946
2677 -2
2211 725
3458 -2
-2 -2
1021 4265
-2 -2
-1 -1
3181 -1
1573 1766
-2 -1
1227 4120
1387 -2
1551 2364
-1 -2
2933 3018
-2 4203
4153 3672
4180 4698
2650 2902
-1 -2
-2 -2
4007 -1
3692 3480
750 -2
-2 683
-1 -1
227 -1
-1 573
-1 3567
-1 -2
-2 -1
1466 -1
3375 738
-1 3218
-1 425
3636 -1
-2 2044
-2 3197
-1 1468
-1 -1
1098 -2
3050 -2
-1 -2
1960 3532
-2 4757
4246 1079
-1 -2
1454 -1
-1 -1
-1 -2
-2 2796
-2 -2
4655 3508
-1 -1
4581 -2
138 -2
-2 -1
-1 -2
-1 -1
-2 4306
1490 720
3982 -2
-2 -1
-2 -1
1822 -1
857 3471
-1 -1
-2 1595
926 -1
-2 3707
3798 4607
2048 -2
2599 3792
1125 1367
2351 -2
1491 -1
2216 -1
1859 4650
-1 -2
-1 181
768 1325
2261 -1
-2 -1
-1 -2
-2 -1
2664 2504
-2 -1
4584 1299
-1 -1
-1 -1
-2 3191
-1 -1
4204 4101
-2 -1
-2 351
-1 -2
3265 3286
2474 -2
2733 4718
-1 3960
4870 -2
79 2282
2204 1200
1525 4052
4126 -2
-2 -1
2123 637
4102 2105
2826 -2
1825 -2
2727 4636
-1 -1
4298 -1
2744 -2
-2 -1
-2 -1
-2 -1
-1 -2
-2 -1
3768 -1
553 -2
-2 -1
-1 -2
-1 -2
-1 -2
-1 427
237 1016
-2 -2
-1 4258
-2 14
2966 1629
-2 -2
-1 3727
-1 -2
3712 -2
-2 -1
1447 -2
3099 1172
-2 1827
-1 -2
-1 -2
-2 -2
3072 2367
3206 -1
4800 -2
-2 -2
-1 -2
4613 2641
4060 1656
2963 4958
-2 -2
602 2035
-2 3742
-2 4356
3863 131
-2 -1
-2 -2
1549 4333
1973 1916
670 756
-1 475
2162 1397
-2 3067
327 3814
-1 2228
-2 -1
-1 -2
4391 1900
-2 -2
-1 2559
3461 3711
-2 -2
-1 -2
2729 3845
1391 1802
-1 4268
270 2794
1279 -1
-1 -1
-1 1530
4734 4674
-1 -2
-2 -1
1703 -2
4244 1322
-2 -1
3289 149
839 -1
2138 -2
3130 -2
758 1467
-2 4494
640 -2
3488 4745
-1 -1
3569 46
-1 -1
1798 4455
4583 2150
153 1658
-2 1968
-1 -2
-1 -1
1151 4658
1176 3807
3200 880
-1 3474
2962 3611
-1 -1
-2 -2
-2 -2
1969 -1
4539 3534
2251 770
77 1690
2833 4783
-1 -2
4488 -1
3124 267
-2 3622
4736 1025
319 851
3796 2679
2958 -2
-2 -2
-2 -2
3993 4474
760 -1
-2 -2
-2 1492
-2 3556
-1 -2
-1 -2
-2 -2
-1 -2
-1 -2
4977 159
2984 -2
-1 -2
1686 1589
4014 1765
-2 -1
4665 -2
-1 -1
4756 -1
1934 3491
2409 -2
-1 4939
3028 4521
-2 -2
2253 2213
3292 3089
-2 854
-1 2684
-2 -1
2560 3132
-2 -1
-1 -2
-1 -1
-1 3192
241 2093
-1 -1
-2 899
1631 4904
3686 -1
2614 500
651 3149
-2 -2
-2 -2
1740 -2
2964 -2
1370 3784
-1 -2
-1 4802
4879 485
-1 -2
4008 4058
-1 -1
-1 -1
3452 4447
348 -1
233 -1
260 3372
1672 -1
2378 2448
292 60
2431 821
1536 -1
-2 410
175 -2
2839 -2
2066 -2
4562 2610
-1 -2
-1 -2
3865 -1
3472 2264
-1 -1
665 1541
2154 -1
2132 -1
2077 3189
-1 2475
-2 -1
-1 -2
-2 -2
4955 -2
-1 4171
-1 -2
3133 3225
-2 -2
4340 -2
-2 -1
-2 -1
1953 4082
-1 -2
2581 4248
2356 -1
2074 829
2647 -1
1697 -1
858 502
-1 -1
4029 1801
3006 339
-2 1401
-1 -1
143 373
2934 -2
2399 528
1152 -2
-1 -1
-1 -1
-1 -2
2217 -2
-1 2097
-2 -2
4050 2505
-2 -1
1985 1611
-2 -1
-2 -2
1534 -1
1470 963
-2 -2
-1 -1
3272 4520
3925 -1
2170 -2
3363 -1
3641 286
4943 3718
-1 458
-2 3295
-2 937
2413 -2
-1 -1
4192 1421
-1 -1
-2 -1
4005 236
3896 -1
2118 -1
-1 3893
4245 -1
-2 -2
3787 -1
-1 662
-2 4122
-1 -1
3819 4680
1693 -1
-2 -2
3361 285
1237 772
1234 -1
-1 2700
2483 -2
4201 4857
2943 -2
-2 -2
2433 -1
951 -2
3435 -1
-2 320
-1 4114
593 -2
1872 4534
-2 -2
-2 -1
-2 -2
-2 -2
-1 -1
4762 4030
-2 -1
-1 -1
201 1940
-2 -1
1296 4123
-1 -1
210 4714
-1 -1
3943 1230
-2 92
-2 3894
-2 -1
1298 1291
1655 -2
-2 2649
-2 -2
874 296
386 2167
1412 3638
-1 -1
3635 3056
-2 -2
2168 3697
-2 1767
3554 -1
-2 1679
4911 1357
3143 4205
-2 1644
2788 3530
2960 4894
4795 1598
-1 1178
-2 -2
42 -1
-1 4949
-2 -2
-2 782
-2 -1
-2 -1
3915 408
-2 1956
2194 1293
4965 2624
2872 -2
-2 -1
1300 3848
4276 -1
-1 -2
-1 798
3871 85
3104 1081
35 -2
2815 1543
-2 -2
3490 3809
2743 -1
2209 -2
-1 -2
1892 -1
4031 1008
1286 3770
-1 2260
-1 1537
-1 -2
-1 -1
-1 -1
-1 -1
-2 -1
2434 4267
865 -1
4458 -1
-2 -1
-1 -2
4799 1153
-2 4097
-1 3493
-2 2544
-2 4290
4089 4218
4852 3031
-2 -1
-1 2999
-2 2225
837 3994
2298 4236
910 1257
4918 -2
-1 965
-2 -1
-1 -2
4429 2566
2746 -2
-2 -2
-2 1201
-1 -2
-1 -2
-2 317
-2 -1
4309 -1
-2 983
-2 -1
1185 4954
123 -1
445 2488
3324 4445
3367 3030
-1 4278
-1 1785
-1 -1
-2 -2
-1 -1
-2 -2
997 -2
-2 744
-2 -2
-1 4819
4602 2269
-1 -2
-1 -1
4273 346
-1 -2
3676 1980
-1 299
-1 2662
-2 2937
245 4773
-1 -1
2676 -1
2898 1425
1650 1432
-2 -2
1475 189
2632 -2
-2 631
-2 -1
-2 -1
-1 -1
-2 -2
-1 -1
-2 -1
4307 688
970 597
1135 -2
4070 -1
4193 1232
-1 -2
-2 525
-2 -1
1906 3677
-2 1006
-2 -1
4454 4623
-1 124
-1 716
-2 -1
4305 4047
-2 3849
3316 2989
-1 -2
2292 4541
-2 -2
-2 2389
-2 -2
3186 1254
-1 2838
3142 3389
-2 -1
2244 -2
-2 -2
2360 -2
-2 2885
365 -1
1642 1768
-1 -2
-1 -1
-1 -1
-1 -1
-2 -2
-1 3607
-2 2314
2741 4774
4631 114
4661 574
1429 -2
-2 -1
3259 510
-1 -1
289 -1
-1 2479
-1 -2
-2 4087
4512 76
-2 -2
1925 1170
-2 2640
4456 1881
1880 -1
2205 -2
3420 2549
3970 -1
-1 -1
2533 4643
-2 -2
-2 105
1143 -2
543 -1
102 -2
-1 -2
2910 2709
3017 -2
2597 2102
-2 -2
-2 2756
1929 -1
-1 2134
2680 -1
49 2783
1496 2871
-1 -2
2844 3447
-2 -1
3514 -1
3038 4989
-2 -2
4845 1076
-2 -2
3790 3547
4313 3169
-1 -1
-2 4085
-2 -2
-1 -2
791 3357
-1 3978
2330 1715
-2 -1
-2 -1
-2 -1
-2 -1
3962 4679
4833 4781
-2 -2
2291 775
-2 4640
3171 1221
3570 536
3384 1759
4850 -1
-2 1722
-1 -2
3138 -2
2059 -1
10 -1
-1 -1
2710 1616
1970 1948
4096 19
-1 4072
-2 718
-1 1568
1373 -2
1719 3041
2986 3803
3812 -1
62 1070
432 2226
-2 1838
3085 -2
3184 -2
-1 -1
-2 4196
3826 1361
625 -2
-2 -1
-1 3362
1803 -2
2618 604
-1 680
-1 1240
4797 655
1696 2764
-1 -1
1931 9
-2 2370
-1 2690
73 239
608 4701
2390 4424
-2 -1
-2 -1
-2 -1
4495 1265
2067 -1
-1 -2
-1 -2
-1 168
-2 2557
2708 3386
4137 4872
1063 3500
-1 -2
-2 1068
-1 -2
-1 -2
4009 -2
2308 -1
3422 3091
-2 -2
4742 1277
-2 -1
106 1531
1073 54
-2 -2
-2 4026
-1 -1
-1 -2
-1 -1
-1 923
-1 3515
1121 4086
-1 -1
-2 1400
1668 4217
2555 2476
2471 -2
-2 4229
-1 -1
-2 51
3437 -1
3675 3373
-1 1193
807 -1
-1 -2
1852 4725
-2 -1
2897 -2
-2 -2
-1 -1
3074 -2
-2 -1
3004 4711
1569 486
4818 2344
-2 -2
4804 -2
-1 810
-1 -2
1647 3249
-1 -2
332 -2
-2 2891
-2 2458
4856 -2
309 2469
-2 -1
-2 3118
-1 -2
-1 -1
-2 1778
-1 -2
-2 -1
-1 1951
-2 1462
-1 1442
-1 -1
3040 1731
757 2606
2239 -2
4913 1571
1132 2098
4915 -2
-1 3349
-1 -2
-1 -2
3318 -2
-2 3245
-2 3946
1335 1318
3442 87
-2 -2
-1 -1
-2 -2
3710 -2
-1 3552
-2 -2
4042 1252
1457 2923
4496 -2
-1 -2
-2 -2
3682 89
4131 -1
333 -2
560 -1
-2 -2
167 -1
-1 -1
-2 3115
217 3589
-2 1003
-2 -1
4777 -1
4805 3714
330 -2
-2 3985
-2 -2
-1 3222
-2 -2
-1 -2
-2 1333
-1 205
-2 -1
184 3241
4048 3756
437 3516
-1 -1
600 -2
-2 3352
1000 -1
1637 614
-1 -2
-1 4251
-2 1431
572 4880
3415 2327
413 1817
-1 2464
4483 -2
4948 -2
4416 2558
3922 3579
3484 4088
-2 232
3654 358
-2 3856
-1 3618
-1 -2
1542 4095
2147 2835
-2 1260
-2 3079
3582 2478
-2 -1
1590 379
1633 -1
-2 -1
4580 -2
-2 3029
828 4274
4673 4689
-1 -1
3744 3610
3804 641
1320 4789
-2 -2
3507 3042
-1 -1
2442 -2
2080 -1
-2 -1
2381 703
4971 975
-1 -1
4569 -1
4404 4696
-1 -1
-2 -1
-1 -1
-1 -2
2820 145
1035 -2
674 -2
-2 36
-2 4687
1596 1744
3706 -2
-2 -1
-1 -2
2388 -2
-1 -2
2621 -2
4867 763
-1 -2
4197 -1
2877 387
-2 4617
-2 -2
4565 564
3767 3626
4798 -2
-2 2201
4920 -2
2577 -2
-2 -2
2745 4324
-2 -2
4678 -1
1865 1665
4500 1311
-1 -1
1313 1710
4511 3678
-1 -1
1711 2656
2412 3439
-1 -2
1670 2987
-2 -2
-1 -1
-1 -2
-2 2939
-2 1394
403 457
-1 588
-2 -2
2426 4639
-2 -2
1414 2731
-2 3107
4421 1811
811 -2
3715 -1
-2 2978
-2 119
1195 3062
4672 -1
-2 -1
-2 -1
3455 4592
-1 -2
4315 -1
919 2976
-1 -2
499 -1
-1 -1
-2 -2
3263 3926
3080 1055
-2 4933
-2 -2
-1 -2
-2 -1
-1 -1
-1 4540
301 -2
1155 3586
2818 3642
2163 3252
-1 4593
533 4865
3816 3990
-1 -2
2705 2300
-2 4591
-1 4124
1005 1138
-2 -2
352 -2
668 3975
4890 -1
-1 1640
-2 1356
86 -1
1548 -2
2717 1174
3669 -1
4376 434
4927 4160
-2 347
-1 -1
4300 3320
-1 -2
4577 3965
512 3464
-1 -1
4185 2031
-2 -1
3542 659
964 -2
-1 3440
-2 -1
-2 -2
-1 -2
1915 2486
-1 -1
-2 4402
-1 -1
-1 -1
4873 -2
-2 -1
23 58
-1 395
1408 1610
-2 -1
-2 -1
-2 -1
-1 385
1627 2776
508 1903
-1 -1
-2 -1
-2 -2
-1 125
-2 -2
-2 -1
2573 -1
-1 368
-2 -1
3273 -2
-2 264
-2 -1
3481 3840
4410 1039
-1 -2
-1 -1
-2 -2
1199 -2
1714 3150
2619 3348
4838 -1
-2 -2
-1 350
731 -2
-2 -1
3482 805
-2 1912
1734 -1
-2 4897
-2 -2
1285 1369
-1 1050
2444 3135
4892 1521
-1 -2
-2 -2
4308 -2
-1 3838
-2 1860
211 2593
-2 -2
-2 2911
-2 2343
171 -1
4326 1158
4252 1354
4866 -2
3243 -2
1911 4988
1954 4510
949 -1
4638 1126
-1 -1
-1 4425
-2 2247
2395 -2
-2 -1
-2 203
1046 -2
-2 -1
2072 2047
-2 -1
-1 -2
-2 -2
-1 2470
3713 4682
2816 468
1228 3275
2594 1168
-1 3664
1309 -1
-2 -2
2824 -2
4479 2687
-2 -1
-1 -2
2200 3916
312 401
2616 -2
-1 -1
-2 -1
727 471
-2 -1
-2 -1
-1 -1
4156 681
-1 3111
-2 -2
1771 4186
-1 -2
90 2181
1358 692
1893 4938
-1 -1
-2 -1
-1 -2
-2 -1
-1 2277
4538 -2
-1 657
1493 -1
2382 1107
2732 689
721 -2
740 591
3156 1870
3462 967
2779 -1
4395 1041
3421 2588
1746 -2
-1 4608
-2 -2
-2 277
4380 2454
-1 2579
-2 1685
-1 -2
-2 -2
-1 -1
-1 -2
3886 -1
-1 -2
-2 2317
-2 -2
-1 2379
-1 2531
2078 -2
2530 1657
2881 3258
4707 1920
4486 3617
-2 -2
1609 3940
1641 -2
-1 -1
-1 -2
38 -1
-2 -2
1281 -1
1752 345
27 4129
2332 -2
4941 4615
-2 -2
840 4803
-2 -1
-1 4771
-1 -1
-2 -2
456 380
1123 -1
2088 4987
2845 423
3193 2589
-1 -1
3757 1520
1914 -2
-1 -1
-1 2653
-2 2922
4459 -1
-1 -2
3813 1435
-1 -1
-1 2903
-2 570
-2 4178
-2 -1
4056 3231
-2 -2
-1 -2
3423 30
3761 1061
-2 -2
-2 -1
4929 -1
4301 1141
-1 3834
259 4434
2203 -1
-1 -2
433 3629
-2 127
2045 439
2635 3509
4901 2018
-2 -2
-1 -1
-2 -2
242 4220
4037 2602
2169 -1
-1 -1
-1 -1
682 4374
3954 4063
-2 2144
-1 2950
-2 -1
2238 -2
-2 -2
4200 -2
-2 -1
1161 1087
1023 4158
-2 -2
4012 -2
-1 -1
2058 223
3776 34
-2 -2
3445 3832
-1 -1
2791 1282
994 4993
-2 -1
-2 53
1837 -1
4463 2971
381 4624
2415 761
-1 2133
3344 -1
4208 2156
-1 -2
-2 -2
3521 4964
-1 4238
2967 2143
-2 -2
-2 -2
2218 643
-1 -2
1245 2160
2938 -2
1725 -2
2747 -1
-1 -1
879 269
4127 -1
-1 -2
3980 921
817 -2
-2 454
-1 -1
3449 3708
3545 998
-2 4347
-2 -1
-2 -1
-2 2497
11 -1
1329 606
-1 3428
4772 2633
1332 2563
-2 -2
4881 4574
2473 2287
-1 -1
-1 462
-1 -2
2278 -1
1339 -1
-1 1116
-1 2927
343 1340
-2 1885
67 2822
3369 449
-1 1869
-1 -1
4134 1441
-2 -1
1505 -2
1499 2912
4094 1101
2722 -1
4291 1428
-2 -1
-2 -2
-2 3492
-1 3870
-1 -1
1850 2038
183 1755
-1 -1
1482 -2
2057 4195
-2 -1
-1 -2
-2 -2
7 -1
-2 -1
-2 -2
3945 3844
-1 -2
2703 3536
4713 1215
-2 1157
-2 -2
-2 2369
2199 3055
455 -1
-2 -2
1858 -2
-1 -1
3060 4064
804 2119
-1 -1
420 -1
-2 -1
-2 -1
3624 -1
-1 2177
-1 4183
1323 -2
1946 4991
635 2550
4931 290
-2 3741
-1 -1
-1 -1
-2 -2
-2 4465
-2 4683
580 2554
1365 4053
1350 3007
-2 4999
-2 4877
-2 -1
3580 2438
4135 1856
-2 -1
4231 987
-1 -2
-2 -1
-2 2081
3 4998
-2 -2
-1 -2
550 3345
-1 -2
1721 1262
-2 -1
1847 3489
-2 -2
1506 -1
-1 -2
-1 -1
3424 -1
362 1527
-1 1983
-1 -1
1514 -1
4912 -2
4784 -2
1649 -1
2052 -2
623 1524
4695 4478
-2 -1
-1 -2
1824 1760
2854 4481
-2 3314
2696 66
-2 2767
4663 3988
-1 -2
4737 3457
2771 2106
-1 -2
1013 3721
103 -1
177 3593
-2 3601
-2 -2
-2 3179
-2 3068
4749 2525
-1 2598
2569 3270
-1 -1
504 -2
-1 4132
1078 -2
3578 -2
4922 262
-1 -2
1636 -2
849 -1
3583 -1
-2 -1
-1 4842
-1 -2
-2 -1
-1 2827
815 -1
3210 -2
-1 1014
1353 1851
2855 3544
-1 -1
-1 -1
3391 3128
3843 -1
59 2920
4907 -1
-1 26
-2 -2
-1 1045
4216 3835
-2 4327
-2 2670
-2 -2
-2 -2
-1 -1
2495 -1
-2 -1
2694 -1
4438 48
1120 3996
1307 3733
-1 -1
-1 -1
1388 2672
-1 2509
-1 244
-1 3758
548 726
3359 2120
-2 1310
893 3548
4582 4011
4616 4692
-2 1124
2723 -2
-2 3594
950 -2
1280 -2
40 2414
-1 -1
4485 4296
-1 -1
-2 2235
-2 -2
-1 4372
2780 400
-2 2307
1398 4828
2545 4387
-2 -2
-1 -1
-1 2322
-2 4409
-2 -2
-2 -2
3526 -1
3097 4855
2275 4435
-2 2847
-1 -1
-1 3116
1507 -2
-1 -2
796 4563
872 883
-2 -1
331 2254
-2 3165
-1 -2
-1 3239
-2 -2
-2 3036
-2 -1
-2 -2
2895 2668
1154 4703
-1 -1
-1 -2
-1 -1
-2 -2
3918 4357
-2 3023
2728 3009
2942 2215
4885 2184
546 -2
-1 1376
-2 -2
3456 -1
1820 -1
1654 -2
1988 -1
2445 -2
-1 1526
-2 2019
816 1033
-1 1456
4168 -1
-1 -2
-1 1415
-2 -1
-1 -1
-2 -1
3260 -2
-2 -2
3703 4024
-1 -1
1836 -1
613 535
448 3588
-1 -1
568 3356
4468 1223
1207 4292
-2 -1
943 3696
-1 -1
4854 1604
-2 3825
-1 -2
-2 -2
-2 -2
2860 3400
-1 -2
2082 3995
4033 2153
-1 -2
3045 1724
-1 -1
-1 3559
-2 -2
-1 -1
-2 4551
388 -1
-1 -1
-2 -2
-1 1453
619 -2
3577 4289
605 1509
1936 -1
-2 -2
538 571
3110 561
4981 -2
-1 275
-2 4224
-2 -1
-2 -2
2450 1867
-2 406
-2 -2
-2 -1
1777 -2
-1 -1
2561 -2
-1 -1
-1 -2
4098 -1
3278 99
2798 -1
1042 3232
-1 -1
1874 -2
3090 1895
-1 -2
-2 -1
-1 2387
2040 2774
2737 -2
3404 -1
3952 -1
-1 -2
797 -2
-2 3932
-1 -2
-1 -2
-2 -2
1225 2837
-2 444
3306 2921
-1 4889
741 2085
1386 4733
-2 -1
442 3151
1945 3343
-2 -2
1253 -2
-2 -1
-1 -1
-1 -1
617 3726
4621 -1
-1 -2
-1 4753
4466 3019
-2 -1
-1 -2
4709 1635
922 2832
-1 2973
-2 -1
206 1103
4984 660
-1 254
-2 -2
-1 930
-2 -1
-1 -2
-1 4821
4442 4080
-2 1688
4832 2623
-2 765
-1 -1
-1 -2
1038 592
2377 3596
2957 -1
4453 1928
-1 -1
1750 4829
-2 2695
-2 985
519 3884
-1 -2
2615 1763
-1 -2
3729 1405
-1 1261
1258 2423
3746 -1
-2 -2
-2 -1
-1 -2
1592 4090
2111 781
4157 -1
-2 3256
-2 2576
-1 -2
-1 1196
1206 1971
4228 1486
-1 -1
4596 -2
-1 -2
-1 4329
-1 -1
-2 -1
1403 -2
-2 -2
-2 873
-2 -2
-1 2603
1096 2027
-1 2255
3370 4051
-1 -2
4571 1605
-2 -1
-1 -1
-2 212
-1 -1
2585 -1
-1 -2
4470 4535
3288 1494
-2 -1
2441 1578
195 4057
1513 -1
982 -1
2582 -1
-2 4979
2974 -1
894 648
1036 2432
1702 -2
4256 4668
-2 -1
3284 -1
1853 2099
1612 4397
-1 -2
4378 4787
-1 -2
-2 -2
1816 -2
374 -1
-2 2583
3346 2280
1756 3082
-2 -2
-1 -1
3877 4544
3358 -1
-2 -2
4503 -1
790 650
3494 -1
1461 4413
-1 2477
4545 1922
-2 745
1613 4554
-1 -2
-2 1015
3966 -1
-1 -1
-2 -2
-2 4113
4888 2023
3799 3658
2749 -1
4420 -2
1805 3553
1622 2634
-2 -1
3238 2304
-2 969
-1 -2
-1 -2
-2 -1
2526 -2
-1 2296
-1 4286
1897 1749
2187 -2
-2 3282
-1 -2
-2 2468
-1 -2
-2 4212
229 2182
-1 1902
955 -1
2514 706
-2 190
-1 -1
-2 -1
-1 -2
3599 -1
1877 3895
2494 2995
419 4076
-1 3013
1438 1273
-1 4106
-1 -1
870 -2
162 -1
-1 3223
-2 2219
4069 4482
-2 -2
-1 1430
-1 -2
-1 -2
-2 2517
-1 752
1899 1009
1512 977
4417 639
2363 2873
4383 -1
2484 2574
3525 2940
-2 1555
1374 31
41 3168
208 -2
4598 2159
-2 -2
2904 -1
-1 -2
-2 3662
-1 1675
-2 1529
-1 -1
2991 4497
4947 3539
4176 710
-2 -1
1399 140
2383 1518
-1 -1
3730 615
176 -2
-1 -2
1942 -2
-1 4764
-2 -1
-1 -1
2953 3861
698 -2
915 1044
-2 -1
-2 1519
-1 -1
2548 4603
-2 -2
-1 -2
2452 -2
-1 -1
493 -1
2398 -1
2221 314
-2 -1
4477 1653
-2 -1
-1 -1
4576 3057
646 3983
479 -1
-2 -1
-2 -2
1190 -1
-2 -2
78 4516
-1 746
2887 -2
4660 196
-1 -1
-2 -1
1366 3347
3781 3693
-2 -1
1793 -2
-1 3117
1451 -2
1337 116
4675 -1
-2 -2
4103 -2
1159 4716
-1 886
-2 -1
1608 2267
4962 539
-2 -1
-2 -2
3600 3880
-1 -2
-1 -2
325 3920
3805 1671
4807 3568
1762 1209
115 -1
3119 -2
-1 -1
3644 -2
-2 2830
3660 2992
1975 -1
-2 -2
-1 -1
2751 -1
-1 -2
-2 2600
-1 1270
-2 -2
4002 -2
1341 4543
-1 -2
-1 4967
-1 3935
2325 -2
-2 -1
306 803
2804 -1
-2 4328
-2 -1
4232 1191
-1 3374
-2 -2
905 4239
122 3930
914 -2
2257 4341
3947 856
2625 490
-2 -2
2843 3255
-2 2333
-1 2122
1729 -2
940 3668
-2 824
-1 -2
1092 -1
-2 -1
-1 -1
1048 3001
4083 3322
-2 1303
-1 1149
3300 -2
4536 -2
4657 -1
3563 526
2875 4882
4288 2812
-2 -2
3180 4019
431 -1
3562 1407
-1 -1
3581 -1
-1 1085
-2 2648
1669 4523
4036 -1
-2 -2
-1 -2
-2 800
2259 4334
3591 686
1516 4321
4121 1424
3059 -2
-2 -2
-1 -2
-2 4836
-2 2988
3684 -2
2510 435
2051 1813
579 3687
1056 4492
3689 4750
3900 1974
2591 3888
-2 3106
-2 -1
4732 2279
-2 -2
-2 -1
-1 -2
-2 2174
-2 2321
3860 274
973 -2
2457 1819
4893 1037
-2 1075
-2 -2
2834 -2
3625 -2
4744 1390
-1 -2
2318 2952
3412 896
-2 3293
4023 240
-2 2406
1028 -2
3224 -1
-1 -1
-2 -2
3409 802
-2 2752
-2 279
2848 3722
-1 3139
15 -2
-1 -2
1235 3390
2886 1861
-1 -2
-1 -1
-1 -2
4235 3291
-2 -1
3992 2248
-1 -1
-1 -1
2171 -2
-2 -1
3205 773
-2 -1
-2 -2
-1 792
4926 -2
4782 -2
-2 -2
4957 -2
-1 -1
-2 2644
2612 -2
-1 -1
2430 -1
-1 -1
2060 -2
-2 2769
3878 1560
1588 -1
531 3377
-1 -1
3794 4302
-1 -2
3760 4982
2846 -1
3957 3597
-2 -1
-1 -2
-1 -1
-2 2529
1615 3338
8 1334
3281 3621
-2 -2
2724 3103
-2 2766
-2 -1
-1 -1
-2 -1
-1 -1
3005 3979
552 603
-2 -1
-1 -1
3264 -1
3274 4259
-1 4942
1662 932
-2 -1
2234 -1
-1 2626
-2 -1
3789 3035
3350 -2
4549 3162
3549 -2
39 2730
2352 1372
-1 -1
-2 -1
3999 1187
1330 494
4934 647
-1 4038
1169 2222
-2 -1
3444 2762
4373 -1
-2 -2
-2 -1
248 -2
1535 587
-2 -2
-2 -1
2042 4648
-1 2087
-2 1890
-1 -2
-2 4730
-2 2446
-2 -1
356 609
4766 947
-1 -2
4108 -2
3590 4469
-2 3769
-2 3885
4710 2297
-2 -2
-2 -1
4194 518
2888 2197
1283 966
-2 -2
3294 3329
-2 -1
-2 -2
-2 566
-1 -1
-1 -2
-1 -2
1570 751
-1 4280
-1 544
-2 -2
-1 1495
2813 2866
1480 268
4001 -1
891 669
-2 -2
-2 -1
-2 1818
-2 -1
1554 3852
1522 -1
-1 -1
4724 4566
-2 4677
-1 -1
-2 -2
-1 1083
-2 -1
3901 1122
-2 -2
-1 -1
-1 -1
1839 -1
-2 -1
172 422
128 -2
2447 2443
1267 -2
558 3518
-1 -1
2915 3178
1917 3764
4899 -2
2562 2026
-2 -1
2172 -1
3665 -2
-2 -2
-2 4399
-1 -2
-2 -2
2393 2375
3360 2629
4225 4223
-1 -1
-2 2345
-1 3911
-1 -1
-2 -2
4190 2809
3942 2021
-2 -2
-1 1268
-2 -1
-2 -1
-2 43
-2 -1
2501 -1
-1 -2
3724 1450
216 4499
-2 5000
-2 -1
-2 863
823 -1
3908 -2
-2 3246
2368 2227
-2 -2
1528 2079
-2 -1
3066 4125
-1 -1
2580 3244
4350 1449
3379 155
2609 -2
1939 2250
-1 -2
-2 -2
69 4330
-2 -1
200 20
-1 3892
-1 -1
3956 2391
-2 4398
4501 -1
2784 -1
-1 -1
2513 3177
-2 -1
-1 -2
1171 3936
-2 2524
-1 1455
2453 4887
4074 3446
4618 -2
1673 733
-2 850
2309 2997
-2 -1
297 2801
-2 882
-1 389
601 4652
173 -2
-2 2371
3872 1360
52 1426
-2 -1
2030 3921
942 -2
2864 -1
2685 186
-1 -2
699 -1
1417 4587
-2 -2
3951 -2
4400 1646
-1 -1
4091 2036
-2 -1
-1 2716
-2 -1
-1 1807
-1 1602
4039 2417
-2 -2
-1 -2
1321 -1
-1 3719
-2 -1
182 869
-2 -1
-1 -2
-1 2935
-1 -2
2511 2338
3073 4532
1781 4527
-2 1779
-1 -1
4336 2613
2276 1981
586 2979
2753 4900
300 3667
-2 2241
-2 -2
-1 -1
2711 -2
-1 -1
-2 -2
-1 3827
2841 -2
3304 1806
-2 -2
-2 -1
1664 -1
359 4441
-2 2231
2748 610
-2 1302
-2 -1
287 988
3332 1583
-2 -2
-2 3859
3401 -1
1146 2750
2540 3027
2331 -1
-1 -1
4945 532
-2 -2
-2 -2
-2 -2
-1 -2
1845 700
414 -2
-2 3199
2340 4840
-1 -2
-2 2552
1182 4875
-2 -2
3262 4625
-2 -1
2712 1243
3504 -1
1994 -2
-2 -1
3164 3566
4646 -1
4422 -1
4685 -1
3666 4841
2164 4649
3426 -1
-2 3342
-1 2856
3021 -2
-1 1183
-2 -2
1743 661
-1 933
2701 -2
-1 4338
715 551
-1 -2
3639 1074
-1 -2
2806 -2
3846 3427
925 -2
654 2347
4065 1324
4721 -2
-2 3818
1071 3408
-2 -1
2803 1416
-1 -2
2765 4043
-2 -1
1100 3376
-1 -1
-1 3797
732 -2
465 4149
4808 4522
-1 -1
2334 -2
4046 3140
4143 220
2141 -2
2506 1488
-2 2237
-2 1047
-2 -2
3736 3475
-1 360
3381 -1
-2 3397
-1 -2
144 2357
-2 3822
629 795
-2 2419
367 4093
-1 -2
4629 -2
3216 4116
708 3033
4055 -1
-2 -2
-2 -1
3261 -2
4351 1065
-1 -1
3800 3974
-1 -2
4365 -2
-2 -1
-2 -1
-2 3694
12 2931
2890 -1
21 1186
1935 2537
-1 1712
-1 -1
1049 3657
-1 -2
-1 -2
3077 4310
1105 -1
2113 -2
4898 1231
-2 3616
-1 -1
-1 4992
-2 -2
-1 459
2740 -1
4346 -2
3416 2116
-1 3734
2125 3964
-1 -2
-1 -2
2823 -1
1776 4793
452 -2
93 3948
1987 -1
174 -1
3857 1088
163 634
-1 -1
2755 -2
-2 4234
-1 -2
-2 3972
-2 -1
4364 1137
-1 2754
3147 -1
-1 4285
-1 -1
-2 848
4366 -2
-1 -1
-1 -1
3499 219
3627 -2
4996 -2
-2 3049
801 1249
1251 -1
-1 -1
-2 -1
4311 3325
2508 -1
3125 363
-2 -1
-1 -1
-2 -2
-1 -1
4358 -1
-2 -2
-2 4389
-2 -2
-1 3024
-2 -2
2919 2551
2400 1445
909 -2
4382 -1
-2 4722
-1 -1
-1 -2
-2 -1
-2 3371
747 3612
-2 4976
-1 3633
-1 -1
45 -2
-2 3043
-1 1791
4712 2507
1197 -2
-1 1481
482 -1
-2 -1
3720 -1
4706 -2
4972 4567
-2 -2
-1 -1
2049 -1
-1 -1
-1 -2
2145 3105
4935 -2
2319 -1
4595 4010
-2 -1
-1 -1
3750 2173
426 -2
-2 -1
-1 -2
-2 -2
-2 -2
-1 -1
266 -2
-2 2993
-1 -2
3378 -2
-1 -2
1094 898
2157 3564
2959 4585
-2 2532
3353 1576
-1 -1
3285 -2
-1 3791
-1 -1
1809 2811
3976 638
-2 -2
1139 2678
-1 4760
2350 -2
953 226
-2 3565
1728 3014
355 -1
-1 -1
-2 -2
-1 -2
1625 -1
2062 -1
-2 -1
-1 -2
1982 4952
-1 -2
-2 -2
739 -1
-2 3020
-2 -1
-2 -1
-1 477
-1 3953
978 4275
-1 1476
293 3688
663 -2
4490 -2
4173 628
-1 -2
3229 -2
-1 -1
-1 860
-1 450
2889 569
517 -1
-1 -1
-2 2770
-1 -1
-1 -2
3269 3850
-2 -2
4282 -2
1287 -2
1991 1351
-2 -1
-1 -1
-1 -2
-1 -2
-2 2985
4412 1477
-2 524
2179 6
2273 1316
-1 -1
-2 -1
-2 1093
2800 4419
4260 2392
-1 -1
-2 -1
209 3190
809 2076
-1 2627
3874 4794
3203 4369
3766 -1
1263 -2
-1 1557
-1 -2
-2 -1
3015 4651
2196 652
4363 3250
4995 1020
-1 -1
1464 4923
-1 3383
-2 908
-2 -2
1651 326
-2 4396
649 -1
2084 3777
529 -1
-1 -2
1704 187
-1 -2
2380 3487
-1 -2
-2 -1
-1 -1
1210 142
-2 -2
3459 4997
1564 1950
3543 4323
-2 -1
-2 -1
1546 4367
885 2416
-1 -2
1918 -2
4028 -2
-2 -1
-1 -1
-2 -2
2768 4589
4605 767
416 -2
3535 -1
4164 -2
4353 3698
-2 2046
4735 3831
-2 2535
-1 -1
4145 4377
4727 -2
3053 1831
280 4786
4016 -2
-1 4105
2015 -2
-2 -2
-2 -1
1504 -1
3094 349
-2 -2
3257 496
4983 4
-2 4746
1907 2499
3700 -1
2814 3955
148 1561
1115 -2
2312 -1
2699 1790
4924 1233
1342 -1
-2 -2
-1 -1
4141 3829
-1 -2
-1 -1
1606 -2
-1 -2
-1 -1
2094 4518
1364 1167
1064 -1
3406 276
-2 -1
-1 -2
1550 2086
-1 -2
2091 -2
-2 -2
-1 4769
-2 -2
2781 3129
4974 4599
3981 -1
160 825
-2 273
238 -2
1955 4191
4837 2073
-1 2090
-2 -1
-2 1444
-2 -1
-1 441
-1 2900
3112 1276
-2 -2
-1 -1
3928 3473
2230 -2
-2 3571
4820 633
735 -2
-1 -2
-2 -1
2460 -2
-1 -2
3904 391
-2 952
-2 -2
3468 -2
-2 -1
3215 -1
1786 3528
-2 -1
-1 -2
-2 -2
-2 -2
281 -2
562 1538
2782 1638
2998 -2
4167 2366
-2 -1
-1 -2
-1 2975
620 4699
901 91
-1 29
2436 -2
-2 -1
-2 4925
-2 -1
1478 1733
3683 4809
2518 -1
4337 1202
-2 -2
2353 -1
4506 -1
-1 -2
4461 2323
-1 -1
1582 2797
774 3680
2631 3052
-2 -1
-1 -2
-2 -2
696 521
1992 687
-1 -1
4944 2405
-2 -1
-2 -2
4444 1346
4344 4049
2536 990
693 4379
1553 -2
1308 -2
1301 812
-1 -2
1846 4961
2785 3909
-1 -1
-1 4530
4936 -2
-2 316
3828 3913
-1 3889
-1 4210
-1 -2
4493 -1
1106 4858
-1 -1
4632 2924
-1 3297
-2 -1
-2 215
616 3175
4025 4440
-1 779
-1 -1
4697 -1
-2 1738
-2 -1
-1 -1
1489 4415
1632 -2
3414 864
1242 1787
911 154
-1 -1
-1 -2
3486 3973
4626 -2
4222 -1
-1 -1
2459 890
2972 -2
1732 4110
3560 -1
-1 -2
-2 -1
-1 18
-1 594
2637 -1
2538 3296
-1 -2
-1 -1
4117 2793
263 4439
-2 3851
1723 -2
1379 -1
4847 938
-2 -2
1547 -1
-1 3470
-1 -2
-1 2024
-2 -1
4119 -1
607 2707
4909 778
4839 522
769 2542
-1 -2
4861 -1
3207 1236
3763 -2
-1 -1
563 -1
-1 -2
-1 1288
2336 3906
-1 2131
-2 -1
-2 3523
4822 4161
-1 2996
4322 4392
4524 2293
-2 -1
-1 1677
2396 711
3251 3576
-1 3290
4294 541
-2 -2
4705 3188
3399 4349
4449 137
1829 4860
-1 1871
-2 4059
-1 -2
506 2693
-1 -1
-2 4370
-1 -2
-1 -2
-1 -2
-1 -1
4620 396
4475 4015
-1 2714
-2 478
109 4519
-1 -1
-1 -1
-1 -1
-1 2103
-1 2410
636 866
251 -2
-1 -2
709 -1
549 632
-2 -1
4112 -2
3154 -2
1957 4546
4994 4641
545 1448
453 1051
820 4526
4081 1165
-1 -2
3096 3765
4325 4779
-2 4467
-1 2669
-2 -2
-1 -2
1484 3748
-2 -2
2913 1498
-1 -1
-2 1247
-1 -1
4528 3747
1393 737
120 -2
-1 -2
-1 -2
81 2570
75 415
2016 -2
3524 2192
1396 4891
-2 3312
3443 95
-1 -1
1753 1084
136 509
-2 799
3795 4175
972 2206
424 2810
2440 -1
-1 3897
729 4177
-1 2335
1780 -2
-2 1306
3157 3131
315 -1
4755 -2
-2 -2
2183 1204
-1 80
2918 -2
-1 788
-2 -1
1503 3402
578 -1
3048 -1
-1 2285
-2 -1
-2 -1
-1 -2
-2 -1
4664 4884
412 1558
-2 -2
-1 -1
-2 4381
-1 -1
-1 -2
-2 -2
-2 4061
-2 -1
-2 -2
-2 3411
2857 4491
2697 4133
-1 -1
-2 4550
3735 -2
-2 -2
-2 -1
4150 2451
-2 -2
-2 -2
2165 -2
383 3869
-2 2268
-2 -2
-2 -2
1072 1517
-2 -1
-1 1603
3705 4694
-2 722
-1 2795
-1 1862
-2 207
-1 694
3924 4895
-1 -1
-2 -1
-2 -2
-1 3394
2906 3037
-2 3847
-1 1295
-1 -2
3328 282
336 2029
4932 3034
-2 -2
-1 101
-1 -1
-1 -1
3003 1327
96 3211
-1 -2
1090 4130
-2 298
2821 497
165 1764
4906 2140
-2 -1
-2 -1
399 -1
2365 4537
-2 -2
645 -2
-1 1645
-1 1259
-2 1923
-2 -1
-1 -1
-2 -2
2861 -1
2674 3268
4619 -1
1634 -1
-2 4188
-2 -1
2428 3879
1086 -1
996 4332
-2 255
3529 1863
2896 -2
2968 2155
-2 461
-1 2636
-1 2245
-1 -2
2947 1761
3434 2136
3876 1941
1410 -1
-2 -2
-2 -2
4767 202
3144 -2
1297 3315
3501 1067
3603 4371
4564 1315
754 -2
-1 -2
3425 -1
3709 3220
-1 2899
-1 -2
2043 -1
3817 3987
-2 -1
980 -2
283 -1
748 -2
4299 -1
-1 2658
4068 1177
701 4502
1213 3919
1040 2917
-2 672
-1 -2
2289 4339
3786 1160
4013 2202
4360 303
2286 3436
-1 3419
-1 2622
1471 -1
3823 2863
1058 -2
-1 1691
-1 -2
-1 -2
1097 2249
1136 4748
4559 1864
-1 -1
341 2354
1474 -2
-2 -2
4796 -1
-2 -2
-2 832
4956 4279
-2 4691
-2 3158
-1 -2
-2 -2
-1 -1
311 1145
-2 -2
-1 -1
-1 -2
2578 4368
-1 430
-2 3046
3842 1304
-1 -1
4708 -1
1317 -2
4079 2936
3463 -2
-1 -2
-2 -1
-1 -1
-2 2595
1380 -1
1680 1205
3271 133
-2 4386
-2 995
3070 -1
-2 -2
3867 -2
2520 147
3025 1978
2014 -2
-1 3502
1336 -2
-2 -1
2258 1216
3114 2759
-2 -2
753 -1
-2 4359
-1 -1
3785 -1
-1 -2
-1 1873
-2 -2
3887 1905
-1 -2
-1 -1
-2 -1
1821 -2
-1 -2
1620 2673
-2 2666
1434 -2
4075 -2
-1 -2
-2 -1
-2 -1
-1 -2
2158 4876
2096 4247
2223 -1
2805 2760
-2 2418
-1 714
2522 -1
793 3647
842 2481
-1 1841
-1 3253
-1 4533
2901 -2
-2 -1
1593 959
-1 -2
653 1452
-2 -2
1792 -1
4919 -1
4908 -1
-1 -1
-2 -2
-2 -1
2089 2265
4163 2772
-2 1043
1619 104
-1 1989
-1 3330
1246 132
1458 -1
4393 3086
-2 324
-1 -1
-2 3652
4003 1826
-1 -2
-1 -1
-1 3910
-1 -1
2482 4601
-2 -2
-2 -2
-1 -1
3931 948
-2 -1
-1 -1
2362 3749
1986 364
1972 4078
3198 3305
-2 3520
-1 1770
1842 887
-1 3234
-2 2702
2456 -2
1148 -2
-2 -2
3837 -1
2100 -2
3830 1601
4448 4406
-1 2328
-2 -1
-2 -1
4594 -1
-1 2738
2361 -1
-1 1681
1747 -2
3773 1921
1962 -2
-1 -1
1375 473
-1 -1
554 2070
-2 4700
-1 -1
-2 1823
-2 -1
-2 -1
-1 -1
766 4572
-2 -1
4653 -1
626 4319
-2 -2
-2 755
-1 -2
-2 -2
-1 1173
-1 4968
-1 -2
-2 -2
-1 -1
-2 -2
-1 -1
2236 -2
4272 -1
-2 -2
1392 -2
3833 1147
-1 1607
-1 -1
1292 -1
935 841
-1 3201
-1 -2
-2 3903
2000 -1
1998 -2
-1 -2
-2 -2
4824 369
-1 -1
-1 2151
492 1294
4250 -1
1707 2757
-1 -1
-2 826
-2 -2
-2 -2
2266 871
-1 -2
2176 1966
-1 -1
838 -2
2502 1241
-1 -1
