1000
891 -1
928 547
720 -1
-1 -1
-1 -1
45 371
477 86
724 636
556 717
-1 -1
17 -1
-1 -1
346 699
256 -1
-1 -1
-1 -1
267 899
857 770
310 296
965 630
261 -1
973 -1
764 832
-1 -1
236 -1
-1 -1
947 -1
-1 -1
-1 479
740 30
821 333
-1 966
33 178
-1 785
437 -1
-1 -1
8 739
418 362
39 -1
-1 -1
-1 -1
-1 -1
512 407
-1 -1
-1 -1
867 202
982 14
-1 578
-1 -1
633 688
619 -1
498 -1
-1 -1
500 946
-1 -1
-1 -1
-1 -1
-1 -1
-1 -1
643 865
558 5
546 -1
447 897
-1 -1
-1 -1
-1 -1
375 -1
164 -1
151 -1
342 225
795 245
491 930
-1 -1
291 -1
64 -1
429 952
265 445
-1 692
-1 -1
694 298
-1 -1
915 876
-1 -1
968 -1
800 -1
541 651
-1 -1
-1 -1
286 36
-1 911
-1 -1
-1 328
421 93
-1 -1
-1 790
-1 -1
-1 -1
871 -1
-1 450
721 311
960 485
348 98
504 103
106 304
-1 -1
-1 -1
545 449
183 655
836 -1
-1 -1
799 661
-1 -1
780 -1
732 -1
-1 868
-1 -1
-1 -1
628 -1
647 -1
120 75
121 -1
-1 -1
-1 -1
-1 158
-1 -1
-1 -1
126 -1
-1 -1
403 625
322 838
-1 -1
-1 -1
-1 -1
863 573
182 -1
492 855
-1 -1
910 -1
240 885
-1 -1
808 -1
237 670
-1 -1
144 -1
-1 -1
163 -1
940 858
443 88
561 708
-1 730
-1 89
776 -1
912 -1
273 -1
517 152
156 712
366 -1
251 -1
-1 669
514 -1
374 856
747 77
737 -1
788 180
609 736
-1 844
-1 -1
-1 -1
-1 -1
564 -1
904 82
-1 264
623 -1
-1 -1
696 629
-1 -1
337 -1
294 473
-1 41
104 967
854 453
293 -1
820 559
-1 -1
552 -1
-1 307
-1 250
263 401
953 352
-1 -1
-1 -1
-1 38
-1 -1
194 634
599 -1
-1 -1
176 -1
-1 -1
181 -1
-1 80
580 350
833 -1
600 -1
-1 68
913 404
493 386
-1 932
-1 179
819 209
391 -1
-1 232
-1 988
-1 -1
951 427
943 805
-1 -1
-1 406
344 -1
621 -1
-1 611
-1 -1
-1 -1
-1 -1
924 -1
334 197
226 715
-1 738
642 -1
834 122
-1 -1
-1 -1
-1 -1
813 -1
252 923
723 -1
-1 743
-1 495
-1 -1
269 -1
843 -1
185 807
507 79
-1 -1
-1 727
-1 -1
-1 -1
-1 46
-1 452
-1 347
-1 191
734 -1
682 -1
-1 -1
-1 -1
142 919
-1 638
116 744
895 938
292 -1
-1 935
85 31
-1 501
-1 -1
763 308
975 423
989 804
-1 -1
-1 887
-1 -1
-1 -1
-1 852
704 -1
-1 394
-1 -1
124 -1
-1 -1
-1 -1
-1 -1
648 921
-1 -1
235 -1
73 133
-1 -1
793 -1
159 -1
-1 -1
-1 -1
-1 -1
-1 956
-1 -1
-1 509
-1 -1
29 289
-1 -1
184 -1
-1 -1
-1 -1
428 584
6 -1
319 393
-1 -1
-1 -1
-1 -1
100 731
-1 949
714 488
137 798
496 67
-1 466
-1 -1
99 -1
50 416
-1 -1
-1 -1
-1 -1
-1 -1
376 -1
-1 248
-1 -1
172 872
-1 -1
396 49
-1 -1
-1 -1
771 361
10 221
43 -1
-1 -1
883 592
-1 -1
227 52
-1 713
530 395
357 94
-1 -1
752 765
877 268
716 892
-1 613
-1 980
794 664
614 -1
244 -1
-1 354
-1 345
-1 -1
-1 -1
-1 224
-1 -1
583 511
656 259
672 468
518 -1
-1 -1
380 -1
47 766
338 976
-1 -1
645 -1
360 755
-1 372
200 -1
-1 -1
933 -1
270 212
358 -1
-1 -1
-1 -1
140 -1
461 370
-1 -1
574 -1
-1 -1
417 608
430 -1
690 323
544 -1
378 -1
204 827
218 363
101 -1
-1 753
566 306
-1 42
-1 590
95 -1
40 78
542 769
539 389
168 -1
934 626
-1 -1
631 76
-1 -1
-1 -1
-1 -1
-1 -1
-1 398
-1 -1
260 745
155 652
637 -1
842 -1
365 860
-1 -1
-1 173
828 490
148 129
-1 229
-1 528
-1 384
20 -1
-1 -1
543 816
-1 482
-1 24
567 12
582 -1
408 959
364 302
130 840
-1 -1
-1 -1
25 340
-1 -1
132 -1
-1 413
-1 -1
-1 -1
-1 -1
-1 -1
480 279
-1 -1
-1 644
435 -1
-1 420
51 188
-1 -1
-1 -1
368 -1
974 778
-1 635
673 685
-1 -1
-1 601
-1 -1
217 -1
139 749
-1 -1
-1 -1
781 27
-1 -1
436 -1
-1 15
-1 505
91 -1
457 219
458 146
166 -1
-1 -1
475 71
-1 -1
888 931
-1 -1
329 -1
81 19
210 231
617 -1
-1 814
-1 -1
563 411
802 -1
-1 -1
211 984
-1 -1
-1 -1
339 882
632 616
96 223
131 -1
-1 481
-1 -1
963 193
-1 -1
119 439
486 898
-1 -1
-1 -1
-1 -1
97 687
-1 754
527 -1
622 -1
-1 -1
-1 -1
369 110
866 -1
-1 -1
-1 -1
451 782
-1 -1
-1 474
464 -1
-1 -1
196 603
506 459
112 698
502 597
-1 -1
610 510
84 824
-1 341
48 937
-1 864
-1 969
54 516
-1 -1
-1 -1
-1 -1
957 113
-1 440
438 677
387 784
288 -1
-1 -1
-1 -1
-1 -1
-1 367
414 90
735 -1
26 508
175 303
-1 668
-1 -1
-1 900
-1 606
7 818
258 -1
-1 948
278 -1
-1 444
-1 977
65 206
390 815
-1 -1
266 -1
44 602
-1 3
812 939
-1 -1
-1 -1
-1 -1
-1 -1
-1 -1
503 -1
839 671
554 -1
-1 -1
-1 534
381 -1
870 889
-1 118
314 -1
-1 -1
-1 162
-1 -1
-1 -1
728 -1
620 711
-1 570
-1 880
399 -1
551 859
-1 -1
-1 710
-1 884
-1 -1
653 275
-1 725
-1 -1
890 581
520 135
-1 -1
325 -1
658 351
-1 -1
326 34
476 -1
-1 -1
-1 579
-1 -1
-1 -1
-1 -1
150 -1
595 147
596 -1
-1 -1
-1 230
463 -1
-1 851
-1 -1
145 499
-1 -1
284 -1
-1 -1
746 -1
-1 433
565 57
-1 343
598 627
208 18
280 -1
757 -1
-1 -1
-1 -1
-1 -1
-1 -1
-1 -1
-1 -1
-1 942
434 243
349 729
-1 -1
392 330
385 718
246 483
-1 -1
441 -1
-1 -1
-1 -1
667 535
-1 -1
315 706
532 -1
446 521
-1 295
487 666
-1 803
-1 -1
640 604
-1 587
-1 894
-1 282
680 -1
195 -1
-1 -1
810 873
-1 472
-1 189
-1 831
549 -1
-1 -1
-1 -1
-1 69
157 141
-1 -1
-1 -1
-1 13
-1 -1
-1 -1
657 -1
-1 -1
-1 355
576 874
707 -1
497 -1
425 28
-1 58
-1 -1
-1 -1
-1 -1
-1 -1
-1 170
2 -1
187 198
654 761
-1 309
-1 875
318 220
-1 272
-1 681
-1 -1
123 -1
-1 -1
-1 128
-1 -1
588 -1
-1 -1
689 917
87 -1
-1 -1
-1 585
55 136
-1 -1
465 83
-1 426
929 -1
-1 -1
-1 -1
922 -1
327 336
-1 -1
987 233
-1 920
-1 -1
283 -1
679 324
751 -1
847 760
409 927
-1 -1
548 281
992 -1
-1 -1
-1 -1
571 431
-1 -1
945 -1
-1 -1
796 762
-1 767
-1 262
-1 203
494 154
-1 -1
806 726
-1 102
222 -1
-1 -1
-1 -1
-1 830
-1 -1
-1 -1
703 -1
489 709
-1 553
32 -1
773 174
-1 -1
-1 -1
-1 415
-1 -1
-1 -1
-1 -1
990 382
-1 -1
-1 -1
-1 205
-1 -1
-1 -1
11 -1
537 21
242 454
-1 -1
686 -1
-1 -1
674 249
650 758
-1 -1
-1 190
115 74
-1 -1
662 748
-1 35
926 513
750 998
-1 -1
774 9
-1 958
797 936
-1 -1
962 -1
-1 719
697 432
160 896
-1 -1
-1 254
569 -1
359 733
985 -1
-1 -1
994 768
277 353
-1 -1
-1 -1
-1 -1
-1 107
-1 -1
589 594
-1 893
-1 665
792 772
255 822
529 -1
-1 -1
335 533
944 317
-1 -1
-1 -1
114 23
274 575
-1 -1
586 37
-1 -1
-1 -1
941 -1
591 550
526 -1
-1 660
125 691
811 320
605 199
997 169
-1 -1
-1 -1
-1 779
215 817
-1 -1
213 -1
-1 -1
207 678
909 993
373 -1
-1 659
-1 -1
-1 -1
456 412
908 143
902 524
-1 -1
783 -1
442 70
297 905
-1 829
-1 -1
700 536
995 837
-1 519
-1 22
-1 663
841 540
983 253
-1 -1
823 649
-1 -1
846 59
62 397
-1 186
-1 -1
469 290
-1 -1
-1 -1
-1 -1
624 60
705 -1
-1 789
-1 383
161 825
971 108
455 -1
861 869
-1 -1
177 -1
285 -1
787 -1
388 950
907 -1
914 986
165 522
171 557
878 247
612 305
471 -1
-1 -1
448 -1
853 -1
-1 918
-1 312
646 722
192 377
-1 53
562 -1
379 607
470 410
-1 -1
-1 886
515 777
-1 405
879 16
555 -1
-1 -1
-1 -1
-1 -1
-1 -1
-1 -1
-1 239
271 676
568 756
-1 981
-1 -1
901 531
-1 -1
56 775
287 683
400 276
138 -1
-1 331
234 -1
134 -1
593 538
419 -1
301 572
-1 4
849 313
201 92
916 701
300 -1
961 241
-1 127
-1 -1
167 826
-1 -1
-1 -1
422 881
63 925
-1 -1
-1 -1
-1 -1
693 -1
-1 -1
641 -1
991 577
-1 -1
-1 -1
228 848
845 999
-1 -1
-1 484
-1 109
-1 -1
-1 117
-1 -1
462 835
-1 954
741 850
-1 -1
-1 -1
-1 -1
-1 -1
695 -1
-1 759
-1 299
-1 -1
-1 -1
955 321
-1 -1
216 153
801 978
-1 -1
61 702
-1 -1
-1 -1
149 -1
105 111
791 -1
-1 -1
970 72
-1 903
618 786
-1 -1
525 742
972 560
-1 -1
-1 -1
964 238
356 906
-1 -1
979 257
-1 -1
-1 -1
402 -1
684 675
-1 -1
-1 -1
-1 -1
-1 -1
316 -1
-1 -1
862 -1
467 -1
639 523
-1 424
460 -1
615 -1
-1 -1
996 1000
214 -1
-1 332
-1 66
809 478
1000
415 -1
-1 -1
215 -1
-1 -1
-1 -1
453 425
-1 -1
-1 -1
-1 202
627 193
725 833
553 -1
970 881
14 79
839 978
-1 -1
70 10
-1 87
-1 -1
-1 268
-1 -1
968 -1
534 23
-1 569
284 156
673 -1
-1 93
-1 541
812 29
-1 920
-1 -1
-1 -1
-1 -1
-1 -1
-1 -1
17 36
245 269
689 713
-1 -1
128 517
41 164
-1 -1
427 399
700 997
-1 895
46 -1
752 -1
657 -1
-1 -1
-1 -1
144 912
-1 -1
621 -1
-1 -1
666 -1
389 25
429 -1
107 15
-1 -1
-1 -1
-1 -1
382 -1
-1 -1
-1 -1
-1 869
-1 -1
371 -1
-1 904
-1 -1
-1 -1
180 381
-1 317
392 759
-1 71
-1 -1
47 249
77 448
821 857
578 -1
-1 -1
531 -1
-1 -1
-1 803
-1 -1
925 646
544 -1
-1 -1
-1 -1
-1 -1
-1 -1
-1 799
-1 -1
787 -1
-1 882
592 972
-1 -1
814 914
262 -1
99 -1
-1 526
20 -1
272 349
-1 -1
104 528
-1 -1
-1 -1
-1 -1
-1 850
-1 801
444 -1
-1 -1
860 -1
783 527
770 -1
337 741
320 -1
-1 -1
458 870
-1 889
387 -1
275 -1
-1 -1
-1 -1
124 754
-1 341
-1 239
350 716
-1 38
380 -1
473 66
-1 331
-1 -1
-1 -1
-1 192
362 -1
638 372
137 -1
-1 -1
-1 496
383 -1
419 141
-1 579
-1 933
-1 -1
-1 758
-1 260
-1 52
81 183
1000 328
-1 209
469 566
942 286
-1 403
-1 -1
865 698
745 748
-1 -1
885 -1
352 -1
-1 390
-1 -1
170 -1
313 163
488 628
-1 291
-1 -1
-1 -1
-1 977
-1 845
-1 -1
586 -1
-1 -1
-1 -1
678 797
911 58
-1 709
487 871
463 68
227 -1
-1 -1
516 -1
616 2
-1 769
-1 -1
547 737
875 6
804 776
915 -1
-1 -1
190 643
831 78
369 664
829 242
501 -1
510 45
167 203
815 498
302 69
-1 -1
652 348
-1 102
133 -1
-1 -1
-1 -1
373 340
206 910
-1 34
177 -1
-1 -1
85 176
-1 -1
-1 308
-1 495
-1 -1
270 481
86 674
-1 244
813 -1
-1 591
-1 -1
587 948
404 696
149 -1
-1 310
-1 -1
625 -1
571 605
353 726
364 841
898 230
412 160
-1 -1
951 233
976 97
969 493
115 690
679 502
923 368
-1 -1
219 519
324 466
-1 -1
19 -1
-1 -1
795 -1
421 -1
-1 247
-1 -1
731 426
-1 -1
868 442
252 554
377 753
-1 -1
-1 -1
-1 -1
613 11
-1 -1
259 567
877 366
768 947
166 -1
952 843
-1 -1
-1 130
114 -1
-1 939
118 -1
961 562
624 -1
958 185
-1 -1
-1 913
60 -1
-1 -1
464 538
330 -1
-1 683
-1 -1
-1 -1
699 40
-1 -1
391 584
-1 -1
588 -1
-1 -1
530 505
497 964
-1 940
858 -1
-1 -1
575 -1
434 -1
325 253
-1 -1
-1 -1
-1 -1
740 27
-1 529
-1 56
254 934
-1 -1
-1 -1
-1 182
733 919
789 -1
-1 -1
28 -1
552 -1
763 703
187 18
988 550
778 -1
908 593
315 720
751 213
351 22
-1 -1
747 -1
-1 -1
-1 979
-1 -1
956 323
428 465
719 682
701 63
-1 -1
304 -1
437 631
-1 -1
-1 -1
808 311
971 398
-1 954
862 -1
872 420
106 -1
-1 470
-1 -1
-1 -1
-1 611
-1 -1
-1 -1
-1 739
332 375
581 607
-1 -1
-1 222
-1 639
354 -1
494 -1
289 830
208 -1
-1 -1
-1 306
984 791
-1 -1
-1 171
240 755
360 -1
-1 -1
-1 -1
-1 654
-1 -1
-1 -1
401 -1
292 946
76 374
-1 -1
-1 251
738 -1
742 729
282 -1
573 500
-1 785
687 707
207 -1
779 -1
-1 490
139 671
4 582
551 -1
-1 559
-1 774
-1 -1
-1 -1
278 -1
343 283
-1 -1
-1 -1
866 749
658 -1
644 963
-1 -1
-1 -1
-1 358
-1 -1
406 -1
-1 65
938 -1
-1 -1
-1 -1
-1 945
-1 -1
-1 48
492 482
532 407
-1 -1
356 723
294 -1
-1 -1
-1 83
211 -1
-1 150
-1 -1
-1 -1
74 -1
210 418
708 280
-1 -1
-1 145
184 55
-1 -1
-1 39
-1 -1
949 706
-1 -1
-1 -1
438 596
-1 -1
-1 -1
-1 -1
151 -1
-1 704
-1 -1
265 -1
400 861
136 975
-1 -1
307 790
413 757
-1 -1
-1 -1
-1 973
379 327
-1 -1
186 -1
-1 -1
-1 -1
122 -1
929 -1
-1 -1
608 966
-1 -1
-1 -1
161 864
-1 385
-1 -1
-1 146
-1 -1
818 359
-1 -1
216 -1
-1 -1
-1 -1
-1 -1
832 -1
129 -1
461 -1
-1 -1
-1 -1
-1 950
135 820
-1 819
-1 -1
-1 -1
460 396
126 108
854 459
734 80
-1 -1
883 -1
-1 -1
-1 484
705 -1
-1 288
-1 -1
894 26
217 807
441 900
-1 -1
-1 -1
-1 -1
-1 -1
-1 -1
225 835
796 -1
-1 -1
499 -1
662 158
-1 600
224 -1
-1 888
-1 -1
-1 -1
-1 -1
507 702
922 637
-1 -1
602 -1
72 794
838 887
-1 -1
-1 -1
-1 -1
893 926
33 -1
641 522
-1 -1
555 -1
-1 101
445 585
-1 -1
257 983
-1 -1
-1 -1
-1 204
-1 859
-1 -1
-1 -1
-1 312
853 863
7 231
339 556
-1 424
-1 -1
-1 13
-1 -1
-1 -1
3 523
-1 -1
667 -1
-1 127
-1 155
851 816
735 393
-1 996
261 539
-1 -1
-1 -1
-1 478
367 764
606 -1
676 761
-1 -1
-1 -1
-1 290
-1 -1
-1 -1
-1 -1
35 -1
111 -1
721 -1
855 -1
-1 62
-1 -1
513 777
237 669
-1 255
-1 -1
717 823
-1 -1
-1 -1
333 -1
-1 -1
440 980
-1 -1
617 -1
-1 -1
-1 103
-1 -1
981 376
564 21
-1 -1
572 59
119 -1
727 489
-1 485
-1 802
212 -1
648 266
116 691
30 743
-1 -1
-1 -1
-1 -1
-1 -1
-1 -1
132 896
75 659
907 614
-1 -1
-1 -1
218 309
-1 -1
-1 -1
-1 95
-1 -1
986 886
597 -1
109 957
612 -1
416 199
-1 -1
-1 361
959 533
-1 990
-1 649
-1 -1
880 546
987 431
195 -1
985 651
-1 264
642 -1
178 -1
277 175
995 955
-1 -1
630 -1
-1 -1
-1 -1
-1 -1
615 634
693 408
590 636
-1 483
-1 -1
-1 -1
-1 -1
-1 760
-1 937
-1 477
214 -1
-1 -1
-1 686
300 67
345 263
524 474
-1 84
-1 422
-1 -1
-1 -1
232 321
772 891
279 656
-1 -1
782 836
-1 -1
-1 548
902 897
-1 -1
-1 301
-1 -1
697 475
384 -1
-1 -1
540 223
-1 -1
-1 -1
342 -1
672 73
241 -1
200 557
-1 -1
918 518
117 514
409 -1
435 -1
-1 -1
338 188
-1 -1
-1 -1
446 402
-1 594
-1 -1
-1 -1
520 924
574 449
-1 120
623 884
916 560
16 82
-1 221
-1 -1
394 -1
-1 -1
-1 198
346 -1
-1 -1
-1 131
197 -1
-1 -1
663 480
165 -1
-1 417
798 -1
746 828
-1 486
347 -1
-1 775
962 848
677 619
927 405
-1 -1
-1 -1
650 336
-1 169
890 -1
91 -1
432 -1
-1 867
960 -1
-1 -1
140 535
276 148
-1 -1
281 -1
515 -1
730 355
780 565
-1 125
-1 876
452 -1
450 181
599 570
-1 -1
476 316
-1 -1
274 -1
226 305
542 906
-1 -1
-1 -1
-1 -1
-1 -1
-1 -1
293 64
298 -1
998 363
-1 -1
-1 456
610 189
-1 -1
-1 -1
-1 762
640 576
-1 -1
736 191
903 722
-1 -1
994 928
285 563
-1 -1
273 765
744 -1
503 899
-1 -1
695 455
-1 846
-1 439
105 -1
-1 -1
901 714
-1 173
568 296
-1 471
-1 -1
-1 -1
-1 -1
781 229
750 43
479 -1
583 647
-1 -1
618 580
454 809
632 -1
943 174
5 121
-1 -1
967 792
842 147
-1 878
220 909
303 -1
-1 -1
-1 932
786 847
378 800
694 756
-1 -1
-1 -1
89 -1
-1 536
153 521
-1 -1
318 162
-1 -1
-1 -1
-1 295
-1 992
-1 -1
-1 -1
98 138
-1 -1
817 143
-1 -1
-1 511
-1 653
-1 -1
319 395
715 194
-1 -1
921 365
826 -1
-1 243
-1 -1
506 -1
112 37
944 -1
-1 -1
645 467
-1 228
681 -1
668 -1
92 665
993 -1
561 -1
179 840
248 61
90 -1
357 718
-1 633
-1 -1
297 94
414 51
-1 234
622 -1
-1 598
-1 397
991 9
-1 660
773 834
49 314
-1 468
806 113
-1 -1
-1 -1
-1 609
-1 825
430 267
999 -1
-1 44
670 -1
447 433
-1 504
287 50
-1 -1
661 -1
462 -1
-1 -1
157 873
874 -1
-1 525
-1 54
-1 805
688 96
-1 589
837 -1
-1 724
53 -1
411 788
57 -1
543 626
680 -1
451 824
-1 -1
-1 -1
334 512
810 32
472 675
-1 -1
-1 -1
655 -1
892 -1
-1 -1
-1 -1
235 110
-1 -1
-1 -1
-1 603
-1 -1
-1 271
852 905
811 -1
-1 -1
-1 322
-1 142
601 344
436 767
-1 88
-1 604
509 -1
-1 -1
100 558
917 236
-1 -1
-1 635
545 -1
-1 -1
-1 -1
-1 -1
443 386
258 930
123 -1
-1 931
388 -1
-1 -1
-1 -1
620 12
-1 -1
-1 -1
-1 -1
827 935
936 982
974 42
-1 685
849 -1
-1 -1
-1 941
-1 508
684 154
784 159
710 370
-1 -1
299 -1
-1 953
595 326
856 -1
-1 -1
-1 -1
-1 -1
-1 -1
732 -1
410 793
168 -1
-1 -1
712 134
766 711
771 238
-1 24
-1 -1
-1 -1
-1 -1
-1 -1
152 256
549 965
-1 -1
205 -1
-1 -1
-1 -1
-1 -1
-1 -1
822 172
-1 989
457 31
-1 -1
-1 -1
-1 -1
844 -1
-1 201
-1 -1
-1 -1
629 -1
423 692
-1 728
-1 -1
491 -1
-1 -1
-1 -1
-1 -1
196 -1
537 -1
8 -1
250 879
577 -1
-1 -1
-1 246
329 335
