1000
746 430
264 102
-1 -1
-1 -1
344 572
-1 613
449 881
362 -1
-1 -1
830 -1
-1 -1
-1 935
870 -1
-1 231
-1 -1
-1 -1
-1 723
-1 -1
149 886
507 15
-1 -1
-1 -1
-1 -1
-1 -1
387 -1
687 -1
314 400
321 -1
-1 -1
-1 -1
203 5
-1 -1
-1 -1
34 799
-1 -1
-1 -1
332 -1
-1 -1
-1 -1
40 464
-1 96
-1 -1
-1 -1
511 627
655 -1
197 4
-1 -1
-1 491
169 -1
-1 -1
-1 831
-1 -1
-1 -1
582 -1
853 700
-1 309
891 -1
-1 -1
-1 -1
103 63
494 88
-1 717
977 -1
-1 641
-1 609
431 708
855 809
-1 -1
-1 545
124 -1
-1 -1
573 644
-1 -1
-1 568
-1 -1
371 -1
781 -1
692 -1
-1 677
-1 -1
864 -1
-1 -1
-1 473
23 440
84 301
-1 -1
-1 33
109 320
-1 790
-1 -1
384 252
618 334
316 -1
621 -1
72 865
-1 -1
-1 -1
-1 -1
-1 -1
-1 -1
599 892
926 114
-1 -1
-1 97
736 -1
-1 106
-1 -1
-1 -1
976 127
-1 -1
233 212
-1 -1
-1 -1
-1 -1
60 151
-1 -1
956 936
-1 -1
703 360
841 704
352 958
-1 375
74 -1
942 625
61 -1
-1 -1
-1 -1
-1 -1
345 -1
130 -1
432 -1
-1 240
19 -1
-1 112
571 -1
-1 -1
569 901
-1 -1
610 896
-1 -1
354 259
-1 602
-1 671
729 122
70 463
-1 -1
201 9
-1 -1
-1 -1
-1 -1
-1 229
-1 823
-1 299
-1 242
620 155
414 -1
-1 -1
816 -1
423 -1
307 883
817 732
-1 -1
192 540
734 -1
-1 949
340 291
163 -1
-1 -1
828 39
230 170
558 725
768 845
826 37
-1 -1
-1 455
547 284
-1 -1
921 -1
-1 -1
447 -1
912 120
-1 182
832 915
-1 -1
-1 -1
834 245
-1 438
188 923
177 363
-1 190
643 978
-1 35
-1 -1
-1 962
-1 -1
517 925
257 -1
-1 -1
-1 -1
-1 -1
424 195
931 -1
-1 639
-1 675
-1 -1
71 -1
410 -1
208 496
546 250
-1 -1
-1 -1
-1 -1
-1 -1
214 -1
998 215
833 -1
446 787
-1 -1
144 747
878 331
-1 -1
941 -1
-1 -1
-1 350
-1 991
-1 294
-1 189
680 -1
81 907
837 138
-1 749
346 368
101 -1
-1 -1
-1 428
-1 113
-1 -1
260 -1
-1 -1
-1 178
843 -1
-1 532
137 556
244 856
829 606
-1 -1
-1 775
-1 -1
611 -1
984 612
-1 287
626 121
-1 -1
402 -1
-1 286
500 -1
-1 142
584 -1
-1 795
-1 324
-1 -1
-1 -1
-1 916
-1 -1
-1 -1
-1 -1
453 -1
561 268
-1 868
-1 -1
549 953
825 272
-1 551
-1 -1
-1 -1
939 -1
202 -1
343 -1
-1 -1
-1 -1
-1 439
-1 -1
-1 -1
493 193
850 383
393 288
-1 771
-1 327
219 -1
269 -1
-1 227
-1 537
-1 -1
846 903
800 290
-1 788
442 300
298 372
-1 -1
669 335
-1 46
898 -1
396 869
-1 894
-1 504
-1 -1
20 967
-1 256
-1 -1
-1 -1
-1 678
577 683
-1 -1
-1 -1
785 -1
849 -1
803 -1
-1 145
-1 963
241 -1
-1 506
-1 -1
-1 -1
-1 533
884 -1
-1 342
-1 663
-1 -1
49 -1
567 -1
297 303
-1 -1
341 769
730 273
586 -1
-1 199
-1 888
469 -1
-1 92
-1 -1
932 53
-1 -1
519 510
-1 -1
217 380
660 181
224 597
348 468
481 26
-1 -1
-1 377
-1 698
-1 -1
583 69
987 -1
-1 -1
-1 115
-1 631
-1 -1
989 136
123 79
280 806
-1 810
-1 754
11 -1
508 622
164 -1
-1 -1
-1 -1
370 278
623 -1
110 -1
-1 847
90 305
-1 -1
-1 -1
-1 -1
852 232
536 -1
56 780
601 -1
407 -1
-1 -1
-1 373
160 -1
-1 -1
-1 -1
161 -1
-1 -1
-1 179
-1 -1
135 173
-1 152
748 -1
-1 165
-1 839
-1 397
282 275
-1 -1
-1 -1
-1 -1
246 -1
-1 -1
688 117
175 408
445 614
77 651
385 -1
-1 836
-1 -1
-1 -1
-1 -1
248 -1
-1 263
415 -1
-1 451
95 -1
819 522
-1 -1
-1 -1
421 766
-1 -1
-1 -1
-1 -1
-1 -1
739 -1
-1 -1
-1 859
-1 -1
773 674
964 225
-1 -1
293 433
548 484
-1 98
499 538
662 802
959 779
-1 458
635 -1
588 -1
461 -1
-1 -1
171 972
-1 744
-1 434
808 515
520 43
-1 -1
983 -1
44 422
-1 -1
-1 -1
-1 756
462 128
-1 83
-1 -1
216 -1
-1 603
-1 441
-1 -1
-1 -1
-1 911
404 277
-1 -1
-1 126
550 873
-1 148
-1 -1
-1 652
308 714
695 743
-1 -1
-1 -1
-1 -1
974 -1
477 753
555 281
-1 682
62 480
205 824
485 482
329 483
-1 820
-1 -1
-1 -1
918 530
-1 488
-1 470
91 -1
108 733
-1 -1
266 -1
-1 -1
-1 -1
-1 -1
-1 497
141 498
-1 -1
313 466
509 -1
-1 -1
185 -1
-1 -1
-1 237
720 234
207 65
-1 -1
-1 -1
-1 -1
659 633
681 512
-1 858
349 -1
596 -1
-1 -1
471 -1
-1 271
406 -1
-1 17
-1 709
-1 180
450 390
-1 -1
146 319
860 -1
-1 -1
416 -1
-1 697
-1 813
-1 116
636 -1
650 -1
-1 -1
-1 525
861 -1
765 -1
-1 -1
210 539
890 -1
900 31
-1 -1
-1 -1
630 -1
75 -1
-1 261
-1 960
-1 107
741 -1
-1 64
-1 -1
-1 857
-1 222
167 668
-1 -1
948 -1
-1 -1
954 -1
-1 -1
444 119
-1 -1
791 -1
706 581
-1 628
950 -1
-1 -1
-1 501
-1 895
389 -1
647 392
710 705
-1 -1
-1 -1
-1 996
14 527
679 6
-1 -1
608 966
645 443
-1 457
-1 68
-1 -1
-1 304
-1 -1
518 -1
-1 -1
565 -1
479 413
770 786
560 -1
604 591
302 283
459 386
-1 594
-1 -1
562 524
534 66
-1 -1
-1 564
-1 -1
-1 -1
-1 -1
27 619
156 722
605 940
140 -1
-1 -1
-1 587
399 905
295 -1
-1 -1
-1 412
-1 -1
-1 183
-1 738
475 576
-1 -1
-1 -1
666 357
22 -1
-1 993
427 523
707 -1
7 793
-1 -1
-1 -1
-1 296
418 575
782 757
854 276
489 436
521 -1
417 133
-1 -1
405 73
426 -1
637 649
696 -1
-1 -1
-1 640
-1 -1
-1 168
-1 221
-1 -1
-1 -1
-1 255
-1 992
395 514
-1 -1
-1 251
-1 -1
798 899
292 220
624 579
322 191
656 315
-1 -1
-1 -1
526 702
528 585
661 -1
-1 100
-1 -1
-1 -1
-1 -1
-1 366
906 667
-1 -1
-1 877
306 -1
-1 672
131 236
673 -1
653 86
474 311
-1 409
851 8
-1 908
-1 51
-1 378
239 -1
206 -1
-1 914
531 364
685 -1
838 -1
-1 -1
-1 -1
118 262
351 529
-1 -1
875 487
82 -1
381 -1
-1 -1
-1 -1
-1 -1
254 -1
174 752
946 476
616 -1
465 42
-1 -1
361 -1
578 211
-1 -1
-1 -1
-1 -1
-1 478
10 554
-1 835
57 712
47 -1
933 893
247 448
-1 59
646 -1
563 -1
310 105
472 3
721 970
129 435
-1 -1
590 279
-1 -1
401 111
580 162
740 -1
-1 36
-1 -1
617 783
87 -1
-1 265
-1 -1
794 879
403 -1
-1 -1
632 347
-1 -1
89 48
-1 420
-1 742
490 235
-1 243
-1 -1
701 -1
-1 -1
634 -1
-1 -1
-1 -1
-1 -1
-1 -1
419 973
330 376
-1 909
50 -1
-1 -1
-1 842
988 778
880 -1
-1 969
-1 358
-1 166
-1 -1
21 -1
379 -1
866 -1
154 336
452 796
-1 456
204 194
772 995
337 971
-1 -1
897 719
-1 -1
200 804
664 238
693 99
-1 -1
367 -1
-1 -1
-1 -1
176 -1
369 -1
982 -1
-1 -1
776 -1
-1 -1
-1 -1
-1 -1
-1 25
143 629
-1 147
-1 -1
-1 -1
-1 759
312 267
153 715
-1 -1
774 792
-1 997
-1 -1
-1 822
805 -1
924 789
492 213
30 535
904 818
365 -1
-1 -1
258 812
391 -1
-1 -1
728 815
333 882
592 670
-1 -1
-1 844
-1 -1
-1 690
821 944
323 -1
-1 -1
724 763
388 -1
994 999
-1 -1
-1 -1
-1 -1
699 -1
139 -1
24 -1
228 196
94 -1
-1 -1
353 -1
394 184
289 -1
-1 767
-1 -1
762 691
425 249
150 -1
209 876
41 863
760 -1
-1 356
429 694
777 615
-1 -1
-1 -1
134 758
-1 761
975 -1
961 986
-1 -1
-1 -1
-1 -1
726 132
45 676
929 -1
-1 -1
-1 745
981 486
-1 -1
867 -1
-1 -1
-1 889
-1 -1
-1 871
-1 -1
541 980
218 454
922 -1
735 797
18 807
716 172
226 934
157 658
-1 285
-1 910
-1 -1
-1 -1
885 589
-1 -1
93 718
503 -1
-1 -1
731 544
-1 657
-1 13
-1 -1
-1 85
-1 -1
-1 -1
945 495
-1 -1
840 -1
-1 -1
-1 253
-1 -1
437 80
574 -1
-1 -1
570 -1
76 317
-1 930
-1 -1
-1 318
339 159
198 951
78 638
2 -1
-1 -1
-1 553
-1 598
125 -1
-1 -1
920 325
58 -1
274 -1
968 -1
-1 648
-1 -1
542 -1
642 927
223 502
-1 -1
928 -1
-1 355
784 -1
938 -1
-1 -1
338 67
848 902
937 104
-1 -1
374 -1
411 186
52 913
-1 -1
943 -1
593 985
-1 737
-1 -1
814 947
917 513
359 801
919 460
979 -1
-1 -1
28 566
600 872
955 187
665 38
957 -1
-1 654
-1 -1
-1 -1
-1 -1
-1 -1
-1 -1
686 -1
965 751
887 54
-1 -1
713 -1
382 398
684 -1
-1 -1
-1 -1
505 750
-1 -1
-1 516
-1 -1
595 711
-1 689
328 -1
827 543
-1 557
764 -1
727 467
874 -1
-1 755
326 -1
270 29
-1 -1
55 16
990 862
12 811
32 -1
-1 -1
952 158
-1 -1
-1 -1
-1 -1
552 559
-1 -1
607 1000
1000
782 178
-1 -1
23 -1
329 151
819 586
902 265
-1 -1
-1 812
-1 985
-1 863
-1 -1
889 -1
-1 -1
-1 -1
954 -1
101 -1
114 944
631 123
-1 -1
-1 -1
-1 -1
-1 -1
-1 -1
446 435
859 900
-1 -1
-1 -1
674 -1
176 -1
-1 -1
-1 -1
-1 -1
350 -1
-1 -1
-1 -1
646 -1
-1 126
49 430
-1 990
701 429
-1 194
272 -1
873 -1
-1 -1
473 -1
-1 -1
-1 -1
-1 -1
-1 -1
-1 83
-1 -1
-1 830
365 -1
432 -1
55 -1
208 -1
-1 199
-1 632
245 890
526 420
90 61
445 175
-1 256
-1 64
168 65
-1 -1
-1 898
346 741
8 385
822 70
656 -1
-1 845
641 693
-1 -1
-1 603
-1 -1
-1 141
798 523
-1 -1
80 295
18 -1
977 244
-1 -1
940 552
-1 -1
-1 173
-1 170
-1 800
106 850
-1 613
976 772
-1 810
746 -1
-1 171
664 712
474 117
59 553
481 891
925 820
807 362
21 37
11 -1
714 -1
-1 -1
-1 -1
335 823
895 -1
-1 105
132 -1
434 672
-1 -1
-1 -1
127 -1
-1 -1
417 -1
545 -1
478 726
391 -1
-1 942
493 152
-1 -1
-1 -1
655 713
124 242
692 34
-1 964
617 -1
651 324
848 739
-1 735
927 -1
46 381
-1 -1
409 -1
-1 699
691 -1
-1 476
367 -1
745 811
-1 764
548 597
-1 214
537 363
436 540
-1 -1
204 -1
-1 86
-1 148
842 -1
-1 -1
-1 -1
79 -1
749 191
-1 200
-1 -1
-1 857
931 894
-1 -1
232 -1
-1 -1
541 932
-1 -1
220 211
-1 -1
-1 -1
638 512
-1 -1
760 -1
107 -1
398 -1
399 533
-1 428
-1 -1
888 -1
630 -1
797 -1
-1 620
-1 109
95 179
-1 755
938 -1
-1 182
502 994
768 -1
-1 -1
291 -1
187 551
-1 188
928 189
-1 866
359 -1
306 468
-1 -1
554 219
-1 3
155 6
-1 -1
-1 -1
-1 -1
-1 -1
461 727
-1 -1
-1 978
785 919
460 917
-1 -1
-1 -1
456 659
-1 909
-1 -1
-1 -1
140 212
275 213
75 561
-1 905
-1 -1
-1 -1
788 899
442 773
975 -1
-1 267
592 808
24 924
-1 -1
330 284
-1 716
-1 583
-1 -1
610 679
590 134
116 544
309 -1
382 -1
-1 39
-1 809
795 836
97 611
-1 -1
405 -1
-1 786
26 404
416 -1
513 278
427 -1
934 -1
320 479
-1 -1
-1 -1
249 837
-1 -1
-1 251
224 -1
12 -1
708 254
-1 -1
-1 671
29 -1
-1 72
676 -1
-1 -1
-1 -1
-1 826
408 -1
353 375
-1 -1
-1 887
394 209
-1 689
302 647
720 -1
389 -1
-1 -1
118 10
-1 -1
-1 -1
657 297
-1 968
-1 -1
88 -1
-1 -1
281 542
150 -1
-1 108
-1 780
-1 -1
777 -1
495 524
-1 -1
378 -1
-1 -1
-1 -1
-1 794
913 965
-1 -1
-1 113
-1 -1
-1 -1
-1 821
81 599
100 -1
-1 -1
-1 -1
201 -1
606 -1
796 571
231 984
-1 -1
332 -1
521 -1
-1 -1
-1 -1
648 -1
260 120
615 314
41 392
653 462
457 -1
721 -1
2 556
361 -1
321 -1
227 -1
-1 -1
52 -1
163 -1
-1 128
-1 728
-1 -1
538 -1
-1 437
-1 -1
515 -1
28 87
301 -1
68 82
-1 -1
-1 -1
-1 463
-1 619
-1 -1
-1 -1
388 -1
283 886
847 -1
577 -1
-1 -1
347 379
-1 668
665 -1
-1 300
-1 966
-1 -1
806 628
-1 -1
-1 -1
-1 371
698 483
198 763
-1 -1
-1 339
650 294
-1 -1
349 -1
910 364
-1 843
-1 62
-1 -1
-1 -1
269 122
-1 733
-1 -1
-1 -1
-1 939
47 -1
634 177
206 -1
-1 904
307 960
-1 -1
687 718
119 263
-1 185
383 -1
-1 -1
-1 440
710 967
-1 -1
861 -1
-1 -1
-1 -1
277 48
-1 673
912 319
877 235
-1 -1
180 -1
805 240
-1 296
317 -1
-1 -1
600 261
406 -1
158 -1
146 550
-1 -1
804 471
397 266
663 -1
504 -1
-1 -1
-1 725
896 -1
-1 -1
-1 -1
355 -1
516 -1
-1 -1
-1 -1
-1 -1
248 956
243 421
354 -1
-1 447
-1 424
161 865
-1 -1
779 -1
4 395
-1 -1
-1 568
-1 -1
-1 -1
443 589
612 644
-1 -1
-1 -1
602 -1
-1 -1
147 -1
-1 -1
331 441
971 -1
849 576
-1 -1
-1 393
241 -1
787 792
-1 488
103 -1
-1 -1
-1 53
-1 -1
578 -1
-1 -1
17 -1
-1 -1
766 -1
-1 -1
510 871
864 -1
-1 636
-1 -1
162 -1
-1 69
-1 -1
-1 -1
-1 -1
833 33
466 247
-1 470
239 682
233 -1
-1 -1
911 881
-1 700
-1 -1
639 -1
-1 104
-1 -1
166 268
-1 -1
957 111
-1 316
534 299
207 485
-1 883
-1 -1
-1 -1
-1 635
-1 77
-1 -1
949 770
-1 751
-1 282
-1 325
549 -1
-1 -1
352 -1
-1 520
-1 -1
380 -1
982 594
595 -1
851 -1
759 790
-1 -1
-1 -1
-1 184
-1 -1
-1 831
-1 -1
660 44
458 -1
-1 719
817 195
-1 315
730 285
-1 -1
143 532
-1 -1
930 459
-1 -1
694 -1
-1 -1
-1 -1
390 43
84 -1
165 13
453 789
530 -1
-1 605
875 -1
547 -1
832 477
-1 732
986 130
-1 376
-1 -1
-1 -1
-1 522
742 563
153 67
-1 -1
-1 157
-1 -1
-1 507
518 558
484 508
-1 164
633 221
-1 337
-1 -1
-1 433
-1 -1
411 -1
-1 -1
758 -1
884 -1
-1 -1
560 333
401 -1
-1 -1
-1 501
-1 -1
-1 -1
566 370
-1 -1
-1 372
844 142
413 -1
-1 935
572 958
993 686
-1 -1
-1 575
950 327
262 738
-1 50
867 579
948 115
-1 360
582 169
989 -1
-1 623
-1 -1
-1 841
587 992
756 369
734 565
567 -1
422 1000
425 -1
-1 -1
-1 757
-1 -1
618 -1
-1 -1
-1 598
426 31
987 -1
-1 -1
-1 -1
853 -1
203 629
-1 -1
-1 -1
-1 988
608 880
-1 -1
287 973
-1 356
328 -1
-1 -1
-1 -1
-1 -1
-1 -1
-1 -1
-1 -1
156 419
-1 342
-1 439
-1 -1
-1 505
-1 -1
-1 -1
-1 -1
885 -1
752 743
216 -1
854 -1
-1 289
-1 -1
529 -1
-1 255
584 981
709 678
-1 -1
527 -1
74 593
640 -1
685 377
-1 -1
-1 -1
-1 -1
-1 298
223 469
688 604
637 -1
-1 -1
-1 997
-1 -1
652 -1
56 93
92 -1
274 681
769 -1
-1 498
-1 -1
-1 -1
-1 669
323 661
-1 570
236 -1
-1 125
731 915
784 491
257 229
-1 -1
-1 -1
270 -1
99 373
645 464
-1 311
-1 649
-1 -1
722 -1
963 -1
711 -1
654 -1
-1 -1
778 -1
-1 -1
901 192
684 503
-1 -1
767 -1
625 -1
19 499
-1 -1
870 750
-1 144
962 -1
-1 601
-1 -1
-1 690
855 670
-1 -1
-1 -1
903 -1
-1 -1
-1 -1
921 -1
304 703
-1 -1
-1 -1
683 920
-1 293
322 482
-1 -1
580 22
-1 494
396 215
-1 -1
-1 573
-1 783
-1 -1
680 -1
525 154
879 489
480 467
-1 258
-1 -1
497 465
801 724
-1 455
-1 -1
705 946
138 514
-1 -1
-1 -1
136 918
58 368
914 -1
581 492
313 799
-1 91
-1 -1
868 -1
38 840
771 999
815 723
-1 -1
218 -1
-1 818
970 -1
196 -1
-1 -1
707 776
110 -1
-1 511
-1 -1
736 536
449 -1
-1 -1
-1 -1
-1 -1
250 754
181 -1
-1 -1
991 318
415 121
197 829
702 827
-1 -1
73 472
-1 -1
280 -1
290 -1
-1 715
695 308
-1 102
-1 -1
-1 -1
774 753
-1 -1
528 -1
-1 387
234 897
-1 -1
-1 -1
-1 839
-1 906
995 30
-1 -1
-1 496
183 588
76 129
-1 -1
-1 -1
410 -1
-1 -1
-1 -1
-1 -1
40 305
-1 -1
-1 386
704 32
562 -1
45 543
-1 -1
-1 237
252 802
225 803
980 -1
-1 -1
273 226
149 475
-1 -1
-1 658
500 -1
438 535
-1 -1
-1 451
509 791
747 -1
-1 -1
-1 -1
357 326
174 872
-1 -1
-1 697
14 96
9 -1
824 662
825 -1
-1 -1
860 -1
-1 -1
403 -1
-1 85
-1 -1
-1 60
-1 793
834 961
835 952
-1 -1
-1 -1
627 959
-1 -1
336 94
-1 -1
-1 -1
-1 -1
-1 -1
374 -1
-1 846
312 -1
490 63
340 -1
348 539
-1 -1
-1 -1
345 78
762 -1
564 729
-1 159
-1 230
139 -1
923 -1
98 71
-1 193
-1 557
-1 -1
-1 622
186 -1
781 15
-1 559
-1 -1
400 -1
-1 -1
519 -1
51 279
675 217
874 334
-1 310
190 -1
979 292
-1 -1
35 7
418 974
423 -1
414 -1
-1 -1
431 998
775 344
286 933
585 253
276 591
452 929
-1 813
621 36
-1 882
893 -1
643 614
761 -1
626 908
137 -1
-1 856
862 616
-1 -1
972 264
941 916
969 448
-1 -1
-1 744
706 624
-1 -1
228 358
717 546
-1 54
402 596
-1 450
922 -1
167 907
-1 -1
-1 -1
858 -1
454 20
-1 -1
259 -1
-1 737
-1 -1
-1 -1
517 135
-1 412
926 -1
696 -1
341 947
-1 892
-1 -1
-1 -1
953 609
-1 -1
765 -1
936 838
-1 740
-1 -1
-1 876
951 -1
486 642
607 677
-1 -1
5 943
-1 -1
945 407
-1 748
506 351
-1 89
202 -1
-1 -1
-1 -1
-1 -1
-1 -1
574 555
-1 955
-1 112
25 666
-1 -1
-1 -1
57 -1
-1 -1
816 -1
-1 -1
-1 -1
246 -1
-1 -1
-1 -1
-1 133
238 -1
160 42
-1 -1
66 -1
-1 -1
531 -1
343 271
288 878
27 222
131 444
-1 -1
-1 -1
-1 303
-1 -1
983 869
-1 384
-1 -1
-1 -1
16 852
210 145
-1 814
205 937
667 -1
-1 569
338 -1
-1 -1
-1 -1
172 996
-1 -1
366 487
-1 828
-1 -1
