200
-1 -2
82 -2
27 3
-1 -2
-1 133
-1 -1
7 50
85 87
-2 -2
177 10
11 108
-1 12
13 137
14 -2
-2 -1
-1 -1
100 128
18 136
-2 183
47 20
-2 190
-2 -2
106 -2
24 22
149 83
26 145
2 66
-2 28
-1 -1
30 45
152 31
116 -2
33 174
-2 198
44 138
81 -2
-2 40
59 -1
39 147
-2 -2
-2 -1
-2 -1
-1 -2
-2 134
-2 -1
-1 -1
-1 -1
-1 -2
-1 -2
-1 -1
-1 51
-2 -2
-2 70
-1 -1
-1 -2
-1 153
57 95
-1 -2
84 72
-2 65
35 61
-1 5
8 23
-1 -1
124 -1
135 -1
-2 -1
98 80
-1 -2
-2 -1
-1 -2
-1 155
-2 -2
-1 -1
-1 125
76 64
180 77
-1 -2
79 17
-1 -1
-2 -1
-2 62
-2 196
-1 -1
-1 -1
126 90
-2 127
-2 -1
89 6
37 55
-1 -2
-1 92
110 -2
58 94
-1 54
-2 -2
97 200
-1 -2
99 91
46 -1
172 -2
93 102
187 -1
34 -1
-2 175
-2 -2
103 -2
-2 173
-1 109
-1 -1
-1 73
-1 -2
113 4
-2 -1
115 -1
111 156
-2 117
118 -2
119 -2
120 195
16 121
122 -2
171 123
-1 -2
148 -1
-1 -1
112 -2
-2 -2
157 129
130 182
-1 131
9 132
49 86
-2 43
-1 -1
-2 -1
-2 -2
-2 60
139 -1
140 167
141 194
52 -2
143 -1
74 -2
21 -2
146 -1
-1 -2
88 -1
-2 -1
150 -1
144 -2
19 -2
-2 -2
-2 154
169 191
-1 -2
-2 69
-1 158
48 159
-2 -1
-1 161
78 162
163 36
-2 164
165 -2
63 -1
101 75
53 -2
56 -2
170 38
-1 96
142 -1
-2 68
-1 -2
114 -1
42 176
107 -2
178 -2
151 179
-2 -1
67 181
29 188
-2 -1
184 32
185 71
25 186
15 -2
-1 105
189 -2
-1 -2
-2 -2
41 192
193 -1
-2 166
-2 -1
160 168
-2 197
-2 -1
104 199
-2 -2
200
-2 -1
-2 175
-2 86
41 -1
-2 77
45 6
-1 -1
184 74
-1 196
102 -2
-2 122
-1 -1
-1 -2
-2 -2
187 -2
-1 -1
-2 -2
138 18
19 17
-2 -2
105 -2
82 12
-2 -2
-1 -2
188 25
26 70
39 104
133 137
111 136
48 -1
-1 -2
-1 32
120 -2
-1 -2
-2 -1
140 36
37 94
38 154
88 49
40 163
-2 53
-2 42
33 107
60 44
-2 -1
46 -1
-1 -2
131 155
-2 197
-2 178
-2 190
66 -2
-2 -1
-2 -2
-2 147
-1 52
29 -2
119 93
85 10
-1 79
141 61
-2 69
63 47
-1 -1
-1 -1
-1 145
80 67
68 -1
-2 116
51 -2
-1 -2
-1 -1
73 -2
-2 99
132 171
81 -1
115 78
-2 89
-1 -1
185 -1
160 -1
151 22
121 129
-2 27
167 -1
-2 194
-2 -2
31 -1
13 -2
-1 -1
-2 106
92 21
-2 -1
-1 159
95 191
110 -2
-1 54
98 -1
199 -2
-2 -1
-2 -2
-1 57
-1 146
-2 -1
75 -2
-2 -1
90 144
55 108
-2 -1
15 -1
-2 11
179 112
170 113
71 114
-2 -2
-1 -2
126 65
14 118
-1 -2
181 24
-2 -1
157 -2
123 -1
-1 -2
166 -2
-2 -1
127 -1
128 -2
87 -2
50 35
83 7
-1 -1
-2 101
134 195
135 -2
-2 -2
117 165
-2 -1
-1 125
153 3
149 -2
-1 142
176 -1
-1 -2
-2 96
-1 -1
5 -1
148 -2
109 97
150 100
-1 30
-2 152
-2 28
72 4
200 58
-1 -2
84 -1
158 -1
-2 -2
-1 -1
8 161
59 162
-1 -2
164 -1
-1 -1
-2 62
-1 76
-1 -1
173 169
-1 -2
-2 -1
56 -2
-2 -2
-2 174
34 2
-1 124
177 172
-1 -2
-1 -2
-2 180
91 -2
-2 182
-2 183
16 -1
-1 -2
186 43
-1 -2
139 -1
189 156
-1 -1
9 -2
-2 192
193 143
64 -1
-2 -1
168 -1
-1 -2
198 20
130 -1
103 23
