8 258
3 6 7 8
6 3 2 2 2 2 2
6 3 2 2 3 3 2
2 4 5
2 5 4
3 6 6 6
4 7 6 6 6
3 2 4 3
2 4 5 5 4 5 4 4 5 5 4 4 5 4 5 5 4 5 4 4 5 4 5 5 4 4 5 5 4 5 4 4 5 5 4 4 5 4 5 5 4 4 5 5 4 5 4 4 5 4 5 5 4 5 4 4 5 5 4 4 5 4 5 5 4 5 4 4 5 4 5 5 4 4 5 5 4 5 4 4 5 4 5 5 4 5 4 4 5 5 4 4 5 4 5 5 4 4 5 5 4 5 4 4 5 5 4 4 5 4 5 5 4 5 4 4 5 4 5 5 4 4 5 5 4 5 4 4 5 5 4 4 5 4 5 5 4 4 5 5 4 5 4 4 5 4 5 5 4 5 4 4 5 5 4 4 5 4 5 5 4 4 5 5 4 5 4 4 5 5 4 4 5 4 5 5 4 5 4 4 5 4 5 5 4 4 5 5 4 5 4 4 5 4 5 5 4 5 4 4 5 5 4 4 5 4 5 5 4 5 4 4 5 4 5 5 4 4 5 5 4 5 4 4 5 5 4 4 5 4 5 5 4 4 5 5 4 5 4 4 5 4 5 5 4 5 4 4 5 5 4 4 5 4 5 5 4 3
