31 300
31 17 28 9 25 20 11 1 14 31 22 31 14 11 31 7 18 17 19 1 10 26 26 3 11 4 20 1 23 8 31 3
31 28 9 25 20 11 1 14 31 22 31 14 11 31 7 18 17 19 1 10 26 26 3 11 4 20 1 23 8 31 3 17
31 9 25 20 11 1 14 31 22 31 14 11 31 7 18 17 19 1 10 26 26 3 11 4 20 1 23 8 31 3 17 28
31 25 20 11 1 14 31 22 31 14 11 31 7 18 17 19 1 10 26 26 3 11 4 20 1 23 8 31 3 17 28 9
31 20 11 1 14 31 22 31 14 11 31 7 18 17 19 1 10 26 26 3 11 4 20 1 23 8 31 3 17 28 9 25
31 11 1 14 31 22 31 14 11 31 7 18 17 19 1 10 26 26 3 11 4 20 1 23 8 31 3 17 28 9 25 20
31 1 14 31 22 31 14 11 31 7 18 17 19 1 10 26 26 3 11 4 20 1 23 8 31 3 17 28 9 25 20 11
31 14 31 22 31 14 11 31 7 18 17 19 1 10 26 26 3 11 4 20 1 23 8 31 3 17 28 9 25 20 11 1
31 31 22 31 14 11 31 7 18 17 19 1 10 26 26 3 11 4 20 1 23 8 31 3 17 28 9 25 20 11 1 14
31 22 31 14 11 31 7 18 17 19 1 10 26 26 3 11 4 20 1 23 8 31 3 17 28 9 25 20 11 1 14 31
31 31 14 11 31 7 18 17 19 1 10 26 26 3 11 4 20 1 23 8 31 3 17 28 9 25 20 11 1 14 31 22
31 14 11 31 7 18 17 19 1 10 26 26 3 11 4 20 1 23 8 31 3 17 28 9 25 20 11 1 14 31 22 31
31 11 31 7 18 17 19 1 10 26 26 3 11 4 20 1 23 8 31 3 17 28 9 25 20 11 1 14 31 22 31 14
31 31 7 18 17 19 1 10 26 26 3 11 4 20 1 23 8 31 3 17 28 9 25 20 11 1 14 31 22 31 14 11
31 7 18 17 19 1 10 26 26 3 11 4 20 1 23 8 31 3 17 28 9 25 20 11 1 14 31 22 31 14 11 31
31 18 17 19 1 10 26 26 3 11 4 20 1 23 8 31 3 17 28 9 25 20 11 1 14 31 22 31 14 11 31 7
31 17 19 1 10 26 26 3 11 4 20 1 23 8 31 3 17 28 9 25 20 11 1 14 31 22 31 14 11 31 7 18
31 19 1 10 26 26 3 11 4 20 1 23 8 31 3 17 28 9 25 20 11 1 14 31 22 31 14 11 31 7 18 17
31 1 10 26 26 3 11 4 20 1 23 8 31 3 17 28 9 25 20 11 1 14 31 22 31 14 11 31 7 18 17 19
31 10 26 26 3 11 4 20 1 23 8 31 3 17 28 9 25 20 11 1 14 31 22 31 14 11 31 7 18 17 19 1
31 26 26 3 11 4 20 1 23 8 31 3 17 28 9 25 20 11 1 14 31 22 31 14 11 31 7 18 17 19 1 10
31 26 3 11 4 20 1 23 8 31 3 17 28 9 25 20 11 1 14 31 22 31 14 11 31 7 18 17 19 1 10 26
31 3 11 4 20 1 23 8 31 3 17 28 9 25 20 11 1 14 31 22 31 14 11 31 7 18 17 19 1 10 26 26
31 11 4 20 1 23 8 31 3 17 28 9 25 20 11 1 14 31 22 31 14 11 31 7 18 17 19 1 10 26 26 3
31 4 20 1 23 8 31 3 17 28 9 25 20 11 1 14 31 22 31 14 11 31 7 18 17 19 1 10 26 26 3 11
31 20 1 23 8 31 3 17 28 9 25 20 11 1 14 31 22 31 14 11 31 7 18 17 19 1 10 26 26 3 11 4
31 1 23 8 31 3 17 28 9 25 20 11 1 14 31 22 31 14 11 31 7 18 17 19 1 10 26 26 3 11 4 20
31 23 8 31 3 17 28 9 25 20 11 1 14 31 22 31 14 11 31 7 18 17 19 1 10 26 26 3 11 4 20 1
31 8 31 3 17 28 9 25 20 11 1 14 31 22 31 14 11 31 7 18 17 19 1 10 26 26 3 11 4 20 1 23
31 31 3 17 28 9 25 20 11 1 14 31 22 31 14 11 31 7 18 17 19 1 10 26 26 3 11 4 20 1 23 8
31 3 17 28 9 25 20 11 1 14 31 22 31 14 11 31 7 18 17 19 1 10 26 26 3 11 4 20 1 23 8 31
1 23 8 31 9 25 20 11 1 14 31 22 31 14 11 31 7 18 17 19 1 10 26 26 3 11 4 20 1 23 8 31 3 17 28 17 19 1 10 26 26 3 11 4 20 1 23 8 31 3 17 28 9 25 20 11 1 14 31 22 31 14 11 31 7 18 23 8 31 3 17 28 9 25 20 11 1 14 31 22 31 14 11 31 7 18 17 19 1 10 26 26 3 11 4 20 1 31 22 31 14 11 31 7 18 17 19 1 10 26 26 3 11 4 20 1 23 8 31 3 17 28 9 25 20 11 1 14 4 20 1 23 8 31 3 17 28 9 25 20 11 1 14 31 22 31 14 11 31 7 18 17 19 1 10 26 26 3 11 10 26 26 3 11 4 20 1 23 8 31 3 17 28 9 25 20 11 1 14 31 22 31 14 11 31 7 18 17 19 1 31 14 11 31 7 18 17 19 1 10 26 26 3 11 4 20 1 23 8 31 3 17 28 9 25 20 11 1 14 31 22 17 28 9 25 20 11 1 14 31 22 31 14 11 31 7 18 17 19 1 10 26 26 3 11 4 20 1 23 8 31 3 31 7 18 17 19 1 10 26 26 3 11 4 20 1 23 8 31 3 17 28 9 25 20 11 1 14 31 22 31 14 11 3 17 28 9 25 20 11 1 14 31 22 31 14 11 31 7 18
