26 10
26 21 17 15 25 22 9 14 14 18 2 15 5 13 9 21 14 10 4 16 17 25 16 11 13 3 15
26 17 15 25 22 9 14 14 18 2 15 5 13 9 21 14 10 4 16 17 25 16 11 13 3 15 21
26 15 25 22 9 14 14 18 2 15 5 13 9 21 14 10 4 16 17 25 16 11 13 3 15 21 17
26 25 22 9 14 14 18 2 15 5 13 9 21 14 10 4 16 17 25 16 11 13 3 15 21 17 15
26 22 9 14 14 18 2 15 5 13 9 21 14 10 4 16 17 25 16 11 13 3 15 21 17 15 25
26 9 14 14 18 2 15 5 13 9 21 14 10 4 16 17 25 16 11 13 3 15 21 17 15 25 22
26 14 14 18 2 15 5 13 9 21 14 10 4 16 17 25 16 11 13 3 15 21 17 15 25 22 9
26 14 18 2 15 5 13 9 21 14 10 4 16 17 25 16 11 13 3 15 21 17 15 25 22 9 14
26 18 2 15 5 13 9 21 14 10 4 16 17 25 16 11 13 3 15 21 17 15 25 22 9 14 14
26 2 15 5 13 9 21 14 10 4 16 17 25 16 11 13 3 15 21 17 15 25 22 9 14 14 18
26 15 5 13 9 21 14 10 4 16 17 25 16 11 13 3 15 21 17 15 25 22 9 14 14 18 2
26 5 13 9 21 14 10 4 16 17 25 16 11 13 3 15 21 17 15 25 22 9 14 14 18 2 15
26 13 9 21 14 10 4 16 17 25 16 11 13 3 15 21 17 15 25 22 9 14 14 18 2 15 5
26 9 21 14 10 4 16 17 25 16 11 13 3 15 21 17 15 25 22 9 14 14 18 2 15 5 13
26 21 14 10 4 16 17 25 16 11 13 3 15 21 17 15 25 22 9 14 14 18 2 15 5 13 9
26 14 10 4 16 17 25 16 11 13 3 15 21 17 15 25 22 9 14 14 18 2 15 5 13 9 21
26 10 4 16 17 25 16 11 13 3 15 21 17 15 25 22 9 14 14 18 2 15 5 13 9 21 14
26 4 16 17 25 16 11 13 3 15 21 17 15 25 22 9 14 14 18 2 15 5 13 9 21 14 10
26 16 17 25 16 11 13 3 15 21 17 15 25 22 9 14 14 18 2 15 5 13 9 21 14 10 4
26 17 25 16 11 13 3 15 21 17 15 25 22 9 14 14 18 2 15 5 13 9 21 14 10 4 16
26 25 16 11 13 3 15 21 17 15 25 22 9 14 14 18 2 15 5 13 9 21 14 10 4 16 17
26 16 11 13 3 15 21 17 15 25 22 9 14 14 18 2 15 5 13 9 21 14 10 4 16 17 25
26 11 13 3 15 21 17 15 25 22 9 14 14 18 2 15 5 13 9 21 14 10 4 16 17 25 16
26 13 3 15 21 17 15 25 22 9 14 14 18 2 15 5 13 9 21 14 10 4 16 17 25 16 11
26 3 15 21 17 15 25 22 9 14 14 18 2 15 5 13 9 21 14 10 4 16 17 25 16 11 13
26 15 21 17 15 25 22 9 14 14 18 2 15 5 13 9 21 14 10 4 16 17 25 16 11 13 3
15 5 13 9 21 14 10 4 16 17
