200 300
2 2 2
2 3 3
2 4 4
2 5 5
2 6 6
2 7 7
2 8 8
2 9 9
2 10 10
2 11 11
2 12 12
2 13 13
2 14 14
2 15 15
2 16 16
2 17 17
2 18 18
2 19 19
2 20 20
2 21 21
2 22 22
2 23 23
2 24 24
2 25 25
2 26 26
2 27 27
2 28 28
2 29 29
2 30 30
2 31 31
2 32 32
2 33 33
2 34 34
2 35 35
2 36 36
2 37 37
2 38 38
2 39 39
2 40 40
2 41 41
2 42 42
2 43 43
2 44 44
2 45 45
2 46 46
2 47 47
2 48 48
2 49 49
2 50 50
2 51 51
2 52 52
2 53 53
2 54 54
2 55 55
2 56 56
2 57 57
2 58 58
2 59 59
2 60 60
2 61 61
2 62 62
2 63 63
2 64 64
2 65 65
2 66 66
2 67 67
2 68 68
2 69 69
2 70 70
2 71 71
2 72 72
2 73 73
2 74 74
2 75 75
2 76 76
2 77 77
2 78 78
2 79 79
2 80 80
2 81 81
2 82 82
2 83 83
2 84 84
2 85 85
2 86 86
2 87 87
2 88 88
2 89 89
2 90 90
2 91 91
2 92 92
2 93 93
2 94 94
2 95 95
2 96 96
2 97 97
2 98 98
2 99 99
2 100 100
2 101 101
2 1 102
2 1 103
2 1 104
2 1 105
2 1 106
2 1 107
2 1 108
2 1 109
2 1 110
2 1 111
2 1 112
2 1 113
2 1 114
2 1 115
2 1 116
2 1 117
2 1 118
2 1 119
2 1 120
2 1 121
2 1 122
2 1 123
2 1 124
2 1 125
2 1 126
2 1 127
2 1 128
2 1 129
2 1 130
2 1 131
2 1 132
2 1 133
2 1 134
2 1 135
2 1 136
2 1 137
2 1 138
2 1 139
2 1 140
2 1 141
2 1 142
2 1 143
2 1 144
2 1 145
2 1 146
2 1 147
2 1 148
2 1 149
2 1 150
2 1 151
2 1 152
2 1 153
2 1 154
2 1 155
2 1 156
2 1 157
2 1 158
2 1 159
2 1 160
2 1 161
2 1 162
2 1 163
2 1 164
2 1 165
2 1 166
2 1 167
2 1 168
2 1 169
2 1 170
2 1 171
2 1 172
2 1 173
2 1 174
2 1 175
2 1 176
2 1 177
2 1 178
2 1 179
2 1 180
2 1 181
2 1 182
2 1 183
2 1 184
2 1 185
2 1 186
2 1 187
2 1 188
2 1 189
2 1 190
2 1 191
2 1 192
2 1 193
2 1 194
2 1 195
2 1 196
2 1 197
2 1 198
2 1 199
2 1 200
2 1 1
9 9 9 9 9 9 9 9 9 9 9 9 9 9 9 9 9 9 9 9 9 9 9 9 9 9 9 9 9 9 9 9 9 9 9 9 9 9 9 9 8 8 8 8 8 8 8 8 8 8 8 8 8 8 8 8 8 8 8 8 8 8 8 8 8 8 8 8 8 8 8 8 8 8 8 8 8 8 8 8 8 8 8 8 8 8 8 8 8 8 8 8 8 8 8 8 8 8 8 8 8 8 8 8 8 8 8 8 8 8 8 8 8 8 8 8 8 8 8 8 8 8 8 8 8 8 8 8 8 8 8 8 8 8 8 8 8 8 8 8 8 8 8 8 8 8 8 8 8 8 8 8 8 8 8 8 8 8 8 8 8 8 8 8 8 8 8 8 7 7 7 7 7 7 7 7 7 7 7 7 7 7 7 7 7 7 7 7 7 7 7 7 7 7 7 7 7 7 7 7 7 7 7 7 7 7 7 7 7 7 7 7 7 7 7 7 7 7 7 7 7 7 7 7 7 7 7 7 7 7 7 7 6 6 6 6 6 6 6 6 6 6 6 6 6 6 6 6 6 6 6 6 6 6 6 6 6 6 6 6 6 6 6 6 5 5 5 5 5 5 5 5 5 5 5 5 5 5 5 5 5 5 5 5 5 5 5 5 5 5 5 5 5 5 5 5 2 2 1 103
