100 100
2 2 2
2 3 3
2 4 4
2 5 5
2 6 6
2 7 7
2 8 8
2 9 9
2 10 10
2 11 11
2 12 12
2 13 13
2 14 14
2 15 15
2 16 16
2 17 17
2 18 18
2 19 19
2 20 20
2 21 21
2 22 22
2 23 23
2 24 24
2 25 25
2 26 26
2 27 27
2 28 28
2 29 29
2 30 30
2 31 31
2 32 32
2 33 33
2 34 34
2 35 35
2 36 36
2 37 37
2 38 38
2 39 39
2 40 40
2 41 41
2 42 42
2 43 43
2 44 44
2 45 45
2 46 46
2 47 47
2 48 48
2 49 49
2 50 50
2 51 51
2 1 52
2 1 53
2 1 54
2 1 55
2 1 56
2 1 57
2 1 58
2 1 59
2 1 60
2 1 61
2 1 62
2 1 63
2 1 64
2 1 65
2 1 66
2 1 67
2 1 68
2 1 69
2 1 70
2 1 71
2 1 72
2 1 73
2 1 74
2 1 75
2 1 76
2 1 77
2 1 78
2 1 79
2 1 80
2 1 81
2 1 82
2 1 83
2 1 84
2 1 85
2 1 86
2 1 87
2 1 88
2 1 89
2 1 90
2 1 91
2 1 92
2 1 93
2 1 94
2 1 95
2 1 96
2 1 97
2 1 98
2 1 99
2 1 100
2 1 1
7 7 7 7 7 7 7 7 7 7 7 7 7 7 7 7 7 7 7 7 7 7 7 7 7 7 7 7 7 7 7 7 7 7 7 7 7 7 6 6 6 6 6 6 6 6 6 6 6 6 6 6 6 6 6 6 6 6 6 6 6 6 6 6 6 6 6 6 6 6 5 5 5 5 5 5 5 5 5 5 5 5 5 5 5 5 4 4 4 4 4 4 4 4 3 3 3 3 2 2
