50 50
10 37 39 47 44 33 50 39 5 25 15
10 37 39 48 44 8 50 39 5 25 15
10 37 39 48 44 33 50 39 10 25 15
10 37 39 48 44 33 50 39 5 25 25
10 41 39 48 44 33 50 39 5 25 15
10 37 39 48 44 33 15 39 5 25 15
10 37 39 48 44 33 50 39 5 40 15
10 37 39 48 18 33 50 39 5 25 15
10 37 28 48 44 33 50 39 5 25 15
10 37 39 48 44 33 50 32 5 25 15
10 37 39 48 44 33 50 39 5 6 15
10 37 39 48 44 33 50 24 5 25 15
10 37 39 48 44 33 50 39 5 34 15
10 35 39 48 44 33 50 39 5 25 15
10 37 39 48 44 35 50 39 5 25 15
10 37 39 25 44 33 50 39 5 25 15
10 37 48 48 44 33 50 39 5 25 15
10 37 39 48 44 33 50 39 5 6 15
10 37 39 48 44 33 50 39 42 25 15
10 37 39 48 44 33 50 39 5 25 37
10 37 39 48 44 33 50 39 5 25 3
10 37 12 48 44 33 50 39 5 25 15
10 37 39 48 44 33 35 39 5 25 15
10 37 39 48 44 33 50 39 5 25 20
10 37 17 48 44 33 50 39 5 25 15
10 37 45 48 44 33 50 39 5 25 15
10 37 39 48 44 33 50 39 2 25 15
10 37 4 48 44 33 50 39 5 25 15
10 37 39 48 44 33 50 12 5 25 15
10 37 39 48 44 33 50 16 5 25 15
10 37 39 48 44 3 50 39 5 25 15
10 37 39 48 44 32 50 39 5 25 15
10 37 39 20 44 33 50 39 5 25 15
10 37 39 24 44 33 50 39 5 25 15
10 37 28 48 44 33 50 39 5 25 15
10 37 39 48 35 33 50 39 5 25 15
10 37 39 48 44 33 50 39 5 25 26
10 37 39 48 44 33 50 39 5 2 15
10 37 39 48 44 36 50 39 5 25 15
10 37 30 48 44 33 50 39 5 25 15
10 37 39 48 44 33 50 39 5 25 45
10 37 39 48 44 33 43 39 5 25 15
10 37 39 48 44 33 50 39 5 20 15
10 37 39 48 44 33 6 39 5 25 15
10 37 2 48 44 33 50 39 5 25 15
10 37 39 48 44 33 50 40 5 25 15
10 37 39 48 44 33 50 39 3 25 15
10 37 39 48 44 33 6 39 5 25 15
10 37 39 44 44 33 50 39 5 25 15
10 37 39 31 44 33 50 39 5 25 15
26 37 39 48 44 36 50 39 5 25 15 37 39 48 44 3 50 39 5 25 15 37 39 48 44 33 6 39 5 25 15 37 39 20 44 33 50 39 5 25 15 37 39 31 44 33 50 39 5 25
