30 80
30 14 3 18 19 28 12 15 15 9 27 7 18 12 12 11 16 4 4 22 30 28 7 20 2 1 11 17 22 23 23
30 3 18 19 28 12 15 15 9 27 7 18 12 12 11 16 4 4 22 30 28 7 20 2 1 11 17 22 23 23 14
30 18 19 28 12 15 15 9 27 7 18 12 12 11 16 4 4 22 30 28 7 20 2 1 11 17 22 23 23 14 3
30 19 28 12 15 15 9 27 7 18 12 12 11 16 4 4 22 30 28 7 20 2 1 11 17 22 23 23 14 3 18
30 28 12 15 15 9 27 7 18 12 12 11 16 4 4 22 30 28 7 20 2 1 11 17 22 23 23 14 3 18 19
30 12 15 15 9 27 7 18 12 12 11 16 4 4 22 30 28 7 20 2 1 11 17 22 23 23 14 3 18 19 28
30 15 15 9 27 7 18 12 12 11 16 4 4 22 30 28 7 20 2 1 11 17 22 23 23 14 3 18 19 28 12
30 15 9 27 7 18 12 12 11 16 4 4 22 30 28 7 20 2 1 11 17 22 23 23 14 3 18 19 28 12 15
30 9 27 7 18 12 12 11 16 4 4 22 30 28 7 20 2 1 11 17 22 23 23 14 3 18 19 28 12 15 15
30 27 7 18 12 12 11 16 4 4 22 30 28 7 20 2 1 11 17 22 23 23 14 3 18 19 28 12 15 15 9
30 7 18 12 12 11 16 4 4 22 30 28 7 20 2 1 11 17 22 23 23 14 3 18 19 28 12 15 15 9 27
30 18 12 12 11 16 4 4 22 30 28 7 20 2 1 11 17 22 23 23 14 3 18 19 28 12 15 15 9 27 7
30 12 12 11 16 4 4 22 30 28 7 20 2 1 11 17 22 23 23 14 3 18 19 28 12 15 15 9 27 7 18
30 12 11 16 4 4 22 30 28 7 20 2 1 11 17 22 23 23 14 3 18 19 28 12 15 15 9 27 7 18 12
30 11 16 4 4 22 30 28 7 20 2 1 11 17 22 23 23 14 3 18 19 28 12 15 15 9 27 7 18 12 12
30 16 4 4 22 30 28 7 20 2 1 11 17 22 23 23 14 3 18 19 28 12 15 15 9 27 7 18 12 12 11
30 4 4 22 30 28 7 20 2 1 11 17 22 23 23 14 3 18 19 28 12 15 15 9 27 7 18 12 12 11 16
30 4 22 30 28 7 20 2 1 11 17 22 23 23 14 3 18 19 28 12 15 15 9 27 7 18 12 12 11 16 4
30 22 30 28 7 20 2 1 11 17 22 23 23 14 3 18 19 28 12 15 15 9 27 7 18 12 12 11 16 4 4
30 30 28 7 20 2 1 11 17 22 23 23 14 3 18 19 28 12 15 15 9 27 7 18 12 12 11 16 4 4 22
30 28 7 20 2 1 11 17 22 23 23 14 3 18 19 28 12 15 15 9 27 7 18 12 12 11 16 4 4 22 30
30 7 20 2 1 11 17 22 23 23 14 3 18 19 28 12 15 15 9 27 7 18 12 12 11 16 4 4 22 30 28
30 20 2 1 11 17 22 23 23 14 3 18 19 28 12 15 15 9 27 7 18 12 12 11 16 4 4 22 30 28 7
30 2 1 11 17 22 23 23 14 3 18 19 28 12 15 15 9 27 7 18 12 12 11 16 4 4 22 30 28 7 20
30 1 11 17 22 23 23 14 3 18 19 28 12 15 15 9 27 7 18 12 12 11 16 4 4 22 30 28 7 20 2
30 11 17 22 23 23 14 3 18 19 28 12 15 15 9 27 7 18 12 12 11 16 4 4 22 30 28 7 20 2 1
30 17 22 23 23 14 3 18 19 28 12 15 15 9 27 7 18 12 12 11 16 4 4 22 30 28 7 20 2 1 11
30 22 23 23 14 3 18 19 28 12 15 15 9 27 7 18 12 12 11 16 4 4 22 30 28 7 20 2 1 11 17
30 23 23 14 3 18 19 28 12 15 15 9 27 7 18 12 12 11 16 4 4 22 30 28 7 20 2 1 11 17 22
30 23 14 3 18 19 28 12 15 15 9 27 7 18 12 12 11 16 4 4 22 30 28 7 20 2 1 11 17 22 23
7 20 2 1 11 17 22 23 23 14 3 18 19 28 12 15 15 17 22 23 23 14 3 18 19 28 12 15 15 9 27 7 18 12 12 11 16 4 4 22 30 28 7 20 2 1 11 15 15 9 27 7 18 12 12 11 16 4 4 22 30 28 7 20 2 1 11 17 22 23 23 14 3 18 19 28 12 4 22 30
