300 500
2 2 2
2 3 3
2 4 4
2 5 5
2 6 6
2 7 7
2 8 8
2 9 9
2 10 10
2 11 11
2 12 12
2 13 13
2 14 14
2 15 15
2 16 16
2 17 17
2 18 18
2 19 19
2 20 20
2 21 21
2 22 22
2 23 23
2 24 24
2 25 25
2 26 26
2 27 27
2 28 28
2 29 29
2 30 30
2 31 31
2 32 32
2 33 33
2 34 34
2 35 35
2 36 36
2 37 37
2 38 38
2 39 39
2 40 40
2 41 41
2 42 42
2 43 43
2 44 44
2 45 45
2 46 46
2 47 47
2 48 48
2 49 49
2 50 50
2 51 51
2 52 52
2 53 53
2 54 54
2 55 55
2 56 56
2 57 57
2 58 58
2 59 59
2 60 60
2 61 61
2 62 62
2 63 63
2 64 64
2 65 65
2 66 66
2 67 67
2 68 68
2 69 69
2 70 70
2 71 71
2 72 72
2 73 73
2 74 74
2 75 75
2 76 76
2 77 77
2 78 78
2 79 79
2 80 80
2 81 81
2 82 82
2 83 83
2 84 84
2 85 85
2 86 86
2 87 87
2 88 88
2 89 89
2 90 90
2 91 91
2 92 92
2 93 93
2 94 94
2 95 95
2 96 96
2 97 97
2 98 98
2 99 99
2 100 100
2 101 101
3 2 3 102
3 3 9 103
3 3 8 104
3 4 10 105
3 3 6 106
3 3 6 107
3 3 8 108
3 4 7 109
3 4 8 110
3 3 5 111
3 4 7 112
3 3 6 113
3 3 5 114
3 3 7 115
3 3 4 116
3 3 2 117
3 3 9 118
3 4 6 119
3 4 9 120
3 3 7 121
3 3 8 122
3 2 10 123
3 3 3 124
3 3 8 125
3 4 9 126
3 4 6 127
3 3 8 128
3 2 1 129
3 3 5 130
3 3 10 131
3 2 6 132
3 3 9 133
3 3 4 134
3 3 7 135
3 3 7 136
3 3 5 137
3 3 8 138
3 3 9 139
3 4 4 140
3 3 5 141
3 4 7 142
3 3 7 143
3 3 9 144
3 3 10 145
3 2 9 146
3 3 9 147
3 2 9 148
3 3 8 149
3 3 4 150
3 4 6 151
3 4 10 152
3 4 9 153
3 4 8 154
3 3 5 155
3 3 4 156
3 3 10 157
3 4 3 158
3 3 4 159
3 3 7 160
3 4 8 161
3 3 8 162
3 2 9 163
3 3 4 164
3 3 6 165
3 3 5 166
3 3 5 167
3 3 10 168
3 3 6 169
3 4 10 170
3 3 8 171
3 3 10 172
3 2 9 173
3 4 9 174
3 3 7 175
3 3 7 176
3 3 3 177
3 3 3 178
3 3 8 179
3 3 10 180
3 3 10 181
3 3 8 182
3 3 7 183
3 3 10 184
3 2 6 185
3 3 4 186
3 2 8 187
3 3 7 188
3 2 9 189
3 3 9 190
3 3 5 191
3 2 8 192
3 4 9 193
3 3 3 194
3 4 7 195
3 3 5 196
3 3 6 197
3 4 7 198
3 3 10 199
3 3 10 200
3 3 6 201
3 116 85 266
3 277 98 98
3 261 266 97
3 157 55 6
3 101 280 114
3 109 297 108
3 279 25 243
3 171 185 11
3 275 205 188
3 109 39 292
3 217 40 119
3 265 253 39
3 55 287 19
3 10 81 210
3 4 88 179
3 208 123 293
3 171 215 80
3 145 38 249
3 267 172 28
3 163 250 198
3 256 140 199
3 291 85 289
3 225 231 220
3 182 75 199
3 170 30 248
3 261 75 3
3 100 300 1
3 177 196 73
3 157 53 49
3 90 173 141
3 56 92 272
3 36 45 221
3 83 294 162
3 243 286 214
3 46 225 213
3 91 162 84
3 124 17 281
3 202 213 224
3 216 203 8
3 130 52 87
3 54 224 228
3 39 38 152
3 101 263 87
3 81 223 6
3 205 11 90
3 4 133 193
3 214 84 227
3 24 197 104
3 66 43 259
3 72 39 151
3 262 38 42
3 19 279 188
3 13 199 70
3 138 149 158
3 9 55 213
3 250 160 273
3 286 272 261
3 45 101 203
3 287 212 6
3 19 38 246
3 72 250 162
3 207 261 1
3 152 7 208
3 250 192 72
3 272 39 278
3 193 119 63
3 99 67 29
3 254 84 92
3 46 48 209
3 110 77 233
3 246 5 204
3 31 110 281
3 299 19 45
3 129 176 193
3 37 146 228
3 291 42 54
3 238 128 169
3 5 7 253
3 249 277 280
3 130 122 207
3 244 292 21
3 63 262 13
3 41 46 230
3 71 254 168
3 72 25 71
3 224 289 115
3 87 132 112
3 113 289 161
3 116 18 178
3 77 170 78
3 149 80 216
3 237 24 231
3 27 223 23
3 128 169 39
3 299 11 298
3 229 54 183
3 285 217 82
3 174 19 167
3 116 88 8
3 81 251 127
9 9 9 9 9 9 9 9 9 9 9 9 9 9 9 9 9 9 9 9 9 9 9 9 9 9 9 9 9 9 9 9 9 9 9 9 9 9 9 9 9 9 9 9 9 9 9 11 11 11 11 11 11 11 11 11 11 11 11 11 11 11 11 11 11 11 11 11 11 11 11 11 11 11 11 11 11 11 11 11 11 11 11 11 11 11 11 11 11 11 11 11 11 11 11 11 11 11 11 11 11 11 11 11 11 11 11 11 11 11 11 8 8 8 8 8 8 8 8 8 8 8 8 8 8 8 8 8 8 8 8 8 8 8 8 8 8 8 8 8 8 8 8 11 11 11 11 11 11 11 11 11 11 11 11 11 11 11 11 11 11 11 11 11 11 11 11 11 11 11 11 11 11 11 11 8 8 8 8 8 8 8 8 8 8 8 8 8 8 8 8 11 11 11 11 11 11 11 11 11 11 11 11 11 11 11 11 6 6 6 6 6 6 6 6 13 13 13 13 13 13 13 13 5 5 5 5 12 12 12 12 4 4 7 7 116 85 266 12 12 12 12 12 12 12 12 12 12 12 12 12 12 12 12 12 12 12 12 12 12 12 12 12 12 12 12 12 12 12 12 12 12 12 12 12 12 12 12 12 12 12 12 12 12 12 12 12 12 12 12 12 12 12 12 12 12 12 12 12 12 12 12 12 12 12 12 12 12 12 12 12 12 12 12 12 12 12 12 12 12 12 12 12 12 12 12 12 12 12 12 12 12 12 12 12 12 12 12 12 12 12 12 12 12 12 12 12 12 12 12 12 12 12 12 12 12 12 12 12 12 12 12 12 12 12 12 12 12 12 12 12 12 12 12 12 12 12 12 12 12 12 12 12 12 12 12 12 12 12 12 12 12 12 12 12 12 12 12 12 12 12 12 12 12 12 12 12 12 12 12 12 12 12 12 12 12 12 12 12 12 12 12 12 12 12 12 12 12 12 12 12 12 12 12 12 12 12 12 12 12 12 12 12 12 12 12 12 12 12 12 12 12 12 12 12 12 12 12 12 12 12 12 12 12 12 12 12 12 12 12 12 12 12 12 12 12 12 12 12 12 12 12 12 12 12 12 12 12 12 12 12 12 12 12 17 17 17 17 17 17
