50 50
2 2 2
2 3 3
2 4 4
2 5 5
2 6 6
2 7 7
2 8 8
2 9 9
2 10 10
2 11 11
2 12 12
2 13 13
2 14 14
2 15 15
2 16 16
2 17 17
3 2 4 18
3 2 4 19
3 2 3 20
3 2 2 21
3 1 3 22
3 2 3 23
3 2 3 24
3 2 3 25
3 2 3 26
3 2 4 27
3 2 3 28
3 2 3 29
3 2 3 30
3 2 4 31
3 2 2 32
3 2 4 33
3 2 4 34
15 36 29 25 21 16 43 20 24 26 6 38 2 12 11 10
15 46 32 43 3 9 33 25 22 3 13 41 14 33 19 24
15 38 49 4 46 44 46 41 25 32 3 18 35 29 37 35
15 9 42 11 37 15 23 19 46 21 43 9 23 7 10 6
15 12 8 14 13 16 26 29 13 26 7 44 2 25 7 37
15 47 40 6 29 19 34 32 4 5 1 28 28 5 42 42
15 39 37 38 35 33 3 11 11 17 9 37 50 16 4 8
15 29 27 3 1 21 15 20 37 21 4 39 22 27 8 20
15 38 6 8 25 50 39 24 8 50 24 41 19 7 26 7
15 46 33 42 9 10 27 42 39 18 10 41 9 34 23 44
15 22 27 50 23 35 35 5 7 16 38 45 24 18 46 41
15 24 41 12 31 43 50 15 5 20 21 11 32 49 34 22
15 2 25 14 15 7 27 42 33 37 6 3 6 11 43 21
15 31 27 26 27 14 46 26 9 34 40 32 45 8 39 1
15 7 15 27 11 3 32 16 5 1 3 38 34 4 17 15
15 11 34 34 24 15 18 5 35 46 8 8 7 45 41 13
15 10 15 2 35 49 19 41 1 26 44 44 3 34 18 32
10 39 37 38 35 33 3 11 11 17 9 37 50 16 4 8 2 4 33 24 41 12 31 43 50 15 5 20 21 11 32 49 34 22 9 9 47 40 6 29 19 34 32 4 5 1 28 28 5 42
