20 30
7 11 11 18 20 7 15 4
7 11 18 20 7 15 4 11
14 1 7 14 17 15 10 6 13 20 20 3 18 20 1
14 8 3 15 5 19 11 14 14 12 2 10 12 13 9
6 18 10 5 17 7 2
6 4 11 11 18 20 7
5 15 4 11 11 18
5 15 4 11 11 18
12 1 18 5 5 17 15 13 14 15 11 7 19
5 4 11 11 18 8
5 20 3 18 20 1
20 3 6 9 2 2 6 8 14 1 10 12 16 19 20 13 10 15 13 10 3
12 14 17 15 10 6 13 20 20 3 18 20 1
11 10 12 10 10 3 13 2 9 1 13 12
5 7 15 4 11 11
15 15 10 6 13 20 20 3 18 20 1 14 17 15 10 6
6 11 1 7 14 17 15
16 15 8 11 9 11 19 5 1 16 16 4 12 18 15 12 5
11 20 18 9 7 7 5 5 3 10 1 14
7 20 3 18 20 1 3 6
3 6 1 7 14 17 15 10 6 13 20 20 3 18 20 1 15 8 11 9 11 19 5 1 16 16 4 12 18 15
