17 130
12 6 7 8 9 10 11 12 13 14 15 16 17
9 3 2 3 2 3 3 3 2 2
9 3 2 2 2 2 2 3 2 2
2 4 5
2 5 4
5 14 11 11 8 10
2 14 12
3 15 12 11
5 9 7 15 12 9
5 10 8 8 17 11
3 9 12 12
5 14 9 10 17 6
3 2 4 3
3 12 15 11
5 16 12 7 17 9
5 17 15 15 11 16
4 14 6 6 16
2 4 5 5 4 5 4 4 5 5 4 4 5 4 5 5 4 5 4 4 5 4 5 5 4 4 5 5 4 5 4 4 5 5 4 4 5 4 5 5 4 4 5 5 4 5 4 4 5 4 5 5 4 5 4 4 5 5 4 4 5 4 5 5 4 5 4 4 5 4 5 5 4 4 5 5 4 5 4 4 5 4 5 5 4 5 4 4 5 5 4 4 5 4 5 5 4 4 5 5 4 5 4 4 5 5 4 4 5 4 5 5 4 5 4 4 5 4 5 5 4 4 5 5 4 5 4 4 5 3
