50 50
10 1 1 1 1 1 1 1 1 1 1
10 42 1 1 1 1 1 1 32 1 1
10 1 1 1 1 1 1 1 1 1 1
10 1 1 1 1 1 1 1 1 1 44
10 1 1 1 1 1 1 1 1 3 1
10 1 1 1 1 1 1 1 1 1 1
10 22 1 1 1 1 1 1 1 1 1
10 1 1 1 1 1 1 1 1 1 1
10 1 1 1 5 1 19 1 1 1 1
10 1 1 1 1 1 1 1 1 1 12
10 1 1 1 1 1 1 45 1 1 1
10 1 1 1 1 1 1 1 1 1 1
10 1 1 1 1 1 20 1 1 1 1
10 1 50 1 1 1 1 1 1 1 1
10 1 1 1 1 33 1 1 1 1 1
10 1 1 1 1 1 1 8 1 1 1
10 1 1 1 22 1 1 1 1 1 1
10 1 1 1 1 1 1 1 1 1 1
10 1 1 1 1 1 1 1 1 1 1
10 18 1 1 1 1 1 1 1 43 1
10 1 1 1 1 1 1 1 1 32 34
10 1 1 1 1 1 18 1 1 1 1
10 4 1 1 39 1 1 1 1 1 1
10 1 1 30 1 1 1 1 1 1 1
10 1 1 1 1 1 1 1 1 1 1
10 1 1 1 1 38 39 1 1 1 1
10 1 1 1 1 1 1 1 1 1 1
10 25 1 1 1 1 1 14 1 1 1
10 1 1 1 1 1 1 1 1 4 1
10 1 1 1 1 1 1 1 7 40 1
10 1 1 1 1 1 1 1 1 1 1
10 1 1 1 16 1 1 1 1 1 1
10 19 1 38 31 32 1 1 1 1 1
10 1 1 1 1 44 1 1 1 1 31
10 1 1 1 1 1 1 1 1 1 1
10 1 1 1 1 1 1 1 1 1 1
10 1 1 1 1 44 1 1 1 1 1
10 48 1 1 1 1 1 1 1 1 1
10 1 1 1 1 1 1 1 1 1 1
10 1 35 1 1 1 1 1 1 1 1
10 1 1 1 1 1 1 1 1 26 1
10 1 1 1 1 1 1 1 1 1 1
10 1 1 1 32 1 1 1 1 1 1
10 1 1 1 1 1 1 1 42 1 1
10 1 1 1 1 1 1 1 1 1 1
10 1 1 1 1 1 1 14 1 1 1
10 1 1 12 1 1 1 1 3 1 1
10 1 1 17 1 1 1 1 1 1 1
10 1 1 1 1 8 1 1 1 13 1
10 1 49 1 1 48 1 1 1 1 1
1 1 1 1 1 1 1 1 1 1 1 1 1 1 1 1 1 1 1 1 1 1 1 1 1 1 1 1 1 1 1 1 1 1 1 1 1 1 1 1 1 1 1 1 1 1 1 1 1 1
