200 300
4 47 197 38 185
4 129 197 38 185
4 53 197 38 55
4 53 197 38 9
4 168 197 38 185
4 53 179 38 185
4 53 197 38 67
4 53 197 38 67
4 43 197 38 185
4 53 197 38 138
4 53 197 38 50
4 53 163 38 185
4 53 197 103 185
4 53 197 144 185
4 109 197 38 185
4 53 13 38 185
4 53 197 38 99
4 196 197 38 185
4 53 197 157 185
4 10 197 38 185
4 53 197 62 185
4 53 197 162 185
4 162 197 38 185
4 53 197 13 185
4 53 197 158 185
4 86 197 38 185
4 49 197 38 185
4 53 197 38 143
4 53 111 38 185
4 53 197 38 199
4 53 23 38 185
4 53 197 38 163
4 92 197 38 185
4 53 197 38 153
4 53 114 38 185
4 53 197 129 185
4 53 197 52 185
4 53 197 80 185
4 75 197 38 185
4 53 197 38 36
4 53 197 49 185
4 53 197 38 87
4 100 197 38 185
4 53 173 38 185
4 53 197 38 183
4 19 197 38 185
4 53 149 38 185
4 11 197 38 185
4 53 197 176 185
4 53 107 38 185
4 53 197 112 185
4 55 197 38 185
4 179 197 38 185
4 53 197 38 7
4 53 197 27 185
4 53 197 38 73
4 53 197 38 90
4 53 197 55 185
4 187 197 38 185
4 53 197 167 185
4 53 197 181 185
4 170 197 38 185
4 53 197 38 24
4 53 83 38 185
4 53 197 119 185
4 53 197 111 185
4 53 197 38 52
4 53 197 81 185
4 53 197 38 37
4 194 197 38 185
4 53 197 62 185
4 53 197 22 185
4 53 197 25 185
4 53 197 5 185
4 53 197 38 19
4 53 197 38 196
4 53 171 38 185
4 53 197 38 200
4 53 197 8 185
4 53 50 38 185
4 53 197 38 99
4 113 197 38 185
4 53 197 191 185
4 142 197 38 185
4 53 164 38 185
4 53 32 38 185
4 53 197 30 185
4 31 197 38 185
4 53 197 132 185
4 65 197 38 185
4 53 197 158 185
4 104 197 38 185
4 53 200 38 185
4 53 197 38 68
4 118 197 38 185
4 53 197 38 53
4 53 101 38 185
4 53 197 38 198
4 53 189 38 185
4 53 197 72 185
4 53 165 38 185
4 53 197 117 185
4 53 129 38 185
4 53 197 38 13
4 154 197 38 185
4 53 197 38 13
4 53 197 38 59
4 53 197 9 185
4 35 197 38 185
4 53 197 109 185
4 53 197 38 66
4 53 89 38 185
4 53 187 38 185
4 53 197 83 185
4 53 197 89 185
4 53 197 38 177
4 31 197 38 185
4 122 197 38 185
4 53 79 38 185
4 180 197 38 185
4 53 197 139 185
4 53 176 38 185
4 53 197 38 59
4 53 177 38 185
4 53 197 96 185
4 53 197 87 185
4 53 197 38 74
4 53 197 38 87
4 53 197 166 185
4 29 197 38 185
4 53 197 38 84
4 53 198 38 185
4 53 49 38 185
4 53 197 61 185
4 53 8 38 185
4 53 197 38 65
4 53 38 38 185
4 53 197 38 190
4 53 197 38 63
4 53 197 19 185
4 53 197 114 185
4 53 197 9 185
4 53 35 38 185
4 196 197 38 185
4 53 197 38 111
4 169 197 38 185
4 62 197 38 185
4 53 197 165 185
4 139 197 38 185
4 53 197 14 185
4 53 123 38 185
4 53 197 38 136
4 148 197 38 185
4 119 197 38 185
4 53 197 38 88
4 134 197 38 185
4 53 197 46 185
4 53 197 128 185
4 53 197 38 81
4 53 197 38 86
4 53 197 108 185
4 53 57 38 185
4 81 197 38 185
4 53 197 5 185
4 53 22 38 185
4 53 197 174 185
4 53 32 38 185
4 53 197 163 185
4 53 197 122 185
4 53 197 38 171
4 53 197 72 185
4 53 197 146 185
4 53 197 38 29
4 53 197 38 155
4 53 197 22 185
4 53 197 45 185
4 53 197 105 185
4 53 44 38 185
4 53 197 89 185
4 53 197 38 16
4 53 62 38 185
4 53 140 38 185
4 53 197 191 185
4 53 197 38 85
4 53 197 95 185
4 53 197 38 136
4 53 197 57 185
4 53 66 38 185
4 53 72 38 185
4 53 197 31 185
4 53 197 54 185
4 53 53 38 185
4 53 190 38 185
4 53 197 38 65
4 115 197 38 185
4 126 197 38 185
4 162 197 38 185
4 53 197 38 194
4 53 197 38 77
4 53 197 3 185
197 80 185 187 197 38 185 179 197 38 185 162 197 38 185 53 50 38 185 53 197 95 185 179 197 38 185 162 197 38 185 118 197 38 185 53 197 95 185 53 197 89 185 162 197 38 185 53 197 80 185 53 197 95 185 53 57 38 185 162 197 38 185 53 197 80 185 53 197 95 185 179 197 38 185 53 107 38 185 53 197 80 185 53 197 95 185 179 197 38 185 162 197 38 185 118 197 38 185 53 197 95 185 53 197 89 185 162 197 38 185 53 197 80 185 53 197 95 185 53 57 38 185 162 197 38 185 53 197 80 185 53 197 95 185 122 197 38 185 162 197 38 185 53 197 80 185 53 197 95 185 179 197 38 185 162 197 38 185 118 197 38 185 53 197 95 185 179 197 38 185 162 197 38 185 53 197 132 185 53 197 95 185 53 57 38 185 162 197 38 185 53 197 80 185 53 197 95 185 179 197 38 185 162 197 38 185 53 50 38 185 53 197 95 185 179 197 38 185 162 197 38 185 118 197 38 185 53 197 95 185 179 197 38 185 53 197 38 90 53 197 80 185 53 197 95 185 53 57 38 185 162 197 38 185 53 197 80 185 53 197 95 185 179 197 38 185 162 197 38 185 53 50 38 185 53 197 95 185 179 197 38 185 162 197 38 185 118 197 38 185 53 197 95 185 53 176 38 185 162
