31 1000
31 13 4 5 23 18 23 21 28 24 22 8 13 7 22 25 3 30 30 4 6 12 9 5 10 23 22 3 7 21 22 5
31 4 5 23 18 23 21 28 24 22 8 13 7 22 25 3 30 30 4 6 12 9 5 10 23 22 3 7 21 22 5 13
31 5 23 18 23 21 28 24 22 8 13 7 22 25 3 30 30 4 6 12 9 5 10 23 22 3 7 21 22 5 13 4
31 23 18 23 21 28 24 22 8 13 7 22 25 3 30 30 4 6 12 9 5 10 23 22 3 7 21 22 5 13 4 5
31 18 23 21 28 24 22 8 13 7 22 25 3 30 30 4 6 12 9 5 10 23 22 3 7 21 22 5 13 4 5 23
31 23 21 28 24 22 8 13 7 22 25 3 30 30 4 6 12 9 5 10 23 22 3 7 21 22 5 13 4 5 23 18
31 21 28 24 22 8 13 7 22 25 3 30 30 4 6 12 9 5 10 23 22 3 7 21 22 5 13 4 5 23 18 23
31 28 24 22 8 13 7 22 25 3 30 30 4 6 12 9 5 10 23 22 3 7 21 22 5 13 4 5 23 18 23 21
31 24 22 8 13 7 22 25 3 30 30 4 6 12 9 5 10 23 22 3 7 21 22 5 13 4 5 23 18 23 21 28
31 22 8 13 7 22 25 3 30 30 4 6 12 9 5 10 23 22 3 7 21 22 5 13 4 5 23 18 23 21 28 24
31 8 13 7 22 25 3 30 30 4 6 12 9 5 10 23 22 3 7 21 22 5 13 4 5 23 18 23 21 28 24 22
31 13 7 22 25 3 30 30 4 6 12 9 5 10 23 22 3 7 21 22 5 13 4 5 23 18 23 21 28 24 22 8
31 7 22 25 3 30 30 4 6 12 9 5 10 23 22 3 7 21 22 5 13 4 5 23 18 23 21 28 24 22 8 13
31 22 25 3 30 30 4 6 12 9 5 10 23 22 3 7 21 22 5 13 4 5 23 18 23 21 28 24 22 8 13 7
31 25 3 30 30 4 6 12 9 5 10 23 22 3 7 21 22 5 13 4 5 23 18 23 21 28 24 22 8 13 7 22
31 3 30 30 4 6 12 9 5 10 23 22 3 7 21 22 5 13 4 5 23 18 23 21 28 24 22 8 13 7 22 25
31 30 30 4 6 12 9 5 10 23 22 3 7 21 22 5 13 4 5 23 18 23 21 28 24 22 8 13 7 22 25 3
31 30 4 6 12 9 5 10 23 22 3 7 21 22 5 13 4 5 23 18 23 21 28 24 22 8 13 7 22 25 3 30
31 4 6 12 9 5 10 23 22 3 7 21 22 5 13 4 5 23 18 23 21 28 24 22 8 13 7 22 25 3 30 30
31 6 12 9 5 10 23 22 3 7 21 22 5 13 4 5 23 18 23 21 28 24 22 8 13 7 22 25 3 30 30 4
31 12 9 5 10 23 22 3 7 21 22 5 13 4 5 23 18 23 21 28 24 22 8 13 7 22 25 3 30 30 4 6
31 9 5 10 23 22 3 7 21 22 5 13 4 5 23 18 23 21 28 24 22 8 13 7 22 25 3 30 30 4 6 12
31 5 10 23 22 3 7 21 22 5 13 4 5 23 18 23 21 28 24 22 8 13 7 22 25 3 30 30 4 6 12 9
31 10 23 22 3 7 21 22 5 13 4 5 23 18 23 21 28 24 22 8 13 7 22 25 3 30 30 4 6 12 9 5
31 23 22 3 7 21 22 5 13 4 5 23 18 23 21 28 24 22 8 13 7 22 25 3 30 30 4 6 12 9 5 10
31 22 3 7 21 22 5 13 4 5 23 18 23 21 28 24 22 8 13 7 22 25 3 30 30 4 6 12 9 5 10 23
31 3 7 21 22 5 13 4 5 23 18 23 21 28 24 22 8 13 7 22 25 3 30 30 4 6 12 9 5 10 23 22
31 7 21 22 5 13 4 5 23 18 23 21 28 24 22 8 13 7 22 25 3 30 30 4 6 12 9 5 10 23 22 3
31 21 22 5 13 4 5 23 18 23 21 28 24 22 8 13 7 22 25 3 30 30 4 6 12 9 5 10 23 22 3 7
31 22 5 13 4 5 23 18 23 21 28 24 22 8 13 7 22 25 3 30 30 4 6 12 9 5 10 23 22 3 7 21
31 5 13 4 5 23 18 23 21 28 24 22 8 13 7 22 25 3 30 30 4 6 12 9 5 10 23 22 3 7 21 22
28 24 22 8 13 7 22 25 3 30 30 4 6 12 9 30 4 6 12 9 5 10 23 22 3 7 21 22 5 13 4 5 23 18 23 21 28 24 22 8 13 7 22 25 3 30 5 10 23 22 3 7 21 22 5 13 4 5 23 18 23 21 28 24 22 8 13 7 22 25 3 30 30 4 6 12 9 12 9 5 10 23 22 3 7 21 22 5 13 4 5 23 18 23 21 28 24 22 8 13 7 22 25 3 30 30 4 6 7 21 22 5 13 4 5 23 18 23 21 28 24 22 8 13 7 22 25 3 30 30 4 6 12 9 5 10 23 22 3 10 23 22 3 7 21 23 5 13 4 5 23 18 23 21 28 24 22 8 13 7 22 25 3 30 30 4 6 12 9 5 9 5 10 23 22 3 7 21 22 5 13 4 5 23 18 23 21 28 24 22 8 13 7 22 25 3 30 30 4 6 12 28 24 22 8 13 7 22 25 3 30 30 4 6 12 9 5 10 23 22 3 7 21 22 5 13 4 5 23 18 23 21 7 22 25 3 30 30 4 6 12 9 5 10 23 22 3 7 21 22 5 13 4 5 23 18 23 21 28 24 22 8 13 21 28 24 22 8 13 7 22 25 3 30 30 4 6 12 9 5 10 23 22 3 7 21 22 5 13 4 5 23 18 23 9 5 10 23 22 3 7 21 22 5 13 4 5 23 18 23 21 28 24 22 8 13 7 22 25 3 30 30 4 6 12 22 22 3 7 21 22 5 13 4 5 23 18 23 21 28 24 22 8 13 7 22 25 3 30 30 4 6 12 9 5 10 5 23 18 23 21 28 24 22 8 13 7 22 25 3 30 30 4 6 12 9 5 10 23 22 3 7 21 22 5 13 4 22 5 13 4 5 23 18 23 21 28 24 22 8 13 7 22 25 3 30 30 4 6 12 9 5 10 23 22 3 7 21 22 5 13 4 5 23 18 23 21 28 24 22 8 13 7 22 25 3 30 30 4 6 12 9 5 10 23 22 3 7 21 23 18 23 21 28 24 22 8 13 7 22 25 3 30 30 4 6 12 9 5 10 23 22 3 7 21 22 5 13 4 5 23 21 28 24 22 8 13 7 22 25 3 30 30 4 6 12 9 5 10 23 22 3 7 21 22 5 13 4 5 23 18 24 22 8 13 7 22 25 3 30 30 4 6 12 9 5 10 23 22 3 7 21 22 5 13 4 5 23 18 23 21 28 18 23 21 28 24 22 8 13 7 22 25 3 30 30 4 6 12 9 5 10 23 22 3 7 21 22 5 13 4 5 23 22 8 13 7 22 25 3 30 30 4 6 12 9 5 10 23 22 3 7 21 22 5 13 4 5 23 18 23 21 28 24 5 10 23 22 3 7 21 22 5 13 4 5 23 18 23 21 28 24 22 8 13 7 22 25 3 30 30 4 6 12 9 9 5 10 23 22 3 7 21 22 5 13 4 5 23 18 23 21 28 24 22 8 13 7 22 25 3 30 30 4 6 12 5 23 18 23 21 28 24 22 8 13 7 22 25 3 30 30 4 6 12 9 5 10 23 22 3 7 21 22 5 13 4 21 28 24 22 8 13 7 22 25 3 30 30 4 6 12 9 5 10 23 22 3 7 21 22 5 13 4 5 23 18 23 12 9 5 10 23 22 3 7 21 22 5 13 4 5 23 18 23 21 28 24 22 8 13 7 22 25 3 30 30 4 6 9 5 10 23 22 3 7 21 22 5 13 4 5 23 18 23 21 28 24 22 8 13 7 22 25 3 30 30 4 6 12 18 23 21 28 24 22 8 13 7 22 25 3 30 30 4 6 12 9 5 10 23 22 3 7 21 22 5 13 4 5 23 7 22 25 3 30 30 4 6 12 9 5 10 23 22 3 7 21 22 5 13 4 5 23 18 23 21 28 24 22 8 13 23 18 23 21 28 24 22 8 13 7 22 25 3 30 30 4 6 12 9 5 10 23 22 3 7 21 22 5 13 4 5 18 23 21 28 24 22 8 13 7 22 25 3 30 30 4 6 12 9 5 10 23 22 3 7 21 22 5 13 4 5 23 5 10 23 22 3 7 21 22 5 13 4 5 23 18 23 21 28 24 22 8 13 7 22 25 3 30 30 4 6 12 9 30 4 6 12 9 5 10 23 22 3 7 21 22 5 13 4 5 23 18 23 21 28 24 22 8 13 7 22 25 3 30 5 10 23 22 3 7 21 22 5 13 4 5 23 18 23 21 28 24 22 8 13 7 22 25
