300 500
2 2 2
2 3 3
2 4 4
2 5 5
2 6 6
2 7 7
2 8 8
2 9 9
2 10 10
2 11 11
2 12 12
2 13 13
2 14 14
2 15 15
2 16 16
2 17 17
2 18 18
2 19 19
2 20 20
2 21 21
2 22 22
2 23 23
2 24 24
2 25 25
2 26 26
2 27 27
2 28 28
2 29 29
2 30 30
2 31 31
2 32 32
2 33 33
2 34 34
2 35 35
2 36 36
2 37 37
2 38 38
2 39 39
2 40 40
2 41 41
2 42 42
2 43 43
2 44 44
2 45 45
2 46 46
2 47 47
2 48 48
2 49 49
2 50 50
2 51 51
2 52 52
2 53 53
2 54 54
2 55 55
2 56 56
2 57 57
2 58 58
2 59 59
2 60 60
2 61 61
2 62 62
2 63 63
2 64 64
2 65 65
2 66 66
2 67 67
2 68 68
2 69 69
2 70 70
2 71 71
2 72 72
2 73 73
2 74 74
2 75 75
2 76 76
2 77 77
2 78 78
2 79 79
2 80 80
2 81 81
2 82 82
2 83 83
2 84 84
2 85 85
2 86 86
2 87 87
2 88 88
2 89 89
2 90 90
2 91 91
2 92 92
2 93 93
2 94 94
2 95 95
2 96 96
2 97 97
2 98 98
2 99 99
2 100 100
2 101 101
2 102 102
2 103 103
2 104 104
2 105 105
2 106 106
2 107 107
2 108 108
2 109 109
2 110 110
2 111 111
2 112 112
2 113 113
2 114 114
2 115 115
2 116 116
2 117 117
2 118 118
2 119 119
2 120 120
2 121 121
2 122 122
2 123 123
2 124 124
2 125 125
2 126 126
2 127 127
2 128 128
2 129 129
2 130 130
2 131 131
2 132 132
2 133 133
2 134 134
2 135 135
2 136 136
2 137 137
2 138 138
2 139 139
2 140 140
2 141 141
2 142 142
2 143 143
2 144 144
2 145 145
2 146 146
2 147 147
2 148 148
2 149 149
2 150 150
2 151 151
2 1 152
2 1 153
2 1 154
2 1 155
2 1 156
2 1 157
2 1 158
2 1 159
2 1 160
2 1 161
2 1 162
2 1 163
2 1 164
2 1 165
2 1 166
2 1 167
2 1 168
2 1 169
2 1 170
2 1 171
2 1 172
2 1 173
2 1 174
2 1 175
2 1 176
2 1 177
2 1 178
2 1 179
2 1 180
2 1 181
2 1 182
2 1 183
2 1 184
2 1 185
2 1 186
2 1 187
2 1 188
2 1 189
2 1 190
2 1 191
2 1 192
2 1 193
2 1 194
2 1 195
2 1 196
2 1 197
2 1 198
2 1 199
2 1 200
2 1 201
2 1 202
2 1 203
2 1 204
2 1 205
2 1 206
2 1 207
2 1 208
2 1 209
2 1 210
2 1 211
2 1 212
2 1 213
2 1 214
2 1 215
2 1 216
2 1 217
2 1 218
2 1 219
2 1 220
2 1 221
2 1 222
2 1 223
2 1 224
2 1 225
2 1 226
2 1 227
2 1 228
2 1 229
2 1 230
2 1 231
2 1 232
2 1 233
2 1 234
2 1 235
2 1 236
2 1 237
2 1 238
2 1 239
2 1 240
2 1 241
2 1 242
2 1 243
2 1 244
2 1 245
2 1 246
2 1 247
2 1 248
2 1 249
2 1 250
2 1 251
2 1 252
2 1 253
2 1 254
2 1 255
2 1 256
2 1 257
2 1 258
2 1 259
2 1 260
2 1 261
2 1 262
2 1 263
2 1 264
2 1 265
2 1 266
2 1 267
2 1 268
2 1 269
2 1 270
2 1 271
2 1 272
2 1 273
2 1 274
2 1 275
2 1 276
2 1 277
2 1 278
2 1 279
2 1 280
2 1 281
2 1 282
2 1 283
2 1 284
2 1 285
2 1 286
2 1 287
2 1 288
2 1 289
2 1 290
2 1 291
2 1 292
2 1 293
2 1 294
2 1 295
2 1 296
2 1 297
2 1 298
2 1 299
2 1 300
2 1 1
9 9 9 9 9 9 9 9 9 9 9 9 9 9 9 9 9 9 9 9 9 9 9 9 9 9 9 9 9 9 9 9 9 9 9 9 9 9 9 9 9 9 9 9 9 9 9 9 9 9 9 9 9 9 9 9 9 9 9 9 9 9 9 9 9 9 9 9 9 9 9 9 9 9 9 9 9 9 9 9 9 9 9 9 9 9 9 9 9 9 9 9 9 9 9 9 9 9 9 9 9 9 9 9 9 9 9 9 9 9 9 9 9 9 9 9 9 9 9 9 9 9 9 9 9 9 9 9 9 9 9 9 9 9 9 9 9 9 9 9 9 9 9 9 9 9 9 9 9 9 9 9 9 9 9 9 9 9 9 9 9 9 9 9 9 9 9 9 9 9 9 9 9 9 9 9 9 9 9 9 9 9 9 9 9 9 9 9 9 9 9 9 9 9 9 9 9 9 9 9 9 9 9 9 9 9 9 9 9 9 9 9 9 9 9 9 9 9 9 9 9 9 9 9 9 9 9 9 9 9 9 9 9 9 9 8 8 8 8 8 8 8 8 8 8 8 8 8 8 8 8 8 8 8 8 8 8 8 8 8 8 8 8 8 8 8 8 8 8 8 8 8 8 8 8 8 8 8 8 8 8 8 8 8 8 8 8 8 8 8 8 8 8 8 8 8 8 8 8 8 8 8 8 8 8 8 8 8 8 8 8 8 8 8 8 8 8 8 8 8 8 8 8 8 8 8 8 8 8 8 8 8 8 8 8 8 8 8 8 8 8 8 8 8 8 8 8 8 8 8 8 8 8 8 8 8 8 8 8 8 8 8 8 7 7 7 7 7 7 7 7 7 7 7 7 7 7 7 7 7 7 7 7 7 7 7 7 7 7 7 7 7 7 7 7 7 7 7 7 7 7 7 7 7 7 7 7 7 7 7 7 7 7 7 7 7 7 7 7 7 7 7 7 7 7 7 7 6 6 6 6 6 6 6 6 6 6 6 6 6 6 6 6 6 6 6 6 6 6 6 6 6 6 6 6 6 6 6 6 5 5 5 5 5 5 5 5 5 5 5 5 5 5 5 5 5 5 5 5 5 5 5 5 5 5 5 5 5 5 5 5 3 3 3 3 2 2 1 154 3
