500 1000
2 227 250
2 35 380
2 107 7
2 301 445
2 179 224
2 390 237
2 27 181
2 261 165
2 217 343
2 63 459
2 80 272
2 383 314
2 39 490
2 437 74
2 347 455
2 429 357
2 370 74
2 116 260
2 218 320
2 58 339
2 284 279
2 86 326
2 205 495
2 264 227
2 113 422
2 137 435
2 435 445
2 8 334
2 37 136
2 250 371
2 454 40
2 317 16
2 137 351
2 141 340
2 51 450
2 328 298
2 419 122
2 374 95
2 381 6
2 56 460
2 191 159
2 17 354
2 458 27
2 135 324
2 211 146
2 377 52
2 263 65
2 197 398
2 477 277
2 464 391
2 103 49
2 295 363
2 379 247
2 480 191
2 392 52
2 118 162
2 398 178
2 244 454
2 22 215
2 2 376
2 201 70
2 164 362
2 429 145
2 69 232
2 311 133
2 222 461
2 202 483
2 336 433
2 163 237
2 182 248
2 360 362
2 497 269
2 49 353
2 284 428
2 12 196
2 346 315
2 459 349
2 483 216
2 321 8
2 243 269
2 135 178
2 256 339
2 395 212
2 119 498
2 416 106
2 489 96
2 10 156
2 397 393
2 62 387
2 130 36
2 437 177
2 272 13
2 236 61
2 427 403
2 438 49
2 364 448
2 494 22
2 59 343
2 353 117
2 192 110
2 308 121
2 273 381
2 314 43
2 169 324
2 22 136
2 296 351
2 184 102
2 320 445
2 496 15
2 150 222
2 292 312
2 483 255
2 63 271
2 271 493
2 410 45
2 220 193
2 141 316
2 118 185
2 301 153
2 484 273
2 427 390
2 189 328
2 22 457
2 117 93
2 467 478
2 102 258
2 140 468
2 40 312
2 363 8
2 258 122
2 325 217
2 432 237
2 225 453
2 452 133
2 358 313
2 154 66
2 103 340
2 234 352
2 332 36
2 197 313
2 274 485
2 186 442
2 303 228
2 159 30
2 22 184
2 236 312
2 456 340
2 341 110
2 121 117
2 441 194
2 491 302
2 178 21
2 445 208
2 385 233
2 73 361
2 64 107
2 373 83
2 40 186
2 348 142
2 435 263
2 131 102
2 125 282
2 416 316
2 6 416
2 17 183
2 333 271
2 198 215
2 259 128
2 135 166
2 242 340
2 464 58
2 241 263
2 233 381
2 89 392
2 69 10
2 241 222
2 232 413
2 500 486
2 133 174
2 270 55
2 172 446
2 163 257
2 141 244
2 95 284
2 45 62
2 485 407
2 36 145
2 181 350
2 223 225
2 192 280
2 248 389
2 482 167
2 289 418
2 342 219
2 292 466
2 469 394
2 123 183
2 175 229
2 173 449
2 328 316
2 293 462
2 473 211
2 446 297
2 158 450
2 294 220
2 54 347
2 24 146
2 275 353
2 179 340
2 247 229
2 416 35
2 121 178
2 251 129
2 266 314
2 171 468
2 128 381
2 50 178
2 281 85
2 272 417
2 321 352
2 367 149
2 96 454
2 57 72
2 429 83
2 83 271
2 206 442
2 234 111
2 211 72
2 95 177
2 117 456
2 250 197
2 76 270
2 390 41
2 257 305
2 442 379
2 165 293
2 382 57
2 34 302
2 469 340
2 196 386
2 319 216
2 294 372
2 116 436
2 17 429
2 466 84
2 271 170
2 355 298
2 411 354
2 491 413
2 249 333
2 398 301
2 34 363
2 145 260
2 161 195
2 243 105
2 96 450
2 467 220
2 392 250
2 12 215
2 490 403
2 323 348
2 26 262
2 431 2
2 146 123
2 361 135
2 216 125
2 181 5
2 348 52
2 284 43
2 319 361
2 28 11
2 202 160
2 48 481
2 68 417
2 273 460
2 238 86
2 347 442
2 210 174
2 5 126
2 89 424
2 72 414
2 81 183
2 305 50
2 104 231
2 210 430
2 232 250
2 446 236
2 243 300
2 284 78
2 456 277
2 326 292
2 267 26
2 139 84
2 307 200
2 185 369
2 339 315
2 423 147
2 320 5
2 120 451
2 395 203
2 320 303
2 26 396
2 199 416
2 77 325
2 350 27
2 41 135
2 484 260
2 147 133
2 356 249
2 271 363
2 434 42
2 105 197
2 72 318
2 372 144
2 244 302
2 25 376
2 416 292
2 151 151
2 363 213
2 96 442
2 115 82
2 41 418
2 54 174
2 170 153
2 226 38
2 257 135
2 75 239
2 310 410
2 345 397
2 442 4
2 55 3
2 223 414
2 479 192
2 196 170
2 179 194
2 145 247
2 163 337
2 309 207
2 348 252
2 214 94
2 233 25
2 16 444
2 325 143
2 106 273
2 14 245
2 456 338
2 238 464
2 258 437
2 231 87
2 367 237
2 269 376
2 413 28
2 112 154
2 451 70
2 212 39
2 367 179
2 185 160
2 354 368
2 178 307
2 42 385
2 471 40
2 340 228
2 278 383
2 427 349
2 137 109
2 203 72
2 300 82
2 399 43
2 473 344
2 403 305
2 322 443
2 181 410
2 345 300
2 210 252
2 332 407
2 158 437
2 331 125
2 31 312
2 31 295
2 370 369
2 308 492
2 430 255
2 407 76
2 339 156
2 214 69
2 154 344
2 23 266
2 105 181
2 222 342
2 243 401
2 216 173
2 306 327
2 391 379
2 429 237
2 356 433
2 54 180
2 184 104
2 276 389
2 73 209
2 280 392
2 464 244
2 179 290
2 278 74
2 240 205
2 81 361
2 418 186
2 200 363
2 301 122
2 246 35
2 331 442
2 249 336
2 271 39
2 446 402
2 235 496
2 56 44
2 138 144
2 261 217
2 114 269
2 318 204
2 457 163
2 275 2
2 245 180
2 342 417
2 99 25
2 273 163
2 47 292
2 171 207
2 216 66
2 397 135
2 123 224
2 192 414
2 196 335
2 373 456
2 240 444
2 220 453
2 127 426
2 9 453
2 106 485
2 83 195
2 25 306
2 84 364
2 182 28
2 497 17
2 31 273
2 443 322
2 75 347
2 476 295
2 493 187
2 75 220
2 84 320
2 119 312
2 412 55
2 214 163
2 159 202
2 255 247
2 223 42
2 322 28
2 14 62
2 393 10
2 99 83
2 253 397
2 403 41
2 472 14
2 449 30
2 14 459
2 433 80
2 201 198
2 398 91
2 17 3
2 480 280
2 266 65
2 243 214
2 295 127
2 416 110
2 158 390
2 343 116
2 340 224
2 357 401
2 147 495
2 338 406
2 190 51
2 95 229
2 246 231
2 55 477
2 357 213
2 274 145
2 437 246
2 369 24
2 66 3
2 145 200
2 38 377
2 306 483
2 427 428
2 314 431
2 203 125
2 414 274
2 337 203
2 344 372
2 267 357
2 14 1
102 27 181 216 125 372 144 171 207 278 74 247 229 34 363 106 485 477 277 392 52 107 7 201 198 357 401 383 314 469 394 34 302 449 30 225 453 89 392 223 42 347 442 57 72 17 354 266 314 427 403 75 347 423 147 201 198 357 401 106 485 477 277 438 49 232 413 69 10 95 177 464 58 398 91 12 196 321 352 249 333 322 443 40 312 308 492 390 41 308 492 9 453 284 428 234 111 249 333 336 433 261 217 86 326 95 284 480 191 238 464 163 257 8 334 247 229 34 363 106 485 477 277 233 381 75 220 234 352 159 30 138 144 51 450 337 203 284 43 56 460 105 197 147 133 306 483 293 462 175 229 185 160 464 244 241 263 75 347 55 3 182 28 258 437 186 442 249 333 322 443 467 220 350 27 446 402 8 334 258 437 186 442 249 333 322 443 429 145 28 11 466 84 270 55 56 460 485 407 217 343 214 163 121 178 381 6 96 442 179 224 106 485 477 277 76 270 446 402 6 416 340 228 205 495 216 125 191 159 358 313 12 196 469 340 358 313 333 271 242 340 445 208 491 413 479 192 22 457 141 244 56 460 105 197 147 133 306 483 364 448 159 202 145 260 184 104 367 179 373 456 75 347 423 147 364 448 84 320 258 437 34 363 22 457 429 83 116 436 22 136 238 86 222 342 14 1 274 145 410 45 256 339 446 402 8 334 216 125 372 144 138 144 25 376 163 337 446 297 403 305 284 428 248 389 348 142 271 493 284 43 451 70 399 43 497 269 151 151 147 495 482 167 8 334 80 272 307 200 181 410 266 314 427 403 497 17 41 418 273 460 112 154 374 95 331 125 75 347 179 290 456 340 203 125 95 229 198 215 489 96 257 135 41 418 8 334 68 417 357 213 370 74 397 135 118 185 125 282 353 117 395 212 86 326 154 66 22 457 141 244 223 42 214 94 83 271 214 163 191 159 358 313 271 170 250 197 171 207 231 87 427 428 36 145 258 437 186 442 295 127 416 35 86 326 95 284 145 200 278 74 438 49 104 231 135 166 170 153 489 96 257 135 438 49 104 231 121 178 381 6 96 442 179 224 437 74 466 84 356 433 446 297 398 178 497 269 370 74 451 70 338 406 248 389 62 387 306 327 306 327 249 333 217 343 214 163 75 220 250 371 128 381 233 381 437 74 227 250 68 417 22 184 138 144 51 450 165 293 105 197 390 237 138 144 214 94 211 72 115 82 413 28 266 314 416 316 482 167 235 496 51 450 370 369 34 302 489 96 96 454 16 444 364 448 182 28 173 449 138 144 247 229 89 392 200 363 346 315 54 174 258 437 370 74 141 244 355 298 95 177 62 387 306 327 169 324 250 197 128 381 222 461 395 203 256 339 430 255 398 178 321 352 214 163 497 17 41 418 358 313 333 271 242 340 445 208 491 413 479 192 22 457 141 244 56 460 105 197 147 133 306 483 364 448 159 202 145 260 184 104 296 351 357 213 340 224 347 442 135 166 170 153 249 333 123 183 354 368 72 318 479 192 28 11 294 372 214 94 443 322 275 353 301 153 105 197 163 257 411 354 49 353 179 340 14 62 435 445 163 337 446 297 104 231 458 27 38 377 26 396 38 377 26 396 118 185 45 62 211 146 164 362 416 35 236 312 6 416 340 228 138 144 51 450 165 293 105 197 390 237 138 144 214 94 211 72 234 352 159 30 103 49 84 320 17 183 139 84 22 136 123 183 243 401 382 57 234 352 159 30 266 314 427 403 416 35 497 269 332 36 119 498 278 74 191 159 163 237 63 459 438 49 232 413 211 146 164 362 220 453 431 2 75 220 250 371 370 74 397 135 451 70 399 43 497 269 151 151 437 74 227 250 68 417 22 184 336 433 261 217 185 160 251 129 403 305 284 428 184 104 358 313 28 11 242 340 249 333 123 183 220 193 127 426 86 326 154 66 216 125 372 144 416 316 382 57 116 436 464 244 248 389 348 142 145 247 373 456 323 348 50 178 45 62 435 263 398 301 363 8 429 145 28 11 466 84 270 55 56 460 485 407 217 343 214 163 356 433 446 297 96 450 348 252 83 271 214 163 62 387 306 327 437 74 466 84 356 433 446 297 398 178 497 269 370 74 451 70 449 30 244 454 264 227 236 312 220 193 127 426 449 30 17 429 9 453 284 428 234 111 249 333 336 433 261 217 86 326 95 284 364 448 159 202 145 260 184 104 95 284 273 381 435 445 172 446 464 58 24 146 250 197 10 156 171 207 216 66 328
