26 10
20 2 19 26 11 20 5 7 22 2 9 21 2 4 13 26 5 1 26 6 22
7 6 8 1 12 7 26 15
5 26 15 6 8 1
15 8 1 12 7 26 15 2 19 26 11 20 5 7 22 2
6 1 1 25 22 26 26
14 1 14 25 15 1 13 13 10 5 17 6 9 19 22
10 12 6 26 23 14 7 21 24 10 16
15 1 14 25 15 1 13 13 10 5 17 6 9 19 22 6
11 26 15 8 1 12 7 26 15 2 19 26
12 5 12 16 22 21 15 2 15 1 17 2 21
3 19 26 12
8 13 8 16 25 21 12 13 4
11 15 14 7 8 17 6 9 1 23 6 19
18 12 2 11 25 10 2 18 26 13 1 14 5 10 24 9 12 19 3
17 25 13 22 23 25 22 12 3 25 24 7 23 17 22 25 14 26
14 22 12 3 25 24 7 23 17 22 25 14 26 19 26
9 13 16 3 19 5 19 25 7 13
20 9 21 26 19 15 15 2 3 6 11 1 2 9 12 21 26 15 10 24 15
20 15 8 2 10 10 5 10 9 15 8 18 1 17 22 8 3 5 10 21 17
17 7 26 15 2 19 26 11 20 5 7 22 2 26 15 8 1 12
6 6 22 12 2 11 25
16 15 2 19 26 11 20 5 7 22 2 26 15 8 1 12 19
19 12 3 25 24 7 23 17 22 25 14 26 19 26 26 15 8 1 12 7
17 9 10 26 3 26 13 7 3 5 4 12 18 11 19 14 18 14
7 13 4 22 12 3 25 24
10 26 15 15 14 7 8 17 6 9 1
6 22 12 2 11 25 9 10 26 3
