500 1000
2 226 32
2 23 279
2 437 172
2 482 282
2 193 208
2 30 324
2 233 251
2 130 310
2 340 380
2 38 380
2 90 248
2 210 144
2 349 38
2 354 272
2 195 79
2 355 398
2 427 76
2 289 226
2 205 377
2 302 92
2 311 219
2 360 251
2 371 182
2 396 97
2 394 154
2 325 20
2 58 187
2 297 427
2 452 489
2 457 410
2 435 358
2 126 29
2 146 276
2 15 151
2 432 299
2 223 149
2 281 438
2 152 372
2 132 462
2 79 29
2 70 23
2 363 72
2 390 281
2 319 159
2 353 393
2 17 385
2 365 492
2 12 477
2 83 184
2 486 68
2 275 237
2 144 65
2 284 128
2 306 386
2 140 108
2 54 487
2 125 315
2 478 404
2 11 207
2 126 400
2 154 59
2 244 482
2 308 226
2 263 78
2 134 183
2 346 113
2 91 158
2 389 251
2 374 382
2 457 134
2 146 328
2 324 82
2 52 195
2 207 104
2 377 107
2 64 415
2 203 322
2 194 15
2 108 394
2 210 485
2 173 317
2 149 222
2 493 17
2 201 135
2 161 301
2 496 145
2 485 373
2 55 227
2 289 70
2 466 71
2 359 305
2 171 176
2 257 230
2 498 23
2 77 164
2 156 489
2 390 28
2 496 325
2 182 309
2 291 301
2 443 352
2 84 394
2 73 109
2 391 127
2 150 6
2 483 376
2 126 315
2 364 203
2 360 152
2 332 339
2 316 402
2 184 28
2 169 492
2 255 387
2 2 198
2 426 248
2 232 42
2 189 442
2 176 359
2 379 465
2 490 225
2 20 478
2 153 136
2 304 438
2 411 276
2 78 448
2 324 135
2 182 253
2 421 271
2 171 47
2 14 392
2 376 112
2 406 415
2 72 256
2 313 15
2 458 182
2 468 241
2 230 12
2 301 360
2 267 36
2 441 100
2 275 385
2 436 443
2 429 90
2 134 343
2 380 103
2 106 213
2 286 183
2 459 246
2 175 76
2 174 19
2 409 20
2 184 271
2 298 446
2 346 434
2 437 410
2 12 62
2 144 197
2 141 214
2 244 343
2 102 90
2 152 152
2 95 372
2 417 93
2 107 115
2 421 310
2 86 460
2 132 251
2 167 49
2 492 277
2 343 85
2 267 225
2 322 304
2 456 136
2 146 358
2 376 126
2 434 135
2 94 143
2 468 371
2 267 56
2 223 267
2 490 13
2 384 425
2 265 132
2 14 212
2 61 305
2 241 469
2 406 336
2 107 446
2 62 435
2 59 488
2 60 391
2 379 208
2 492 182
2 28 485
2 275 17
2 173 438
2 171 339
2 24 410
2 110 137
2 406 151
2 330 267
2 32 378
2 80 326
2 294 119
2 442 207
2 377 349
2 433 271
2 159 362
2 396 178
2 310 212
2 410 271
2 432 442
2 460 352
2 231 174
2 12 494
2 373 428
2 90 386
2 140 145
2 176 22
2 500 192
2 388 299
2 270 250
2 255 490
2 84 497
2 20 226
2 25 300
2 35 120
2 236 486
2 314 13
2 325 282
2 493 217
2 310 399
2 416 427
2 492 26
2 407 174
2 30 107
2 335 204
2 350 450
2 182 451
2 404 65
2 353 21
2 437 157
2 126 291
2 395 477
2 42 405
2 176 227
2 82 252
2 229 175
2 125 50
2 255 172
2 272 462
2 421 115
2 92 493
2 115 376
2 341 247
2 461 410
2 159 58
2 277 222
2 365 209
2 88 343
2 232 364
2 395 445
2 72 391
2 285 491
2 365 149
2 196 39
2 159 74
2 123 308
2 448 454
2 449 490
2 405 158
2 406 338
2 109 172
2 466 423
2 187 269
2 216 353
2 243 477
2 213 433
2 112 391
2 486 58
2 217 267
2 379 478
2 329 111
2 113 47
2 131 2
2 442 53
2 414 191
2 227 401
2 212 13
2 123 198
2 322 134
2 284 340
2 40 152
2 58 272
2 212 448
2 369 321
2 476 109
2 420 196
2 9 5
2 148 49
2 175 17
2 400 81
2 380 224
2 116 468
2 274 74
2 357 272
2 481 368
2 426 76
2 359 171
2 255 163
2 20 41
2 470 144
2 132 339
2 276 247
2 361 390
2 480 97
2 477 72
2 74 115
2 405 390
2 3 222
2 213 474
2 363 233
2 343 384
2 308 455
2 175 360
2 348 116
2 419 140
2 179 435
2 382 189
2 406 348
2 456 142
2 364 174
2 129 28
2 339 23
2 312 131
2 465 24
2 173 178
2 362 65
2 19 200
2 405 494
2 370 275
2 285 266
2 15 167
2 254 43
2 258 431
2 488 28
2 6 18
2 181 2
2 487 344
2 323 408
2 232 497
2 314 421
2 202 296
2 112 177
2 55 358
2 1 399
2 225 152
2 124 491
2 230 24
2 386 126
2 162 265
2 154 394
2 435 19
2 242 149
2 9 478
2 298 14
2 87 413
2 66 457
2 146 292
2 215 169
2 419 453
2 159 136
2 296 212
2 492 164
2 218 261
2 475 255
2 329 439
2 363 54
2 271 348
2 186 335
2 343 201
2 370 115
2 24 77
2 87 54
2 322 470
2 483 341
2 342 8
2 414 6
2 189 231
2 31 390
2 391 435
2 91 104
2 144 167
2 79 410
2 483 118
2 453 384
2 12 397
2 174 389
2 350 358
2 413 5
2 94 120
2 125 294
2 170 357
2 290 424
2 199 495
2 252 306
2 454 330
2 15 86
2 361 150
2 267 341
2 400 24
2 20 366
2 152 46
2 107 42
2 149 135
2 393 2
2 79 308
2 464 308
2 68 443
2 231 2
2 6 373
2 410 78
2 199 402
2 304 209
2 53 363
2 225 241
2 384 75
2 261 271
2 368 40
2 72 3
2 199 57
2 408 465
2 64 233
2 469 47
2 9 440
2 67 219
2 255 300
2 78 279
2 454 463
2 418 122
2 36 200
2 218 172
2 16 446
2 200 251
2 374 73
2 8 65
2 193 441
2 234 41
2 158 159
2 90 273
2 191 499
2 500 45
2 296 17
2 268 426
2 458 327
2 361 56
2 281 500
2 117 345
2 337 122
2 153 78
2 310 383
2 60 454
2 104 400
2 173 73
2 423 291
2 463 339
2 351 307
2 208 196
2 120 493
2 216 122
2 468 303
2 169 432
2 115 35
2 186 407
2 196 182
2 222 251
2 77 12
2 36 354
2 149 158
2 388 107
2 225 216
2 385 173
2 230 384
2 239 174
2 164 371
2 370 290
2 156 193
2 124 286
2 418 423
2 433 183
2 316 152
2 417 409
2 342 433
2 169 75
2 114 361
2 368 92
2 312 93
2 453 397
2 337 123
77 12 90 248 377 349 437 410 379 208 337 123 353 393 500 45 24 77 271 348 255 490 115 376 9 5 354 272 391 435 371 182 213 433 363 233 454 330 1 399 405 158 325 282 456 136 86 460 83 184 408 465 449 490 466 423 427 76 353 21 459 246 361 390 409 20 361 390 409 20 418 423 349 38 297 427 239 174 364 203 144 167 24 410 125 315 223 149 110 137 296 17 382 189 322 304 52 195 385 173 189 442 189 231 297 427 322 470 78 448 146 358 64 415 196 39 405 494 241 469 123 308 241 469 123 308 376 126 25 300 193 441 296 17 411 276 486 68 232 42 254 43 363 72 290 424 458 327 275 385 162 265 134 183 323 408 357 272 170 357 134 183 231 174 167 49 418 423 349 38 199 57 36 200 454 330 173 73 113 47 365 149 102 90 148 49 152 152 285 491 72 256 384 425 483 118 390 28 386 126 175 76 267 341 187 269 187 269 176 227 414 6 255 172 90 386 267 225 423 291 410 78 225 241 64 415 350 450 456 136 141 214 458 182 109 172 207 104 213 474 120 493 199 57 36 200 2 198 432 299 449 490 6 18 115 376 418 423 194 15 193 441 187 269 176 227 212 448 410 271 144 65 28 485 448 454 125 50 117 345 42 405 456 142 362 65 351 307 404 65 175 17 171 176 457 134 371 182 153 78 361 150 132 339 349 38 325 282 456 136 86 460 83 184 79 308 410 78 181 2 152 372 205 377 110 137 449 490 6 18 212 448 427 76 126 400 296 17 423 291 146 328 213 474 120 493 275 17 132 462 201 135 368 92 196 39 223 149 435 19 32 378 144 167 298 446 340 380 193 208 167 49 316 152 242 149 316 152 353 21 459 246 117 345 42 405 459 246 313 15 84 497 404 65 361 56 72 256 215 169 490 13 364 203 144 167 388 107 87 413 386 126 175 76 492 182 195 79 322 470 78 448 146 358 64 415 316 152 490 13 28 485 108 394 265 132 449 490 281 500 490 13 285 266 161 301 162 265 134 183 234 41 418 423 30 324 289 226 144 65 28 485 230 24 409 20 391 127 350 358 388 107 87 413 275 17 132 462 270 250 459 246 370 275 130 310 78 448 276 247 239 174 159 136 302 92 9 478 441 100 460 352 377 349 391 127 329 111 182 253 298 446 144 167 441 100 460 352 281 500 490 13 396 97 203 322 475 255 126 315 423 291 410 78 225 241 64 415 218 261 184 28 359 171 370 115 417 93 215 169 77 12 170 357 173 73 396 97 184 271 458 182 457 410 343 384 227 401 20 226 284 128 154 394 149 222 272 462 417 93 215 169 77 12 170 357 173 73 396 97 184 271 458 182 108 394 481 368 361 150 194 15 223 267 23 279 409 20 419 453 2 198 218 261 385 173 405 494 213 474 120 493 194 15 193 441 343 384 149 222 405 494 176 227 169 492 365 492 242 149 459 246 213 474 380 224 144 65 28 485 385 173 189 442 189 231 297 427 146 358 427 76 343 85 376 126 32 378 213 474 396 178 429 90 359 305 391 127 371 182 213 433 28 485 108 394 114 361 134 343 201 135 368 92 170 357 134 183 395 445 194 15 126 315 363 72 167 49 316 152 242 149 316 152 454 330 173 73 24 77 304 209 466 71 322 470 55 227 285 266 285 491 376 112 369 321 225 241 208 196 365 492 294 119 475 255 78 448 452 489 179 435 78 279 88 343 449 490 423 291 146 328 114 361 134 343 465 24 20 478 146 292 466 423 171 47 359 171 194 15 193 441 187 269 176 227 350 450 456 136 141 214 458 182 175 17 171 176 340 380 77 12 432 442 115 35 379 465 417 409 492 182 195 79 379 208 418 122 271 348 73 109 84 497 409 20 395 445 194 15 126 315 363 72 386 126 189 231 15 86 302 92 79 308 410 78 181 2 152 372 369 321 225 241 350 450 456 136 435 19 32 378 429 90 86 460 379 208 418 122 212 448 427 76 267 341 187 269 164 371 389 251 423 291 410 78 225 241 64 415 218 261 184 28 359 171 370 115 325 282 456 136 86 460 83 184 79 308 410 78 181 2 152 372 24 410 125 315 223 149 110 137 296 17 382 189 322 304 52 195 297 427 239 174 364 203 144 167 255 387 386 126 72 256 285 266 380 103 225 152 225 241 64 415 285 266 161 301 218 261 78 448 31 390 324 135 487 344 225 152 342 8 126 315 485 373 20 366 173 73 396 97 184 271 458 182 132 339 231 2 359 305 391 127 485 373 306 386 213 474
