300 500
3 235 227 62
3 293 1 45
3 12 111 104
3 243 290 231
3 47 244 116
2 21 19
3 106 66 274
3 79 101 201
3 125 258 36
2 181 178
2 277 99
2 263 171
2 213 247
2 170 135
3 200 150 255
2 93 292
3 149 241 50
3 111 205 120
2 126 281
2 166 72
2 271 229
3 163 6 83
2 165 21
3 111 72 185
3 240 221 116
3 46 48 276
2 75 109
3 10 57 49
2 90 23
3 220 100 284
3 189 232 71
3 191 18 14
2 76 117
2 287 223
2 273 289
3 231 260 188
3 275 81 248
2 235 266
2 196 90
3 197 27 208
2 223 108
2 134 15
2 76 74
3 271 199 5
3 201 46 122
2 73 69
3 51 208 299
3 165 12 82
2 77 154
2 15 26
2 236 4
2 148 170
3 250 166 252
3 213 200 13
3 164 18 3
3 22 207 15
3 277 173 202
2 139 261
3 112 16 98
2 275 56
2 104 115
2 258 235
3 89 128 275
3 62 52 193
2 53 219
3 124 223 57
3 114 81 152
3 260 230 234
3 164 209 279
3 95 26 145
3 145 249 235
3 123 127 231
3 145 106 42
2 38 163
2 226 97
3 130 187 178
2 47 14
2 293 133
2 148 173
3 42 26 187
2 174 136
2 179 99
2 176 34
3 108 179 140
3 185 99 222
3 110 59 11
3 269 49 145
3 120 269 258
2 123 168
3 107 219 285
2 251 292
2 82 81
2 298 150
3 138 13 195
2 284 70
2 268 75
2 273 6
2 170 163
3 107 166 90
3 93 240 256
2 244 67
2 194 86
2 30 243
2 296 183
2 17 18
2 106 266
3 183 225 246
2 167 94
3 259 225 235
3 227 181 219
3 153 299 208
2 83 240
3 184 7 96
2 76 147
3 160 84 283
3 118 105 207
3 226 48 287
2 179 123
3 118 4 61
3 38 142 187
2 119 127
2 178 13
3 61 163 106
3 205 224 215
3 152 41 148
2 232 53
3 33 114 246
2 6 5
3 155 224 74
2 73 131
2 161 69
3 201 133 178
3 260 238 97
3 213 55 268
2 279 32
2 117 167
3 238 165 80
3 294 221 218
2 261 118
2 256 179
3 285 117 83
2 90 23
3 179 195 217
3 273 187 279
2 66 30
3 191 215 298
2 88 19
2 129 172
2 299 30
3 197 281 89
2 205 211
2 47 198
2 65 37
3 91 159 216
2 152 168
2 197 125
2 21 105
3 35 241 209
2 200 90
3 250 120 286
2 245 32
2 117 216
2 298 138
2 165 279
2 265 12
3 137 233 161
2 19 223
2 175 137
3 88 273 123
3 246 6 292
3 272 187 46
3 243 94 131
3 282 183 267
2 242 292
2 230 151
2 115 252
3 210 231 81
2 248 284
3 58 229 70
3 296 293 85
3 20 140 299
2 190 70
2 298 125
3 143 126 179
2 42 252
3 80 126 150
3 274 81 167
2 173 47
2 17 76
2 255 106
2 277 244
3 226 162 144
3 44 133 116
2 118 64
3 13 121 218
2 139 244
2 80 239
2 221 18
3 146 7 222
3 93 244 86
3 37 199 125
2 38 114
3 272 66 116
3 35 282 145
3 227 85 81
2 69 280
2 10 197
3 179 280 206
2 77 24
2 154 196
3 110 222 237
2 127 2
2 297 262
3 286 57 240
3 235 151 127
2 33 70
3 133 83 99
2 121 6
3 194 149 90
3 234 47 14
2 266 291
3 109 119 144
2 43 53
3 185 221 49
2 152 120
3 203 263 31
3 238 98 36
3 193 257 32
2 256 80
3 116 133 198
3 16 232 94
3 274 62 161
2 97 7
3 288 300 67
2 159 30
3 242 210 267
2 56 285
2 148 55
2 236 281
3 60 7 200
3 220 296 196
2 247 9
2 48 229
3 105 97 269
3 97 270 251
2 168 93
3 142 100 30
3 67 282 161
2 190 280
2 72 288
2 173 88
2 200 51
3 222 187 281
2 96 107
2 140 60
3 239 228 31
3 240 299 136
2 206 162
3 61 209 92
2 144 145
3 31 249 268
2 164 233
2 150 226
2 4 91
2 220 78
2 229 103
2 121 138
3 79 147 114
2 124 222
2 1 27
3 213 158 67
2 140 150
2 37 117
2 40 48
2 109 217
2 139 86
2 195 112
3 189 101 50
3 48 104 16
3 67 21 101
2 218 43
2 211 11
2 43 71
2 118 205
2 16 98
3 154 206 166
2 88 182
3 219 67 95
2 298 111
2 132 96
2 101 90
2 157 79
2 193 91
3 270 235 56
2 94 173
3 215 122 207
2 14 222
2 128 66
3 198 275 209
2 63 21
93 244 86 107 219 285 234 47 14 93 240 256 118 205 129 172 164 18 3 246 6 292 298 138 16 232 94 144 145 173 47 69 280 117 216 200 90 220 100 284 272 66 116 150 226 189 232 71 37 117 21 19 104 115 77 24 82 81 47 198 38 142 187 200 90 220 100 284 128 66 197 281 89 17 18 273 6 124 222 227 181 219 112 16 98 277 99 298 125 152 120 168 93 118 64 299 30 107 219 285 93 292 170 163 219 67 95 63 21 114 81 152 236 4 179 280 206 198 275 209 246 6 292 279 32 128 66 197 281 89 275 56 106 66 274 93 244 86 236 281 193 257 32 189 232 71 58 229 70 61 163 106 238 98 36 185 99 222 174 136 6 5 124 223 57 270 235 56 266 291 121 6 213 158 67 256 80 232 53 218 43 160 84 283 200 51 88 182 43 53 166 72 256 179 198 275 209 67 282 161 118 205 134 15 46 48 276 274 81 167 242 210 267 218 43 128 66 197 281 89 17 18 273 6 124 222 227 181 219 112 16 98 277 99 42 26 187 236 281 121 6 76 74 61 163 106 175 137 239 228 31 58 229 70 109 217 22 207 15 242 210 267 218 43 44 133 116 240 299 136 191 18 14 17 76 274 62 161 145 249 235 213 55 268 200 150 255 73 69 165 12 82 139 86 40 48 174 136 19 223 288 300 67 51 208 299 170 135 298 150 60 7 200 239 228 31 179 123 227 85 81 265 12 263 171 179 99 239 228 31 42 26 187 149 241 50 111 205 120 37 117 21 19 205 224 215 109 119 144 130 187 178 88 19 242 292 117 167 51 208 299 221 18 128 66 152 41 148 47 198 38 142 187 175 137 298 150 179 123 62 52 193 198 275 209 220 100 284 183 225 246 194 149 90 16 98 298 150 157 79 246 6 292 298 138 139 261 256 80 95 26 145 104 115 298 138 106 266 165 12 82 256 80 201 133 178 268 75 93 292 274 62 161 138 13 195 215 122 207 298 125 250 120 286 108 179 140 43 71 73 131 274 81 167 248 284 203 263 31 165 12 82 88 182 73 131 274 81 167 248 284 120 269 258 126 281 230 151 238 165 80 128 66 197 281 89 14 222 164 233 273 289 220 296 196 77 24 76 147 174
