100 100
8 93 89 46 76 10 72 50 84
8 10 72 50 84 93 89 46 76
8 84 93 89 46 76 10 72 50
8 50 8 53 70 77 62 24 50
8 85 71 78 30 73 78 95 75
8 76 56 41 77 90 10 92 93
8 47 72 9 34 58 69 45 38
8 46 76 50 8 53 70 77 62
8 71 78 30 73 78 95 75 84
8 3 55 1 84 84 38 53 81
8 3 55 1 84 84 38 53 81
8 44 31 38 40 65 75 88 27
8 93 89 46 76 3 55 1 84
8 40 17 20 53 67 65 94 91
8 6 4 93 27 5 46 30 28
8 84 50 8 53 70 77 62 24
8 21 98 55 79 40 92 89 64
8 50 84 84 93 89 46 76 10
8 45 83 37 97 49 26 42 72
8 34 23 77 30 32 97 91 64
8 32 59 20 45 11 89 8 78
8 84 84 38 53 81 76 56 41
8 87 73 60 86 92 75 21 63
8 75 70 82 85 16 27 50 99
8 15 73 24 9 43 31 81 30
8 48 20 6 40 46 77 2 7
8 38 73 10 27 89 27 3 91
8 59 20 45 11 89 8 78 84
8 60 86 92 75 21 63 93 89
8 84 93 89 46 76 3 55 1
8 62 48 20 6 40 46 77 2
8 34 58 69 45 38 50 8 53
8 53 28 81 10 63 57 17 45
8 21 63 45 83 37 97 49 26
8 92 93 84 93 89 46 76 3
8 84 93 89 46 76 15 73 24
8 37 22 11 74 57 69 24 53
8 1 55 83 10 31 95 4 8
8 8 78 84 38 73 10 27 89
8 42 45 61 27 30 55 60 54
8 37 97 49 26 34 58 69 45
8 45 32 59 20 45 11 89 8
8 31 12 68 71 63 97 33 8
8 1 84 84 38 53 81 71 78
8 18 11 98 22 37 84 63 54
8 46 76 10 72 50 84 59 20
8 57 17 45 85 71 78 30 73
8 53 53 28 81 10 63 57 17
8 22 11 74 57 69 24 53 62
8 72 72 68 2 91 39 23 59
8 18 76 94 73 80 15 79 98
8 46 76 50 8 53 70 77 62
8 56 41 84 93 89 46 76 10
8 36 10 36 62 100 90 96 51
8 44 50 19 68 36 98 57 99
8 59 5 11 11 7 77 61 84
8 37 46 86 51 89 78 77 29
8 48 17 21 37 67 85 73 40
8 94 72 30 67 41 27 25 92
8 66 54 23 71 95 76 62 37
8 75 26 24 18 35 48 21 87
8 10 27 89 47 72 9 34 58
8 22 37 84 63 54 18 76 94
8 43 31 81 30 18 76 94 73
8 37 72 46 8 6 84 13 3
8 97 30 3 88 1 89 9 19
8 93 89 46 76 3 53 28 81
8 8 78 84 57 17 45 85 71
8 51 33 2 95 60 35 73 5
8 73 58 62 99 37 38 26 13
8 12 78 95 81 3 79 20 68
8 84 84 38 53 81 37 46 86
8 24 53 37 97 49 26 34 58
8 85 26 22 38 40 98 41 12
8 60 78 97 42 14 92 2 99
8 59 21 2 87 86 20 75 62
8 62 84 84 38 53 81 37 46
8 80 15 79 98 22 11 74 57
8 58 71 30 86 61 59 6 34
8 72 21 98 55 79 40 92 89
8 77 79 67 31 9 90 7 64
8 46 13 55 65 23 97 3 73
8 31 52 17 80 36 78 66 49
8 20 75 62 44 31 38 40 65
8 50 8 53 70 77 62 45 83
8 3 55 1 84 46 13 55 65
8 64 82 6 55 28 62 82 47
8 84 55 55 92 22 13 45 41
8 40 42 48 28 1 45 40 16
8 92 14 81 26 85 27 81 7
8 64 11 74 84 9 87 46 63
8 52 71 80 32 11 92 78 77
8 27 94 24 53 50 47 44 16
8 16 15 73 24 9 43 31 81
8 50 4 9 99 78 23 19 15
8 84 93 89 46 76 3 84 93
8 79 79 34 23 37 23 99 71
8 96 43 32 18 64 64 59 59
8 52 79 31 70 50 10 49 24
8 3 53 72 29 77 89 79 16
79 67 31 9 90 7 64 59 21 2 87 86 20 75 62 59 5 11 11 7 77 61 84 37 97 49 26 34 58 69 45 37 22 11 74 57 69 24 53 84 84 38 53 81 76 56 41 3 55 1 84 84 38 53 81 85 26 22 38 40 98 41 12 37 46 86 51 89 78 77 29 51 33 2 95 60 35 73 5 75 70 82 85 16 27 50 99 56 41 84 93 89 46 76 10 34 23 77 30 32
