1000
5098 5721 9590 5552 2532 2195 2805 2192 3499 4357 886 8356 6190 1350 3802 215 8885 7259 8894 836 6103 832 1087 7424 3885 5193 9808 3832 230 9161 2074 1133 6829 386 4852 7821 1497 5134 5971 1828 4067 1711 6867 1891 5773 1106 5190 7247 2545 2041 6093 2125 7351 7192 5941 3373 7547 3328 484 6004 7886 2747 3988 6703 3468 5991 1374 3444 8367 1527 5579 2363 8050 8341 3063 2158 7944 4125 4791 8413 3037 9702 5596 1349 1325 7490 9881 2769 3844 793 9778 9105 4102 9392 9893 7850 1168 3968 9213 7678 2798 2292 8132 9086 4382 2866 5209 6301 2853 9838 2499 2215 7505 4236 9781 6802 9631 629 9922 9364 6318 5147 4898 9701 4596 7360 8278 694 8063 1940 3064 6322 5582 1550 2855 3140 8449 1789 9218 3081 9022 6414 9234 6856 9542 3057 5661 4559 1175 7016 5800 2767 4963 1840 7693 442 7921 4723 9726 2748 5971 6044 7800 8489 2039 460 8299 3669 7618 2269 5641 9034 2266 3526 1405 4693 4722 7630 3199 6769 5996 7492 6581 5049 8986 8670 187 1752 9925 5520 4774 1219 8690 4144 165 6601 1394 3384 8505 8442 2936 8283 2439 5702 2305 2348 7516 3319 2303 5611 1456 3362 1430 5473 4046 746 6811 4094 3507 4598 361 9761 6053 8547 6470 5384 7078 3629 1861 1720 8537 7690 7437 1695 9444 1783 619 4488 3254 6183 6291 8704 9675 345 3181 4807 9310 5786 3310 3384 8958 1564 6275 4492 8916 261 1541 9563 7332 5850 1098 4533 7250 5805 600 9489 3895 2676 7056 4132 6404 1965 1608 2036 8966 4271 9785 3613 6203 3026 5338 2468 2483 7474 7549 9962 2507 2656 7049 1603 9894 90 1287 6231 1757 9643 3889 1001 3209 5398 4296 5894 3005 3503 7925 7552 617 5003 7074 5980 5117 5017 6201 6857 4667 6001 2429 691 6993 7884 889 8774 2837 9251 7446 8886 193 1917 2448 3454 6673 276 3387 5896 4586 3335 8594 621 558 2949 2016 269 4701 1240 2883 2720 6270 5824 6461 7166 6334 562 173 3469 7176 1248 2957 8841 4487 8874 3405 9193 984 2646 2673 4528 2002 8156 1718 656 9354 1829 1643 806 7395 5334 9886 8578 2691 4471 788 1381 9980 2233 8460 5968 8568 2838 8502 1178 4822 7083 336 146 4709 3924 562 8150 8830 1591 3547 6036 4984 8676 8587 3423 3894 635 2627 2533 1203 14 4921 4062 1168 4137 2992 8903 4541 1327 3128 2479 5175 1111 3266 6129 9361 8839 2134 1860 5206 4191 616 3648 61 8297 9 2690 5918 7407 1274 6113 6485 3838 2902 7442 4165 1674 8528 4489 2798 7331 8715 8065 5009 2454 4201 4846 8323 2662 4230 9489 9521 1740 373 6571 1844 1580 2507 1909 6213 5611 6907 432 3394 2334 9906 2489 1489 4405 740 8367 5684 6472 7207 9224 349 4000 7134 816 2388 3977 9288 9140 3960 5878 9483 238 531 2726 1674 1426 1312 6598 5359 8952 8657 3511 1173 1674 4988 4353 53 8529 182 5992 8915 1516 8243 1102 4202 4753 4220 1913 5350 7654 1730 710 3824 9665 2658 3710 1471 6479 6010 4184 8908 5795 6411 3152 4775 671 3695 471 7801 2551 685 906 4217 2004 8458 503 2291 8647 9426 1677 6054 7839 8760 7267 1261 524 4938 2588 1456 7652 3353 9114 6284 7431 8199 7585 4384 2190 1506 5869 73 5897 8992 6775 6321 953 91 1411 275 7915 2719 717 2338 4006 3073 6278 570 3607 4259 5193 4023 5963 2949 755 8197 2684 4670 9218 6504 7680 5036 589 6637 1919 8776 8005 6801 2899 3261 2731 7936 3092 6218 866 3504 4741 5414 9861 8048 6521 6612 6204 1627 6699 5431 2011 1809 5500 2184 1004 7703 1789 1925 7135 2014 6320 1116 1246 1762 1114 6345 1990 9812 1532 4988 1731 1690 9058 5855 2602 901 299 8166 8077 5091 8347 4151 3339 3495 477 6204 3670 2918 8973 3607 9401 4402 4389 7269 1994 1212 7606 3206 6412 1350 6777 429 696 6327 3014 4419 3245 8322 5558 6960 3813 5305 6436 1788 1498 8846 6265 9603 2329 9915 1352 2536 981 1219 7606 363 1824 9688 3118 2573 8454 2749 6421 6883 3994 751 1401 458 228 5952 799 1211 2491 5988 2462 2047 6336 4368 7702 2660 8795 3759 3621 2192 2395 9095 8731 5397 1784 2860 2668 7590 6426 3427 8710 7801 5631 5594 4979 4349 3385 1414 6881 6542 3735 6460 9425 1351 166 9620 6445 296 6502 3419 909 1544 1089 8344 3947 3084 7306 929 7238 6264 3875 9247 4244 9573 2930 4320 8780 1956 7780 3243 9779 7682 7713 8873 6292 5453 2227 6770 2037 7606 2194 9621 2616 8887 1441 6797 4560 471 8831 8000 6549 9324 8502 9753 1513 464 6520 5993 3803 2935 2635 265 588 9535 674 8211 9073 8361 1455 8274 6376 6023 7621 6999 4110 5239 7523 5965 1456 319 2878 2703 4593 1289 4941 9241 5819 6145 7579 2509 2553 7964 1336 9447 2757 4412 9409 2290 1438 5106 946 268 9244 9923 617 7479 2263 941 7565 1042 644 1723 6511 2040 1329 4936 4751 8455 8660 6929 594 8596 9038 8750 4194 2509 3158 6498 1255 7294 2404 8976 725 5336 2778 1089 7862 5823 8218 1827 6729 4739 1556 6724 106 5842 2686 2368 9189 4587 8346 535 597 1814 3234 787 6754 2083 9943 152 4091 3936 5882 7052 7743 8046 4234 3177 2738 5158 784 7521 9870 680 2136 9234 4584 4005 7169 5642 901 9582 8309 9324 8701 5323 6621 2291 3183 8321 7455 1607 4645 6830 5594 7438 8648 2182 5988 7253 8551 8676 4113 366 6005 7241 2055 572 4177 4792 8176 3373 7769 6294 9871 296 3793 5116 9414 807 113 2287 6856 7270 7421 2353 8459 6493 4249 2441 5536 9018 5308 2401 21 7571 6612 6478 7802 9467 3659 3765 6148 5202 1833 
2 1
3 2
4 3
5 4
6 5
7 6
8 7
9 8
10 9
11 10
12 11
13 12
14 3
15 14
16 15
17 16
18 17
19 18
20 19
21 16
22 17
23 22
24 23
25 24
26 25
27 26
28 27
29 28
30 29
31 30
32 31
33 30
34 33
35 2
36 35
37 36
38 25
39 38
40 6
41 40
42 41
43 42
44 43
45 32
46 45
47 20
48 47
49 48
50 49
51 50
52 51
53 52
54 53
55 54
56 36
57 56
58 8
59 58
60 59
61 55
62 61
63 30
64 63
65 64
66 15
67 66
68 67
69 68
70 69
71 70
72 71
73 31
74 73
75 45
76 75
77 76
78 77
79 78
80 79
81 80
82 81
83 82
84 17
85 84
86 85
87 86
88 87
89 88
90 89
91 90
92 91
93 92
94 93
95 94
96 36
97 96
98 97
99 98
100 52
101 100
102 101
103 102
104 103
105 104
106 33
107 14
108 107
109 79
110 50
111 102
112 44
113 112
114 113
115 114
116 115
117 116
118 117
119 19
120 119
121 120
122 84
123 122
124 123
125 124
126 125
127 126
128 127
129 10
130 129
131 130
132 68
133 7
134 133
135 134
136 135
137 136
138 137
139 104
140 139
141 140
142 141
143 142
144 106
145 144
146 87
147 146
148 147
149 99
150 17
151 138
152 8
153 152
154 153
155 154
156 155
157 156
158 157
159 158
160 159
161 160
162 161
163 162
164 163
165 164
166 165
167 166
168 167
169 168
170 169
171 170
172 171
173 172
174 158
175 174
176 175
177 176
178 177
179 178
180 179
181 180
182 181
183 45
184 183
185 184
186 185
187 38
188 23
189 188
190 187
191 190
192 191
193 192
194 193
195 194
196 195
197 196
198 197
199 198
200 199
201 200
202 201
203 202
204 203
205 204
206 205
207 206
208 207
209 208
210 70
211 151
212 211
213 212
214 213
215 100
216 215
217 216
218 217
219 49
220 219
221 220
222 221
223 143
224 198
225 224
226 225
227 226
228 227
229 228
230 229
231 230
232 231
233 232
234 233
235 234
236 235
237 236
238 237
239 238
240 239
241 240
242 241
243 242
244 243
245 8
246 245
247 246
248 247
249 248
250 249
251 250
252 251
253 252
254 211
255 254
256 255
257 256
258 257
259 248
260 259
261 260
262 261
263 262
264 263
265 204
266 265
267 266
268 267
269 268
270 3
271 270
272 271
273 272
274 273
275 274
276 275
277 276
278 277
279 278
280 132
281 36
282 281
283 201
284 283
285 284
286 285
287 286
288 136
289 288
290 289
291 62
292 291
293 292
294 293
295 294
296 295
297 296
298 297
299 298
300 299
301 300
302 229
303 302
304 303
305 304
306 305
307 306
308 307
309 308
310 309
311 286
312 311
313 312
314 116
315 314
316 315
317 316
318 317
319 318
320 319
321 320
322 321
323 8
324 74
325 324
326 139
327 127
328 327
329 328
330 281
331 330
332 331
333 332
334 333
335 334
336 335
337 336
338 314
339 338
340 339
341 340
342 20
343 342
344 343
345 86
346 345
347 346
348 347
349 348
350 349
351 350
352 351
353 352
354 353
355 354
356 355
357 356
358 146
359 358
360 359
361 227
362 361
363 362
364 363
365 364
366 365
367 366
368 319
369 368
370 369
371 370
372 371
373 372
374 373
375 374
376 375
377 376
378 102
379 189
380 379
381 380
382 381
383 217
384 361
385 384
386 385
387 98
388 387
389 388
390 84
391 25
392 391
393 392
394 393
395 201
396 395
397 396
398 397
399 216
400 399
401 400
402 401
403 402
404 403
405 404
406 405
407 6
408 407
409 408
410 314
411 410
412 411
413 412
414 413
415 414
416 265
417 416
418 417
419 418
420 419
421 420
422 4
423 296
424 423
425 424
426 425
427 426
428 427
429 75
430 30
431 430
432 431
433 432
434 433
435 434
436 435
437 436
438 437
439 438
440 439
441 440
442 441
443 442
444 77
445 133
446 445
447 384
448 447
449 448
450 308
451 450
452 451
453 452
454 71
455 160
456 428
457 456
458 457
459 458
460 459
461 460
462 461
463 462
464 463
465 464
466 465
467 466
468 467
469 468
470 469
471 92
472 471
473 112
474 473
475 474
476 112
477 476
478 477
479 478
480 479
481 480
482 481
483 482
484 483
485 79
486 485
487 486
488 487
489 488
490 258
491 490
492 19
493 492
494 493
495 494
496 495
497 496
498 497
499 498
500 499
501 500
502 501
503 502
504 503
505 504
506 505
507 169
508 507
509 508
510 509
511 510
512 511
513 512
514 513
515 514
516 515
517 516
518 406
519 518
520 519
521 520
522 459
523 522
524 523
525 524
526 525
527 526
528 527
529 528
530 529
531 530
532 220
533 532
534 533
535 534
536 146
537 536
538 124
539 538
540 183
541 540
542 541
543 542
544 543
545 544
546 545
547 546
548 547
549 298
550 458
551 550
552 551
553 552
554 553
555 554
556 555
557 168
558 557
559 558
560 559
561 560
562 561
563 562
564 563
565 564
566 565
567 566
568 567
569 568
570 569
571 570
572 571
573 572
574 573
575 574
576 575
577 576
578 387
579 578
580 579
581 580
582 387
583 582
584 96
585 584
586 585
587 586
588 331
589 588
590 589
591 94
592 591
593 592
594 574
595 39
596 595
597 596
598 597
599 442
600 599
601 600
602 199
603 602
604 603
605 604
606 91
607 606
608 607
609 608
610 271
611 610
612 611
613 612
614 613
615 614
616 615
617 616
618 617
619 618
620 619
621 620
622 621
623 396
624 623
625 348
626 625
627 626
628 627
629 628
630 629
631 630
632 631
633 632
634 633
635 634
636 635
637 636
638 637
639 638
640 639
641 640
642 641
643 642
644 643
645 644
646 645
647 641
648 647
649 169
650 649
651 8
652 651
653 652
654 653
655 654
656 655
657 124
658 115
659 152
660 659
661 612
662 661
663 662
664 663
665 664
666 665
667 666
668 667
669 668
670 669
671 670
672 671
673 380
674 579
675 674
676 361
677 676
678 677
679 678
680 679
681 680
682 129
683 682
684 17
685 684
686 269
687 686
688 687
689 442
690 689
691 690
692 691
693 692
694 693
695 694
696 640
697 696
698 697
699 698
700 699
701 700
702 701
703 702
704 703
705 704
706 705
707 706
708 707
709 708
710 709
711 710
712 711
713 712
714 713
715 714
716 521
717 716
718 717
719 718
720 719
721 720
722 721
723 722
724 723
725 619
726 725
727 726
728 727
729 728
730 729
731 730
732 230
733 732
734 733
735 734
736 735
737 736
738 737
739 738
740 739
741 248
742 741
743 742
744 743
745 676
746 745
747 157
748 747
749 748
750 749
751 125
752 751
753 752
754 753
755 754
756 755
757 209
758 166
759 758
760 759
761 760
762 761
763 762
764 763
765 77
766 765
767 766
768 767
769 245
770 112
771 770
772 771
773 772
774 164
775 774
776 775
777 776
778 777
779 514
780 779
781 780
782 781
783 782
784 783
785 784
786 614
787 786
788 787
789 445
790 789
791 790
792 791
793 792
794 793
795 794
796 795
797 25
798 797
799 798
800 799
801 800
802 801
803 214
804 803
805 804
806 805
807 806
808 807
809 808
810 809
811 810
812 811
813 812
814 813
815 776
816 815
817 816
818 817
819 818
820 819
821 820
822 821
823 822
824 823
825 194
826 825
827 425
828 827
829 828
830 7
831 830
832 831
833 832
834 77
835 834
836 835
837 836
838 837
839 838
840 839
841 840
842 841
843 166
844 843
845 844
846 845
847 846
848 847
849 848
850 849
851 850
852 361
853 852
854 853
855 75
856 855
857 856
858 857
859 858
860 859
861 860
862 861
863 862
864 863
865 864
866 372
867 866
868 867
869 837
870 869
871 870
872 871
873 872
874 873
875 199
876 875
877 876
878 877
879 878
880 879
881 880
882 881
883 882
884 883
885 884
886 885
887 886
888 801
889 888
890 889
891 890
892 501
893 203
894 375
895 894
896 895
897 896
898 897
899 898
900 899
901 786
902 901
903 902
904 903
905 904
906 905
907 906
908 907
909 908
910 909
911 910
912 319
913 912
914 670
915 914
916 915
917 916
918 917
919 918
920 919
921 920
922 921
923 87
924 923
925 924
926 925
927 926
928 927
929 928
930 925
931 930
932 931
933 932
934 50
935 934
936 935
937 936
938 937
939 236
940 939
941 166
942 941
943 942
944 943
945 192
946 530
947 946
948 947
949 646
950 873
951 950
952 951
953 952
954 953
955 888
956 955
957 956
958 957
959 958
960 959
961 960
962 961
963 663
964 963
965 320
966 965
967 966
968 820
969 968
970 503
971 970
972 971
973 972
974 973
975 974
976 685
977 976
978 977
979 978
980 979
981 980
982 981
983 210
984 983
985 984
986 580
987 986
988 987
989 988
990 989
991 990
992 991
993 992
994 993
995 994
996 995
997 996
998 997
999 998
1000 999
930
334
998
160
5
6
893
841
813
89
11
12
811
14
572
16
564
18
377
470
562
551
23
406
408
26
867
889
423
886
840
32
685
240
444
323
904
220
888
58
221
494
510
816
45
402
214
506
412
396
960
937
354
614
55
56
57
422
613
60
875
62
651
990
824
567
443
955
69
890
754
605
73
722
75
349
719
640
79
53
916
389
635
33
864
86
403
227
524
90
270
92
307
868
693
96
647
98
548
652
325
308
103
842
3
63
749
251
94
110
111
462
997
114
456
116
658
821
746
818
792
122
209
124
200
995
779
128
452
271
579
165
653
661
726
311
199
942
139
584
985
695
350
624
437
559
273
148
649
172
607
457
195
360
846
785
480
934
505
151
385
216
152
783
155
772
777
4
35
188
171
847
173
239
175
353
328
303
82
633
399
944
319
184
806
315
191
482
669
645
765
192
345
272
720
431
197
97
250
229
641
202
740
219
849
837
672
208
787
123
138
212
332
608
150
845
217
644
596
65
371
222
657
178
507
971
805
925
833
306
721
341
329
235
881
375
593
238
454
571
701
276
513
244
104
248
64
586
750
113
662
951
745
606
324
24
290
921
259
267
261
211
274
935
970
379
266
268
688
215
665
411
663
558
312
911
865
125
834
280
977
257
147
169
246
286
393
135
626
108
850
292
293
76
515
464
913
298
789
585
401
492
61
843
159
932
717
952
523
310
761
87
736
912
338
674
359
547
939
289
321
438
487
99
542
326
327
232
914
759
709
923
949
832
829
737
615
958
810
460
814
873
364
782
538
203
495
616
565
322
351
352
896
407
156
88
357
905
519
50
573
461
38
343
365
100
367
597
928
285
910
646
373
384
714
362
469
198
992
516
381
13
780
374
733
413
387
941
433
390
333
566
449
938
418
154
397
247
149
799
318
973
901
404
748
109
610
294
473
256
514
467
574
801
599
366
417
529
37
420
421
189
204
993
907
534
427
344
656
281
196
432
996
434
201
472
758
428
953
999
441
71
330
223
947
22
502
66
27
450
630
556
453
682
857
80
526
193
459
409
699
491
463
442
465
380
252
302
320
185
471
106
729
802
706
43
622
798
370
966
687
287
383
476
485
486
697
291
741
458
264
158
589
664
210
535
769
880
207
500
218
705
680
282
866
170
249
508
304
803
236
300
52
984
560
760
230
518
976
520
17
29
817
895
439
386
822
819
590
744
440
40
922
583
496
15
107
718
776
540
415
101
637
544
796
690
91
807
536
309
581
808
553
839
963
258
698
696
654
883
313
929
602
704
120
481
670
592
786
882
638
815
245
712
620
576
466
578
346
580
295
582
501
174
675
436
176
337
549
710
168
753
340
527
177
660
368
1
488
730
625
426
331
275
355
648
347
784
676
46
398
612
474
224
694
766
636
655
348
830
255
854
876
25
677
237
703
659
671
369
455
908
978
931
943
617
34
650
639
226
788
493
643
858
924
167
317
9
700
316
140
856
823
424
618
190
143
477
126
7
962
781
756
728
634
478
161
378
604
600
629
499
42
870
133
594
778
716
363
254
137
991
10
105
727
686
130
269
689
525
468
711
95
233
570
503
835
906
253
297
241
961
877
692
897
484
898
708
543
679
770
376
81
336
715
678
774
242
78
21
969
84
707
724
725
738
49
186
848
299
954
732
591
734
157
642
59
263
739
521
587
742
194
825
446
119
668
181
809
603
790
752
918
483
795
213
416
132
166
598
859
550
763
764
627
234
141
568
884
489
771
41
773
628
980
182
681
395
127
48
609
400
117
296
391
831
869
260
666
691
791
121
812
794
225
358
797
405
900
153
872
852
899
301
20
546
775
183
667
828
632
619
537
878
131
557
102
956
950
820
284
54
129
74
70
447
577
339
93
755
47
67
533
552
933
836
206
986
747
575
751
36
136
844
163
757
804
8
723
134
851
511
853
265
855
539
115
673
479
860
180
862
863
356
554
228
595
77
528
414
871
545
981
874
435
920
388
555
861
879
702
83
800
497
277
623
531
39
145
713
891
892
372
894
946
392
563
262
959
382
530
28
903
231
314
735
475
335
988
517
927
205
611
394
448
541
917
31
162
419
305
278
425
187
68
926
965
451
146
243
601
429
561
979
945
936
631
968
827
940
30
19
522
569
430
142
445
948
885
490
288
532
684
731
919
621
957
179
498
144
974
683
118
964
743
85
967
410
361
512
887
972
826
283
975
44
915
768
762
112
902
982
983
509
767
838
987
909
989
793
588
72
504
51
994
2
342
279
164
