1000
1488 2459 2594 7846 8171 7692 6750 4265 2452 8750 9407 7535 6372 8792 7041 3545 1817 1138 9149 8426 7641 4759 7791 2060 4263 6460 8316 5362 1051 9264 6820 1551 4685 1572 6996 6293 1523 1245 1312 4447 6604 8376 3615 5699 8475 7069 5351 6802 2311 6327 8027 8723 9602 4467 4098 1471 105 1815 7850 3853 492 1189 5052 5841 1999 6095 6354 9713 3200 4989 7030 4905 842 6702 4221 4863 6377 3243 1940 9945 2382 802 6249 2157 5877 7729 3022 7033 7190 8193 3449 2901 5849 5830 8655 8373 2606 6692 2403 6627 9227 3508 1113 61 5623 7783 6176 7291 7015 8538 5167 3316 262 202 6783 9089 6971 9530 2265 434 342 9315 450 7456 3850 8428 6260 5906 7185 2282 5503 308 6284 6025 7920 7173 139 9468 6896 8927 4141 513 9472 2861 9079 2264 8451 168 7434 5030 6238 8962 8656 9925 2811 2759 807 7166 2580 8032 9618 1114 4014 3242 7867 869 4051 791 2318 628 725 3236 7698 6905 4304 1818 9001 1908 2543 4184 8011 6796 9266 2737 1661 7486 2494 9426 6455 2101 102 7176 823 8619 2153 1599 896 6543 2187 9373 7127 8392 6168 1824 8912 5625 726 1797 8931 8917 43 219 9029 9268 2383 247 5925 1559 83 8362 116 7929 4626 1360 456 9558 2134 7994 4643 1728 2783 3134 7199 3679 1424 3820 2429 921 2042 4469 3743 3028 6093 2728 402 4295 8236 4509 6752 7191 8624 1381 3460 9521 8032 5905 4143 2482 2032 2562 5195 1439 5143 6193 4975 8435 1621 9265 8018 2755 405 7106 5347 536 2767 6455 8232 3901 17 9673 5413 455 5327 9517 1584 3621 2745 35 9011 8664 7916 9121 4833 6405 6348 9968 8861 2857 8816 182 5031 189 1278 9811 6088 5994 9064 4287 2672 9213 8695 9956 7454 5678 4328 8552 3632 7150 8964 7503 3691 5936 7252 5166 5421 9226 6788 1474 6001 939 1992 578 708 5231 2365 5522 8117 7745 3681 6634 1762 1536 4085 2407 1617 6517 2225 5184 2171 1668 2969 427 2784 385 7199 5713 8407 4373 7402 7791 5045 4929 4293 5375 7408 6226 8522 6 4020 2390 9473 4815 4198 9582 1011 6904 6455 6580 4244 5324 6587 606 7121 993 5162 4660 6310 6690 1431 2031 7971 7135 3375 3634 4096 4244 9844 4462 4078 167 651 320 8992 2134 2723 1166 5914 4465 952 8802 841 9635 2454 7573 6019 4215 5665 1360 8368 6009 3412 5951 521 2250 9880 8583 8400 536 616 5866 9440 1902 6372 7416 1718 3879 6274 7048 7473 7865 1131 4375 3862 2463 3861 817 3111 3479 636 5182 8549 798 9463 5598 3155 1481 6649 5096 6669 9589 1908 1006 1097 5009 5509 8886 1292 3482 7836 2629 448 1015 682 5517 4853 1831 6624 5993 5158 5000 5157 6309 4493 1865 4280 2307 2826 4306 5575 5052 5295 3186 3792 7860 3311 2121 1126 5425 1049 4663 3815 2413 5680 661 1403 5465 5053 6051 7838 629 6695 2289 3042 3182 2465 4770 7679 4823 8724 4734 1757 5819 2063 5095 4228 9042 3661 8702 3329 5986 1254 2055 7435 9383 1784 3610 4455 5718 9863 1579 8025 5198 8338 4460 2380 3569 6728 8754 1828 6530 8891 5141 1793 5790 9988 9996 759 4576 3032 7513 2652 6080 1865 2272 2578 2860 7920 2270 9110 4330 8841 6855 7287 9276 1247 1760 4459 725 171 5039 6782 5451 9143 5200 8253 4381 6247 7321 8818 1895 90 2448 1137 2244 7005 8379 5474 9571 9328 1881 2303 4845 6782 9535 849 9846 7127 8965 4838 6162 8144 8530 487 2554 1374 5717 7975 2031 2175 5718 6189 4766 5114 4701 630 6501 4951 9889 244 885 4561 3283 2476 4600 7099 6491 1823 1301 993 6451 583 7953 161 8884 4933 5144 5258 7566 6536 5741 8804 7516 5776 8206 624 9366 7875 4668 9217 1064 7824 3881 7178 7380 2339 1955 5674 8276 5673 5440 1174 194 9188 2426 2662 9435 8305 701 6547 1681 1015 5230 4094 7025 5603 799 5221 533 2194 6352 1938 7082 9806 6440 2356 676 573 3525 2546 192 214 5936 9309 6234 7958 6932 1781 2737 5602 6880 1535 136 1694 4011 5702 2238 1581 1304 816 6192 570 9419 482 7870 5670 4922 278 5275 7362 2487 219 3992 6688 6637 4814 8980 165 9848 7816 3325 2482 7674 2600 2298 5891 6620 5443 8668 6439 5890 2633 4401 9794 9986 841 9803 1711 7558 7208 7809 8858 4736 5358 5109 381 3262 3185 2902 5049 574 758 6646 4183 2787 4357 367 6895 1384 2061 2737 6329 5364 904 6047 2627 735 4240 5707 2115 1685 9954 1583 8253 2729 6018 3725 7238 1707 463 2537 8889 9533 7528 2902 3834 3794 5807 4910 6730 4887 1229 87 6987 7943 7478 7618 7797 2602 3295 389 8952 3118 5869 8891 1938 2713 5487 6474 5555 2509 5999 6326 1167 8173 1973 1508 6915 6911 8189 6561 8924 4739 8314 5572 9269 947 9210 8434 1072 4778 3084 2337 3879 6778 8384 8702 5042 3657 3982 6435 8747 8076 9689 1699 5633 8967 2101 5560 4026 2995 1591 1551 8509 9569 5612 3266 1919 7407 9037 5111 1419 248 81 2023 6439 9456 8707 7281 9733 3857 342 5903 8120 991 4742 5530 2008 2643 1153 138 3655 5846 3877 6176 3716 6268 2348 6456 3264 2227 3206 937 2080 8556 453 6367 1298 889 6895 954 1379 4328 4175 6392 7328 8479 4909 3681 1515 9256 8223 4002 6641 5599 8992 5100 2586 8282 1905 7645 9521 2184 2973 8192 2261 6429 2833 4273 5470 5453 8011 4419 6852 2646 8178 8629 9612 2404 22 3154 6884 8815 410 664 6178 8103 1423 284 3591 7315 4595 251 2026 6998 1210 292 5443 2691 1707 1093 1092 2163 3199 7971 4527 4645 277 2558 1636 7573 7690 3779 6809 7887 3431 84 3344 8309 3435 9286 
2 1
3 2
4 3
5 4
6 5
7 5
8 7
9 6
10 9
11 10
12 11
13 12
14 13
15 14
16 15
17 16
18 17
19 18
20 19
21 20
22 21
23 22
24 23
25 24
26 25
27 16
28 27
29 28
30 29
31 30
32 31
33 19
34 33
35 34
36 35
37 36
38 37
39 38
40 39
41 40
42 41
43 42
44 43
45 44
46 45
47 46
48 47
49 44
50 49
51 35
52 51
53 52
54 53
55 54
56 16
57 56
58 57
59 58
60 59
61 60
62 61
63 62
64 63
65 64
66 65
67 62
68 67
69 68
70 69
71 70
72 71
73 72
74 73
75 45
76 75
77 19
78 77
79 78
80 79
81 80
82 81
83 82
84 20
85 84
86 85
87 86
88 87
89 88
90 89
91 90
92 12
93 92
94 48
95 94
96 39
97 96
98 97
99 98
100 59
101 100
102 101
103 102
104 103
105 104
106 48
107 106
108 107
109 108
110 109
111 110
112 111
113 18
114 113
115 114
116 115
117 116
118 117
119 118
120 119
121 120
122 91
123 61
124 123
125 88
126 125
127 126
128 127
129 128
130 129
131 130
132 62
133 132
134 133
135 134
136 135
137 136
138 137
139 128
140 139
141 140
142 50
143 36
144 143
145 144
146 145
147 146
148 147
149 5
150 149
151 150
152 151
153 83
154 153
155 154
156 155
157 156
158 157
159 158
160 159
161 160
162 161
163 162
164 50
165 164
166 110
167 166
168 167
169 167
170 71
171 170
172 116
173 172
174 25
175 174
176 175
177 176
178 177
179 149
180 179
181 180
182 181
183 182
184 183
185 181
186 185
187 186
188 187
189 188
190 189
191 190
192 191
193 192
194 193
195 194
196 195
197 196
198 197
199 198
200 199
201 200
202 201
203 202
204 203
205 204
206 104
207 206
208 207
209 208
210 209
211 210
212 211
213 212
214 213
215 214
216 215
217 216
218 217
219 149
220 219
221 220
222 221
223 222
224 170
225 224
226 225
227 226
228 227
229 209
230 229
231 114
232 231
233 187
234 233
235 234
236 235
237 236
238 237
239 238
240 186
241 240
242 241
243 242
244 90
245 244
246 245
247 246
248 140
249 248
250 249
251 250
252 191
253 252
254 253
255 254
256 255
257 256
258 257
259 258
260 46
261 260
262 261
263 223
264 85
265 264
266 265
267 266
268 158
269 268
270 201
271 270
272 271
273 272
274 273
275 274
276 275
277 276
278 277
279 278
280 279
281 280
282 281
283 282
284 283
285 284
286 285
287 286
288 287
289 288
290 289
291 290
292 291
293 292
294 293
295 294
296 295
297 296
298 297
299 298
300 299
301 300
302 301
303 302
304 303
305 304
306 305
307 306
308 307
309 308
310 309
311 310
312 311
313 312
314 313
315 314
316 315
317 316
318 317
319 318
320 319
321 320
322 321
323 241
324 323
325 117
326 325
327 326
328 327
329 316
330 329
331 330
332 331
333 332
334 333
335 61
336 335
337 336
338 337
339 338
340 339
341 313
342 341
343 342
344 343
345 344
346 345
347 346
348 253
349 348
350 349
351 25
352 351
353 352
354 353
355 354
356 275
357 356
358 136
359 358
360 359
361 360
362 361
363 362
364 363
365 364
366 365
367 366
368 367
369 368
370 170
371 86
372 371
373 372
374 80
375 374
376 375
377 376
378 377
379 378
380 202
381 380
382 381
383 382
384 15
385 66
386 385
387 386
388 387
389 388
390 389
391 145
392 391
393 392
394 200
395 394
396 395
397 396
398 125
399 79
400 399
401 301
402 401
403 100
404 403
405 404
406 235
407 372
408 407
409 369
410 409
411 310
412 411
413 412
414 413
415 414
416 415
417 321
418 157
419 418
420 419
421 420
422 421
423 422
424 221
425 424
426 425
427 426
428 427
429 428
430 429
431 430
432 431
433 432
434 94
435 434
436 435
437 436
438 437
439 438
440 439
441 440
442 441
443 442
444 443
445 444
446 445
447 446
448 447
449 448
450 449
451 450
452 451
453 452
454 453
455 423
456 455
457 183
458 457
459 458
460 459
461 460
462 461
463 462
464 120
465 464
466 465
467 466
468 467
469 468
470 469
471 470
472 471
473 465
474 473
475 474
476 475
477 242
478 134
479 478
480 479
481 480
482 481
483 482
484 483
485 484
486 485
487 486
488 487
489 488
490 489
491 43
492 386
493 385
494 493
495 494
496 495
497 182
498 497
499 397
500 499
501 38
502 501
503 502
504 503
505 504
506 505
507 506
508 507
509 508
510 509
511 510
512 511
513 512
514 513
515 514
516 515
517 516
518 517
519 518
520 519
521 238
522 521
523 522
524 523
525 524
526 525
527 274
528 527
529 528
530 529
531 530
532 531
533 532
534 533
535 300
536 535
537 536
538 537
539 538
540 539
541 540
542 498
543 542
544 543
545 544
546 545
547 546
548 212
549 548
550 549
551 550
552 551
553 552
554 553
555 244
556 555
557 556
558 557
559 558
560 559
561 560
562 561
563 562
564 563
565 564
566 565
567 566
568 567
569 568
570 569
571 570
572 571
573 572
574 573
575 574
576 575
577 576
578 577
579 578
580 579
581 580
582 581
583 582
584 583
585 584
586 585
587 586
588 587
589 588
590 589
591 590
592 563
593 592
594 593
595 594
596 595
597 596
598 379
599 598
600 599
601 206
602 601
603 602
604 603
605 604
606 605
607 606
608 607
609 608
610 609
611 610
612 611
613 612
614 613
615 260
616 615
617 497
618 587
619 133
620 261
621 620
622 621
623 622
624 623
625 624
626 625
627 626
628 627
629 286
630 629
631 630
632 440
633 632
634 633
635 634
636 597
637 636
638 637
639 29
640 167
641 640
642 641
643 642
644 643
645 644
646 645
647 646
648 647
649 648
650 612
651 650
652 651
653 652
654 199
655 57
656 475
657 140
658 466
659 658
660 659
661 362
662 661
663 662
664 663
665 170
666 665
667 305
668 667
669 367
670 669
671 670
672 671
673 672
674 673
675 674
676 675
677 676
678 677
679 678
680 679
681 680
682 681
683 682
684 683
685 684
686 685
687 686
688 687
689 688
690 689
691 690
692 691
693 692
694 693
695 694
696 695
697 696
698 697
699 698
700 699
701 700
702 701
703 697
704 703
705 704
706 532
707 706
708 134
709 708
710 709
711 710
712 654
713 712
714 713
715 33
716 512
717 716
718 717
719 718
720 202
721 720
722 721
723 722
724 160
725 724
726 725
727 726
728 466
729 728
730 349
731 73
732 731
733 732
734 733
735 734
736 623
737 214
738 737
739 738
740 739
741 509
742 741
743 742
744 743
745 744
746 745
747 746
748 747
749 195
750 65
751 750
752 751
753 752
754 753
755 754
756 755
757 534
758 757
759 758
760 759
761 152
762 271
763 762
764 763
765 764
766 765
767 766
768 22
769 768
770 769
771 770
772 343
773 772
774 773
775 774
776 775
777 776
778 777
779 778
780 779
781 780
782 781
783 782
784 783
785 784
786 785
787 786
788 787
789 788
790 789
791 790
792 791
793 792
794 793
795 794
796 795
797 796
798 659
799 798
800 799
801 800
802 801
803 802
804 803
805 804
806 805
807 806
808 807
809 808
810 346
811 630
812 811
813 812
814 113
815 814
816 815
817 816
818 817
819 818
820 819
821 820
822 821
823 822
824 823
825 824
826 825
827 826
828 827
829 828
830 829
831 830
832 831
833 432
834 16
835 834
836 198
837 836
838 837
839 838
840 839
841 168
842 841
843 842
844 843
845 844
846 845
847 846
848 847
849 848
850 849
851 850
852 177
853 852
854 853
855 854
856 855
857 856
858 857
859 858
860 158
861 860
862 861
863 862
864 863
865 864
866 865
867 866
868 161
869 868
870 869
871 853
872 871
873 872
874 873
875 874
876 875
877 426
878 475
879 760
880 879
881 411
882 881
883 882
884 877
885 884
886 885
887 874
888 887
889 888
890 889
891 890
892 891
893 81
894 808
895 894
896 895
897 896
898 897
899 898
900 899
901 900
902 901
903 902
904 903
905 904
906 905
907 544
908 907
909 313
910 909
911 910
912 911
913 912
914 39
915 914
916 915
917 916
918 296
919 918
920 919
921 920
922 921
923 922
924 923
925 924
926 925
927 683
928 927
929 928
930 116
931 930
932 931
933 932
934 24
935 41
936 935
937 404
938 583
939 938
940 510
941 677
942 553
943 942
944 943
945 944
946 945
947 946
948 845
949 948
950 949
951 950
952 32
953 952
954 953
955 954
956 955
957 461
958 957
959 131
960 959
961 960
962 920
963 962
964 963
965 964
966 965
967 966
968 967
969 968
970 969
971 883
972 971
973 972
974 973
975 249
976 975
977 976
978 545
979 149
980 979
981 980
982 981
983 982
984 983
985 984
986 985
987 986
988 427
989 988
990 989
991 990
992 991
993 489
994 604
995 589
996 995
997 996
998 997
999 46
1000 999
403
995
894
754
84
39
322
8
636
903
11
706
283
781
207
316
17
164
877
471
166
249
66
639
25
599
829
393
136
958
653
861
540
690
132
388
32
55
784
670
41
928
549
318
793
767
846
590
332
50
833
961
398
847
660
750
156
447
795
841
366
568
439
761
566
329
73
205
69
182
435
916
779
261
852
782
48
937
336
268
926
427
772
836
76
800
87
742
872
521
146
697
423
792
363
994
97
572
194
394
724
112
51
434
105
522
527
848
351
110
338
956
593
866
495
116
117
517
732
120
830
335
123
148
609
241
134
456
361
856
60
27
133
931
208
820
137
271
749
14
141
930
262
811
59
920
149
163
613
150
313
99
56
352
512
692
463
632
806
160
272
399
370
864
152
601
167
168
140
725
179
347
292
705
663
756
242
178
936
641
181
507
889
184
200
358
768
785
189
505
138
192
571
719
195
577
738
246
990
147
369
603
691
92
220
206
608
221
814
987
211
483
974
543
215
29
217
595
219
904
327
2
400
506
225
74
227
747
721
655
231
445
397
38
470
236
31
357
224
798
685
330
831
523
858
774
177
248
883
250
331
744
98
175
259
567
432
845
859
960
578
143
234
450
390
349
350
602
269
547
412
794
183
619
855
276
281
585
279
518
598
546
868
438
804
5
743
288
718
569
380
277
694
770
887
967
999
58
299
300
301
896
90
20
514
550
151
341
460
949
311
688
773
605
21
556
257
44
319
320
321
703
323
173
876
870
493
627
228
102
981
726
278
334
16
79
333
426
113
984
757
342
835
484
260
190
976
348
687
733
109
407
127
878
230
693
284
346
359
828
802
362
945
755
365
459
339
368
286
30
886
819
373
391
424
966
153
145
379
252
381
921
558
201
385
992
957
712
389
263
103
717
396
266
395
247
857
671
96
214
529
911
243
404
899
104
15
910
82
169
771
927
158
402
415
101
315
455
419
88
52
65
324
100
376
673
555
35
267
805
377
898
914
70
42
7
121
209
63
938
384
442
273
837
675
355
130
477
449
979
508
720
542
367
77
417
776
681
530
874
714
154
446
464
918
115
467
791
226
204
947
640
986
842
503
825
891
436
382
796
475
213
237
290
294
485
487
488
108
780
372
238
988
494
873
258
497
353
502
216
386
834
43
504
534
683
218
879
584
510
289
751
513
982
498
541
118
443
519
563
142
354
948
560
308
946
429
528
13
295
410
532
533
853
612
799
172
57
203
610
871
106
935
544
406
962
649
548
418
824
895
552
317
554
157
472
557
669
797
19
561
425
963
635
478
535
256
634
667
863
159
411
905
917
679
766
594
476
579
580
581
582
816
631
592
586
628
840
280
695
185
68
735
199
337
270
576
888
437
509
40
80
85
604
496
630
607
953
33
621
422
983
10
345
959
810
617
998
474
53
788
375
713
583
465
626
884
24
881
45
414
658
525
574
564
978
637
758
817
444
95
923
223
644
707
421
647
715
448
620
651
440
36
723
739
668
162
310
47
662
71
625
420
126
524
235
9
229
709
900
240
672
993
674
783
611
433
78
287
801
745
306
54
929
233
401
731
383
741
809
34
851
64
746
431
939
23
885
699
943
428
818
245
704
686
972
26
708
812
676
83
392
193
775
682
862
12
638
165
901
114
722
985
562
356
786
328
291
729
413
823
119
49
734
492
515
737
197
293
740
696
139
387
711
925
553
657
748
588
736
180
661
597
264
408
839
591
297
759
188
111
587
727
645
765
666
500
646
769
762
865
969
520
821
461
511
254
18
458
654
606
314
922
72
135
62
303
482
789
469
222
94
81
462
575
255
453
633
128
486
155
803
4
61
623
827
67
526
760
616
909
405
93
600
643
161
996
340
275
710
490
536
680
941
875
700
239
360
170
191
309
684
614
499
232
890
940
838
251
648
664
302
843
997
374
968
832
171
849
787
176
244
964
844
409
265
545
430
501
913
378
652
977
778
285
122
753
144
364
326
516
665
91
882
253
325
304
826
867
880
975
813
28
807
698
371
728
212
174
466
489
892
970
3
951
473
452
701
730
656
537
902
971
457
296
906
991
908
125
907
344
912
46
6
955
416
454
441
919
622
305
312
343
924
37
573
618
763
479
210
307
932
933
934
689
89
678
274
764
790
965
942
538
944
298
989
86
75
624
950
659
952
107
954
815
869
481
570
551
531
559
282
642
124
22
716
589
1
615
854
186
897
973
850
629
915
777
480
131
980
650
702
752
198
451
596
187
539
196
808
468
677
129
202
565
822
860
893
491
