1000 10000
41 555
805 421
192 872
646 771
278 554
133 855
600 350
812 988
708 850
30 392
461 506
22 331
104 477
538 207
141 447
169 960
895 607
650 957
903 292
903 279
349 251
114 130
705 372
135 331
674 263
187 569
469 65
642 206
528 531
7 79
831 180
696 634
478 342
544 224
840 63
1 51
168 601
17 978
366 99
677 147
733 241
180 784
754 706
853 821
231 553
858 632
193 175
911 530
415 406
430 614
332 9
437 63
583 538
323 814
233 123
262 613
150 42
609 366
247 287
764 47
319 471
308 602
397 438
565 335
378 361
333 926
444 482
402 314
329 983
751 695
992 405
643 232
77 64
154 586
379 726
881 781
855 430
884 364
578 811
410 835
231 749
587 368
974 202
481 829
192 72
869 853
764 663
731 229
785 461
40 357
85 9
635 175
950 788
658 703
607 965
54 995
885 564
306 789
226 953
952 655
146 854
789 623
940 290
670 155
131 832
35 462
270 487
154 172
605 355
783 42
165 172
106 649
677 13
450 213
474 655
561 633
752 895
936 517
650 438
461 51
628 224
753 862
110 576
263 972
708 385
954 982
828 535
798 813
527 520
986 999
260 989
676 90
922 445
277 689
524 164
870 981
370 207
820 389
749 60
177 568
730 656
179 226
748 760
824 366
243 724
962 988
865 769
895 147
455 967
92 696
163 282
524 800
341 724
939 818
67 19
576 976
265 550
242 191
276 614
810 373
985 947
738 587
769 645
444 484
505 140
206 741
671 514
740 620
415 239
359 30
215 133
533 699
791 277
776 861
270 697
539 994
264 492
451 917
260 95
778 964
110 94
522 429
424 642
304 347
278 896
870 312
546 682
350 338
909 188
420 931
552 209
492 876
250 879
315 970
826 665
514 84
431 404
952 243
230 284
391 138
276 591
115 361
220 778
958 677
803 83
663 738
987 951
75 691
693 845
861 377
458 34
659 523
444 934
257 837
936 119
874 180
103 132
739 512
829 597
746 595
313 282
999 489
870 785
859 904
2 804
622 179
885 641
989 522
316 388
740 275
359 194
551 679
576 312
704 278
469 683
268 460
631 785
775 33
307 408
873 467
401 925
752 55
340 600
368 344
33 294
249 726
587 391
152 635
630 137
49 274
739 645
771 665
532 40
876 929
600 885
311 891
1 288
410 862
788 550
125 46
697 92
944 302
908 421
333 305
555 832
590 525
744 921
200 626
217 711
736 74
791 806
524 945
804 726
837 95
936 499
51 403
301 902
530 986
882 60
677 969
293 534
992 999
788 553
121 550
470 446
98 772
190 900
96 189
160 749
816 355
223 751
331 288
957 596
558 403
804 452
464 930
605 665
158 767
215 411
105 902
963 341
250 502
846 728
236 670
542 391
443 185
128 978
308 757
593 262
821 120
939 573
134 517
139 795
840 542
337 201
573 937
184 941
793 384
6 681
615 228
774 58
590 770
564 684
326 729
96 437
958 42
359 463
824 849
431 242
103 979
202 993
183 400
812 4
638 412
496 446
833 496
567 680
746 702
947 205
817 77
868 335
153 785
32 531
828 535
368 776
18 839
129 621
518 827
344 507
9 751
34 849
883 594
219 631
638 676
733 710
982 1000
267 462
134 68
270 479
141 742
192 380
41 58
871 588
554 313
396 411
138 444
149 545
756 201
448 737
75 101
809 965
644 187
934 928
942 19
280 612
680 127
797 717
332 211
756 926
732 907
240 586
106 472
337 254
300 254
791 37
943 488
337 571
91 117
469 671
696 408
848 603
527 906
128 205
436 514
544 35
419 984
196 658
304 694
366 528
595 944
672 323
140 758
443 193
236 527
751 233
524 944
956 418
225 14
89 939
673 592
498 611
143 176
775 930
901 836
667 287
882 256
635 763
642 470
64 93
990 945
854 680
403 678
557 627
711 251
863 767
673 709
620 254
128 141
307 457
144 802
18 515
328 965
343 813
503 129
32 369
889 154
896 291
316 599
411 396
384 835
60 217
846 304
180 324
527 557
774 209
289 906
625 28
262 336
46 841
21 575
754 252
933 962
422 258
863 342
709 959
804 75
638 265
447 922
419 317
420 896
977 905
440 97
433 474
243 425
646 967
340 823
840 965
51 739
560 524
885 641
917 378
227 542
910 871
508 50
313 793
45 351
140 945
14 202
426 869
223 311
400 991
682 297
632 638
562 338
325 251
69 944
233 87
302 58
76 211
374 281
110 913
108 674
302 945
202 986
19 293
82 331
683 929
513 63
747 462
787 874
319 278
647 572
362 581
908 7
687 142
468 151
257 667
472 408
161 273
509 92
902 891
629 612
993 782
144 822
1 229
133 17
564 661
396 253
208 188
318 494
417 270
454 299
243 880
930 353
995 441
981 798
33 173
135 307
944 228
200 689
17 563
776 231
901 209
402 818
482 68
730 951
824 652
613 541
756 441
968 567
509 481
516 560
805 253
32 591
738 164
312 182
853 384
516 933
290 872
68 44
330 749
578 65
53 257
1000 334
756 372
236 895
455 337
18 707
418 769
145 897
997 471
960 461
835 516
850 867
347 123
103 114
166 823
382 13
136 339
983 542
171 995
310 212
240 474
469 975
735 499
297 449
393 708
168 559
260 311
201 32
503 114
997 317
143 946
428 298
225 836
11 668
200 229
229 876
626 498
399 507
430 282
936 726
792 186
505 452
928 257
921 221
616 214
549 885
917 142
398 145
824 363
539 857
245 593
425 343
27 771
879 88
141 557
207 1000
641 363
618 219
911 370
827 713
356 5
639 153
880 268
131 105
556 287
335 429
744 905
26 790
140 867
62 373
245 598
181 801
971 750
163 884
481 803
590 349
284 289
924 401
623 10
932 987
166 658
16 807
338 580
321 417
389 44
643 731
390 508
394 446
471 466
645 345
413 770
882 224
848 312
371 15
315 121
32 319
286 275
205 359
939 170
829 215
477 772
862 633
424 455
239 282
949 921
111 136
988 88
768 459
311 540
260 552
789 490
823 492
364 618
606 326
194 755
926 433
766 45
271 192
698 975
874 139
564 202
154 201
454 870
7 198
363 884
184 215
914 299
626 83
272 615
235 356
721 15
988 878
966 462
503 696
838 204
318 409
598 845
444 661
99 362
287 608
274 239
278 609
301 798
223 531
233 178
117 736
174 462
16 311
446 678
197 72
434 806
48 509
681 138
663 971
643 878
457 881
437 719
454 985
757 906
25 461
56 203
123 931
642 208
474 355
622 263
74 121
47 581
474 343
870 281
570 68
845 561
60 466
364 115
241 229
129 534
669 592
205 730
670 740
21 965
752 819
102 232
933 586
277 393
931 374
501 227
774 456
666 155
336 371
686 203
942 405
770 732
957 365
728 319
252 444
638 742
404 375
542 121
814 84
459 707
683 90
102 374
354 814
106 467
917 860
157 207
869 682
696 611
848 779
329 747
607 659
95 145
909 878
21 378
605 638
131 49
155 469
785 803
774 767
133 907
668 451
647 567
719 940
267 651
534 91
295 932
319 176
726 383
212 281
204 899
275 145
99 317
2 44
781 114
971 42
683 482
308 227
613 939
194 626
739 396
64 581
36 315
50 428
140 497
647 255
643 100
263 445
444 469
505 610
443 820
31 8
963 496
558 986
935 427
81 901
943 222
485 552
614 785
706 254
377 357
248 801
474 542
929 481
910 531
406 981
243 415
749 441
687 389
296 857
309 120
169 564
145 337
237 101
910 676
807 366
517 669
743 870
721 71
570 141
49 661
611 229
5 77
66 292
533 129
28 223
318 552
100 288
879 549
689 811
459 310
879 422
607 968
19 511
63 912
865 650
148 85
719 755
441 501
400 617
918 589
794 724
668 940
825 153
418 266
904 827
383 454
300 180
969 389
124 492
229 810
270 944
696 90
491 679
614 294
246 417
761 935
953 26
949 789
304 414
1 424
874 780
688 555
454 808
121 902
570 140
835 955
785 831
221 331
150 680
478 50
948 564
488 400
633 351
802 209
346 663
678 632
752 863
503 583
803 419
856 306
798 271
153 989
259 757
219 530
544 159
567 40
859 337
257 352
586 411
59 138
302 974
391 488
385 756
308 185
125 461
702 233
407 262
39 766
316 813
690 6
754 611
306 288
642 121
198 456
492 711
135 119
69 752
429 266
317 698
703 225
739 557
922 915
693 745
468 360
354 29
602 911
787 485
238 498
273 780
477 742
32 10
568 983
85 584
744 764
484 418
176 247
278 971
286 416
112 375
770 58
623 541
962 229
275 557
29 126
273 513
694 540
206 93
12 708
640 691
560 384
287 435
798 315
916 377
528 96
585 833
927 595
914 663
443 544
82 626
693 772
241 464
491 313
548 536
476 557
261 940
604 124
517 294
530 405
144 852
425 219
655 823
508 925
563 576
293 505
1 444
367 556
553 346
474 820
452 938
624 170
861 369
342 50
199 562
220 477
223 351
185 345
867 304
969 447
987 874
960 358
751 628
307 278
898 887
525 191
773 156
935 475
359 890
436 361
979 832
532 939
35 1000
287 635
388 796
117 313
609 325
395 416
677 514
889 722
275 846
954 849
296 69
547 312
451 56
127 249
972 951
786 184
467 799
717 311
850 308
650 355
702 801
520 127
889 229
377 120
764 232
882 818
964 582
178 505
450 363
319 346
215 560
653 282
719 925
193 198
277 640
78 85
80 117
757 468
357 158
850 153
685 620
396 490
417 159
973 326
443 410
188 43
910 555
927 290
304 658
404 721
158 383
106 304
105 425
571 549
281 244
45 715
207 531
322 321
991 215
124 495
62 974
413 870
720 391
518 481
45 989
310 366
908 850
486 954
449 590
322 780
251 152
50 456
809 124
450 63
647 262
247 252
251 470
643 651
701 13
459 37
542 247
839 223
872 681
393 732
94 116
714 168
325 106
841 166
516 200
381 140
344 302
773 214
803 187
798 576
606 388
134 432
476 471
190 443
16 2
589 246
802 610
114 320
183 121
978 159
127 967
147 736
666 588
560 283
213 589
766 134
882 45
814 281
70 270
765 545
846 736
952 625
180 857
699 910
271 934
676 658
290 40
284 635
894 707
510 509
897 547
171 717
369 231
356 951
860 731
2 883
954 825
483 443
845 48
310 209
127 840
968 638
197 140
599 758
771 192
720 458
512 573
908 478
603 755
41 492
694 279
542 104
394 702
70 422
260 16
592 321
518 392
310 757
817 930
870 551
665 678
870 148
257 821
843 935
585 449
195 935
197 50
64 224
152 894
416 104
433 232
164 950
141 933
742 422
965 483
607 63
177 515
223 505
413 80
110 977
706 400
338 760
72 747
682 627
908 114
883 643
381 345
145 95
851 832
192 185
465 206
595 943
530 847
701 979
338 553
278 21
287 721
272 431
336 787
778 457
500 937
717 478
502 107
622 127
200 944
404 118
990 452
818 670
180 611
342 697
402 845
723 617
343 547
755 860
12 457
10 994
698 124
983 193
439 445
188 11
900 686
545 741
755 749
531 323
744 463
539 3
285 207
20 615
50 575
829 871
740 222
232 350
197 298
633 124
909 696
939 12
360 498
136 22
752 192
496 512
997 154
572 456
977 293
18 462
48 220
492 344
168 881
805 701
390 268
507 822
946 835
707 994
915 307
49 145
54 590
903 748
411 157
536 602
320 631
534 974
370 459
257 535
257 715
824 360
596 938
29 521
357 711
60 421
830 602
44 743
44 390
521 606
154 735
953 128
625 694
118 494
511 523
827 220
814 339
659 165
527 699
510 204
798 347
301 358
64 126
1000 198
882 681
550 728
787 409
693 10
821 290
362 736
128 902
28 856
655 778
876 557
895 967
383 768
934 176
7 395
969 648
615 807
808 422
926 121
101 27
213 369
611 938
292 11
35 409
498 345
141 1000
316 345
37 184
664 859
276 502
186 262
593 727
775 619
375 518
392 89
281 620
625 611
779 263
203 695
514 582
766 345
247 76
555 631
216 580
25 574
112 36
422 517
681 412
417 592
142 512
125 72
669 84
161 753
885 64
894 996
773 517
16 190
189 719
905 889
161 643
258 689
43 898
731 18
904 310
901 976
286 53
806 574
843 268
636 635
802 14
902 723
946 565
248 202
264 816
413 654
526 886
738 501
980 849
864 523
94 287
170 625
989 733
616 396
539 348
756 706
249 193
963 514
795 567
349 379
847 664
400 293
593 612
962 984
611 289
383 554
779 228
58 453
750 551
478 240
651 987
343 700
419 856
852 610
616 227
561 707
90 662
387 544
410 614
82 563
473 26
510 534
648 279
979 283
142 844
47 875
773 642
574 35
886 363
851 779
23 432
778 617
690 155
164 206
111 476
834 879
876 42
742 415
85 144
238 387
287 427
250 598
425 25
745 573
468 20
670 462
634 398
481 757
422 127
259 143
834 573
74 555
215 892
846 285
400 14
27 556
80 685
216 143
53 639
807 164
597 232
830 625
992 830
270 759
606 665
706 355
107 538
777 662
887 374
560 528
603 410
890 728
265 713
577 240
35 244
762 871
943 354
283 606
34 992
864 935
874 570
735 138
152 258
41 722
142 624
586 128
325 36
954 358
363 480
469 751
443 393
32 669
564 71
21 267
623 635
105 45
403 977
620 388
123 950
80 470
3 187
669 437
967 459
5 814
205 594
532 374
507 662
626 56
988 786
4 378
623 304
951 369
680 503
831 833
99 13
231 626
343 15
985 335
15 967
177 681
935 70
373 867
157 882
208 975
589 769
927 2
986 566
483 99
738 563
648 33
321 480
182 590
40 699
286 70
192 641
495 61
241 100
337 592
712 142
257 50
825 164
759 570
665 14
133 875
919 822
249 917
492 799
508 746
288 240
220 491
143 585
334 435
124 213
808 508
725 625
911 889
623 828
436 580
235 496
221 857
649 744
153 707
476 281
371 926
127 278
10 740
678 158
656 803
128 881
834 639
138 700
888 316
64 721
398 591
504 651
650 886
360 272
543 460
65 959
585 178
835 860
313 330
300 513
843 614
107 216
39 841
362 62
333 603
467 442
821 299
673 375
981 712
562 686
644 369
748 656
319 766
774 674
825 606
441 826
633 762
999 736
710 338
426 201
438 470
464 768
848 696
637 893
126 145
313 979
880 920
172 221
93 634
152 817
442 974
462 528
344 361
747 836
713 418
364 786
51 158
535 346
664 142
220 613
349 135
749 247
714 435
914 989
314 478
415 257
332 212
882 843
952 737
608 82
574 433
63 123
139 281
401 769
422 525
175 38
802 620
780 225
580 601
12 393
744 443
861 905
398 159
685 20
19 668
452 682
94 871
179 468
24 744
629 965
775 405
181 161
989 214
400 594
876 401
132 585
261 119
562 10
514 254
16 563
760 680
857 718
345 516
689 868
144 364
100 805
582 871
614 766
301 823
609 370
43 421
938 740
634 316
668 531
822 3
178 999
974 447
551 443
598 985
104 164
828 171
468 801
738 73
243 892
483 958
789 48
721 380
716 826
983 824
109 301
435 277
707 649
582 928
500 524
398 796
560 683
220 183
703 107
874 836
299 603
631 419
798 692
822 990
684 836
779 117
892 791
504 244
531 856
160 459
754 494
490 695
122 314
887 631
317 512
591 977
174 524
497 686
339 311
994 867
522 250
384 881
338 882
847 208
507 221
100 664
905 68
424 864
781 433
751 658
668 987
993 214
956 999
417 223
661 553
620 459
836 644
508 790
774 94
854 1
186 367
681 79
623 828
416 785
993 975
314 162
126 369
456 333
662 931
846 174
322 705
821 278
628 776
752 195
376 354
350 823
281 943
72 456
358 998
492 232
375 365
737 254
139 909
787 413
467 481
129 131
197 464
221 668
593 505
68 432
632 231
431 242
967 389
257 299
102 747
643 887
701 586
300 726
465 29
68 437
12 832
962 974
931 165
948 341
660 173
528 517
39 468
161 587
580 168
644 792
461 115
828 957
446 111
98 586
874 489
649 919
560 961
929 959
254 321
562 306
844 148
324 986
172 914
876 88
848 233
225 799
285 781
48 785
775 971
653 594
981 994
83 274
375 100
430 94
205 780
198 937
161 591
999 287
687 592
879 274
500 95
112 705
501 834
271 781
18 687
67 422
947 888
194 910
345 272
520 604
832 869
194 675
19 150
986 84
249 167
979 274
655 755
304 804
350 1
200 184
430 802
333 726
11 922
5 907
823 221
145 159
32 484
620 561
291 568
69 257
369 711
721 814
593 540
386 146
847 419
277 298
195 189
795 378
653 721
582 873
320 788
63 881
244 235
285 233
240 6
152 902
335 167
150 920
827 499
830 225
856 632
444 563
962 904
917 930
201 852
955 552
276 301
691 104
220 599
268 861
595 256
795 332
980 191
53 750
492 472
460 219
17 55
150 484
2 866
282 687
64 452
893 984
828 344
796 918
257 931
387 284
474 293
837 537
983 240
181 762
956 322
756 54
515 280
579 627
820 716
364 631
657 905
436 809
271 59
500 321
194 292
192 333
463 189
79 30
32 18
325 11
980 937
781 340
381 540
883 161
310 117
449 964
709 162
824 732
365 81
577 299
951 853
436 514
306 969
137 468
432 564
246 921
251 999
953 436
656 939
253 622
66 526
482 636
26 119
336 359
494 368
388 283
992 188
447 858
673 521
747 25
958 327
672 675
153 441
342 613
226 756
315 843
608 422
527 977
194 545
686 291
43 832
413 921
558 745
985 997
702 148
533 791
2 931
603 363
535 690
373 129
221 680
963 486
382 542
231 369
109 384
392 33
484 946
20 77
504 686
82 931
153 787
702 837
500 103
774 136
331 264
821 455
153 271
366 353
766 414
668 342
745 219
943 151
823 742
929 62
695 504
969 188
16 789
120 682
165 515
426 210
248 403
352 511
772 495
892 2
831 821
956 407
856 739
26 47
926 435
979 943
538 873
151 432
677 139
233 600
556 712
768 938
379 372
980 201
680 731
644 899
810 340
872 292
506 112
371 719
352 106
131 925
57 105
404 623
215 236
146 774
10 646
510 966
750 763
610 877
21 225
768 570
630 802
80 940
69 73
440 233
357 786
698 737
284 688
704 857
639 345
779 604
173 140
868 775
312 119
498 572
713 170
374 609
611 64
291 209
467 70
203 20
358 836
109 787
28 213
763 527
652 218
707 242
8 731
260 981
713 544
252 68
526 629
775 207
306 541
179 242
931 656
58 808
698 872
455 931
480 216
564 855
350 94
860 520
248 523
908 961
530 168
368 366
3 771
91 924
657 370
694 95
238 559
981 693
186 765
407 546
840 570
61 434
293 542
284 718
479 563
470 225
498 372
461 379
233 11
410 616
74 478
213 273
475 378
614 835
252 179
988 150
85 627
476 921
202 385
148 332
292 75
872 887
49 103
268 537
919 566
555 971
589 586
696 798
810 658
403 994
562 804
111 16
806 74
2 803
724 472
740 378
127 852
779 353
776 791
109 185
237 131
88 45
465 438
759 839
419 278
998 762
940 813
808 865
371 8
566 167
204 138
699 481
969 166
358 633
502 660
960 652
979 971
71 958
894 497
833 316
559 831
549 331
136 713
231 864
693 700
370 703
680 816
555 319
577 392
747 565
907 423
917 249
714 62
305 662
460 324
776 366
797 13
713 957
832 261
883 932
763 295
580 625
818 889
186 485
791 315
352 591
672 888
123 431
321 19
861 477
212 966
490 803
478 159
345 728
868 708
389 135
349 112
101 55
746 302
593 20
763 358
782 982
100 46
683 944
224 563
245 20
357 728
72 661
792 317
879 101
314 860
494 824
532 576
877 408
518 791
896 715
422 354
685 842
191 986
517 443
696 357
231 505
31 241
666 954
942 872
641 826
636 549
828 495
239 55
516 932
888 43
334 809
7 310
909 107
642 283
665 800
248 706
636 518
835 90
839 916
205 616
1000 25
457 632
607 627
870 788
666 11
1000 611
501 992
607 803
341 545
76 538
55 871
240 553
172 401
992 187
513 690
175 284
828 880
634 453
937 454
209 655
246 557
460 998
875 167
317 657
303 292
277 911
199 192
577 483
895 172
958 699
190 171
986 949
733 177
182 147
504 119
49 482
609 82
38 501
289 453
545 263
153 12
725 513
264 51
706 256
757 373
349 818
31 473
321 859
523 298
277 411
190 983
261 426
379 698
197 744
695 420
243 726
988 273
829 552
235 880
923 503
285 918
942 762
548 387
169 669
45 925
791 429
153 620
494 362
916 350
794 766
933 851
212 485
872 171
156 725
288 167
765 264
441 14
208 1000
372 921
604 675
884 337
525 639
978 591
242 264
84 580
916 7
659 514
27 693
140 171
971 752
879 776
847 221
223 773
316 567
489 835
706 582
360 182
438 44
832 368
243 516
714 461
43 556
720 625
40 837
98 799
1000 376
655 556
633 227
63 66
825 749
537 569
401 966
761 171
722 666
541 943
617 911
911 738
351 133
13 80
220 350
784 952
829 366
850 105
60 245
203 903
527 90
973 243
395 578
647 314
194 18
743 221
954 113
748 681
177 641
90 527
542 535
511 591
274 49
278 168
446 945
82 355
838 927
677 497
703 43
313 522
133 403
503 856
232 729
798 396
88 81
87 295
63 874
327 506
77 938
716 10
890 567
643 94
407 852
577 884
654 928
560 772
979 917
933 418
435 240
608 353
508 940
564 462
381 484
15 91
144 177
452 573
493 64
567 625
505 16
792 706
886 138
388 334
101 914
105 225
857 765
529 858
862 963
896 21
642 591
329 569
307 861
197 19
745 260
38 514
869 60
492 948
49 289
837 617
330 768
370 279
340 601
808 510
197 222
580 949
301 131
59 227
92 111
553 723
141 154
744 698
929 415
267 579
175 332
915 93
890 111
970 99
803 147
38 44
258 740
1000 204
895 679
430 723
957 374
166 508
489 83
572 177
511 538
62 13
535 163
366 66
934 136
567 581
943 980
707 262
483 637
660 428
735 148
474 544
285 51
109 184
910 94
684 552
367 372
637 116
713 319
205 441
309 290
874 140
303 852
879 795
242 755
184 707
445 162
423 242
389 869
806 238
299 108
974 253
479 190
711 735
373 208
649 952
327 47
491 642
435 850
49 875
830 723
11 883
193 984
12 969
740 813
801 910
168 684
843 546
225 751
286 165
724 181
954 169
388 132
905 166
740 775
987 566
936 968
7 475
228 750
483 477
274 890
989 352
270 327
427 293
372 609
16 688
517 463
576 490
429 835
190 472
856 530
427 228
479 399
386 986
573 5
274 814
87 365
388 468
436 108
829 656
457 569
214 495
584 918
242 149
241 932
304 304
809 428
146 125
771 491
485 602
333 469
866 164
204 294
900 610
810 581
427 930
871 465
472 298
533 49
650 745
545 991
96 391
863 956
352 818
589 434
224 258
155 733
707 240
344 524
14 810
81 631
331 706
470 921
805 721
285 72
998 174
60 603
230 139
361 707
293 697
868 516
714 802
231 30
748 656
388 624
641 389
248 92
622 714
38 585
351 140
840 772
223 931
362 616
794 405
495 448
184 523
472 979
581 602
833 768
447 557
910 489
743 273
623 668
420 441
520 591
828 843
204 877
533 114
491 439
923 797
161 356
746 353
193 156
407 170
10 225
690 688
417 504
934 447
62 238
813 47
555 870
381 870
235 754
103 882
416 200
178 604
408 711
667 841
520 337
361 539
889 92
174 927
802 76
952 40
966 19
88 452
712 676
434 709
332 412
79 995
264 122
471 96
291 736
907 13
100 370
963 419
374 231
563 148
963 942
115 930
46 707
342 712
254 682
371 64
672 266
875 45
627 614
834 995
410 296
394 419
509 127
852 739
218 843
24 661
419 789
168 447
95 101
639 715
69 423
623 88
277 141
412 224
490 179
419 467
214 894
96 749
788 503
326 643
180 839
927 772
386 99
902 365
912 641
779 645
45 923
48 147
949 965
810 21
300 578
962 898
158 675
644 986
600 650
495 724
100 4
446 920
8 141
303 678
145 945
298 55
695 232
548 827
32 377
997 58
897 58
854 423
546 191
711 249
610 281
360 788
362 761
958 144
358 213
633 361
218 730
4 95
762 419
452 926
485 889
796 256
354 196
840 322
458 401
241 188
336 828
809 629
431 175
807 782
972 635
117 70
636 199
136 214
614 583
208 694
740 118
376 136
597 288
784 626
519 137
842 586
532 282
314 949
779 253
145 769
240 214
795 445
678 349
511 229
84 610
79 593
845 160
338 584
325 957
670 353
200 408
697 291
109 660
234 742
724 876
323 641
324 319
59 805
936 663
377 786
931 876
987 305
625 678
784 250
87 547
834 662
750 862
656 215
908 233
282 607
132 796
199 766
239 342
956 992
83 723
486 599
843 550
970 957
215 49
554 684
669 732
499 465
192 786
373 638
464 66
58 200
410 940
363 576
466 162
119 990
334 521
94 746
668 824
653 661
295 521
762 272
478 133
10 658
934 877
705 672
473 246
746 88
510 413
376 872
411 219
69 765
681 690
192 605
951 913
316 208
394 981
718 693
155 241
527 281
856 470
244 494
560 582
186 57
233 654
606 748
645 978
211 38
429 38
509 687
931 826
358 608
510 493
239 226
730 726
170 663
687 310
389 414
43 746
570 106
386 280
620 437
965 391
772 673
496 476
509 32
241 290
229 620
798 226
181 521
469 588
571 42
698 781
206 505
173 361
441 451
858 82
956 699
29 969
863 518
509 629
928 584
744 362
335 916
647 524
64 753
492 84
553 107
241 906
797 744
355 612
232 757
847 725
420 199
492 249
483 942
241 688
470 46
160 354
901 153
531 906
216 2
149 262
294 67
677 653
235 169
695 938
727 670
563 512
93 127
634 487
985 919
942 326
574 260
209 833
503 201
929 229
164 644
723 425
552 40
445 327
328 886
992 804
830 751
830 156
719 277
432 34
73 483
475 319
722 666
4 159
141 613
474 60
710 119
883 134
512 364
297 176
924 597
438 465
333 848
478 777
618 808
325 962
107 40
249 314
56 230
352 718
630 693
500 304
620 771
534 276
173 589
298 320
70 376
690 666
611 186
189 134
309 175
377 904
263 288
678 439
761 57
221 915
908 194
194 577
167 936
205 692
425 21
751 285
552 822
795 710
929 507
418 396
49 436
885 980
604 834
796 623
524 315
276 648
565 546
817 598
358 391
424 549
506 107
112 10
656 902
33 158
671 4
398 602
830 478
536 101
852 501
643 42
771 772
108 909
778 167
643 495
939 670
805 272
313 278
78 69
943 186
309 594
573 318
976 969
684 789
714 740
309 867
106 671
124 493
237 874
843 223
791 805
692 678
734 541
326 952
656 910
173 305
990 625
259 72
776 353
843 689
731 552
864 651
81 967
249 444
880 582
943 260
621 704
66 152
218 363
145 992
166 926
609 723
372 884
937 801
735 481
275 562
828 58
828 93
312 489
776 123
644 25
616 341
878 775
85 890
730 698
490 710
240 149
789 504
912 794
702 331
795 793
987 160
404 497
99 113
320 206
841 624
833 756
748 745
545 475
669 62
133 836
968 634
823 714
679 544
529 268
539 861
55 66
420 67
92 902
459 847
168 494
318 645
448 351
884 434
222 204
82 667
755 550
4 508
634 238
288 571
767 242
248 879
544 20
54 395
915 97
277 879
536 600
581 713
416 873
384 583
982 465
251 768
84 411
215 60
474 136
360 914
171 979
53 17
216 710
337 696
57 857
345 545
576 717
976 187
57 947
263 584
48 938
145 31
537 9
494 931
685 537
374 195
907 463
761 427
494 673
453 514
934 823
271 861
57 372
117 493
691 220
659 45
116 176
700 951
993 960
932 511
157 977
780 943
610 703
302 941
882 780
625 762
355 122
783 60
522 574
821 190
727 597
58 558
730 675
588 624
956 137
200 873
90 95
832 215
301 35
722 839
197 80
742 718
55 371
264 820
828 898
943 902
572 774
301 859
747 34
753 210
395 204
321 842
762 708
451 897
470 978
190 385
566 261
500 192
234 745
915 39
142 97
309 549
563 166
884 972
30 262
106 469
973 848
744 384
231 503
597 783
532 917
226 291
661 418
563 894
253 213
592 363
176 866
477 187
426 53
887 66
292 542
296 993
747 14
197 757
865 880
198 423
63 187
5 253
931 288
331 298
863 231
271 354
954 238
280 936
588 900
509 59
788 163
11 206
235 437
368 127
574 809
453 739
568 453
521 648
439 246
707 778
816 510
512 786
813 653
750 516
398 267
840 88
86 357
603 364
583 110
992 648
352 200
532 482
14 635
652 834
489 77
332 240
257 858
762 421
864 726
191 480
906 433
318 202
530 459
232 92
934 816
463 151
734 605
105 771
529 140
935 621
2 972
583 491
489 37
822 698
532 482
642 210
319 471
504 735
545 749
793 76
825 364
755 451
33 985
581 488
402 936
722 263
904 764
337 331
280 596
148 809
87 280
113 155
773 245
78 401
98 612
616 301
719 818
501 350
176 172
104 184
616 785
485 538
438 924
981 1000
327 650
12 625
43 193
418 132
868 874
71 199
469 608
603 656
776 265
684 327
331 941
321 939
851 932
583 596
689 565
98 730
484 29
342 236
528 396
38 19
829 734
173 272
483 936
91 91
317 818
874 310
747 404
850 433
180 884
265 111
219 511
311 425
306 893
418 713
676 10
725 834
112 762
886 286
43 973
688 856
588 148
62 211
750 619
345 946
138 471
827 970
739 385
445 517
734 123
639 40
705 27
502 351
331 382
371 816
829 431
969 333
72 648
591 158
446 511
663 590
189 13
989 205
434 292
364 270
714 391
758 953
375 310
595 716
496 577
372 422
834 733
784 972
334 269
622 727
483 955
932 774
190 623
823 904
334 439
364 316
581 928
183 637
988 667
498 208
382 820
56 648
361 407
715 820
712 220
739 943
356 925
479 576
227 900
289 763
785 211
549 120
63 918
138 490
698 548
676 99
86 374
641 182
258 158
547 989
933 732
877 580
569 805
674 69
783 6
162 302
139 863
454 976
121 643
734 361
896 270
865 565
239 296
997 1000
453 562
872 191
885 62
94 863
474 388
83 462
31 122
875 881
594 60
888 245
874 868
741 83
591 564
233 846
329 361
349 990
651 138
713 970
921 258
796 929
432 106
315 793
77 691
980 684
664 873
163 656
906 620
973 166
566 100
523 782
540 674
809 256
99 511
136 470
552 855
512 664
882 30
410 936
952 174
381 271
869 15
327 231
658 249
671 108
149 118
912 277
753 595
609 886
894 480
171 131
986 718
658 942
344 641
216 361
616 62
102 723
807 606
628 900
801 59
659 619
748 571
849 835
775 971
796 417
675 950
587 529
592 662
2 313
579 594
12 838
190 633
518 30
392 637
121 582
703 451
416 861
548 283
979 24
342 747
844 831
90 537
656 304
665 600
431 11
962 650
120 502
25 655
662 937
848 45
296 869
357 777
472 672
580 485
761 548
583 818
575 98
403 728
154 160
965 395
187 554
413 976
826 88
865 457
150 869
173 101
447 416
218 484
777 182
116 49
850 639
625 641
398 864
887 115
824 938
645 240
396 608
860 917
155 862
615 623
486 464
681 558
535 409
438 741
404 662
813 257
637 666
452 695
145 531
661 771
915 4
552 583
307 588
848 689
634 991
410 760
758 116
763 736
327 935
562 739
9 368
566 259
19 291
49 717
463 177
621 104
180 863
462 895
752 590
928 915
529 939
778 501
478 360
356 130
561 146
829 999
136 772
352 151
396 780
23 235
658 868
208 697
568 84
79 673
986 462
501 860
374 770
712 501
205 483
403 180
939 794
407 993
680 794
689 902
136 995
446 32
384 579
941 775
74 298
36 436
315 196
974 195
139 612
827 209
924 759
232 895
206 927
392 288
195 570
179 119
879 98
783 917
882 574
652 970
425 272
660 193
465 304
835 233
598 961
203 24
203 835
411 995
74 961
345 636
279 220
197 819
1000 152
729 257
584 260
182 785
548 72
440 47
517 746
884 461
959 378
616 979
266 415
357 839
223 145
449 654
957 776
200 658
76 748
372 909
201 31
986 900
412 361
22 591
135 698
466 472
472 21
3 58
384 115
261 892
373 789
585 678
373 22
419 467
723 80
728 984
639 262
760 636
721 635
56 136
407 17
236 33
352 115
227 268
23 767
395 561
443 342
327 67
486 191
166 719
525 171
278 923
384 241
816 953
379 221
46 627
236 541
626 553
318 21
81 178
461 187
40 895
626 549
949 742
681 729
298 989
338 413
893 885
277 777
475 986
330 49
727 424
415 327
917 848
827 89
52 843
635 335
91 582
850 216
347 110
927 533
213 798
218 726
374 359
46 820
904 976
253 646
459 982
624 880
164 373
303 881
20 344
297 227
452 949
11 57
647 372
310 716
394 74
260 934
751 785
307 843
280 106
30 68
834 14
127 918
735 225
978 179
97 88
390 256
108 733
277 78
371 984
39 604
94 848
225 157
682 930
723 766
626 433
347 508
605 719
76 379
543 675
747 673
556 436
140 100
586 845
551 353
503 193
209 743
651 96
217 579
287 355
920 422
974 653
324 988
218 626
975 646
347 636
547 114
60 307
193 816
726 533
475 321
185 504
502 124
944 899
772 521
76 803
800 929
436 637
355 597
748 750
447 86
147 123
283 853
273 647
318 749
913 759
423 254
723 212
484 955
165 513
393 597
27 651
460 321
205 897
567 23
264 900
237 749
792 865
897 308
716 653
867 922
842 353
508 255
652 638
76 659
51 601
162 560
276 458
44 844
248 818
591 555
232 372
977 666
672 694
765 726
140 319
80 806
753 19
881 30
901 589
854 110
113 700
53 923
421 113
119 964
77 728
796 775
43 789
883 317
726 617
769 723
457 893
316 91
966 406
128 578
325 202
442 163
247 754
619 868
456 528
71 592
285 58
518 637
786 264
59 398
735 283
827 747
508 414
288 448
346 802
871 267
476 332
887 354
590 114
844 341
301 334
706 391
7 417
365 155
476 164
960 589
725 979
292 774
60 947
828 228
532 598
936 298
66 396
590 203
589 772
215 421
338 491
417 939
923 821
680 483
289 954
163 482
567 634
557 453
577 812
656 769
245 130
417 469
272 66
304 678
772 361
262 251
577 217
716 563
26 389
545 532
97 281
900 421
910 119
211 190
451 352
844 854
283 376
146 645
661 805
435 963
676 689
943 577
793 981
466 271
387 417
542 885
469 122
451 430
16 643
353 298
235 935
816 483
689 718
925 754
266 334
975 227
220 667
723 438
851 818
189 519
854 378
224 120
364 709
752 286
855 126
349 617
408 490
883 640
884 644
592 861
741 396
38 548
796 152
106 778
77 14
219 51
819 848
647 716
439 65
626 675
547 823
537 356
915 665
710 453
766 587
189 92
513 992
86 759
412 639
259 69
266 113
85 219
755 810
138 217
276 470
483 38
218 934
987 553
91 899
617 338
846 618
26 177
91 217
8 141
317 729
160 151
831 452
827 663
445 657
459 999
925 461
849 264
542 300
276 82
736 193
740 624
412 450
383 370
221 584
508 420
142 733
751 928
422 623
213 936
450 188
176 38
290 134
373 919
39 633
715 877
42 498
103 853
833 435
278 601
574 236
410 310
760 68
945 904
310 545
58 108
641 76
290 142
41 840
590 93
467 820
122 244
898 863
617 322
252 332
766 556
750 503
426 970
122 326
462 415
231 323
300 628
970 937
841 184
708 724
622 785
972 390
47 86
887 824
11 240
125 78
334 61
741 270
619 7
492 970
686 629
618 156
529 233
397 954
69 402
282 650
243 978
169 279
11 835
753 172
437 797
220 944
511 771
772 987
943 783
910 873
809 315
526 501
922 337
499 791
253 101
684 809
46 106
59 62
574 58
937 259
631 867
850 147
25 638
459 54
932 569
33 82
454 71
11 301
775 574
91 985
643 418
761 417
279 816
881 187
496 389
270 927
449 608
406 311
644 750
112 430
11 621
988 750
286 794
754 829
271 23
605 944
453 855
521 411
310 972
723 47
41 291
584 341
635 790
57 163
103 491
741 636
491 179
751 204
705 53
130 613
180 979
714 251
172 982
437 55
859 654
217 906
744 596
568 624
516 468
282 375
108 845
513 376
502 395
379 413
311 406
443 900
156 956
705 131
791 429
907 868
997 390
772 435
574 200
373 222
309 145
873 724
401 396
757 217
594 173
935 985
512 551
462 802
976 681
642 216
504 966
958 395
686 924
875 715
307 296
79 839
350 239
934 930
159 560
263 447
368 97
563 703
915 15
577 153
304 98
366 777
773 887
611 667
772 216
327 697
151 746
694 204
327 453
346 584
133 817
754 379
616 735
952 992
865 926
647 38
851 831
332 726
800 394
284 813
919 906
239 742
122 407
923 301
815 867
68 687
973 16
339 653
946 103
101 379
210 939
685 876
523 488
772 384
287 446
88 681
449 155
731 850
899 807
93 673
976 617
604 110
901 299
364 92
622 433
322 105
302 384
173 801
38 893
695 711
906 907
295 142
33 33
3 732
972 771
301 584
392 215
771 902
343 179
564 385
723 942
703 513
997 580
214 509
5 86
723 610
835 937
106 860
462 829
104 900
795 417
498 396
696 926
696 519
457 233
371 172
986 756
645 124
582 519
912 953
920 19
955 554
753 528
952 292
417 816
553 812
561 539
332 186
944 460
516 288
908 171
146 652
499 989
163 97
155 489
996 877
863 164
636 726
307 808
121 846
394 712
254 865
965 455
147 829
775 282
749 946
631 699
176 817
238 735
978 233
10 842
889 280
33 674
488 183
418 665
134 793
545 455
120 30
673 319
216 683
951 232
389 636
228 728
677 612
531 4
192 972
948 299
944 418
520 683
846 620
206 891
670 358
141 428
605 217
387 882
738 204
118 439
43 142
641 625
26 845
57 323
688 697
40 642
207 109
762 9
286 679
830 575
569 93
576 230
16 978
244 264
73 801
509 709
96 890
711 200
830 275
385 899
119 129
792 792
888 423
552 682
1 333
652 635
904 269
56 679
198 506
188 880
278 442
12 68
475 710
86 556
321 991
435 622
759 931
514 197
891 224
338 488
958 272
302 128
370 718
214 38
9 168
827 212
336 118
867 754
724 842
614 861
195 32
783 899
887 408
951 906
510 865
919 121
437 520
149 407
895 297
34 323
920 206
345 411
927 78
665 457
91 399
950 651
77 303
53 818
863 735
887 565
43 489
449 263
263 276
297 886
31 350
619 462
180 497
589 853
892 361
119 80
977 669
648 294
750 891
61 915
824 33
74 656
641 266
198 41
571 917
586 119
563 548
427 367
348 867
216 354
230 264
597 743
21 811
66 222
695 981
438 478
985 526
768 722
921 153
559 799
809 923
128 721
666 284
264 398
528 476
850 259
173 874
515 13
712 161
301 235
551 245
705 707
106 845
424 442
194 832
580 864
970 948
234 371
445 509
131 131
136 428
83 742
345 536
713 444
313 697
185 198
422 378
502 786
259 566
76 794
164 79
588 478
589 291
721 887
235 432
540 126
133 466
11 348
299 386
383 267
632 32
517 805
572 869
53 884
61 602
650 585
1000 390
641 400
282 886
445 380
228 53
962 623
558 974
1 453
282 47
836 466
325 193
139 121
426 693
237 847
208 41
650 223
28 283
305 70
978 846
926 562
616 859
687 79
995 745
390 962
239 472
737 706
825 74
321 507
871 387
56 740
402 379
782 716
738 841
573 609
611 386
724 977
216 898
121 932
805 443
19 449
737 332
870 865
107 515
144 689
955 742
92 844
965 750
485 368
850 398
325 655
968 899
902 1
539 476
329 304
195 675
925 20
576 92
907 272
995 461
888 693
655 575
50 653
688 165
702 619
243 778
489 529
606 952
725 610
561 150
423 297
149 154
959 145
948 775
872 7
322 32
568 909
410 726
58 113
516 574
882 205
421 903
416 999
167 450
730 844
883 811
939 465
964 767
400 362
278 126
140 63
999 987
474 331
284 58
523 382
631 801
441 462
424 642
44 586
834 240
186 343
568 64
532 574
15 811
567 38
613 681
744 414
482 495
628 246
38 459
815 838
531 80
299 326
613 430
963 488
335 43
104 347
608 312
676 842
918 685
749 909
465 767
532 21
539 595
23 309
663 611
812 304
24 512
879 30
347 952
350 355
479 523
995 161
923 745
265 468
674 966
970 6
739 200
776 525
483 272
923 242
775 679
123 588
996 916
343 940
914 459
501 585
81 679
338 919
594 275
780 868
289 638
526 731
570 357
332 781
938 846
560 364
918 394
636 945
346 673
817 489
227 685
831 260
341 688
654 127
165 911
821 370
318 92
913 547
254 870
408 92
838 348
669 59
333 202
895 81
47 114
702 174
197 158
646 443
164 901
895 351
570 613
107 822
158 56
898 518
480 626
635 516
433 146
724 79
724 879
563 915
388 973
366 858
360 895
832 109
837 775
285 225
211 668
248 984
987 972
986 540
167 74
694 20
978 89
467 8
649 226
658 119
202 858
216 468
484 240
166 524
424 941
319 747
647 621
666 136
524 149
185 342
627 918
921 324
345 825
843 727
670 995
82 510
633 786
326 302
194 24
544 95
302 440
159 751
366 271
978 934
569 78
703 482
636 117
772 596
415 481
300 250
970 569
324 422
599 181
574 951
882 104
213 214
390 648
307 132
553 211
80 322
467 349
788 121
131 191
286 684
147 290
557 658
197 748
528 104
102 338
577 606
794 359
543 257
152 420
164 922
319 57
60 692
873 962
423 19
975 381
697 956
278 659
768 863
696 430
653 788
221 730
151 61
644 230
788 280
133 717
170 681
169 448
589 349
988 862
793 465
961 23
747 692
158 869
891 610
666 764
853 691
45 236
384 939
839 109
21 555
188 138
268 337
837 280
460 347
322 97
122 881
807 172
141 388
381 608
87 241
75 161
326 707
741 73
867 928
411 251
274 570
949 228
372 882
453 243
586 960
933 354
602 525
700 677
631 524
619 203
20 702
516 819
929 182
253 937
161 316
393 96
91 262
360 634
896 444
609 46
228 906
957 266
929 483
445 641
392 28
86 926
857 464
276 962
102 210
373 859
330 991
672 413
439 317
678 645
225 911
287 660
541 355
536 336
535 141
316 961
186 813
80 387
504 902
571 303
940 569
670 47
174 674
137 226
408 336
702 260
15 307
937 74
28 457
664 941
587 786
280 789
891 933
440 135
63 690
546 882
893 17
791 350
997 379
66 582
668 672
312 816
658 488
167 843
80 814
876 168
990 2
929 836
508 734
551 829
447 331
40 226
759 996
393 792
71 27
669 322
316 587
165 825
281 911
743 237
442 241
21 442
688 205
88 303
157 238
340 835
536 465
285 656
459 697
978 500
939 299
82 542
496 867
228 438
750 558
667 856
978 2
954 363
57 410
740 181
846 151
815 89
946 492
746 747
569 992
596 547
114 545
135 593
7 439
782 216
199 550
330 21
904 113
915 938
744 467
29 718
630 695
297 8
261 716
510 100
481 201
839 341
612 111
590 619
771 518
417 358
197 608
53 612
324 734
616 816
135 55
332 188
526 776
880 344
872 737
897 339
242 164
609 1000
953 243
134 325
826 698
503 705
119 979
851 764
461 777
154 284
116 455
647 421
599 745
743 792
836 755
619 647
717 865
124 519
857 255
616 599
797 626
255 272
311 46
668 406
124 138
96 271
544 777
441 969
798 706
67 152
785 802
85 696
963 272
376 528
851 57
347 960
964 558
130 948
83 491
376 722
545 625
395 880
547 430
103 945
966 907
422 170
247 742
862 415
850 105
971 68
896 627
263 345
191 806
967 29
21 129
8 918
772 30
242 624
453 726
419 717
526 116
847 691
325 807
751 292
602 228
991 354
456 4
68 553
997 58
846 450
211 303
59 229
741 361
677 350
629 274
404 444
789 317
230 510
325 758
406 70
869 26
363 939
35 900
555 873
719 58
696 324
173 263
185 677
507 75
516 620
412 512
235 542
188 406
772 753
285 721
717 518
113 25
864 318
569 19
747 81
117 158
452 634
237 16
971 543
480 842
424 95
874 481
246 453
739 263
216 28
286 194
500 963
455 42
973 628
497 433
597 512
767 998
666 5
697 706
928 130
186 551
304 385
359 54
472 406
882 984
850 48
608 431
961 918
599 806
322 644
301 350
448 294
901 898
130 4
819 309
32 534
42 307
676 202
411 934
870 892
873 882
275 397
499 362
774 527
369 28
551 319
123 738
644 812
103 627
253 536
905 866
116 573
815 661
69 433
77 424
98 653
855 483
402 834
782 674
539 117
245 99
845 709
916 933
385 938
76 703
450 216
460 783
11 389
627 612
89 375
679 126
971 761
325 228
919 296
946 422
782 345
290 397
699 45
368 103
336 871
109 328
450 997
491 765
709 150
20 914
891 428
503 543
233 9
436 78
131 590
751 32
425 122
922 745
457 968
598 785
88 532
682 148
59 775
280 116
363 513
819 230
704 167
342 707
557 749
921 439
812 397
693 455
387 385
979 718
472 221
303 41
393 937
555 565
631 85
537 509
588 925
40 744
538 576
956 17
310 820
639 633
125 572
540 779
445 93
350 38
407 261
844 73
4 284
679 657
294 104
783 678
624 860
283 783
944 280
608 171
788 623
565 35
467 148
492 620
606 463
578 712
470 647
387 143
992 640
592 490
790 415
970 425
711 579
500 429
323 543
836 1000
447 45
562 628
856 261
556 498
38 270
97 124
718 348
300 349
197 19
412 807
337 475
90 148
482 68
66 977
850 268
374 633
208 767
311 918
547 686
941 229
837 547
153 178
982 972
225 617
851 230
452 336
535 915
871 617
728 639
407 404
13 72
463 564
383 260
916 856
645 912
359 461
796 814
883 994
638 302
1000 245
115 640
72 252
222 8
240 127
706 92
369 436
844 370
847 354
210 253
65 378
564 762
258 674
866 686
311 605
607 994
739 824
844 338
288 717
856 434
166 109
599 18
384 714
688 291
5 163
163 962
333 332
730 237
822 485
928 732
813 25
192 114
824 546
55 971
467 570
900 512
585 293
751 801
6 862
200 603
155 984
105 698
650 550
415 976
274 804
556 847
117 23
633 131
304 970
227 212
866 635
131 435
937 542
434 546
674 489
580 481
15 103
61 494
294 848
433 28
271 608
256 416
838 511
91 624
802 186
232 220
325 185
404 106
630 16
385 685
411 649
341 205
42 481
517 405
202 722
146 313
741 242
692 614
713 386
196 647
608 417
638 716
572 706
119 766
111 707
731 369
130 79
538 1
428 839
123 48
894 652
226 462
348 649
991 874
830 294
663 824
816 951
942 676
455 903
452 830
29 975
296 847
631 500
307 962
869 264
991 526
777 799
887 675
492 836
672 419
629 797
281 724
491 141
567 99
174 928
660 355
768 476
601 550
530 847
561 363
796 675
856 504
613 73
427 98
844 877
954 499
206 438
852 787
665 473
865 778
48 918
310 572
752 3
789 775
98 271
755 577
379 826
686 598
48 299
686 512
510 979
978 615
8 440
791 396
642 732
885 992
54 687
515 818
605 642
4 1
729 374
961 695
288 300
609 287
315 822
278 112
400 645
354 65
604 781
986 272
229 302
602 582
216 269
929 373
222 314
783 805
397 203
492 139
164 281
146 771
302 128
901 960
395 981
546 401
147 884
710 78
668 400
616 411
214 446
290 852
701 308
588 19
735 557
506 277
455 784
816 275
481 995
330 64
342 690
16 198
210 621
10 351
773 840
296 64
615 916
878 352
408 742
582 962
959 150
942 582
504 659
763 815
979 574
350 769
363 772
622 825
188 80
710 570
25 504
865 453
573 358
747 304
216 34
82 514
404 445
277 470
233 817
595 662
973 536
824 363
312 363
147 674
128 565
483 784
944 638
779 745
358 667
571 549
197 734
338 581
64 586
609 228
992 307
81 649
600 771
160 541
14 663
840 624
429 596
776 752
785 20
655 365
363 653
494 102
230 692
61 552
513 701
273 785
406 471
917 328
273 78
78 103
333 936
339 883
76 141
117 644
774 328
268 64
868 411
810 620
861 890
124 150
680 367
685 13
603 254
493 42
835 241
611 259
333 47
214 380
477 152
43 961
405 540
90 547
505 717
289 863
440 74
557 45
149 374
574 118
678 432
363 695
477 796
566 926
582 226
265 835
392 493
473 153
143 231
289 845
489 259
778 70
520 891
90 773
855 731
443 255
233 614
542 912
742 655
599 827
151 2
915 759
164 549
31 308
724 41
426 247
229 13
974 50
925 285
147 55
88 126
413 446
602 6
671 877
63 786
143 392
81 504
52 921
795 614
493 921
852 978
292 296
413 867
44 554
446 336
310 939
254 768
74 660
858 649
620 797
992 533
405 693
452 690
956 113
867 737
876 129
966 114
304 561
689 925
540 975
613 884
93 728
186 7
404 432
577 648
423 601
665 761
977 211
776 354
604 918
853 647
275 940
12 121
340 938
217 44
790 344
224 673
936 751
228 717
851 778
71 474
40 81
874 780
692 762
837 654
435 640
113 54
331 305
436 735
443 274
885 222
899 870
816 743
741 359
684 680
13 820
923 430
358 211
994 583
693 641
922 48
49 680
822 352
995 48
655 60
114 978
860 980
50 96
661 734
38 697
441 434
196 84
151 118
193 298
290 915
204 249
521 591
671 926
814 684
763 403
356 496
19 481
735 751
740 47
999 887
819 396
973 194
87 506
809 505
57 900
147 198
994 393
928 939
292 521
271 873
211 471
197 580
213 240
150 717
775 83
109 736
2 881
942 392
151 127
690 927
623 370
66 842
606 290
872 43
528 170
498 961
460 302
568 374
984 198
473 512
973 739
472 186
205 368
61 443
627 467
553 248
490 547
138 701
200 259
352 993
459 296
919 203
405 48
134 80
548 628
815 215
766 192
73 742
667 560
930 213
371 613
664 931
954 64
338 81
176 101
106 940
790 420
310 71
790 805
759 960
746 290
482 889
592 25
166 202
629 953
36 245
479 365
557 43
239 344
297 37
551 184
604 100
224 549
102 253
136 540
115 880
418 735
896 280
205 695
207 736
186 301
453 603
896 861
970 245
498 300
928 304
580 819
55 58
90 180
545 117
506 93
538 998
794 771
66 347
669 601
158 807
202 681
907 263
109 946
909 498
811 635
103 836
368 959
939 228
179 137
541 15
580 17
171 844
804 232
120 570
894 16
481 782
861 128
479 186
151 807
583 362
416 78
510 32
793 427
472 859
443 499
347 515
279 432
359 545
767 507
74 37
498 84
377 23
652 1000
65 778
132 338
7 765
19 149
188 276
354 760
70 495
762 603
339 634
833 705
951 293
236 943
295 892
16 892
550 329
382 377
521 432
175 771
863 700
715 87
603 400
16 61
420 353
481 576
244 602
557 5
528 111
154 746
40 191
689 401
672 492
91 436
750 220
13 51
405 453
832 228
265 452
365 379
483 407
335 803
448 868
72 211
949 625
161 308
149 206
372 978
919 208
516 305
545 199
392 458
554 218
91 94
879 697
760 938
420 3
988 995
149 329
780 76
37 522
825 350
350 193
465 400
202 237
16 671
819 871
367 215
38 481
371 834
197 845
105 529
124 547
569 49
204 95
392 528
351 858
643 616
723 320
144 82
707 403
951 479
601 726
74 419
785 564
785 19
394 825
153 424
766 585
365 957
821 264
933 830
956 754
38 337
4 508
202 545
816 898
538 232
278 162
425 341
458 153
835 311
464 13
430 1
17 419
824 198
95 842
737 726
652 928
130 306
744 891
670 556
418 978
224 923
121 101
645 126
762 2
492 862
821 306
243 273
980 27
91 44
940 359
150 297
743 165
432 338
152 287
893 684
672 731
385 567
521 374
270 325
602 926
345 385
930 974
277 203
568 144
773 25
690 486
900 567
500 617
687 970
20 494
829 441
708 382
790 741
687 564
146 131
384 877
451 312
447 43
926 852
893 642
102 690
266 183
954 895
469 965
495 65
796 762
681 746
620 913
670 973
251 169
899 144
252 871
331 634
76 519
733 463
571 689
774 154
708 554
360 122
928 559
225 512
511 553
958 392
545 446
417 886
197 204
1000 139
856 988
361 368
176 324
483 914
721 589
878 15
944 686
710 655
126 513
868 687
87 317
22 346
587 931
119 593
629 365
162 461
346 908
915 553
996 129
271 957
200 942
501 129
253 653
677 615
815 305
344 525
794 645
239 681
586 386
25 997
2 28
480 701
76 679
995 718
833 286
41 290
833 180
356 681
36 207
940 994
18 17
38 682
25 417
60 412
885 193
614 259
893 857
290 20
436 877
64 950
172 130
745 478
714 103
314 575
46 314
27 423
193 24
725 912
60 192
474 196
334 802
455 794
998 892
8 521
18 214
747 362
320 215
648 500
675 343
247 274
921 927
778 711
602 69
877 684
763 212
19 561
979 724
115 347
901 926
131 949
688 698
363 322
236 772
325 969
286 829
651 266
653 678
274 769
710 498
662 265
653 236
79 978
141 607
322 149
770 733
394 687
813 706
160 221
695 249
432 912
617 855
487 529
124 183
210 454
485 414
641 173
67 936
44 256
412 163
500 457
428 770
149 760
192 444
546 244
130 847
634 991
710 318
106 828
564 739
827 725
630 361
605 488
997 737
620 146
816 167
234 783
749 710
525 368
666 954
394 830
861 444
442 510
875 179
324 726
559 160
908 255
355 643
971 547
555 973
358 41
648 765
267 966
563 671
961 582
579 570
199 212
256 369
376 182
160 228
118 269
115 408
781 51
602 932
617 942
205 733
51 740
941 933
807 567
751 759
209 883
474 534
458 109
107 166
805 895
815 91
159 833
520 425
622 298
52 964
353 288
763 785
337 916
231 941
991 937
80 292
798 926
169 380
57 34
557 132
640 640
127 991
279 515
256 909
80 820
889 843
147 761
932 650
402 416
790 966
882 221
440 272
103 704
214 478
46 291
871 473
569 586
887 519
239 203
385 467
954 616
801 738
661 27
305 526
974 961
626 712
936 50
837 914
276 921
898 795
705 439
666 382
129 540
320 29
30 40
93 154
285 791
908 415
257 540
290 831
92 679
250 252
610 849
633 953
246 383
245 899
168 830
443 500
863 183
690 8
732 499
682 316
959 624
905 939
919 12
951 195
876 873
144 952
214 834
842 735
91 77
551 422
341 537
61 682
931 906
997 776
194 771
345 904
106 36
921 511
861 716
471 932
222 952
58 85
295 708
528 659
830 625
80 828
752 728
495 767
733 438
976 485
655 73
89 926
238 354
588 393
229 875
852 873
571 499
713 452
554 736
949 269
860 524
63 413
855 291
840 277
518 683
333 887
515 949
348 302
105 779
810 451
559 579
284 529
674 739
101 219
857 901
175 629
359 981
309 609
804 904
545 947
309 952
578 262
870 894
368 400
309 455
691 843
849 865
776 94
131 535
181 852
299 516
936 947
814 773
754 376
678 274
482 729
211 198
120 562
281 964
822 572
226 397
606 867
261 335
456 279
550 928
650 950
369 148
774 719
257 155
678 274
486 127
803 559
871 244
710 268
931 240
430 154
310 261
900 882
418 845
340 476
84 830
477 409
713 622
889 818
801 720
25 695
163 215
851 285
249 91
998 690
700 594
336 394
795 345
189 80
801 42
27 757
733 560
828 492
213 321
603 402
333 468
546 168
341 315
788 739
81 146
975 277
701 617
804 293
992 886
825 485
656 63
310 482
39 847
144 529
141 350
587 776
54 342
195 747
812 227
428 737
952 690
528 6
133 462
145 761
758 231
360 720
858 372
493 155
324 290
368 447
464 141
632 533
474 622
426 90
529 6
172 775
453 179
354 987
197 304
864 232
260 898
153 475
972 920
72 264
987 898
414 470
78 613
651 639
419 533
432 683
675 501
76 333
24 172
349 630
19 344
817 816
442 279
766 574
264 915
895 514
973 622
928 494
39 479
908 584
257 171
908 616
827 584
11 339
882 941
448 941
585 806
444 75
96 943
493 367
621 127
162 55
536 983
831 639
868 706
555 302
898 807
288 575
255 381
507 170
322 96
21 530
415 401
73 551
791 98
135 807
163 345
192 24
246 444
11 466
243 55
95 947
568 818
738 546
393 583
210 416
416 186
474 68
883 402
151 6
406 591
763 214
707 84
194 238
215 646
92 61
7 309
690 582
570 292
699 880
137 364
353 423
548 638
184 827
295 104
247 111
134 910
419 204
924 717
728 495
330 565
737 345
229 509
546 558
217 652
43 993
773 925
824 445
415 513
31 910
954 828
282 593
941 721
341 762
718 39
706 45
95 120
275 839
375 719
296 373
900 498
450 901
287 25
95 724
793 822
631 255
253 381
61 22
645 558
347 934
690 472
927 351
790 104
610 429
68 26
156 42
91 839
568 452
591 377
757 946
696 443
103 397
583 132
747 789
838 133
915 370
831 624
313 92
472 484
78 533
165 847
997 493
38 555
244 326
291 556
59 17
758 128
537 936
728 472
619 662
422 31
565 780
61 664
134 166
276 101
519 701
681 13
509 870
766 701
135 803
157 859
834 56
386 807
291 72
400 50
308 929
615 243
555 478
997 552
783 148
418 970
277 783
792 989
34 69
914 974
865 227
652 605
263 631
532 581
926 838
544 538
871 790
408 402
875 375
949 503
772 366
123 444
967 994
602 422
269 666
131 941
26 542
633 139
189 62
765 124
42 632
959 631
644 198
874 84
255 214
624 990
501 60
693 123
870 845
448 825
798 685
911 883
250 292
187 597
35 813
356 356
206 615
910 818
155 783
396 432
157 37
187 276
953 990
747 174
74 986
521 126
20 903
992 648
600 318
26 370
880 100
730 765
492 852
355 842
747 930
902 71
550 787
200 418
1 596
674 174
635 360
246 884
761 238
494 27
182 594
862 642
389 355
781 14
170 469
648 240
190 168
865 960
673 168
454 192
869 998
948 410
113 279
973 611
195 668
8 220
834 626
264 87
346 226
791 943
89 659
373 267
66 311
835 4
200 20
365 701
901 836
352 971
35 119
448 612
83 543
510 69
365 52
799 703
655 273
48 497
993 519
736 276
80 320
375 211
73 783
814 305
329 198
679 424
434 88
879 983
841 200
216 283
86 346
892 210
340 809
382 796
433 136
411 338
592 676
658 532
741 425
840 853
969 85
335 210
615 994
400 307
469 728
958 985
583 274
197 121
312 360
475 599
931 501
998 87
546 770
870 791
388 818
948 289
292 247
739 408
847 477
309 961
391 126
41 237
870 974
532 739
68 903
14 307
509 672
487 408
237 977
274 453
166 595
32 508
587 654
616 739
605 10
829 113
78 609
921 439
4 413
409 625
993 631
536 495
160 536
104 447
154 123
678 158
266 522
686 967
334 720
544 331
168 663
417 418
659 379
524 168
777 391
730 363
820 414
584 844
916 581
233 908
297 15
203 185
546 968
430 146
293 79
338 487
551 805
616 92
382 851
628 407
717 540
633 560
408 878
550 745
241 359
184 982
626 909
744 687
204 598
478 780
647 809
662 384
203 709
738 608
79 121
320 14
320 92
414 849
500 326
371 159
870 790
431 422
917 277
45 760
105 674
672 397
934 976
725 69
380 173
488 926
5 501
697 786
121 111
759 885
191 581
757 526
45 90
909 468
65 271
395 835
617 62
851 782
576 555
278 303
306 599
728 101
234 287
469 862
857 493
590 349
162 845
503 853
972 843
715 919
856 795
857 824
147 920
248 511
814 810
385 949
940 986
557 142
956 223
359 87
768 198
986 177
285 837
710 629
132 697
871 295
192 201
807 976
537 314
22 415
312 916
191 512
748 397
924 384
20 501
396 648
598 554
188 632
480 957
28 677
205 668
331 445
794 289
470 947
897 67
29 119
550 499
846 440
160 266
551 420
858 297
694 439
595 953
899 698
322 357
416 766
910 68
511 705
574 843
77 800
76 139
286 734
663 166
585 284
649 320
245 98
22 4
140 692
206 156
215 384
973 333
610 999
401 578
450 970
259 96
940 8
426 322
271 701
908 741
949 773
119 655
582 57
951 924
702 584
152 985
464 490
15 469
427 961
404 172
420 625
699 726
147 682
35 472
858 948
125 265
260 506
513 199
995 961
670 114
357 931
890 330
599 607
849 493
226 804
312 964
85 78
396 630
867 575
958 45
847 658
274 688
685 260
977 176
147 731
860 615
464 188
609 213
803 816
995 653
215 159
789 128
806 296
903 457
579 846
292 561
269 343
971 251
169 450
461 714
94 311
782 609
855 452
8 188
885 988
628 110
75 226
3 674
870 967
964 997
772 64
334 444
780 468
416 338
199 133
350 237
589 972
823 34
979 226
286 941
115 252
742 238
101 150
857 673
493 108
906 564
317 901
881 110
732 361
696 318
343 772
532 233
79 171
22 41
291 423
74 994
695 528
215 166
901 483
224 332
588 455
411 381
558 740
240 111
174 533
716 541
945 472
631 327
404 460
234 997
327 594
581 394
753 991
584 703
92 881
16 925
689 71
45 423
687 70
450 600
313 825
340 273
966 745
310 205
637 878
972 184
935 700
447 861
575 377
201 103
368 942
577 787
103 509
729 348
209 786
286 791
53 564
712 296
837 974
435 620
473 489
332 169
508 805
584 875
915 912
538 376
740 141
291 622
219 344
271 563
403 425
261 733
691 407
863 308
606 256
604 693
304 150
66 128
982 684
103 284
453 609
954 441
989 356
510 430
199 945
831 620
861 466
391 75
754 962
251 988
330 254
922 606
754 741
742 61
371 986
926 304
491 975
698 969
749 875
89 115
58 935
456 591
256 726
196 527
930 932
610 463
680 577
996 913
536 629
583 112
469 230
171 679
335 839
67 314
427 92
389 573
509 731
12 996
35 965
932 171
67 974
869 847
568 240
172 460
361 743
934 641
379 881
463 521
912 524
779 579
744 108
970 140
495 237
785 803
958 582
54 150
710 71
772 699
755 132
760 697
334 34
491 224
53 274
394 774
383 372
674 780
962 901
432 144
816 684
416 196
866 82
827 207
99 464
951 259
544 781
114 671
21 943
70 653
916 386
828 446
299 519
410 917
659 319
342 818
272 257
128 576
838 680
715 384
864 416
925 287
15 658
784 262
153 470
607 937
7 136
364 682
908 591
65 206
723 618
238 456
752 235
803 789
338 696
686 856
103 448
31 455
96 340
594 414
383 870
389 298
679 13
339 920
618 305
72 311
584 765
462 652
679 387
671 900
838 396
212 631
71 871
493 187
260 578
570 671
297 423
826 641
290 753
593 202
534 799
447 880
988 528
791 900
101 504
854 958
123 378
733 13
720 790
959 819
754 765
775 177
406 435
980 855
282 891
934 630
687 841
862 242
991 388
273 226
227 403
286 921
288 186
424 674
395 29
357 440
675 164
240 140
150 999
500 42
406 444
674 910
805 151
341 707
423 465
692 788
728 924
327 39
206 773
502 118
439 739
271 584
126 984
502 368
434 702
385 988
959 763
397 113
9 240
259 36
966 750
567 812
436 930
923 166
364 195
383 681
285 793
404 236
59 304
65 501
553 685
525 228
780 913
118 606
882 412
650 974
308 180
155 817
648 309
904 216
490 683
987 300
131 158
349 133
202 613
704 11
499 351
694 745
789 293
662 591
169 460
128 175
215 26
217 226
51 743
920 12
392 110
737 437
35 755
514 153
596 271
165 971
656 354
254 973
451 480
285 635
540 736
197 817
769 273
14 529
29 629
577 594
959 755
27 997
53 63
963 698
592 581
694 747
409 142
683 559
541 458
283 370
133 847
715 986
825 776
549 509
894 466
764 218
86 539
751 109
863 587
111 847
854 720
276 613
765 956
581 599
611 82
919 260
707 426
889 524
88 32
21 86
887 468
24 588
517 21
542 571
843 87
496 895
55 503
167 599
197 524
438 941
525 385
195 137
487 360
582 182
269 177
205 476
407 643
23 160
5 706
71 713
296 346
4 124
482 923
823 643
568 133
92 345
996 38
613 129
392 866
779 231
160 522
774 31
87 256
775 302
149 434
908 230
223 709
948 261
199 843
204 207
438 560
737 323
511 354
182 964
966 111
512 625
865 20
208 399
182 131
417 366
93 220
964 417
551 239
688 946
583 768
773 125
831 604
219 67
335 52
878 202
754 592
773 995
33 262
723 61
412 579
205 920
525 256
814 100
600 561
240 107
785 146
731 828
396 626
203 753
810 493
948 772
923 61
833 493
855 249
503 631
425 472
283 212
678 71
843 6
922 554
203 352
37 296
14 44
244 474
8 238
362 445
74 664
337 525
158 183
835 620
235 486
262 404
147 10
632 137
99 391
462 891
602 969
651 178
62 868
416 555
308 128
191 315
510 167
556 785
794 881
790 424
112 139
194 292
108 227
473 334
205 647
627 499
277 766
948 394
819 462
110 997
661 480
271 151
945 474
301 432
142 851
847 581
294 700
653 547
207 525
603 644
219 694
450 331
188 463
327 717
428 353
224 490
212 31
964 178
571 303
219 779
490 38
910 954
445 811
464 367
228 18
269 230
467 356
194 131
951 764
965 334
538 598
582 511
225 499
870 260
84 512
422 465
477 368
964 511
965 14
450 208
915 32
960 426
246 985
51 130
766 822
653 763
837 155
702 263
620 590
899 364
683 20
647 619
401 522
304 397
525 383
59 319
596 113
778 904
892 69
837 121
952 771
655 4
213 281
498 503
900 918
277 939
2 810
861 160
604 557
234 164
767 357
204 204
950 252
69 514
405 624
137 151
718 429
619 394
290 64
577 18
691 621
76 1
247 236
657 33
623 47
907 699
297 208
188 926
315 888
561 277
361 35
622 293
856 594
202 445
196 960
244 846
735 978
70 509
59 481
393 670
578 18
18 371
996 40
547 270
841 983
221 92
535 52
964 642
46 516
371 308
330 722
962 51
897 21
957 831
350 793
751 598
173 708
575 652
15 788
442 579
336 640
329 492
672 956
460 87
87 425
406 312
757 468
123 259
161 998
672 440
999 20
178 298
535 575
130 421
172 222
727 454
962 947
13 424
324 396
405 4
901 467
132 120
885 384
584 811
862 605
928 752
160 610
747 41
377 986
780 430
857 709
493 287
766 208
410 6
707 82
951 560
758 305
452 341
18 20
823 845
994 986
587 286
183 75
993 660
300 597
700 144
127 450
913 725
379 943
966 462
612 96
482 947
51 515
46 990
35 458
555 57
363 269
220 507
461 759
380 707
486 207
843 363
846 243
933 208
322 120
212 425
497 349
7 151
292 424
139 724
250 681
649 863
666 30
240 750
586 374
533 61
775 370
239 294
846 417
120 665
467 691
985 703
856 49
533 873
881 42
570 303
245 969
139 469
487 829
145 760
189 929
234 322
593 85
235 90
159 972
970 584
574 521
367 975
922 771
461 916
33 360
419 198
805 433
752 646
993 138
438 153
104 566
270 651
250 800
180 7
392 669
212 708
522 992
53 330
895 925
350 30
389 50
846 985
290 787
912 880
10 182
471 720
665 958
46 232
179 947
276 940
586 402
197 806
777 169
516 495
15 518
992 63
173 769
324 186
723 342
436 452
408 631
605 661
945 146
668 736
164 407
34 497
285 365
742 437
689 333
307 375
953 854
803 48
729 387
100 654
402 706
371 665
20 375
279 818
288 1000
399 628
877 274
206 855
537 884
53 418
731 210
754 978
655 605
896 113
521 225
39 192
357 855
389 615
726 516
245 132
238 994
967 931
806 861
929 134
590 585
572 821
495 746
265 255
335 43
614 409
901 51
476 238
125 597
627 888
294 840
800 262
378 663
261 622
630 161
345 861
267 922
131 277
925 867
793 30
642 737
157 809
804 154
131 872
210 805
380 626
380 113
551 501
726 374
864 773
847 916
681 669
58 721
488 907
84 951
65 768
495 853
190 744
823 196
964 583
156 485
408 229
455 89
650 484
104 97
984 943
71 551
166 901
721 869
869 158
693 821
426 341
88 392
304 671
598 363
16 267
938 174
864 122
416 199
561 321
769 631
598 948
574 475
650 470
521 86
121 431
520 517
226 564
811 491
251 301
961 517
406 923
574 777
595 985
743 323
293 460
17 144
305 166
678 543
756 767
689 460
93 453
757 62
363 54
793 276
16 139
95 276
30 496
278 28
377 289
36 93
165 295
111 564
865 458
894 594
885 521
963 607
256 441
180 162
349 675
202 548
974 945
2 935
329 801
307 497
914 298
14 821
578 87
53 723
271 251
549 614
52 404
813 47
778 170
452 736
934 625
638 404
893 38
104 237
822 831
116 814
839 766
287 35
707 742
113 517
674 222
628 642
281 959
217 596
755 673
591 920
720 283
509 771
310 458
178 912
573 217
435 749
711 2
45 247
504 108
764 674
154 78
931 94
676 371
885 902
748 470
499 835
83 663
654 944
616 806
352 135
959 696
958 133
555 41
369 649
537 369
518 754
952 777
682 906
118 999
265 213
172 176
665 511
709 422
187 749
899 938
874 66
899 484
654 93
250 241
691 649
919 651
318 918
770 71
920 694
566 76
311 610
444 360
233 501
368 391
722 913
479 734
647 313
625 364
691 663
444 218
563 871
1 725
686 156
707 506
343 290
524 9
709 3
370 149
930 269
835 507
843 692
765 632
624 932
914 64
509 170
873 77
192 924
519 997
36 293
88 111
997 742
809 79
653 673
456 464
142 264
735 649
872 478
164 795
949 427
620 954
52 774
42 18
603 862
986 284
593 986
867 712
51 314
548 741
533 661
366 944
299 380
235 570
400 959
13 173
814 822
378 39
463 235
78 424
941 655
457 273
317 721
459 389
25 718
645 325
549 445
994 558
26 499
279 429
754 191
270 279
835 54
897 506
928 377
37 544
4 557
532 829
136 356
208 782
326 650
85 564
567 731
326 762
531 179
891 27
231 526
898 576
444 41
899 641
829 928
208 345
176 970
428 223
481 274
619 18
484 719
627 604
26 662
114 35
141 966
176 572
631 684
478 856
496 384
719 908
823 608
734 820
963 812
832 600
290 762
891 17
609 51
647 229
797 373
500 649
306 850
477 911
258 217
292 937
664 668
469 180
301 274
759 984
523 685
280 743
465 406
152 956
470 456
994 862
25 674
558 901
56 41
754 301
151 510
83 121
508 691
806 201
393 380
51 414
65 404
389 613
415 853
691 803
187 188
899 568
822 668
287 343
616 962
976 405
88 777
219 272
476 703
465 890
193 679
843 406
453 465
14 578
283 655
259 781
232 489
834 123
572 755
616 318
258 253
958 992
347 835
533 743
831 935
958 272
606 524
527 815
207 884
627 109
255 892
768 675
732 581
351 870
626 7
936 659
142 2
293 773
177 797
15 445
263 298
878 82
200 633
189 521
895 589
476 622
409 476
827 756
632 66
83 329
73 256
31 526
315 977
115 333
98 678
124 547
42 922
592 161
351 24
79 662
972 260
354 639
403 223
667 553
765 367
669 197
274 702
614 798
411 234
410 432
597 253
473 473
561 918
316 988
403 312
908 395
783 489
132 621
627 941
520 921
617 516
598 42
555 145
859 683
948 741
169 701
436 204
840 206
100 78
275 220
667 944
780 907
792 620
227 139
137 110
779 205
492 833
365 839
516 682
336 343
567 914
233 948
573 738
696 219
755 178
772 921
960 970
496 172
47 445
597 703
335 739
994 541
584 318
82 205
959 543
309 31
259 153
449 319
241 430
210 775
45 210
423 26
138 501
551 422
716 972
284 697
820 202
648 552
435 651
101 396
954 257
969 493
906 75
745 203
176 458
941 931
843 614
389 111
721 249
66 914
390 890
104 146
391 940
682 423
478 32
623 842
543 953
204 729
970 742
130 795
314 61
681 463
605 510
372 698
37 526
159 696
711 637
951 250
657 226
666 361
265 573
391 850
36 589
294 67
805 435
618 997
862 543
846 242
211 306
391 640
381 940
344 303
205 102
499 312
426 466
167 63
700 370
461 130
482 727
752 554
649 651
308 585
765 344
317 324
357 786
771 508
18 467
61 832
289 622
500 349
778 830
145 784
39 503
898 571
896 221
481 30
558 333
837 744
471 432
133 631
627 255
386 972
484 147
444 866
731 516
248 480
760 389
721 37
193 965
381 164
568 833
545 360
14 872
159 298
628 680
798 800
492 463
187 112
51 388
791 550
418 15
353 234
925 510
710 357
660 730
134 310
984 850
241 200
80 182
537 478
460 254
209 498
241 844
902 185
727 430
94 283
359 641
967 778
330 163
624 305
822 992
389 584
441 928
23 693
939 318
779 156
319 387
957 178
586 348
572 783
23 42
271 490
915 825
320 689
229 147
904 233
183 389
995 435
667 18
510 544
128 319
238 614
900 448
562 323
823 73
780 977
189 894
172 851
564 679
886 183
918 94
149 980
833 547
576 950
662 210
779 176
607 211
345 770
100 867
473 667
599 633
190 176
207 724
804 605
674 602
288 651
663 236
655 947
515 537
530 162
161 887
304 110
615 697
76 952
783 142
65 738
220 558
779 195
566 330
640 480
735 908
855 358
462 637
879 789
324 110
107 207
638 801
252 353
354 465
184 361
85 135
410 89
340 127
762 795
722 650
311 766
49 124
65 975
820 425
972 419
477 540
866 396
299 536
488 402
838 651
36 140
414 544
973 760
736 532
739 71
170 146
145 236
346 995
105 815
514 328
14 541
542 10
607 914
625 205
35 313
436 839
8 539
841 127
449 350
536 484
87 296
840 652
94 461
704 479
308 829
981 442
13 650
207 688
283 352
832 358
845 701
172 366
21 979
247 246
926 484
988 377
189 150
930 831
879 31
556 753
484 146
240 392
674 730
815 958
549 479
335 772
566 367
654 478
610 526
480 860
420 41
227 818
813 952
913 947
75 794
453 905
56 533
505 936
324 558
528 884
678 398
592 664
775 974
146 408
551 884
892 225
644 926
510 95
736 430
693 560
490 391
837 312
224 399
962 131
60 934
392 282
484 694
25 8
439 139
263 372
700 164
803 733
5 835
909 17
45 418
213 598
557 254
730 492
733 560
601 634
65 681
576 416
329 54
795 381
526 37
438 499
226 119
36 840
536 951
152 534
372 225
619 821
939 534
813 486
406 703
847 467
523 648
136 230
653 272
102 728
861 637
63 667
608 677
921 298
267 786
855 887
429 966
861 821
692 944
350 479
379 693
163 952
10 170
175 421
902 385
577 824
499 627
578 438
103 637
520 531
88 573
218 460
705 231
556 22
337 219
493 941
797 801
447 240
31 680
759 363
374 771
358 972
656 254
543 355
278 439
634 723
887 104
560 390
535 484
128 448
553 352
745 490
651 404
169 850
553 562
230 185
140 678
619 150
477 790
941 945
13 933
567 426
174 658
322 491
495 830
433 187
948 126
732 725
477 822
698 136
936 527
125 160
121 833
969 325
265 765
38 114
268 140
590 25
695 76
832 565
778 13
366 928
59 582
964 462
355 246
978 745
5 7
796 846
476 533
288 905
324 496
56 821
12 958
480 502
818 454
234 626
351 184
560 957
349 552
538 732
678 276
385 461
975 764
483 717
213 786
960 290
46 562
36 170
292 923
518 371
605 911
863 372
495 672
616 859
746 123
206 785
381 921
335 132
758 275
545 460
653 703
568 784
824 561
369 785
700 979
486 814
354 591
105 714
32 908
635 587
802 408
535 780
249 61
443 438
195 351
927 978
890 804
738 219
441 885
337 434
909 477
368 313
217 895
998 315
100 501
996 692
534 78
519 165
305 751
366 123
589 286
998 393
103 786
60 563
610 183
106 405
598 409
422 642
576 551
935 521
378 466
738 253
653 526
732 532
421 920
192 835
868 168
940 40
241 449
95 848
506 895
197 898
63 176
870 715
441 6
660 891
395 156
244 488
496 935
103 226
13 671
49 982
656 574
593 935
570 768
211 706
465 716
714 865
609 50
978 275
819 733
341 665
918 403
563 444
630 282
984 37
42 749
33 877
42 640
383 614
201 128
207 297
983 366
185 706
850 246
208 898
111 763
961 603
563 910
15 233
551 798
774 438
547 770
743 590
273 525
852 757
486 552
389 222
21 591
953 269
717 317
761 223
875 617
625 145
491 485
656 566
379 508
531 189
344 293
517 866
990 645
969 796
626 169
331 303
930 156
20 619
447 758
108 260
906 374
325 411
405 882
46 989
467 924
429 427
330 982
193 210
296 442
982 611
596 587
810 806
294 392
968 34
58 474
459 80
849 604
405 809
89 258
712 877
94 349
765 38
944 678
348 492
759 145
331 299
220 749
642 985
554 809
38 780
181 241
756 355
122 896
97 124
871 880
224 974
700 648
419 128
170 861
525 186
803 477
504 402
563 776
842 2
917 551
54 263
921 706
912 822
764 404
449 426
856 186
580 553
654 636
927 15
305 419
310 827
85 716
180 449
72 659
932 312
447 715
728 181
228 997
647 815
975 768
700 932
995 24
53 252
19 690
409 701
956 110
485 550
188 398
89 417
667 335
934 738
673 189
355 141
905 811
345 271
956 187
139 611
17 883
418 312
555 745
640 401
275 641
339 557
88 84
381 496
653 843
609 170
50 116
656 966
453 20
429 422
530 814
478 877
728 355
421 805
879 690
213 83
495 818
896 415
226 358
792 560
804 400
453 327
194 969
167 466
530 671
61 405
449 664
245 596
946 279
308 100
141 509
144 626
855 625
220 756
201 595
180 231
283 93
466 761
186 171
544 664
263 917
903 114
698 706
391 383
103 528
64 699
816 137
33 896
675 919
39 812
309 660
520 351
255 955
616 160
264 243
867 728
932 853
52 583
884 468
918 533
405 453
945 404
141 71
832 204
123 732
888 111
543 208
907 671
434 354
910 740
831 889
495 882
754 912
180 674
79 501
248 792
838 47
639 381
750 598
148 614
72 735
272 85
518 688
326 926
147 601
789 85
748 444
750 494
864 238
622 781
748 614
390 887
466 405
641 632
202 495
174 334
313 473
663 694
314 35
577 606
963 649
965 75
809 428
230 148
870 614
292 734
817 638
240 994
199 568
881 452
986 97
990 93
343 201
805 266
707 746
116 342
528 857
654 726
197 154
960 948
228 161
996 591
913 966
814 41
423 448
93 40
516 461
564 297
40 744
946 426
634 37
518 286
804 690
807 119
560 262
316 607
171 478
887 79
281 709
479 100
137 364
678 358
674 970
912 571
526 638
301 700
958 451
945 734
295 323
346 932
707 343
793 659
11 502
13 990
635 772
956 227
118 276
612 37
732 497
241 755
769 522
55 146
704 557
211 270
47 269
229 143
677 318
241 17
602 112
230 412
614 850
389 998
453 322
534 701
656 706
809 906
511 749
201 418
895 874
485 390
958 983
81 94
599 826
626 578
114 293
361 801
786 664
970 597
542 507
894 878
808 284
62 526
346 470
160 774
643 787
287 807
164 562
870 963
599 836
573 988
258 740
735 213
648 422
547 496
329 482
338 160
548 176
265 569
874 85
399 300
292 167
24 447
183 974
460 524
967 572
522 809
290 486
881 768
623 123
88 616
71 69
19 203
626 117
801 737
773 332
581 150
883 375
458 455
241 362
522 851
919 745
800 815
315 971
901 186
832 328
912 323
335 732
593 568
956 100
712 416
269 121
641 842
847 330
235 192
482 279
697 151
365 628
857 768
676 578
795 252
785 548
460 666
466 576
916 573
914 909
84 205
897 4
716 194
544 746
588 696
752 380
129 159
843 516
259 107
102 796
141 580
460 392
292 982
886 345
651 139
266 350
430 919
738 406
518 157
567 52
405 761
517 266
162 517
656 962
927 24
791 520
177 691
993 187
856 750
565 726
664 323
14 722
382 592
183 463
887 979
363 242
926 625
16 641
180 624
965 309
901 390
561 287
952 98
982 54
415 201
783 744
553 475
549 879
156 935
936 646
775 508
844 332
974 210
802 920
303 552
625 390
877 63
236 808
482 447
653 137
659 481
362 598
191 13
192 470
88 180
478 603
29 192
387 361
799 187
738 855
618 365
956 132
598 810
254 436
519 220
461 371
90 253
976 665
418 487
958 94
401 471
903 160
538 543
759 858
463 908
1000 607
486 799
902 648
234 919
65 395
551 495
255 181
869 860
769 656
577 515
23 680
672 168
549 706
926 673
888 911
687 476
540 280
467 119
408 378
535 359
661 84
569 650
578 782
276 96
499 764
749 543
795 179
133 847
64 116
785 991
166 399
542 909
623 81
929 955
273 785
910 312
880 543
70 428
670 182
407 736
472 749
519 621
539 800
296 69
711 132
747 575
682 154
222 974
592 395
904 236
530 822
814 179
572 222
287 405
164 111
781 772
303 314
437 860
750 543
633 304
226 370
643 498
379 337
37 351
335 709
231 794
369 1000
665 576
432 438
417 220
154 623
503 644
385 571
559 204
316 127
431 545
193 391
578 737
738 900
884 240
517 224
951 222
144 856
925 32
701 922
167 651
899 262
565 473
189 738
215 733
590 368
868 465
509 859
856 562
558 746
83 522
881 476
608 14
439 645
180 129
394 344
744 233
580 133
79 665
731 972
164 287
851 571
470 182
613 613
53 847
407 108
770 523
251 944
18 428
228 720
668 61
607 944
859 406
847 596
973 5
571 540
973 378
540 296
886 34
257 134
17 294
477 241
969 556
460 749
429 390
649 153
213 306
748 443
193 675
971 498
367 565
118 648
411 278
255 430
884 339
202 309
260 209
657 658
359 382
651 882
896 590
838 575
529 26
2 129
394 606
688 248
428 562
787 608
982 627
598 814
351 635
591 667
869 959
530 127
902 743
48 511
909 619
17 106
679 827
632 769
686 368
663 45
749 962
75 677
461 434
24 616
64 369
808 375
365 279
840 743
748 296
420 446
994 829
180 427
614 303
447 699
420 497
255 810
274 183
252 983
594 465
454 259
616 972
317 242
540 203
28 323
402 218
78 133
648 244
174 706
103 493
565 969
294 826
448 790
531 87
672 293
395 393
735 191
253 630
663 788
922 130
925 706
951 364
646 196
102 879
848 670
106 653
884 264
202 785
459 722
703 292
767 552
849 187
411 885
575 438
629 100
774 756
363 60
141 37
60 364
862 424
905 536
398 255
916 611
777 640
431 366
560 93
207 575
676 181
419 69
304 708
848 443
866 681
263 43
298 527
801 309
630 863
281 80
877 219
411 280
387 485
132 273
292 233
514 587
100 9
389 30
46 736
263 24
932 265
312 797
407 337
892 574
151 242
73 565
325 449
203 343
671 250
98 19
372 442
752 219
81 438
651 313
763 498
362 620
213 4
54 562
36 651
206 343
137 746
303 279
879 761
435 353
239 998
722 670
232 663
295 744
850 531
693 949
997 722
177 718
221 459
33 531
641 637
621 746
500 855
461 72
795 259
796 966
201 552
860 615
352 288
833 842
840 954
930 67
949 817
53 679
436 788
418 992
261 678
332 245
496 649
659 45
449 423
53 477
406 106
294 737
867 157
61 296
755 434
474 747
938 637
645 502
305 984
72 184
362 841
608 480
508 809
704 560
337 254
982 359
206 219
202 170
266 94
292 602
267 835
365 396
638 791
153 364
317 872
556 675
222 707
267 36
497 77
636 1
74 198
208 491
920 747
759 378
389 371
845 130
552 317
572 142
839 336
90 81
392 338
589 523
10 237
668 64
391 799
583 312
861 921
130 858
374 378
997 546
732 244
888 885
289 640
454 210
454 6
511 340
26 408
819 341
14 447
715 661
86 381
442 692
322 997
228 620
662 168
949 418
375 650
597 286
127 628
371 8
515 291
784 6
611 168
590 236
105 729
161 563
750 601
732 829
897 292
758 576
313 237
270 993
286 739
997 387
219 241
540 807
638 357
358 350
114 4
175 334
349 228
532 681
518 297
669 972
914 812
57 702
663 305
545 296
784 648
119 652
218 967
176 832
862 358
920 749
705 203
5 555
856 70
903 264
800 143
166 393
820 319
236 847
480 157
356 374
542 194
844 186
519 662
887 867
813 893
542 754
286 580
976 844
859 297
655 503
738 178
293 387
953 788
255 499
804 175
377 68
656 175
594 501
249 247
442 951
233 9
769 94
266 321
377 169
14 931
254 999
909 738
285 739
463 106
83 321
946 344
280 473
806 609
571 980
503 776
304 684
987 508
528 601
557 441
191 753
793 214
707 224
232 527
603 560
391 915
767 82
883 713
127 942
487 191
55 720
418 603
169 387
291 869
755 514
806 788
330 845
19 832
31 289
293 313
337 683
432 70
667 262
167 160
680 386
157 600
636 384
866 142
589 172
16 788
698 250
631 42
403 252
710 459
857 714
714 464
574 499
332 107
688 444
782 935
858 207
86 966
452 349
151 947
813 942
852 409
918 328
686 483
176 503
928 446
593 964
552 412
491 425
257 546
277 620
984 580
278 362
667 168
951 94
152 632
552 626
141 860
518 213
60 687
348 453
626 361
727 839
671 189
31 365
496 123
194 423
764 9
251 69
644 462
355 276
183 647
911 407
348 485
915 472
881 135
308 911
643 524
756 546
903 195
994 782
385 255
512 661
619 429
481 800
185 160
970 191
826 271
456 494
753 308
835 850
12 601
610 549
637 399
255 470
816 359
180 165
452 340
614 245
245 952
136 819
505 486
411 542
402 384
149 119
828 570
552 267
519 158
501 990
454 970
880 634
713 743
246 489
809 227
660 800
378 450
777 412
477 112
839 137
967 930
646 537
860 261
882 210
272 551
926 651
223 133
296 703
403 940
847 291
687 517
659 517
722 930
427 662
93 694
957 266
312 989
298 796
258 518
487 647
344 50
451 739
32 304
14 749
431 447
263 594
671 952
857 69
484 234
39 367
697 104
781 782
735 169
385 202
550 766
273 651
311 761
111 487
17 811
554 715
842 54
7 751
769 29
120 231
610 498
724 887
753 430
408 488
34 678
811 312
152 571
992 702
717 154
399 846
434 198
53 722
423 387
446 66
37 229
88 420
778 992
522 376
613 673
940 822
978 92
249 17
600 255
706 919
377 535
669 633
962 762
886 529
924 437
948 938
187 175
712 460
173 53
169 703
444 583
331 864
839 283
225 154
246 585
257 367
613 271
504 848
331 941
509 304
907 491
42 719
50 10
256 582
946 849
98 71
839 897
541 335
625 491
502 662
865 776
564 678
943 329
416 50
923 929
227 857
826 439
415 859
43 560
760 195
291 380
132 933
974 264
145 899
79 21
461 427
818 30
324 195
160 743
78 359
11 900
815 634
482 768
451 523
470 864
345 274
598 247
23 468
145 315
959 555
987 7
488 433
353 226
312 902
792 680
857 848
914 176
665 723
571 566
230 674
523 946
442 276
765 880
756 482
535 361
415 247
795 954
822 617
70 996
848 424
102 836
513 685
378 364
713 925
364 449
457 294
210 510
27 760
422 545
170 199
682 4
186 793
760 663
936 243
689 420
797 257
860 43
807 757
497 215
672 840
334 401
67 391
731 476
621 695
473 336
873 172
240 219
559 183
105 301
229 830
281 258
869 840
800 197
353 745
256 235
101 547
922 774
925 230
565 748
287 689
24 951
561 977
218 733
830 281
24 99
493 155
343 254
18 718
931 258
234 585
687 375
337 998
374 216
54 635
385 678
937 293
681 685
163 445
744 492
143 360
747 123
216 785
187 368
44 378
997 787
223 540
782 803
27 19
370 976
406 685
911 298
260 628
326 593
534 201
370 887
419 332
476 572
351 81
477 776
58 949
709 478
258 826
580 135
131 607
632 364
861 948
823 160
255 293
805 173
459 124
159 758
354 284
377 405
241 123
301 103
948 895
53 788
434 988
779 203
385 173
310 61
996 322
312 729
466 224
703 680
881 119
904 929
26 176
658 488
159 318
562 419
146 927
979 542
80 826
657 55
374 995
366 580
314 188
996 451
517 303
107 738
672 882
677 673
989 377
729 980
71 562
822 781
701 557
944 394
146 395
151 723
457 529
958 495
247 493
377 223
41 280
75 803
936 596
974 244
178 895
36 873
875 545
991 694
900 547
908 370
50 544
781 383
538 336
518 216
388 899
544 926
517 547
469 163
402 773
107 579
2 146
461 759
627 208
334 644
111 454
799 788
136 376
954 500
370 688
680 285
792 398
169 118
970 673
818 938
493 646
580 830
715 185
154 599
613 290
234 801
783 321
816 802
139 556
432 448
712 192
347 776
907 703
883 113
735 634
922 848
561 7
176 134
655 476
540 879
979 781
733 316
371 521
361 931
795 236
93 588
404 633
926 128
646 854
832 366
924 741
853 678
887 135
104 73
166 892
242 456
868 233
685 20
411 609
872 526
696 359
706 961
598 970
794 613
80 378
118 620
729 19
114 578
214 871
692 913
903 177
622 18
49 919
603 499
983 311
758 237
667 126
623 357
223 500
63 334
209 828
662 533
119 363
19 997
910 311
84 436
370 482
78 86
753 670
351 784
248 459
394 847
691 528
84 250
287 231
117 229
730 315
736 744
677 78
78 752
808 574
847 340
311 367
211 10
372 344
377 819
373 295
430 436
680 581
448 95
340 274
307 65
497 904
268 573
227 339
540 489
667 804
135 304
87 34
125 744
995 50
321 604
143 232
784 452
474 791
197 795
248 917
491 210
297 755
305 92
442 267
693 690
407 402
986 223
65 89
428 302
636 158
870 747
349 792
42 407
842 988
393 472
418 321
27 632
375 515
713 53
1 86
256 897
413 96
793 675
925 12
464 70
706 364
369 912
95 671
362 413
248 492
989 693
570 822
708 828
141 856
546 424
432 195
223 24
460 333
300 987
195 228
544 495
610 852
514 139
565 973
569 415
314 648
592 242
969 395
901 196
394 243
909 925
40 634
88 46
20 586
907 935
644 496
21 624
382 828
353 988
952 673
294 187
362 592
860 887
190 889
176 665
934 628
793 653
975 852
84 539
493 886
365 975
888 290
679 803
749 295
590 468
295 923
371 338
871 715
103 76
890 327
836 300
186 290
848 758
400 401
411 911
744 522
779 547
853 951
342 511
367 739
281 33
178 748
902 309
786 433
522 473
731 142
920 227
37 230
