100 2000
62 2
39 2
89 10
11 6
9 74
76 61
69 16
74 98
64 91
1 83
88 48
9 29
71 20
36 44
9 51
92 38
12 84
15 21
92 47
23 66
58 15
39 30
75 97
3 20
41 53
51 10
86 24
31 60
48 90
53 51
20 88
8 24
53 88
28 74
63 76
90 70
48 92
20 53
11 37
20 33
60 70
94 80
80 88
36 20
5 77
21 51
40 52
96 53
96 88
70 84
26 45
78 70
27 67
61 70
1 14
98 20
2 14
70 10
17 12
31 11
79 21
77 62
37 25
21 48
59 86
66 97
92 47
1 96
50 95
94 12
57 54
56 5
51 53
15 76
71 13
64 20
42 30
52 26
69 45
22 2
92 52
63 49
58 24
47 77
7 31
77 100
10 68
58 90
59 24
94 5
64 57
99 29
2 44
2 43
74 27
19 18
84 21
5 65
40 33
18 24
24 33
68 13
78 11
44 76
17 25
98 58
73 62
77 3
2 100
48 70
81 2
77 5
59 57
1 33
42 19
92 19
30 20
50 20
31 25
35 46
19 89
11 10
94 26
81 77
60 32
5 90
38 88
3 47
45 28
82 24
88 33
60 50
60 44
36 48
25 1
94 17
91 17
86 66
42 95
7 91
90 13
49 41
77 48
17 99
74 30
12 71
85 50
91 14
48 25
65 14
6 75
65 52
2 71
30 54
23 100
32 99
81 76
49 84
18 94
51 61
45 95
48 97
99 56
100 15
68 47
5 25
37 67
1 53
88 49
79 25
91 52
7 91
24 88
71 73
68 86
82 71
63 19
72 83
8 22
43 64
62 26
52 14
33 49
1 60
84 45
1 88
87 13
96 63
81 48
77 20
88 4
97 74
68 30
35 32
85 100
24 13
40 78
99 37
31 37
9 90
36 21
57 6
43 26
76 88
78 22
55 25
90 40
97 57
72 88
42 5
50 90
92 88
18 84
97 73
55 67
46 35
54 36
2 40
70 15
66 13
53 41
88 79
6 71
56 14
19 85
63 54
78 8
6 86
82 90
27 59
13 88
78 22
19 50
85 1
74 56
98 24
40 32
20 30
24 83
100 77
92 82
97 22
30 54
2 18
86 9
32 22
100 98
52 92
83 87
53 94
41 5
48 14
43 25
23 87
79 53
61 23
12 33
1 74
91 76
65 62
88 86
80 15
34 10
21 20
34 3
10 14
12 2
73 85
76 15
34 46
1 70
50 68
36 32
97 69
91 38
54 6
82 31
71 13
81 25
87 63
63 90
92 14
83 68
4 13
49 94
48 26
32 4
91 67
53 29
100 20
86 84
73 47
64 86
98 81
98 85
29 45
95 32
28 70
66 5
86 13
12 86
53 8
5 41
84 49
62 50
19 66
18 10
75 89
4 25
48 78
25 52
72 33
99 53
9 81
96 34
42 74
15 20
38 91
4 83
77 21
26 77
60 68
46 61
19 71
5 58
5 50
58 68
82 67
69 37
88 40
27 55
4 28
15 14
14 4
100 84
27 92
48 100
90 82
17 27
13 82
38 88
45 34
76 95
41 64
45 36
43 94
33 53
52 78
3 25
57 62
18 75
38 81
33 66
1 15
32 18
74 9
48 55
9 28
48 40
41 80
1 2
52 16
39 94
43 68
41 41
36 74
3 39
88 81
21 95
18 67
11 24
97 53
15 62
65 84
62 59
17 42
11 16
51 1
61 28
44 20
27 19
49 36
17 74
3 60
92 35
92 99
25 51
58 53
55 47
3 9
58 91
49 23
56 28
70 70
94 82
3 23
94 5
23 3
12 95
86 89
26 66
99 27
36 21
73 22
19 77
85 40
64 26
65 98
84 84
35 67
96 71
45 48
14 89
11 55
90 30
54 85
6 36
48 54
22 72
75 48
33 20
94 69
23 67
34 20
83 98
69 59
69 57
37 32
95 53
63 98
9 59
97 67
21 25
73 45
16 91
71 90
19 76
43 7
73 34
38 81
73 16
21 7
74 51
27 26
13 79
54 53
79 74
90 100
27 9
5 20
70 78
50 17
6 46
38 62
96 28
40 80
45 49
34 90
55 13
76 84
47 82
57 43
94 19
78 19
52 68
69 90
56 85
38 40
93 56
18 31
69 99
9 58
96 4
80 17
79 51
87 2
82 9
6 42
39 19
91 69
24 10
83 91
66 12
50 40
50 39
12 2
48 48
95 94
59 95
59 51
96 57
72 49
38 74
27 46
49 48
68 65
10 44
62 16
11 75
71 40
79 92
78 50
12 23
93 77
31 25
68 13
12 3
95 5
3 56
80 48
46 63
57 68
47 8
15 13
56 38
99 73
58 73
71 44
95 57
76 2
19 38
94 82
84 13
93 85
73 63
12 60
72 69
23 42
7 80
12 57
85 81
13 43
93 11
39 44
15 60
95 70
98 70
90 27
24 91
13 82
39 75
3 53
56 88
37 94
66 94
20 45
70 100
1 61
1 99
91 65
77 62
78 60
43 29
67 40
28 89
20 95
70 64
61 56
46 22
51 69
4 24
64 32
35 8
96 47
33 28
66 47
73 9
65 21
3 15
1 40
15 80
85 65
34 6
55 20
10 89
62 90
69 4
66 31
55 95
77 63
75 53
96 55
46 59
77 45
62 68
60 100
55 46
56 4
3 74
47 54
35 27
9 18
44 72
41 78
63 74
32 74
49 100
10 77
62 22
41 95
4 21
9 51
38 21
65 99
85 74
64 93
99 83
12 21
86 95
69 32
75 2
97 55
84 56
95 24
71 24
2 12
88 40
71 82
41 55
17 46
91 43
23 94
24 24
35 74
87 5
23 46
27 85
85 55
76 41
3 1
78 4
10 7
72 26
34 72
60 46
31 83
71 18
42 37
95 32
87 61
7 70
2 59
11 81
51 97
57 43
10 31
39 50
63 37
54 12
79 94
10 8
3 15
39 1
60 61
44 38
56 39
9 86
34 71
66 29
68 11
30 78
93 67
66 70
5 25
31 92
49 72
97 39
42 29
52 62
18 62
90 86
4 8
31 17
11 72
58 80
11 65
1 66
51 16
54 48
22 76
7 100
16 25
7 82
67 14
34 67
79 62
43 40
41 3
7 27
18 8
33 40
76 41
44 55
81 11
21 88
80 30
53 63
44 29
17 65
74 69
44 14
3 34
93 8
90 5
78 76
3 15
96 60
63 20
72 29
42 40
1 10
23 70
79 40
94 50
23 31
40 32
80 69
46 49
53 18
83 1
88 24
36 90
35 8
89 97
1 100
50 82
19 46
37 20
95 61
57 9
72 74
84 15
8 62
93 65
91 78
97 16
17 100
91 49
89 100
45 69
14 84
89 42
50 80
24 78
18 17
14 57
2 1
6 39
65 24
19 62
58 13
55 86
80 94
31 3
24 68
4 47
1 58
32 47
56 45
63 13
64 64
44 28
31 68
15 32
23 83
33 81
60 29
89 18
98 95
81 84
86 28
80 41
84 68
18 50
87 19
7 40
20 62
87 86
68 48
33 61
25 99
1 54
55 47
80 60
27 96
27 50
76 76
67 7
60 24
43 90
45 67
59 9
80 31
43 48
9 27
59 67
17 32
85 32
24 40
15 5
27 83
87 14
14 24
37 42
25 100
36 36
84 70
31 80
2 27
77 94
34 78
38 33
49 6
77 96
95 26
30 13
58 78
69 83
75 1
40 82
46 6
84 12
44 19
11 54
51 70
12 87
42 85
92 84
38 81
27 45
56 43
38 23
51 68
80 51
21 17
38 2
61 17
35 29
91 25
72 39
27 80
100 20
55 85
88 48
40 13
85 8
43 74
98 80
80 4
84 38
98 98
38 87
76 68
2 59
68 82
57 82
34 41
22 40
79 92
38 96
47 91
22 100
47 18
42 68
11 72
77 21
71 18
89 28
100 69
56 68
46 97
26 39
12 38
85 88
43 76
67 40
86 1
11 30
13 93
55 14
21 87
48 100
96 3
22 58
81 55
97 37
10 25
48 8
68 53
61 91
91 15
42 66
22 64
15 94
37 30
92 50
54 33
80 34
76 23
77 48
35 62
90 45
68 76
70 59
83 67
47 70
22 75
75 67
92 1
94 15
71 77
25 85
25 90
53 72
41 36
6 11
13 26
53 26
47 69
53 100
41 97
2 69
26 3
59 10
61 94
1 6
19 94
34 99
84 38
7 85
69 45
6 3
5 15
77 4
61 8
31 52
26 53
82 23
37 58
97 100
76 29
86 2
68 61
48 79
53 25
43 6
57 69
20 51
37 93
3 60
8 13
90 38
94 17
36 24
52 54
1 56
44 21
92 64
63 6
2 58
53 27
93 18
93 78
33 88
38 96
41 2
77 52
21 59
4 64
39 21
47 82
32 64
12 85
24 43
100 37
81 35
48 56
79 2
49 23
76 25
72 84
94 57
72 10
97 23
49 38
99 54
53 86
25 52
29 67
16 48
95 14
43 55
97 89
23 94
49 36
93 11
6 58
58 13
21 85
1 41
97 82
80 87
92 90
64 93
51 82
95 10
84 78
30 38
70 32
36 17
4 33
36 69
14 44
94 48
100 26
93 70
80 2
47 6
66 66
42 63
66 74
85 54
22 51
90 39
1 26
31 56
47 46
74 32
70 72
53 31
76 33
14 69
38 41
55 58
100 38
61 13
34 87
3 60
87 70
85 91
63 12
74 50
94 55
50 36
83 100
52 53
2 51
14 11
42 3
89 13
6 42
40 68
50 65
28 63
69 28
57 1
32 28
35 64
85 89
16 28
37 22
33 64
82 74
88 36
74 60
59 28
48 35
72 27
80 48
68 60
21 23
22 81
88 12
38 53
76 58
77 92
12 96
34 36
8 16
45 63
76 48
75 22
41 83
31 31
58 12
24 2
42 77
42 53
78 67
38 62
10 91
40 89
31 12
54 2
24 68
35 48
69 40
41 67
27 71
100 92
25 97
27 66
54 25
27 79
88 28
19 63
52 97
97 55
83 61
22 50
61 73
21 24
36 66
84 97
24 36
39 33
88 7
1 19
31 46
29 59
72 97
57 47
18 66
16 30
28 62
93 91
5 57
79 63
71 95
64 66
13 56
93 46
25 83
99 50
34 46
10 70
23 73
93 98
12 8
42 60
62 5
83 94
58 27
30 44
64 27
33 54
54 1
9 37
18 91
4 75
11 68
48 96
69 56
94 25
58 77
67 72
53 41
73 18
77 3
69 88
13 63
7 98
98 82
52 11
16 37
24 65
62 44
26 92
5 10
88 28
63 79
57 92
69 22
34 84
73 93
40 55
48 29
63 25
15 62
96 23
43 87
95 17
7 54
13 90
1 99
99 94
25 1
62 60
81 68
2 96
44 49
96 48
73 59
37 52
27 87
27 26
55 75
18 50
85 58
15 64
59 19
80 4
58 46
5 86
66 59
73 21
72 7
4 7
94 12
63 23
43 52
44 55
43 67
20 41
89 36
91 23
88 98
10 30
99 100
90 87
36 80
4 47
26 87
72 49
85 51
67 37
91 65
20 80
9 29
22 57
67 44
2 90
64 64
30 31
36 98
66 57
7 9
82 87
30 21
57 98
92 2
72 15
54 86
78 81
15 24
6 59
51 94
62 55
98 42
43 59
76 88
24 96
94 95
88 13
60 93
58 17
97 24
95 72
66 23
14 11
34 48
87 26
61 43
26 22
44 58
13 23
85 38
69 76
55 82
96 52
44 3
19 11
49 41
79 81
49 32
41 30
70 29
2 67
100 61
26 64
52 1
32 59
73 60
83 80
80 83
44 21
97 32
96 91
3 77
100 34
12 85
10 41
35 62
85 78
30 73
75 33
79 96
89 54
77 87
60 60
62 8
96 63
56 6
26 78
53 88
22 86
15 38
57 85
4 73
99 46
93 84
64 80
17 97
63 57
17 61
72 81
1 99
46 79
41 75
84 63
89 62
46 77
38 27
90 9
30 22
100 16
22 12
25 6
62 26
35 8
100 79
69 43
29 63
16 57
96 65
63 15
76 19
59 45
16 73
2 6
29 99
77 91
69 27
7 46
45 2
39 65
88 85
13 25
17 75
54 12
13 86
98 74
50 79
81 75
3 74
24 72
25 93
73 96
37 12
33 13
36 44
9 51
27 40
43 44
70 9
70 81
75 97
1 23
11 26
93 22
5 84
68 10
42 60
64 14
19 2
39 58
73 70
9 76
18 14
44 23
1 68
6 27
15 73
64 15
34 13
70 51
83 33
59 100
75 89
54 86
92 47
37 74
29 31
25 73
81 69
11 63
87 24
93 3
21 4
24 81
29 86
48 65
17 71
32 60
22 98
40 12
18 78
88 61
15 7
75 1
19 75
52 35
79 45
96 52
33 97
28 26
74 30
60 46
38 28
32 15
49 8
81 11
49 7
95 26
49 82
39 41
30 22
20 52
96 34
34 7
79 40
68 25
18 58
97 6
100 18
17 68
29 4
66 64
23 98
39 50
45 68
23 32
56 81
9 2
93 26
63 59
71 69
49 31
49 49
47 14
9 36
25 24
2 68
10 6
94 63
47 88
93 77
29 39
98 4
98 12
63 86
91 25
76 4
86 36
86 82
27 94
58 58
68 66
11 18
21 66
40 62
23 69
47 89
20 49
8 27
4 51
34 47
31 77
47 13
7 71
91 3
80 29
91 11
72 48
37 1
7 59
91 39
15 96
36 80
21 39
58 33
93 94
6 73
82 10
24 48
49 45
90 87
78 60
7 73
75 66
65 97
1 30
28 18
20 14
55 95
19 45
40 24
40 58
11 60
77 45
67 42
95 5
48 9
21 82
92 99
24 25
77 85
62 42
54 39
41 38
38 72
26 58
97 47
33 66
56 73
39 93
19 9
73 4
1 11
38 52
16 97
80 1
33 47
83 21
27 95
30 29
55 20
86 62
62 3
5 83
14 70
24 55
14 14
55 37
53 68
52 46
4 56
14 45
91 90
78 76
85 56
48 51
11 80
68 99
87 2
99 81
97 81
44 58
38 70
62 9
75 84
48 67
68 14
42 50
14 58
29 81
93 76
34 11
82 90
7 31
8 41
71 3
53 96
12 83
60 39
85 95
16 31
36 75
4 56
92 47
33 95
8 64
31 25
8 54
48 20
60 46
17 32
54 37
98 41
31 5
8 35
69 12
21 13
94 87
63 86
37 77
85 74
85 44
35 57
99 3
88 41
17 93
89 68
59 76
19 38
33 22
57 80
28 84
71 67
90 11
51 25
28 20
42 33
22 62
24 70
46 51
91 52
60 71
57 59
10 20
74 13
14 19
9 20
29 10
25 59
18 78
22 35
58 63
43 13
47 86
76 18
37 33
10 59
1 9
69 62
40 13
53 53
95 10
10 78
45 63
34 90
40 77
21 2
69 34
70 18
42 7
81 32
1 94
3 93
10 91
97 86
63 33
89 10
28 99
33 62
62 54
61 29
76 88
44 24
79 3
1 53
57 5
56 60
81 82
30 54
25 24
97 54
70 71
81 40
23 77
70 59
79 72
67 70
4 46
74 15
84 79
21 84
3 85
33 66
97 88
25 38
74 41
76 1
94 25
63 27
54 29
29 43
36 76
52 15
70 47
13 70
58 13
86 49
81 79
99 62
13 9
54 9
11 65
100 85
85 63
77 87
24 63
73 69
90 35
20 90
78 40
51 36
23 94
52 46
26 70
96 44
6 52
87 99
90 41
15 9
98 30
28 72
94 42
88 69
72 25
7 61
26 37
97 39
7 21
47 41
30 71
14 88
31 94
66 100
90 8
26 89
74 46
32 30
22 90
8 100
26 93
88 18
76 1
79 90
20 100
98 1
13 49
34 54
21 22
31 40
88 27
53 61
23 2
69 9
95 88
90 24
4 31
76 91
47 89
80 81
48 43
42 21
96 61
56 18
50 97
32 12
51 50
71 9
7 31
23 90
58 72
41 94
43 4
87 71
28 16
2 20
58 3
15 99
54 59
100 4
44 87
84 74
43 84
10 97
98 41
17 15
57 69
27 74
87 48
5 82
57 19
31 63
59 76
21 62
95 46
1 85
3 99
74 51
24 98
84 73
74 11
40 65
91 64
62 81
90 75
50 16
81 93
76 50
6 93
72 38
84 86
20 83
37 81
23 32
15 15
94 69
33 97
88 85
28 1
48 41
54 71
45 93
29 92
65 1
31 99
11 87
20 68
37 36
36 58
59 39
31 48
60 61
47 28
25 13
61 43
39 68
58 63
88 37
67 89
46 21
78 41
55 33
91 4
16 30
4 26
9 26
81 4
57 81
62 40
19 95
77 82
11 56
27 85
73 100
50 86
86 60
72 76
25 36
50 61
41 35
83 88
39 48
71 44
47 70
76 8
37 2
60 99
58 83
59 77
69 2
98 75
71 23
44 36
38 84
44 32
84 33
67 57
51 20
67 88
40 54
97 85
57 73
19 98
63 7
72 21
44 27
60 3
43 59
75 56
57 34
13 69
68 62
92 85
18 64
65 79
73 43
71 62
17 50
61 74
57 70
22 6
37 28
75 43
27 66
87 48
9 72
30 43
38 1
36 63
12 27
83 85
98 91
64 36
34 100
86 48
29 95
11 63
61 19
47 90
71 94
82 34
89 87
90 54
58 50
93 91
45 93
11 63
54 76
83 14
23 27
22 95
87 22
21 25
61 50
9 65
6 42
40 35
2 64
53 23
12 21
98 78
33 10
57 97
35 48
81 9
70 67
94 84
91 39
12 75
51 67
52 12
54 85
19 90
16 85
39 30
4 78
68 4
91 58
95 27
19 81
53 77
97 20
53 70
20 50
86 59
51 84
64 66
85 89
21 68
39 72
33 10
89 65
61 56
8 49
63 79
39 94
7 41
29 86
44 70
7 39
93 73
51 79
62 84
60 97
94 56
82 4
42 92
44 10
84 99
8 95
88 44
15 55
31 74
30 65
10 56
40 78
29 14
10 98
88 49
23 1
96 4
59 96
75 59
33 57
50 68
