100 2000
91 43
53 30
99 52
11 70
87 45
70 69
33 15
48 89
17 85
54 99
9 94
25 7
79 55
63 7
31 96
68 6
21 26
1 82
60 40
70 55
68 22
99 50
38 5
9 19
81 16
78 30
2 70
27 76
67 1
72 16
17 18
49 95
69 42
63 74
32 97
76 13
37 41
31 1
75 90
8 94
2 7
72 89
39 59
15 1
7 85
73 74
31 80
27 19
14 83
98 25
87 77
97 16
82 92
16 13
4 15
47 88
5 40
35 62
26 90
55 47
87 36
75 54
22 18
90 57
57 13
48 19
36 82
34 19
83 33
84 38
30 8
99 20
6 61
85 99
79 43
14 57
78 46
33 23
46 56
26 1
25 64
32 36
36 37
49 50
75 30
17 25
29 20
33 86
8 19
17 75
23 86
88 15
13 46
18 9
66 70
19 20
3 72
58 49
78 49
76 53
86 13
78 85
16 53
83 95
7 38
43 95
58 39
9 21
83 38
52 37
86 55
53 24
98 76
78 25
31 52
9 17
69 82
78 54
16 97
83 98
25 74
59 90
19 73
73 84
33 92
70 90
51 28
44 44
43 85
28 97
39 28
46 5
64 15
47 65
93 93
32 59
3 55
77 52
87 17
40 27
67 81
92 84
45 25
76 77
58 79
28 52
49 46
78 29
38 50
92 77
54 5
93 55
44 8
53 73
13 84
39 47
80 49
86 24
27 66
29 9
58 70
78 78
86 62
100 41
80 33
73 82
43 80
100 73
6 70
100 2
94 71
28 22
24 43
100 48
30 94
15 63
80 46
94 55
45 20
6 78
5 78
30 60
81 20
48 77
5 41
72 82
62 33
32 42
8 13
34 87
61 71
83 79
51 94
77 92
67 48
51 83
50 38
23 92
96 47
65 43
46 97
10 53
92 41
76 7
32 45
36 66
69 43
75 38
56 3
37 92
27 93
27 45
11 32
20 17
87 2
11 28
93 46
3 84
33 86
50 27
19 60
70 39
42 47
69 67
2 37
40 55
14 60
22 99
39 86
45 4
31 45
14 63
1 67
21 70
8 49
8 60
50 86
48 89
39 3
39 38
26 60
32 6
19 37
92 89
10 26
35 79
11 60
66 61
15 9
86 36
45 26
4 42
64 51
98 24
33 18
63 36
48 4
39 100
11 64
57 7
25 17
8 69
48 10
23 9
34 24
32 32
86 37
60 15
90 54
97 17
99 54
11 20
51 72
71 53
30 37
69 22
44 59
33 59
74 85
9 75
55 100
77 72
73 85
27 41
80 29
71 67
54 89
93 98
3 73
90 10
91 35
81 45
78 88
95 95
92 91
49 71
93 97
56 31
90 96
56 87
45 82
30 2
57 24
12 87
38 16
35 42
83 95
75 37
68 11
56 88
14 89
25 54
21 42
16 14
98 80
97 34
85 54
60 79
73 47
72 49
37 14
30 17
1 69
68 64
10 38
2 38
93 91
62 59
71 33
23 16
97 66
33 41
94 57
39 81
41 30
9 95
79 50
46 96
50 33
77 76
23 47
96 45
89 96
45 66
66 4
24 97
94 5
44 44
17 38
85 52
74 32
27 38
98 43
41 37
41 79
80 1
51 55
49 2
1 58
56 32
83 60
83 46
69 3
78 92
29 47
72 69
60 66
90 80
50 48
18 91
59 87
59 5
63 14
59 97
2 83
49 60
93 41
76 9
12 15
15 75
92 6
51 31
26 64
34 92
52 26
61 3
28 56
24 6
19 47
69 44
44 96
70 98
57 90
31 1
84 84
31 3
94 4
58 2
73 46
23 31
76 37
42 83
15 75
89 32
98 12
71 57
78 9
37 39
26 89
92 55
56 39
39 88
80 69
77 75
12 84
89 59
85 13
42 66
60 48
61 85
9 3
9 3
68 53
29 18
73 20
52 41
38 64
81 25
17 96
76 100
24 2
29 86
31 90
63 48
77 35
84 51
15 53
7 55
51 82
26 83
33 36
81 54
14 26
30 86
67 55
35 60
100 79
37 100
28 71
18 22
19 47
98 89
5 62
37 36
39 66
72 30
27 29
4 14
41 83
63 55
43 44
86 28
5 12
42 99
9 65
40 43
17 18
11 40
22 70
23 38
15 30
79 96
3 54
30 42
87 41
18 61
88 72
77 78
42 53
5 29
1 16
7 23
73 66
95 87
3 48
69 45
4 86
55 96
32 45
41 81
23 65
1 43
31 15
68 41
92 6
16 78
18 72
49 75
95 64
22 94
8 9
95 70
5 62
44 27
75 64
11 39
30 35
82 85
95 17
8 41
7 63
37 76
100 49
44 2
68 100
28 65
20 34
6 88
91 45
86 92
83 48
90 53
95 19
99 52
26 93
19 3
46 99
55 5
80 34
86 4
84 89
49 21
80 36
16 67
78 37
89 43
1 1
48 18
79 72
87 83
24 65
14 42
78 47
62 21
46 85
81 74
6 61
21 25
19 6
63 4
17 96
89 8
60 67
99 26
17 68
45 30
86 51
50 2
10 87
77 90
41 28
91 3
6 98
12 85
94 67
25 58
4 31
27 28
53 21
45 98
86 1
11 25
96 76
1 24
23 59
22 58
70 60
55 39
34 41
19 54
48 42
72 81
76 38
5 54
60 80
1 13
70 20
12 77
25 35
57 39
9 51
52 84
92 44
61 95
40 78
76 63
22 96
14 90
9 68
24 82
20 61
95 15
24 89
84 73
10 94
89 79
95 7
15 37
24 86
49 46
52 53
13 89
8 61
17 60
18 91
89 21
94 85
7 40
81 63
87 42
70 19
84 65
85 54
99 28
74 24
71 24
7 97
60 82
57 73
92 95
28 61
31 90
37 75
1 89
12 16
53 63
86 48
80 84
92 9
84 17
73 67
31 93
44 60
79 12
10 72
99 28
39 55
49 85
26 26
85 21
62 74
42 56
29 19
28 48
100 8
54 40
77 27
81 78
80 76
97 86
2 97
81 86
86 1
9 51
60 1
19 25
18 82
83 53
60 44
96 65
100 7
90 46
67 52
21 98
7 70
41 61
22 61
32 25
17 46
42 7
100 33
79 83
41 8
66 99
31 5
100 40
61 45
70 94
47 62
35 34
20 18
5 36
49 80
59 61
53 96
44 49
61 58
90 41
30 36
84 17
85 81
40 68
22 20
43 20
76 8
20 60
24 47
44 23
88 38
18 39
86 1
74 57
48 84
22 39
62 73
62 71
87 27
64 42
96 78
18 9
39 83
26 82
98 74
18 11
2 23
50 66
51 6
98 52
93 87
100 44
53 76
54 10
96 32
100 17
7 88
5 20
79 83
46 96
95 68
47 66
76 91
73 11
25 3
71 33
15 10
29 52
22 25
18 21
57 56
96 73
82 38
82 25
97 4
97 96
7 83
19 35
54 37
92 100
87 8
21 77
27 71
59 19
70 52
40 40
77 27
81 54
58 99
87 9
81 46
69 4
1 28
90 75
35 58
27 27
30 20
5 75
96 88
96 98
32 41
74 80
85 76
29 33
10 69
98 63
46 12
8 36
53 30
44 56
44 22
47 76
50 61
13 91
51 17
55 35
21 64
39 64
32 72
33 9
90 26
86 63
29 12
73 34
76 39
34 89
60 65
34 61
50 69
66 73
39 48
3 41
20 76
18 96
32 56
38 42
24 3
55 94
93 52
4 72
94 53
42 98
92 58
22 92
42 73
52 78
1 12
58 81
90 58
29 21
14 66
31 89
42 56
8 83
91 81
92 17
2 61
53 56
35 15
57 37
79 85
28 5
5 4
51 57
31 38
87 33
40 14
19 33
16 21
19 38
98 46
43 66
37 3
48 42
42 78
73 94
21 72
8 70
2 25
94 60
50 68
8 35
58 82
92 54
27 93
19 79
83 69
80 6
79 7
41 16
57 32
81 57
35 52
14 30
41 15
51 11
60 84
4 8
39 20
21 93
63 85
44 35
1 4
71 57
75 84
46 15
15 29
76 82
26 99
28 20
89 14
34 93
52 9
55 46
48 49
89 49
83 29
95 81
5 45
4 31
53 3
74 86
40 56
4 47
46 38
100 88
75 29
35 14
19 20
74 52
5 26
34 54
91 9
2 38
31 86
79 37
46 17
36 25
50 7
24 66
46 81
77 27
50 46
66 14
32 13
35 11
21 44
7 32
61 33
62 36
42 23
48 42
26 96
10 69
50 76
12 10
58 59
6 72
55 43
51 94
36 4
83 13
32 66
8 36
43 25
75 86
59 62
12 47
76 68
3 69
39 96
24 48
51 26
69 7
90 9
99 13
47 97
58 68
63 26
85 81
61 28
34 41
93 5
17 6
81 79
91 85
35 99
100 70
37 52
9 92
42 100
64 96
56 11
37 24
98 94
70 8
12 75
1 67
13 62
96 10
4 27
14 89
86 24
32 71
31 62
70 96
27 75
19 93
95 92
90 43
8 40
43 88
67 18
38 7
42 7
94 72
82 97
44 34
93 81
88 32
62 100
64 38
50 64
53 82
73 98
59 99
62 77
33 53
7 61
67 17
33 56
41 2
22 29
85 15
16 76
25 35
25 30
31 11
3 65
100 7
34 46
78 76
11 12
18 63
16 28
50 98
89 95
47 71
77 79
77 73
38 26
9 19
97 3
11 22
41 79
82 98
33 3
85 36
68 99
91 7
21 94
41 61
12 75
7 47
39 95
52 91
68 15
93 52
22 57
81 19
37 14
66 57
99 27
83 21
5 88
29 100
91 92
66 94
19 19
96 54
3 36
82 33
69 27
78 35
23 46
43 66
95 78
35 39
100 20
72 50
13 32
58 86
65 70
44 65
24 88
72 85
10 92
100 75
98 54
78 23
60 51
70 36
2 46
55 33
43 47
51 20
76 91
16 74
92 100
31 23
63 46
74 88
39 97
36 70
34 55
27 36
2 32
31 80
6 36
73 50
80 88
22 74
72 93
61 95
64 38
11 23
95 57
94 9
43 76
59 81
14 59
72 91
61 72
96 62
48 30
89 70
36 43
16 64
94 2
31 13
40 60
72 34
73 92
36 54
17 4
98 84
98 66
8 63
84 9
67 23
56 17
47 94
7 32
93 22
37 85
81 17
60 61
62 3
69 89
52 58
30 15
83 68
5 44
81 56
96 29
74 50
49 20
75 88
32 94
53 57
79 79
78 26
33 90
33 54
82 58
46 86
22 55
76 64
75 1
86 3
97 45
55 71
40 1
17 47
56 23
57 92
56 24
44 20
47 51
33 91
100 76
70 92
44 61
40 48
10 8
99 30
58 17
4 31
60 54
1 92
66 33
63 92
97 100
78 39
25 64
42 31
72 58
92 99
53 25
31 9
63 46
12 96
55 92
55 49
70 49
67 73
23 20
64 68
54 83
32 88
68 72
9 29
34 58
28 84
44 87
44 82
85 63
65 46
13 8
35 57
18 20
40 69
27 74
88 8
2 24
2 30
83 37
44 93
13 62
42 93
90 11
69 75
46 11
50 30
24 51
40 100
43 7
94 84
53 66
24 12
73 77
4 58
83 5
60 4
94 96
51 93
2 44
65 12
38 10
71 51
55 30
30 28
9 88
82 87
17 19
94 93
29 64
3 59
24 45
34 21
53 86
81 16
33 23
52 94
18 51
84 77
15 73
33 80
37 6
45 41
41 14
56 74
11 10
9 81
1 13
40 85
57 97
82 91
42 68
86 68
26 28
93 73
19 28
73 29
39 44
33 2
22 15
28 23
30 10
51 100
83 80
56 78
26 28
12 37
98 23
87 23
29 71
15 62
92 26
74 33
50 55
84 23
99 6
32 85
44 98
73 57
81 76
53 62
45 85
49 38
41 48
76 93
19 49
20 97
29 57
28 59
95 95
49 83
14 94
19 86
41 76
68 15
11 79
70 76
50 6
52 71
86 22
35 61
46 29
26 56
4 27
88 19
94 19
59 58
87 1
41 61
98 13
10 70
67 90
13 73
36 36
60 7
22 82
49 48
44 53
63 49
58 29
44 2
50 93
100 17
11 5
13 23
83 53
57 47
11 97
21 80
56 87
67 82
44 16
2 28
13 63
81 80
45 43
81 11
63 11
3 59
85 71
53 66
51 72
47 93
83 4
62 5
53 75
12 56
57 28
43 12
38 72
10 79
93 68
20 26
22 42
80 8
51 15
40 25
55 54
38 88
32 38
72 32
96 19
47 22
72 82
50 60
98 96
64 40
65 26
43 36
7 90
27 52
54 40
90 17
98 78
65 73
42 12
83 62
40 77
12 27
6 22
73 77
59 55
38 18
6 19
4 80
85 31
24 76
52 4
15 65
77 69
16 15
76 26
31 66
70 71
91 56
19 47
55 78
14 37
76 94
28 76
50 70
85 73
63 19
73 17
92 77
47 15
58 46
34 64
80 1
22 66
20 12
42 46
39 55
45 65
37 79
85 41
28 99
90 63
56 58
21 40
99 65
85 12
9 54
62 98
95 62
95 58
51 99
83 91
39 48
60 5
99 45
44 77
88 70
45 18
59 56
71 57
45 94
95 20
4 96
37 88
6 25
74 50
49 49
23 42
62 6
55 19
17 93
39 74
9 99
46 26
48 41
7 35
6 67
32 74
91 83
22 77
74 78
70 48
96 19
82 42
48 25
84 7
99 49
47 66
35 47
16 7
80 69
22 68
55 100
17 43
35 60
11 98
96 22
52 90
89 64
24 25
73 43
94 43
34 39
87 46
10 48
35 57
25 61
16 26
66 26
53 68
82 62
76 67
62 64
47 21
77 32
47 77
73 78
51 2
60 47
84 26
78 57
77 35
5 60
60 6
77 80
41 54
61 89
30 24
2 96
68 57
86 32
66 35
56 25
83 91
30 52
1 34
47 31
99 10
90 6
35 92
58 82
100 84
16 33
25 25
38 83
91 81
30 3
95 91
90 25
76 59
80 26
15 89
25 44
24 15
34 36
60 16
15 61
11 73
44 83
88 13
96 4
79 79
99 9
26 88
79 96
99 90
63 41
5 29
52 79
57 23
67 13
32 65
15 60
42 36
83 22
20 53
63 47
20 9
71 15
25 28
91 68
55 36
77 26
24 76
68 32
69 41
11 61
50 17
58 95
88 98
62 94
28 61
62 80
28 96
5 72
61 25
27 85
97 88
8 72
36 7
42 44
82 16
97 68
27 30
79 31
97 83
86 72
29 41
47 84
68 72
73 100
85 84
85 29
72 40
50 35
8 86
12 66
44 95
5 47
11 85
44 10
14 19
46 91
11 17
5 51
71 1
30 43
78 29
98 35
82 86
89 60
17 28
80 26
92 27
99 42
93 82
16 55
3 2
13 11
37 97
52 11
51 86
50 42
7 4
99 76
23 59
84 26
46 71
48 69
26 36
59 23
69 76
27 59
19 35
41 25
43 76
76 82
52 1
52 65
70 4
47 73
12 95
14 69
20 1
82 10
61 78
81 88
81 73
73 68
43 19
33 16
10 71
57 55
3 20
72 74
75 15
73 27
25 33
41 21
2 31
48 17
78 12
41 32
70 99
47 37
47 98
9 64
54 18
12 98
28 88
31 95
39 71
71 46
93 15
8 11
33 53
80 63
76 4
31 43
27 35
11 30
22 80
1 77
34 5
87 28
74 89
59 11
54 61
36 52
41 19
7 27
57 50
73 35
80 52
95 38
42 77
58 92
56 45
61 60
51 39
31 4
9 38
41 6
15 97
23 79
48 26
46 51
29 24
23 33
74 93
57 28
19 49
12 46
90 76
21 8
44 86
88 63
63 25
77 53
95 6
26 70
87 88
49 97
42 97
26 34
61 67
22 54
63 18
98 93
92 94
61 14
62 56
71 19
53 40
80 91
69 70
68 50
18 61
20 4
63 42
10 57
41 49
80 46
26 13
38 7
17 19
45 32
25 86
22 2
22 12
12 16
94 59
73 18
60 32
47 72
1 55
99 70
68 21
1 38
63 11
22 50
14 79
85 45
96 96
51 84
36 5
55 57
94 94
93 54
57 98
3 66
39 84
21 49
51 29
39 18
3 77
36 54
54 70
45 94
75 93
33 11
51 18
99 33
36 83
16 46
42 55
38 9
34 60
32 19
29 26
64 72
17 98
34 97
34 56
66 53
44 7
39 49
48 89
26 28
28 53
31 67
7 71
53 86
49 73
56 79
91 100
58 46
18 9
35 41
6 4
42 53
16 48
79 69
99 92
90 87
19 54
84 60
31 82
1 43
21 29
49 73
56 11
23 84
57 1
91 17
13 55
47 90
18 85
24 24
99 36
37 13
97 52
96 18
23 28
80 58
62 21
64 62
98 18
42 52
59 87
50 42
24 49
71 53
48 38
10 73
1 33
22 42
93 68
84 43
43 84
72 67
91 29
23 77
13 55
79 84
92 63
95 7
94 98
56 25
10 11
73 92
80 35
17 3
8 10
94 17
46 31
8 100
69 52
43 67
26 20
14 71
63 13
76 16
7 49
56 86
21 99
49 2
5 94
10 83
90 38
76 32
8 17
99 51
59 44
45 86
81 86
11 70
85 41
4 49
37 20
41 9
65 15
6 61
68 97
73 70
53 31
40 26
30 62
75 7
6 43
76 8
13 60
46 60
81 34
28 67
46 65
98 28
69 24
76 84
48 37
90 8
92 22
100 13
40 22
15 85
89 42
87 12
19 52
83 85
48 73
22 73
54 73
95 10
37 43
59 52
85 78
65 74
37 100
34 89
85 88
11 60
65 21
60 23
15 8
62 17
53 50
99 20
6 72
52 8
79 47
19 67
76 16
82 35
65 35
84 88
6 21
71 40
94 76
42 44
75 14
75 25
41 85
35 31
38 58
33 12
8 27
52 68
9 54
5 56
87 87
61 64
66 53
87 89
15 26
44 59
34 88
98 100
95 10
7 14
9 98
54 1
51 26
23 79
59 62
19 95
92 2
37 44
86 20
99 72
5 76
48 61
14 18
88 2
77 16
85 85
99 61
47 52
70 45
22 65
