5
20 20
1 2 2 2 2 1 2 2 2 2 1 2 2 2 2 1 2 2 2 2
1 2 2 2 1 2 2 2 2 2 2 2 2 2 2 1 2 2 2 1
2 2 2 1 1 2 1 2 2 1 2 1 1 2 1 2 1 2 1 1
2 1 2 2 2 2 1 2 2 2 2 2 2 2 2 2 2 2 2 2
2 2 2 2 2 2 2 2 2 2 2 2 2 2 2 2 1 2 2 1
2 1 2 2 2 2 2 2 2 2 2 2 1 2 2 2 2 2 1 2
2 2 2 2 1 2 2 2 1 2 2 2 2 2 1 1 2 2 1 2
2 1 2 1 1 2 2 2 2 2 2 1 2 1 2 2 1 1 2 2
2 2 1 2 2 2 2 2 1 2 2 2 2 1 1 1 2 2 2 1
2 1 1 1 2 1 2 1 2 1 2 2 2 2 1 2 2 2 2 1
2 1 1 2 2 2 2 1 1 1 1 1 2 2 2 2 2 1 1 1
2 2 2 2 2 2 2 2 1 1 2 2 2 2 1 1 2 2 2 1
1 1 1 2 2 2 2 2 1 2 1 2 2 2 2 2 2 2 2 2
2 2 2 2 2 2 2 1 2 2 1 2 2 2 2 2 2 1 2 1
1 2 2 1 1 1 1 2 2 2 2 1 2 2 1 2 1 2 2 2
1 1 2 2 1 1 1 1 1 2 1 2 2 1 2 2 2 2 2 1
2 2 2 2 1 1 2 2 2 1 2 2 2 2 2 2 1 1 2 1
2 2 2 2 2 2 1 2 2 1 2 2 2 1 2 2 2 1 2 2
2 2 2 1 2 1 2 2 1 2 2 2 2 2 1 2 2 2 1 2
2 2 2 2 1 2 2 2 2 2 1 2 2 2 1 1 2 1 2 1
20 1
2
2
2
0
0
0
0
2
0
0
0
2
2
2
2
0
0
0
0
2
20 1
0
0
0
0
0
0
0
0
0
0
0
0
0
0
0
0
0
0
0
0
19 20
0 0 0 0 0 0 0 0 0 0 0 2 2 0 0 0 0 2 1 0
1 1 2 2 0 0 2 2 2 1 2 2 2 1 2 2 1 2 1 0
2 2 2 2 0 0 1 1 2 2 2 2 2 1 2 2 1 2 2 0
0 0 0 1 2 2 2 2 2 1 2 2 2 2 1 1 1 2 2 2
2 2 2 2 1 2 1 2 2 1 2 2 1 2 1 2 2 1 2 2
2 2 2 0 0 0 0 0 2 1 0 2 1 0 0 0 0 0 0 0
0 2 2 0 0 0 0 0 1 1 0 2 2 2 1 2 2 2 2 2
0 2 2 0 0 0 0 0 0 0 0 0 0 2 1 2 1 2 2 2
1 2 2 1 2 2 1 2 2 2 1 2 1 2 2 2 2 2 2 0
2 2 2 2 1 2 2 2 2 2 2 2 2 2 2 1 2 2 2 0
2 1 2 2 2 2 2 1 1 0 0 1 2 1 2 2 2 2 2 2
1 1 1 2 2 1 2 2 2 0 0 2 2 2 1 2 2 2 1 1
0 2 2 0 0 0 2 1 2 2 2 2 2 2 1 2 2 2 2 2
0 1 1 0 0 0 2 2 2 1 2 1 2 2 2 2 1 1 2 1
2 2 2 2 2 2 2 2 2 2 2 2 1 2 2 2 0 0 0 0
2 1 2 2 1 2 2 2 2 2 2 2 2 2 2 2 0 0 2 2
1 1 1 1 2 1 0 0 2 2 2 1 2 1 2 2 2 2 2 1
2 1 1 2 2 2 0 0 2 1 2 2 2 1 2 2 2 2 2 1
2 2 1 2 2 2 0 0 0 0 0 0 0 0 0 0 0 0 2 2
20 18
0 0 0 0 0 0 0 0 0 0 0 0 0 0 0 0 0 0
0 0 2 2 1 1 2 2 2 1 2 1 2 2 2 2 2 2
0 0 1 1 2 2 2 1 1 2 1 2 2 2 2 2 1 2
1 2 2 1 1 1 2 2 2 2 1 2 1 1 2 2 2 0
1 2 2 2 2 2 2 1 2 1 2 2 2 2 2 2 2 0
2 2 1 2 2 1 2 1 2 1 2 2 2 2 0 2 2 0
1 2 1 1 1 2 2 2 2 1 2 1 2 2 0 2 1 0
0 2 1 0 0 0 0 0 0 0 0 0 2 1 2 0 2 2
0 2 1 2 2 2 2 2 2 1 1 1 1 2 2 0 2 2
0 2 2 2 2 1 2 2 1 1 2 2 2 2 1 2 2 2
0 2 2 0 0 0 0 0 0 0 0 0 2 1 2 2 2 1
0 2 2 2 2 0 2 2 1 2 1 2 1 1 2 2 1 2
0 2 2 2 2 0 2 2 2 2 2 2 2 2 2 2 1 2
0 1 2 0 0 0 1 2 2 2 2 2 1 2 1 2 2 2
0 2 2 0 0 0 2 1 1 2 1 2 2 2 2 2 1 2
0 2 2 2 2 2 2 2 2 0 2 2 2 2 1 2 2 2
0 2 1 2 1 1 1 2 1 0 2 2 2 2 2 2 1 2
0 1 1 2 1 2 1 0 2 2 2 2 1 2 2 0 0 0
0 2 1 2 1 2 2 0 2 2 2 1 2 2 2 0 0 0
0 2 2 0 0 1 2 0 0 0 0 0 0 0 0 0 0 0
