10000 9999
4093 7885
7885 8226
8226 9713
7885 4888
4888 6233
7885 2477
8226 6710
8226 2636
2477 9135
2636 1306
2477 3248
9135 9064
9064 6236
2636 3181
3248 5371
9064 4291
9135 5540
9713 8307
6710 3198
3181 8183
8183 7513
5540 7623
6236 8704
6233 3283
6236 9111
4291 8890
5540 7176
3181 8587
7623 1060
4291 6407
5540 705
6710 6269
9064 5898
9713 2766
4093 6695
3198 4487
6695 5546
6407 2352
1306 5043
2636 5171
9064 3675
3675 7907
3248 6704
3248 9274
7176 1693
9064 224
3198 7542
7885 6712
8183 7822
6704 3651
8226 6871
705 8037
6407 1959
4487 3442
4487 590
3675 2644
9111 2302
7542 3978
3283 5369
2766 3132
8183 7146
2636 6005
7176 9638
8890 5710
4888 3432
6710 5509
5710 4047
3181 4997
3675 9863
8307 408
2352 7720
5509 6497
1060 4578
4093 4354
7623 6394
9863 3701
1693 6159
1693 6935
8704 6321
5509 2504
2302 7829
7623 5485
6497 9351
2504 173
4487 2310
7176 7587
7829 3974
8307 8161
6233 4686
5546 3954
5485 5518
3198 5215
2504 1650
5171 5354
7885 9964
7907 9154
7587 6453
3181 8004
5710 4542
8226 5289
1306 9970
3675 8352
224 7695
5485 4634
9064 8854
5540 7324
6712 9196
9154 3009
7822 9355
4686 4235
5289 721
7822 481
8037 5571
7829 5315
4542 3136
5043 2204
7587 9747
3283 8700
6871 228
5898 979
2766 7713
6005 1918
9964 6172
6159 2108
7513 9606
8890 300
9154 2749
979 7298
1650 9518
5509 9735
1693 4085
705 9679
6321 9610
2108 5940
9735 9366
6710 5104
1693 7841
4487 9078
4354 1770
4093 9510
9355 343
7623 8046
7513 8872
1693 6178
5354 4066
8161 4725
5485 582
8226 2731
7713 7604
5289 584
6871 1447
4888 3727
7587 2835
3701 6016
7587 4043
8872 1826
3009 6560
6407 1225
5215 1034
2766 3787
6407 2315
1770 6425
6935 2500
9606 8468
5710 9367
2310 9983
6394 4741
5171 811
7513 4573
6871 6904
1770 6732
6407 3371
8046 9768
224 1402
2636 9299
408 7245
8161 5424
979 1743
4093 1357
6871 7404
3248 6563
2477 421
4235 2325
9064 2613
2636 8490
9768 7080
6172 6326
582 6547
2500 6541
6269 3660
300 5999
4578 93
1693 9646
4573 2435
6394 9255
9510 8155
6541 2701
4542 4661
1693 7522
228 2287
9679 5253
4997 4060
1034 112
7298 4144
2108 4776
5509 4419
2315 9853
4144 6369
2302 7889
8037 9943
1402 3359
2108 8162
5485 8900
5289 4310
5315 9648
4066 2125
5253 8526
7522 2528
343 1395
6497 1796
2325 7123
8700 1593
2835 3733
224 5310
3954 5122
7522 1312
2315 7760
7404 8365
9255 3438
7404 5876
4419 2657
8226 6342
8037 1006
224 7772
9943 5939
7695 9241
5315 263
1743 9308
2731 5498
5498 8058
7829 4197
584 3256
4235 5036
4043 9198
9355 4115
9853 3835
6547 7002
3198 8178
6321 9193
8004 2431
3701 6730
4354 1446
9768 4747
2731 6185
9064 6213
8872 7996
9964 319
6563 7711
7245 4321
9768 359
590 9058
3660 9811
8161 2563
6394 7212
811 587
3954 9871
7720 6010
6732 1318
1593 5684
721 8478
1060 2700
721 9664
587 1621
4578 7814
6213 4417
8004 4330
2731 3730
6541 5957
9811 7186
1306 8874
8155 2525
4419 1589
1395 2758
8058 7300
705 4633
9679 5821
5215 2174
224 5120
9983 5389
7212 3531
2835 9468
7760 7960
5104 1468
7587 316
9648 6251
2835 9457
8046 9488
1918 5873
6236 4626
8526 4673
5509 1642
6326 4802
9713 9748
9241 6983
2352 2499
9638 8471
7186 5955
6172 1714
5369 8225
6563 2013
9747 9119
316 348
9488 2253
1225 4610
3660 8567
1714 1489
2204 8001
9638 1362
1770 9996
5253 3109
9135 6366
9983 4309
9255 1930
3442 4499
1362 4859
9154 8575
3978 5723
6871 4199
2013 2571
1593 9552
705 8400
9366 8768
1006 6348
7324 1547
9308 5697
421 6502
6233 1394
9351 8257
5122 1594
9154 6424
4354 9257
5898 6605
5122 1984
7996 6512
8058 2665
3371 2299
8178 2225
8225 6274
4235 8865
7298 6195
3256 9900
5898 5266
8226 6559
3359 53
5266 9952
7907 701
721 8321
2315 5404
4997 9
5518 1255
5171 9632
8037 8688
8587 8017
408 8230
9518 9902
9664 1240
4610 5223
9274 8386
8900 9850
9518 2277
2013 6562
6695 75
2500 2203
1918 4591
6983 5830
2477 4400
9274 1260
4047 4252
1006 972
1594 450
6704 5572
7186 4690
1240 1409
7002 7287
4400 7798
811 1600
1621 4253
3359 4214
979 4134
4321 1317
7404 8528
6269 1946
7822 7206
3283 349
5389 5402
4354 9895
481 9500
2701 7031
9457 8786
6502 6222
8587 7099
3978 3249
9366 2946
8226 7343
7300 3885
7513 3972
7324 2358
9850 4377
3978 9314
5572 6744
4377 6107
587 3011
7186 6367
6185 7222
7711 4819
9135 4373
5540 5080
7176 9192
5999 9017
1260 41
9135 5527
9192 5860
1489 8657
5389 9466
9488 7371
8183 9209
5315 5535
1255 1775
2701 2404
2525 5281
5402 6948
7822 7655
5876 9491
9119 7283
1918 7530
6107 8705
1621 3522
6605 314
6369 3118
9850 7593
3181 5060
1946 3128
4115 785
1468 3718
4859 5031
7841 6045
7343 572
4377 5763
4725 3872
5830 4555
7720 6395
4499 3732
6407 2848
6497 2091
2700 832
3787 9084
7404 8670
8230 2783
4134 4978
314 4593
5253 3115
5509 1538
9850 1522
6321 3046
9058 7951
1362 2478
3132 6289
8230 6606
7593 6765
8161 1604
4043 7624
1538 1725
319 2965
3727 4460
1357 6747
4610 5330
6366 6406
8365 2357
1240 862
5546 9178
9952 4581
348 4513
8178 7322
1446 4061
1394 394
2613 6894
972 8715
8567 6430
7343 2267
2287 8476
8478 8459
1060 472
9367 7576
4291 8416
8471 6888
8476 1823
7530 1562
8890 9792
2357 9615
8459 3567
8657 2147
2613 7015
7222 2948
3109 6846
6010 3969
5036 9139
9679 4325
6178 3976
6395 4412
6559 427
1984 4546
224 1576
5485 303
1402 4856
811 1099
9850 8052
9241 6537
349 4657
1650 8838
2731 5840
9064 9882
6348 2122
472 580
5546 4739
8178 7869
2267 8356
7002 2673
4555 383
348 2573
8356 4263
7298 4871
8478 4906
9679 214
427 4269
6236 2964
1522 8451
6710 1772
590 9865
6904 2479
2478 6952
1772 7112
9355 7492
4997 6930
3885 6143
1714 9476
9510 411
6559 6223
4819 8708
9882 7312
590 2967
7343 8250
9139 6582
1642 3695
1362 8303
2325 6951
9196 6053
4354 8563
6366 1858
5830 186
6710 9869
8874 3604
9895 7159
9552 8819
6732 3873
8037 8779
5697 3856
6005 9709
8459 5594
7513 7985
8478 7410
8230 3122
6185 5926
1260 8293
4978 1900
9970 3377
2644 1683
8459 6030
4060 977
2644 7723
7711 9383
5710 2906
5371 306
2325 8108
1489 380
4144 2261
5939 4543
8471 7232
7112 2820
2091 7640
5873 1179
1959 552
5060 8313
1394 4493
3969 2488
9943 4019
9084 5639
4354 5582
1600 2300
4573 8761
7513 8763
4487 8285
4543 3463
979 1603
1395 5025
3972 5976
8293 2847
306 1213
348 3430
5926 1167
8657 1868
972 2109
4725 7754
394 9617
4690 6665
1594 1460
7300 9523
7186 6945
6005 6241
7772 3760
2820 5033
3727 4150
3787 2033
1409 5426
1460 8460
1725 9326
6016 1849
6005 2227
8400 5946
3976 7692
9648 7236
9983 1880
2500 5809
93 7901
6236 5597
9748 5533
3522 128
7604 8404
4633 9425
2174 417
314 9433
394 5381
4578 4840
9811 9073
4019 1679
9209 3245
343 1199
4819 7785
6366 3459
7711 3837
3730 6880
3969 51
4593 8154
6107 3479
5540 2079
9747 3469
3136 2368
1446 4842
4741 2751
394 4051
4252 329
6430 9404
4842 7200
1930 8989
6665 3699
8528 3569
3245 6270
9178 4429
7002 1442
8526 4367
9299 9897
1858 9830
8313 6056
9355 6594
1538 6580
1642 7597
9863 143
4661 4587
4739 9006
3432 1182
8890 9678
8257 3591
4354 88
2766 6308
3954 3780
6710 4458
9648 357
5025 9651
2820 7650
9709 6837
6695 1137
6983 5408
1395 8519
9952 7139
7322 526
4373 5879
5876 1259
3442 9431
8257 6493
3463 3583
6562 3002
4555 7127
303 8538
5354 271
7695 5373
1562 9422
8528 5592
587 2002
4906 7274
9648 6084
5940 634
6695 6361
3604 304
4310 9307
4686 142
112 6401
3780 5430
6369 7209
7720 4045
7283 5948
1743 4640
8819 8818
8715 4153
979 8361
1489 5247
1576 8948
1642 8844
8386 360
1930 8318
8257 9288
8318 8363
8365 8200
8183 718
228 2811
7522 7493
7522 9999
718 6937
8890 5361
8538 3613
5315 3550
1683 6752
2109 8002
9617 7
8768 3427
8037 4635
7410 9507
3371 1370
6045 3398
9830 7979
93 4124
9367 7064
832 2828
7312 3558
1743 7968
9518 6427
6213 6656
2749 6557
4377 2905
8768 5844
6172 8539
4150 2531
7146 5920
9073 7784
1225 1926
5404 8813
5369 2139
4690 9778
9709 7910
7869 7609
6321 2645
8416 3783
1926 645
1650 3130
5946 5090
9882 9925
3978 5633
8779 6292
5572 3822
2835 5130
2277 6666
5426 7046
4400 6318
8307 9248
5976 2901
9617 3815
5633 3517
481 854
1959 9993
5844 8329
4657 1656
3815 7887
6606 3523
3701 6757
5533 8681
6888 6099
5844 2956
6712 5532
7841 2421
1006 5135
6846 8177
128 5058
8257 4524
1594 6671
7720 1144
6213 7776
6236 1276
6904 662
263 8831
9073 3101
7960 5307
5571 9150
4513 5858
3730 2759
5122 6033
88 9484
9518 2752
7159 2446
8681 6584
6580 3327
7274 8830
2758 3888
7723 6822
9510 850
6084 912
2287 2634
7785 9364
5946 2797
4124 4986
5594 983
701 7161
2820 209
8872 9357
3427 2725
1006 2737
645 7367
2644 9720
2300 5093
8356 734
5122 4522
8813 7071
4412 1440
8363 3125
3248 8984
2571 4612
228 8758
8948 2474
112 2926
3835 7510
8154 3501
2477 496
2079 8640
2797 6212
8037 7333
7099 5074
5509 7582
9720 356
3249 98
1442 5681
6537 7614
6541 9173
9364 2804
4776 8702
5681 3696
1547 6601
6888 257
3976 4104
4045 8262
7951 9261
3660 7657
5330 1799
8640 4121
4214 8441
1468 2461
9274 3388
4626 927
8813 1051
4661 4574
9119 6510
9638 6193
9996 1891
2751 4992
9964 3614
4330 4613
9139 8546
832 4560
2174 7229
1772 1036
9196 8641
6983 7790
7312 7770
1036 865
7 8628
2500 4979
8177 2930
4291 7106
6193 6134
1959 4207
6671 3862
5723 4893
8526 8589
1213 899
5093 810
2766 2908
8468 1854
88 5673
5253 9040
8865 8228
6765 8725
314 7118
9119 920
8052 1086
360 9800
4522 1037
4104 8165
7522 1732
9853 600
9552 8066
7046 1735
1900 3619
186 2135
1926 466
112 2380
5639 6608
9404 5735
2404 3564
8230 3963
1642 1969
5104 6087
8539 324
4888 6836
6937 6550
6292 688
8293 7504
5681 1965
2203 6771
2665 2483
2109 8801
5920 8836
2848 4818
3371 7178
7212 6162
5354 1996
4613 7036
4124 61
8108 8755
9748 5018
6274 211
9476 9695
582 5188
3888 8569
8670 6540
3783 1271
9720 2562
357 926
1394 2816
4115 954
6406 2555
7367 8523
2967 9145
5840 3705
314 8205
6744 6573
4818 6800
5223 769
2725 9565
5572 4488
6695 5880
6401 23
6744 3030
7587 8986
6367 5667
4253 6842
1538 6982
6308 2442
1034 5039
7576 160
1656 2821
1826 3912
23 3774
421 290
9383 2688
8257 2506
2302 9980
1823 2608
9178 9372
7784 4385
7604 2781
7772 9067
3619 5465
6010 3728
3118 1376
701 2260
9615 2340
481 4596
8761 7832
5371 5434
8386 621
6223 9527
1996 1385
8226 9382
2310 6130
8363 4479
2737 7362
8365 1787
4859 7481
4235 7881
8404 4404
2725 9730
2340 537
9431 2596
4115 1414
1409 7844
2901 440
4093 9276
2645 9633
8318 4435
6425 7013
2253 4731
6547 3596
2260 5095
2644 8276
2506 8424
5171 2356
1787 1911
2759 8350
8228 9028
9135 8242
7099 7210
8002 7936
1725 8571
263 622
3583 6786
1317 6860
5095 1048
1775 9522
7772 2422
394 5029
6236 1158
3256 5507
3567 6834
9523 5817
1060 7934
5879 1669
9255 5200
142 5153
9768 4352
5074 1577
4235 8905
5381 8433
5546 2133
2352 9313
4992 2900
9248 9494
1370 2401
9869 5682
5307 6775
4542 4465
2608 9044
9058 6729
2613 523
360 7295
1376 495
6502 1227
1679 8968
2820 1046
3128 9388
496 9206
9897 7126
1357 8288
9314 3634
4591 8116
8058 7660
7209 1790
2325 8193
5371 1552
7036 2052
5535 5741
349 3542
811 8722
214 740
6822 1515
2749 8552
3885 1301
926 1428
6427 7108
2174 5857
5763 9184
3256 7666
6605 1457
4019 3618
5043 9829
7513 9628
209 4002
912 2637
7784 6921
2125 8286
314 4620
8984 1458
8984 188
5697 1997
2315 6393
4542 467
4986 3913
2908 1355
9830 6828
9527 6538
7245 3322
3619 3078
3780 4839
8830 3402
810 9596
2821 3225
721 6881
481 2137
8872 2389
2506 1094
582 593
954 6398
2477 5088
526 3909
9006 4594
2637 6199
9274 1571
7362 4393
5281 1501
3815 9640
5976 5342
2528 1845
7036 5655
2079 2884
6871 6851
1669 6522
5025 7607
7522 9802
3225 9973
5361 1785
7123 9514
4104 7638
3359 7862
411 3987
2500 1941
1891 8772
5844 5901
1442 7151
8321 2801
2315 5059
1255 9529
1845 7440
4352 3840
8575 9151
2504 4864
6223 3418
75 6311
2287 1336
481 2073
8755 4371
9709 4395
8363 2175
3613 9742
9943 1374
3398 9992
3531 3746
3011 2551
5518 7456
8755 3673
3130 5573
211 5030
5307 9482
9314 8149
1642 4515
5667 4571
9800 4480
927 6280
2267 3113
5940 1752
3517 7647
3699 3636
3987 6985
4739 2559
9853 7193
6326 9172
4047 5092
1796 5460
4633 2883
3660 1541
8830 3926
7186 6135
188 8993
3963 9852
9527 3665
3388 232
2356 3566
5029 8971
9422 2085
6573 4794
1752 1373
5088 4262
7139 6299
7647 4004
4460 5643
53 8090
7283 5045
584 7419
6398 4933
9713 3507
4587 6887
6665 5691
4060 8176
6369 5802
9792 6203
769 4113
6213 3060
7178 1825
4150 8527
5592 1776
9695 6778
2701 4814
2528 9746
5330 7884
3248 1311
9494 7130
3701 8123
2175 6533
271 7417
8993 510
3822 3429
7118 9182
3604 7182
3101 1126
3583 5781
3132 8823
5667 5883
8318 8759
7604 7379
6251 3385
6930 4286
8178 3420
9366 2494
348 8124
4856 5694
6887 6399
2948 2473
6406 2088
290 195
899 2579
6937 9107
8468 9814
7723 9185
88 4381
8759 3139
9970 6229
1182 309
8350 2105
850 857
3954 2029
9299 233
2908 7673
5879 7374
5498 5923
472 7049
9720 8345
7655 5401
1037 7839
6199 4879
1395 2482
5315 9563
348 5773
496 7436
6834 8221
5080 2486
6251 5933
8416 5578
9730 3465
3002 8593
481 2182
4819 6027
9792 1827
7130 5649
3522 6063
7127 1846
7456 3688
3122 4114
6704 672
5373 6908
9111 203
9615 6287
2125 344
5821 2712
9730 9055
1735 7757
5901 9265
3604 8100
5830 7180
526 9223
9299 5993
523 1591
8100 7837
9902 9060
6945 8778
4113 4248
4419 603
7229 4678
3699 9338
3558 7454
5940 3930
4371 4568
5120 7026
3371 29
3009 9456
2908 4607
7754 9464
4859 4905
9265 403
3727 6290
2340 7724
1301 3230
3359 1954
3507 2830
4515 1890
143 3151
343 4358
5546 1239
4121 7433
9299 8456
6822 3168
9456 863
2227 8263
8257 8215
6582 1508
6712 1559
6366 7698
5404 5653
6888 9077
8526 6447
5036 7777
2811 9396
1414 1968
1501 2222
6453 5679
344 1207
3168 3833
6395 4139
8715 6035
587 5249
5090 9635
5527 4376
9510 9283
4542 9269
4121 6603
2033 342
5840 452
8874 8239
8539 3346
701 8925
9464 7641
2964 4961
3705 9231
7371 9855
9514 3065
1868 7282
977 916
2637 2643
8250 5308
1591 7835
128 5853
4905 1188
4480 1391
8818 9129
4395 4315
5426 6714
6828 9467
7772 2337
4124 5963
785 4671
4395 9883
2073 6437
4412 3781
8293 8399
8830 8691
3862 9660
5957 6309
4144 9208
9488 9915
1772 4259
8786 6734
6921 4813
1669 8418
3604 9767
1589 6098
8567 727
4121 7008
6800 876
8318 7254
2506 7551
8905 9427
8116 6928
6834 7061
4460 921
584 3005
3822 8067
8476 7288
4513 8375
7934 8791
5957 3882
9993 4942
2139 8580
1559 8614
5957 2854
6562 6364
7760 6285
8691 5596
9182 5049
2174 8965
2182 4246
2337 6934
9713 9272
5029 498
7887 6000
6229 1749
6695 3321
6270 2387
718 7753
8285 4801
2147 1853
9231 3049
7180 8025
9633 2412
4842 9071
6099 8547
3359 1537
5694 8431
4325 6218
5649 6007
6493 5511
6563 2642
9006 2738
3885 1560
6540 1479
211 6120
1311 2893
8321 3962
5507 1149
2596 4069
7614 3106
4134 6818
2948 3224
4634 5949
7724 9771
8772 6124
7151 7063
4594 6319
112 9102
6512 3464
4612 2777
9 5326
7440 9038
7576 8422
2811 6542
9709 2615
6098 944
9261 1572
3835 2231
2613 2704
1571 7266
2401 7679
5092 193
3065 2433
4818 636
3591 2546
3969 8917
5092 8121
233 1292
4678 8463
6030 6286
2900 6687
8459 9454
7837 5841
6904 7781
4499 5769
5033 8202
9494 336
7312 4996
2821 2729
2137 7737
2551 50
5029 1818
6130 4589
7713 5167
1603 2728
2562 5560
8614 3560
2422 4619
3699 6616
2811 7704
6311 5749
5120 6849
1732 1244
6983 544
2816 9100
8422 6583
7614 2017
1051 4785
7660 6232
6665 4437
4524 7799
7123 586
9466 4639
343 2414
8971 8501
3837 7680
8066 9004
5223 6050
7650 1742
9209 4370
8149 4302
7593 2915
8681 1750
3398 8396
3888 4464
7126 8300
8700 5564
9900 9000
5039 605
8313 5466
5200 4094
3398 7676
3701 3085
8705 7942
8066 4295
4115 2437
5408 4297
8759 2439
6143 4257
8791 9015
2777 6923
3523 9554
7433 9207
2287 447
8759 7192
6364 3686
2701 1185
5498 1129
5088 4668
6203 4040
8178 9298
8917 4170
8066 8110
3522 6793
6045 6267
7822 3453
3139 883
4040 429
4419 5341
5130 556
5749 5156
8230 5994
2751 725
4370 5823
5933 1860
6710 37
3198 5973
6695 902
7049 9744
1621 2151
9351 4154
3862 8423
2225 1850
271 7830
7951 3253
9767 1416
3501 7083
2500 6850
785 1844
2017 7230
5694 4355
7776 8898
8722 1811
4747 5087
8890 2290
4555 7717
7210 353
6948 5296
7576 7963
7609 2214
582 7284
8755 4764
1391 318
2821 7707
2964 8295
2357 2040
7638 4947
2013 7635
4546 3384
8791 1178
4060 8776
41 8780
6099 6042
6178 9108
1167 8409
9829 3789
2204 4697
9610 1542
3962 2887
9198 7634
9006 5671
7176 5686
5948 6519
1860 2103
8161 9984
2634 7925
6212 4881
920 594
3634 852
8722 8852
9265 1242
1385 6865
2147 298
8365 695
6251 1588
1693 516
9565 8806
3837 7117
5923 9543
9983 9958
9193 3706
4291 1360
5308 8753
2174 4519
7660 9183
5326 1105
7230 6829
9730 3366
2688 6472
1650 830
2571 5196
8288 6347
6319 4078
8900 6034
324 9733
7117 8940
5802 8558
3730 2756
979 7241
3469 8677
9178 11
6557 869
2820 9109
4893 262
4051 1609
5802 2388
9897 2581
2422 2902
7695 2127
5460 2553
3822 3612
1508 7388
5694 3529
8230 180
5253 8928
2013 3360
4412 7394
6904 3836
7388 9990
1693 2632
3327 9914
8400 4645
7230 620
3888 2552
1770 797
4381 1471
6045 1005
2401 235
8852 4780
1693 8869
2811 9856
9596 9473
9855 7077
3168 6118
9108 3577
7343 8590
3789 4956
9638 6566
9473 5678
5817 730
1571 7908
4488 994
7522 4407
357 8895
6241 33
4764 8861
2174 4229
983 7916
510 1052
3665 9559
972 6257
4259 5615
6393 7594
6894 3088
1900 1567
7295 1940
7885 8454
2029 5290
9298 223
6236 9589
232 1014
7295 691
2559 1164
2103 8003
1600 3308
582 671
7772 8645
8702 9398
3030 894
8002 3146
4626 3219
4358 781
356 5349
6299 5513
3479 3958
6290 9181
1370 9034
9792 2386
1086 545
545 5302
9589 6123
2422 5245
1940 3254
6269 7902
701 4140
7193 4706
1522 3003
7576 5351
6309 7722
3366 509
324 322
9628 1322
7112 9471
348 6957
8490 1745
7614 9659
510 6501
9659 739
4607 5379
5926 1496
4235 4037
3501 7332
8971 709
1164 4623
324 8795
6401 881
4905 490
1137 6209
3733 1173
9454 9818
9869 9805
9185 1399
8329 2944
2133 732
8285 6565
4780 6133
466 6171
2315 766
537 9572
5857 6422
1790 1502
4004 2183
8681 4722
1395 9330
3125 4681
2559 5609
2478 8757
709 8662
6395 6898
850 5621
1428 6129
2915 6902
556 2171
3872 1368
9491 4929
2673 4074
721 5129
8538 2514
3787 2635
9983 9275
4568 4299
7176 9861
5036 1608
4435 5836
4555 7386
1547 2470
9055 6856
7123 5015
7757 7156
7623 3336
1576 7978
9382 5470
9617 6760
9298 9880
5697 6738
7178 6896
1416 369
6369 1805
2500 7021
3613 8041
9679 4301
4573 5181
1440 5924
6241 4136
3614 1275
7814 5895
2728 1248
5039 4194
8890 9676
7099 8962
9135 8450
5181 2543
3384 9576
9457 4391
5290 3513
1825 6749
6030 9835
180 5714
7785 9641
3718 6180
2125 8466
3507 5305
2915 1020
1679 1228
6834 9873
9109 9553
6042 5452
3371 6848
8905 5972
1562 9803
8108 4249
5043 3355
5389 5268
9034 6219
1593 3013
262 679
6195 6524
6393 4991
5349 5825
5059 1221
3583 3325
2337 3582
2435 8447
6005 6817
5741 8885
2183 2714
7159 4984
8004 1979
1244 1518
6222 7211
4560 3056
6952 9693
1144 4365
4686 4717
61 9826
2712 9653
3660 6707
3958 3716
8546 6895
1593 8678
7770 3766
781 9791
6778 6876
4493 8706
9454 8353
7123 4609
6601 3723
7146 786
979 95
3558 4360
2908 7328
8801 7397
9471 7882
6035 5624
3619 3502
1496 382
6605 4118
2634 7403
2182 4497
1446 1422
6563 1622
7433 3154
8176 3326
2543 2457
1373 3202
4465 7718
8539 807
7123 8897
4639 596
5196 9234
3109 6454
2551 5613
8193 9474
4661 5427
7841 4570
894 2489
9792 7090
4619 3980
695 7121
3465 1087
3181 1814
5080 9020
1457 2606
417 5079
2052 8639
5095 4746
8528 7414
8844 3597
4739 8685
2040 3724
4295 8841
5088 2513
429 4186
1749 2110
3596 1528
5923 2324
3604 6375
5879 8689
233 9156
9060 6972
3355 3616
2642 5730
98 461
5315 2913
8116 7444
7182 1943
1984 1550
8193 2481
862 4778
850 7572
7582 5640
4395 655
4513 7376
9882 1058
6573 3589
9466 5236
5507 6642
3569 9397
9034 9081
2900 8904
4879 5360
5681 3794
3567 1641
9388 9843
8791 7250
9861 9905
5036 4492
2531 4439
4619 5688
7757 4472
1402 9194
6616 836
5513 9341
2714 641
7695 185
5060 7678
9330 7330
6030 6670
1621 3929
8375 7564
603 1733
5946 8049
2079 1243
8468 4709
516 3679
9185 8421
9865 8174
9482 442
2513 8264
2504 3667
8872 3603
9107 9113
9554 2065
6800 9848
2758 3813
8293 3223
2315 83
6218 6163
8431 5665
6888 7892
9615 9105
316 197
5188 9319
4310 3299
7882 1366
9139 3103
1853 6314
4170 8132
6533 3868
4043 4625
1060 7348
7099 2393
8110 6883
5879 7184
5653 1196
5296 7990
496 6211
2499 7262
1984 6488
1814 5396
2482 6466
9615 3052
4578 5644
6562 9717
596 7163
9814 1334
3355 6141
3885 7966
620 818
9064 9434
1725 3768
1567 7413
679 3947
1276 5565
1965 2541
6199 3821
4739 9951
9330 6477
3388 8249
5430 7669
2606 9994
7640 7506
5613 8507
2854 6689
467 4504
5582 1017
7902 8692
5730 7270
5430 5367
2433 2005
303 7917
2461 8483
582 6071
3718 2539
9107 1709
6229 5001
1860 5475
7348 2584
9372 1666
2956 3001
5972 7350
8124 8006
4947 6304
2500 790
1046 4815
5781 4692
1087 6625
7609 3617
5684 6462
1547 7155
6584 1486
9257 8480
9319 8241
5673 7507
8424 5545
6842 7746
8352 2362
4620 7866
9856 5035
9183 2107
143 1643
7155 2283
8678 8777
2437 6023
9313 3319
6608 9106
1930 5233
7757 1180
8396 973
7266 8875
1301 9697
5080 1994
7530 2189
4596 1953
498 5207
4465 9637
8177 134
8318 9515
3115 6431
7077 9309
9473 4704
5730 5669
1709 7752
2797 7625
4207 3460
5308 6310
5684 9965
3660 5752
1221 9521
3730 5891
8501 3571
4613 9712
7206 5148
173 8952
4043 9700
9207 250
4085 7060
9648 2877
9313 8719
481 8472
4706 8316
4706 8537
1182 7549
2109 1262
5156 1798
50 59
9994 6832
2804 317
5485 8632
7287 4925
2553 1041
6519 4783
6519 6571
5920 141
7419 1841
5253 7874
5315 819
6957 5110
53 1519
2821 3991
6233 9442
8396 8956
5781 7402
1037 5483
785 200
9185 8186
8519 8560
9193 5570
8316 7947
1402 3624
160 1583
7760 6980
6422 9726
6849 4883
4524 1676
8161 6724
271 4774
1301 7509
6605 2198
5639 6131
7367 9211
6512 6644
7752 9465
8779 9003
2412 7702
95 9557
9388 8094
6856 1349
2541 6781
4626 6039
7397 7982
7510 6307
1508 9115
8885 7618
7889 4837
8898 3887
9307 4533
2906 2564
7156 6803
4991 8847
6871 7918
4395 3668
8759 9368
1440 3386
3604 2548
5148 2090
403 414
359 251
8001 7399
3078 2529
3954 4782
2029 283
481 8102
360 5421
8418 5738
6695 7398
8567 7149
9172 3902
2564 9867
5475 7690
235 7833
7635 4664
9925 5490
6557 9546
7829 1424
8692 3725
6033 2949
5249 9718
2310 6282
7754 2248
7814 1369
3103 2145
3612 6932
8869 2920
634 3007
8984 2443
4499 2550
3716 2177
9984 4296
6582 3546
1941 9470
7064 6535
2967 5657
1508 5487
5597 8368
8365 6138
2714 126
9802 2071
1735 3255
9471 7337
3402 2852
2401 3676
7254 422
8772 2761
7176 8762
8722 1001
6270 737
7593 3714
9397 6047
9269 2096
5354 4753
1391 9063
9897 8996
9653 1699
5079 9794
8225 3853
383 7714
2613 1000
5671 261
4136 7628
4664 8509
1207 7458
9272 2289
7254 1975
8094 7802
9900 1700
3783 8566
7869 4861
4947 5436
912 1874
2125 539
8352 1520
2900 5815
6251 1852
8472 3064
5120 6237
4657 4268
1322 5985
4814 7105
7506 3895
1424 5195
6138 9136
329 8270
3388 8945
8552 471
6267 9831
1014 6713
5379 1346
4400 4222
6837 3422
1058 8346
2145 3315
5122 7769
2203 1983
5289 8811
6582 5230
2731 9277
1188 9555
5815 3669
709 7836
6980 7346
7839 6204
3420 5336
8795 5902
8639 5959
6270 8712
250 748
3976 4750
8321 2730
1060 2855
5883 3226
8345 7914
2461 9082
5310 6552
382 7484
6375 6025
8776 6297
7918 9884
6656 7303
6123 4459
1001 5799
8225 6281
8780 4056
7777 1038
4302 8381
7676 2604
5592 5770
6407 5385
8361 1728
7332 4052
9366 6278
1559 7003
5999 9389
8424 5961
6030 286
6930 2961
7330 9595
1594 7335
6583 7758
7388 3534
1424 14
472 3554
8463 6082
7607 7819
8852 1477
2109 9988
1374 5324
4802 7555
7910 2515
1911 6214
8778 6349
3198 1920
324 2215
6671 3547
8307 9088
6407 7898
3460 4971
5985 3901
7371 6974
1180 1230
6369 7235
3597 6641
6665 9174
6497 9548
5564 2866
5033 4748
7564 4401
4574 7215
6510 7165
5749 7677
5389 430
3686 4975
4047 989
8759 8168
6000 1170
9855 7104
9193 2885
9635 1019
4487 8880
4263 4110
5669 5672
8898 3767
2700 2648
4591 9586
442 5358
9848 5364
8539 1563
6030 5536
233 2567
9181 6558
8708 5191
7862 9910
8423 2304
7417 1013
4706 6255
4419 7062
2531 8224
6321 3615
9980 3280
5653 7857
7908 6379
7121 2836
1207 2570
4581 332
1593 1145
9484 9912
8459 6892
9234 5927
2783 4454
9730 7272
2033 9938
9557 7810
7282 8182
5682 7012
3868 6595
5860 2594
6817 4213
1306 1190
2482 2872
4555 1782
7003 669
440 4566
343 2568
7968 8597
380 6164
7576 8709
7898 4584
8225 6382
4560 5061
9589 7320
5933 9824
2315 8764
9712 704
3465 15
8003 4680
2499 272
3774 4867
3225 3069
4310 9760
7628 2210
9004 3138
983 1131
2506 1298
9261 4317
2421 6340
5090 1134
4871 3343
1019 8548
9659 9440
9640 4444
4837 1
4459 4564
4975 9061
7947 7924
5533 1257
8786 3445
4861 7858
211 1517
5498 8983
7702 5864
4213 3428
472 6305
9999 5826
4747 1781
4933 563
5490 5822
4635 7422
9473 5626
1814 4974
6209 8217
9173 935
6193 4138
7337 5343
2562 2861
3101 3609
3909 5242
6595 9236
3660 1100
7328 5595
7551 5048
7440 208
8356 9739
9850 8987
7456 1152
3429 7037
9500 5500
53 8219
2368 7275
2728 6125
3465 6575
3618 9310
7112 8711
1105 1614
3385 4966
6236 4732
9902 1620
8249 8785
6005 102
4391 7370
369 4674
4257 4980
4681 109
3636 2831
6347 3540
2946 568
9288 1404
1178 9302
4360 7494
1770 3519
2848 3328
5364 1820
9867 7928
2387 8425
6180 1915
5571 8583
727 4882
3558 1881
112 9961
2830 3486
5408 7775
442 2558
180 1236
2573 5888
7178 441
7182 19
6595 1315
6462 3753
9000 6298
7008 4050
3569 5935
1811 3743
5074 5922
3346 633
3049 939
8509 6225
9174 9819
6894 5869
7071 152
2836 7853
8571 337
669 1092
3969 5559
6828 4125
5371 9963
2433 6961
5836 8430
208 4187
2299 2072
9814 7039
7924 5733
5156 2262
4124 8610
8539 6839
6366 9599
7775 1091
5018 5726
3619 6691
3360 432
9852 8931
8058 9657
8755 5692
620 9336
7108 8045
7182 5274
4492 1085
1046 482
9518 3984
9768 758
1714 773
2563 6884
9792 487
7064 6649
2885 2995
6896 7154
8017 9479
2579 7708
7657 7400
9442 3369
6860 8349
3109 6572
233 8395
9326 607
5129 713
4252 5905
6535 6920
5281 9096
4355 3062
9088 6954
5749 1548
1541 3670
7819 3526
4515 8084
662 7933
1446 9324
50 5744
8762 8325
5490 659
6314 9144
6744 2791
7504 2933
5242 3653
8708 1809
9552 2379
1322 1413
8416 7460
6120 8498
662 154
1968 6780
4818 4451
193 4622
552 67
5061 8357
6656 2974
2828 4523
8872 7228
5130 6808
2422 6633
5781 959
7618 4711
3002 2239
4690 7314
5993 9570
8132 8142
7254 2229
7003 1423
8058 2211
8303 4342
3355 1601
2477 8234
6394 6279
3230 6899
1227 6567
8905 7069
3319 7356
9555 9297
7898 6802
7982 9962
4207 2153
15 4982
1091 4636
4367 7613
429 4759
6595 2308
8996 6831
53 8697
2933 2921
5679 6247
5596 5143
4051 8403
4110 9608
3679 5590
8685 5140
1518 4273
8123 3290
3774 888
1583 9822
5898 425
5665 5473
7303 7391
8764 8601
7062 236
8037 5011
671 3918
8422 6546
3526 5182
6278 7383
5361 8531
5888 2286
1099 8081
4395 1988
7330 3645
5922 9268
6898 7693
3732 1025
6398 4306
9136 320
1823 967
6923 9556
8546 3102
59 9530
7881 6069
9529 5397
8880 7811
8459 9018
2529 7580
9615 7860
2033 614
4626 6101
6143 8039
2831 3274
7105 5444
2766 9387
6232 1924
2920 7173
1052 2050
2777 5951
5564 6423
3546 7856
2171 4201
8900 1652
5533 3838
6948 4008
2604 5804
3673 1426
5079 7409
8124 6680
9473 6804
1000 4178
2231 8613
290 4834
3139 6036
5061 6629
8250 6372
9015 6446
568 9237
1676 7732
4834 6484
7951 5852
1983 4452
2225 2453
5876 9498
1609 4507
9818 5355
5540 4156
1965 2742
344 9175
6535 9538
9 8118
5436 4011
6016 7688
7456 3318
452 5160
9559 6618
4704 611
9082 3473
7655 6655
4709 5235
9507 6081
4801 7251
8037 1273
7506 7420
8670 1387
6881 5293
7576 5155
8628 7570
7112 9887
4199 2533
1641 1596
5869 654
8708 3352
1542 741
6881 8332
5156 529
4996 9361
7769 5810
5487 4701
1725 1235
6130 1659
6550 3457
98 6845
2387 4389
8225 6390
8547 7240
8662 2844
394 9512
9498 8663
1395 8220
5373 7967
8786 6814
1799 8428
4050 8756
3256 9751
8039 9575
2529 2025
3369 4777
5710 5599
7013 1509
421 6486
3787 7852
1954 8087
9272 6779
1374 5187
4365 5579
8890 5419
8409 8565
6605 9401
1542 9878
4607 2871
5694 7448
7614 2578
979 1981
7582 4757
9695 7340
9102 6731
9182 4223
5781 3818
8801 4528
9107 9894
6375 9049
7640 1080
4367 3957
4610 640
1787 7893
8004 2934
4295 3135
9181 2209
7399 7334
2461 2146
2177 1582
1538 733
8221 9212
5358 8126
5682 4924
1404 5443
6123 3834
6804 3537
1522 8995
4706 4322
8702 6688
7594 9704
7069 3757
3836 402
7874 2610
2761 6672
5031 8724
2183 1533
3980 9647
4061 127
4764 4490
7916 4638
8250 1661
6594 7441
6571 7826
2229 3348
857 5303
5532 5774
5483 2929
432 302
2635 4821
9811 5512
7314 870
3526 8870
1129 7891
7570 1326
298 8266
2337 1585
2210 2739
5688 9284
6382 7301
9664 3739
8702 8082
8865 3301
9129 1192
4371 5675
9237 4808
6845 9513
5809 4554
5852 4916
5599 2274
6594 146
8645 9048
447 7247
1547 2786
5679 9068
6237 5706
3815 4326
1052 5977
9848 5614
4783 5062
2581 2890
2494 3816
1941 2491
8539 8032
128 3543
6713 2984
6143 3238
3290 8741
9396 5854
3821 8573
2777 3237
1528 5365
8509 6530
4986 841
8869 9152
2182 1453
4757 242
4757 1288
2901 6146
7444 5947
51 7372
7348 4765
8332 2009
1385 8469
3463 998
7688 1342
8764 3573
4121 1597
2491 976
4066 2345
3615 1340
5773 648
2567 2317
5564 5522
5049 5846
3519 1937
7376 4442
9599 8027
1781 6706
3432 9734
360 9612
6319 6161
5088 6150
9096 661
8779 9793
2175 1211
1911 3521
2421 7271
173 9839
8706 7920
1019 5758
6957 5147
7917 5170
7343 608
2570 3387
2615 3827
2934 5727
5430 1361
7184 848
7274 8016
7680 407
8381 4057
8450 1250
7862 2058
2085 9549
7857 1432
1799 7065
5643 1132
9803 8445
8239 8696
3958 1114
3352 2228
1643 1895
6800 7864
6195 9942
584 7392
235 2556
3730 1307
5935 1705
1207 1473
9599 1039
9209 1133
3280 5111
2337 3039
8786 2717
2915 6362
1666 5240
6605 445
4326 4558
7666 1157
3596 9974
1307 1256
4657 6157
9174 9153
1745 5366
3728 2347
1385 1303
7372 4509
8108 5392
8645 5152
9330 907
5296 9715
3274 3551
7372 3273
2261 6677
2439 1722
5385 157
737 7267
1787 8550
1881 1882
5933 7075
3554 6631
2739 1011
7398 7150
4352 8612
3930 4241
9017 4022
209 9579
8801 1367
7176 5337
2204 7326
9641 4374
6851 2059
4942 5576
7230 5637
5434 1821
4056 871
306 24
9236 4108
5672 8258
8353 6250
9818 2590
9257 4545
5483 7224
7830 7175
7864 521
8861 1187
4633 6111
417 6371
407 9879
4574 7503
9695 1500
6800 3497
1428 3572
6010 44
6582 2962
360 2574
6595 8866
3767 1220
3789 9874
441 9710
5233 3792
7448 1628
1094 2428
5043 2430
1782 5344
1571 192
9468 929
7799 5729
1996 8693
4881 6145
586 475
8641 9707
466 5454
4315 1437
6902 6003
7693 3979
1821 9696
4235 9437
3564 4449
888 9528
1920 6544
9152 4526
4268 6380
6552 8977
4139 6327
4435 1875
9633 1452
8613 5193
6447 4414
5167 1494
6567 473
8202 2614
7126 3808
9096 9820
2831 6513
5994 3286
112 9393
5249 469
383 7803
994 2843
2965 9854
5095 2162
7367 5787
8866 8536
5025 8731
3739 2119
9175 8857
1547 3504
9113 1254
3701 8939
5671 3022
7907 8974
5233 2879
452 60
7802 6093
5735 5931
8526 4485
7301 3124
7925 2322
8353 5359
5401 4036
1187 4290
4680 3964
4360 3510
5697 7318
3583 9775
1770 8086
2816 3211
4248 9627
7819 9418
7159 2296
7200 3364
1366 5847
7887 5834
4680 7331
3248 8752
9990 6316
568 8111
4401 7621
2325 4565
1868 2996
3359 1701
2499 2269
3002 4999
7388 7196
2393 5451
5901 5464
8483 980
8940 3741
9829 7393
9150 1803
739 9524
4593 932
2277 7009
5148 5370
2029 7605
7454 8652
6502 8060
224 1417
6267 3105
5427 8771
5527 334
5511 9221
4047 7818
6462 583
7271 9010
2604 5237
9088 3842
5341 6968
6390 7306
2225 9639
976 431
442 9724
4435 7789
7910 6011
5822 6675
4974 8306
6961 3121
9794 8849
9105 2561
5864 1692
5672 2746
6446 6061
5196 4847
6804 1071
3501 8594
6780 8814
2050 8364
2573 7408
2701 5415
5733 7407
7408 1949
3064 9781
8762 3940
3005 8315
7613 2416
998 4646
1376 8169
6687 7894
8003 5105
9678 771
1968 8143
5379 2074
2920 3089
4986 8506
790 5842
9156 5877
7978 1753
8722 4097
9712 7416
9990 5081
9151 4878
973 8884
2486 6147
1818 2377
7393 9155
6285 8323
6371 8606
3225 548
3619 2469
6407 3471
8847 3014
7918 2947
5490 1929
1846 6890
3706 2576
7677 2159
972 99
5939 1851
862 1359
8712 2977
2967 8921
5933 8438
6143 2966
1509 2339
1745 9342
9951 4557
1416 9201
5959 5651
516 9542
8956 3145
1307 6668
1509 3084
6883 9982
5143 9787
41 2598
3371 4761
5385 4816
4974 6343
9819 8355
2091 6126
3388 6673
899 9645
6081 3678
1262 4726
989 3433
1821 3538
3402 8502
5684 6750
9627 204
3327 7846
9077 6452
3089 3063
9735 8504
5373 9103
4302 7863
7979 8604
9853 7975
3135 5937
6836 9625
5036 7431
6340 5588
8780 8784
5675 6514
6871 7626
9964 1450
6241 6152
2866 1165
1250 7128
9625 851
1336 6418
9651 8953
9326 4721
5688 9291
7852 2084
9309 4789
1005 5750
6714 4109
4464 4631
2071 2833
3283 3466
9854 8280
4342 3295
8504 2708
5840 4836
1486 2311
5809 2628
8307 5278
3957 8470
4315 7101
4871 6600
1749 4293
4925 5496
8003 4283
9382 8005
3274 374
4888 3408
3792 5082
7967 1323
6673 7851
7402 6261
9078 292
6453 7751
3612 680
4867 4264
9102 7125
6130 8457
9830 30
4558 254
4404 424
9241 9668
5565 5
403 5172
7404 7742
9020 7909
994 2066
7678 9165
5460 2101
4391 5480
4355 3423
9145 1654
6123 7847
5940 2832
8258 8896
487 7079
466 9415
7847 9901
1745 4833
2145 6043
1826 5833
6582 6543
6538 4958
2944 2492
2380 2161
2340 4918
9382 9782
2339 5516
9397 3761
9902 9764
8890 275
929 8076
7156 796
5465 6981
8315 3200
2877 327
9856 4017
7332 7793
3432 6344
8258 2523
4125 8496
3947 8291
4449 2829
7346 2909
4429 4399
7272 4049
8451 4962
3384 1561
6071 4427
5182 9047
7224 839
7785 9216
3007 3605
4150 3826
7245 5757
2109 9821
6027 5851
7448 6461
1874 567
7835 5587
6129 6938
1882 8486
6981 1433
786 9495
7781 3396
6928 8824
1722 5311
907 86
932 1771
4635 494
9717 5660
6600 9316
5939 9114
733 2348
1105 1282
4085 5765
3957 7970
8108 5530
4997 2192
7003 6458
2816 1083
7343 9226
8456 5537
8715 3161
6951 9329
6454 5753
1652 5768
5444 3298
7083 6189
5851 3149
1988 6350
7530 2003
6535 3472
7266 4433
2110 4338
9150 2018
6828 3689
3783 4532
5011 1863
6544 3435
6757 5708
773 4133
2539 504
2147 3742
9542 9899
1745 9806
5155 5843
620 8694
1863 2865
9078 6018
9811 9550
1863 119
4623 8362
2749 9776
9151 8790
1520 8024
5460 5580
9401 7709
1292 6414
7494 3034
8345 9289
337 3683
1046 9065
9647 9989
5483 177
3987 7904
6839 6166
2443 700
4757 5542
4674 6933
1240 5563
4417 5742
8291 5515
7332 9292
9943 8320
1133 1425
6204 1543
1874 6698
4097 3019
9108 4009
6537 7056
4815 4151
5087 7263
7409 2812
8177 2625
6375 513
5509 8065
7422 4292
2576 8513
1811 9738
3591 7529
7012 3874
7673 6264
8777 1106
1849 32
2551 4682
2227 5912
342 1294
2996 2179
9165 9516
655 5477
6447 8254
4493 9602
7394 5601
4376 1526
7924 4481
2811 8247
8118 7304
5822 3539
4802 1278
8953 1730
9596 1177
7003 9112
1900 5783
6152 4390
7083 4406
5948 2776
7634 8160
3947 7119
8539 1964
6871 4258
7657 8579
6270 8301
452 3100
4259 2121
2340 1073
4834 1810
2283 9124
3103 2507
7647 5224
2996 5552
8239 1885
6393 2953
2209 6112
5130 3860
1745 4067
8571 4142
1486 345
4047 2276
1700 6333
4376 7873
1929 9568
2171 2011
7049 2727
1656 8944
5358 5123
6314 809
832 7840
5587 9674
8293 1592
5985 2294
4406 7608
4721 8287
3100 2360
3402 3091
8177 4331
5253 6701
9507 7533
6042 8011
4906 4716
7326 2999
8346 4919
1863 905
9308 7512
7920 5145
5572 5941
8176 2629
9268 6751
1979 1309
9712 5696
8573 816
2783 4745
2290 6215
8504 8040
342 8816
6560 3215
7331 6539
495 3763
1522 5562
2574 5607
5365 6978
9871 4362
1814 5347
3479 5158
521 1646
4201 632
8247 2734
4673 7070
5660 166
7677 2242
5949 9233
8764 5751
300 4443
8896 1191
8594 7766
7417 5285
7210 6260
9145 8949
5961 8760
2229 8461
6883 884
6571 5631
7624 9655
4999 9441
1827 1147
5891 7427
3198 5784
6701 2022
6714 4562
29 1657
1782 9545
2984 6815
11 6444
314 6587
2088 3451
329 6548
8758 9755
7419 2951
721 6761
3254 1507
9144 165
4355 4448
7889 1665
3617 1523
3238 1931
5765 5440
622 3556
4814 3817
1100 1527
2964 2295
4306 3960
4528 7185
445 9204
6631 5913
4481 3259
8996 924
6670 4896
1149 3935
6098 9215
8537 117
6326 2329
807 5647
7328 3959
8386 6244
2712 9759
1543 3643
9678 3119
6750 1883
5396 8299
7679 3489
3554 3658
3453 4334
4290 5241
3385 4482
832 6844
6232 1873
4253 3188
7070 4090
4136 8729
356 5409
5464 4900
4818 1690
9759 7980
888 8028
954 595
7704 2677
1895 9833
3501 2668
2228 4912
7857 7489
9854 5903
3531 7740
1567 9919
6398 3509
7742 1855
2161 4430
3539 8775
6895 6012
3360 1371
33 9526
1271 3859
9835 1069
7008 9849
2477 52
1589 9121
292 9258
1307 5921
1486 9969
4493 299
9717 310
9747 2994
9883 1104
2211 3166
7852 7033
2304 4440
5079 1720
5370 6574
959 2293
445 8955
7306 3221
9713 6365
7161 1333
1543 2775
8287 5272
8254 2707
1825 107
2635 2599
9175 1658
7348 140
2830 9459
6881 366
4690 8487
8017 1130
3741 2698
7605 8803
6575 295
3298 1353
7416 3911
620 5287
7126 7865
2091 428
5576 2202
6583 1784
7597 1963
7904 1160
1730 891
9984 501
8849 4654
1318 6821
4661 375
7549 9019
3768 6416
2443 4797
9863 6858
5913 7759
6053 753
8226 8802
7484 1913
7530 7466
5195 8732
494 3625
9044 6810
4532 8444
7970 8
4867 8789
5409 2880
1571 8128
4847 3663
9498 3847
2290 4877
8663 9057
1650 6391
7367 1912
8865 1655
7331 8267
5926 6122
2635 602
2531 178
8905 9252
5307 3735
2488 4812
5224 7986
6540 1944
6437 5635
3238 2331
1060 1290
1714 8290
6033 3074
4060 8449
4966 2170
2108 5740
5738 3126
3060 5547
1366 8213
2079 5447
5360 7451
3106 5221
6533 7045
6543 1474
3466 1234
6314 6617
2337 8668
9248 4904
7331 9729
9608 2765
3122 7764
9209 3648
9065 3461
5826 1108
9431 7619
6034 7072
1374 8687
6675 2206
7676 8932
954 5956
8280 4970
5935 4046
9185 4148
4047 4787
1235 3530
9473 3152
7818 9408
9020 1635
366 4945
9272 9922
1796 6132
403 9093
2637 6004
7128 9023
5371 6032
4067 2889
9307 7309
8128 6941
1227 1109
1658 5283
1863 9072
6888 2990
8709 3334
3198 8812
1881 9458
3617 3914
5421 776
6655 201
8471 735
8702 5975
9023 7631
3551 1345
329 2826
5940 5808
3794 4967
6594 763
3732 952
4437 1824
3432 2911
4355 3393
9919 2077
920 368
2182 8660
3733 6962
8403 389
6898 7307
6319 4029
2277 8369
425 2997
2479 6996
8116 3272
1192 1075
8814 444
8457 7532
5082 7152
3618 1830
9767 2744
9900 3993
9922 4827
9269 4211
4229 8153
5647 7606
9565 9007
6501 9944
6677 5282
5324 3694
9006 1662
6233 2070
4745 6720
8663 9293
6775 699
8118 6523
1643 2327
7707 8883
4407 7627
3146 791
7869 7172
929 2067
3245 7927
2362 9179
1803 4054
7431 9666
1345 3160
884 7591
2029 4771
9814 9585
4381 570
8032 1992
4499 62
8691 8055
8590 3217
1830 5331
8290 6194
4395 7418
7 7875
1959 7531
548 259
661 4158
679 7415
4229 2258
383 657
6133 731
6779 9413
6560 663
1288 7652
5307 7543
6930 3093
1001 1284
5140 6363
9113 2208
1227 2298
3822 4343
3386 2937
8306 4364
5560 9946
24 5141
2206 4703
2145 1223
5193 3413
306 5754
4545 4219
1290 4278
2368 7221
6203 8172
1326 453
3022 4072
7760 1023
1046 7561
408 1748
9106 4792
3253 9799
324 8615
303 9618
8270 4260
1164 6678
6688 3189
1620 3400
4879 5715
469 7208
2253 9128
9020 2272
7418 2307
9314 3875
1048 612
9084 6504
6757 1674
8660 7345
4269 151
595 6485
3957 4196
2879 7952
6274 5329
513 5767
4686 9496
6714 1908
7436 3000
9618 9089
5808 9685
3113 3440
6081 8096
5230 9359
1369 8448
5994 2061
2072 5574
8755 2841
5274 9634
2604 3594
5081 3358
9067 7225
9275 6545
254 8929
7211 3072
9853 2745
9744 1928
2362 4705
5158 5508
4816 4976
2437 2075
4374 9409
8315 3209
584 6265
2324 5707
7419 4120
4056 8969
6786 7563
7324 5017
6631 4687
8689 4885
342 3454
6308 7476
3589 1893
8983 3846
1748 2697
8775 4491
1333 805
7083 2118
1395 2979
5498 7584
9367 9890
6214 3042
1196 762
1666 8825
6524 3948
3427 9345
5773 3620
663 3177
9136 3090
8364 5040
2439 2053
9863 9322
6930 2493
1912 2524
5587 6905
236 3744
5860 1245
3742 2010
1307 971
7641 7380
8295 3917
6111 3414
8784 184
6209 2592
7833 8198
5939 4884
1959 3944
3537 2795
7312 9334
5500 9481
8573 3186
6673 3904
6584 3928
2628 3698
4918 1673
7409 2372
9512 6664
4657 1028
3534 7477
4404 4995
4905 8481
2947 2789
1235 2888
7399 7750
5905 6692
2437 6190
8895 6052
4465 6198
5354 9390
8519 8846
3198 546
4430 1499
8931 5702
7101 4903
3461 4496
7669 8164
9422 8973
7367 9629
290 4943
8692 2939
6126 7188
2889 9991
9388 1184
6453 5138
6673 3672
4701 2086
976 6108
9867 3628
4827 5652
5498 8335
8538 664
3126 8933
8424 5312
422 650
7910 7727
8355 4237
7254 4781
4315 6413
7420 3494
8890 9857
1178 2232
5533 6300
661 3805
4435 5952
1278 6243
2759 9014
6087 9180
1288 3332
3200 8782
3589 3023
9738 8669
584 1554
3084 9414
7924 897
7529 1056
1614 3323
4029 3568
6583 3864
1129 1249
2752 56
2701 4793
1577 9066
7910 9752
5769 9416
2358 7880
8844 3382
3280 2020
3003 945
8228 3503
594 2450
8456 9487
3445 729
865 7648
8819 6065
7454 2716
8760 4075
2752 2897
9958 8259
2964 689
3001 8585
1147 7202
7982 933
9640 2773
5763 3228
5130 8873
3987 6457
7564 5807
1105 7067
8471 1504
3084 1740
6937 8721
3209 9600
5240 5063
7119 7931
8032 426
9207 1081
1784 2044
1714 1201
5815 2526
1560 2366
6444 9923
2310 4786
5221 1380
6190 8808
1753 1488
8898 917
7504 5273
8836 8707
6618 682
7180 549
8220 7102
6978 5317
242 3311
490 4476
3056 451
634 202
6678 5971
2797 5800
1349 4932
3408 7674
3124 9266
7873 6661
7444 4035
6447 194
2352 1768
5079 376
2073 6020
6379 3659
3497 7599
3091 6914
7975 9531
4050 1480
5447 3520
994 1283
6466 6929
2996 8913
5784 4567
8818 2653
6166 2247
3958 3293
7770 2098
917 986
7036 1636
7837 1002
3255 1054
8357 8499
3461 5414
6972 7998
9852 9138
4594 9176
4711 2444
8480 1347
6082 3938
481 6335
3152 9966
1006 6889
5758 1899
9814 2306
3613 6525
6010 1535
8441 3244
8818 4854
8719 8333
1701 6685
7185 2097
8424 9296
6123 6769
4390 328
8857 683
7857 4775
2215 2392
9209 3719
9065 8927
7263 9170
7576 3883
8433 9363
9946 395
1504 8891
7830 2016
4094 373
3013 5286
6954 3552
3386 8075
8174 2678
4885 8958
2677 726
3523 2314
2097 2039
9206 4470
8506 8289
5744 1454
4148 923
4633 7142
9771 325
235 7820
4036 1335
6123 6402
8849 4920
3979 8150
2738 9449
9058 5115
9819 6479
2833 2423
3917 1429
5559 1568
272 9837
7192 5619
1051 3310
9713 2355
3442 4432
6587 2520
3552 6886
8476 4659
9734 9260
2729 8667
7927 9609
1646 6049
3683 7027
5195 8735
8004 74
4187 6383
1235 3171
1930 1300
8219 5992
1038 7809
2317 3302
1114 1003
9973 2397
2766 6496
8293 1265
7322 3349
1361 3931
8771 3491
2372 7377
5341 6103
4309 6620
7441 9998
8234 1151
580 4282
8258 8383
1930 5394
6510 8562
5369 7645
5852 5218
1981 2544
5596 244
2900 2503
6821 8622
2996 3841
3013 8338
6032 2250
3428 7919
9803 5238
1500 1663
2431 8246
7232 7074
3171 4486
9183 43
6982 9410
7865 6613
9568 5865
8280 2194
5308 6893
6844 258
1572 8680
7210 6165
1000 5519
300 9051
200 7794
403 3264
8364 9405
9679 7989
8795 7583
4399 6826
869 8036
2317 1758
6011 9321
9854 2747
1307 2679
7766 6647
4497 1668
1290 7981
6300 8235
5842 4823
9355 2912
6407 3682
417 1617
5444 3304
8660 2509
272 1747
5726 3260
8123 4065
8657 4938
2964 6722
869 4281
6289 1279
1827 5073
441 895
1577 7845
309 3561
3202 1175
9880 2868
3126 7691
2977 2838
9150 5177
7618 73
4499 6258
3280 9864
6225 1764
4780 3915
7952 2466
432 7779
5188 1010
9627 5795
4104 9041
9465 5420
6731 2219
3472 8284
1244 9672
6938 9101
7576 1892
3914 3242
583 8047
3186 7756
7529 246
4881 8541
8995 764
679 379
8409 2195
4480 9429
5574 3306
7026 9141
8768 2400
9020 964
9341 370
6406 6715
4609 9376
4717 4527
5402 9769
8225 3751
9416 6192
7576 478
9575 6652
584 8902
4249 6051
5880 5701
2570 3
7345 2986
3387 9687
6938 7959
5578 4534
1471 1475
5767 3339
8066 9391
1750 3180
5692 5175
3603 1482
1592 9686
1748 9032
3151 3276
7418 2973
5809 3858
3186 5173
2877 1400
6895 7943
7599 5403
9632 1348
4610 6994
4978 7047
8321 820
440 1754
2745 8665
5147 6925
7580 5943
6856 3898
8550 4552
4823 8245
5864 1707
6280 5183
9234 1565
9521 6684
4764 1876
730 9508
5253 7147
4903 5340
5330 5544
1373 3638
9487 2184
568 8634
5381 4624
1236 8443
5272 6590
6678 742
3072 446
4523 9480
7982 1689
2717 8413
5678 5732
29 3608
4732 1956
8005 569
9952 670
1362 7316
5236 8626
5317 7520
9973 1246
2854 2346
4861 2586
4110 8129
8880 2987
9329 1351
8469 2138
7130 8766
33 8051
5994 2650
5758 5761
7316 918
8722 5882
1814 4902
8300 4450
6668 860
3237 1455
9555 1088
3510 7519
1499 4123
6236 2497
8116 4042
972 6201
466 1451
4125 5406
5485 6495
4487 6435
6504 9694
2098 4806
3859 6626
3299 9642
1885 2193
3248 4316
2061 6044
1770 7255
344 7239
4816 7277
4819 3580
6229 6903
4429 7812
9781 8586
5536 6830
6162 3376
1450 2527
1732 6990
4443 6637
8249 8222
8357 553
4958 1993
4331 7562
6724 3341
3433 7661
7236 6812
4546 6854
427 9328
4775 2617
2366 2940
7542 9012
1457 3294
6279 8647
1019 7681
8501 6083
593 2874
6198 6301
8084 1209
6572 8012
7564 9365
9221 6659
2725 8048
5343 2685
6810 1877
332 6227
3624 6014
8547 8018
9586 6919
7562 4760
9849 3889
9831 5906
1654 401
5590 7806
9004 3231
6894 7721
3913 3877
4622 649
7451 9708
7702 111
7312 3194
7737 1570
1753 1264
8604 9677
3847 3156
954 7842
37 1074
1527 2825
9873 4027
891 8998
8852 7675
2751 8860
6937 1698
648 4275
9800 6104
7812 5353
173 1532
7841 4038
8003 9243
7924 3772
6039 3227
8287 551
6422 8878
6045 1618
1370 6696
672 148
1745 190
8612 6979
6152 9008
636 8607
4995 1269
23 1435
8688 5229
3355 1403
4859 8568
1290 8105
4065 6648
3046 3212
1475 5309
791 8140
9155 938
8400 6368
4281 5184
3119 8967
6071 7611
8866 7637
8647 8661
7232 3073
6152 5486
2479 1305
4150 5051
7852 94
1826 3525
3976 9087
1213 1031
8528 5208
3438 2565
1830 4708
7781 3144
1621 7145
4882 2259
5195 3691
9165 963
1391 3412
7853 8863
9112 6783
871 4471
1368 2056
8567 6400
4840 8518
9150 7308
126 1449
4158 7537
1772 9544
8780 2068
4385 9688
9357 8574
8896 4347
1227 5131
9974 1328
3030 1789
3428 5502
2835 4092
8299 7237
1244 4226
8224 5820
5188 2580
9526 6210
9764 2676
5031 2172
6844 1498
9044 1942
2556 5759
1191 7514
1071 5008
4626 212
7584 4425
5963 4313
1002 7293
9112 8553
7626 8739
7492 4489
1588 8576
1650 2923
6525 6568
2177 2216
9468 3752
1943 8268
2211 6328
193 6353
669 8876
7679 1461
2997 6811
1849 8510
5344 9278
1654 1806
8363 497
6525 1115
24 7705
300 9519
3049 9788
7772 3080
6280 987
2966 1947
6729 630
6393 760
2050 6169
5104 9463
4703 3677
7403 6592
6229 5320
6894 1511
2198 5265
7909 5997
9938 5839
8409 7615
8989 2440
6250 9163
1335 79
3730 2484
8890 6054
603 8010
857 4420
5564 7073
112 341
6446 4368
7484 8061
7776 4189
4833 2278
353 8360
836 3468
2961 8088
9835 838
9184 1070
4479 7342
1192 4254
1480 1462
7593 5277
2494 4744
8061 4606
1450 36
1570 8331
8704 2505
1457 7177
3550 5217
5864 9149
4966 2365
117 6077
9364 8679
8186 5534
3808 7054
6968 8324
2625 4582
9612 2873
8634 4987
9905 8658
5312 4010
3978 2051
8569 7310
9165 5779
2676 198
1452 934
2852 9232
5940 2945
8507 560
8541 1691
3520 6078
6691 2918
5172 5398
3423 338
8528 7699
4571 253
359 449
5266 3446
607 8026
7833 1746
862 5462
4565 6271
5637 26
376 4484
1020 3024
8321 9254
4010 7344
4427 4411
4567 2589
2478 9327
4219 7689
1474 5904
650 470
2986 9968
7752 6915
5873 9763
4574 3971
8024 4159
6834 4592
6848 7482
3979 8723
6201 9706
6164 5077
1322 3029
9155 8733
4060 8099
1608 4763
366 4652
8441 7578
9464 9259
8075 3593
5904 7421
8169 8912
9576 3578
2751 6358
3160 313
6472 5492
9646 8115
1790 4267
1964 4835
7936 8867
741 7926
3959 9439
4297 132
1511 3116
5681 92
4645 4129
6613 8372
3826 528
357 7050
8005 4155
3396 3894
2868 5736
3542 230
4546 6331
3156 9673
9257 978
7379 2373
9802 1910
2918 5541
6358 5668
6894 4088
3238 7823
7337 2407
7247 483
6112 7428
3188 1726
6749 8148
4861 9995
730 6639
7013 4946
2261 6885
8896 517
6169 1549
7695 9941
1256 8991
9742 4294
8823 4602
1333 1189
4504 2078
9996 8093
7481 3220
7830 8893
2362 7588
180 2471
2561 9812
4793 4807
973 183
2388 5832
4706 5862
2974 1030
1039 3158
6133 9282
3676 2142
5025 1102
2789 443
9895 3061
2329 2465
2995 3031
9848 3208
1701 5543
4002 2545
5370 7094
4355 6249
9625 5503
3822 1744
8782 2595
8051 3690
739 7273
2526 6867
7766 9098
5110 6753
6817 4323
4854 4953
7666 7097
4625 9395
3940 7141
3186 5139
9925 8828
1572 8656
8885 2770
1993 3474
4623 3680
3913 2711
5876 4202
7074 4348
6147 3247
5235 415
6379 9601
6401 2376
6326 2763
9405 6403
9194 4332
5253 4117
2685 308
5373 5251
5394 1407
1522 647
5714 2006
2594 6188
6237 3785
9111 7744
6812 1434
338 631
7990 6588
1069 975
8116 6197
5123 823
2559 4698
2742 8942
6580 2254
983 3164
5371 6262
1522 8671
9388 8850
7126 8882
357 68
7760 2670
1306 1672
7345 5085
4414 3937
8885 3012
1621 7424
4286 5013
7893 90
9192 7138
6131 1634
7691 2778
9313 361
1799 2771
7723 1633
4484 121
1758 1896
5104 4719
4856 8106
1038 6482
6752 1514
9894 9489
9938 7922
6952 9110
2450 4849
2011 7261
9748 6960
3928 4243
2596 6612
4929 937
4847 6002
7334 9976
4454 2972
7117 7450
3969 3541
4527 5338
6201 4857
6616 2280
8028 2827
8058 4694
5864 8030
1400 9881
6979 7030
4761 6017
7277 4378
8667 8773
9044 1057
4634 8435
7045 9916
3352 3922
2067 2950
6260 3797
2261 9860
7391 3150
9314 4076
8498 3035
5340 7596
8944 4039
6466 8072
141 5137
4273 6322
5935 7523
1665 2583
407 9090
7356 3754
4589 6795
3677 8964
1537 9587
4364 2649
3591 122
9734 3697
9925 9384
934 1804
553 1553
6000 2916
9015 7389
1083 3289
1868 4536
1317 8484
9496 4266
2006 1703
7717 1202
7794 1837
7537 1836
5145 808
1514 7467
4634 722
5330 9654
937 172
9081 903
4283 2724
7857 7932
6194 505
2527 3288
4037 1356
1175 3967
8126 5848
4871 3083
682 4173
7869 1712
2430 3639
7097 4755
8364 1530
9685 1388
4309 555
9788 9827
6477 7140
1234 4242
194 2899
8657 7446
9135 6059
640 874
7509 485
6781 7937
6765 7278
5470 6341
7909 8206
6664 8674
6416 3788
5729 4099
1712 5489
4213 519
8652 5827
6779 1990
2956 8556
9565 65
2125 5986
3171 3081
9413 3482
246 2803
2614 4738
6382 2681
421 4375
4452 588
2387 8407
7225 615
1300 2120
4406 4676
2286 3378
37 1329
3430 9904
3319 4895
5533 9783
1608 155
6093 2869
7422 5554
9697 9898
4011 7505
2923 1623
9660 1598
945 2710
9748 3281
8933 7992
9695 7761
5217 1862
1425 3077
7692 2167
5807 476
5326 5006
9994 4768
2643 3277
4509 352
6590 6911
1641 5797
6290 9273
5156 6408
6659 4289
1949 3431
1353 1029
7704 7491
2765 6686
4411 8043
1336 3484
2543 7726
6675 821
4117 3629
1259 1605
8538 8147
4711 391
5419 4550
471 3266
5342 1444
8870 1095
9061 8207
1650 3642
26 941
2697 5620
9660 9683
327 5382
1600 8194
7310 7733
1787 2312
165 1564
4406 9370
6934 2794
5564 4551
8844 9985
7393 2722
994 8805
4966 9907
4019 2037
481 2846
5767 3784
8332 7323
9314 7973
2986 8623
4050 1697
6575 6529
1744 8608
4591 970
9965 5179
7428 2168
7803 2684
1407 8053
6454 35
9119 4553
7145 5391
6738 5445
1553 4015
1322 3986
3039 2141
3541 9780
8932 3505
9812 6770
7562 9757
8882 4575
588 7216
1926 1739
4427 893
528 1828
4808 7432
8614 835
3976 833
6720 7658
3596 2892
7874 4580
2708 321
8254 8727
3118 8699
9974 8479
6923 4422
7403 6727
1862 7508
2414 3055
6710 4053
2161 637
242 4647
764 3173
1152 7144
7776 1939
9232 1266
1852 4073
4594 1602
9599 5818
9824 3379
3767 3814
4090 7204
4966 2427
8880 5388
6145 9371
3679 4353
4956 4617
7732 1966
5359 6784
9292 720
4400 4804
9345 9485
1460 7473
983 2663
9341 5856
6458 9053
8161 6772
8553 736
9585 120
1543 9981
2722 585
6757 7486
8760 2713
2947 1313
4120 3832
3797 4870
6590 7158
2564 4820
4115 5178
7837 9931
5920 1222
8786 530
6781 4023
3286 7496
2127 8521
7609 3791
8983 4506
4526 4469
373 5775
6203 9301
6193 1314
5596 8975
2745 8179
8547 2512
1940 362
9878 5805
3714 8728
3683 8646
7108 8391
2430 2180
7404 8029
2911 9146
6867 1291
9992 948
235 4217
8771 8008
1223 8625
7979 8337
8964 2757
6899 5189
4697 8322
6199 5720
8772 210
9642 5766
3468 5881
9275 7190
4857 9203
5048 5745
4460 8297
4390 7598
6626 7827
2211 435
3081 7538
1019 9191
5360 4231
3387 7944
9359 9104
3546 9859
4254 4245
1636 387
7065 3518
1014 2666
5527 4137
8490 6009
6895 4210
3872 8274
5351 9304
1893 2575
2880 5942
9557 8371
1257 3621
1030 5076
8297 9663
8037 5861
9371 5220
2177 9122
1604 1648
7158 3810
3369 2224
3301 9076
8674 1035
3659 5791
4499 7546
9393 824
1373 9285
7784 9022
3083 2241
1853 6470
3858 1866
5285 1198
4523 1909
4947 879
3523 1558
7927 8837
1600 779
1019 7575
7073 7483
9371 6248
3542 4001
8047 5363
549 2715
4154 2587
1707 9810
3902 5000
2930 8832
5177 8344
7503 4204
5599 7487
9215 9558
5460 943
7146 48
2325 234
9595 8134
2737 2618
839 1980
1037 831
1362 3183
4309 1848
2677 8199
3718 7276
5769 8736
4807 2019
5200 8474
3286 749
4974 3199
912 4548
8928 842
7873 3995
283 911
2945 5047
2990 5244
3768 828
9757 9954
6692 6741
1666 7905
1602 5700
6457 6717
1222 3685
5182 3945
523 9042
1511 506
4248 3857
1345 5896
3948 8598
2868 693
9389 565
3418 5739
9524 8804
7432 2316
8325 5041
3011 6456
1652 2784
2608 5377
9090 8631
8413 7653
7379 7111
8121 264
203 5262
2006 7976
3366 4511
9901 1497
4609 803
8729 6635
4097 5316
2127 4875
203 5987
2435 703
8804 9052
7064 7585
2446 5506
3085 5002
2570 1631
3119 2535
927 2655
4374 6882
7960 137
9434 7949
7989 6455
9895 25
7922 3790
166 540
8893 9167
3358 1321
9042 6967
4406 4
4565 9080
7512 1327
9555 3312
8706 5523
9063 9445
5939 4228
4834 7935
3680 9997
8274 8073
1739 1389
379 1680
5922 4632
8706 4670
705 3557
2596 6716
1389 3828
7229 7501
1873 4324
9201 1162
6783 6148
7880 6102
9848 5378
1385 4810
8443 9143
833 8238
2444 1696
2899 3233
6606 8336
7982 6900
3034 2268
7407 1901
7761 4279
7608 396
5238 2577
721 9244
1273 7728
3295 1493
8288 6224
2933 8203
2716 8591
5946 1116
379 3107
8060 3123
3181 346
1315 398
4986 623
9291 5084
9645 3097
3642 5150
9479 9785
2966 3026
7322 8943
932 3919
4782 7197
8081 3257
3430 5020
490 2938
5540 5517
9854 4280
5578 7213
173 7807
9712 1762
9266 8642
5691 2166
2070 1505
8814 8603
9898 1325
5033 7672
9931 1695
7699 2718
1291 1529
2439 7207
1321 5346
9883 7134
2151 388
7394 1268
5485 2116
2937 7480
408 6090
8756 991
6780 3141
8861 3861
7884 3823
1820 3368
6731 6168
3030 5192
8476 7788
5542 6809
7866 6953
2653 9137
3371 6694
1234 5722
6169 8676
1278 3239
1837 364
8198 4585
107 6906
5846 6273
6326 1378
9115 6489
9053 8868
1414 8042
383 9815
9782 4825
3969 9773
8670 2132
1288 3535
4623 2721
6261 3330
8228 8941
8126 5254
8893 372
7134 6183
9427 610
3815 7553
9554 9320
2829 8044
6455 84
8526 2447
9181 4809
9612 2117
5088 5024
603 8389
6925 350
2085 4728
5912 4423
8593 9885
972 4176
5738 9070
37 6439
8989 8978
736 1586
242 6768
1196 1066
3696 2981
7677 8605
4818 8273
3260 9525
5941 7868
9852 3806
3464 2218
9179 9621
195 147
3259 1231
3125 5455
5515 2383
2784 6191
6779 6092
3874 5603
8566 817
6962 2134
2324 1894
9596 7248
120 5214
1190 6006
5527 9177
9465 4152
1746 5261
8295 1595
9854 4599
7009 2989
1248 957
4582 5099
7417 9238
6923 8577
7307 8059
3231 878
1029 2823
5714 4642
7209 1059
4008 3506
7885 8252
3670 8103
9708 7327
8953 4917
7185 550
8838 6843
5708 9774
310 3218
5800 7455
7309 2886
6248 8522
1820 2265
1099 2530
6672 7786
3377 3184
6194 8229
1298 1027
4719 6253
1944 6739
2290 1935
9747 3511
876 5632
3971 499
8811 2256
7064 266
3642 3104
6165 5400
1318 8511
7473 219
5496 5478
6161 9270
9897 6355
2552 9838
6486 6055
451 668
721 3936
4856 9786
5188 6153
4273 1934
979 5083
3526 4754
2890 6966
9322 6397
3618 7719
2250 3354
7178 1233
8444 3235
3173 2378
8764 5664
9914 1706
7125 3925
7754 799
5039 4679
2707 7540
6232 4749
7887 6037
8438 7205
4793 4501
7273 8540
7746 2849
3348 7057
5196 2100
6322 3896
210 5294
5315 875
3774 1107
7197 7686
7205 3204
5274 825
427 8133
2494 7730
1314 2279
1182 8620
6456 6632
9170 1760
8242 6095
620 3112
5635 18
4061 78
8198 5333
7868 9913
2905 6758
5099 8770
5735 3416
9003 7135
3398 6740
53 3496
9617 3098
2365 1272
8461 6682
730 5163
902 3779
2715 5275
1529 6276
4617 2069
4741 9928
5822 2842
6348 2808
6400 8966
9958 1142
1147 3988
8336 438
50 1879
2724 3982
3080 2196
8605 8516
4978 3949
6297 1464
56 9828
8869 4892
3817 7098
5736 5497
1086 7805
494 2126
933 3421
1272 3246
4425 4013
157 458
4458 8253
5959 423
3396 3498
5500 4394
2003 6866
8571 4695
9544 3764
4213 8520
4217 8750
212 2410
3112 6718
6102 2699
1404 4684
5560 9475
5736 7825
4047 6607
8882 1281
2757 6939
5834 2768
475 2129
9639 8296
9793 7783
2474 4327
9596 9428
2883 8627
8286 5332
6935 4177
2563 2969
1458 6160
9336 2226
74 4190
4293 5386
1209 3867
9645 1386
2688 5070
4920 9765
7224 9379
32 7256
4652 6593
4966 3036
4295 4514
343 4463
3696 4699
5701 4058
4867 6597
5105 8035
4076 169
310 2275
3440 4494
1588 3908
121 5662
4362 8747
7074 7895
4893 3406
709 7972
9500 331
7407 5666
7320 8482
4947 8701
9606 9011
4786 1977
5020 4890
4317 8514
9621 4803
1593 4683
9345 5610
8391 2788
5148 3401
5049 8675
987 8022
7370 326
8315 5103
6274 7748
4970 4205
6069 1534
6418 7890
6771 6302
560 8446
4407 4844
6639 239
5156 8187
4118 16
721 2626
6512 9344
1175 6872
1451 9024
5541 6062
8003 3142
6198 8390
4802 4800
4888 984
4882 6231
1048 8122
1642 2692
2890 6847
6457 8009
5316 6777
689 6604
8093 9936
5278 5144
9206 9493
8004 8584
7608 7535
4557 1788
9165 4048
4871 8440
3295 3559
5135 182
7857 1987
1134 8690
4231 8366
9608 9607
192 6313
9912 9689
1243 5910
9336 8935
8705 4397
648 8621
4214 21
2906 8181
447 2793
4905 6468
1282 1684
6380 3795
9357 1350
8193 2856
6644 532
263 7554
8860 8799
9651 1308
655 5459
3842 7747
9102 1615
9254 9035
7582 187
374 5934
5853 8713
8608 5127
8641 7871
4721 7088
2127 9279
8323 4615
442 1200
6062 8339
452 3606
4158 1205
839 8079
8755 5814
8614 2354
2893 2099
487 6336
37 5461
119 5014
1747 7528
482 7381
1541 5206
1028 1344
5517 1143
741 347
5378 7315
4550 1904
8721 9753
2232 2485
8273 564
9175 2898
9969 4415
6366 8796
8162 390
111 6448
8761 9956
398 7264
1075 9934
3242 4928
9084 4131
7441 3076
9334 8256
8825 8649
4821 6216
4023 270
6044 8817
8778 2807
9297 6555
1250 4071
6165 7955
2797 4426
8541 8918
516 3267
5247 4379
1134 5256
9679 6345
8764 4191
4394 3268
3091 1332
1550 6463
771 7848
9885 7639
3400 8767
5061 635
4594 4588
5940 7199
6258 28
2265 3647
5681 7129
5485 9026
4717 7219
2950 7384
7274 8342
8891 2089
6095 9593
5392 4024
8805 1024
3690 1540
5515 5583
3294 3803
9712 8534
8005 886
595 8473
1322 5581
9919 3869
1533 2178
1294 7488
5206 1886
9194 9929
5672 5213
1514 81
1205 3229
5570 1637
4578 3397
3805 5944
9068 9127
8504 484
5852 5796
1091 279
6659 7961
7640 3500
6822 7659
1637 6868
6647 990
550 7078
5415 9920
8049 5231
1446 2093
3938 9021
7584 2891
9471 1842
7814 7950
5123 8934
3826 9346
2608 2230
1981 1675
1014 7463
7126 8588
6251 7954
9720 2063
7108 3050
3319 3855
2118 8581
356 4957
8689 5556
7335 9339
4491 6873
2877 7731
2913 3044
6249 8710
2768 9977
8447 2160
8438 7696
3540 5446
4281 573
3788 8602
6804 6763
2803 8754
8383 3657
5358 7525
9418 8074
7312 7321
590 5151
2577 9171
633 5055
5120 4653
1673 5538
5253 91
2504 6623
421 7191
1317 2796
7882 5116
1361 5022
1105 3495
6685 6156
8051 752
3638 4727
9171 711
2058 6551
3846 9560
5781 6833
4254 4846
6218 1495
3818 6089
8345 3631
8006 3563
1094 628
2575 9893
1278 9446
9919 8781
1333 285
6052 3004
9664 5567
6777 3713
6300 858
6047 8415
4946 138
7180 2540
4661 2508
2906 31
2823 7787
8553 9240
7388 9777
7125 3737
1497 4894
1142 8095
1827 3340
4496 6683
7090 2385
2891 8643
7898 1989
2994 2813
3746 3611
4551 9025
5370 7423
5253 6788
5129 2741
7605 4603
1025 3051
9238 3436
7540 9189
631 5428
2147 8600
5461 5806
1187 3070
7128 2475
3168 6500
3808 1678
5427 1062
9600 3216
6590 2149
2953 2292
588 2719
3135 9813
539 1905
5881 8554
1608 6657
5940 8000
1696 1962
8607 1382
6670 914
808 8737
5486 8233
4550 1089
2473 323
9522 2963
1422 97
9138 2000
9105 6182
7444 1267
3496 7034
9293 7052
2678 4693
4745 2305
8160 3357
4443 3038
2606 8946
4827 459
6401 8192
2423 9158
8913 2199
4883 9506
7786 2432
2573 5299
3534 87
8345 8551
1349 9132
1160 9420
841 260
4317 4598
4946 2128
9783 1625
7717 9705
9184 5027
2791 9331
4493 566
5076 1063
911 4909
1814 2036
7996 8462
9518 4238
3834 1141
5365 3476
4266 8961
9568 7665
3491 7143
7623 4538
440 6511
6730 1986
7891 3353
6932 9798
2196 2076
6510 7983
2663 6396
7582 5794
808 9616
711 3996
5092 5297
2531 7429
4038 4700
611 7120
7050 5698
2568 4779
9821 9380
6431 6569
1035 503
5804 2030
4765 7524
1444 9714
4310 3040
4810 5228
5956 9868
2717 2895
1305 129
2253 6115
1937 7171
4551 6927
6530 4096
6335 7227
9901 5526
1885 3284
1037 9652
203 524
9688 5482
9798 3207
8052 4232
4118 1741
1552 2857
8118 9935
6282 4224
7367 514
8192 9918
5787 4474
3249 9375
3423 511
2108 9940
7158 6207
8612 940
8162 9294
5047 5053
2999 4388
5681 7475
7512 3941
2731 4988
3259 6356
3327 1044
2678 9085
7777 3163
7856 9029
5844 906
9425 2207
1167 7313
290 757
6550 2671
1192 822
3980 7093
8336 82
1151 2057
7998 8855
4210 8821
1785 1640
8719 5260
25 6288
8639 5785
9634 7014
5105 247
9014 925
5652 358
8712 7559
7887 9566
6839 574
1413 3545
5657 355
182 410
3377 4537
8315 2582
9439 2998
7441 5703
6751 1948
3136 2246
6166 221
9839 3129
3289 1232
2346 4271
1583 2374
1162 3512
1881 2534
4992 1280
8203 7946
7597 9987
7756 3232
7898 237
7134 9650
5506 114
5876 1580
6538 6564
1701 8442
5360 27
5763 619
56 9844
528 7066
5379 8497
549 3114
6500 4021
323 5990
7301 8023
5921 9877
7433 4556
7702 4005
5177 6411
82 9160
2479 783
9713 6374
7750 5531
8321 171
9028 6989
645 1569
325 4869
9607 8743
5332 7435
6446 8856
9966 4901
3757 9892
5330 416
5538 5267
4768 747
350 8159
5613 7017
9940 8738
1175 2235
3691 853
9617 4951
3062 4333
5141 3444
5361 2566
7493 3590
3080 2213
1592 7831
2099 2452
9538 6106
975 9300
3284 6070
424 367
4186 577
2737 4772
8707 1590
838 5457
6758 8564
3805 6491
5783 6438
4673 9670
883 5945
7394 996
8086 7162
5153 2537
3834 2436
7429 7289
4764 9286
9182 2408
2604 956
9608 3871
7276 9619
3249 2451
2408 4831
1489 892
1395 9362
3055 6531
722 474
989 788
8729 3981
3535 7011
1733 3058
3867 9840
9510 9699
6065 179
1990 4441
8333 7921
4189 8976
5138 1084
9066 8807
5733 8493
7432 6875
7705 3071
9380 5616
6456 2297
2838 6578
3688 5495
3543 17
7585 812
3003 8327
1568 3762
1104 2045
8875 3595
2594 412
2348 248
8875 678
1601 9681
6437 9443
4291 9130
2531 9386
3339 1490
9913 8092
3779 1688
5810 2082
4537 9846
9991 8214
6027 7359
1446 5162
9049 515
895 6798
3471 9099
8757 1174
2545 1708
8449 4563
8222 5109
3980 6509
1179 8304
8395 7294
2826 13
7313 7242
3556 8740
3976 999
443 4685
9848 175
160 1208
8046 34
4709 3270
9099 7953
6300 4483
3868 1484
1643 8292
7793 6827
3988 9303
6925 1155
3979 199
2414 7055
3543 8197
7097 2459
2961 7160
8462 296
3937 3391
9029 2429
1706 9675
417 115
3031 1914
3156 4897
5955 5618
2724 5264
8226 5658
7188 1469
3141 1835
9735 8637
2063 2970
444 4408
5564 969
3109 1599
9389 5954
1708 5689
8602 6912
7658 962
4309 5052
5830 9743
1312 2249
6572 5232
6006 7281
6422 4384
9699 4539
848 9870
3719 4767
2307 4421
9254 9789
8768 4111
7561 8083
7303 8175
8292 8783
6814 392
9088 3942
3128 3555
8562 4751
1469 3849
2604 8405
3220 930
1975 2656
516 3892
8065 1193
6509 9580
5821 8797
2118 4862
6989 4179
614 3585
5860 2399
1509 6142
1538 6175
5517 3441
1480 1649
9215 8310
3896 7396
8331 8319
6106 4028
6884 867
7841 7603
1259 6721
248 4927
9073 1120
8973 4535
2692 9374
169 9462
8621 2624
244 5780
2492 2285
9178 3133
7711 4026
8986 9736
6260 6627
9165 5772
6605 1506
2877 5737
8620 150
4842 1042
8479 1723
4381 1525
6132 161
9297 2390
4532 7001
4136 7040
5378 4405
4800 7132
9485 3533
474 7574
3154 2845
6107 4547
1334 658
8520 4791
1650 7565
1019 4887
8093 5133
5691 9926
9498 7401
647 9095
1673 7668
1553 5375
6077 8899
177 685
9422 3905
8991 2810
2974 2426
5289 754
3541 7218
8806 8038
9476 7076
8395 6878
4815 4583
5312 9412
1854 6503
5237 4873
7506 4206
4065 5086
8001 4239
2368 1476
3412 4628
247 653
824 2023
5700 8549
8128 1169
1892 5690
2310 8420
2183 2686
3124 6787
3138 4447
2473 3282
8075 4445
7069 377
3225 163
2807 6653
8254 3291
7955 5411
7404 8189
3908 3662
6842 2723
1733 4329
4281 6184
3166 8748
7998 406
8735 8809
3657 8950
5496 5142
6244 6796
8160 5219
5767 5813
4782 4643
2162 4936
7627 6764
1182 5867
8643 5630
1005 8525
537 1957
5377 6392
2440 3819
6044 5094
7709 8188
6244 3409
1173 840
6287 3627
7555 2411
1507 3932
9152 8343
1688 378
8580 7999
6607 7592
6267 2014
3445 5066
582 5968
8591 9394
6540 3951
6727 6360
2172 6320
2400 4983
1455 4068
5200 4529
5427 7782
355 4758
3346 7305
4506 9945
6682 6460
670 5450
1789 7231
5698 6449
6530 9847
3764 4044
306 9911
4814 5026
585 9598
4259 8326
4653 2027
6966 7474
7718 8648
7487 3811
649 2817
323 1780
6606 5918
9468 3839
2563 2403
5821 2689
6392 4672
8680 9955
3539 5075
4995 7426
4482 1729
3112 756
3682 2281
4329 1778
9394 4577
5668 4985
8721 3528
6313 8282
7391 1765
8918 4841
6191 644
8625 2176
4581 3804
75 2532
615 6119
8567 3028
1501 8485
234 7252
7510 535
3794 6746
9689 6891
2176 3999
9077 2760
3827 859
9302 311
5986 9978
9198 2927
4927 4762
1875 3448
2137 3652
4154 4308
3346 5760
9788 7439
5702 801
5563 4865
4309 1970
1618 6428
8202 4424
9675 265
8200 399
3138 439
6590 8139
6243 433
8679 2985
8639 384
410 6339
7451 6508
8809 4314
6271 4284
8155 5885
2160 5284
5800 922
521 1682
5347 815
2697 189
1520 9581
6740 1295
8335 3878
9833 4208
4075 5718
2316 1110
1505 6756
403 3599
9942 3687
659 9906
177 542
4996 1783
5560 393
9156 6864
2606 7319
7623 2240
5116 9168
4593 6114
4906 4886
2724 2021
8547 7878
7520 9665
1635 4098
4142 8185
2742 9056
7267 6357
5088 4517
8233 6277
8705 8788
3857 9622
4534 9222
7466 4304
8976 5677
7428 3729
1275 4828
5347 5863
4987 4549
8038 8644
3301 4688
9987 2839
8707 196
343 4993
1749 7567
8649 2055
7505 1363
7078 1238
7784 2419
603 8382
3534 8798
6212 3973
963 4016
8785 1545
3121 2639
9878 5432
1355 1991
8779 2519
5430 2375
8435 9030
8962 4752
6883 8020
9848 6699
8974 4822
8541 1406
8771 6534
7486 9218
8134 8167
7008 6419
932 7824
6374 5410
4022 7035
9570 9590
1349 3018
3453 1358
5977 5964
2260 8145
3764 5097
4808 4200
6012 6409
8502 6959
721 6295
4993 9092
8904 7010
9714 5709
5942 2755
623 1487
3472 3032
7432 1055
3979 1813
9920 1587
8154 5149
644 4181
8590 9202
411 4171
8297 7317
8995 712
6503 950
442 4095
2107 6926
4803 4349
2786 3776
513 1420
6300 8500
6314 6636
478 7187
2948 6553
4684 2154
5240 9009
9925 4174
2939 3234
8514 9448
2678 8374
2604 108
415 3347
859 2837
8791 6137
2545 3351
7973 4989
8349 1670
1658 8427
2412 6515
1464 9630
9158 1466
2677 4611
7688 9721
8198 8475
2159 827
2227 9013
83 8341
540 2495
3999 5304
204 2032
2889 1138
5083 2035
2636 7166
3474 4163
5560 8686
6722 4724
1877 2941
8867 3367
2308 5319
5428 7234
7435 2691
3580 4287
2920 3782
6108 3297
9783 3711
6482 1337
1623 6110
8295 2651
2729 4105
4095 486
2829 2703
4762 4184
1031 4742
2657 3449
7982 8914
3007 9235
374 1716
8083 4944
1001 2822
4417 6026
8658 1065
7686 4077
1235 1217
2827 3830
1315 7354
3560 9200
5954 5728
1663 3372
2552 7495
6508 1763
3284 9377
3546 5463
1658 8434
2125 4344
5766 7502
4592 616
6996 1237
2831 489
9300 7682
4176 5887
1507 8309
7301 1884
7127 3799
3130 4112
2717 6646
3594 213
6017 1439
8866 6676
1080 6105
7166 8695
5309 5453
9936 6445
3132 6549
4469 1123
5191 5870
3188 5211
1091 6481
8685 3025
6864 463
6348 4959
1956 7164
8704 2156
5861 4898
9428 63
8175 8398
2765 9460
328 9225
1703 6521
1636 9287
3034 8227
7380 531
4727 8572
7567 351
5583 1967
5047 1012
48 8787
9695 3110
4485 229
5534 3650
7320 4102
1658 8915
4275 4572
8469 7302
3629 3067
9893 3317
257 2104
6552 8271
6328 4665
239 5634
8641 386
2262 8056
6888 5431
3484 5521
4785 8926
8569 2257
9621 4100
6270 557
2890 2143
8854 9333
3819 280
4947 1524
7346 5050
321 4274
7721 5747
99 7765
1855 7195
494 538
3988 8064
5990 813
7902 3921
7676 8650
9368 3068
9508 8746
7049 792
852 7041
2289 9424
2708 5908
346 3655
9321 2244
2300 3736
470 7651
190 4712
9185 775
788 7107
5337 4756
9212 7773
7935 3910
5530 2682
7278 8068
1305 6791
5891 9613
9707 2733
6604 1383
7869 898
4323 6354
4389 9921
3083 1812
9135 363
4296 8992
1910 2343
3551 2418
1783 6387
8669 9281
2000 1922
1266 1287
1489 627
7842 4630
5349 1755
3151 604
2120 3452
2786 3640
1288 8071
7503 1296
9800 5255
4371 6306
4439 8834
6765 9169
7540 7956
5083 273
3031 8636
4839 1470
8331 3977
8462 2472
6224 5313
7623 3575
3009 2217
5526 5134
1879 1226
8841 8137
9363 1927
1434 9246
5167 4590
1355 7997
8083 9762
3290 2638
1182 6630
556 42
8434 1341
4073 6944
5470 1456
1017 3793
3987 8376
2684 9737
182 3775
8415 3852
7713 9732
8675 5429
4680 7791
3500 3303
1580 7042
3246 3863
1301 3900
4533 3771
3348 507
3249 8117
6867 625
8610 5989
3332 2954
1350 6206
1288 267
8183 2468
6248 8582
9105 3111
4886 7550
5241 1214
7118 1857
8785 919
6146 2420
5249 456
9004 7557
5340 2572
9189 4457
5153 6312
3762 3693
2771 66
8807 226
8306 8879
95 256
1425 3765
5260 5886
9387 5037
3112 5044
1279 5100
6646 1124
8043 1022
7873 3251
7624 3240
8056 1976
3752 365
6104 1869
398 9682
6779 4416
3987 7280
9270 8209
1037 7174
7960 9317
984 2924
6620 7170
5552 5226
9151 5300
9281 9727
5200 8659
9007 5782
7193 174
9053 8014
1317 7911
7270 2115
4037 1076
6858 2361
1417 5314
3093 7539
7504 2694
2393 6674
4716 9134
5753 9866
1230 7068
1983 880
6056 8901
346 3600
5409 9698
5037 3399
9755 4675
4703 9808
828 7358
4036 6956
8295 7058
4090 64
5304 8617
1649 2181
4537 5174
5337 144
5192 1829
8995 6614
5367 6737
9565 4648
9855 2627
5610 5553
1701 8190
4959 6602
4301 4431
4120 8726
4430 4913
8707 3886
5715 6268
1962 2736
1954 4161
2452 4561
3580 6792
7482 6487
386 9159
7362 5756
3719 9054
6360 1797
4379 3243
976 7571
6595 2958
2078 4192
3420 4852
9018 3057
7052 8255
4694 1795
8917 9949
143 3955
4613 8698
1126 6421
7823 9908
9911 8034
2063 4392
5375 5010
573 3467
3105 1792
147 7800
3216 1999
6920 500
142 7548
3606 2935
1712 2320
6500 6969
546 5166
4002 3172
198 6226
166 4285
662 7521
5715 3411
9151 6291
2777 1113
8140 6609
1595 6924
6188 1103
3466 9399
1074 955
7875 3492
7294 6048
3024 274
9261 4911
2537 4157
8292 6013
9811 6008
6609 7589
6253 1112
1019 8561
6560 3773
3408 723
7695 6338
1460 7577
5506 5468
917 719
3332 1286
204 4080
7722 8907
7989 6266
3912 806
2682 3165
244 8170
5453 9147
7300 3415
1268 5372
1707 2350
8605 746
41 8672
9897 1555
4114 4101
5085 543
5214 6943
5570 2619
3220 3197
1333 6174
4549 8184
4471 6643
7707 2502
9175 2754
1924 9577
8656 9636
4469 9430
4206 3890
6684 3809
4150 6638
6648 465
3349 702
1231 6645
8356 5028
9482 774
3007 765
2977 7364
3976 777
5937 7816
6676 7778
2249 3588
822 238
8040 5169
4378 5376
9613 4770
61 4413
79 240
2117 2112
299 7888
5026 8911
7657 738
3615 4796
8657 904
6847 1834
7163 9451
7598 2008
6004 2164
1209 3275
5130 8069
6803 8340
3580 2062
7377 5771
5489 3300
3034 6823
5055 782
2736 660
5977 5112
9008 3759
8389 7361
8014 3287
19 2785
416 2851
7770 5423
4912 5608
4158 9027
8025 9450
453 1136
285 6436
3752 1802
5192 6476
7262 6667
5715 717
3124 6246
7717 2080
8688 947
4010 3192
8483 3222
2823 5121
7446 7038
2066 2092
7593 46
1055 1045
387 3258
2651 4070
781 7285
1915 6325
9516 9795
6983 2425
719 5201
2745 1774
1189 9731
3080 1445
2892 9438
4329 9033
7408 136
8569 8236
8697 1485
6201 534
6523 744
9266 6097
7531 9888
3724 8370
4599 8112
351 6378
2901 1465
5283 9142
1012 3740
721 6117
6227 4428
7256 4649
9576 4559
3384 7265
8628 2693
3460 2603
1455 7630
1271 6922
1073 7048
6623 2521
9203 4891
5454 3037
1700 2840
1723 3607
7574 4655
7361 5584
544 6619
4704 2862
6896 6324
1188 6205
2392 3167
747 3884
2745 1379
8051 4141
2392 6799
5060 4718
9538 8544
9738 9937
7609 7412
7304 8653
8293 6663
7027 8916
7272 227
9735 7029
5372 3684
3264 4006
939 8638
4924 8906
4050 8308
6871 6352
5379 5161
7766 9043
4980 2369
6051 7957
4583 1531
5795 8127
8258 1888
6540 2007
8553 3316
2397 1483
6452 7700
9733 5504
375 6151
2009 8920
6050 8394
1198 7821
529 2041
3336 1982
7199 40
6639 9584
9513 9186
653 9349
1322 4616
2821 6719
8460 5437
2261 1503
1298 168
584 4455
7163 4773
6989 7025
6569 6589
3414 5909
148 2672
9581 3966
6866 6621
8202 3320
2439 1677
570 6256
4201 7043
4753 3756
5765 5248
5726 38
9414 2903
3056 2510
5039 1050
4364 9162
4364 8839
9182 9845
7328 3241
9429 1216
3476 8157
899 8377
8178 1897
8228 6556
5371 7517
9289 2395
5518 217
6574 4715
2194 2102
7593 7987
9695 1224
914 55
9246 3365
2289 8666
3839 5471
8941 3210
3135 873
4134 2188
4678 162
8621 3994
2217 7813
2827 6520
4208 866
5307 7497
1242 1021
2168 191
300 6040
3113 7913
3274 9486
4991 5126
7314 2790
331 4723
9674 4164
8081 9239
6362 6490
9162 3045
5156 4998
2040 5007
2704 1408
5595 1111
401 1843
1327 9872
14 2864
4113 4337
3531 4848
4852 4127
6787 7006
1245 4853
6130 7560
8753 7671
6097 992
1886 6624
6817 69
9055 7511
1028 6840
2745 8655
2242 7479
5846 2536
203 5641
4827 5893
4284 3252
8398 3179
1726 3579
9970 8999
1783 8279
2573 3147
4630 8085
7048 9340
3113 2680
3805 2975
2857 697
7328 1331
2416 6405
4440 9242
4121 8864
8268 7018
7182 9939
4242 6329
5653 5965
679 3395
8407 1302
549 6669
1509 9644
6313 3137
9122 2363
4752 5721
7827 2959
3057 8054
1454 3745
4570 1606
1283 5528
9808 4644
7822 3570
3805 8013
7141 7991
68 9540
2531 3946
8042 2669
5053 8908
3898 8078
6152 5209
3230 7341
6278 6173
5162 5108
6871 5716
3371 846
1533 6154
9196 222
5167 1195
2206 3307
4420 7763
9136 2415
9177 8191
8497 5484
5426 7617
6812 7897
2810 5778
5655 2150
9512 3709
6864 3086
7747 7253
1489 6897
2733 9626
175 8298
8424 9536
7372 8062
2121 6931
3877 8619
9792 5124
8030 4166
4827 7736
8155 5812
6707 4899
9598 3419
1103 1251
37 4369
9576 5356
1597 5413
2637 5096
9159 6259
6304 7357
735 2882
161 1061
940 2130
7713 5458
860 4977
718 8359
1017 9447
6355 218
9984 5064
3908 8887
2430 5291
4391 5395
8852 3866
6643 2417
2570 7109
4010 6615
5738 9483
3387 7260
7888 2690
3719 8453
6479 1431
6729 5524
8874 2251
7072 8909
9370 8077
5177 1090
2141 3786
7830 1630
7493 1467
4721 7100
957 8151
2018 8278
911 4954
6392 113
4589 7945
4238 6019
6720 2301
223 5034
376 9797
9633 9539
2606 5433
2519 4990
4171 6517
1820 1972
5070 7971
9813 3333
7043 9164
8025 9858
3752 7573
8039 1817
8239 6610
2071 667
1010 9199
1812 7352
388 7870
8191 1819
6312 7706
5413 1574
5879 9045
1967 5334
6262 2620
229 4508
7412 6950
5756 8354
9883 3175
3732 5638
2331 3796
7973 5505
8276 3394
1240 3880
2050 1203
4549 6128
6185 5569
6017 1033
8639 4923
3396 5384
6253 4216
5570 1687
3577 6021
3158 4265
2231 404
155 1719
3804 872
6582 6015
8658 1258
6362 2271
6070 7556
6994 7366
7980 6987
9371 7644
1035 7000
5590 3480
9121 889
848 2424
5906 4784
4565 5003
6796 2631
6525 5724
6025 5868
2132 3279
4044 7325
8257 3851
3076 3574
4563 931
1929 6275
757 8894
9307 3927
7333 5894
9409 9452
1120 7091
9769 7876
8962 2659
742 6066
1328 5911
8906 2359
7429 9220
4404 4586
8819 9749
6084 2155
4706 1546
9633 708
9468 7923
8422 6853
7421 4003
5394 3178
2340 5790
1576 666
9877 9779
6559 1903
7160 4215
3301 9959
5976 9891
4028 2381
3222 3536
1997 8871
3951 2234
1221 9534
5385 518
6229 4798
8884 9036
8659 8432
2836 9711
872 6591
5266 2318
474 6330
693 7940
9320 1478
1895 7122
4812 6136
3864 385
5111 9229
6025 413
9705 7220
4217 3262
9011 7131
2610 2910
4895 9562
1901 1372
7381 1397
540 4503
3590 9348
8914 6940
5918 8348
6183 1206
6279 1838
9792 3350
8869 8373
3420 4062
6411 1443
4626 7768
9652 7053
9093 7541
9635 2602
1753 3703
9291 6570
3685 5557
7608 1536
4208 2809
937 7032
1848 2243
4918 1441
3076 1289
4062 2976
9585 4641
5846 7516
1979 2782
9301 477
6673 2675
4522 3404
3506 5199
1650 4063
3277 728
4694 20
3624 3099
9632 8311
3225 3487
5513 4328
5296 7734
1311 558
8520 8412
6164 9002
7234 8592
2602 2764
2154 3214
8361 9816
6369 9862
1892 1807
4634 6221
753 9247
8511 6433
9231 2405
9446 7515
7589 1365
1235 6662
4757 2992
7698 7879
3244 4446
9838 5555
3559 7478
6227 9722
9172 5023
9821 2792
9978 4320
8267 2344
4821 9766
8526 8651
1407 7023
7104 1135
8123 2382
8929 9337
5794 72
473 5680
5771 958
2132 9369
4192 5872
6270 2332
2509 5685
9638 9031
500 9511
3504 3250
8443 1793
5010 8272
1530 9834
5050 8529
2256 1253
3268 340
5395 3485
3756 1751
7150 8924
5537 6958
1073 1026
495 3527
918 7269
7324 4889
5773 7828
3002 2409
5100 2516
708 5345
630 9133
1429 4255
3619 9832
1399 8240
9563 687
7481 3488
8984 2114
2543 844
2302 1390
9885 6420
7384 4851
4238 9924
4528 2048
6890 5788
4771 139
4129 6234
2473 5798
1680 896
4066 6703
5848 7461
5308 9620
5778 1800
6012 9001
8360 1539
1149 8792
9307 3196
2514 8173
1060 1401
8067 2004
7658 2158
8038 1667
2670 2743
8894 1794
193 2043
2080 2860
7158 7059
7668 289
2019 2476
5121 9960
319 9407
1416 5995
415 2173
3088 4410
5151 9499
9912 829
4472 8922
5338 4850
52 3907
3931 522
6919 3020
1866 3992
461 7654
776 57
8160 7792
9805 2932
7678 4247
9920 5205
9683 5263
6930 2633
2877 6507
7705 7642
3980 5474
4411 1068
1423 5422
9387 8439
4248 4340
6365 8367
4139 4939
5120 5418
9364 3390
6180 333
8701 9195
5415 9358
2535 4468
6981 9903
4374 4372
1224 6088
2733 1338
5131 3010
9812 6861
7975 2123
3932 2907
8891 8835
5396 7610
9780 7405
9156 508
9548 9756
4681 2769
1944 8972
5193 8138
5906 772
5224 6660
2576 6475
5863 6384
1391 694
9806 3278
9211 768
6118 6498
4577 5919
7507 3006
6453 4438
9860 3271
8590 1686
6154 2616
7578 849
9448 8815
7276 5054
4071 908
8014 6417
9980 4614
2158 674
8692 125
4469 1392
8137 4298
5836 9975
5760 8119
2385 7774
4433 255
2650 6079
2070 5425
709 284
8324 5875
3886 743
2129 436
5043 462
1841 2943
1029 104
8604 6315
7624 2814
5392 5659
1782 6991
4417 5107
4275 9551
4628 8881
1240 3047
1484 3335
762 3017
7049 4356
3052 6080
8127 9807
366 2264
7285 7114
924 8919
7952 8508
6413 2774
1071 9311
2400 4880
9577 2640
182 710
1667 8135
7904 789
2742 3983
187 2449
107 4788
9976 7566
6111 1685
1508 1194
796 4914
9257 3717
7835 8392
5565 9876
6191 6766
5303 7022
723 960
1662 6998
6374 3434
441 5837
1930 5746
9593 4303
586 4658
3763 1154
5358 2326
7631 3601
8529 4530
4727 520
3860 3985
9430 3016
4992 2740
8623 3362
9766 8980
2146 3292
2432 3934
9416 5176
1282 9250
6289 5449
7309 9148
2178 5855
9828 301
3166 7649
1497 4994
9559 1889
986 4193
8453 3666
229 2547
7722 7257
1826 7086
5026 6955
3935 677
2926 2233
6431 6723
7412 3726
3716 8624
127 855
3912 10
7532 4651
4690 4799
2062 6907
8802 4965
776 7767
8511 3477
2070 7437
2471 7244
9834 312
8577 8810
1342 3800
4161 1955
9778 3236
667 9094
4842 5699
884 6824
8863 9649
1909 9591
3677 6532
1686 7085
6115 9740
5806 7780
1123 2815
3842 1578
2226 3903
8868 9957
9762 5704
2084 6995
2494 7938
240 7939
1217 7449
473 7291
6552 8141
3400 2024
4006 9497
4178 4935
2965 1808
4741 3692
8165 606
11 624
3841 5748
3569 3844
4176 3439
3000 6067
5302 7872
3277 9605
7001 843
8290 5777
377 1032
8914 2165
2178 1139
433 3048
7067 1916
5826 5890
6444 5292
3295 5128
1953 6728
1027 2501
4047 4826
8108 6977
9169 5623
3270 2212
7713 7103
7781 118
2380 1611
8873 2413
9002 5239
6203 1521
9019 6046
5817 1938
3573 9385
7483 9213
727 3576
1588 8125
9525 4363
4760 7622
9956 2646
1615 4386
4285 6473
2290 5203
7611 8858
7143 4143
5596 7339
585 1702
2847 8089
2848 3843
321 3329
4109 7685
7173 6819
2552 164
6633 5198
7598 4162
6340 4629
9167 4182
7207 3108
366 4346
6488 293
3291 3970
2553 784
7433 4829
9434 2928
709 8204
3988 2263
1149 7632
5902 5327
827 6252
4718 5978
4329 5551
8940 6388
7204 9836
6652 5998
2035 2064
7978 8166
7614 9461
3216 9680
9635 1146
3737 9841
5062 1898
62 2705
7128 6725
9838 8951
7828 9533
8082 5970
9032 8312
228 7198
6768 6650
5697 5252
6845 1018
8119 7656
8224 1229
8834 5387
2272 8889
8150 6711
1774 5225
9468 2124
6383 5811
4673 8302
1202 4805
9034 2922
8037 1241
6985 3820
7502 3654
2889 7620
4442 1127
7831 4020
5639 7124
1728 2095
3199 7425
5487 2522
441 464
7293 7526
2346 3389
8124 6202
2958 7850
9185 7590
596 4521
2515 6794
5531 5525
9777 5157
7125 3891
4320 5849
9777 6208
5554 946
7773 8822
8273 2273
35 4855
3058 4858
4020 4960
8361 9930
4499 7843
4611 70
1810 3456
4067 2560
79 2968
4325 3661
7978 5412
7394 468
4917 8091
3171 1270
4407 2662
4580 5005
1211 5438
6205 9120
1084 9140
9043 7051
3736 3285
1032 1907
5296 3630
1866 2896
1460 133
6395 6999
5738 1082
2063 9986
417 7616
1785 3159
815 5435
2184 3998
9714 684
3151 3131
4996 541
9389 1015
142 9188
704 8402
9004 9603
4744 4525
7302 3075
2712 5257
4995 5222
522 4081
4785 4055
2297 1998
1107 2113
4781 2762
8005 9741
3013 5878
7617 5488
8698 1093
4982 7084
450 2991
2450 3990
6213 5510
2204 1847
3485 1736
6787 4119
1011 6074
8887 2185
8582 814
3395 4336
1385 961
6713 3721
9640 2458
9581 6526
2074 6702
1126 7735
3439 7081
2950 4921
5844 2487
1317 8491
3820 2309
8222 5038
583 4981
285 7965
1811 4520
3292 3437
2263 6068
306 3548
1137 4319
139 698
2184 8982
662 8930
1056 3565
2122 6450
9528 305
551 9971
5040 5577
1504 1171
6449 2601
8054 928
4474 7896
5133 7663
1234 1299
8723 2462
3178 9574
9938 2197
9012 6085
2638 281
1017 6272
2523 1724
1614 3584
8803 8171
5931 7703
5860 2367
7331 8923
5942 3829
6594 3770
6000 3854
247 2136
3660 965
5716 7941
7404 4541
3718 5234
9527 7834
6126 8114
7236 8800
7647 371
8900 4087
2543 135
3794 7738
7638 5009
2032 7113
3543 3899
5302 6376
3208 9631
8589 252
7923 3704
6962 8751
9052 4817
6712 4172
8402 7096
1536 6863
8624 4930
2113 7169
8868 7203
3260 6440
4460 1411
9682 3206
6156 3120
1443 8611
6980 1767
682 8542
5200 6028
3332 6841
7752 8131
9128 9432
5787 5969
32 8275
7068 6516
8134 7906
4537 5136
3297 5928
560 1393
9602 995
217 4874
5157 981
7501 8833
4739 1304
7393 2925
946 5186
6655 3824
4058 1727
3619 4737
8263 6323
424 5407
9285 3174
1922 488
1723 2323
9308 8136
7628 8749
5503 9669
5640 1651
5195 4972
4200 4720
7106 1878
7213 7900
6208 145
3333 7749
4927 675
9133 7353
3967 9614
9024 294
148 7183
9992 864
6277 2779
7172 2266
9812 6628
98 7157
8680 5566
4125 4147
6698 6946
1802 761
1426 4351
3165 2187
4587 106
4415 9228
9021 3865
5768 3176
3411 591
2700 1865
6948 5125
4348 3916
9673 8524
1593 7499
9941 4041
2651 7153
1782 1343
504 6909
428 8635
1582 7472
2596 3425
3780 3920
5488 2221
7320 690
9182 4007
8331 9690
7803 6993
5466 420
4614 1156
4389 5646
8362 4952
8115 4345
3909 696
497 216
7768 7861
8332 778
8658 5650
485 1717
7805 4018
979 5212
1754 7471
7702 8351
7467 6187
8784 7148
5766 3375
8668 4195
7079 1721
2213 3205
2382 1906
334 6807
8407 1872
430 4531
4118 5269
6760 167
2598 3342
8263 54
4721 4180
4840 643
2052 3722
1114 2957
3773 4790
5554 6386
7757 4838
2656 9161
8528 5980
3518 7082
8758 5101
5219 715
4313 3478
6786 3314
7876 9561
8568 7697
6027 5627
3960 5164
7692 7217
9820 4733
379 1653
11 6499
729 103
4535 7636
7720 3117
556 4434
9693 4103
9220 268
4799 1613
8588 9373
5017 6505
1914 3845
1670 8261
7689 6303
4746 1427
6991 6585
8306 8532
1939 2819
3497 5491
1670 4621
4847 9770
6403 10000
718 7246
870 9588
9342 3155
3299 3092
4869 847
4546 9503
2868 5362
4112 2695
7017 1556
6037 6492
9461 1364
9686 1629
6670 8101
9794 1418
5160 7297
4021 4512
1942 8232
3795 9723
7034 8455
6329 4860
3372 6094
4401 8031
8043 968
8422 1917
6033 4579
2916 7168
8707 6835
504 131
7960 1072
3882 7223
535 5335
9920 6693
7769 9967
138 2894
1322 3331
3136 3923
6329 4964
2470 491
9009 656
494 9406
7510 1832
2830 4696
520 6654
600 7817
9248 6651
5491 2463
7079 3734
7827 770
129 2621
4010 6986
3745 7089
5769 4910
6194 7179
1661 3712
1443 2454
658 9411
9339 5917
5167 6404
3120 7771
1872 5448
10000 3033
3787 2252
1913 434
7699 6774
8082 8388
7021 856
2204 7292
6953 8673
1103 4031
4127 4383
3694 7355
5434 7349
6895 8212
1565 6432
6900 5271
9336 3361
3830 6091
9432 6862
9829 1421
1659 9347
2011 642
6652 1181
6138 9126
7491 9671
2482 2660
604 2709
879 1263
8674 2370
2621 578
271 4033
9053 3598
5861 4498
4867 4502
3941 8015
2692 1218
4513 2609
7102 8979
5315 9541
8128 6426
6320 1779
2429 6528
2355 2313
3601 7453
6074 3637
3377 2498
1235 3169
3947 3201
7945 9950
5660 5558
8072 5996
8671 7544
9372 2960
8750 5442
3019 8515
9815 7490
9261 6474
5082 4032
3790 8903
3941 493
9815 2767
6666 8794
9374 2772
7607 7741
5242 2338
818 755
258 3405
5212 5801
2348 9116
4476 3450
2761 1007
3037 1064
7203 8512
3133 2511
889 617
3386 220
6339 3581
4802 5670
3941 2034
4191 7684
3851 9039
8062 5755
3283 9578
4670 3363
4966 9501
3303 2236
9465 7683
8095 3700
8650 5824
15 8417
4935 8057
9740 3623
2965 7547
5727 6855
1111 2237
9882 5352
5395 3185
9619 6816
250 3656
2655 2611
8905 5204
9064 8113
9926 7958
6162 5612
4920 2441
4429 241
9394 5550
9189 22
7622 4034
3400 1330
1357 6820
5736 7903
2077 9804
1266 5467
2964 77
2943 9305
1136 2569
570 5250
9789 437
5196 7004
4704 576
7787 8633
7156 6170
7107 9505
3849 1310
4808 2448
6641 4968
194 2015
6387 6238
5403 7886
4050 4361
2556 9701
4774 9624
3728 554
7836 5318
1029 3140
2930 9224
5754 8877
7607 997
9158 8097
7713 1009
9071 8063
3000 6879
4390 2597
1425 3082
6922 4973
1908 5032
9706 3381
9056 7601
8424 9532
4248 3646
1142 1186
1088 448
2184 4500
6968 5279
3704 5712
8915 5339
8095 845
4063 4691
4859 245
372 6144
229 9352
5163 2517
434 8910
9830 8938
6282 8334
5060 9378
6421 5676
1095 2706
7520 3610
9100 454
1221 4868
203 6984
9568 1293
2003 5067
5470 4234
2409 45
3526 8283
4810 909
9450 3313
7254 5916
6366 7808
8280 5687
3035 6997
7770 96
8695 6622
9285 7745
9893 4218
5013 7115
295 9917
7697 455
671 4086
21 4845
8016 4233
9530 3127
4568 1791
705 4667
5425 2480
4226 5899
6730 1008
6330 1472
8095 6076
7402 8703
3775 9280
7089 1923
5772 9537
624 2853
5378 5328
1813 1671
6103 676
3799 6599
9549 8021
6943 4312
6340 6139
9052 6949
3209 4387
2556 2850
4158 2291
4920 7390
5700 1285
6843 5829
4792 2456
1120 4516
1422 7395
5045 8294
3811 7581
4385 5591
9923 4277
818 8851
7316 9214
884 598
2407 6483
5771 8146
8065 4341
6470 5065
5541 9490
3523 8414
7598 5793
7184 5866
5174 5399
7506 3383
7700 1871
7703 2012
5669 9157
3675 6410
1857 4382
6138 339
8095 6478
4805 8936
9339 5871
2209 277
2594 2955
3805 5016
3020 5803
1424 7962
819 982
2457 6467
515 8596
2280 9423
106 6869
7697 1681
4063 1773
1341 1463
1773 2931
5122 2220
1891 3825
8885 89
4870 9400
5709 7329
4724 3195
8361 8458
2857 3738
3713 8488
9126 1204
2180 639
4485 7715
8623 4149
7353 5004
3005 2398
3685 2875
6132 2200
3180 589
9153 7849
570 3338
3233 9604
5980 1551
8539 3515
4582 7462
2395 6805
5254 9772
2823 1077
8351 1150
9855 4710
211 6743
115 3203
2119 3649
3331 405
1885 6041
3951 1168
7787 1867
4602 8765
8560 750
2852 665
7770 5227
4363 5102
9957 4766
6562 3702
916 3943
3225 1049
3272 5071
7983 5288
7565 1513
2913 2623
4262 5984
6473 47
680 6254
2531 4462
7972 7226
8778 9131
9085 3708
2849 7667
1665 1919
4081 1381
1770 7365
5812 7687
7651 2622
5797 71
9168 8853
5822 4466
2309 8618
9229 5368
6572 6377
312 7443
8399 7883
3762 307
1609 1632
8542 9086
6243 4165
368 692
6386 834
3107 2641
6722 601
8430 5585
8190 1247
197 4600
3642 1584
1005 5663
377 3848
2996 7545
8878 9263
1409 76
1374 1004
1268 592
7055 7438
7676 1166
1899 3041
107 1864
4558 8630
8922 8464
4474 9889
104 7167
1301 6242
1303 6181
8678 8467
6559 1274
8908 9796
2746 597
8644 5499
5014 5831
4694 3956
1542 9469
9672 8436
9985 7299
8946 1172
4043 4637
9574 4079
5742 6317
3708 3426
1256 7485
7493 5656
8874 4872
5791 4220
5409 457
6627 3906
2348 4185
9647 7755
2208 1405
2843 9784
9786 4380
1283 4059
3029 5321
2854 7024
4379 6963
94 9016
8870 5636
8879 4203
2924 3798
3480 3801
9815 2993
7530 6140
4354 3380
7798 7387
467 2978
4044 5390
1620 8384
3506 6176
1058 3777
8377 8997
6571 4963
6070 8248
6661 6917
2071 681
5289 2802
7883 877
7990 1971
3004 8720
6678 525
5485 8050
9695 3344
9831 6121
25 9097
1347 7930
8461 5298
5109 2787
9361 4597
2730 3374
5545 5953
493 9745
6183 1352
8319 205
445 1067
7039 6127
3579 9210
2620 9509
1333 8429
221 4689
8690 8397
4211 1481
6074 5348
9131 4221
2178 4473
202 3407
8808 156
8365 8201
3374 7338
9480 1856
5107 795
4810 181
1112 1459
1213 9125
9237 949
8036 4604
310 8393
7736 1710
582 9623
3489 3043
3936 4276
555 3493
2745 2460
4704 6442
3333 3054
7185 6554
7832 5046
5321 7855
998 3778
4675 3309
7002 707
5818 4941
950 547
1357 5146
6042 2798
9524 1122
6377 1219
9811 1101
6353 2
9491 966
171 9817
7538 1840
9086 936
2417 6825
8239 3417
1515 7804
9209 9594
2059 4403
7575 4544
8904 9417
8334 3632
7826 9123
3317 4398
8783 6910
1622 2245
7529 4495
3690 3143
1971 2255
9706 6109
9577 7019
5037 1512
3780 3053
9681 7969
5376 6973
4306 3191
3585 460
9510 9691
310 3644
455 2652
4917 4669
462 4730
2242 158
2116 533
4281 1859
6792 4461
9338 1973
8357 2406
3727 8452
4032 3812
4742 7739
7018 2026
7549 1951
1031 5845
4015 1210
1621 6351
3867 3769
7188 9547
5138 9251
7302 7536
9593 9046
8731 787
8622 7469
1455 176
560 4467
7335 5202
8316 7712
5462 2818
1475 9187
1840 8684
8671 1839
2772 278
1556 2593
2887 651
8669 6742
9442 6577
5094 3989
3880 780
9951 2917
2023 3447
7476 7977
8439 6370
7134 7007
9672 6874
3350 2282
4775 2201
2206 2303
5294 502
6800 7558
5294 4666
320 3153
722 1786
4110 9264
1270 4618
7280 7457
8095 3750
1634 618
50 7286
1423 7725
7033 4288
8258 4251
7366 8716
7040 8827
9345 8545
2440 2353
2613 5604
9277 4307
2281 9716
4805 5792
270 9703
3371 7797
9352 7363
9313 7518
4461 1610
9616 297
9679 9947
3717 3707
1226 1215
3088 9790
7516 5021
1086 7347
7592 826
7810 7646
5279 8848
7427 2336
1029 4595
8583 6640
2379 5548
685 6681
6843 7279
8092 1153
4443 5493
4331 6415
6710 9582
135 5593
2865 6155
3492 1664
2358 5642
3361 4030
3124 1861
371 6598
8102 8158
902 4662
672 9325
3905 3373
5410 4660
5130 5617
4670 2205
8702 6838
4399 8543
6447 5960
2114 9517
6652 7360
1959 4064
5227 7442
7794 4510
9030 9979
4919 397
9305 1183
1942 3455
108 9190
3298 9253
2816 2396
7535 9927
1256 8994
4338 5417
6728 9504
363 7249
5212 1936
4996 4188
880 3544
458 3148
444 1159
8252 8629
9362 1627
3811 8231
2506 8503
6203 8244
9112 1412
250 1419
5524 1579
1755 8410
2117 2859
3582 9230
8846 2186
2405 6072
7412 7201
167 5270
1493 8385
71 7629
1724 2364
5267 6245
2214 2726
828 7729
2790 4477
7394 3096
3762 1438
8254 2824
7580 4089
737 3532
9672 5091
3728 1734
2279 3893
8775 1163
4036 1339
2970 7995
9609 1769
4101 5683
1250 4318
6401 7602
954 1047
1781 1125
9744 1738
9163 6735
3920 1436
5023 3087
4222 1377
747 4456
6403 8959
5554 282
2671 9353
3668 479
6292 9933
5880 3481
1166 915
5367 3807
1338 767
8634 5929
9788 1252
4767 2391
2089 2664
3744 974
650 6217
604 3190
87 2031
4793 5789
2763 8477
5562 4740
4503 9205
6860 8616
5268 4082
8460 6762
9980 2131
2572 4212
9745 8599
5739 9074
1003 3879
9275 8494
8599 4366
1267 2557
6922 6494
955 3720
5224 6158
9813 8829
1658 5549
6262 8533
5266 6596
3082 2780
4190 3508
8036 6801
2724 3483
487 4014
7058 6965
5935 7351
436 4915
2642 993
438 7369
9956 2683
7697 8517
7050 5932
1367 3296
8151 6988
9294 7701
4061 4863
1744 39
5337 7430
2962 206
5039 8963
8913 124
151 2046
5597 2047
281 5693
8695 7005
2380 4931
2594 6480
6752 5828
7056 231
3444 6179
261 4167
3160 8495
98 2858
8444 9972
8449 269
5267 3324
1231 335
345 6200
3427 5835
62 3462
9187 4707
6343 6877
5548 6469
948 6113
5960 9079
5466 6964
9763 5719
9204 7993
1832 4656
3701 4402
112 5246
4607 6581
1244 8820
1965 5786
8377 5306
7174 7375
2498 3499
3757 3345
4835 6790
735 5988
927 1777
6262 7964
1690 3008
1954 6031
2066 3263
4693 4135
17 1607
7704 5661
3554 2163
8684 6852
6475 5479
2306 9948
8124 3356
5624 6776
8329 123
8722 5776
2107 7464
9305 8237
7192 5762
3263 6918
213 5629
1445 2467
5184 1870
5088 8107
2533 330
516 1581
941 2806
8987 8960
3531 5476
5120 3562
1314 8330
5768 8120
8162 9356
1682 8130
9954 8408
3034 673
6249 1921
2059 5568
2427 2394
9911 315
2892 6177
26 3458
4442 1410
9231 9354
9622 3514
5696 5838
203 2538
5536 3965
6087 4832
5331 2371
971 4824
5034 5648
7644 3975
7453 9564
4401 7411
4786 6389
1073 5514
5011 2152
7941 5258
7891 3681
2970 2284
4988 2753
6847 7568
7454 1566
8320 6346
2894 9332
537 7452
6188 1078
4368 7092
6804 1176
6117 3403
9460 1816
6494 3470
1458 3134
4220 6586
9844 6293
9922 7016
4979 6759
4309 626
8963 5057
4964 9573
1746 4227
2486 7801
5878 7470
278 2111
4534 8744
895 1097
1499 4436
6969 7762
275 9801
5546 910
9951 1197
2502 8317
5795 5357
1023 1492
2064 8682
2268 5982
4646 1761
3359 8985
1814 1128
5601 9472
889 7373
7993 116
6102 2867
2768 5600
286 4183
1504 6100
1292 2878
9653 3162
9408 5907
4354 8535
7851 1644
6399 2661
1971 882
5523 7136
9742 1711
1305 1737
1583 4948
8337 6857
7292 2464
1598 3015
8327 8888
2141 9335
352 8070
3596 1958
4178 6901
187 3924
9531 1297
8312 9535
1922 2607
1137 4025
764 4335
3154 3424
2946 6239
7503 9478
8478 1950
4751 1945
4411 1319
7278 5197
4529 5106
6958 1822
2051 7468
7666 4145
8515 7743
9038 7498
4918 5938
9352 9809
2995 6789
7375 1118
4474 9343
6079 4713
7405 5936
2019 7586
1930 5654
6201 5991
3136 1316
701 6916
9615 4168
3211 7445
9903 6975
9946 3602
9021 7385
1752 6748
2837 5322
4794 559
9513 9350
3893 5561
3430 1398
9865 9256
8089 1815
8572 1277
7200 5892
5785 8419
2717 5900
3928 5717
9666 8957
3718 7406
2464 6913
7034 8104
4082 2144
574 2330
7391 8970
1888 5132
2590 4240
1015 9875
7950 4475
8499 5374
8093 7643
6487 4409
9691 8281
4519 8196
5701 3664
9398 9719
6377 7877
9160 7311
9641 85
4603 7238
8993 8745
5893 2674
6289 5606
6914 8718
6320 2658
9288 3939
1097 4866
7043 2554
8512 2870
9374 9436
8051 6970
1842 1510
8498 2600
7684 6441
6390 4270
8588 2881
961 8570
1736 2341
8187 8609
6524 2238
493 3876
4954 243
3362 9909
5670 9118
5358 4576
8851 100
2670 9453
8274 6024
7210 6797
6797 9492
4917 8862
8553 9953
1709 6296
8768 2169
4369 3587
4021 8843
7976 1544
5876 9262
9926 2445
5288 3337
6331 1573
4137 3952
1706 2667
9773 1448
666 1415
8020 5280
5672 1096
1742 6936
7671 5874
9815 3715
156 4601
3230 9217
6094 4198
6410 802
1218 3748
6013 2919
3257 6942
1701 1756
8006 9825
773 5962
3879 2038
2363 6611
774 8595
1910 9083
4021 3755
1211 4126
9925 170
1691 9197
9408 7095
4275 1261
8335 5469
2686 1491
7582 1040
4208 7214
1394 3265
5040 5725
601 714
8757 1660
6012 6116
3651 8793
4419 105
2364 4091
5606 3933
2694 8358
1830 2585
2441 4084
4214 2402
3713 9571
9397 3881
7330 3961
9812 2049
6929 2342
1394 9037
8698 4569
3360 12
2746 5501
6466 629
5082 9502
5609 8774
2881 890
6059 7382
227 8654
3388 3710
9105 9667
4371 3635
7486 9381
5449 2732
6402 4736
6538 1212
7059 7664
6065 6186
3061 1161
6608 1375
6270 4116
8103 9435
2090 8080
1011 751
9595 5069
4737 7600
241 7633
7091 9421
2745 8954
3983 1624
6530 5416
4506 5816
2282 5611
4069 159
6329 3553
6669 6705
9459 4926
7734 6658
8825 706
3994 4236
1200 7795
894 6576
7177 4339
6287 8378
6229 4453
1169 3549
7304 3094
6727 7028
9230 5575
4114 6976
3087 9315
3136 9851
9258 800
7073 4955
547 8937
2717 1148
4772 5705
1742 3586
869 1833
9032 8180
2623 9567
4859 8019
2116 2028
6712 8826
7805 1121
9500 7233
6453 3747
8249 3674
3075 8387
4588 8465
5322 7243
3891 3622
5459 5180
6056 5168
5167 288
5725 3950
8112 6579
6256 9725
5594 6337
3202 2060
3910 3269
995 8714
4792 480
9796 1932
9352 9455
3866 9091
9576 6334
7701 3059
103 9245
9814 4160
6996 8401
9781 5586
5384 8845
1371 3749
5952 9117
5523 6992
9506 5072
1749 1887
5948 4505
4760 1043
6939 5914
1182 5950
333 7710
5248 3370
8696 1902
699 8156
4750 419
3545 9758
6303 2696
9837 2942
2827 9658
4401 1995
7274 3671
8575 6434
6353 5383
8389 6464
3119 291
6646 8886
9487 4934
4542 3021
185 6709
6072 207
1635 2496
9180 7189
3085 8380
778 1079
454 9249
7939 1053
4194 8842
302 5539
3463 3157
2050 9419
425 6263
9476 9271
6493 4359
6574 887
7504 7368
1379 9403
1022 2687
8443 7336
7438 8251
3691 571
2489 8489
7059 5019
8973 8742
4046 8314
9843 2518
51 4083
5593 4230
9324 9392
2218 4357
4277 9318
7560 8492
514 724
2067 3831
3995 1757
6622 3066
9670 2190
3813 3592
5229 8717
6485 8195
4822 4130
4967 953
7616 6506
7251 4244
3140 5930
4301 2351
3398 9295
1063 9312
7669 8769
6619 2455
3116 5439
476 6773
674 2542
627 8990
3822 7044
2035 6029
6226 5216
5810 9069
5096 8437
4915 9477
3140 9050
6554 6561
7377 3633
8137 6220
3575 8007
9877 3953
5508 5695
9971 5915
3120 1626
1486 3758
8601 4225
972 2591
9240 8211
7156 4743
8540 5743
1561 5734
566 7378
3653 3443
1175 5190
3171 7020
4251 8152
5203 7912
1541 9062
4147 6167
4809 5194
2060 2054
9330 2630
3139 4540
9873 2334
218 6471
9427 8734
566 5520
7073 2605
8262 8578
9375 8557
7343 149
6854 579
947 2319
6603 6073
9144 6785
5291 9592
4434 3997
8914 7948
2566 4261
2611 5958
5351 2270
6268 4146
7225 9005
4060 3524
7923 1320
9254 4250
6716 4256
6132 1638
5652 8216
9032 2335
4001 1645
2596 2042
769 5012
8878 7988
9310 9692
1962 7974
4614 5481
9346 5405
6175 2094
9737 2191
3829 3095
2425 8664
8478 900
5175 6022
625 7552
5490 1639
8819 2982
8544 6755
2313 6527
9884 1694
7089 3170
6326 646
9256 8988
3078 153
713 4175
3916 7527
6540 7984
982 6381
1266 1704
2664 5925
7127 985
5770 1619
8079 9728
4779 7534
9876 9661
1011 4937
4048 5645
8982 6518
9140 8109
2522 1557
3017 1731
6232 4830
6797 2087
9719 6690
1825 6806
8212 5622
4481 5210
8362 7838
7841 9426
6356 6075
2080 110
5384 1612
8190 793
1799 8223
3701 5850
6224 575
5667 1985
7418 2434
3459 3516
4901 1713
1059 2549
2189 400
149 6813
6814 599
5849 798
20 6058
8521 3968
6909 2748
7354 1616
3596 6149
1493 80
5821 4677
2604 8892
9489 2081
8361 5117
580 354
5539 8269
3058 1718
2655 9702
7136 745
4926 7116
1438 5628
382 794
7200 4627
8950 8555
9246 1715
1081 9306
8569 4311
1948 5674
788 6057
4995 9643
4315 6767
8520 2805
9812 7258
2836 6679
6958 3079
4226 4418
2335 5472
7556 2863
2924 5494
9160 581
5467 5350
1191 3261
4688 913
9909 6947
3561 6736
7605 6536
2674 2223
5718 4769
3010 5974
8215 1430
2414 7465
3629 9402
8523 9227
6277 7296
8712 2654
2356 4518
1429 7859
4285 2980
586 686
8269 8426
1510 1647
6226 1961
6734 8559
4780 5889
2325 8683
9854 8505
4510 4907
7909 9166
6954 942
1128 6038
8728 6697
7653 5056
8975 5605
6454 868
174 130
7774 9896
8316 9761
2181 8210
5487 3475
9292 6708
3102 3392
9839 5165
5392 7500
9230 6745
5106 2083
3389 2983
4236 8144
7243 5859
2974 8098
5582 8840
6666 287
5541 6465
3987 7447
8982 2333
258 6196
4508 5625
4274 3027
9020 3410
6503 4714
8600 1016
2143 2106
654 4940
5281 6412
4494 7867
2801 4107
2818 6733
8403 4305
9424 4106
8302 2384
7958 9059
6677 1098
6645 1516
9584 638
2095 9569
4921 2148
3788 2800
9807 1960
8878 5884
364 609
8094 536
6835 5529
2060 8208
5284 7434
8022 1324
9180 4949
2152 6726
9988 5711
423 7716
860 2750
5772 3305
3051 5089
437 4272
3214 5159
7384 1978
3042 1140
8948 4950
8604 4922
6919 988
4047 759
7790 5456
6320 9842
2774 4000
9713 716
7161 4608
3815 7087
4298 6971
8351 804
2402 8859
5031 1354
7560 7569
5634 1831
5948 5819
486 8981
3364 3870
7496 4795
3702 9267
8194 5301
6518 276
2551 9662
9876 9754
5766 6373
5908 5078
9515 3641
9658 4396
6232 613
2096 8379
7850 49
6510 8260
3685 249
8273 951
1129 837
8235 4350
3910 3802
1527 8305
8686 8328
2060 9684
5409 9932
5090 5185
1602 9219
8781 4969
6540 1974
569 2647
324 2735
8643 2001
7490 652
3031 2328
8948 5966
7308 6634
5417 225
5435 5589
7744 5068
1359 2321
7920 5731
71 6294
8196 5154
1485 1117
5894 6064
236 1933
5819 7133
6606 5119
9617 5897
2299 2612
2706 562
7346 4734
7718 5598
8015 1801
6352 5276
3060 6240
2253 58
6677 9611
5133 9075
6050 6429
9093 861
1265 4663
522 7929
8965 4729
3710 8033
7959 5325
4102 381
2886 1384
7820 2904
4716 9750
4656 215
918 1119
3270 7259
4 7268
9707 5098
4985 8218
4163 1759
5378 561
2756 6459
3793 4811
511 8947
4364 4876
7352 8243
9957 2288
689 9360
3787 7670
789 2876
8241 3850
5673 8530
7017 6096
268 9444
3322 9323
558 5713
6241 2588
8848 6359
4555 4209
44 7579
1033 4908
6510 8411
2954 4300
6110 4605
6062 2349
5421 9656
8534 7110
9652 409
4618 9597
37 5114
530 5118
742 1952
9178 5042
8510 6700
2410 7612
326 6230
7138 5967
1556 6443
2634 9886
7094 5764
7198 7194
962 7796
7784 6283
6106 5441
1165 2936
7813 6451
6686 5380
5156 492
6285 885
8708 7662
6601 3182
2327 2720
3073 5259
9460 4012
255 7915
9686 4702
2491 8730
7291 9520
3859 4122
250 2971
6492 6086
2839 6235
4267 5393
5459 6284
4374 6
6627 2157
4318 3897
4561 4169
9440 4843
1634 2140
6626 901
3408 3213
6915 7595
3818 6754
1630 1396
2619 6332
547 1766
3161 7994
7751 3193
2387 5323
542 4132
3842 4478
6709 2834
728 2952
9789 527
2199 3731
6757 5979
8314 2702
4589 2988
6846 2490
6464 6001
4526 4735
3485 8406
6085 5113
2144 4128
3207 7459
8162 6060
8566 3626
9276 7290
2121 5981
7582 2914
5398 7137
6472 8347
6224 5243
593 3490
5855 4650
5826 7694
8661 1925
2970 418
7523 7854
1392 5295
7919 8265
1799 9583
7752 5983
7448 9823
5450 7815
8178 8277
8757 2438
967 2799
6456 3187
773 6228
3914 6782
6887 6859
1016 101
9820 6870
2797 6385
8523 1575
1820 8163
6674 5602
7013 7181
6550 512
5270 9290
6399 7899
2
3080 7848
868 3965
