1000 999
221 909
221 333
333 622
221 618
622 782
333 472
472 631
622 765
333 966
966 616
622 280
631 328
616 488
966 689
689 914
488 410
488 457
616 552
552 482
689 335
909 958
488 591
765 103
328 91
782 284
618 949
552 991
333 201
457 239
284 891
552 169
914 252
284 82
221 836
689 532
616 189
765 945
914 92
169 538
689 213
958 942
82 725
836 601
631 220
532 30
239 340
945 636
552 414
782 140
914 27
618 826
958 810
601 769
333 688
328 483
622 745
169 892
622 288
488 579
601 627
552 104
826 336
689 516
765 985
579 844
333 487
892 939
284 490
636 918
252 873
483 606
949 884
91 89
579 860
688 177
220 205
873 674
483 752
601 400
457 585
958 936
140 867
221 195
410 242
966 369
622 524
27 734
328 709
280 180
82 397
826 311
213 225
826 558
189 691
195 527
601 85
205 101
288 830
860 610
909 450
769 858
180 569
213 461
483 515
397 493
636 846
85 79
846 801
340 259
892 948
104 557
91 389
752 396
991 281
195 986
205 996
220 580
140 5
618 401
558 658
527 93
836 448
867 447
601 742
397 158
410 528
472 350
734 276
610 167
180 611
93 4
92 820
610 849
742 818
461 785
30 390
688 755
447 314
849 491
92 778
769 946
688 872
579 155
515 119
991 437
483 608
447 899
281 511
333 217
616 127
528 210
390 105
336 659
830 555
158 307
524 660
180 465
167 907
591 963
328 508
538 198
280 323
820 573
189 463
945 255
579 852
860 624
242 433
239 123
991 649
336 178
591 561
769 467
601 925
448 800
457 20
465 716
85 719
490 680
810 639
991 576
490 882
93 18
178 116
323 741
491 763
555 566
311 812
389 653
709 592
858 186
89 412
186 168
986 786
649 7
186 443
18 481
335 418
716 129
778 775
639 444
195 244
515 392
483 40
129 358
127 505
689 289
242 373
527 924
225 229
369 779
631 724
340 679
939 944
942 695
631 2
244 783
437 74
104 473
488 513
229 132
217 361
400 25
410 134
210 398
129 596
882 61
532 749
627 440
945 633
244 612
259 905
734 663
220 943
490 733
457 26
488 968
189 34
633 926
400 219
742 531
401 141
653 756
996 250
939 327
958 388
487 504
653 325
631 868
742 428
576 359
289 521
552 875
284 353
491 940
85 175
242 994
775 70
611 885
447 789
844 828
663 805
810 363
186 272
397 81
169 710
627 955
213 900
25 11
213 268
175 809
899 498
444 735
428 66
918 96
679 357
622 514
836 539
716 656
756 824
742 644
996 988
239 351
826 686
314 480
412 196
61 214
741 317
755 360
392 563
735 190
398 542
569 6
307 305
624 422
66 271
944 903
412 685
872 668
820 495
457 108
361 748
884 518
20 662
527 652
284 886
30 313
40 454
357 295
66 833
155 982
779 138
606 784
82 792
631 626
414 665
805 635
127 10
636 956
555 176
138 112
775 157
454 881
220 751
5 122
186 238
457 208
127 648
573 536
580 464
924 615
844 274
79 693
527 171
101 880
208 349
444 459
668 294
511 199
447 758
388 793
158 54
328 347
491 500
745 296
30 676
779 603
481 348
349 621
775 376
531 283
782 831
333 821
27 697
495 278
390 52
986 819
849 721
695 629
278 522
608 135
454 273
440 475
756 666
491 466
205 110
463 997
873 993
242 352
229 118
396 442
532 258
659 664
994 762
307 386
858 503
500 641
812 794
201 293
666 807
733 57
561 509
674 554
641 707
993 365
463 470
220 841
741 321
907 978
280 345
295 222
360 338
925 556
576 933
903 977
988 39
939 235
396 67
314 154
171 888
363 253
522 387
168 625
892 634
483 605
758 619
500 744
350 923
977 921
34 863
345 499
386 324
289 218
359 316
392 197
327 990
836 902
412 791
719 645
785 766
386 160
347 240
676 379
745 424
74 309
509 980
554 983
289 341
178 703
914 16
199 179
350 654
363 730
872 182
140 233
7 843
386 874
884 262
158 49
645 147
141 285
925 297
414 37
500 970
52 394
280 78
414 865
626 855
213 203
800 97
464 523
464 780
157 796
210 957
296 595
498 455
454 650
635 984
940 17
758 572
444 506
340 310
467 471
784 851
288 598
325 669
792 530
860 204
335 227
195 434
450 887
197 441
585 704
97 429
704 366
333 355
493 813
509 630
831 802
685 829
986 932
611 73
649 497
793 713
880 408
515 832
622 804
936 770
704 570
498 254
703 120
281 692
680 583
199 156
352 683
465 75
809 711
796 979
855 415
311 245
118 468
516 673
239 232
227 747
832 705
255 149
85 938
147 871
515 95
665 574
688 815
563 14
85 727
615 342
633 893
54 275
765 115
351 416
506 405
977 292
158 534
443 80
579 931
115 876
506 671
91 48
610 114
705 834
358 291
782 877
940 547
205 512
605 51
235 541
450 974
475 920
966 967
210 895
222 720
990 277
713 906
345 972
96 42
323 961
668 998
222 318
868 411
985 200
755 959
834 702
219 438
688 726
252 620
688 223
410 77
534 143
765 543
710 372
958 737
574 41
895 969
528 954
555 322
538 126
813 15
296 910
95 249
603 845
169 109
376 332
974 971
365 87
652 842
305 191
454 729
666 723
311 257
157 590
415 835
307 402
631 45
123 894
15 287
254 687
92 927
843 866
461 712
428 817
938 144
245 788
358 525
778 553
498 718
959 930
363 602
972 28
695 838
907 172
849 667
931 898
259 533
342 136
51 306
972 760
680 354
506 111
222 519
519 107
314 560
997 529
135 59
350 492
693 501
770 571
218 878
744 772
414 117
529 241
821 962
276 897
547 934
204 302
873 485
780 935
16 60
74 640
141 975
608 823
721 62
852 684
306 864
693 746
438 545
255 456
95 567
30 326
961 850
626 883
635 853
603 951
719 125
205 420
556 661
851 246
997 646
285 494
780 71
158 651
528 540
74 436
688 9
313 614
280 446
741 377
218 212
766 743
659 848
522 739
480 708
618 857
336 270
844 407
552 247
982 63
668 947
214 453
323 236
662 486
487 637
20 300
817 564
853 840
980 279
660 384
410 334
574 973
235 701
463 822
262 181
692 715
877 941
846 628
398 917
20 714
272 908
443 121
715 185
621 449
561 50
15 139
659 24
907 890
719 215
57 1000
785 915
615 417
45 657
127 188
692 173
784 308
788 798
437 510
939 879
259 913
530 391
463 919
333 98
741 565
628 226
666 266
278 183
492 478
175 731
119 600
109 163
848 234
324 56
132 431
361 781
155 736
449 230
712 678
176 773
60 502
664 380
634 427
755 839
400 12
411 859
748 722
333 76
311 960
14 164
294 757
627 130
321 368
576 754
900 187
463 476
12 159
242 675
191 260
347 131
858 582
894 43
200 517
657 489
899 102
935 642
934 375
375 265
280 976
576 607
76 419
177 861
984 593
839 319
888 728
376 672
465 151
561 759
997 546
67 298
112 33
627 581
5 706
915 588
189 47
173 367
661 507
302 837
711 777
389 399
786 304
824 964
18 992
605 53
569 343
472 146
127 404
160 383
705 432
4 551
557 128
455 953
489 22
517 987
190 613
754 549
885 535
428 299
178 46
695 209
554 35
668 382
657 301
541 243
567 1
472 23
40 69
275 862
618 462
783 290
622 251
973 999
900 423
796 65
791 856
398 870
125 474
123 362
462 413
966 825
945 142
293 312
324 577
522 406
692 337
683 803
57 90
157 439
769 88
560 677
473 682
125 790
654 231
667 378
319 162
14 263
540 750
242 152
574 548
722 617
279 950
461 937
752 425
379 694
495 847
438 690
260 207
515 952
128 331
376 393
103 371
634 36
891 216
235 133
563 269
246 165
925 740
489 912
122 72
596 484
326 237
502 153
566 261
964 137
373 655
272 623
17 38
30 426
252 84
997 29
644 698
729 124
858 544
986 496
487 717
720 578
434 901
845 13
322 64
678 385
399 330
843 256
135 86
782 445
61 267
317 827
419 286
888 811
180 808
948 537
115 452
528 479
686 575
860 929
558 767
567 562
927 814
138 995
337 329
748 145
354 799
306 403
57 192
417 346
546 409
951 896
518 150
237 922
413 55
697 604
998 776
495 670
791 248
218 787
371 597
217 469
886 170
135 174
725 83
790 19
37 31
258 904
914 699
255 594
185 797
866 356
265 632
525 184
694 584
857 520
125 44
670 282
55 911
270 395
903 381
832 526
800 647
852 303
947 638
674 586
802 435
711 21
976 94
239 211
9 609
554 761
301 753
220 696
808 928
310 202
962 599
149 224
683 460
400 315
793 113
864 451
956 700
22 194
579 550
332 206
814 99
128 854
127 589
933 774
300 106
173 477
802 148
412 587
687 166
872 320
604 8
884 916
980 344
558 795
63 889
226 58
845 981
328 161
901 965
845 869
836 806
462 264
440 370
177 681
161 643
884 768
777 458
441 764
382 568
66 68
169 3
674 421
450 100
1 32
33 364
391 228
859 559
785 732
191 193
977 816
928 989
650 771
289 738
159 374
927 339
65 430
1229
95 376
159 753
2 928
140 951
410 364
62 842
396 589
217 376
740 473
434 257
145 347
591 661
611 965
252 58
371 221
771 283
658 202
530 513
255 636
642 899
170 306
799 720
500 537
779 130
791 421
830 621
690 234
268 487
348 921
592 835
287 79
591 383
51 419
392 62
470 41
616 709
796 820
585 647
368 190
899 739
79 373
418 120
862 331
736 320
629 16
918 518
513 577
933 404
77 869
686 232
735 938
221 514
246 196
44 532
967 987
771 56
399 417
513 725
326 791
983 875
738 749
514 113
296 764
629 738
816 808
5 786
209 864
94 76
653 211
14 301
163 703
426 678
662 198
787 531
221 860
963 449
909 826
191 740
683 87
978 160
942 963
526 494
836 362
478 436
516 113
388 528
55 651
287 483
87 37
669 223
664 315
499 382
477 245
94 727
518 601
246 114
892 762
506 962
803 89
309 303
608 534
778 397
763 364
680 302
754 416
32 668
625 227
167 261
461 825
229 360
878 382
843 719
603 217
625 868
237 672
322 143
505 395
24 571
483 309
197 581
400 933
95 688
293 478
417 750
299 929
535 892
124 51
583 310
813 84
117 821
933 283
690 574
710 353
205 491
586 690
782 635
907 103
800 830
366 162
834 275
577 622
199 733
362 737
631 773
167 729
12 952
55 107
366 526
923 216
696 655
973 376
195 879
748 506
497 806
490 790
219 326
231 395
540 416
131 680
555 206
36 655
834 254
897 284
64 145
744 757
403 790
364 528
625 759
287 618
800 40
196 548
460 466
16 364
599 649
491 299
353 985
320 144
198 618
971 660
240 96
879 175
411 932
439 864
885 959
730 321
227 288
617 477
426 23
794 182
325 114
790 724
313 368
552 464
320 809
954 553
524 58
776 313
879 530
518 663
675 650
876 316
639 933
653 363
705 168
525 448
398 850
677 351
385 135
89 964
528 476
601 742
372 993
644 49
760 446
462 579
471 214
213 698
382 337
547 831
228 243
944 141
351 779
559 331
69 415
678 574
979 370
642 544
887 64
614 768
77 83
946 65
955 642
978 178
742 277
165 343
977 669
255 195
703 768
247 190
389 196
835 999
707 894
153 941
60 43
648 184
725 918
337 251
956 466
708 815
825 23
91 62
895 68
468 925
932 443
193 686
60 794
706 92
10 798
280 770
782 812
122 990
306 517
498 241
282 549
669 692
148 863
412 118
950 728
606 620
268 818
896 535
610 612
457 325
576 263
990 125
718 25
315 905
26 317
461 89
59 518
190 22
275 42
198 49
288 16
966 215
452 109
592 73
673 440
423 331
774 121
465 523
894 290
967 870
757 105
974 279
893 650
812 296
829 454
102 327
301 802
143 640
610 228
61 907
517 162
904 805
574 101
33 369
234 913
58 248
616 63
767 99
298 635
575 360
833 547
49 28
588 884
562 209
9 979
776 234
554 72
649 223
373 965
463 870
996 103
35 908
833 19
552 33
6 167
385 866
327 482
573 801
523 362
170 709
665 667
305 456
451 701
739 632
995 325
234 524
965 873
897 811
803 513
132 956
154 431
946 857
512 626
772 586
299 299
758 286
769 361
688 291
250 264
860 925
683 693
121 955
160 494
49 568
846 672
811 415
566 796
464 785
594 549
873 186
484 61
523 211
449 797
416 288
561 332
780 907
371 161
620 794
133 964
596 771
533 899
106 606
504 274
840 497
418 804
57 803
713 50
204 589
766 926
856 79
104 56
268 5
256 685
823 943
555 924
461 808
584 101
402 918
480 480
809 951
741 233
431 312
236 219
934 438
291 203
188 427
133 314
80 41
808 487
531 80
299 506
580 836
278 350
491 638
146 752
677 172
693 131
401 699
490 709
588 841
737 126
361 526
763 370
300 685
529 720
403 699
713 457
970 59
446 268
622 454
995 167
412 465
953 394
534 676
268 424
236 135
822 386
331 586
539 624
613 388
761 108
673 266
517 238
308 30
285 695
328 399
573 639
74 635
65 589
589 652
291 546
554 347
691 638
185 163
622 210
808 984
468 134
239 609
168 542
828 800
481 128
238 624
694 848
259 762
571 603
935 587
639 908
876 972
29 786
416 437
89 990
273 599
368 565
872 588
223 37
706 476
188 343
707 99
963 524
391 726
227 143
268 419
844 990
896 1
951 43
501 844
317 584
668 5
823 244
550 572
32 897
124 370
198 432
565 1000
573 282
353 645
673 543
40 916
624 842
863 176
146 570
262 385
292 295
328 910
620 389
600 173
399 358
798 505
651 288
652 334
71 660
960 21
212 951
447 368
353 489
791 697
65 649
667 70
941 556
612 750
920 483
67 837
147 815
794 486
119 179
677 811
694 549
622 463
470 150
837 159
215 628
102 922
126 195
139 465
59 237
288 286
690 153
537 32
694 419
550 965
80 171
619 395
854 267
313 487
901 368
738 892
757 89
494 716
342 142
978 107
805 452
49 655
214 83
14 875
979 461
569 426
250 549
509 677
415 745
87 844
628 48
957 208
2 343
184 25
140 487
681 637
70 9
324 700
64 981
25 856
770 542
262 804
992 374
519 271
881 200
604 168
370 87
628 418
334 572
144 674
168 461
312 22
13 311
547 867
420 637
133 975
564 281
103 740
450 179
184 979
11 776
448 80
10 225
505 677
388 818
76 102
487 468
945 834
226 751
863 898
235 556
153 192
412 941
641 828
184 398
717 825
737 750
539 189
575 480
977 935
573 555
844 501
4 326
122 417
443 891
447 422
783 238
587 806
998 754
44 66
147 634
83 206
971 33
861 551
208 728
526 794
346 915
41 423
832 491
958 990
778 60
578 416
16 614
512 758
307 938
13 662
809 562
358 832
606 245
493 351
478 406
381 122
269 646
180 515
100 328
595 330
501 259
683 802
817 625
214 113
700 918
766 785
997 375
680 513
327 225
662 920
986 639
862 53
781 896
980 236
538 416
459 572
795 294
625 577
890 177
458 158
986 745
428 376
109 150
676 615
382 957
500 302
186 941
846 574
884 37
970 3
104 279
242 23
223 94
744 603
843 696
342 156
75 513
396 179
315 801
866 939
447 271
705 674
359 240
159 201
419 329
884 922
102 769
902 126
300 963
57 541
642 744
723 998
539 570
892 257
624 321
640 120
854 242
382 30
681 132
887 454
849 543
965 645
699 66
524 526
768 800
98 931
363 590
726 819
383 373
953 454
532 11
900 694
295 151
10 375
629 239
602 753
390 433
644 303
246 212
918 976
705 992
9 47
609 575
459 659
901 347
61 368
515 41
21 128
695 111
118 840
249 158
951 813
426 807
553 712
302 240
200 734
776 886
44 744
673 602
70 629
737 214
345 308
183 313
530 452
995 900
356 32
923 264
154 554
4 952
667 812
735 121
583 29
116 849
468 10
756 209
916 558
821 776
241 685
541 588
147 540
915 668
934 737
285 704
948 343
584 266
785 510
11 929
528 253
396 718
550 65
124 582
526 144
242 460
504 117
423 122
431 103
849 274
876 87
204 621
700 873
89 369
193 35
954 921
682 567
17 494
311 746
180 503
1000 55
998 702
450 936
550 615
255 883
17 160
843 464
390 552
154 497
836 488
983 423
271 627
495 815
691 810
747 177
206 967
768 153
910 954
496 859
99 676
637 127
322 338
549 859
246 624
755 836
965 440
505 761
732 65
498 931
685 487
701 416
453 32
314 487
452 483
955 256
906 787
34 287
393 579
131 397
866 432
934 784
525 25
984 101
174 513
797 69
283 655
760 995
335 706
697 238
566 869
402 336
456 686
14 731
605 548
930 939
585 501
705 892
428 100
913 536
804 231
225 879
383 497
199 286
461 899
529 808
301 813
510 830
133 84
899 233
422 842
629 543
424 721
691 555
929 260
559 123
135 296
413 1000
857 679
205 554
861 271
760 498
646 235
870 535
237 886
42 202
447 758
900 913
93 648
660 450
916 555
978 470
355 352
38 612
780 128
377 361
147 262
103 982
667 883
201 758
484 88
328 486
312 256
157 242
436 323
280 130
634 373
757 506
370 337
630 46
793 308
390 299
388 558
814 948
80 834
727 4
451 975
35 725
558 40
536 367
394 316
938 780
392 130
405 687
675 897
993 419
956 526
72 123
541 51
887 800
21 841
809 482
853 933
562 947
680 543
224 471
726 22
354 167
402 260
659 220
977 377
256 416
710 21
20 787
762 752
958 711
205 824
688 713
81 545
14 211
773 63
118 541
408 707
179 483
262 283
906 711
294 22
272 616
891 5
48 683
68 898
645 733
99 679
762 255
39 137
211 649
293 625
820 574
334 110
31 302
570 650
941 64
697 71
369 500
199 541
250 962
58 59
177 400
43 712
67 961
663 955
680 778
751 368
864 612
967 170
569 172
618 738
832 265
460 468
72 568
652 525
371 385
713 667
561 33
590 740
148 275
216 653
84 379
538 869
120 816
198 129
17 800
203 400
324 179
561 404
303 501
449 657
807 518
548 33
605 909
712 808
896 952
769 124
546 787
248 603
648 277
448 776
330 291
197 205
660 888
982 613
324 571
433 162
788 25
282 649
736 455
327 492
802 911
810 132
395 65
114 841
156 85
382 826
360 439
10 710
90 393
313 162
445 734
967 707
531 42
482 763
87 410
85 5
492 57
452 517
664 675
90 393
958 57
238 925
927 58
696 632
825 240
961 788
781 954
366 488
40 365
867 397
577 707
108 165
718 858
191 211
760 753
199 122
653 896
909 496
294 340
34 14
775 517
262 811
861 916
630 779
396 415
32 96
894 596
27 934
449 427
370 884
692 246
420 183
260 794
505 663
90 692
776 730
720 441
226 440
21 123
223 462
832 283
102 906
408 205
743 293
46 582
334 951
11 968
712 442
390 616
897 222
283 991
453 931
422 797
126 933
144 68
129 546
578 76
688 252
561 441
197 545
112 223
478 31
386 732
597 729
668 986
80 68
996 733
78 576
646 506
675 905
971 514
875 601
189 536
784 789
906 145
729 599
411 316
578 572
808 409
677 259
247 514
609 606
966 413
520 117
120 358
915 300
756 484
511 217
57 865
694 60
737 70
93 845
57 893
450 483
799 541
544 601
793 985
173 783
963 483
296 728
241 940
297 822
334 145
638 389
571 401
529 483
93 870
98 444
607 759
601 150
476 977
683 773
236 72
72 778
416 460
504 98
739 19
575 606
450 539
825 425
112 880
840 569
850 587
191 820
172 914
359 909
526 536
28 917
555 93
737 179
748 48
18 877
542 324
37 203
131 545
516 82
671 230
103 340
397 598
460 356
572 518
693 557
677 183
411 506
273 363
31 326
682 532
743 149
806 107
927 973
808 102
244 152
556 520
368 13
128 779
553 79
532 951
232 997
483 430
563 438
473 911
29 396
229 396
436 971
137 10
976 12
485 998
748 237
179 683
953 953
805 571
48 767
740 943
474 557
417 412
837 281
793 882
57 370
95 94
760 274
788 665
25 308
251 55
912 434
576 8
298 484
67 731
674 944
532 679
926 75
139 409
204 963
765 604
313 865
969 224
829 65
995 37
