100 99
18 70
18 33
70 29
29 24
33 31
70 92
24 83
31 65
24 2
83 49
92 59
33 94
65 64
18 74
24 10
70 37
10 8
10 43
10 77
92 76
70 62
83 81
59 71
81 73
73 12
33 40
24 46
59 91
77 27
94 35
91 16
27 41
40 63
76 80
8 56
37 78
92 84
94 90
40 87
78 48
92 89
78 54
35 97
77 30
78 69
8 68
63 58
97 32
56 99
8 60
59 57
40 5
58 67
31 53
32 98
94 93
62 47
69 66
31 28
53 22
58 15
98 17
63 13
15 75
81 61
40 4
80 39
29 25
59 38
91 6
89 88
75 19
53 34
66 95
19 36
15 23
54 100
6 11
18 51
57 96
100 20
60 26
95 1
88 3
36 50
89 42
13 52
92 45
3 55
42 82
46 14
4 85
95 9
100 44
94 7
59 79
5 72
6 86
78 21
56
55 11
31 75
64 38
1 92
8 93
36 47
16 25
64 34
16 1
92 70
28 55
29 91
96 23
86 55
53 55
39 39
76 10
51 41
72 2
97 26
43 79
94 22
33 94
23 23
75 51
36 46
99 20
49 49
32 1
80 49
45 46
94 32
58 63
95 34
55 1
7 43
47 47
74 94
42 100
3 25
99 36
41 88
27 100
100 72
38 29
74 72
39 86
52 10
71 19
17 1
36 44
34 45
73 76
42 31
13 10
62 72
