100 100
28 30 71 33 81 49 10 4 4 4 25 97 39 9 2 41 16 2 90 23 52 8 82 41 30 31 25 4 34 44 78 3 98 27 75 17 90 21 42 80 97 74 29 81 16 4 41 33 4 51 51 78 30 53 97 7 5 69 10 50 88 80 74 79 34 44 44 54 86 29 17 8 57 53 57 67 91 59 47 48 86 40 69 2 55 18 79 6 6 93 64 80 54 27 0 76 15 32 3 6
2 71 82 8
2 71 83 92
3 39 87
3 2 36
3 20 65
1 61 81
3 68 50
2 25 71 25
2 65 95 47
2 42 56 73
1 68 77
3 13 58
2 27 29 14
1 13 57
2 26 97 65
3 57 52
2 61 96 34
1 20 61
3 45 46
2 9 97 72
1 31 63
1 15 52
1 49 73
2 12 38 14
1 27 74
2 2 20 98
3 46 65
2 13 30 9
1 62 98
1 3 78
3 88 53
1 86 90
3 18 67
3 69 4
2 47 49 18
1 60 97
2 54 96 39
2 4 89 71
3 20 27
2 68 76 16
3 90 28
3 29 71
3 40 61
2 34 69 31
1 22 59
2 4 65 81
1 14 22
3 18 8
2 31 60 58
3 81 8
1 86 93
1 31 88
1 12 34
3 69 66
1 21 55
3 72 83
2 41 90 9
1 69 99
1 62 76
1 49 69
1 68 72
2 19 63 88
1 68 78
3 69 100
2 32 49 75
2 77 90 64
3 35 77
1 33 81
2 55 87 63
3 10 16
1 69 100
3 41 91
1 41 78
1 27 36
1 24 47
2 23 28 13
2 40 88 85
3 63 64
3 63 13
1 13 29
2 28 70 15
3 85 71
2 16 37 75
2 14 25 89
3 53 4
3 39 82
1 2 12
2 73 93 79
3 56 5
2 8 90 66
1 31 31
1 43 58
3 69 46
3 58 21
3 1 53
1 25 56
1 30 58
1 63 94
1 10 99
2 44 72 67
