47 331 52
0 243158 0 698460 0 857677 0 711227 0 918584 0 398082 0 286348 0 88866 0 578614 0 455378 0 919423 0 178741 0 150562 0 25406 0 313083 0 97587 0 417519 0 898561 0 869171 0 763010 0 595264 0 828794 0 0 0
122953 0 547865 0 213003 0 907068 0 537197 0 452087 0 939105 0 72100 0 695244 0 153916 0 446128 0 922822 0 72499 0 360562 0 209170 0 161364 0 939175 0 664547 0 597139 0 117916 0 331460 0 622544 0 947350 0 945398
0 556414 0 845911 0 814568 0 319423 0 441174 0 159713 0 972539 0 80478 0 223930 0 701893 0 987545 0 277478 0 153979 0 443001 0 349578 0 365574 0 596917 0 795705 0 288396 0 185767 0 156266 0 497565 0 347131 0
95441 0 678463 0 944269 0 729708 0 526275 0 83164 0 677057 0 471672 0 155929 0 522967 0 802592 0 991703 0 0 0 478656 0 480593 0 77321 0 702585 0 182486 0 64866 0 980063 0 852816 0 24218 0 845992 0 218390
0 621134 0 641696 0 506785 0 806901 0 314314 0 520701 0 670383 0 926106 0 199163 0 131003 0 655813 0 725437 0 730518 0 332869 0 713461 0 886446 0 372188 0 32404 0 878148 0 852679 0 511059 0 358740 0 930000 0
729996 0 57577 0 511217 0 226410 0 426745 0 535434 0 72401 0 645134 0 672920 0 230448 0 668270 0 996172 0 544761 0 705322 0 182906 0 470866 0 420836 0 830260 0 643030 0 662625 0 560777 0 975899 0 376085 0 963574
0 348086 0 924840 0 358073 0 717116 0 952250 0 233164 0 163467 0 682245 0 290741 0 674683 0 425006 0 233837 0 726469 0 13758 0 878970 0 915740 0 244206 0 63591 0 911911 0 305318 0 285264 0 611168 0 0 0
706099 0 441427 0 935565 0 368723 0 2203 0 427815 0 261159 0 965776 0 775900 0 185998 0 840200 0 9368 0 138248 0 73363 0 0 0 336844 0 364103 0 847517 0 278202 0 597939 0 90337 0 291959 0 993260 0 6076
0 52516 0 573202 0 434338 0 874186 0 858465 0 45505 0 166721 0 80916 0 486931 0 618637 0 449638 0 5485 0 46452 0 710797 0 487612 0 338703 0 896794 0 327811 0 348070 0 551393 0 401173 0 520904 0 404589 0
281628 0 884772 0 682790 0 395918 0 491460 0 491100 0 905530 0 497535 0 543616 0 478731 0 931872 0 417801 0 853548 0 977376 0 100873 0 934463 0 980658 0 719509 0 900452 0 986142 0 282312 0 611248 0 473753 0 621015
0 24394 0 801563 0 485436 0 92138 0 202735 0 522691 0 496726 0 714 0 923814 0 179515 0 396632 0 415273 0 670615 0 302161 0 429159 0 730582 0 297243 0 361030 0 148382 0 667142 0 854757 0 249254 0 117956 0
835414 0 485114 0 18408 0 821555 0 767426 0 629655 0 811659 0 904792 0 170400 0 613221 0 390227 0 262538 0 332308 0 429270 0 759263 0 849373 0 353083 0 455130 0 0 0 284708 0 642096 0 64516 0 713866 0 372677
0 361759 0 591248 0 37410 0 545252 0 446004 0 286663 0 663208 0 797770 0 288128 0 681615 0 619324 0 55553 0 827621 0 947335 0 960344 0 998021 0 76907 0 866923 0 260558 0 409214 0 812544 0 536172 0 258587 0
165626 0 991301 0 20942 0 966685 0 149748 0 85458 0 680551 0 522424 0 963568 0 271798 0 559833 0 25171 0 234153 0 362847 0 688378 0 31922 0 167327 0 886344 0 167598 0 222879 0 713965 0 114932 0 699575 0 711985
0 708190 0 82849 0 488894 0 117404 0 895392 0 25065 0 892342 0 577369 0 532718 0 429635 0 544054 0 682465 0 31444 0 740956 0 721241 0 511363 0 529105 0 797425 0 536534 0 279609 0 676624 0 741263 0 311531 0
843950 0 627607 0 995480 0 66828 0 341571 0 626763 0 282754 0 53555 0 334952 0 365602 0 58800 0 968707 0 777345 0 83864 0 377400 0 354714 0 616581 0 807035 0 415119 0 815398 0 838478 0 672426 0 536638 0 866193
0 717882 0 334062 0 402726 0 997490 0 10685 0 143988 0 825372 0 0 0 771594 0 820851 0 437814 0 113164 0 963965 0 236919 0 683070 0 298917 0 602521 0 741869 0 267623 0 896217 0 342085 0 161375 0 767282 0
475017 0 968409 0 182400 0 290414 0 323238 0 371177 0 827051 0 0 0 89058 0 677465 0 108507 0 602900 0 204501 0 252495 0 428271 0 575487 0 540440 0 765474 0 0 0 169956 0 729438 0 766570 0 0 0 544706
0 885442 0 111246 0 328681 0 781659 0 453330 0 490055 0 548940 0 928346 0 458463 0 247692 0 735112 0 298052 0 135220 0 78514 0 3834 0 224278 0 755978 0 112340 0 827177 0 476831 0 881186 0 771799 0 52317 0
937978 0 0 0 98320 0 107933 0 783062 0 381241 0 477309 0 327767 0 266683 0 104906 0 656447 0 564693 0 74587 0 662853 0 629984 0 519285 0 637667 0 877675 0 254396 0 935719 0 12895 0 332909 0 455904 0 753524
0 605239 0 568243 0 97052 0 82069 0 965781 0 385202 0 650737 0 903758 0 922474 0 0 0 11690 0 221887 0 646648 0 5350 0 66005 0 429682 0 110256 0 722452 0 994374 0 184842 0 901656 0 624358 0 704126 0
539323 0 18384 0 474873 0 475041 0 547630 0 324134 0 930944 0 817505 0 929372 0 15538 0 914556 0 527792 0 981318 0 299758 0 694880 0 885075 0 738583 0 960287 0 413116 0 476821 0 123286 0 418466 0 542825 0 552968
0 45073 0 265276 0 547341 0 229914 0 683284 0 688050 0 450392 0 222606 0 222786 0 925264 0 213998 0 770415 0 249397 0 661293 0 104272 0 0 0 676830 0 0 0 739263 0 174500 0 834936 0 434142 0 575926 0
89870 0 910780 0 989042 0 566690 0 550418 0 923859 0 109515 0 103385 0 485283 0 891142 0 167077 0 715196 0 574425 0 371479 0 681939 0 313382 0 594264 0 123555 0 527379 0 881030 0 889303 0 188671 0 0 0 584423
0 381853 0 520480 0 840037 0 556352 0 355415 0 274179 0 132277 0 961637 0 701310 0 637670 0 44678 0 251727 0 77880 0 670544 0 871463 0 563162 0 561686 0 38540 0 794710 0 652462 0 410018 0 476648 0 965844 0
520633 0 116554 0 9574 0 401662 0 5857 0 198245 0 386963 0 106631 0 580097 0 907442 0 946667 0 652800 0 0 0 737197 0 301428 0 740844 0 438507 0 939098 0 785522 0 206585 0 533329 0 972417 0 78048 0 612843
0 534102 0 632939 0 407552 0 702916 0 42956 0 400551 0 185111 0 563588 0 33457 0 194684 0 965249 0 39313 0 392928 0 868563 0 662295 0 489376 0 776004 0 125313 0 142175 0 555212 0 862510 0 959955 0 812407 0
817368 0 899052 0 114280 0 23952 0 948732 0 86697 0 618351 0 561574 0 137150 0 251289 0 485477 0 840065 0 0 0 402380 0 25175 0 890535 0 435836 0 736211 0 372136 0 991500 0 645490 0 240698 0 653794 0 134866
0 16702 0 295458 0 793392 0 88265 0 674319 0 753346 0 417023 0 491686 0 168749 0 531303 0 31990 0 117481 0 617999 0 166692 0 195406 0 271500 0 417981 0 0 0 111565 0 228576 0 599614 0 653091 0 635463 0
35449 0 389301 0 7598 0 26948 0 34791 0 248295 0 197093 0 686008 0 781348 0 492550 0 479399 0 385964 0 166869 0 749097 0 802987 0 174906 0 917845 0 334289 0 206895 0 551677 0 468639 0 373587 0 263435 0 740138
0 307919 0 460669 0 368054 0 52846 0 60282 0 537497 0 688308 0 612082 0 443149 0 695905 0 639029 0 994291 0 460552 0 836121 0 680298 0 241899 0 845022 0 676049 0 627863 0 11890 0 941497 0 430849 0 186796 0
859341 0 281489 0 910042 0 927370 0 266479 0 799980 0 707156 0 522968 0 624250 0 684176 0 891022 0 677096 0 744457 0 944870 0 881755 0 0 0 388018 0 94012 0 511918 0 382309 0 554563 0 864390 0 578958 0 312813
0 225763 0 771358 0 457027 0 237653 0 712854 0 887875 0 940800 0 88547 0 685715 0 367193 0 532268 0 952193 0 683525 0 239423 0 475161 0 824126 0 923598 0 882534 0 501221 0 0 0 343755 0 899328 0 57295 0
731772 0 993339 0 85564 0 630432 0 547901 0 466305 0 725742 0 377065 0 692067 0 497099 0 834092 0 446071 0 726305 0 238318 0 903222 0 814851 0 924033 0 786767 0 347118 0 392577 0 470291 0 102892 0 384089 0 0
0 0 0 782974 0 311989 0 727246 0 126728 0 211316 0 300892 0 374852 0 721006 0 386455 0 5283 0 785258 0 852759 0 247376 0 162322 0 544825 0 260827 0 996413 0 507248 0 987131 0 234731 0 410469 0 318333 0
675115 0 197235 0 181802 0 67691 0 667525 0 801045 0 451780 0 478293 0 343885 0 751105 0 306633 0 71130 0 877833 0 34300 0 372021 0 252684 0 755305 0 274827 0 774318 0 540562 0 127585 0 538046 0 702883 0 188761
0 798872 0 215648 0 696008 0 302354 0 450378 0 106477 0 620686 0 125492 0 303711 0 318839 0 709534 0 487588 0 119883 0 677665 0 482232 0 463767 0 428770 0 788864 0 51248 0 306602 0 823163 0 939620 0 75637 0
94819 0 214446 0 849954 0 151732 0 858382 0 387999 0 370966 0 0 0 703222 0 586613 0 259502 0 5575 0 36990 0 0 0 142612 0 678833 0 186040 0 977802 0 388367 0 189979 0 97684 0 66031 0 188562 0 77802
0 11152 0 977425 0 129049 0 317753 0 316939 0 585020 0 393389 0 928109 0 799465 0 759695 0 79840 0 657846 0 664045 0 0 0 221340 0 883619 0 37418 0 480841 0 889193 0 590760 0 363170 0 548157 0 785944 0
549209 0 525958 0 174310 0 255540 0 623642 0 756693 0 444101 0 217795 0 767844 0 937878 0 863196 0 601949 0 771168 0 448215 0 511689 0 699277 0 247680 0 787735 0 295468 0 421877 0 451780 0 746273 0 0 0 335398
0 300043 0 640408 0 740942 0 890802 0 3577 0 289098 0 0 0 69138 0 331408 0 367407 0 841029 0 955049 0 640451 0 801481 0 689195 0 408294 0 739358 0 0 0 0 0 26878 0 605 0 38283 0 726154 0
764636 0 826017 0 537973 0 702864 0 794148 0 284246 0 862432 0 645897 0 584288 0 502839 0 386839 0 991441 0 0 0 192288 0 184537 0 91905 0 523695 0 551943 0 449285 0 995095 0 192393 0 250765 0 684290 0 117039
0 990123 0 753031 0 643632 0 533352 0 753635 0 198266 0 775857 0 34622 0 540635 0 313829 0 737486 0 334782 0 598074 0 599917 0 980679 0 698713 0 619107 0 883869 0 690153 0 641874 0 592508 0 874690 0 250130 0
116203 0 942984 0 699414 0 627649 0 135377 0 950179 0 828290 0 768767 0 456653 0 581321 0 928750 0 990004 0 851307 0 643368 0 282212 0 885929 0 184002 0 596040 0 623414 0 35135 0 194114 0 739682 0 532165 0 409178
0 358788 0 416033 0 99331 0 517014 0 524893 0 490372 0 283495 0 157447 0 433355 0 982909 0 785095 0 85083 0 449439 0 613385 0 0 0 422443 0 711057 0 298951 0 928798 0 562363 0 942318 0 211009 0 448291 0
126319 0 807048 0 588056 0 161453 0 517513 0 327737 0 209970 0 926691 0 202877 0 142354 0 542373 0 236242 0 667246 0 32744 0 519736 0 824692 0 466098 0 502644 0 609787 0 551181 0 468434 0 739523 0 921381 0 890876
0 450579 0 220331 0 819673 0 12941 0 679000 0 547033 0 977584 0 805318 0 354081 0 565639 0 483123 0 387945 0 409728 0 693092 0 830987 0 612604 0 835445 0 373359 0 848845 0 19043 0 406102 0 368580 0 843734 0
29 36
35 2
17 16
45 30
24 45
26 25
39 28
40 45
27 45
28 25
44 10
35 15
23 35
47 35
30 18
12 37
32 46
38 27
41 14
9 43
11 35
20 3
41 38
26 20
36 6
23 32
41 36
26 16
24 4
30 32
21 20
21 5
18 37
11 37
3 19
33 40
32 31
42 25
1 46
23 36
4 25
46 44
13 3
38 15
7 46
46 6
18 45
37 15
34 47
4 16
18 15
8 29
