1000 1000
921 641 446 991 556 986 411 126 406 96 26 771 406 506 956 526 166 961 796 466 646 371 226 786 46 256 536 606 561 486 96 746 381 66 926 671 356 721 81 141 131 691 301 906 996 201 881 736 136 196 541 386 351 546 106 911 116 596 616 821 556 896 776 201 926 746 111 746 786 906 371 916 221 96 36 536 401 821 896 236 941 231 451 356 826 236 801 756 186 756 801 521 131 936 346 716 351 431 936 321 541 191 816 186 321 696 376 516 721 296 276 26 926 886 666 111 121 901 451 626 811 756 736 41 151 616 551 326 761 626 656 256 771 256 856 951 251 686 851 701 886 296 536 426 391 841 931 356 401 306 216 396 811 836 931 401 66 711 596 481 446 901 441 961 496 586 211 251 956 671 146 406 211 226 176 516 651 281 146 696 661 521 331 311 191 266 211 541 181 481 896 511 561 501 851 241 296 101 941 436 271 116 306 901 281 751 771 786 81 391 86 576 576 906 671 421 861 946 141 466 811 221 361 751 781 71 711 761 296 196 771 926 616 396 311 796 521 56 726 1 766 871 506 336 636 446 496 156 876 766 501 361 841 141 271 761 866 731 596 541 876 681 771 806 986 146 321 356 831 606 506 471 181 886 436 491 591 96 946 806 581 806 471 161 466 641 816 731 71 881 116 726 711 986 631 896 866 581 386 261 101 121 336 691 266 631 171 366 656 126 281 681 91 341 476 796 161 691 491 151 581 46 701 741 171 536 181 376 956 601 651 686 111 346 251 571 341 11 711 331 481 181 736 136 416 321 331 546 6 536 386 766 481 846 696 61 971 861 71 261 581 966 251 821 941 891 966 416 626 351 741 216 486 286 261 361 696 956 121 971 601 206 936 376 816 21 931 1 116 301 346 51 901 306 891 901 496 196 326 921 306 856 556 351 306 801 841 486 816 586 431 566 661 206 221 461 461 551 456 76 881 46 911 441 711 41 416 686 491 656 216 976 371 56 246 611 796 206 621 981 716 331 176 366 751 946 601 706 526 811 611 566 586 526 41 146 881 486 376 961 156 76 726 846 511 11 281 551 516 716 666 271 246 81 231 501 651 381 831 206 801 611 231 81 31 336 236 226 816 276 346 491 26 831 661 581 736 751 706 436 231 201 821 241 11 601 966 311 636 791 86 161 786 996 946 646 971 1 846 451 471 391 826 806 36 106 516 876 706 496 236 576 166 56 651 91 921 456 426 921 881 61 986 836 476 1 426 106 616 606 391 981 386 586 861 426 506 6 681 541 826 206 316 656 191 546 186 16 411 466 291 291 86 701 696 16 926 186 716 616 436 126 866 16 281 721 161 201 611 976 611 566 106 21 996 861 981 756 806 221 241 16 706 776 166 986 946 956 511 976 556 421 576 176 691 301 551 361 291 126 381 871 286 71 636 416 751 6 761 11 841 91 391 246 941 746 21 951 856 741 96 36 131 191 51 231 531 636 676 951 266 791 86 531 991 81 571 196 326 791 101 141 421 331 981 641 146 246 406 596 991 836 501 591 676 1 381 411 476 471 676 991 916 841 591 436 76 846 56 246 631 406 121 431 891 831 321 566 551 971 256 871 511 886 76 441 596 971 871 91 676 291 731 566 651 906 656 906 996 156 531 456 571 731 221 31 606 866 626 776 111 51 891 216 241 781 766 636 366 361 346 531 446 371 561 701 341 91 776 316 266 521 476 261 336 421 741 271 186 681 851 736 621 811 681 201 796 451 401 981 511 461 766 666 151 111 791 781 836 726 241 31 396 376 761 851 421 851 341 126 931 491 411 586 591 401 661 911 41 151 276 301 431 56 691 136 431 721 801 716 621 471 916 781 131 461 996 831 526 6 266 686 571 826 311 571 961 936 396 951 286 156 276 456 311 456 416 441 31 676 731 786 451 606 661 341 671 501 976 271 256 621 601 621 366 591 746 386 226 36 151 381 496 316 966 951 896 546 21 296 66 886 791 121 211 166 856 61 446 106 646 976 466 101 276 51 781 171 136 916 706 16 61 646 196 726 671 561 576 991 856 356 546 6 666 171 171 161 476 36 966 131 631 251 441 31 961 66 911 686 876 556 301 641 941 176 181 166 41 531 826 936 211 326 871 741 366 21 326 216 426 61 836 76 11 526 136 821 931 921 71 486 336 861 316 286 26 701 51 371 66 461 26 756 291 516 561 776 396 411 876 191 86 646 641 316 236 891 846 156 286 866 631 141 521 916 261 911 226 46 481 351 101 46 176 666 626 721 116 506 
1 343 939 658
1 397 894 566
1 408 903 903
1 215 955 775
1 342 842 539
1 412 447 512
1 150 646 686
1 294 787 491
1 108 605 9
1 386 881 597
1 442 926 990
1 316 619 830
1 277 772 463
1 61 870 823
1 425 923 239
1 233 547 595
1 420 918 983
1 423 875 281
1 237 734 834
1 326 438 89
1 295 881 883
1 197 237 342
1 30 51 757
1 465 965 700
1 183 680 731
1 452 531 762
1 198 692 210
1 266 763 1
1 98 594 548
1 25 519 686
1 435 930 406
1 211 707 389
1 205 951 556
1 269 766 591
1 51 329 380
1 375 616 341
1 226 719 825
1 217 837 613
1 20 187 114
1 412 906 444
1 243 742 162
1 306 469 670
1 10 506 513
1 87 582 242
1 156 315 802
1 477 972 490
1 336 671 511
1 227 397 642
1 448 725 483
1 463 637 142
1 78 95 510
1 172 502 665
1 146 573 270
1 376 685 939
1 357 856 580
1 319 657 972
1 17 516 821
1 115 992 431
1 370 883 19
1 89 585 65
1 198 269 300
1 206 696 417
1 36 529 441
1 28 521 610
1 173 546 97
1 334 367 639
1 466 817 759
1 439 935 423
1 210 337 738
1 222 251 666
1 200 694 132
1 207 982 131
1 252 749 21
1 419 918 166
1 390 884 889
1 200 455 652
1 43 827 344
1 411 737 701
1 103 600 76
1 186 389 781
1 468 868 281
1 489 607 331
1 65 565 936
1 77 595 894
1 45 542 436
1 90 583 633
1 69 565 153
1 139 634 344
1 364 985 786
1 392 593 868
1 15 789 115
1 215 711 900
1 69 891 158
1 345 988 85
1 459 726 42
1 495 704 491
1 469 962 617
1 351 777 944
1 417 884 744
1 487 980 149
1 170 237 845
1 220 719 400
1 176 346 420
1 168 664 93
1 442 939 75
1 307 990 551
1 39 665 568
1 1 498 33
1 410 697 423
1 50 549 577
1 186 686 681
1 244 738 116
1 137 637 689
1 366 596 536
1 317 816 576
1 53 552 902
1 107 221 476
1 338 831 902
1 444 808 285
1 156 649 417
1 141 637 385
1 85 582 41
1 27 273 9
1 334 831 867
1 149 744 75
1 352 849 120
1 325 955 665
1 228 781 881
1 174 491 90
1 288 786 514
1 97 247 216
1 274 774 840
1 171 347 434
1 458 953 45
1 290 788 315
1 496 855 596
1 261 472 115
1 329 617 73
1 95 346 461
1 125 510 683
1 199 697 473
1 34 531 172
1 154 648 667
1 55 810 96
1 473 966 700
1 47 544 357
1 496 995 47
1 420 917 627
1 5 263 287
1 424 877 532
1 305 681 15
1 235 382 382
1 118 993 674
1 362 634 310
1 275 774 509
1 354 847 87
1 132 526 26
1 93 588 164
1 449 944 878
1 480 977 51
1 30 527 758
1 257 753 3
1 360 853 333
1 292 785 375
1 105 286 354
1 55 548 315
1 346 839 856
1 494 993 759
1 289 787 493
1 68 563 290
1 418 945 568
1 140 640 777
1 332 832 501
1 475 975 496
1 459 957 323
1 15 512 904
1 425 872 152
1 126 886 443
1 445 939 436
1 361 857 68
1 219 546 3
1 66 565 946
1 27 520 903
1 192 279 567
1 276 771 861
1 18 58 732
1 210 706 191
1 433 933 207
1 218 424 747
1 138 779 97
1 323 821 58
1 287 890 601
1 34 470 700
1 61 560 949
1 278 778 353
1 109 541 706
1 279 777 59
1 476 971 962
1 165 303 107
1 203 699 342
1 7 112 978
1 60 556 404
1 117 613 946
1 387 884 643
1 377 385 611
1 282 776 693
1 407 855 282
1 94 592 908
1 315 815 359
1 21 514 409
1 111 605 79
1 96 551 281
1 70 538 650
1 280 775 889
1 270 767 69
1 344 569 532
1 57 555 371
1 4 379 242
1 350 844 832
1 160 220 764
1 138 633 430
1 118 613 533
1 148 387 988
1 54 75 179
1 67 567 12
1 76 152 63
1 166 764 884
1 288 315 793
1 259 729 471
1 18 514 128
1 13 759 109
1 367 865 465
1 418 918 577
1 274 969 670
1 285 780 329
1 23 288 649
1 188 197 980
1 256 927 377
1 456 956 111
1 358 857 181
1 260 992 745
1 14 591 351
1 443 940 496
1 246 282 475
1 81 578 131
1 254 747 983
1 171 665 778
1 134 585 589
1 481 975 59
1 497 997 256
1 265 562 863
1 476 841 468
1 429 926 540
1 41 540 642
1 82 599 860
1 294 779 626
1 167 894 174
1 408 653 161
1 355 851 732
1 432 925 157
1 160 658 77
1 478 975 303
1 403 801 149
1 393 888 881
1 374 957 418
1 446 926 64
1 57 686 95
1 463 961 324
1 381 830 983
1 214 708 358
1 26 148 986
1 83 580 658
1 441 866 612
1 187 682 613
1 336 836 552
1 430 924 976
1 498 992 46
1 313 318 918
1 208 850 461
1 391 640 851
1 349 399 189
1 396 547 543
1 486 982 188
1 398 579 649
1 5 503 572
1 497 591 495
1 120 618 322
1 331 943 356
1 314 673 107
1 182 835 363
1 177 674 147
1 359 865 221
1 371 868 878
1 485 984 742
1 136 449 859
1 292 537 901
1 246 745 941
1 205 701 467
1 185 648 884
1 45 559 915
1 450 543 948
1 125 618 563
1 115 615 996
1 454 876 659
1 150 395 410
1 92 585 668
1 312 841 93
1 428 928 842
1 62 561 812
1 232 445 894
1 238 691 326
1 63 635 533
1 287 782 673
1 438 932 69
1 239 321 15
1 443 975 442
1 472 968 814
1 233 726 564
1 76 576 127
1 204 702 644
1 295 789 466
1 360 532 886
1 283 629 336
1 304 801 769
1 335 832 9
1 273 803 69
1 62 63 655
1 16 513 813
1 333 833 882
1 56 778 558
1 224 717 758
1 6 499 22
1 49 547 667
1 223 720 553
1 355 960 196
1 297 797 360
1 130 627 618
1 72 571 643
1 128 623 170
1 175 670 705
1 258 756 68
1 113 974 85
1 465 538 853
1 389 627 675
1 457 900 832
1 397 824 108
1 165 662 649
1 382 876 351
1 377 877 770
1 19 512 313
1 52 549 82
1 189 685 735
1 74 80 27
1 488 742 321
1 436 485 507
1 97 594 97
1 405 899 622
1 264 267 213
1 158 1000 641
1 439 941 833
1 372 869 186
1 359 852 193
1 203 328 583
1 209 703 806
1 40 536 844
1 264 763 958
1 485 580 922
1 135 821 601
1 12 723 20
1 344 842 146
1 106 601 260
1 130 568 523
1 151 449 326
1 255 470 381
1 297 803 891
1 258 496 590
1 426 925 625
1 445 749 627
1 230 726 361
1 437 934 449
1 248 748 793
1 296 795 223
1 422 447 523
1 202 695 87
1 173 666 574
1 181 675 388
1 33 531 140
1 346 539 774
1 224 440 845
1 460 956 940
1 263 758 258
1 86 585 58
1 114 566 748
1 167 667 100
1 312 806 758
1 347 842 17
1 262 761 552
1 473 750 780
1 490 985 134
1 341 839 495
1 320 893 713
1 73 267 217
1 241 677 388
1 129 744 954
1 244 968 658
1 453 946 524
1 308 804 159
1 483 741 245
1 471 965 372
1 23 520 619
1 433 892 791
1 303 796 831
1 383 878 434
1 148 645 445
1 241 738 219
1 318 436 978
1 208 705 988
1 327 823 456
1 105 602 964
1 194 693 623
1 116 610 14
1 226 664 748
1 440 592 753
1 37 700 295
1 38 635 384
1 468 963 320
1 157 838 939
1 280 612 33
1 398 896 934
1 49 216 450
1 11 912 393
1 455 632 329
1 259 758 96
1 437 623 617
1 98 869 179
1 192 692 525
1 28 299 601
1 440 937 29
1 218 718 889
1 227 725 184
1 144 643 449
1 121 404 594
1 491 520 171
1 457 957 881
1 196 696 165
1 32 393 779
1 393 781 920
1 466 960 194
1 9 506 676
1 467 967 372
1 464 519 794
1 317 457 796
1 273 766 2
1 100 593 165
1 254 498 110
1 85 923 888
1 389 882 359
1 170 670 931
1 284 780 567
1 427 923 477
1 399 485 23
1 484 982 152
1 484 649 642
1 431 929 599
1 124 129 465
1 60 275 33
1 300 795 976
1 421 775 740
1 330 491 258
1 341 375 5
1 146 642 777
1 219 717 247
1 82 576 681
1 310 808 634
1 387 395 206
1 239 732 207
1 373 930 931
1 284 722 282
1 421 919 652
1 311 804 639
1 116 643 654
1 232 732 144
1 283 780 254
1 243 990 973
1 225 722 104
1 313 809 485
1 415 781 674
1 177 500 973
1 88 583 976
1 310 856 863
1 265 759 185
1 133 628 286
1 162 662 305
1 281 499 367
1 396 890 225
1 191 686 162
1 24 519 228
1 329 824 249
1 474 698 876
1 87 606 583
1 123 385 5
1 277 366 374
1 268 764 520
1 92 283 219
1 301 527 755
1 309 805 570
1 135 632 271
1 298 796 834
1 2 882 554
1 327 985 304
1 386 726 238
1 229 853 71
1 236 730 419
1 419 920 452
1 14 512 289
1 384 841 843
1 83 360 184
1 296 537 710
1 500 994 539
1 358 500 71
1 489 987 787
1 343 839 12
1 470 649 953
1 79 572 10
1 492 498 94
1 128 959 726
1 141 698 190
1 356 651 72
1 298 892 330
1 335 900 833
1 43 542 117
1 251 745 271
1 101 598 370
1 339 833 366
1 68 697 13
1 32 526 610
1 163 658 279
1 394 887 731
1 311 579 118
1 286 784 480
1 318 811 892
1 253 746 791
1 31 525 943
1 147 924 212
1 337 681 81
1 234 734 408
1 293 787 377
1 222 717 229
1 155 189 83
1 37 536 87
1 221 787 763
1 71 571 781
1 276 619 680
1 272 737 936
1 53 159 143
1 356 852 355
1 47 135 997
1 454 947 757
1 71 972 881
1 263 686 643
1 266 854 386
1 194 738 378
1 143 643 341
1 16 142 923
1 64 557 114
1 364 858 728
1 129 627 512
1 349 847 334
1 380 464 813
1 180 679 44
1 409 667 435
1 88 765 643
1 184 796 240
1 491 987 222
1 136 635 750
1 184 678 181
1 342 760 202
1 80 281 749
1 498 774 112
1 272 769 203
1 406 545 167
1 103 407 816
1 109 607 122
1 328 828 607
1 20 513 439
1 33 533 509
1 303 340 387
1 216 711 993
1 158 658 622
1 191 265 828
1 291 965 43
1 403 900 242
1 131 631 4
1 25 160 762
1 400 620 227
1 238 735 163
1 350 463 484
1 8 178 481
1 248 931 425
1 370 867 335
1 415 909 942
1 80 577 540
1 449 728 647
1 399 895 803
1 374 872 783
1 202 255 222
1 234 355 762
1 379 557 299
1 13 507 230
1 104 482 794
1 413 936 822
1 461 956 629
1 354 366 398
1 475 746 938
1 56 552 846
1 236 383 893
1 11 511 993
1 230 264 90
1 139 458 142
1 113 608 818
1 217 710 386
1 290 569 356
1 64 229 659
1 131 950 622
1 493 993 232
1 307 805 580
1 402 901 888
1 119 616 160
1 140 857 480
1 46 713 763
1 126 622 961
1 175 236 907
1 119 632 97
1 81 774 422
1 180 618 553
1 182 675 334
1 351 847 799
1 257 847 22
1 363 859 190
1 306 803 180
1 429 745 187
1 315 861 719
1 407 904 993
1 469 934 436
1 195 694 776
1 168 256 475
1 376 874 569
1 155 654 192
1 308 676 933
1 89 849 359
1 86 755 423
1 416 588 888
1 206 704 552
1 339 445 299
1 100 782 306
1 142 378 118
1 237 821 135
1 434 927 317
1 178 675 938
1 216 526 425
1 190 684 742
1 212 260 132
1 201 493 967
1 461 685 980
1 78 572 758
1 101 612 751
1 347 909 641
1 99 568 6
1 164 663 746
1 450 950 709
1 286 688 911
1 189 310 570
1 474 972 595
1 161 655 253
1 17 396 19
1 214 950 767
1 482 977 827
1 46 545 101
1 453 916 594
1 159 654 271
1 378 607 131
1 328 399 469
1 212 705 310
1 153 896 298
1 375 872 248
1 157 650 796
1 161 321 350
1 252 601 306
1 147 647 775
1 301 796 247
1 137 511 19
1 42 538 486
1 322 843 815
1 352 932 23
1 7 505 123
1 127 622 761
1 348 848 885
1 483 976 353
1 372 451 399
1 406 906 394
1 478 790 927
1 211 791 182
1 456 754 495
1 99 598 692
1 127 170 637
1 79 325 2
1 427 772 427
1 9 450 70
1 110 384 953
1 430 522 328
1 122 595 185
1 381 881 802
1 405 635 988
1 247 740 139
1 300 667 732
1 153 649 656
1 221 714 378
1 392 887 220
1 367 592 833
1 337 834 258
1 423 918 794
1 479 974 880
1 144 178 282
1 490 942 991
1 448 947 546
1 388 821 745
1 500 826 357
1 188 683 90
1 106 951 463
1 66 304 843
1 434 572 996
1 225 337 906
1 21 398 903
1 223 440 94
1 395 893 213
1 357 374 786
1 345 843 545
1 199 780 560
1 458 662 801
1 340 837 449
1 267 764 257
1 240 981 546
1 250 486 839
1 204 876 601
1 3 765 343
1 39 536 89
1 29 527 520
1 38 532 410
1 299 794 118
1 242 737 892
1 240 740 762
1 271 598 486
1 371 558 64
1 391 891 442
1 142 642 575
1 174 668 172
1 385 623 79
1 112 609 900
1 235 729 566
1 304 823 592
1 3 503 907
1 262 761 845
1 299 977 519
1 22 516 919
1 271 765 928
1 366 863 303
1 96 595 49
1 340 600 213
1 102 599 431
1 94 320 231
1 384 883 317
1 413 909 249
1 122 619 427
1 302 802 717
1 187 822 834
1 470 963 797
1 102 721 100
1 411 905 607
1 31 861 922
1 111 214 937
1 362 862 453
1 268 455 789
1 432 976 849
1 289 971 559
1 401 901 647
1 321 816 117
1 247 871 379
1 410 907 166
1 261 759 846
1 492 989 38
1 285 508 661
1 2 500 721
1 190 267 457
1 169 670 335
1 52 223 384
1 220 509 416
1 162 637 580
1 279 698 760
1 58 557 459
1 464 963 100
1 499 564 832
1 75 679 701
1 250 750 936
1 269 364 661
1 179 678 631
1 452 948 280
1 451 527 636
1 365 860 541
1 12 511 811
1 72 90 653
1 417 917 986
1 185 683 484
1 228 725 718
1 159 790 702
1 270 520 567
1 488 984 540
1 309 629 465
1 120 772 799
1 22 718 101
1 493 820 492
1 197 693 272
1 44 537 698
1 319 818 10
1 6 188 240
1 390 414 513
1 84 886 738
1 44 553 23
1 196 974 85
1 305 800 195
1 426 713 945
1 441 935 708
1 382 557 695
1 163 353 819
1 275 292 332
1 63 562 873
1 143 919 253
1 207 703 782
1 320 814 459
1 164 792 373
1 193 687 897
1 368 440 580
1 73 572 140
1 383 940 696
1 133 970 579
1 132 626 377
1 322 816 72
1 245 739 891
1 195 984 213
1 149 644 149
1 166 666 306
1 400 898 501
1 29 785 654
1 245 860 827
1 112 773 541
1 348 849 61
1 93 685 18
1 499 993 404
1 278 718 613
1 41 498 365
1 446 941 574
1 8 502 539
1 4 498 746
1 326 822 595
1 281 778 942
1 35 530 600
1 51 551 403
1 59 256 368
1 117 374 9
1 482 634 751
1 495 989 551
1 316 813 683
1 422 919 642
1 152 614 272
1 471 895 851
1 40 930 221
1 107 607 558
1 321 704 31
1 65 174 913
1 48 199 29
1 172 672 619
1 486 623 691
1 472 799 189
1 91 375 147
1 401 901 293
1 428 482 25
1 48 547 489
1 59 555 343
1 91 591 400
1 50 320 545
1 67 947 480
1 123 619 801
1 436 932 276
1 121 616 862
1 380 876 524
1 282 515 176
1 26 523 698
1 249 481 159
1 134 632 82
1 447 720 854
1 373 873 738
1 77 575 882
1 332 616 203
1 330 826 584
1 256 756 214
1 253 881 838
1 1 695 147
1 151 649 728
1 414 996 726
1 365 456 439
1 447 941 571
1 95 591 573
1 229 728 60
1 10 81 228
1 36 383 145
1 388 883 696
1 260 757 608
1 74 567 34
1 379 878 381
1 402 676 102
1 302 406 747
1 424 921 8
1 291 784 99
1 477 749 883
1 431 478 205
1 494 835 834
1 404 901 942
1 35 847 827
1 435 554 378
1 293 854 617
1 213 707 969
1 267 784 881
1 460 570 439
1 331 828 184
1 90 233 399
1 145 645 523
1 42 781 959
1 353 849 582
1 75 569 634
1 181 231 81
1 462 961 402
1 369 868 969
1 481 745 445
1 462 730 523
1 209 671 434
1 110 610 487
1 201 699 308
1 154 240 179
1 124 624 455
1 467 811 820
1 314 811 985
1 363 981 869
1 213 381 26
1 193 272 441
1 251 702 871
1 70 565 811
1 444 938 292
1 487 876 906
1 183 964 88
1 378 877 837
1 242 845 54
1 416 916 365
1 451 946 393
1 385 885 859
1 480 787 712
1 338 471 152
1 104 599 227
1 324 817 788
1 176 673 948
1 479 692 97
1 361 388 378
1 24 915 977
1 325 820 914
1 438 936 773
1 409 905 71
1 455 948 208
1 404 581 308
1 353 474 324
1 84 584 680
1 369 570 844
1 231 730 218
1 394 499 961
1 145 688 629
1 324 645 385
1 333 681 173
1 178 474 765
1 255 754 555
1 169 669 226
1 179 968 766
1 54 552 427
1 58 842 187
1 19 818 925
1 108 168 222
1 395 910 395
1 249 747 121
1 368 866 851
1 114 610 69
1 414 913 218
1 323 985 679
1 152 649 427
1 231 734 182
