1000 2000
671 176 881 581 156 166 551 411 746 766 166 461 796 961 826 26 206 791 271 926 81 431 381 616 121 596 6 611 201 801 151 346 851 566 741 271 366 756 986 806 586 171 541 446 796 66 411 581 531 906 241 466 96 961 746 896 651 166 866 296 91 686 706 126 391 51 896 36 546 296 591 196 251 671 256 196 286 506 176 471 846 546 836 656 421 61 631 471 451 251 276 826 456 991 656 901 586 911 466 966 601 981 256 771 106 691 426 31 101 226 376 856 566 581 956 541 576 756 401 641 956 806 611 331 876 286 941 406 761 731 246 666 746 766 506 476 336 16 121 836 806 491 721 671 641 331 186 26 336 306 261 801 851 526 286 966 936 496 396 391 416 506 226 781 786 306 216 931 321 776 286 516 256 501 46 481 926 426 376 321 46 771 231 616 976 721 736 276 736 516 291 686 511 356 621 981 616 106 546 586 866 386 226 66 226 141 711 186 876 41 81 846 446 126 396 711 576 141 446 416 426 161 716 861 326 326 971 501 186 676 626 181 321 916 831 146 416 696 726 951 161 91 216 211 191 151 771 611 251 351 606 886 561 1 966 586 131 561 841 806 186 416 341 621 591 386 366 886 596 241 991 486 681 146 511 491 326 836 156 666 856 626 421 976 356 876 206 741 731 676 16 656 231 551 646 406 26 776 336 886 731 601 236 111 906 561 481 416 556 346 471 931 276 836 851 771 211 451 886 836 871 621 696 421 831 686 526 421 501 661 161 796 146 781 431 56 441 256 511 216 236 336 16 306 726 326 531 556 266 996 736 766 786 816 631 826 321 236 866 976 786 516 441 11 486 211 446 291 311 251 631 311 546 381 521 406 841 496 171 81 811 751 461 411 721 626 561 91 16 381 896 681 951 986 566 246 821 951 641 481 841 6 111 791 466 666 286 206 991 556 966 961 751 781 336 541 726 596 376 361 156 36 21 111 651 726 131 261 871 906 511 86 931 676 971 436 791 191 21 606 921 1 76 911 391 491 526 501 181 401 676 636 536 921 376 106 41 941 571 31 366 901 866 816 971 846 576 171 31 351 151 426 756 491 386 341 996 161 471 116 56 111 141 941 201 816 751 156 246 331 981 966 746 261 686 371 71 181 191 26 936 851 821 521 821 401 311 106 136 811 661 911 801 631 341 756 471 501 896 256 141 386 921 11 746 826 591 11 671 531 216 231 351 281 436 391 316 916 306 626 961 781 806 606 551 346 46 861 516 361 351 536 961 671 681 1 171 861 916 51 191 646 66 606 301 116 651 86 451 126 906 401 361 756 21 306 396 76 316 951 371 926 761 466 531 121 721 991 571 41 916 891 616 851 696 986 811 276 481 136 681 886 191 941 466 976 261 266 296 571 861 556 946 556 381 91 121 446 56 161 586 116 71 81 871 486 421 291 871 491 716 846 221 591 136 361 321 891 881 641 201 56 576 31 406 901 901 71 486 46 156 676 56 126 956 866 631 131 936 611 881 941 656 971 616 996 296 891 441 926 531 121 106 996 61 731 711 181 346 131 96 431 656 316 231 96 221 831 401 456 451 241 876 236 456 811 6 841 76 296 331 356 946 511 911 931 36 826 561 596 396 536 741 151 76 891 736 636 86 576 861 636 301 936 356 461 21 751 236 691 481 661 16 36 706 611 281 761 581 821 701 551 761 316 831 946 506 856 76 991 506 956 856 166 761 601 496 931 536 201 81 701 51 496 136 601 881 711 646 391 646 661 361 596 151 821 281 651 666 566 706 516 291 376 271 986 651 946 696 881 691 486 101 6 621 96 541 311 126 906 916 406 271 91 771 206 811 686 251 736 741 921 641 546 411 846 346 636 441 706 66 551 6 431 951 476 206 201 176 131 221 701 601 396 776 36 776 796 716 221 741 831 716 636 86 61 461 61 331 221 71 696 211 456 816 521 196 781 371 581 116 231 871 266 371 276 721 111 841 456 51 766 196 216 571 101 816 526 26 801 46 271 911 71 176 411 496 96 571 186 451 246 146 436 791 796 646 731 66 301 371 1 246 181 566 976 526 936 101 441 921 711 891 706 606 521 341 621 386 541 791 981 856 986 436 476 176 1 701 476 626 701 316 426 136 341 751 241 381 981 351 261 876 266 116 946 291 786 536 786 31 996 326 666 366 41 766 166 11 21 521 196 141 971 226 776 11 661 726 591 366 101 901 281 716 61 461 301 86 956 801 691 171 241 681 926 301 41 356 51 436 146 431 691 311 896 211 281 476 266 
2 670
1 187 576 306
2 88
2 559
1 88 648 71
1 252 752 777
1 103 603 191
1 351 830 61
2 923
2 702
1 17 513 927
2 521
2 981
1 194 690 456
2 950
1 197 697 892
2 295
1 230 918 676
1 356 849 331
1 236 571 146
2 91
1 155 749 76
1 342 842 831
1 38 727 756
1 137 380 630
1 483 545 102
1 247 849 331
2 789
2 840
1 291 790 16
1 136 226 703
2 492
2 286
1 492 803 732
1 14 882 271
2 782
2 163
2 99
2 300
2 66
1 190 690 516
2 524
2 288
2 331
1 379 444 171
2 312
2 368
2 856
1 358 780 566
2 538
1 24 829 954
1 177 675 414
2 902
1 80 902 808
1 191 925 557
2 734
1 52 548 678
1 343 841 742
1 120 135 440
2 565
2 203
2 104
2 433
1 419 885 85
1 215 713 240
1 212 482 750
2 975
1 489 794 6
2 909
2 910
2 825
1 142 641 491
1 489 987 246
1 124 439 331
1 450 944 266
1 217 717 576
1 218 712 818
1 272 768 398
2 892
1 401 958 166
2 63
2 423
1 175 735 319
2 549
2 480
1 317 480 116
1 141 802 603
2 630
2 665
2 178
2 418
1 178 570 372
2 811
1 444 942 261
2 871
2 833
1 217 871 51
1 42 984 510
1 219 493 662
1 9 504 255
1 31 529 919
2 677
1 498 943 516
1 430 602 582
1 11 505 238
2 183
1 99 183 752
2 573
2 553
2 720
2 223
1 223 720 977
1 44 560 51
1 45 574 756
2 623
1 318 814 707
2 627
1 214 385 126
1 431 928 511
1 204 991 66
1 370 963 123
1 220 315 851
2 51
1 210 623 41
1 376 876 456
1 28 523 480
1 16 512 911
2 2
2 604
1 230 729 676
1 368 865 371
2 110
1 15 513 393
1 294 903 551
2 539
2 288
1 332 830 131
2 360
2 141
1 21 638 300
1 127 604 190
2 596
2 59
2 231
1 25 971 366
2 11
2 996
2 958
1 479 601 681
2 63
1 275 772 931
2 276
1 327 822 551
2 607
1 107 607 55
2 75
1 329 791 691
1 74 920 135
1 383 880 161
2 160
1 178 672 426
2 490
2 946
1 490 987 301
1 431 436 436
1 245 343 16
1 480 510 811
2 300
2 420
1 118 616 91
2 570
2 292
1 407 671 240
2 867
1 92 591 908
2 49
1 46 541 552
2 747
2 818
1 263 763 726
1 382 631 716
1 108 608 172
2 8
2 68
2 152
1 106 606 451
1 192 692 686
2 256
1 147 382 134
1 418 606 596
2 518
1 193 982 691
2 64
1 150 644 31
1 420 913 332
1 51 549 516
2 559
1 468 811 741
1 263 520 9
2 135
1 458 951 941
2 794
2 565
2 302
1 472 801 746
1 74 571 318
1 353 852 695
2 432
1 129 625 998
1 36 989 356
1 457 954 41
2 366
1 46 829 424
2 454
2 702
1 454 838 796
2 235
2 30
1 146 641 201
1 202 696 367
1 244 792 211
2 462
1 10 505 821
1 425 925 720
2 724
1 492 986 926
1 264 440 996
2 181
2 725
1 183 682 231
2 345
2 620
1 449 537 181
2 673
2 344
2 610
2 326
1 250 610 571
1 274 771 959
2 568
2 573
1 79 573 979
1 299 796 931
1 306 801 421
2 803
1 213 523 256
2 522
1 352 852 335
1 41 536 391
1 202 995 311
1 413 908 936
1 139 184 121
2 312
2 104
2 603
2 719
2 670
2 243
1 243 736 611
1 23 519 486
2 548
2 664
1 328 735 633
2 876
1 444 450 829
1 280 777 666
1 132 626 923
1 301 794 731
1 19 147 230
2 689
1 170 831 259
2 360
2 61
1 171 665 286
2 799
1 432 568 86
1 99 593 616
1 105 598 424
2 647
2 748
2 408
2 800
1 250 748 529
2 564
2 851
2 503
2 927
1 3 503 881
1 215 474 776
2 541
2 280
1 260 692 747
2 965
1 466 687 846
2 915
1 40 158 496
1 288 786 841
2 866
1 26 519 896
1 262 852 293
1 219 714 151
2 288
2 874
1 182 882 271
2 727
2 635
2 390
1 118 669 42
1 101 597 293
1 216 712 620
1 48 694 511
1 478 972 50
1 482 688 997
2 575
2 360
2 601
2 272
1 85 590 41
2 617
2 764
2 194
2 252
2 556
1 62 557 762
2 685
2 878
1 318 394 940
1 469 966 31
2 691
1 415 437 791
1 11 352 72
2 706
2 283
1 264 763 51
2 829
1 68 565 534
2 924
1 428 922 695
1 166 300 517
1 207 703 711
1 426 924 582
2 491
1 491 987 301
1 65 561 191
2 701
2 753
2 168
1 87 580 631
1 345 933 316
1 449 944 266
2 202
1 133 134 766
1 159 214 903
1 434 765 385
2 454
1 163 656 226
1 355 567 203
2 53
2 953
1 68 767 881
2 494
1 19 512 70
1 391 889 571
2 592
1 365 865 446
1 283 783 691
1 409 923 856
1 451 948 786
1 322 821 56
1 335 435 971
2 584
1 424 584 111
2 17
1 338 490 431
2 99
2 785
1 35 99 741
1 455 810 224
2 606
2 186
1 279 578 156
1 294 790 995
2 451
1 261 756 601
1 102 602 981
2 935
1 286 779 876
2 568
1 342 416 541
2 844
1 180 217 864
1 59 146 331
2 615
1 239 615 381
1 149 483 336
1 403 639 526
1 399 899 641
1 251 874 606
1 460 958 166
1 322 326 621
2 101
2 406
1 101 957 254
2 500
2 11
2 196
1 254 751 202
2 508
1 212 706 846
1 34 527 629
1 88 586 363
2 757
2 118
1 167 763 192
1 148 645 47
2 855
2 64
2 309
1 309 802 79
2 915
2 300
2 832
1 14 510 878
1 310 866 276
2 410
1 410 908 556
1 348 841 741
2 259
1 125 624 81
2 360
1 360 973 292
1 186 793 684
2 12
2 489
2 636
2 35
2 687
1 137 636 570
2 344
1 39 532 986
2 605
2 863
1 24 517 471
2 750
1 109 750 991
2 92
2 502
1 180 679 475
1 237 737 416
1 315 675 223
1 406 811 666
1 326 826 746
2 443
2 952
1 32 527 775
2 949
1 104 600 155
2 201
2 496
1 204 702 258
2 507
1 12 507 311
1 158 846 496
2 931
2 152
2 64
1 152 651 801
1 281 776 821
1 338 833 957
1 320 817 481
2 37
2 15
1 37 329 954
1 7 379 551
1 78 575 494
2 593
2 418
1 267 761 773
1 129 637 761
2 404
2 19
1 73 380 251
1 104 818 771
2 550
2 905
1 4 380 870
1 271 595 186
2 669
2 121
1 121 617 454
2 932
2 607
1 60 559 296
2 235
2 212
2 356
2 252
1 356 692 241
2 783
2 677
2 139
1 417 658 131
1 499 999 521
1 295 790 881
2 73
1 430 926 583
1 144 427 801
2 454
2 870
2 22
1 412 907 129
1 436 451 676
2 530
1 422 919 386
1 116 119 541
1 5 503 405
2 938
2 190
2 406
1 55 320 156
1 360 855 731
2 531
2 189
1 225 720 576
1 9 355 631
2 698
1 317 810 736
2 807
1 216 807 536
1 43 274 146
1 343 926 476
1 248 747 611
2 342
1 16 505 26
2 368
2 84
2 179
1 179 674 654
2 741
1 382 878 526
2 570
2 120
2 626
1 324 817 435
2 753
2 525
1 258 753 856
2 685
1 165 674 786
2 153
2 206
2 444
1 206 700 141
2 443
1 331 619 410
1 236 730 146
1 334 833 853
1 92 835 920
2 146
2 492
1 58 763 29
1 282 426 941
2 958
1 70 570 126
2 879
2 372
1 116 613 708
2 126
2 745
2 883
2 762
2 339
1 496 990 371
2 514
2 655
2 68
1 311 961 91
2 771
1 203 696 888
2 373
1 373 912 711
2 323
1 93 951 619
1 50 709 561
2 326
2 756
1 81 380 224
1 429 928 1
2 851
1 218 886 620
1 326 654 686
2 119
1 347 840 531
2 496
1 372 705 79
2 422
1 39 737 21
1 301 904 181
2 745
2 786
1 487 745 41
2 133
2 702
2 842
2 734
2 393
1 285 979 161
2 40
2 589
2 589
2 242
1 114 613 946
1 64 558 126
2 874
1 93 589 337
2 169
1 35 533 722
2 724
1 443 936 76
2 885
2 60
2 879
2 148
1 121 885 204
1 357 851 152
2 424
2 127
2 749
2 57
2 425
1 57 127 153
2 796
2 336
1 336 832 866
1 371 866 319
1 438 946 502
2 208
1 208 701 634
1 231 357 321
2 892
1 320 477 564
1 390 890 381
2 155
1 67 563 941
2 622
2 906
2 940
2 820
2 185
1 17 506 79
2 952
1 341 834 212
2 9
1 497 996 896
1 153 652 537
1 168 269 710
2 915
2 796
2 826
2 766
2 806
2 325
2 265
2 691
2 249
2 649
2 31
1 325 691 831
2 713
2 753
2 542
1 205 699 925
1 385 882 910
1 211 704 991
2 179
1 177 742 570
1 367 918 151
1 406 901 641
2 529
1 411 910 441
2 138
1 495 989 580
1 91 584 417
1 420 431 715
1 355 853 193
2 951
1 64 803 89
2 710
1 469 585 31
1 384 877 763
1 283 680 131
2 253
1 253 445 391
1 386 879 220
2 613
2 77
2 840
2 446
2 555
2 285
1 191 688 291
1 456 548 106
1 425 885 558
2 967
1 487 984 751
1 396 894 246
1 447 940 163
1 366 697 211
1 234 259 614
2 100
2 597
2 952
2 77
1 100 597 811
1 197 810 616
1 412 837 776
2 416
1 401 899 841
1 136 632 846
1 286 460 943
2 159
1 63 558 706
1 56 296 406
2 195
2 582
2 260
1 195 691 621
2 977
2 207
1 20 95 929
1 187 684 316
2 174
1 174 411 786
1 113 510 811
2 86
1 393 893 916
2 661
1 100 429 283
1 241 279 372
2 131
1 97 268 123
1 83 399 62
2 916
1 445 944 391
1 49 331 531
2 711
2 315
2 474
2 176
1 176 800 310
1 428 787 651
2 603
2 243
1 436 929 701
2 654
1 90 310 251
2 579
2 625
2 630
2 709
1 72 567 516
2 61
2 486
2 799
1 486 986 926
2 981
2 809
2 242
2 32
2 361
2 361
2 849
2 580
1 361 857 786
1 400 899 66
2 363
2 317
2 300
1 130 541 731
1 7 506 401
2 882
1 201 318 61
2 413
1 200 729 145
1 362 858 370
1 201 694 613
2 432
1 461 954 666
2 152
1 95 152 656
1 192 841 928
2 815
2 485
2 767
1 485 978 457
1 381 539 306
2 263
1 60 585 496
2 681
1 377 871 285
1 36 531 271
1 498 993 431
2 600
1 456 952 243
2 636
1 78 433 794
2 218
2 749
2 350
1 350 694 509
2 740
2 747
1 51 646 241
1 488 714 156
2 639
1 335 828 431
2 760
2 709
1 154 228 526
2 924
1 327 799 759
2 977
1 297 977 461
2 608
2 372
1 223 737 35
2 808
2 244
1 244 744 497
1 316 724 936
2 747
2 560
1 481 940 56
2 323
1 323 415 696
2 336
2 465
1 465 587 332
1 433 933 316
1 53 553 555
2 588
2 924
1 424 924 986
1 277 715 190
1 75 784 256
2 587
1 125 699 76
2 163
1 211 217 716
1 433 919 122
1 37 535 877
1 5 779 196
2 622
2 651
2 806
2 642
2 500
1 1 500 595
1 149 643 497
2 577
1 467 538 732
2 917
2 479
2 128
2 137
2 456
2 322
1 479 973 820
1 71 583 598
2 833
2 442
2 519
2 555
1 22 519 431
2 898
1 63 476 341
1 304 799 173
1 381 878 206
1 54 334 961
1 143 880 721
1 185 680 976
2 199
1 300 835 994
1 114 611 281
2 203
1 473 972 756
2 651
2 738
1 378 877 201
1 321 816 871
2 959
1 333 829 11
1 120 617 10
1 189 688 831
2 455
1 450 978 301
1 388 886 411
2 213
1 84 584 883
1 340 439 898
2 248
1 76 429 943
1 33 641 851
1 394 890 874
1 33 529 845
2 464
1 464 961 898
2 413
2 717
2 906
2 29
2 820
1 407 906 976
2 665
1 153 965 424
2 970
1 8 507 706
1 96 329 901
2 664
1 184 680 616
2 729
2 284
1 418 912 711
1 246 475 386
2 442
2 656
2 696
1 491 696 665
2 392
2 91
2 507
2 169
2 628
2 249
2 393
2 651
2 469
1 374 392 531
2 379
2 617
1 442 937 1
1 86 585 531
2 621
1 200 699 945
2 686
1 109 603 310
1 163 269 720
2 132
2 482
2 771
2 311
2 300
2 856
1 464 848 61
2 298
2 330
1 443 506 401
2 875
1 80 577 471
2 768
2 130
2 654
2 750
2 408
2 773
2 416
2 496
2 377
2 392
1 392 750 681
1 225 943 237
2 106
1 48 544 581
1 439 989 599
2 29
1 29 528 201
1 86 953 326
2 405
2 64
1 303 377 958
2 803
2 299
1 13 108 274
1 414 833 781
2 642
1 110 623 578
1 138 635 16
1 292 792 16
1 231 725 626
2 684
2 688
1 142 706 931
1 476 973 341
2 62
1 467 965 576
2 765
1 350 847 65
1 289 784 731
1 312 564 523
1 131 629 613
2 339
1 339 837 875
2 274
2 179
1 67 862 231
2 787
2 332
2 660
2 250
2 209
2 166
1 156 650 966
2 970
2 468
1 374 869 574
2 256
2 242
2 93
2 213
1 242 247 265
2 996
2 218
1 500 994 957
2 933
1 126 933 278
2 987
1 72 883 109
2 663
1 377 599 481
2 312
2 549
1 226 786 986
1 408 935 206
1 111 604 888
2 529
1 238 738 761
2 2
2 424
1 278 777 752
2 744
2 868
2 212
1 265 763 51
2 684
1 126 623 622
1 321 704 417
1 312 810 409
2 624
1 387 883 825
2 130
2 686
2 283
1 130 625 871
1 117 764 496
1 94 466 767
1 89 582 530
2 540
2 975
2 832
2 665
1 284 783 291
2 263
1 466 959 11
1 305 607 261
2 397
1 235 939 831
1 132 629 790
1 266 763 702
1 313 787 891
1 344 421 809
2 600
2 99
1 367 860 446
2 260
1 45 542 615
2 6
2 811
2 659
1 31 116 541
1 169 951 321
2 977
2 382
1 369 649 770
2 563
1 10 504 86
2 664
2 579
1 85 579 316
2 368
2 561
1 194 385 721
2 181
2 780
1 288 512 491
1 470 648 71
1 441 706 670
1 408 901 291
1 164 662 941
1 98 595 70
2 435
1 435 737 281
2 125
1 145 658 641
1 453 988 253
2 253
2 750
1 253 750 511
2 169
2 634
2 677
1 447 480 116
1 260 757 806
2 568
1 365 568 486
1 6 506 240
2 521
1 205 668 891
1 314 813 836
2 196
1 58 555 528
2 257
2 742
2 754
1 330 828 219
1 279 777 173
2 432
2 388
1 61 560 250
1 422 888 36
2 239
2 411
1 384 423 829
2 582
1 405 449 466
2 262
1 229 599 8
1 181 328 46
1 61 193 994
1 69 566 384
1 108 865 301
1 172 665 516
1 281 943 955
1 435 934 971
1 224 326 149
2 581
1 315 813 17
2 273
2 774
2 849
1 393 660 611
1 26 228 596
1 306 566 561
1 166 661 881
2 186
1 446 945 952
2 226
2 166
1 344 837 776
1 265 844 438
2 766
1 307 803 271
2 581
2 730
2 242
1 199 296 406
1 268 766 923
2 323
2 675
1 135 652 506
2 123
2 908
2 925
2 444
1 410 908 910
1 440 938 241
1 313 807 504
2 201
1 259 712 65
2 164
2 712
2 122
1 13 506 401
2 408
1 291 583 840
2 49
2 307
1 427 921 558
1 221 716 150
1 292 329 656
1 119 619 56
2 38
1 432 926 476
2 387
1 476 499 126
1 302 354 130
1 140 637 321
1 402 582 91
1 390 590 381
2 342
2 792
1 43 538 245
2 152
2 960
1 302 796 843
1 184 862 35
2 775
2 964
1 442 579 1
2 627
2 840
1 233 730 321
2 155
2 400
1 198 694 236
1 457 466 846
2 308
1 308 801 916
2 188
2 581
2 964
2 937
1 188 685 231
2 626
2 258
1 258 373 52
2 182
1 359 857 866
1 348 841 556
1 159 658 183
2 357
2 527
1 357 881 46
1 423 861 301
1 243 924 323
2 847
1 228 761 501
1 57 556 1
1 496 748 831
2 403
2 425
1 403 899 111
2 617
1 242 738 813
1 426 537 316
2 656
2 991
1 475 968 661
2 34
1 337 836 441
2 952
2 874
2 560
1 41 896 586
2 727
1 152 844 761
1 206 677 141
1 296 923 406
1 267 688 355
1 255 754 221
1 273 956 681
2 740
2 872
1 380 876 708
2 458
2 974
2 584
1 352 594 301
2 877
2 487
1 112 610 571
2 803
2 308
1 308 495 269
2 76
1 117 617 121
2 25
1 311 809 901
2 269
2 666
1 398 898 951
1 227 259 841
1 8 299 933
1 441 937 380
1 124 618 116
1 316 810 583
2 574
2 686
2 574
1 172 574 756
1 459 953 326
1 484 977 258
1 232 752 181
1 47 611 861
1 240 532 617
1 477 970 996
2 732
2 603
2 142
2 550
2 432
1 82 580 392
1 481 978 301
2 474
2 495
1 332 644 200
1 349 845 488
1 183 630 491
1 196 696 782
1 122 640 72
2 440
1 158 657 964
2 732
2 613
2 341
1 182 677 33
1 25 522 121
2 561
1 438 937 896
1 198 444 106
1 76 572 401
2 536
1 494 536 391
2 908
1 414 908 153
1 208 288 741
1 190 877 831
2 782
1 232 728 181
2 661
1 164 325 484
2 218
2 197
1 111 422 36
1 162 661 881
1 331 831 161
2 9
2 710
1 176 672 481
1 419 912 376
2 721
1 161 657 631
1 65 329 501
2 283
1 123 536 391
1 421 915 606
2 484
1 284 802 43
1 448 941 351
1 370 870 251
1 207 638 799
2 910
2 160
1 160 657 391
1 95 589 571
2 658
1 18 629 61
2 476
2 423
2 376
1 270 770 410
2 889
1 248 493 746
1 336 704 781
2 509
2 504
1 50 543 255
1 73 572 409
2 636
1 440 665 381
1 486 933 316
1 269 423 21
1 3 270 561
2 269
1 55 549 317
1 59 558 444
2 99
2 456
1 287 782 206
2 850
1 56 550 896
1 161 758 931
2 926
1 323 822 797
1 249 686 96
2 190
2 477
2 533
1 112 667 204
1 75 572 256
2 93
1 273 768 312
1 473 632 846
1 106 684 672
1 388 603 568
2 266
2 392
1 499 685 191
2 842
2 412
1 189 978 301
1 168 662 805
2 191
1 262 755 761
1 139 636 361
1 276 775 491
1 346 842 326
2 8
2 8
2 407
1 455 948 376
2 971
1 144 637 671
1 38 538 916
2 785
2 760
1 4 503 821
2 256
1 213 713 446
2 726
2 854
1 364 851 513
2 199
1 227 725 153
1 297 792 486
2 947
2 798
2 664
2 813
2 712
1 391 947 291
1 131 559 246
1 471 975 461
1 402 901 371
2 990
1 319 812 707
2 224
1 468 965 702
1 69 254 958
1 474 972 895
1 375 874 216
1 82 872 766
1 423 916 21
2 978
2 262
2 786
2 928
1 105 323 696
1 349 1000 266
2 789
1 151 650 46
1 310 803 346
1 454 948 613
1 298 586 121
1 386 619 842
2 570
1 369 864 366
2 128
1 34 117 888
1 494 990 51
1 77 573 361
2 521
1 2 496 371
2 299
2 498
1 241 735 161
1 304 560 111
1 145 639 881
2 145
2 838
2 977
1 140 724 25
2 633
2 651
2 800
2 861
1 193 691 511
1 471 964 113
1 376 835 152
2 91
2 845
1 351 845 106
2 52
1 71 569 591
2 914
2 28
2 171
2 876
2 667
2 714
2 772
2 876
2 389
1 368 876 291
2 223
2 537
1 453 950 786
2 235
2 516
1 143 642 721
2 952
1 397 692 241
1 115 609 956
2 240
1 53 879 977
1 497 920 71
2 358
2 791
1 373 869 546
1 434 928 676
2 264
2 574
2 948
2 333
2 832
1 333 681 146
1 235 728 308
1 290 787 651
1 185 821 66
2 662
2 103
2 588
1 169 662 475
1 400 756 601
1 157 665 49
2 889
2 887
1 395 696 811
1 119 207 348
2 116
2 151
1 451 513 991
1 90 588 547
2 448
1 415 909 101
2 897
2 564
1 179 453 415
2 313
2 63
1 238 966 196
1 500 912 711
1 293 336 844
1 305 798 3
1 173 670 610
2 142
2 206
1 493 989 386
2 570
1 91 964 971
1 474 767 221
2 616
1 363 860 581
1 483 983 539
2 683
2 422
2 284
2 436
1 272 284 137
2 364
2 980
2 724
2 906
2 600
1 480 980 496
1 307 813 92
2 392
2 461
2 627
1 270 651 15
1 128 627 406
2 91
2 781
1 97 596 936
2 982
1 167 667 357
2 993
2 746
1 482 975 157
2 172
2 204
1 103 204 608
2 199
2 93
2 199
1 203 881 242
1 134 370 251
2 677
1 147 640 263
2 488
1 427 458 941
1 358 854 236
2 495
2 127
2 536
2 943
2 400
1 495 943 686
2 984
2 319
1 462 475 386
2 168
1 405 900 301
2 388
1 252 531 913
2 195
2 147
2 545
2 45
2 677
2 628
2 176
2 531
2 61
2 795
2 722
2 803
1 29 195 621
2 123
1 214 714 815
1 353 848 786
1 470 969 351
2 372
2 722
1 429 880 660
2 182
2 256
1 362 593 516
1 437 935 895
1 341 823 236
2 320
1 268 457 693
1 127 623 71
1 30 526 826
1 484 993 941
2 137
1 251 750 390
2 947
2 893
2 655
2 44
1 282 782 516
1 372 865 581
1 226 725 356
2 887
2 748
1 413 862 231
2 767
1 181 680 371
1 115 350 297
1 448 889 162
2 573
1 165 658 786
1 123 623 1000
1 271 765 273
1 452 1000 266
1 275 795 22
2 417
2 433
1 54 549 621
2 271
1 396 590 176
1 277 774 596
2 524
1 439 939 21
2 767
2 804
1 452 946 946
1 354 847 461
1 233 681 46
1 266 862 386
1 319 655 886
1 66 479 764
1 224 724 861
2 358
1 77 571 906
2 359
2 509
2 650
2 317
1 276 659 975
2 430
2 255
1 309 577 396
2 218
1 174 673 106
1 247 745 831
2 582
1 83 582 550
1 209 520 876
2 451
2 54
1 478 835 956
1 146 854 492
2 975
1 371 615 617
1 477 828 201
2 932
2 589
1 380 810 736
1 446 817 346
2 694
1 325 822 285
1 463 956 920
2 699
2 129
1 27 129 761
2 340
2 305
1 340 836 216
1 256 907 526
2 643
2 387
1 299 544 606
1 209 702 356
1 186 681 721
1 70 551 296
1 314 728 1000
1 42 537 316
2 837
2 919
1 289 787 651
2 260
2 710
2 578
2 95
1 463 480 116
1 22 438 431
1 395 890 566
2 999
2 900
2 96
1 96 594 323
2 8
2 329
2 396
2 767
1 32 861 116
2 791
1 196 775 969
1 293 793 231
2 110
2 984
1 389 915 16
2 637
2 955
1 269 768 65
2 610
1 110 610 226
2 696
1 222 912 161
2 279
2 203
2 704
2 338
1 385 573 361
2 834
2 118
1 98 478 161
2 242
2 646
1 135 633 506
1 245 742 61
2 505
1 229 726 605
1 366 864 610
2 648
1 257 752 956
2 171
1 171 363 286
1 249 746 251
1 175 669 46
1 460 639 31
2 347
2 468
1 347 869 443
2 428
2 406
1 324 862 711
2 879
1 237 504 120
2 393
2 330
2 15
1 134 627 766
1 437 757 381
2 143
2 323
2 764
2 220
1 404 739 791
1 2 777 607
1 445 456 391
2 399
1 399 772 503
1 300 794 965
2 242
2 927
2 936
2 653
1 303 801 172
2 600
2 510
2 520
2 520
2 926
2 553
1 12 285 461
1 485 594 851
1 458 708 429
2 408
1 346 783 476
2 133
1 133 628 291
2 306
1 493 660 746
1 222 721 161
2 591
2 140
1 417 912 649
2 407
2 443
1 330 945 53
2 255
2 537
2 427
2 602
1 255 839 716
1 328 822 788
1 155 651 156
1 254 418 1
1 375 555 521
1 6 392 681
2 698
1 259 758 618
1 84 160 987
1 345 839 726
1 20 514 177
2 781
1 334 682 286
1 256 752 956
2 286
2 26
1 379 872 766
1 162 289 538
1 280 490 666
2 769
1 210 707 923
1 290 334 676
2 919
2 309
2 765
2 188
2 453
1 278 515 836
1 240 738 761
1 298 791 13
2 799
1 404 904 391
2 967
2 394
2 394
2 404
2 390
2 628
2 839
2 394
2 474
2 29
1 394 758 726
1 261 310 534
2 792
2 127
1 62 736 795
1 28 524 611
1 462 957 565
2 392
1 364 858 78
1 287 679 206
2 580
2 121
2 112
2 679
1 397 896 5
2 104
1 21 514 433
2 985
2 758
2 465
1 361 803 271
1 257 479 189
1 128 926 476
1 18 517 481
2 76
2 34
1 1 620 314
2 660
2 108
2 375
1 359 447 526
2 528
1 151 666 261
2 473
1 89 93 835
1 228 727 323
1 94 587 721
2 964
2 336
1 170 665 776
1 157 657 915
1 156 627 3
2 538
2 478
2 211
2 75
2 108
1 461 538 916
2 5
1 354 968 816
1 416 996 509
1 113 609 323
2 549
1 160 283 391
1 107 766 426
2 65
1 44 543 446
1 221 520 873
2 823
2 779
1 363 517 287
2 326
2 461
1 459 938 568
1 337 814 546
1 154 647 797
2 739
2 627
1 30 977 801
2 99
2 755
1 416 914 541
1 122 619 56
1 465 965 401
1 49 546 531
1 188 933 316
2 723
1 27 522 769
1 195 372 311
1 378 425 708
1 141 636 678
2 891
2 81
2 150
1 150 891 379
2 267
2 499
2 513
1 23 189 736
1 138 234 636
1 383 588 991
2 526
1 52 671 722
1 239 735 272
1 285 781 757
1 488 988 41
1 389 887 711
2 661
2 811
1 295 795 36
2 66
2 786
2 755
2 604
2 919
1 274 919 919
1 81 579 403
1 199 698 522
1 398 700 664
1 66 565 414
1 148 854 531
1 392 886 580
1 411 495 453
1 220 716 14
1 475 997 342
1 15 437 903
1 339 758 831
1 79 179 966
1 47 540 328
1 102 473 315
1 173 431 555
1 490 552 864
1 40 534 801
1 421 970 75
1 329 826 748
1 246 739 964
1 472 969 821
1 387 425 707
1 87 162 679
1 409 904 100
1 296 789 356
1 234 729 517
