10
9 16178
23002 10079
8129 10105
17065 2874
3991 8962
5928 16308
18055 16980
10507 1468
8089 23270
1088 21662
9 9141
17810 906
11292 25443
24901 6252
19649 7640
11771 19016
19058 22834
5099 12488
11590 20475
11006 28029
9 5273
22517 5766
26822 4186
9750 18733
22004 9387
5073 17707
17067 11180
18839 11453
13707 2448
29342 14034
9 8209
26355 24033
23559 10167
25965 12392
20437 2659
614 3273
6665 8702
7212 21487
25717 19299
19778 25370
9 20711
13436 4604
29479 27478
21927 27720
32018 3170
6751 31183
18361 16382
32024 12349
738 1127
6762 13276
9 4993
30041 32626
31848 30002
14211 14198
15391 21773
14392 23751
15639 18843
5479 12524
10452 19491
16845 32764
9 28187
22315 14697
21324 14592
20028 23088
14154 12614
4837 13571
6313 29416
27394 27358
31935 29939
7231 27218
9 6444
21144 24791
8501 3770
10879 6562
30360 19340
2142 24910
8441 22642
3273 25836
11450 5531
18252 9647
9 18131
10864 30391
2033 8131
11452 9145
21367 31436
17168 18864
2294 15711
18022 448
12502 4821
9988 25634
9 1846
30817 6307
5055 10543
17730 18897
10238 10077
829 10900
26842 8603
11083 1616
4407 20495
6799 29930
