50
327651803 513367556
872791277 602839299
1 931540207
2 1
433926458 67686442
348334273 1
240470555 119616462
342801043 148537987
617334985 1
55403807 2
1 1
571384578 966161318
1 1
177206672 708731988
1 391810661
1 1
1057896 894878866
952293253 331374884
206317370 625175751
1 1
861337421 6448655
978341800 722678429
1 2
198328739 437972932
369867374 606662753
467059706 1
688351981 410511721
958057029 493866270
1 2
409298102 958811555
1 336632552
1 1
333462974 243330547
2 21118190
185580711 990979687
2 258138611
484394168 1
488304516 1
2 1
57755669 992941720
1 378455336
52766594 2
19188357 898364760
918439985 91589363
303722210 1
946066109 943222852
1 1
521438614 2
2 2
2 501487423
