50
597146637 1
1 1
1 572067473
667819010 166310350
2 845567354
498375198 2
2 2
1 2
483872844 982567422
84196819 684241723
828330968 709778263
592518406 223517606
4858244 1
480964462 2
824704066 1
2 177571639
76751571 593196974
85782634 1
705933458 573521649
910793556 1
2 1
427000283 1
1 1
734173343 2
793843652 328667866
708691029 1
124328363 598732298
1 689208207
2 219020725
656919778 944490715
881568993 380315869
5917652 2
946688231 312970543
1 371327080
1 2
2 1
992327050 141741753
1 1
2 514235603
608904669 19964894
276897925 2
2 159172794
325259102 943999939
190845081 224788523
1 818705500
1 2
226072446 1
109401443 1
363939494 1
879312645 673229129
