20
10 2 19 11 7 12 14 15 18 16 1 5 17 3 20 8 6 13 4 9
20
20 19 16 14 18 11 17 13 12 9 10 15 8 7 6 5 4 3 2 1
20
18 3 17 9 16 2 8 13 12 6 10 7 5 4 11 20 19 15 1 14
20
1 2 3 4 8 6 7 16 19 13 11 12 10 14 15 5 17 18 9 20
20
12 19 18 17 15 16 14 13 20 11 10 9 8 6 5 7 4 3 2 1
20
20 7 16 17 18 15 2 13 12 11 10 9 8 19 6 4 5 3 14 1
20
20 19 18 17 3 15 14 16 12 11 10 9 8 13 4 5 6 7 2 1
20
20 19 18 17 4 15 14 13 12 11 10 9 8 7 6 5 3 16 2 1
20
1 11 3 20 16 6 2 8 9 10 7 12 13 14 15 5 17 18 19 4
20
9 17 14 16 8 11 10 7 15 12 2 3 6 1 13 20 18 5 19 4
20
1 2 3 4 17 6 7 8 9 10 11 12 13 14 20 16 15 5 19 18
20
9 11 1 17 16 15 19 13 14 20 6 2 10 7 12 8 18 5 3 4
20
20 19 18 16 17 8 14 6 12 1 10 9 15 7 13 5 4 3 2 11
20
20 19 18 17 8 1 16 4 12 11 10 9 14 7 6 5 13 3 2 15
20
20 19 18 17 10 15 14 13 12 11 8 9 16 7 5 6 3 4 2 1
20
16 19 20 7 4 15 13 17 6 11 14 8 18 3 12 5 2 9 10 1
20
11 20 7 18 16 12 5 15 4 3 10 17 1 14 2 19 8 9 13 6
20
1 2 15 4 5 6 7 8 12 10 11 9 13 14 3 16 17 19 18 20
20
1 8 3 11 5 6 7 2 9 10 15 12 13 14 4 16 17 18 19 20
20
8 19 17 18 16 15 5 13 12 11 10 9 20 7 6 14 4 3 2 1
0
