1000
445 446
1 640
1 787
389 390
516 517
37 38
442 443
507 508
12 13
1 679
418 419
1 678
365 366
423 424
229 230
1 753
140 141
1 624
201 202
1 628
52 53
1 626
365 904
567 568
574 575
326 327
1 659
343 344
407 408
541 542
250 251
184 185
351 352
430 431
120 121
1 794
419 420
50 51
590 591
220 221
407 919
471 472
1 400
1 707
113 114
1 643
30 31
117 959
1 653
422 423
460 461
427 428
134 830
276 277
978 999
441 442
233 234
39 40
1 778
27 28
42 43
272 273
65 66
306 307
101 102
322 323
1 700
104 953
171 172
533 534
344 345
542 543
386 387
327 328
922 993
384 837
121 970
492 493
1 668
487 929
582 583
145 146
526 527
96 97
369 370
249 250
1 686
29 30
378 379
388 389
88 89
266 989
320 321
454 455
135 136
106 107
305 306
67 68
64 65
1 691
70 71
388 847
241 840
28 29
211 212
1 728
1 784
260 261
173 174
242 243
449 450
9 10
803 870
90 91
264 265
8 903
331 332
348 349
741 967
146 147
36 37
311 825
1 652
499 500
485 988
552 553
504 505
1 796
4 5
1 619
1 696
252 253
1 742
309 310
1 663
519 946
140 805
489 865
279 280
427 821
591 592
575 842
275 276
338 339
17 18
433 434
235 236
48 49
1 775
1 660
222 223
1 752
93 94
182 183
1 641
11 884
360 361
886 897
699 992
75 934
501 502
632 867
390 391
228 229
1 675
584 585
502 503
357 358
476 477
157 158
241 242
55 56
609 922
219 220
1 636
1 680
434 822
589 590
420 421
314 841
1 607
302 303
193 194
227 228
185 186
139 140
1 693
350 351
673 872
401 402
1 790
289 290
1 763
59 60
556 894
270 271
524 525
176 177
282 283
951 960
349 350
1 674
24 25
732 935
1 724
580 581
246 247
269 270
437 438
505 506
706 851
446 447
174 913
258 259
1 621
1 774
271 272
452 453
572 573
593 594
546 547
1 2
72 73
781 810
1 786
208 209
1 780
324 325
1 602
1 709
406 407
192 193
1 783
56 880
745 947
421 422
254 255
292 859
345 346
8 9
519 520
1 647
383 384
538 539
455 456
541 853
415 416
828 869
385 386
613 933
238 239
1 684
188 189
1 627
480 481
3 995
1 646
1 766
537 911
1 620
158 1000
99 100
779 957
506 507
528 529
265 266
285 868
1 754
404 405
496 497
174 175
114 115
518 519
578 579
285 286
202 203
83 84
450 451
1 683
1 736
1 634
1 688
540 986
1 622
19 20
689 916
60 838
549 550
458 459
1 644
319 998
434 905
161 162
9 850
127 128
564 565
1 749
459 460
1 739
337 338
156 157
92 93
1 656
500 501
435 436
148 149
267 268
284 285
1 779
401 930
385 994
733 804
79 80
1 682
123 124
47 968
514 515
586 587
485 486
1 631
1 697
534 835
328 329
308 309
553 554
429 430
177 178
839 963
168 169
86 87
472 473
463 464
520 521
62 63
89 90
1 642
107 108
1 708
1 726
323 324
342 343
434 435
295 296
297 863
467 468
20 21
687 940
172 173
395 396
1 701
637 974
921 982
29 818
576 577
554 555
387 388
343 882
247 248
486 487
1 738
133 969
573 574
165 166
1 750
508 509
87 88
1 603
282 874
581 582
1 720
425 426
105 106
776 883
340 341
373 983
45 46
489 490
509 820
132 133
446 801
1 734
1 666
82 83
266 831
510 511
588 589
110 111
639 936
175 176
33 34
538 811
221 222
355 356
444 445
800 827
1 618
217 941
596 597
594 595
78 79
126 817
794 896
1 740
1 670
534 535
31 32
121 122
484 485
503 504
1 730
1 791
291 292
101 888
23 24
225 226
283 284
1 747
469 470
1 625
728 832
1 645
158 159
195 196
231 232
214 215
336 337
1 702
527 528
219 985
41 931
1 685
94 95
1 606
51 52
118 119
1 609
102 103
478 479
96 925
374 375
136 137
198 199
256 257
766 806
325 326
281 282
150 151
1 615
563 564
1 733
195 854
142 143
1 799
555 556
689 928
538 964
535 978
358 359
530 531
363 364
1 617
316 317
245 246
71 72
122 123
1 667
457 458
1 714
454 951
1 677
210 211
475 476
524 892
464 465
100 101
84 85
103 104
66 67
426 427
152 153
539 540
543 544
518 980
318 319
97 98
112 113
158 961
1 785
1 764
483 484
465 466
466 467
339 340
183 923
226 227
453 454
565 566
162 163
517 518
149 150
299 300
447 448
1 692
1 614
192 912
1 635
47 48
408 409
314 315
1 651
308 955
774 809
688 944
119 120
288 289
562 563
1 605
540 541
364 365
6 7
169 170
1 661
834 948
5 6
151 152
448 449
477 478
1 616
438 439
424 425
209 210
34 35
577 578
54 991
218 219
181 182
206 207
22 23
134 135
3 4
571 572
124 125
74 75
490 491
1 756
7 8
1 648
1 760
18 19
467 812
381 382
372 862
744 898
87 962
294 295
547 548
147 148
1 732
1 676
123 956
579 580
569 570
481 871
1 755
371 836
310 311
27 843
58 59
35 36
179 180
911 972
1 743
1 718
397 398
341 342
1 725
468 469
41 42
388 849
361 362
551 552
159 160
332 333
1 639
237 238
418 819
297 298
143 144
801 839
119 852
432 433
1 671
685 858
1 748
557 558
212 213
562 803
1 788
522 523
263 264
525 526
21 22
368 369
57 58
6 857
347 348
440 441
1 665
379 380
1 727
5 976
1 797
232 233
95 96
1 719
209 866
886 899
1 654
421 900
400 401
111 112
595 596
1 613
1 632
491 492
1 757
380 381
1 657
307 308
598 599
353 354
1 713
230 231
443 444
76 77
428 429
280 281
354 355
1 604
1 673
141 142
787 829
1 650
54 55
39 891
196 197
743 907
412 413
409 410
1 782
77 78
175 834
352 353
1 761
25 26
1 649
43 44
527 878
257 258
575 576
335 336
1 773
550 551
115 116
482 483
741 910
75 984
130 131
1 800
11 12
53 54
155 156
372 373
515 516
542 954
1 687
330 331
491 921
497 498
315 316
183 184
608 990
409 966
535 536
537 538
240 241
529 530
1 769
1 637
1 770
1 716
850 945
1 706
314 826
1 751
346 347
26 27
321 322
200 201
193 952
592 593
738 848
166 902
116 117
104 105
180 181
1 721
451 452
117 118
1 792
782 881
207 208
69 70
1 717
123 855
225 833
298 299
366 367
319 320
217 218
431 432
511 512
362 363
834 889
128 129
1 638
69 979
392 846
292 293
278 279
1 610
277 278
384 385
1 612
780 939
455 856
487 488
528 860
617 885
293 294
1 694
126 926
1 715
60 61
109 110
532 533
493 909
73 74
394 395
219 890
382 383
403 404
153 154
548 549
133 134
536 537
197 198
191 192
1 710
253 254
456 906
172 814
164 165
359 360
839 861
896 981
570 571
473 474
710 876
411 412
227 971
410 411
439 440
1 200
1 771
190 191
494 495
137 138
509 510
566 567
223 224
239 240
398 399
474 475
255 256
370 371
130 815
535 864
470 471
523 524
413 414
121 808
1 672
1 762
251 252
559 560
1 681
286 287
1 695
376 377
167 168
498 499
290 291
1 768
1 712
416 813
462 463
587 588
163 164
203 204
259 260
10 918
568 569
1 689
414 415
1 741
373 374
1 776
1 633
393 394
1 758
1 623
178 179
170 171
1 729
61 62
783 942
329 330
603 996
192 965
248 249
1 789
402 403
493 494
1 735
273 274
182 875
287 288
189 190
1 690
436 437
108 109
262 263
49 50
15 16
1 759
375 376
976 987
602 824
138 139
479 480
194 195
311 312
1 777
659 893
205 206
356 357
187 188
46 47
169 879
722 938
437 802
44 45
126 127
1 698
142 823
244 245
98 99
1 655
40 41
597 598
210 877
131 132
80 81
204 205
125 126
216 217
1 798
63 64
1 722
160 161
1 600
274 275
798 901
521 522
560 561
38 39
16 17
481 482
1 704
1 703
1 669
14 15
885 927
1 793
224 225
317 318
1 746
531 532
276 845
624 924
377 378
461 462
151 915
512 513
1 699
1 705
495 496
144 145
85 86
1 662
416 417
396 397
1 767
544 545
261 262
1 611
583 584
473 932
1 608
526 973
215 216
268 269
186 187
540 844
392 393
417 418
799 895
1 658
1 745
1 731
1 664
323 950
312 313
253 937
878 958
576 943
213 214
1 723
1 781
154 155
304 305
32 33
68 69
243 244
56 57
173 908
556 557
81 82
536 914
333 334
391 392
1 629
10 11
211 873
13 14
193 997
1 601
75 76
1 765
367 368
475 886
561 562
300 301
585 586
1 772
513 514
129 130
2 3
489 975
301 302
1 630
91 92
303 304
166 167
488 489
1 744
405 406
371 372
456 457
1 795
234 235
297 917
78 949
558 559
1 737
332 977
266 267
47 920
334 335
296 297
1 711
764 807
701 816
274 887
545 546
236 237
313 314
187 828
1000
405 364
937 916
801 498
821 751
428 237
358 163
977 525
29 857
984 546
211 208
474 151
840 524
728 107
590 236
404 104
21 481
318 304
407 309
391 906
589 608
968 488
600 955
890 356
952 616
607 501
711 792
95 685
518 123
643 901
965 434
108 854
71 63
451 65
27 59
914 375
578 293
433 369
182 937
281 488
448 613
779 117
433 845
944 896
929 47
730 196
370 630
617 825
277 171
270 791
731 214
746 977
228 616
726 46
194 907
252 809
901 919
604 297
656 638
599 177
754 232
462 176
964 871
826 240
361 507
533 659
952 870
959 528
227 64
729 73
442 738
124 663
368 6
2 667
107 789
354 14
399 831
655 793
995 749
465 637
313 25
497 763
314 899
457 804
311 949
65 592
512 543
65 434
407 26
148 794
484 944
867 536
489 794
525 831
207 856
445 431
199 155
451 864
89 21
200 581
215 854
173 949
666 624
364 826
211 515
604 278
850 881
728 232
529 346
760 74
816 919
774 309
882 530
897 170
966 612
108 874
509 493
703 142
810 590
699 127
820 977
489 478
405 814
675 28
613 151
393 898
926 428
659 153
561 143
309 426
967 288
469 5
40 681
950 805
94 578
639 834
242 116
307 692
668 913
2 366
46 217
782 663
433 902
166 177
374 408
413 614
85 169
371 381
136 553
9 272
424 858
81 137
525 676
234 455
913 449
935 124
133 672
176 657
313 605
526 495
879 959
962 151
120 511
486 642
781 839
738 929
598 807
255 837
157 33
542 815
907 429
328 247
608 757
559 360
142 529
755 850
670 322
853 341
976 490
118 68
711 530
55 790
106 730
634 534
898 867
279 763
513 455
999 888
448 894
475 140
536 170
661 873
122 771
340 793
790 394
731 107
598 985
402 945
658 433
786 764
396 346
133 357
693 701
706 245
270 612
76 789
95 967
883 206
690 416
209 465
48 383
45 103
265 142
674 320
288 213
656 847
931 734
176 116
102 385
275 840
216 959
939 283
659 50
639 184
856 659
402 694
463 593
92 640
626 232
702 517
58 574
626 959
287 191
768 896
836 777
593 31
880 239
622 142
100 10
864 734
210 882
944 208
787 688
760 93
720 926
136 598
993 677
913 764
945 61
437 632
910 527
387 139
156 141
894 358
586 7
134 210
546 678
652 464
205 517
673 840
139 194
871 909
422 96
238 615
287 872
214 734
262 433
187 317
765 639
539 259
133 417
897 571
431 672
532 204
315 926
703 160
331 443
26 808
351 864
839 102
330 487
717 249
803 65
15 195
796 750
413 645
509 39
264 224
536 566
530 749
454 372
282 101
864 480
459 617
318 758
101 130
482 956
89 545
429 286
545 158
143 954
500 532
498 643
237 219
343 226
844 611
958 663
906 975
985 619
897 958
17 312
272 107
895 710
290 181
771 127
831 39
263 651
32 456
212 324
167 514
834 250
556 575
347 55
623 734
736 219
27 833
770 431
937 841
537 181
184 127
55 454
467 644
461 186
970 57
283 274
94 935
979 520
456 823
326 828
169 442
556 824
923 672
687 876
350 84
704 113
587 518
520 505
883 239
431 933
720 727
463 277
681 753
817 818
601 612
213 726
648 691
349 921
880 869
26 125
792 812
44 850
203 842
69 706
161 54
334 701
955 882
624 277
378 31
203 746
64 70
577 37
508 480
795 872
993 598
545 139
312 633
581 752
272 986
568 191
515 474
523 106
803 530
414 809
256 931
763 766
739 654
570 849
941 163
222 540
320 773
430 375
636 420
123 531
738 440
560 610
491 884
532 292
112 207
665 811
291 212
687 511
716 722
497 474
108 555
14 212
60 440
39 455
605 411
983 707
609 179
413 218
679 786
954 52
58 49
561 290
155 785
145 294
345 867
956 424
39 944
882 138
788 841
990 924
339 903
975 440
901 523
726 30
25 293
510 392
610 984
446 878
775 676
976 457
987 201
476 67
935 490
132 437
930 598
841 567
231 456
988 770
581 599
605 136
551 150
862 457
230 716
368 567
65 755
43 298
3 413
769 675
876 409
891 652
397 457
890 966
959 494
494 505
227 601
689 726
243 891
131 143
343 173
415 636
520 672
628 575
663 645
771 1000
966 317
135 257
540 352
679 738
420 537
717 829
702 152
313 146
44 878
294 2
829 763
827 199
524 138
25 482
521 474
171 890
509 990
840 539
305 389
586 443
534 937
569 822
598 92
895 938
89 429
413 858
336 342
316 967
461 720
4 513
55 220
823 650
561 819
102 265
435 47
985 674
670 726
770 388
963 12
346 104
708 729
705 232
840 326
914 196
314 172
780 797
370 476
408 334
466 806
888 141
369 5
517 389
570 713
32 7
357 562
658 898
331 755
235 618
974 323
189 926
517 973
248 751
499 624
550 151
200 326
224 990
5 33
63 149
691 800
611 199
4 533
502 874
160 617
713 641
400 597
189 996
725 18
34 669
464 105
234 485
923 659
157 588
622 529
173 155
994 764
451 595
48 661
592 431
521 20
788 829
815 452
506 768
674 701
600 497
499 271
98 600
731 365
719 214
739 255
17 989
293 357
616 685
969 897
159 264
448 565
477 478
307 648
451 657
171 980
244 777
154 75
951 920
600 692
502 6
934 809
641 476
349 275
379 244
223 499
266 815
203 922
514 621
772 161
362 303
738 265
892 271
198 811
217 789
514 360
274 907
862 561
663 913
34 534
866 272
730 682
499 34
404 397
76 648
306 31
462 346
814 459
730 305
904 824
216 895
137 793
667 20
290 101
321 138
669 422
502 889
961 910
9 827
313 780
916 704
637 242
271 818
447 673
541 265
358 186
509 454
637 38
80 115
748 423
49 128
900 443
183 63
422 606
884 480
924 136
496 949
310 346
93 78
861 733
644 205
818 226
358 146
294 601
275 191
747 661
877 668
960 198
533 162
496 908
235 635
859 802
650 303
27 7
832 832
159 230
577 238
314 174
852 395
668 849
315 391
6 249
23 860
602 173
616 410
95 767
616 643
896 728
304 79
597 593
240 527
687 923
34 925
520 439
911 401
279 198
568 565
823 697
293 497
752 369
8 471
811 735
930 279
121 299
467 507
740 128
277 355
180 558
369 544
514 645
144 276
591 256
554 648
205 415
425 956
491 346
669 753
724 659
401 873
488 516
212 596
496 292
647 356
78 285
237 889
625 217
373 4
524 711
249 343
679 201
345 627
771 888
375 104
18 101
844 311
636 369
857 482
193 397
726 593
724 346
877 622
806 433
423 65
550 819
124 980
831 569
559 63
345 955
270 804
421 756
565 947
148 164
307 469
464 115
18 12
160 12
235 609
103 102
350 427
749 628
53 574
252 205
569 625
419 923
835 517
69 632
291 163
306 507
723 917
971 654
507 884
793 202
477 184
870 408
778 659
889 114
843 180
485 391
521 495
586 705
116 443
162 168
189 865
356 943
71 219
851 582
441 569
135 950
565 21
217 448
548 47
650 84
806 464
180 773
885 394
607 907
890 278
300 622
525 284
532 409
896 317
432 19
44 227
162 791
714 934
281 620
762 784
80 124
270 73
151 361
302 362
440 738
397 342
186 473
802 451
368 687
967 772
538 981
468 418
577 820
195 180
23 21
637 110
715 665
251 727
880 577
829 344
550 982
517 506
38 977
956 888
706 474
762 536
817 884
745 877
558 343
546 488
465 931
709 321
43 475
805 465
142 23
776 682
697 751
194 60
279 597
698 177
808 419
722 817
94 856
851 46
248 446
653 928
737 415
43 369
904 498
171 785
928 849
409 593
74 797
964 819
397 111
142 656
780 984
608 256
887 857
482 44
479 747
750 46
621 463
301 782
594 990
215 86
256 161
574 766
351 888
579 799
632 934
671 739
236 587
994 963
813 319
422 599
923 829
148 752
46 348
452 232
793 327
680 959
797 541
577 239
313 832
567 904
360 994
436 412
602 122
713 227
968 850
823 935
355 323
286 328
301 750
760 143
894 229
694 678
6 119
992 557
449 150
920 142
781 882
767 833
228 542
846 96
952 666
757 163
745 623
974 524
536 550
441 859
111 279
193 658
37 717
477 465
261 144
702 257
903 88
415 564
820 320
839 58
181 975
360 309
948 552
274 325
945 42
648 772
181 351
441 202
753 177
334 449
494 967
122 849
798 819
92 260
344 54
5 274
943 273
384 420
60 717
20 876
638 91
723 146
960 260
757 376
417 313
301 630
124 683
562 814
850 891
717 424
466 673
873 926
183 104
85 816
256 864
211 87
1000 793
475 429
328 54
127 803
719 919
224 809
376 908
855 344
3 255
668 962
153 386
497 407
739 524
279 689
402 103
566 24
592 261
760 21
149 829
182 906
138 689
641 672
976 754
801 15
808 921
168 16
44 999
574 149
948 717
198 742
161 580
455 125
180 709
99 514
327 689
682 71
9 929
998 644
989 757
920 891
171 704
697 212
45 138
121 256
98 891
354 313
493 246
964 936
822 394
802 69
966 458
699 777
726 733
569 670
304 557
444 260
