1000
347 348
544 545
1 640
308 309
293 294
328 810
426 427
1 800
535 958
1 776
21 22
214 909
481 482
87 88
47 48
154 155
468 927
540 541
286 287
554 555
1 696
303 304
179 180
28 29
297 886
310 311
1 647
1 741
4 5
155 156
196 197
199 825
148 149
242 243
278 279
504 505
480 481
121 122
578 579
576 577
503 504
582 583
271 272
289 290
787 859
1 742
509 812
527 528
1 730
1 725
311 312
515 516
849 971
191 192
197 198
256 893
69 858
600 871
964 972
1 756
186 187
37 38
497 498
331 332
335 829
1 791
694 814
513 514
387 876
1 669
571 572
476 477
220 221
420 421
340 341
272 273
104 105
410 411
187 188
95 823
796 887
70 71
1 611
161 162
30 31
25 26
168 169
432 433
256 845
1 600
1 657
482 483
470 471
1 728
177 178
468 469
317 318
1 785
532 533
120 121
191 828
343 344
54 55
729 911
269 270
1 681
568 569
1 739
436 437
58 59
1 699
1 714
119 120
333 334
376 377
444 940
602 951
5 6
437 438
52 53
222 223
594 595
114 835
752 973
456 457
316 317
1 707
213 214
43 44
565 566
555 556
1 744
1 680
411 412
357 358
363 364
165 815
81 82
73 74
1 689
1 760
695 846
256 257
218 219
279 280
271 902
246 247
1 674
466 467
268 269
1 796
491 492
692 899
346 347
593 882
1 609
459 460
352 353
212 213
383 384
1 704
267 980
125 897
685 915
694 908
489 490
661 904
392 393
163 164
562 563
447 448
203 903
102 103
313 848
108 109
1 643
808 836
1 673
29 30
1 775
358 359
898 984
314 315
48 49
223 224
86 87
432 831
271 989
300 301
137 138
1 773
313 314
259 869
320 321
589 965
241 242
1 737
53 929
19 20
626 930
1 619
559 560
13 14
687 934
506 507
114 115
429 807
590 591
440 441
1 770
225 907
1 736
228 229
505 506
1 710
1 771
516 517
539 540
835 990
242 920
535 804
65 66
1 794
1 761
115 116
582 808
254 255
238 239
79 80
543 544
535 536
262 263
235 236
265 266
139 140
2 3
493 962
287 288
443 444
1 650
335 336
90 818
221 222
56 57
10 11
49 50
596 597
501 502
462 463
743 955
378 379
1 679
298 299
258 259
638 841
1 630
1 763
1 752
595 596
444 906
172 937
379 380
1 723
1 746
124 125
398 399
617 822
633 854
8 9
332 333
561 562
401 985
1 615
61 62
521 522
414 415
237 238
567 568
150 151
490 491
891 968
733 837
380 381
570 571
452 847
1 629
252 253
400 401
82 83
101 102
1 635
284 285
118 119
761 921
38 39
1 787
1 627
441 442
1 768
1 778
92 93
1 793
233 234
554 963
385 386
1 795
445 446
472 473
140 141
231 232
518 519
93 94
460 461
1 662
1 797
1 605
395 396
12 13
1 751
83 84
85 86
1 789
1 727
1 788
334 335
1 602
647 917
1 645
173 174
421 422
130 131
1 722
94 95
243 244
273 274
1 607
1 610
245 905
423 424
315 316
1 695
495 496
1 781
254 950
1 664
44 45
123 124
393 394
145 146
589 590
709 949
320 939
550 551
415 416
160 161
185 186
1 750
204 205
247 248
572 573
325 326
327 328
170 171
362 363
24 25
585 586
175 176
16 17
536 537
32 33
194 195
740 801
387 388
1 631
132 843
686 850
214 215
493 494
234 235
548 549
110 111
397 398
582 803
66 67
781 874
276 277
69 70
593 594
82 996
307 308
1 666
132 133
569 570
216 217
322 323
1 749
711 824
1 719
1 660
22 23
205 206
1 685
20 21
431 432
65 891
619 855
149 150
452 453
391 842
513 913
159 160
77 78
1 651
188 189
306 307
429 430
502 503
143 144
454 455
80 81
1 783
547 548
1 735
50 51
483 484
642 884
349 948
478 479
46 47
1 747
195 196
530 531
62 819
1 655
153 154
275 276
259 260
23 24
105 106
1 721
50 914
209 210
174 175
1 648
1 769
580 581
453 454
1 656
95 96
42 43
1 658
512 513
1 654
508 976
272 967
71 72
353 959
417 418
1 632
181 182
255 256
1 693
7 8
538 539
511 512
1 767
91 92
576 947
617 944
1 692
178 179
1 200
339 340
211 212
688 840
224 225
1 697
366 367
531 532
1 687
1 668
266 853
577 578
285 286
1 713
67 68
230 231
59 977
63 64
1 677
564 565
251 252
552 553
450 451
369 880
165 166
207 208
438 439
389 390
586 587
1 709
250 922
164 165
294 295
829 852
200 201
158 159
1 762
198 199
356 357
78 875
65 982
215 216
248 249
108 832
23 994
53 54
166 839
1 639
350 351
1 614
126 868
396 981
1 782
97 98
240 241
473 474
131 132
655 935
1 628
171 172
574 575
3 4
51 52
142 143
1 780
147 802
556 557
203 204
372 373
1 784
182 183
428 817
1 729
336 337
129 130
579 580
1 798
302 303
553 554
1 400
85 857
91 993
1 765
260 261
573 574
282 283
193 194
872 892
1 720
757 888
560 561
527 864
1 733
463 464
1 732
499 500
485 486
14 15
266 267
134 135
646 983
566 567
172 978
427 428
587 588
1 608
318 319
456 881
230 986
93 870
368 369
309 310
1 641
6 7
68 69
180 181
598 599
691 999
500 501
128 129
354 355
1 616
112 113
797 872
1 889
301 302
1 637
1 703
575 576
537 538
1 661
546 547
35 36
1 617
545 546
496 497
122 123
257 941
1 716
250 251
458 459
46 924
382 383
360 361
430 431
1 712
184 185
1 622
551 552
403 404
799 830
59 60
41 961
1 731
312 821
1 671
511 912
435 436
526 527
365 366
324 325
446 447
337 338
328 329
154 974
18 19
263 916
1 665
603 966
1 690
261 262
455 456
1 715
416 417
227 228
1 753
520 521
141 142
292 293
434 435
208 209
1 604
1 734
75 910
1 724
708 833
127 128
98 99
1 708
451 452
277 278
437 957
411 873
296 297
448 449
1 755
457 458
390 391
304 305
107 108
295 296
439 440
264 265
1 613
1 701
139 856
1 772
1 702
592 593
514 515
189 190
174 862
169 170
296 979
433 434
99 100
780 987
487 488
753 805
529 530
377 378
299 300
239 240
533 534
494 495
701 861
257 258
206 207
1 717
762 827
342 343
367 368
144 145
344 345
100 101
1 653
584 585
1 649
396 397
197 954
1 743
345 346
465 466
371 372
111 112
103 104
232 233
1 700
402 403
588 589
1 636
229 230
542 543
1 638
1 2
1 754
432 866
39 40
183 184
329 330
1 670
728 851
66 865
66 956
409 410
84 834
172 173
1 676
125 901
78 79
640 918
408 409
348 349
244 245
1 758
690 991
274 275
1 642
125 126
407 408
76 77
281 282
419 420
1 698
45 46
190 191
1 718
1 766
1 777
597 598
113 114
27 28
361 362
57 58
114 885
109 110
270 271
778 928
1 618
338 339
557 558
11 12
535 816
424 425
326 327
1 688
62 63
477 478
116 117
1 738
858 997
479 480
573 964
126 127
64 65
319 320
519 520
735 838
201 202
1 659
372 925
355 992
1 757
1 779
26 27
1 774
1 621
198 809
1 799
484 485
343 931
55 56
558 559
417 938
147 148
459 936
1 678
507 508
41 42
1 786
510 511
330 331
90 91
1 652
1 683
208 969
10 820
136 137
106 107
469 470
267 268
291 292
391 392
418 419
461 462
496 898
1 606
1 682
1 612
677 806
1 620
335 867
88 89
356 900
1 626
464 465
359 360
541 542
166 167
437 896
1 624
388 389
405 406
79 960
1 625
283 284
290 291
1 691
1 603
305 306
394 395
534 535
1 633
74 75
525 526
117 118
1 694
764 988
903 953
176 177
632 860
288 289
428 429
353 354
34 35
467 468
312 313
217 218
15 16
96 97
1 646
384 385
522 523
133 134
1 672
1 663
524 525
33 34
1 634
157 158
404 405
919 945
563 564
509 510
635 952
249 250
263 264
386 387
192 193
31 32
236 849
482 919
198 878
498 499
1 726
17 18
1 740
162 163
1 667
299 946
146 147
864 933
297 298
369 370
412 413
442 826
370 371
323 324
375 376
84 85
151 152
364 365
1 705
583 584
36 37
1 623
471 472
9 10
425 426
508 509
706 926
1 792
210 211
1 601
449 450
29 923
1 684
474 475
883 1000
373 374
1 706
1 759
413 414
641 894
763 895
245 246
492 493
213 811
351 352
853 975
89 90
475 476
1 748
488 489
349 350
374 375
1 764
253 254
60 61
1 644
156 157
422 423
797 877
219 220
321 322
169 932
442 443
135 136
236 237
444 445
486 487
225 226
1 711
528 529
452 813
591 592
401 402
503 890
581 582
341 342
291 943
355 356
152 153
419 970
1 675
833 995
11 883
1 745
1 790
202 203
406 407
65 998
138 139
517 518
742 942
280 281
523 524
40 41
830 844
549 550
1 686
72 73
381 382
226 227
75 76
341 879
797 863
167 168
1000
320 86
10 648
684 639
952 484
488 558
327 919
486 364
527 273
549 674
738 603
128 465
761 822
566 257
932 716
810 341
964 909
772 596
692 611
485 880
314 870
893 42
786 999
528 586
339 15
308 539
542 664
923 564
429 570
614 495
145 686
670 5
410 406
981 415
514 578
906 142
897 652
784 298
369 435
286 869
955 779
135 217
7 266
83 269
279 531
275 106
691 438
248 803
485 28
755 207
845 103
749 553
989 543
519 296
846 477
994 774
496 27
200 35
725 273
888 554
757 400
853 850
202 890
486 125
877 271
262 692
78 848
325 976
999 255
387 874
152 268
291 595
667 96
165 531
616 301
874 740
641 603
700 599
326 923
506 125
610 855
70 287
323 775
849 845
925 580
525 441
830 168
577 597
698 115
632 792
712 134
74 667
73 842
759 681
16 737
498 834
91 644
203 902
190 650
131 175
992 846
739 6
562 480
852 364
246 810
392 681
493 28
910 912
895 663
776 888
606 885
120 251
522 534
653 986
373 627
994 22
80 149
926 927
379 646
236 648
55 774
196 880
575 407
839 145
497 41
494 748
945 349
442 290
350 340
892 3
681 936
893 74
285 1
159 366
192 737
705 801
142 32
326 204
965 335
357 671
937 407
761 213
369 2
370 325
575 512
176 289
859 563
118 50
167 682
724 529
171 345
155 503
777 702
516 12
441 76
536 211
149 531
729 443
550 12
942 126
52 937
793 45
233 618
940 456
102 993
78 434
131 613
226 458
225 561
720 978
138 326
185 539
751 12
262 342
136 76
263 531
199 215
159 901
589 751
423 91
858 932
134 295
303 279
102 466
406 498
984 173
32 581
390 664
606 161
607 886
423 976
902 494
431 890
291 66
925 896
142 931
579 996
930 241
961 38
55 879
233 367
398 396
683 641
848 939
281 788
942 131
300 809
209 485
436 938
443 764
418 615
291 1000
57 137
819 361
128 626
765 209
792 745
377 425
275 370
335 194
906 419
722 100
229 343
466 930
933 807
648 987
853 570
493 545
212 947
786 485
251 26
640 32
852 913
888 35
168 448
611 582
831 784
203 547
515 339
399 971
188 336
850 719
988 27
635 920
212 66
197 879
788 328
944 92
461 61
477 177
610 483
549 167
426 234
97 679
878 347
874 58
824 967
729 697
569 520
391 92
961 70
269 861
417 795
389 389
380 487
518 21
185 987
459 70
809 272
707 384
710 456
929 574
529 331
669 735
738 419
104 629
627 151
35 521
52 810
87 123
415 365
205 630
293 176
982 345
718 268
395 798
43 122
766 598
751 260
438 226
832 242
990 475
170 309
693 337
140 911
614 710
695 200
48 507
693 154
550 217
479 700
720 305
925 833
263 988
241 594
164 538
964 543
720 589
854 41
572 630
112 889
490 46
405 105
465 718
299 697
179 159
78 754
434 401
309 886
782 166
841 661
543 999
652 384
992 677
31 417
737 417
450 288
475 947
431 494
815 142
462 493
678 441
153 29
433 806
945 799
873 158
334 485
879 409
258 295
173 874
109 134
906 696
785 299
649 957
598 880
849 242
38 726
253 832
458 60
597 520
850 701
241 2
768 257
700 625
548 522
734 916
968 40
160 325
684 276
684 492
666 600
201 252
571 260
497 357
287 593
813 759
608 248
519 852
838 91
406 557
915 170
101 11
48 231
156 70
501 242
804 673
116 676
397 315
781 527
738 214
202 162
723 11
459 753
561 698
962 690
182 222
240 536
361 358
365 843
84 757
411 229
56 402
490 981
959 94
612 503
112 716
137 649
854 220
731 278
89 550
603 238
890 908
241 258
161 423
823 868
993 480
189 692
882 896
741 348
798 887
624 588
916 631
142 877
870 290
288 880
773 231
609 167
539 887
415 490
503 805
278 106
372 920
589 113
393 363
357 23
81 149
257 678
740 568
751 349
67 28
891 911
15 180
355 589
977 959
915 670
306 720
522 357
387 926
914 755
333 795
219 16
234 831
806 941
321 277
166 771
549 604
698 348
933 607
939 544
388 253
795 640
802 144
27 630
215 248
763 490
206 168
117 109
487 239
705 833
539 87
537 494
571 473
270 285
905 614
456 351
124 999
289 470
758 940
809 555
329 376
498 365
740 658
332 815
938 812
601 418
163 479
850 509
895 731
223 371
217 939
330 740
17 550
643 762
752 182
492 637
671 292
965 350
71 433
896 527
569 53
350 448
55 811
959 706
600 202
109 294
551 756
329 350
139 138
626 514
319 685
556 28
890 494
886 220
343 533
346 259
454 708
760 355
952 684
266 803
902 606
568 111
57 283
268 477
26 123
559 712
946 609
377 936
499 172
652 999
204 950
584 620
928 216
703 458
38 939
481 930
353 391
856 324
720 150
437 17
726 410
56 754
43 26
259 833
720 639
518 70
166 68
779 331
422 808
659 815
785 686
86 286
905 349
454 350
917 503
811 50
503 285
119 306
209 799
154 455
426 328
958 555
381 415
932 390
282 478
444 177
122 342
719 886
653 224
24 381
78 316
454 32
181 533
482 286
4 762
398 506
290 965
411 157
193 447
9 246
938 361
826 264
199 771
102 788
111 592
703 337
557 103
269 434
280 450
626 816
251 370
47 722
214 304
764 859
226 100
219 404
872 393
780 532
697 406
265 838
518 701
91 731
144 871
570 474
841 876
128 590
496 911
109 304
815 511
403 831
264 70
298 998
458 253
124 877
424 213
434 894
642 135
460 713
825 179
220 119
798 931
722 818
346 825
720 306
742 163
759 728
907 157
871 158
986 151
257 339
844 561
983 299
515 982
546 228
254 117
715 937
232 32
218 698
776 767
368 865
729 157
623 454
211 249
392 442
655 142
27 934
398 339
418 836
225 953
365 244
193 435
358 920
631 961
758 344
140 971
221 277
601 531
157 688
40 474
854 739
568 193
122 470
444 273
210 539
531 18
62 858
184 551
599 28
819 991
583 914
189 636
159 438
375 167
832 32
698 560
721 482
295 674
518 531
383 988
310 574
507 544
715 700
509 647
389 237
12 218
86 458
42 786
902 924
465 231
343 941
225 915
474 69
186 408
823 149
71 532
872 223
624 395
829 227
326 333
448 563
946 162
273 534
941 581
386 455
712 837
828 207
69 147
543 477
139 658
429 508
836 298
998 269
410 459
788 231
388 559
231 637
645 663
938 176
949 188
747 359
245 839
765 117
126 297
393 883
593 266
944 312
79 796
458 447
177 72
600 417
856 655
852 685
269 290
519 734
506 817
785 300
758 974
476 105
212 283
137 429
651 159
224 929
662 595
250 583
789 738
769 487
200 27
102 410
66 945
577 226
179 539
156 207
204 147
880 810
470 490
165 684
307 576
900 375
826 432
192 612
437 145
991 242
966 277
157 868
916 269
697 578
138 754
548 166
416 988
616 104
726 382
486 777
895 783
358 890
171 1
186 997
259 149
499 682
184 52
449 579
19 326
509 1000
310 6
209 890
712 99
14 898
963 623
604 426
257 275
549 98
609 919
626 972
158 206
691 928
416 527
489 151
136 132
407 842
878 310
835 907
429 990
9 570
709 645
584 992
631 419
81 839
69 563
766 439
998 156
920 290
492 72
39 984
849 807
989 338
996 796
18 801
704 703
224 487
28 24
264 596
571 105
546 385
677 499
312 904
907 703
754 625
662 309
378 181
871 144
536 630
119 111
166 452
663 996
829 25
568 144
485 468
388 52
232 720
66 376
846 326
909 911
809 349
172 480
186 48
314 93
969 480
471 15
655 572
371 182
119 567
777 981
815 930
417 611
483 788
820 946
778 480
483 347
845 222
192 495
694 520
450 631
118 982
963 308
789 209
605 574
661 651
143 215
255 948
988 576
27 925
11 994
634 440
431 509
926 717
208 780
616 149
615 182
984 106
365 941
792 683
915 154
25 308
986 54
523 395
259 730
504 259
608 302
192 452
304 620
949 864
165 5
935 951
17 42
992 202
788 700
736 531
942 172
202 737
98 954
20 952
88 800
673 414
609 719
674 622
382 496
472 888
104 380
707 958
904 140
812 264
983 384
797 807
943 594
999 636
535 691
266 577
82 12
600 198
343 422
138 181
265 65
16 725
711 80
947 674
180 186
102 794
40 681
711 496
444 878
522 92
737 665
694 319
104 613
44 403
906 809
646 608
201 255
797 256
148 128
289 218
125 501
340 690
262 726
478 390
486 158
537 897
136 436
870 451
292 674
205 445
178 369
216 601
157 354
575 7
549 750
996 744
75 861
87 142
648 657
722 793
110 899
166 690
124 444
579 251
796 325
603 500
520 119
382 910
335 226
734 779
996 184
412 547
982 890
112 271
24 729
923 673
434 710
968 673
693 609
950 104
194 53
694 864
506 457
674 745
446 951
530 580
303 728
97 227
934 564
941 46
493 294
610 422
851 653
670 109
867 267
349 443
956 417
782 841
65 880
922 377
18 929
28 539
424 100
890 288
428 604
40 441
191 456
933 72
842 330
426 590
774 10
801 554
