1000
1 606
210 211
291 953
554 555
11 12
657 821
510 511
489 490
581 826
70 71
1 673
263 264
405 406
552 553
30 31
325 326
58 59
1 671
1 645
708 870
122 123
497 498
32 33
426 427
730 830
128 129
61 918
1 604
531 532
1 731
161 805
1 716
587 588
492 493
822 859
96 97
1 745
558 559
387 388
1 612
1 729
539 540
318 319
320 321
485 486
1 649
544 545
1 788
92 93
1 709
600 957
550 551
382 383
433 434
575 576
442 443
304 841
437 438
138 139
357 358
272 273
441 442
532 533
20 21
558 931
529 530
403 940
1 760
828 955
546 547
451 954
354 860
551 552
420 421
281 282
386 387
1 647
466 467
174 952
757 851
1 750
188 827
943 963
860 987
541 542
583 584
370 371
659 990
468 469
1 658
116 117
493 494
1 614
1 694
343 344
1 695
1 741
1 688
435 969
1 686
1 766
226 227
450 451
145 986
211 212
854 947
1 665
44 808
78 79
302 933
465 929
258 854
650 998
354 849
313 314
487 488
133 134
356 357
213 214
194 997
224 225
198 804
333 334
524 525
447 871
49 50
1 692
18 19
598 599
293 294
555 556
549 550
448 449
39 888
812 818
267 268
307 308
1 682
561 902
209 210
198 199
328 329
250 251
828 836
798 910
1 678
451 452
1 704
507 508
161 162
102 103
315 316
445 446
208 209
21 22
347 348
747 899
289 290
1 795
562 563
527 528
545 546
434 435
113 114
198 816
1 730
534 535
154 155
397 398
1 659
147 148
155 156
505 506
362 363
247 248
458 459
1 674
421 824
353 864
563 967
319 320
1 200
509 510
206 207
364 365
414 415
422 423
439 848
6 880
1 797
177 178
1 668
447 448
658 930
475 476
565 566
81 829
495 496
1 622
438 439
175 176
3 4
1 636
248 249
1 624
1 615
749 906
1 663
972 995
218 219
591 592
1 771
415 416
1 722
46 47
504 505
384 385
1 600
189 190
1 625
145 146
474 475
476 477
15 16
279 280
436 437
519 520
528 529
266 267
429 430
4 5
1 756
339 340
499 500
79 80
142 143
498 945
1 623
512 513
1 711
374 935
1 754
1 630
470 471
149 928
309 980
1 773
567 568
709 865
380 381
10 11
1 672
183 184
1 770
339 999
232 233
1 707
518 519
172 173
1 769
331 877
594 595
1 723
1 691
260 855
498 499
416 417
379 380
282 283
424 425
204 205
265 266
453 454
1 774
69 70
817 869
334 335
331 332
84 85
419 420
678 892
1 727
72 73
1 626
1 642
222 223
393 942
1 677
50 51
377 819
76 77
329 330
103 833
164 165
144 145
1 792
363 364
1 693
317 318
1 400
609 959
480 481
1 651
228 229
170 171
1 687
26 27
57 58
470 856
484 485
1 800
430 431
1 713
1 629
1 676
516 517
951 965
253 254
65 828
1 785
322 323
296 297
60 61
100 101
513 950
579 580
548 549
70 919
164 911
696 971
167 168
1 637
1 653
365 366
368 369
407 408
683 958
568 876
156 157
371 372
186 187
517 518
48 49
560 850
73 74
295 296
402 403
1 633
547 548
453 914
207 208
440 441
206 801
811 852
1 610
97 835
383 384
547 994
245 246
408 409
138 932
346 347
183 837
1 618
1 698
1 739
14 15
239 240
413 414
65 66
342 343
292 293
473 474
835 923
1 748
355 356
1 725
533 534
488 489
696 872
1 702
91 92
1 613
356 908
249 250
410 882
220 221
444 445
502 503
93 94
324 325
141 142
192 909
77 78
271 873
126 127
137 138
326 327
1 617
284 285
431 857
17 18
1 669
582 583
739 883
449 450
576 577
1 753
171 172
121 874
1 601
166 167
304 305
542 543
80 81
366 367
1 732
878 992
460 461
435 436
1 706
368 984
1 742
52 53
1 789
49 814
581 582
506 507
390 391
309 310
1 697
66 67
1 724
584 585
36 37
520 521
1 794
350 351
289 842
201 202
609 840
45 46
202 203
404 405
91 885
268 981
82 861
300 301
106 107
197 862
1 655
569 570
1 779
125 126
1 775
853 916
8 9
75 76
136 137
223 224
287 288
103 104
463 464
1 736
221 809
428 925
1 644
469 470
446 887
571 572
1 643
89 90
157 158
421 422
718 879
311 312
1 648
407 894
1 763
1 796
483 484
1 743
68 69
22 23
472 473
256 257
341 342
406 407
164 838
578 866
117 118
185 186
9 10
1 700
889 893
135 136
112 113
163 164
424 913
31 32
525 526
1 759
682 988
556 557
54 55
349 350
806 817
269 270
543 544
143 144
19 20
570 571
536 537
298 299
1 634
255 256
1 784
99 100
219 220
337 338
1 752
639 921
332 333
400 401
34 881
32 889
1 681
160 161
388 389
220 847
432 433
42 43
148 149
146 936
1 735
849 917
149 150
522 523
87 88
1 721
96 875
244 245
43 44
283 284
340 341
82 83
316 317
375 376
294 295
501 502
74 75
538 539
231 232
1 783
40 41
361 362
655 878
561 562
784 813
566 567
866 983
220 922
1 685
360 361
184 185
1 790
59 60
592 962
398 399
564 565
1 720
1 767
83 84
131 132
25 895
477 478
1 679
108 109
124 125
338 339
1 772
230 231
1 740
373 374
446 447
457 458
67 68
1 751
1 719
1 609
563 564
176 177
479 480
276 277
574 946
590 591
303 803
1 683
90 91
306 825
119 120
118 119
212 213
1 608
540 541
270 271
257 258
301 302
203 204
1 699
236 237
234 235
35 36
306 307
23 24
55 56
1 765
359 360
515 516
246 247
421 810
187 188
33 34
770 834
277 278
488 978
1 764
261 262
1 762
243 244
378 379
303 304
557 558
105 106
273 274
1 744
1 641
61 62
665 802
1 684
227 228
162 163
412 413
573 574
423 424
381 382
62 63
41 898
345 346
616 812
425 972
424 903
428 429
16 17
1 621
196 197
129 130
583 964
513 831
454 455
393 394
1 638
192 193
165 166
579 868
286 287
523 524
1 714
260 261
432 973
500 501
94 95
508 509
240 241
182 183
173 174
377 378
397 907
490 491
389 390
588 820
577 578
1 631
560 561
374 920
222 815
411 412
25 26
1 670
98 99
465 466
392 393
229 230
1 632
150 151
559 560
574 575
585 586
308 309
237 238
1 747
521 522
563 905
109 844
621 896
1 715
1 627
1 660
518 807
464 822
1 755
496 497
191 192
1 777
252 915
376 377
1 708
84 927
132 133
503 504
1 657
352 353
216 217
700 937
297 298
159 160
177 944
2 3
1 728
180 181
764 846
1 690
576 924
1 758
344 345
109 110
351 352
323 324
704 970
464 993
459 460
452 453
151 152
51 52
1 734
188 189
367 368
1 2
589 590
1 710
152 153
1 749
537 839
1 782
588 949
285 286
302 303
351 938
146 147
305 306
158 159
115 116
588 589
161 912
637 843
254 255
107 108
409 410
595 596
482 483
264 265
265 897
526 527
80 948
24 25
1 778
486 487
200 201
514 515
596 811
327 328
83 867
1 717
7 8
252 253
86 87
558 934
462 463
456 1000
358 359
396 397
111 112
521 901
894 996
921 926
394 395
101 102
511 512
527 884
514 858
228 960
47 48
478 479
95 96
63 64
64 65
1 603
1 787
374 982
1 786
130 131
348 966
190 191
1 738
1 776
271 272
5 6
29 30
1 666
44 45
1 661
123 124
104 105
586 587
421 976
134 135
268 269
53 54
168 169
295 943
278 279
88 89
1 662
456 457
179 180
403 404
308 939
481 482
418 419
427 428
97 98
259 260
238 239
1 650
1 705
1 696
26 900
1 611
467 468
1 680
321 322
114 115
553 554
1 619
28 29
374 375
461 462
348 349
85 86
1 733
354 355
1 701
1 628
153 154
260 985
34 977
665 890
121 122
256 968
37 38
205 206
1 781
580 581
12 13
34 35
494 495
578 579
330 331
1 652
290 291
1 664
1 620
513 514
455 456
171 891
1 646
78 886
1 718
195 196
385 386
464 465
568 569
592 593
81 82
391 392
490 951
235 236
41 42
221 222
59 975
251 252
569 863
280 281
1 768
572 573
288 289
174 175
38 39
274 275
1 726
378 832
312 313
567 904
431 432
443 444
127 128
178 179
140 141
395 396
310 311
593 594
864 974
6 989
1 675
1 746
1 607
71 72
369 370
1 639
1 703
258 259
299 300
778 941
1 761
1 780
417 418
491 492
439 440
56 57
1 602
39 40
410 411
471 472
314 315
262 263
1 640
1 799
215 216
1 656
408 991
1 791
745 853
194 195
214 215
193 194
241 242
355 806
336 337
537 538
197 198
425 426
1 635
530 531
27 28
1 616
597 598
535 536
1 689
1 737
13 14
1 605
1 798
418 956
242 243
401 402
353 354
6 7
275 276
124 823
1 654
169 170
217 218
120 121
291 292
596 597
181 182
1 712
1 757
139 140
335 336
382 961
1 667
1 793
865 979
372 373
110 111
233 234
447 845
225 226
1000
677 974
357 527
81 630
511 661
705 701
866 295
812 731
692 716
723 418
487 599
449 682
997 343
949 781
78 374
25 35
419 629
5 525
741 14
668 261
494 912
197 100
382 53
673 418
957 718
659 464
207 820
546 616
114 352
936 746
144 787
437 976
211 565
539 578
283 825
555 522
137 199
118 176
863 880
300 157
932 340
295 771
379 518
264 107
508 214
375 789
376 716
935 2
840 266
382 916
646 514
936 563
986 627
812 977
797 424
4 214
944 784
25 636
76 837
251 283
963 232
116 596
925 738
125 225
627 468
62 203
446 328
122 426
711 501
751 919
176 900
145 244
952 48
591 905
530 145
971 968
703 392
318 385
774 574
848 694
898 83
635 615
50 538
408 805
665 403
400 522
368 390
587 415
422 710
307 531
542 154
880 170
632 181
85 819
957 670
9 55
910 711
869 135
820 450
668 14
569 358
413 322
613 525
106 182
89 568
755 699
774 456
738 537
885 223
440 673
552 380
878 653
935 112
12 461
179 622
380 771
805 974
407 511
223 945
790 11
8 928
241 279
627 140
586 877
320 237
201 789
145 374
424 1000
773 918
72 992
471 744
634 861
15 620
798 609
342 474
766 749
269 788
275 704
646 52
334 286
72 593
975 813
382 957
840 448
152 889
193 664
88 847
885 997
677 414
667 784
770 880
196 331
79 574
675 431
245 977
583 499
509 738
922 483
305 994
28 606
872 945
951 237
677 186
964 9
649 701
572 972
123 275
567 679
645 412
119 650
41 27
893 734
535 464
337 133
672 611
165 904
942 342
178 911
976 883
297 603
785 913
690 69
425 947
223 16
473 720
977 946
442 250
72 870
534 138
966 981
845 809
884 359
928 648
106 365
608 937
842 105
518 923
397 116
100 47
348 645
450 136
471 176
777 398
536 259
602 66
136 513
86 581
895 731
495 487
319 625
421 811
481 397
33 193
517 463
564 209
118 616
775 886
706 762
532 15
357 701
91 807
350 667
669 813
679 412
299 763
393 682
831 723
453 621
648 92
515 311
305 408
940 392
898 472
499 345
20 589
143 92
921 1
874 258
320 931
589 762
164 196
272 680
869 239
613 771
397 828
901 540
867 28
952 748
482 264
128 670
354 265
94 32
956 407
923 933
961 101
95 558
994 610
12 515
169 665
587 813
22 690
436 278
58 317
369 318
294 612
779 927
972 9
442 745
956 875
601 294
478 972
86 966
590 886
421 66
258 528
773 540
76 100
904 901
814 91
967 37
608 726
418 589
635 374
363 615
552 972
707 11
665 1
243 515
574 926
115 223
976 635
69 817
208 59
522 857
463 462
186 824
279 4
575 632
711 184
210 938
322 122
131 790
857 18
892 181
891 275
454 265
242 420
113 218
792 559
88 58
349 358
18 425
450 424
760 177
769 511
765 842
329 836
48 901
981 728
418 468
125 741
430 680
754 706
547 489
630 937
787 680
152 202
639 471
35 384
335 46
31 643
669 951
69 236
897 698
239 372
494 321
732 260
683 228
295 220
434 468
128 903
587 891
528 388
912 226
753 518
386 488
762 124
858 585
630 745
888 940
973 772
566 698
544 336
53 164
257 660
653 709
511 386
824 803
197 979
383 249
443 368
203 352
683 642
820 328
516 691
988 650
977 682
644 72
18 977
844 650
984 936
438 90
916 530
379 792
679 495
411 958
203 448
648 68
440 574
491 780
151 145
845 342
161 924
974 147
640 495
816 637
859 34
355 844
573 680
938 130
438 640
692 400
136 964
595 605
370 622
543 85
767 141
386 782
207 355
445 523
115 330
193 973
844 921
70 868
980 626
958 185
386 166
874 190
73 374
882 148
265 939
128 139
332 534
21 396
457 328
386 377
875 490
887 586
842 228
262 528
231 761
207 269
51 777
781 850
192 300
159 727
678 861
206 861
62 756
605 670
25 705
539 795
776 815
922 796
949 301
274 410
775 981
125 519
553 201
332 371
892 984
944 815
279 100
545 589
357 510
425 206
573 303
137 98
594 41
570 682
980 979
636 584
893 247
609 669
556 933
449 792
404 192
447 949
533 552
490 466
864 614
243 611
615 859
109 942
289 200
583 534
145 949
130 820
775 565
761 112
717 695
323 235
954 982
826 687
129 753
967 604
473 163
498 732
613 659
973 359
134 516
145 967
331 429
846 60
743 72
126 840
546 534
18 947
949 696
114 358
585 536
513 435
895 877
518 587
169 721
210 949
839 757
296 325
154 633
95 746
27 616
320 917
884 690
142 575
916 560
888 299
510 531
552 823
930 195
254 54
633 667
645 905
293 291
564 176
454 51
892 116
925 734
104 111
219 115
975 873
361 748
682 4
112 331
196 184
170 911
132 423
951 722
908 185
144 46
653 423
182 346
839 643
91 552
36 670
263 545
197 208
979 830
434 482
960 624
285 398
239 304
455 28
986 7
456 694
8 934
915 732
228 21
110 472
406 15
565 546
144 132
223 900
617 28
590 990
924 874
683 553
249 678
319 679
633 616
482 112
501 195
565 414
159 398
931 593
831 963
875 915
646 124
455 356
565 400
152 998
285 865
790 577
536 800
683 678
462 318
472 175
32 957
797 525
711 708
733 640
508 717
838 9
849 865
68 298
118 280
246 651
420 709
526 886
612 416
437 819
191 578
923 676
319 436
634 89
612 710
883 643
935 955
591 460
745 130
214 325
963 366
994 677
407 718
931 40
373 229
980 677
998 706
388 885
915 288
844 570
669 646
575 796
22 150
860 36
94 201
701 492
934 272
738 965
215 749
861 543
443 919
671 851
713 176
169 843
564 185
275 39
844 578
311 713
682 110
798 217
352 557
145 417
174 360
368 649
196 936
437 387
317 301
200 559
898 354
731 870
146 703
623 242
952 92
285 604
956 596
221 491
23 686
473 771
74 388
282 962
527 112
593 116
437 401
310 623
999 777
795 238
205 138
128 762
505 243
512 563
98 862
346 194
259 876
823 249
492 198
930 89
838 437
690 834
378 210
65 461
122 70
399 348
438 986
590 831
574 374
255 247
718 933
723 902
892 631
938 165
466 772
214 444
178 879
48 36
604 784
904 327
417 63
104 302
931 919
697 353
209 935
956 761
614 361
81 408
858 319
850 286
662 88
872 764
428 542
547 876
459 858
901 87
606 725
271 901
189 705
697 127
417 205
453 263
875 427
780 414
85 276
919 451
183 656
942 554
242 794
795 369
415 202
527 836
767 745
170 441
852 104
102 331
62 943
388 387
814 361
132 169
261 13
65 62
388 886
434 284
917 411
840 219
440 175
77 437
198 153
418 450
712 596
128 148
640 311
312 275
869 964
650 937
818 68
496 358
407 648
2 579
45 306
922 842
942 441
161 492
833 791
952 337
497 685
159 146
614 811
112 913
882 740
172 390
76 648
739 666
343 536
55 928
275 829
121 198
441 655
602 807
970 569
90 708
967 483
11 909
298 285
94 523
939 106
635 928
459 457
972 364
227 532
858 465
77 141
909 775
153 99
168 440
504 296
745 580
755 646
452 292
731 740
920 858
161 732
47 647
687 263
122 507
421 670
65 935
980 274
319 861
670 220
770 685
26 765
118 705
91 638
986 545
105 159
552 607
941 979
81 387
992 258
613 855
92 548
158 403
56 500
245 280
527 426
26 256
914 790
575 627
328 627
445 67
12 64
589 592
501 383
775 500
270 730
797 487
7 584
415 875
426 635
288 744
918 644
591 151
230 340
694 354
242 309
453 18
915 238
542 303
67 489
986 474
857 943
730 93
848 24
510 808
368 943
136 941
778 692
96 652
512 272
33 311
769 956
522 574
672 24
117 538
821 719
554 717
377 712
83 272
262 734
401 219
555 120
77 31
187 353
143 398
438 408
417 896
421 848
932 495
42 80
448 579
764 578
911 685
790 863
618 303
680 784
50 130
452 479
815 502
105 795
427 556
682 142
103 198
559 25
259 260
777 100
873 120
9 114
746 458
216 883
462 316
728 520
887 806
161 962
910 874
356 633
820 536
650 784
353 177
789 95
799 999
140 166
839 539
490 856
337 340
327 68
95 430
381 892
634 487
403 202
266 331
164 645
657 504
384 599
688 521
24 434
696 183
805 333
569 722
625 914
197 699
283 34
869 412
806 430
305 230
154 687
171 673
345 998
100 78
490 308
685 855
288 482
190 788
459 584
953 934
924 337
982 272
396 245
872 728
357 428
206 369
791 689
337 524
267 140
868 616
354 509
670 65
445 263
609 390
302 129
333 744
717 989
77 193
371 613
231 577
73 896
63 417
712 152
172 867
82 942
497 96
302 923
500 712
511 625
785 244
846 519
887 150
386 639
744 799
518 266
92 654
345 688
558 223
782 452
269 16
22 582
690 853
96 127
360 236
327 320
14 824
42 793
918 538
140 317
784 82
814 811
302 129
487 206
601 921
2 477
162 370
774 859
345 358
958 831
648 941
443 452
384 601
708 777
585 690
52 504
797 354
859 74
429 737
314 400
