1000
645 896
295 296
101 817
101 102
1 716
561 562
919 976
398 399
92 93
315 316
491 492
458 459
370 371
332 333
1 667
60 61
520 984
267 268
521 522
14 15
1 630
1 747
97 98
1 723
456 457
1 695
1 729
528 529
573 574
134 977
391 392
1 783
402 403
8 9
306 307
138 139
1 757
487 488
367 368
171 172
273 274
870 968
1 701
174 175
483 484
1 763
157 158
94 95
1 730
474 475
1 622
1 787
1 672
287 887
1 671
488 489
1 698
305 306
1 631
208 209
446 447
428 429
141 142
195 196
57 58
1 799
433 434
591 592
592 593
360 361
1 727
513 514
384 829
325 326
1 661
129 130
1 795
410 411
1 662
55 949
516 517
424 425
207 900
1 621
251 252
1 600
371 372
46 47
1 789
297 298
113 114
1 620
11 849
386 387
313 901
164 165
484 485
234 235
118 119
496 497
1 734
359 360
10 11
1 739
1 703
95 830
1 732
169 838
225 226
1 786
184 811
283 284
330 331
345 346
553 554
392 393
308 309
799 981
1 781
88 89
301 302
423 810
7 8
180 934
87 88
1 709
106 107
355 356
393 394
37 38
654 914
3 4
140 141
192 193
149 150
1 637
1 705
23 24
273 890
1 780
507 508
271 272
152 831
520 521
131 132
551 552
718 905
884 924
1 625
1 750
448 864
1 687
1 666
144 145
64 65
337 338
495 496
396 397
1 758
274 275
821 833
1 644
1 731
718 960
1 613
413 414
585 586
1 769
479 480
787 969
193 194
544 545
1 634
280 281
33 994
1 728
628 809
72 73
585 920
177 178
500 501
51 845
242 243
1 704
655 983
196 875
137 138
375 376
148 919
1 790
213 214
21 22
1 659
532 533
559 861
1 798
490 491
472 473
95 96
245 246
798 886
417 418
682 912
133 134
89 866
1 680
398 870
161 162
578 579
461 967
346 347
66 67
471 472
570 571
752 818
515 516
527 528
751 832
429 430
562 946
397 398
478 479
1 610
250 251
336 337
261 262
357 358
1 721
847 999
1 628
1 733
1 629
41 42
438 439
22 23
469 470
382 383
89 90
560 561
1 681
353 354
1 679
1 759
520 894
423 424
134 135
389 390
211 212
42 43
588 589
621 942
228 229
470 471
1 668
183 184
67 68
586 587
736 867
598 599
1 707
1 649
31 32
127 128
184 908
1 770
531 532
447 448
222 223
174 959
1 794
580 581
407 827
25 835
284 285
342 929
125 126
147 148
1 796
1 740
1 714
1 748
96 97
317 318
434 435
793 935
55 56
292 975
321 322
249 250
394 395
109 110
596 869
349 350
1 717
801 850
629 909
514 848
564 565
535 536
73 74
6 7
1 632
277 278
793 843
514 891
442 443
86 87
504 505
1 700
298 956
82 83
229 230
312 313
244 245
384 385
755 846
126 127
70 71
233 234
51 52
254 255
320 321
493 494
1 724
148 941
381 382
1 738
170 171
276 277
185 186
540 541
780 882
241 242
409 410
296 297
525 526
558 559
1 642
47 48
191 927
1 658
325 837
262 263
362 363
482 483
50 51
822 893
309 310
28 29
1 793
509 510
1 691
116 117
503 504
264 265
270 271
1 648
461 462
314 315
1 627
190 191
699 945
1 744
1 601
437 438
279 280
148 149
593 594
318 319
52 53
466 467
510 511
406 407
1 742
1 708
1 797
1 677
207 208
235 236
590 591
1 788
1 735
387 388
364 365
1 636
344 910
197 198
335 336
172 173
167 168
248 249
552 553
326 327
327 328
661 819
334 335
555 824
293 821
286 815
145 146
142 143
592 885
358 359
1 689
184 185
263 264
1 756
542 543
1 616
1 623
576 577
223 224
78 79
411 814
216 217
71 72
1 609
240 241
499 500
184 876
894 936
1 692
5 6
1 652
554 555
1 719
717 952
54 55
383 384
206 207
247 248
541 542
219 220
65 855
291 292
485 486
1 693
400 401
568 569
97 992
1 676
565 566
119 120
365 366
526 527
70 892
200 201
319 320
324 325
1 663
501 989
146 147
1 765
405 406
111 112
282 283
501 502
377 378
310 311
13 14
265 266
1 604
1 694
214 215
178 179
255 256
341 342
449 450
1 784
208 822
293 903
275 276
1 688
378 379
203 204
494 925
215 216
418 419
45 46
566 567
112 113
1 674
1 773
30 31
179 180
1 702
791 802
589 590
1 772
91 92
220 221
352 353
322 323
191 192
115 940
462 463
33 34
1 752
1 670
788 986
422 423
31 880
74 979
545 546
439 440
298 825
224 225
379 380
1 782
175 176
368 922
12 13
1 699
436 964
361 362
67 939
290 291
43 993
19 20
482 823
108 109
300 301
1 635
99 100
298 299
529 530
571 572
79 80
581 582
221 222
18 19
48 49
1 669
11 12
1 638
822 913
186 187
550 937
1 718
512 513
642 803
508 509
547 548
17 18
15 16
543 884
534 535
1 654
407 408
1 726
1 619
243 244
39 40
522 523
475 476
412 413
414 415
514 515
83 84
436 437
292 293
445 446
519 520
1 678
241 868
1 612
61 62
316 317
1 737
1 639
190 951
476 477
525 828
1 766
523 524
643 883
205 206
480 481
589 918
443 444
1 660
158 159
666 856
11 978
218 219
1 712
739 1000
323 324
481 482
40 41
411 412
174 889
1 706
1 711
1 683
49 50
191 804
348 349
384 982
1 800
340 341
151 152
440 441
63 64
1 607
1 762
1 775
550 551
488 943
55 930
548 549
543 544
538 539
82 871
187 188
1 2
1 720
333 947
755 907
568 812
307 308
442 847
432 433
16 17
450 451
406 938
583 584
468 469
1 640
254 853
152 153
420 421
421 422
308 950
1 785
74 75
745 801
1 761
1 751
43 44
1 684
236 237
1 722
1 697
539 540
463 464
155 156
102 103
122 123
1 665
228 948
146 820
1 767
1 611
105 106
252 253
58 59
342 343
670 857
121 122
100 101
1 741
231 232
256 915
385 386
676 852
374 375
162 163
739 974
807 954
1 779
139 140
154 155
366 367
258 259
584 585
98 99
461 851
781 932
444 445
359 917
156 157
530 928
9 10
754 902
1 664
1 618
166 167
80 81
524 525
81 82
550 985
372 373
230 231
594 966
1 755
404 405
443 805
253 254
1 647
329 330
452 453
266 267
1 774
94 834
299 300
511 512
25 26
486 487
56 57
294 295
69 70
723 813
363 364
53 906
75 76
467 468
54 996
1 686
477 478
1 606
188 189
455 456
498 499
1 749
506 507
196 197
47 963
564 991
594 595
726 865
159 160
343 344
99 931
1 200
21 842
227 228
1 675
1 657
454 455
489 490
256 257
339 340
311 312
333 334
395 396
104 105
1 777
324 958
150 151
597 598
408 409
497 498
27 28
427 428
1 682
68 69
1 736
1 710
530 531
1 760
1 753
34 35
278 279
259 260
568 904
331 332
168 169
235 874
735 826
459 460
575 576
576 955
736 872
465 466
194 195
288 289
1 605
1 602
373 374
705 862
103 104
574 575
202 203
1 656
622 916
169 170
563 877
1 651
1 771
757 888
280 970
36 37
441 442
448 449
1 646
518 519
705 926
1 715
425 911
1 685
1 743
176 177
189 190
431 432
136 137
38 39
76 77
1 792
35 36
390 391
77 78
117 836
505 506
464 465
2 3
153 154
557 558
579 580
343 844
769 839
201 202
426 427
559 560
599 990
1 673
62 63
773 863
114 115
260 261
128 129
451 452
262 881
401 402
1 754
287 288
563 564
1 776
269 270
321 854
536 537
569 570
727 816
143 144
182 183
356 357
473 474
1 633
120 121
181 182
562 563
246 247
723 923
120 965
130 131
921 980
1 655
71 988
369 370
546 547
494 495
136 898
595 596
555 556
1 626
347 348
596 597
1 608
107 108
430 998
1 725
260 995
587 588
132 133
259 973
1 643
419 420
303 304
376 377
135 136
48 807
53 54
257 258
844 897
32 33
302 303
198 199
435 436
425 426
344 345
403 404
428 997
354 355
20 21
286 287
328 329
380 381
123 124
293 294
549 550
582 583
239 240
517 518
1 624
644 806
160 899
29 30
85 86
226 227
84 85
492 493
453 454
209 210
65 66
311 971
338 339
313 314
210 211
28 895
1 690
537 538
349 879
395 873
237 238
457 458
26 27
556 557
1 764
758 961
502 503
165 166
667 858
180 181
160 161
642 878
12 987
430 431
212 213
1 645
1 768
232 233
324 860
110 111
601 808
368 369
1 615
460 461
304 305
1 617
1 400
93 94
59 60
124 125
567 568
1 603
173 174
281 282
289 290
388 389
416 417
115 116
4 5
1 696
1 650
255 957
272 273
117 118
140 921
351 352
1 791
90 91
268 269
415 416
1 778
577 578
204 205
44 45
1 745
1 641
285 286
217 218
667 859
703 840
238 239
350 351
1 746
24 25
1 713
326 953
914 933
533 534
201 972
572 573
440 944
92 962
1 614
389 841
163 164
1 653
1000
252 280
74 50
74 264
638 18
103 951
558 686
788 470
555 358
651 294
502 52
804 568
448 681
697 518
746 486
66 327
533 827
233 86
233 962
926 635
489 388
314 64
181 785
647 292
37 219
606 658
756 579
415 570
177 457
27 581
927 799
436 436
597 638
434 81
430 607
511 468
505 146
19 838
584 105
784 624
108 356
302 795
591 838
502 649
256 358
954 578
441 709
443 351
115 702
489 385
231 104
205 337
582 493
449 577
905 902
741 401
721 779
907 386
126 894
227 437
163 687
614 355
496 697
886 614
437 123
220 46
429 63
248 900
256 53
595 625
726 423
655 918
930 238
637 877
131 347
572 510
635 110
56 346
612 129
183 482
573 53
604 127
968 314
488 707
247 570
683 342
329 862
39 921
552 711
115 829
949 37
347 548
385 978
350 165
709 247
149 59
538 228
778 878
489 819
477 831
986 221
296 728
256 234
691 912
635 252
223 762
260 156
262 750
299 395
113 366
275 977
776 857
947 728
684 554
582 976
255 561
83 100
153 623
565 243
316 157
11 495
912 613
439 832
991 582
603 816
649 747
670 568
432 988
962 857
628 939
744 67
566 303
433 480
48 987
918 441
74 311
208 830
366 372
280 649
293 307
215 811
518 262
606 901
668 981
182 207
208 816
615 75
154 843
268 321
52 620
245 172
526 389
314 347
625 832
630 407
351 365
168 571
296 149
387 982
310 402
726 866
858 179
364 263
979 435
268 432
988 858
752 235
814 209
65 988
881 337
521 10
143 820
879 975
648 810
869 308
61 564
908 362
40 35
973 561
409 840
769 627
266 285
737 768
739 986
310 19
102 360
768 547
67 192
626 905
724 611
972 896
873 195
198 223
891 520
867 671
716 555
443 971
965 605
902 338
614 599
55 886
584 843
453 560
949 81
434 112
229 194
560 640
970 583
126 665
364 290
558 923
756 490
426 768
101 330
233 609
749 682
717 447
951 587
31 410
707 591
392 76
571 973
905 957
640 160
259 704
929 160
815 60
178 943
877 218
161 572
568 757
865 946
392 940
475 273
62 945
623 666
786 644
622 990
23 848
258 614
156 68
908 748
452 497
492 992
174 730
403 867
293 342
795 622
904 990
988 699
425 821
200 586
922 162
887 572
922 463
210 882
923 517
515 365
334 444
387 926
940 790
194 655
142 316
761 592
869 422
298 842
802 38
549 807
302 405
140 838
82 947
167 746
951 251
216 523
5 995
671 826
951 839
165 368
685 894
812 247
271 306
581 246
320 812
104 496
959 5
894 238
911 965
945 991
879 269
817 493
178 496
120 802
887 5
942 566
392 222
821 898
926 420
533 568
851 207
495 959
230 385
877 258
649 211
920 633
869 117
48 597
3 50
478 752
756 656
596 961
809 739
146 35
163 314
442 358
66 415
604 851
313 435
265 980
432 574
539 224
287 458
971 410
497 48
281 26
278 129
22 785
934 837
740 57
276 94
932 489
87 356
789 748
617 314
979 66
452 887
396 996
255 564
27 388
564 932
65 425
149 478
382 6
969 972
212 883
354 30
459 994
673 70
596 530
287 5
441 238
157 196
674 318
980 107
985 155
725 764
118 398
304 616
267 408
920 648
840 579
869 540
782 463
424 758
287 973
289 822
636 558
675 318
597 92
861 895
339 198
226 746
248 471
801 311
788 447
877 40
657 608
117 942
359 177
75 562
144 285
385 284
300 180
110 422
941 143
500 688
131 111
980 197
831 14
599 76
307 955
830 230
655 793
890 270
725 984
732 123
718 874
813 63
273 926
662 362
914 175
488 214
527 493
163 732
923 297
410 869
303 916
317 817
435 312
540 922
832 213
642 185
752 676
382 414
228 798
699 363
179 44
328 25
241 128
816 761
60 818
898 171
255 850
128 649
283 684
435 636
256 646
485 772
552 427
925 587
635 690
925 674
994 70
438 49
271 488
361 954
802 671
631 574
93 758
129 814
400 316
112 786
541 364
420 76
244 655
792 925
551 220
372 549
62 854
888 46
138 948
295 201
837 377
905 318
392 366
638 424
523 994
513 214
943 32
65 625
510 695
920 467
592 570
552 709
23 50
32 936
931 462
362 485
574 681
344 852
504 747
193 559
178 949
687 894
302 992
611 163
556 229
254 751
918 982
857 947
621 315
261 287
456 757
755 709
363 125
475 454
92 669
432 34
702 204
850 260
658 949
762 122
104 96
24 456
753 839
551 981
455 313
182 355
995 537
152 987
605 559
468 293
550 676
597 331
72 417
410 62
595 607
805 38
625 896
312 782
914 540
274 981
687 580
13 172
394 545
346 437
68 213
354 73
925 696
582 649
526 179
511 853
401 71
366 240
102 221
148 928
343 159
258 857
564 716
729 18
879 527
297 629
408 992
245 131
384 793
37 532
353 529
993 314
44 971
132 310
513 423
181 920
505 774
327 306
110 745
377 117
496 298
606 970
169 473
189 937
369 55
112 772
690 349
568 531
900 908
527 417
440 382
940 989
744 371
425 201
285 172
719 725
303 978
135 283
79 862
866 108
159 90
49 513
431 414
173 962
761 939
894 921
37 842
959 223
404 164
912 108
776 523
162 202
778 551
229 122
34 113
892 884
121 610
294 466
649 323
718 533
939 150
555 30
318 763
784 789
838 507
900 636
961 567
425 420
570 392
472 645
914 656
739 433
25 23
433 905
257 182
172 302
778 742
453 624
621 121
69 305
164 662
693 34
991 240
510 451
296 543
129 494
135 804
150 932
766 489
168 389
109 942
359 443
197 707
4 535
553 915
999 554
503 727
131 676
914 230
391 767
826 235
726 196
321 422
287 67
183 440
709 270
702 274
975 918
846 310
159 171
553 507
591 295
511 900
158 899
250 713
622 360
754 44
872 918
968 332
645 863
406 476
358 524
837 348
756 381
300 789
232 716
143 40
627 250
716 511
814 232
311 114
258 478
78 970
735 430
196 1000
280 456
834 741
365 631
672 619
694 970
559 537
990 906
161 122
108 250
743 926
971 369
864 903
202 361
912 172
684 82
741 200
864 39
235 603
152 607
160 574
13 451
95 739
553 470
377 601
659 623
718 419
173 247
535 401
680 481
502 940
349 148
419 397
5 850
792 878
329 667
637 135
106 786
172 761
304 974
237 933
686 400
90 236
12 947
539 792
75 62
2 905
675 899
358 336
863 666
715 846
710 421
712 877
115 237
918 860
125 787
727 94
335 703
179 747
704 35
596 452
802 144
610 475
734 670
719 199
438 959
723 555
889 172
167 135
513 398
109 220
863 325
269 396
908 659
505 823
449 560
826 461
919 983
95 985
559 831
980 284
993 193
423 941
136 184
451 7
236 987
473 850
46 308
961 319
646 283
61 607
735 163
604 652
352 459
978 661
860 220
606 909
658 553
577 92
949 201
421 323
596 974
378 140
329 920
394 271
662 225
925 933
322 418
564 679
295 196
1 350
350 39
221 987
208 901
496 632
590 607
259 77
289 325
968 747
194 65
135 516
682 388
90 727
802 294
913 111
795 314
142 268
749 599
289 151
483 70
363 801
477 897
998 572
67 849
619 672
440 471
506 565
571 548
668 111
855 528
739 724
435 301
559 743
914 427
106 959
859 628
644 743
600 593
839 63
466 699
619 401
571 706
425 172
498 552
299 179
857 398
370 366
721 173
262 678
795 261
464 853
160 8
450 786
361 638
188 864
639 705
984 247
922 722
310 400
69 354
775 685
272 1
326 717
852 826
545 379
169 427
923 39
122 720
996 842
654 544
398 470
688 581
914 890
591 583
463 793
342 201
545 259
972 778
774 641
331 139
65 781
492 535
595 951
25 733
148 383
633 423
422 472
750 277
465 587
249 42
454 647
11 956
327 63
373 743
452 315
200 498
615 972
693 239
616 403
692 615
25 825
168 123
18 280
481 699
101 88
824 289
538 522
981 245
970 31
779 937
679 929
321 910
873 735
642 677
274 724
109 918
986 512
405 60
211 149
249 357
445 210
987 693
618 218
629 795
226 189
870 897
495 508
240 55
585 912
412 496
809 307
691 787
577 812
350 105
162 942
870 757
715 178
292 814
80 303
961 534
367 503
622 37
708 380
268 637
317 446
243 239
645 774
430 372
621 598
13 676
597 493
696 169
158 406
42 556
714 313
506 437
690 127
787 782
21 481
580 240
855 409
736 516
958 111
366 362
566 236
912 324
413 849
751 715
558 631
781 799
130 112
201 282
81 19
773 77
900 35
946 872
453 161
81 613
164 772
627 517
355 71
761 649
923 689
468 569
43 893
772 7
534 204
612 532
53 821
556 480
480 523
949 269
497 77
623 220
920 54
653 302
598 383
222 435
757 15
205 141
229 337
905 276
416 412
317 923
766 92
960 801
337 223
644 471
289 95
530 640
672 678
380 195
598 316
905 178
868 202
819 469
116 73
99 646
518 618
866 166
852 879
81 702
975 640
113 774
638 654
235 888
93 426
759 621
138 598
368 693
360 905
166 339
