500
2 6
14 3
4 5
8 148
7 13
26 39
10 27
11 9
12 17
15 18
47 20
36 25
16 24
19 70
28 23
72 45
32 73
51 43
30 46
22 21
394 215
29 40
133 42
33 35
41 63
31 76
37 49
105 61
155 115
130 117
50 38
106 101
34 53
65 52
495 59
67 123
54 48
100 84
57 44
113 92
95 55
78 60
56 151
257 297
129 87
62 86
93 89
310 388
185 90
140 121
372 58
358 467
77 107
213 68
236 -112
85 104
207 64
120 88
71 66
264 -332
136 -375
312 -343
254 198
83 98
81 69
111 110
141 74
286 364
268 270
183 345
-233 -199
75 260
-46 276
82 91
339 401
126 79
103 238
374 80
-68 124
225 127
122 161
-106 -289
281 258
97 102
330 314
96 135
131 216
109 94
303 159
144 221
203 99
138 119
128 427
347 112
295 145
-141 -211
150 199
108 118
125 171
192 240
222 174
336 -23
134 162
114 116
-268 -342
156 179
474 373
-54 -429
-434 -107
190 200
177 142
197 204
180 158
176 289
160 219
-143 -213
322 348
172 153
482 211
228 169
266 139
193 149
226 -53
157 152
217 -77
235 294
-92 218
178 182
132 245
202 209
195 319
-310 -59
-415 -458
408 328
189 455
137 143
-464 -193
-253 -128
146 163
274 230
469 -91
173 166
353 164
262 147
-51 154
-366 430
-390 -297
343 -189
291 -206
-235 181
-216 271
251 191
261 293
340 -104
227 201
165 168
287 323
208 -291
194 -29
210 450
186 223
-293 -409
-365 -381
167 187
349 259
188 -192
-246 -260
224 170
315 239
359 380
175 184
465 313
352 288
476 205
478 -45
327 234
299 -105
206 354
419 341
403 298
-427 -81
-150 -372
-312 -324
-358 196
334 -7
-292 -262
-74 458
242 -326
280 446
-353 -162
296 248
463 -69
-344 400
-220 -6
253 214
-488 -430
-79 320
-129 494
277 -403
453 -422
252 -417
232 384
-405 -420
279 278
-450 431
243 249
212 317
272 256
351 389
-306 220
255 -210
-481 -203
233 337
-362 -90
-270 -452
451 -385
-171 -392
487 355
-39 241
237 275
282 -249
344 -418
-207 -118
246 -161
247 231
438 -328
-240 229
-316 -425
-13 492
267 265
483 -5
332 250
-164 -100
-215 -265
-303 -72
-330 -355
-380 -251
454 292
316 273
393 244
-300 -252
300 406
308 284
-412 -224
-149 473
-384 -339
-441 -176
-142 442
-117 439
417 477
362 425
-413 263
350 445
437 376
-309 290
338 302
-445 -277
335 -67
-426 -400
304 -130
-286 -97
379 416
-307 -475
-423 -447
269 436
318 305
-337 -432
-4 398
409 -439
283 -231
-111 -3
-15 311
-404 -468
324 412
429 -66
-96 402
-181 370
413 -169
-20 -190
285 397
392 424
485 -131
-222 -279
-89 -43
-296 357
-351 -338
385 -170
-57 -476
461 -278
499 -304
-271 -177
-401 395
342 -194
452 307
306 325
301 449
422 -178
366 -228
309 -160
-95 -347
331 -280
-113 386
378 -354
405 420
-250 396
321 -30
-239 -236
447 -197
-151 -242
367 -27
-221 368
-191 -167
363 -153
-460 -175
329 -158
326 -63
377 387
-31 -94
-204 -290
-41 -269
418 471
-108 361
365 375
333 -320
-40 -340
346 448
-137 -10
-437 -489
-126 -393
-446 -19
-232 -103
457 415
-122 -334
-287 434
-155 -132
-459 -348
-378 423
-196 428
-208 440
491 -255
-230 -202
414 -364
-350 432
-64 407
-86 496
-32 360
486 456
-443 -486
421 356
371 399
-34 -474
-352 -397
-318 -99
410 -369
390 -421
369 -47
-85 -243
-283 484
-264 -282
-471 -466
391 -82
-186 381
-75 -319
-55 -451
-238 -245
-473 -357
-313 -195
-135 -411
-396 -444
-456 -442
498 -88
-438 -266
441 404
-461 -172
-205 382
-327 -184
383 459
-93 -329
-463 -146
-345 -315
-42 -163
-483 -9
-18 466
-180 -336
-28 -257
-61 -134
-78 -496
-152 -294
-484 -399
-408 -453
-48 411
497 -259
-166 -227
-389 -247
-1 -123
-115 -127
-480 -284
-301 -499
493 -62
-487 -477
472 426
481 -12
-288 -52
-248 -325
-234 -217
-144 -165
-183 -159
-346 -237
475 -356
-136 -386
-391 -261
-174 435
480 -25
468 -125
-436 -323
-201 -308
460 470
-154 -87
-274 -360
-302 -370
-156 -139
-80 -120
-359 -440
-317 -285
-428 -145
464 -157
433 479
-22 -168
-185 -200
-76 -223
-50 -147
-335 443
-478 -376
-406 444
-367 -500
-219 -419
-498 -495
-241 -182
-254 -341
-84 -49
-124 -361
-214 -38
-373 -467
-493 -494
-469 -314
-276 -60
-14 -305
-109 -333
-267 -433
488 -2
-331 -416
-16 -263
-70 -273
-133 -225
-299 489
-173 -226
-65 -395
-407 -272
-229 -322
-379 462
-402 -472
-17 -56
-21 -71
-212 -138
-244 -24
-382 -424
-435 -371
-275 -431
-349 -485
-448 -363
-11 -83
-36 -209
-26 -102
-101 -218
-492 -497
490 -58
-44 -110
-33 -410
-37 -368
-414 -455
-465 -490
-374 -377
-388 -394
-298 -116
-179 -256
-281 -398
-449 -187
-73 -470
-188 -35
-479 -462
-119 -98
-295 -198
-114 -457
-148 -383
-311 -454
-121 -8
-140 -321
-258 -387
-482 -491
39 26 834796191
7 7 949485371
39 23 488449513
12 11 409363513
30 27 42554030
10 35 391877445
4 33 81545322
25 5 925334071
38 3 775626819
2 47 184309481
27 40 70385133
33 12 566220973
7 25 546304731
17 37 467326422
45 16 303582385
31 10 939111914
14 33 621076474
18 6 360225479
20 26 36757605
18 6 505692642
7 40 739822093
21 12 464918422
45 45 417114106
33 16 902264963
49 50 898530931
10 15 318642728
45 40 656152458
50 18 672882973
25 25 56147092
31 16 699561361
22 11 914595781
34 32 683530189
30 39 808366309
47 1 777553653
46 34 852972086
12 13 77175636
2 22 989525395
19 45 229115741
45 36 16248040
13 49 684098167
23 29 564459249
6 19 580232770
44 28 150156055
47 32 820533834
32 19 911208880
46 4 725763577
17 1 55826191
11 41 669956842
49 33 633413712
47 1 982954407
27 1 76787919
45 20 507252693
24 27 886750798
6 12 337429043
24 44 761552391
30 20 57651772
32 12 101918969
22 3 845473736
6 15 666231748
8 23 767823746
8 41 554843794
30 33 941887672
6 32 612485569
17 26 375003792
12 17 712028699
34 40 476532375
45 9 745690454
48 46 66577387
14 43 110759858
36 41 304551316
26 34 479533573
10 8 52682231
43 26 309262762
18 19 694398517
36 18 586172385
26 42 895793247
36 47 54057382
31 33 411758276
25 42 491369123
15 9 778819986
1 32 109581623
8 14 855409248
35 27 81104609
3 43 820902151
22 29 117263621
15 27 879225056
11 8 869470933
45 34 189920220
39 8 686046652
47 46 24081977
30 18 824366291
45 18 346776093
21 26 828166350
15 29 438571686
44 1 847963189
22 6 325918612
30 41 643937627
15 12 252743389
24 14 366396934
19 42 800690822
37 32 712692720
4 27 729419850
31 26 461103496
9 14 511973717
9 4 133978083
17 15 60772628
9 41 40666950
20 30 980234781
35 15 291234397
26 38 465034920
10 7 132972689
36 8 257145677
13 4 840446780
26 22 521529662
29 4 268780123
46 32 51978133
36 31 750348749
17 13 790911959
31 9 511071631
18 28 596874415
25 18 777434993
34 44 24603302
37 25 390188139
8 37 702355853
12 9 399678131
45 41 182634511
25 42 377143606
39 50 627143042
47 30 37892558
24 47 828305441
42 39 946556158
37 42 810370134
12 32 1683570
48 34 276567256
6 16 704543966
48 27 567075429
39 32 924934273
41 25 671303799
20 35 786418787
18 25 561513633
8 34 314139608
1 20 177269401
32 39 408048688
18 44 699440599
33 11 425491148
9 39 2464105
43 11 482337602
17 11 467976741
1 47 602809831
25 31 397908502
11 39 302663522
30 41 241993529
18 28 945534530
13 28 655991013
24 25 75718832
12 29 604396117
25 33 424657377
35 23 913646219
32 5 551022036
12 8 79710088
2 29 622983113
45 10 684946323
24 39 75969852
2 3 650253621
28 37 831848533
9 3 177814906
43 29 107744520
15 50 694055294
21 35 460567378
28 22 46215911
9 36 12514525
18 10 526119178
8 13 764299272
10 33 987619846
48 18 748037849
50 23 471044428
31 42 159103688
30 35 294553230
16 15 197886146
37 27 471912266
25 1 219572796
34 29 891014904
49 2 433264823
33 47 939340730
50 47 770266341
23 25 1760489
16 12 90735640
3 42 609332820
17 37 323714599
45 5 637419364
46 50 630157203
26 5 777427579
27 27 764176814
26 8 518891112
22 48 544340445
46 38 672373344
8 28 933321068
1 47 582411784
37 48 18733488
43 11 997820854
42 15 123438848
48 43 408101995
26 9 377929472
33 22 944704199
33 16 653595076
20 12 547607247
47 29 802817845
46 14 725814204
43 1 611149554
5 6 509226392
20 6 891956985
14 2 831430478
24 24 71178128
46 24 44464755
11 49 838114738
24 47 779943472
5 41 19195093
20 46 794088890
21 49 271506737
28 43 70130529
35 29 532412333
37 8 141025704
10 35 673398220
35 40 893706693
33 29 173358588
31 2 909210701
22 44 773636374
19 33 404989380
18 19 533165150
12 49 29413522
40 34 891555349
49 37 948062184
34 8 607036020
25 1 98922681
5 40 368426365
6 40 921658499
49 16 306226329
34 45 177464052
4 44 261185871
3 15 21057690
38 16 966305901
24 49 693920192
32 20 35331040
34 50 914232925
23 16 375090601
13 14 108535157
30 44 41993712
24 48 47177711
20 18 623208746
34 9 336560849
1 11 962397253
49 2 33130290
18 43 542302016
19 20 163310649
36 22 789862882
1 29 447833654
45 40 898950018
42 2 916848347
11 49 906518021
19 48 106156892
29 2 987629425
32 42 40026
26 7 91450876
45 5 868897996
17 38 283820416
47 43 704644502
38 11 905545102
40 7 45264898
40 29 448751589
37 20 82223749
39 47 819255419
32 24 773636147
40 1 196835180
46 46 271667206
33 12 764881500
25 15 756601368
37 16 355361966
44 14 750640654
24 4 694647845
46 5 810592284
44 23 287551173
17 22 87921763
19 1 244834344
15 6 5623635
28 8 828567580
42 27 208561764
7 43 740923488
22 46 29635475
26 42 991546070
30 25 385689645
2 47 318223092
25 9 776775835
26 4 466420603
33 38 478608272
40 17 682236836
17 30 66159415
9 20 629987806
6 46 131783462
47 17 321843986
23 11 943888261
20 5 785172740
30 39 517469193
34 42 914413768
21 13 25357995
38 50 269452727
19 14 116612169
38 21 470921335
35 34 392774895
1 19 632813502
14 29 33168648
18 20 109465320
8 15 149254691
49 34 387942171
13 28 922878454
14 6 612203526
29 24 431968615
49 8 590735484
33 4 534460323
1 5 145294960
30 4 562269110
1 26 728621475
15 18 110058794
48 38 483356902
25 43 167452752
33 21 788438265
6 35 586099330
16 20 921562659
19 43 277332407
26 2 637708389
31 13 177050942
6 38 134215621
24 31 704440573
13 34 700162288
8 36 593343587
28 2 556826114
12 31 712578946
32 39 177214251
26 48 274169716
29 38 248736587
41 29 881212012
30 1 909797342
13 24 296474250
46 13 190497425
33 49 979809037
34 12 144836596
15 9 445267275
5 10 313069689
2 27 191495672
40 13 615005547
18 24 433926977
19 18 358012719
44 17 115884249
6 41 522633063
6 29 209099710
20 25 342736943
28 1 564499376
39 39 313002692
16 10 657293197
28 8 727219648
4 34 865523139
21 3 396738259
39 3 307596979
29 17 302539872
9 26 786761929
35 20 501090384
36 48 854867703
24 39 413189183
34 35 500752721
43 35 244244386
27 23 744917116
29 31 31466569
33 11 718722791
49 32 103160031
26 12 670243009
46 46 957329817
43 50 109257052
33 32 423808339
18 5 509020662
2 40 261422397
26 5 296019090
9 25 46737716
19 17 724107346
3 47 296528580
14 7 434118128
11 26 51008403
11 29 342452700
44 17 872950394
48 30 955504177
40 27 99923596
46 18 33428299
23 35 621541424
41 32 966033934
38 11 521986455
46 40 591938857
21 44 667685772
1 44 397801233
19 39 342185645
49 15 914028190
27 10 614081590
44 8 686590229
30 34 581503926
11 17 477772898
23 23 799152639
12 29 648803178
5 3 549483875
48 35 458524548
39 31 337698598
3 20 463330717
15 11 196957917
22 39 947486243
7 17 715967488
24 14 549139367
46 4 876141929
27 33 140987401
29 8 630310262
15 5 100151618
45 4 40447818
16 22 176665606
27 38 464309158
17 30 855818422
33 19 384621696
49 35 672260402
4 15 537284827
37 15 501681425
46 28 9905403
2 46 729642533
5 13 58694047
29 18 44278293
16 27 600423460
48 1 341211138
16 46 805747907
3 49 575537691
17 28 128353389
34 4 820896695
11 6 449454433
8 38 563510478
20 36 326622081
39 30 223971487
16 41 571405765
16 31 565882831
13 37 7405278
13 27 464456945
40 18 633660847
43 14 243675264
50 46 288003947
37 25 249473509
24 5 375719217
5 41 707188886
46 6 125580827
28 38 390171492
14 17 914328359
42 11 82673123
11 8 567466185
24 23 758508725
19 19 862514869
43 29 36873669
47 45 863744007
40 33 254336283
45 9 252928787
34 50 164977684
50 10 331694111
10 32 411342326
19 16 126943668
41 42 311884228
11 11 787060702
40 31 854443872
36 37 77544217
18 19 930467463
26 8 194734154
27 41 884200998
36 4 122299881
17 29 768952432
33 48 436099244
26 26 757401162
36 29 681566155
18 50 496598167
5 18 451970708
25 31 923402994
32 36 323116613
25 34 71659689
28 16 264236415
8 50 815175151
6 43 659665369
33 6 512656903
13 12 985174829
14 29 792250366
32 38 970757184
14 33 236955640
49 46 992665664
32 34 195848748
50 50 158966222
1 2 918744901
43 21 34010758
48 23 336740165
10 3 138817349
40 19 227303011
29 4 309157375
12 43 461924656
7 6 468588669
42 3 523883567
