48 734 80
0 971433 0 303588 0 341362 0 16703 0 175549 0 254835 0 442742 0 566990 0 986474 0 400974 0 719515 0 943236 0 536775 0 623756 0 723812 0 755871 0 184645 0 580200 0 673075 0 460830 0 129469 0 321767 0 648675 0 296082
950093 0 172071 0 841194 0 14586 0 689887 0 72477 0 349465 0 661319 0 376064 0 207179 0 678021 0 67964 0 462013 0 120762 0 634953 0 964839 0 38087 0 870820 0 908074 0 574861 0 10927 0 631885 0 847084 0 195571 0
0 728436 0 520158 0 172752 0 374256 0 358276 0 337778 0 670337 0 308368 0 509848 0 27883 0 839305 0 199734 0 100359 0 705122 0 861053 0 476423 0 912300 0 55425 0 544386 0 890664 0 692539 0 695691 0 855502 0 730625
566510 0 763575 0 821838 0 93788 0 911811 0 668921 0 289358 0 640247 0 705430 0 978462 0 14502 0 63705 0 316239 0 201191 0 888425 0 826087 0 229073 0 244081 0 25820 0 845783 0 949202 0 403224 0 322205 0 377853 0
0 458649 0 382943 0 268517 0 667539 0 594985 0 124018 0 398163 0 677846 0 0 0 736352 0 771633 0 315755 0 405272 0 577342 0 472353 0 110701 0 555803 0 3207 0 690758 0 872042 0 204397 0 95534 0 698128 0 949821
339614 0 240299 0 795603 0 805168 0 643523 0 634160 0 183020 0 618523 0 17102 0 451536 0 286061 0 128438 0 91906 0 684223 0 806283 0 495850 0 936927 0 577915 0 327956 0 342198 0 671608 0 800309 0 452899 0 227411 0
0 803515 0 660008 0 99452 0 524263 0 755541 0 313931 0 474083 0 0 0 554229 0 786037 0 416673 0 197751 0 420196 0 116045 0 332625 0 953649 0 567580 0 618685 0 82086 0 659485 0 819260 0 404720 0 671686 0 756186
498986 0 999642 0 98383 0 0 0 799950 0 67633 0 398004 0 119816 0 727640 0 13807 0 644078 0 999532 0 327737 0 118160 0 611038 0 0 0 904196 0 544062 0 112420 0 840744 0 660106 0 0 0 794392 0 744038 0
0 63729 0 392830 0 403522 0 882988 0 797549 0 591560 0 639173 0 296535 0 591201 0 253907 0 467128 0 907502 0 0 0 381483 0 27317 0 565531 0 395289 0 671394 0 565063 0 239377 0 305905 0 692452 0 637693 0 726452
236513 0 750112 0 567195 0 896619 0 195156 0 877939 0 640656 0 775236 0 270768 0 560529 0 174575 0 68316 0 152088 0 813747 0 364850 0 259640 0 584005 0 831977 0 683493 0 421896 0 213459 0 227161 0 987427 0 125099 0
0 414906 0 68841 0 364475 0 720810 0 761292 0 2168 0 963614 0 997804 0 268631 0 47160 0 894422 0 980138 0 925098 0 51429 0 755373 0 195865 0 611958 0 929947 0 264181 0 280397 0 260045 0 145382 0 56389 0 360402
493711 0 739881 0 782297 0 223521 0 483394 0 769723 0 348620 0 898299 0 838563 0 229446 0 135461 0 599854 0 231613 0 615426 0 597658 0 16596 0 662585 0 8431 0 996733 0 587683 0 59860 0 268458 0 299899 0 188169 0
0 714756 0 80431 0 468565 0 491153 0 225813 0 41305 0 851554 0 719523 0 297538 0 633850 0 459395 0 0 0 403573 0 324366 0 0 0 758487 0 553812 0 331041 0 358341 0 301776 0 462818 0 472350 0 318371 0 125403
997132 0 831456 0 229437 0 56991 0 616265 0 529335 0 245159 0 331020 0 609766 0 230076 0 822172 0 351930 0 271380 0 673725 0 587804 0 568917 0 823927 0 47198 0 866199 0 743851 0 371564 0 0 0 502337 0 925375 0
0 909172 0 377029 0 227150 0 0 0 365730 0 61873 0 497392 0 362862 0 893328 0 726828 0 936204 0 509592 0 772514 0 697715 0 356963 0 898631 0 927790 0 695487 0 250560 0 715521 0 885563 0 838363 0 800790 0 709489
401913 0 666988 0 453339 0 773476 0 245119 0 472028 0 215202 0 154291 0 849056 0 958703 0 526280 0 731138 0 20575 0 540023 0 0 0 430254 0 783202 0 30202 0 456197 0 72067 0 727916 0 813160 0 970698 0 172057 0
0 508646 0 221257 0 887578 0 394208 0 575972 0 204719 0 103697 0 977884 0 871706 0 73387 0 267711 0 116825 0 545414 0 482912 0 787467 0 910822 0 441614 0 830098 0 641959 0 978541 0 886472 0 735957 0 408794 0 669673
282510 0 381343 0 258091 0 0 0 194502 0 228788 0 698834 0 219499 0 450045 0 102763 0 613706 0 542368 0 823833 0 233754 0 520251 0 695539 0 823493 0 787961 0 328715 0 368906 0 787224 0 632533 0 796079 0 745189 0
0 462630 0 438037 0 723729 0 349101 0 690345 0 648875 0 535125 0 489207 0 30217 0 793215 0 15984 0 741070 0 22003 0 231169 0 960568 0 988399 0 850284 0 574273 0 530766 0 674116 0 324379 0 0 0 886006 0 0
355328 0 0 0 33128 0 142551 0 363604 0 0 0 887739 0 826233 0 783595 0 127820 0 691685 0 473940 0 293046 0 226809 0 963146 0 323262 0 536376 0 495481 0 580683 0 74730 0 726649 0 541250 0 579480 0 576932 0
0 631874 0 626597 0 767400 0 956252 0 193964 0 653405 0 620474 0 65643 0 384477 0 653602 0 724545 0 748080 0 999160 0 128635 0 90665 0 782754 0 256454 0 782349 0 256693 0 549499 0 525510 0 219838 0 389112 0 578237
231670 0 969794 0 652966 0 958319 0 511043 0 748797 0 51602 0 142917 0 375393 0 819001 0 615520 0 0 0 988758 0 235994 0 151350 0 889586 0 405947 0 875894 0 637665 0 405106 0 4528 0 244681 0 187859 0 777334 0
0 27030 0 444552 0 326832 0 68891 0 180741 0 232296 0 647127 0 412411 0 718441 0 816444 0 887081 0 229484 0 81592 0 938682 0 888752 0 456984 0 274035 0 20623 0 59043 0 779144 0 256616 0 210392 0 668729 0 178914
602637 0 306393 0 584019 0 123516 0 67426 0 771878 0 900849 0 610807 0 732781 0 744033 0 679697 0 429873 0 0 0 843175 0 842283 0 694768 0 175970 0 729363 0 440603 0 257561 0 184397 0 845706 0 230896 0 974783 0
0 866329 0 289938 0 753926 0 639296 0 16681 0 422654 0 818210 0 619317 0 245398 0 918580 0 742832 0 312823 0 206809 0 643681 0 923629 0 939589 0 904065 0 119677 0 369462 0 396744 0 962851 0 728096 0 91511 0 138820
973811 0 48466 0 912732 0 158207 0 410523 0 143627 0 132989 0 793203 0 433564 0 403266 0 432499 0 450244 0 825919 0 767060 0 585912 0 587668 0 201991 0 328744 0 0 0 408800 0 488776 0 340471 0 348388 0 392840 0
0 460148 0 234201 0 789583 0 422998 0 962297 0 397445 0 78170 0 936107 0 962262 0 990901 0 610665 0 372785 0 134528 0 743653 0 165987 0 84443 0 663270 0 0 0 51039 0 489188 0 398248 0 636950 0 593207 0 600239
482045 0 493697 0 9038 0 970820 0 834168 0 873777 0 880011 0 294315 0 107978 0 185945 0 233664 0 70274 0 0 0 311833 0 522732 0 62003 0 819086 0 133396 0 951139 0 469965 0 393400 0 633478 0 0 0 56669 0
0 748314 0 121797 0 0 0 146562 0 275099 0 655414 0 263152 0 757143 0 149111 0 788541 0 244315 0 499630 0 662317 0 640677 0 310296 0 286646 0 826622 0 543959 0 873271 0 926363 0 372144 0 396002 0 504717 0 707581
529397 0 972208 0 177545 0 439148 0 605685 0 764655 0 495816 0 353998 0 886452 0 558023 0 16911 0 0 0 729789 0 796414 0 435044 0 395251 0 584954 0 195710 0 894880 0 763623 0 836387 0 205175 0 566620 0 179360 0
0 265485 0 439891 0 622074 0 0 0 352244 0 126790 0 861560 0 397993 0 98997 0 555456 0 837140 0 221033 0 320111 0 332956 0 575031 0 722914 0 407330 0 108293 0 400815 0 137118 0 904707 0 352210 0 532368 0 6012
547920 0 0 0 769634 0 900658 0 665125 0 0 0 80017 0 446962 0 292496 0 702090 0 600941 0 161091 0 345231 0 978853 0 559083 0 960580 0 50660 0 912575 0 181612 0 370770 0 761882 0 272994 0 610035 0 169211 0
0 381287 0 527201 0 822681 0 802345 0 879411 0 871400 0 808356 0 943682 0 331351 0 94342 0 844339 0 996475 0 0 0 924355 0 443436 0 755794 0 626444 0 560729 0 916884 0 488026 0 55933 0 0 0 448605 0 106592
904893 0 630217 0 993714 0 666774 0 903210 0 603748 0 352336 0 800848 0 130949 0 691368 0 603192 0 526711 0 79120 0 927900 0 470392 0 410470 0 538593 0 314730 0 406944 0 485539 0 755436 0 366732 0 757684 0 381879 0
0 443812 0 674567 0 386256 0 499744 0 183237 0 834861 0 606335 0 88129 0 465077 0 0 0 271254 0 884638 0 720148 0 139942 0 201838 0 367448 0 831309 0 321381 0 894158 0 426780 0 249280 0 880901 0 837249 0 787872
0 0 760545 0 789762 0 951065 0 127276 0 547445 0 849295 0 571087 0 738364 0 235550 0 70830 0 437952 0 70410 0 193516 0 0 0 51838 0 309916 0 313686 0 452828 0 546415 0 969979 0 654665 0 913862 0 317640 0
0 976045 0 324371 0 744419 0 741677 0 205271 0 581668 0 0 0 400900 0 342212 0 352014 0 868316 0 985839 0 415810 0 717610 0 73277 0 670525 0 469511 0 660458 0 108477 0 56273 0 853973 0 150909 0 108110 0 680240
0 0 77289 0 226654 0 467277 0 248305 0 656867 0 784916 0 224350 0 981237 0 529334 0 482378 0 702859 0 627353 0 44629 0 620110 0 485916 0 396642 0 488425 0 988106 0 812452 0 722386 0 61382 0 999328 0 0 0
0 238191 0 107804 0 764521 0 0 0 775064 0 872630 0 288755 0 756010 0 466271 0 31761 0 739638 0 714575 0 688627 0 524553 0 455276 0 186216 0 570238 0 937653 0 889074 0 713943 0 982282 0 509184 0 716210 0 895275
997608 0 704316 0 707726 0 236346 0 282049 0 707054 0 944594 0 520240 0 331209 0 709114 0 128755 0 106273 0 98095 0 933861 0 378634 0 564365 0 481973 0 118271 0 278940 0 170600 0 159175 0 734215 0 356815 0 729412 0
0 188220 0 762240 0 959706 0 170501 0 271423 0 675916 0 65775 0 785383 0 380231 0 289853 0 21728 0 178631 0 513258 0 966321 0 215222 0 360818 0 675434 0 343976 0 983442 0 773528 0 794189 0 878427 0 854245 0 276161
996697 0 133184 0 963112 0 672223 0 383750 0 836278 0 917987 0 571969 0 598518 0 877692 0 258821 0 0 0 69959 0 840948 0 655322 0 450189 0 130800 0 193401 0 145172 0 160409 0 159721 0 360393 0 37578 0 351506 0
0 220721 0 21020 0 641386 0 14909 0 899446 0 495630 0 807421 0 412495 0 628813 0 770533 0 84717 0 528914 0 606810 0 519055 0 100883 0 721679 0 396747 0 359703 0 591619 0 466705 0 717002 0 763292 0 433246 0 0
956693 0 94769 0 524561 0 116413 0 455161 0 562139 0 984271 0 675881 0 99510 0 625656 0 207141 0 998955 0 121285 0 530914 0 0 0 266449 0 817798 0 12518 0 795362 0 940959 0 531572 0 412596 0 662638 0 444670 0
0 288651 0 254256 0 427727 0 5652 0 17547 0 377324 0 369805 0 974239 0 472092 0 410717 0 607004 0 443604 0 489207 0 591274 0 119485 0 588716 0 733281 0 842977 0 587671 0 854565 0 373890 0 515471 0 637365 0 191687
44340 0 432726 0 132646 0 575912 0 361674 0 795283 0 536933 0 650324 0 565890 0 481011 0 655975 0 583436 0 374686 0 542131 0 74027 0 846777 0 952848 0 197382 0 806733 0 442054 0 305007 0 926217 0 30770 0 38287 0
0 285545 0 134792 0 892851 0 659435 0 166614 0 530215 0 367473 0 210954 0 479292 0 500118 0 303217 0 840965 0 811752 0 840149 0 7640 0 377641 0 837512 0 179967 0 477429 0 212197 0 722097 0 67807 0 575326 0 674944
265188 0 382058 0 633350 0 570194 0 824626 0 180471 0 124832 0 110170 0 831614 0 17682 0 285956 0 998227 0 64248 0 653429 0 209180 0 543539 0 669898 0 512396 0 900856 0 481650 0 868897 0 908495 0 375642 0 706408 0
13 30
12 46
28 25
45 47
18 18
32 3
8 31
29 21
32 32
8 7
20 3
42 46
31 33
31 31
15 8
22 44
38 1
41 17
26 37
32 11
23 31
30 30
30 26
3 29
9 26
36 29
44 29
42 26
13 24
8 43
47 45
38 36
14 30
21 7
35 20
17 9
2 14
38 47
39 8
28 48
1 15
28 45
43 37
22 23
28 46
33 26
42 23
30 23
20 2
29 6
37 14
30 6
27 36
5 18
43 48
33 44
14 28
8 24
16 29
14 43
26 46
20 36
36 1
10 8
18 7
29 6
20 11
12 14
46 32
31 8
31 15
19 44
42 26
35 25
7 16
19 48
13 39
3 17
7 13
24 25
