46 445 29
0 831018 0 391894 0 628641 0 814539 0 0 0 371314 0 555804 0 44502 0 0 0 985036 0 677313 0 258603 0 537032 0 978354 0 312718 0 245439 0 377810 0 472179 0 882813 0 605684 0 308862 0 315866 0 383957
930463 0 331347 0 629437 0 85665 0 190443 0 759975 0 880705 0 869124 0 107344 0 788950 0 14116 0 438234 0 115807 0 385429 0 510389 0 676660 0 936839 0 11776 0 353973 0 711794 0 65160 0 848678 0 24511 0
0 310598 0 742840 0 496689 0 709762 0 348523 0 321902 0 541979 0 732479 0 252365 0 873325 0 361915 0 338029 0 580120 0 638241 0 735085 0 449243 0 261936 0 524034 0 463358 0 700169 0 156193 0 365138 0 210558
832852 0 301977 0 222333 0 703176 0 13770 0 287492 0 551854 0 38280 0 114441 0 811045 0 51320 0 340554 0 159567 0 373222 0 882533 0 408397 0 141938 0 755857 0 770312 0 996318 0 335976 0 924904 0 731403 0
0 301570 0 186840 0 771788 0 281279 0 887008 0 927980 0 646417 0 613917 0 277184 0 948393 0 352602 0 0 0 478514 0 156445 0 48564 0 516793 0 270886 0 859608 0 84464 0 127791 0 535526 0 974037 0 10323
943923 0 115974 0 282532 0 230586 0 112292 0 134859 0 155489 0 843694 0 436429 0 858680 0 131833 0 234059 0 262040 0 576165 0 880475 0 392308 0 853348 0 345219 0 744909 0 350058 0 823732 0 901354 0 914974 0
0 856876 0 688591 0 290933 0 457692 0 816381 0 826459 0 431728 0 343056 0 770381 0 547702 0 625587 0 966 0 176345 0 760445 0 672806 0 20038 0 713225 0 47838 0 668222 0 947284 0 309877 0 244386 0 344110
702184 0 614085 0 689329 0 963445 0 964143 0 29412 0 864798 0 395468 0 402640 0 69740 0 686400 0 860331 0 886120 0 512858 0 808410 0 229175 0 799590 0 356111 0 371113 0 316907 0 532455 0 131558 0 989713 0
0 68844 0 844782 0 553902 0 253418 0 308417 0 863778 0 497803 0 652527 0 82313 0 111888 0 341855 0 45757 0 592382 0 887618 0 426906 0 987849 0 290257 0 12997 0 674248 0 666939 0 415469 0 187106 0 475349
160995 0 986695 0 347811 0 532108 0 819954 0 396618 0 663665 0 809666 0 981813 0 24798 0 879919 0 235230 0 333215 0 260048 0 733033 0 985741 0 342360 0 361272 0 843947 0 904469 0 953653 0 247916 0 847726 0
0 457853 0 538173 0 860723 0 132100 0 205111 0 276191 0 835557 0 196811 0 437185 0 338604 0 544622 0 485644 0 158557 0 941239 0 665660 0 484574 0 923051 0 690458 0 364492 0 158281 0 540024 0 624539 0 407665
42116 0 483250 0 768936 0 402414 0 904070 0 722588 0 650329 0 751796 0 180440 0 188501 0 128870 0 828891 0 909964 0 0 0 664448 0 106774 0 874948 0 3051 0 167747 0 360592 0 677959 0 108985 0 26251 0
0 162532 0 32036 0 233060 0 527023 0 706668 0 773083 0 151561 0 114332 0 331550 0 151162 0 883267 0 733963 0 55232 0 122206 0 900644 0 807027 0 818997 0 605496 0 452248 0 164239 0 515459 0 373659 0 828686
138585 0 248606 0 348088 0 306331 0 609197 0 26046 0 415316 0 151800 0 704929 0 963703 0 384859 0 231951 0 670370 0 674294 0 899863 0 301053 0 522195 0 51025 0 700671 0 256158 0 106256 0 822876 0 673153 0
0 429634 0 158224 0 278648 0 398233 0 322462 0 794107 0 771891 0 667500 0 449043 0 536848 0 531939 0 755373 0 662397 0 74337 0 687040 0 814196 0 779265 0 167094 0 715406 0 11216 0 353815 0 389699 0 427430
654867 0 428246 0 994806 0 871889 0 684403 0 617413 0 694764 0 873907 0 563398 0 369339 0 152554 0 961630 0 208153 0 463012 0 733520 0 875652 0 912054 0 270368 0 923942 0 183779 0 932764 0 998278 0 387170 0
0 263311 0 777543 0 554264 0 978716 0 305110 0 424430 0 884767 0 248891 0 595649 0 313012 0 243697 0 467537 0 513766 0 861109 0 162301 0 387672 0 424507 0 47991 0 540225 0 902488 0 256143 0 3237 0 636008
648146 0 915290 0 422727 0 572088 0 615420 0 871842 0 570365 0 2590 0 135152 0 864259 0 556853 0 630219 0 169368 0 981282 0 514985 0 418259 0 576930 0 827996 0 178307 0 560819 0 858113 0 555767 0 239471 0
0 245784 0 496625 0 287461 0 302361 0 399113 0 543604 0 305597 0 551472 0 708101 0 737238 0 974198 0 280188 0 352658 0 362391 0 850553 0 871599 0 497542 0 714811 0 428451 0 127760 0 400531 0 926084 0 159097
335141 0 19366 0 503444 0 29799 0 580184 0 361557 0 585565 0 0 0 123692 0 82190 0 623466 0 426052 0 997654 0 683421 0 248000 0 549125 0 391522 0 985238 0 39674 0 671709 0 854247 0 402064 0 38613 0
0 725845 0 415957 0 269776 0 670647 0 60068 0 670306 0 113082 0 219164 0 521798 0 648799 0 722608 0 551596 0 745334 0 600516 0 137160 0 81339 0 724207 0 735701 0 704805 0 150259 0 733354 0 388225 0 914610
798830 0 779746 0 416199 0 838503 0 967807 0 270445 0 240566 0 6419 0 512641 0 172874 0 276194 0 699639 0 232942 0 946499 0 329073 0 452105 0 984648 0 977871 0 691064 0 536243 0 723205 0 807931 0 673403 0
0 804543 0 532138 0 925455 0 25699 0 198748 0 658809 0 930276 0 113357 0 457638 0 710021 0 45908 0 296141 0 677827 0 316352 0 53058 0 200598 0 345345 0 225932 0 476791 0 561335 0 458873 0 939642 0 890407
427329 0 924289 0 868278 0 634745 0 976884 0 107834 0 442675 0 650286 0 428728 0 491164 0 575740 0 970779 0 206263 0 750900 0 901054 0 835972 0 724890 0 611074 0 881879 0 537382 0 805253 0 0 0 590439 0
0 522202 0 59926 0 332722 0 998992 0 621261 0 307946 0 454985 0 28019 0 251627 0 895626 0 412648 0 886371 0 872509 0 520481 0 845397 0 522794 0 465561 0 336561 0 614885 0 436339 0 59175 0 882137 0 337392
895146 0 607026 0 464817 0 777024 0 144407 0 786421 0 491606 0 251197 0 308622 0 551531 0 100271 0 823966 0 689143 0 924568 0 278950 0 717162 0 176194 0 174575 0 646161 0 578916 0 47083 0 166642 0 940665 0
0 86228 0 148554 0 793577 0 217465 0 584892 0 852751 0 99601 0 438635 0 747897 0 222978 0 419803 0 41272 0 883736 0 206224 0 532877 0 651284 0 31197 0 600760 0 751554 0 0 0 289902 0 676122 0 134112
523415 0 368667 0 825038 0 169576 0 463935 0 872121 0 852569 0 404599 0 474700 0 1122 0 714527 0 692164 0 102365 0 567277 0 308116 0 57351 0 831525 0 47445 0 477153 0 872797 0 931180 0 199728 0 405673 0
0 582464 0 230925 0 6432 0 850369 0 602438 0 812686 0 42842 0 252901 0 852452 0 411509 0 77939 0 538379 0 391795 0 466411 0 907299 0 312745 0 941110 0 424772 0 27271 0 149626 0 43488 0 594547 0 974093
100838 0 942424 0 21538 0 94343 0 815220 0 469069 0 810422 0 737244 0 567884 0 557698 0 743676 0 418253 0 160136 0 72713 0 461094 0 413036 0 441516 0 388954 0 7326 0 496247 0 297100 0 473736 0 403545 0
0 609844 0 931198 0 828317 0 637114 0 80823 0 871804 0 748013 0 571267 0 488994 0 690436 0 109156 0 583336 0 22007 0 578225 0 910109 0 759250 0 146108 0 467807 0 19277 0 564360 0 144294 0 91989 0 541806
73681 0 0 0 930759 0 81007 0 546103 0 227859 0 554742 0 949647 0 354054 0 485939 0 294315 0 991168 0 83113 0 166119 0 255532 0 654380 0 655112 0 945967 0 763535 0 754799 0 967973 0 341759 0 181259 0
0 727222 0 4219 0 165417 0 746499 0 568578 0 309710 0 354839 0 626735 0 383391 0 921047 0 73846 0 464397 0 467149 0 818056 0 535490 0 933148 0 172109 0 21429 0 227462 0 163276 0 104541 0 909932 0 418807
275272 0 81395 0 881125 0 555159 0 352545 0 849097 0 413269 0 533804 0 92671 0 417487 0 699220 0 355521 0 502417 0 525282 0 226711 0 129151 0 908672 0 147758 0 202996 0 889420 0 131258 0 21051 0 424909 0
0 64405 0 193160 0 962689 0 808219 0 872787 0 583582 0 718150 0 807946 0 858853 0 315897 0 205422 0 414011 0 668441 0 570871 0 827280 0 202244 0 663541 0 761118 0 417816 0 535413 0 263534 0 943097 0 762123
392685 0 368120 0 0 0 112032 0 0 0 0 0 649435 0 198799 0 654598 0 358946 0 161488 0 462816 0 231732 0 745069 0 697318 0 556029 0 120273 0 13214 0 761451 0 50636 0 681654 0 332321 0 877915 0
0 400250 0 512213 0 639032 0 334417 0 47625 0 418918 0 277513 0 326099 0 327954 0 161984 0 268683 0 439985 0 419522 0 342524 0 89419 0 134672 0 997121 0 964716 0 296159 0 976289 0 712800 0 557579 0 189958
268828 0 677852 0 203171 0 546630 0 728487 0 401176 0 878950 0 122753 0 317777 0 907514 0 278136 0 652193 0 471490 0 697053 0 446057 0 797589 0 25006 0 608040 0 582623 0 981343 0 543913 0 925146 0 587113 0
0 678585 0 438618 0 551829 0 491095 0 931258 0 264628 0 48674 0 121215 0 49807 0 242877 0 840737 0 596437 0 487715 0 758265 0 991738 0 610467 0 592393 0 899252 0 404954 0 244586 0 370741 0 102007 0 206994
684681 0 643364 0 815034 0 783655 0 624706 0 358946 0 225152 0 728171 0 553882 0 180122 0 279999 0 561329 0 111379 0 544626 0 126354 0 748946 0 594432 0 369230 0 106034 0 707220 0 856944 0 380650 0 698958 0
0 983762 0 973043 0 114561 0 388715 0 733980 0 1653 0 7073 0 940973 0 202686 0 650437 0 756006 0 986340 0 791494 0 631304 0 211492 0 36016 0 701537 0 391613 0 316014 0 262865 0 19343 0 376991 0 389218
768288 0 487775 0 274799 0 390674 0 194994 0 131742 0 771323 0 410303 0 631855 0 744365 0 524863 0 20570 0 478344 0 526516 0 27642 0 419317 0 729201 0 194430 0 691674 0 715540 0 502276 0 839329 0 443383 0
0 538291 0 540866 0 834995 0 370657 0 320082 0 854338 0 747647 0 709300 0 138977 0 751773 0 500450 0 529650 0 946767 0 148544 0 300973 0 873421 0 780398 0 45337 0 0 0 317319 0 40033 0 924799 0 861313
975701 0 170351 0 55742 0 183726 0 402242 0 74369 0 23055 0 845625 0 129012 0 80272 0 680619 0 499668 0 400353 0 51308 0 763666 0 626004 0 190285 0 31791 0 126454 0 719934 0 494909 0 274997 0 20906 0
0 368329 0 55394 0 582595 0 766612 0 372713 0 622627 0 207762 0 234025 0 114679 0 894464 0 806118 0 298404 0 296706 0 396839 0 837810 0 142330 0 525850 0 918081 0 339300 0 0 0 318434 0 390608 0 821886
460789 0 580892 0 0 0 587242 0 817177 0 348584 0 378590 0 838083 0 233265 0 433984 0 937029 0 999876 0 323048 0 559655 0 723990 0 73424 0 190685 0 618453 0 395893 0 489088 0 431510 0 792731 0 843250 0
27 40
24 43
12 27
44 34
36 5
17 31
3 9
33 33
1 10
45 40
3 3
1 18
43 38
20 15
35 13
28 16
46 5
6 12
32 3
39 15
1 9
39 3
17 25
36 11
28 28
5 24
31 5
41 27
36 9
