45 68 51
0 868941 0 715580 0 525064 0 321812 0 438989 0 666811 0 381053 0 784750 0 456499 0 255881 0 794530 0 742578 0 870347 0 712374 0 573116 0 2158 0 57090 0 230278 0 777571 0 996928 0 743914 0 443812 0
975040 0 367739 0 179451 0 146999 0 676180 0 61465 0 973346 0 41442 0 393667 0 842286 0 757021 0 918731 0 680450 0 196010 0 101893 0 61502 0 980759 0 74743 0 833734 0 775288 0 817321 0 704081 0 4013
0 906788 0 706238 0 61102 0 653418 0 161 0 58029 0 397331 0 960324 0 549421 0 765069 0 139775 0 212771 0 957600 0 717591 0 186116 0 999042 0 111257 0 544754 0 756062 0 546339 0 225203 0 468423 0
164583 0 803056 0 965533 0 239326 0 636789 0 257172 0 572998 0 0 0 261184 0 996137 0 79811 0 838638 0 649554 0 596323 0 413018 0 46884 0 556646 0 0 0 328305 0 212772 0 691561 0 285904 0 930362
0 877676 0 801297 0 557971 0 422429 0 73711 0 620661 0 647631 0 542133 0 785244 0 450686 0 24018 0 24569 0 603827 0 281189 0 597566 0 461047 0 58725 0 593702 0 540857 0 413714 0 243256 0 137179 0
826731 0 806491 0 210177 0 305521 0 134795 0 939300 0 997081 0 937051 0 869662 0 391108 0 738347 0 943984 0 813537 0 328409 0 564644 0 977519 0 870542 0 349887 0 944557 0 410911 0 374455 0 548383 0 208451
0 488372 0 9429 0 783527 0 598426 0 66638 0 197240 0 358033 0 203816 0 540323 0 164523 0 930344 0 845843 0 815670 0 869644 0 359275 0 269072 0 255657 0 750382 0 523770 0 199640 0 563918 0 852179 0
280635 0 57789 0 239072 0 630522 0 2345 0 649982 0 521328 0 550727 0 374784 0 526052 0 76507 0 158311 0 124477 0 659496 0 355550 0 998861 0 379664 0 412224 0 679735 0 310007 0 258066 0 11756 0 179650
0 133692 0 280827 0 951658 0 884074 0 320949 0 667649 0 964343 0 173127 0 948284 0 22131 0 928550 0 95157 0 24475 0 578531 0 616484 0 91553 0 953314 0 658887 0 684412 0 627976 0 299715 0 343907 0
499878 0 298575 0 723570 0 912101 0 494662 0 549929 0 686519 0 506417 0 729578 0 820210 0 303596 0 197588 0 704283 0 624544 0 865236 0 668626 0 314022 0 813519 0 207108 0 242571 0 908675 0 231583 0 337453
0 41511 0 839487 0 807118 0 700397 0 523898 0 435094 0 516464 0 384157 0 934971 0 815038 0 107726 0 363423 0 826051 0 657654 0 49941 0 332468 0 903584 0 870151 0 636063 0 101171 0 574433 0 776958 0
482758 0 759410 0 90979 0 296277 0 966518 0 849901 0 721303 0 714452 0 187353 0 762813 0 70290 0 510822 0 979562 0 110540 0 945915 0 496025 0 494696 0 397237 0 827414 0 118773 0 760660 0 653465 0 292779
0 810600 0 985932 0 712714 0 680750 0 138346 0 330236 0 771535 0 431655 0 812993 0 47296 0 38985 0 109269 0 530165 0 888885 0 830572 0 760968 0 592589 0 0 0 831258 0 103410 0 89297 0 458149 0
565677 0 585321 0 952844 0 962913 0 929087 0 587968 0 723572 0 582551 0 880746 0 50524 0 84834 0 593459 0 247625 0 739531 0 440046 0 535511 0 171185 0 253039 0 582807 0 210169 0 878659 0 629323 0 615405
0 709230 0 390291 0 207993 0 335318 0 737900 0 311402 0 424614 0 196048 0 877078 0 0 0 148891 0 356343 0 455373 0 736858 0 596266 0 554275 0 133956 0 646789 0 639108 0 243766 0 894414 0 378638 0
683812 0 429924 0 66174 0 936850 0 529082 0 276342 0 815508 0 158405 0 891746 0 41090 0 548695 0 616090 0 376407 0 286594 0 443843 0 317372 0 482641 0 320921 0 360010 0 147883 0 193615 0 331734 0 401092
0 789880 0 886008 0 51399 0 953021 0 41467 0 295165 0 847434 0 936456 0 495328 0 793709 0 2629 0 432177 0 839143 0 278970 0 764036 0 997547 0 687067 0 321477 0 0 0 303156 0 214235 0 865538 0
746999 0 531607 0 864530 0 584271 0 407968 0 528764 0 294237 0 739702 0 929855 0 84116 0 142061 0 497606 0 37136 0 699880 0 792770 0 400921 0 636335 0 288097 0 710982 0 155316 0 236625 0 550124 0 434285
0 517012 0 64022 0 637704 0 838489 0 642966 0 0 0 52723 0 508503 0 204209 0 100681 0 889384 0 304831 0 25001 0 418147 0 599067 0 281054 0 864353 0 199535 0 423114 0 361958 0 236670 0 122993 0
671079 0 153943 0 275680 0 959175 0 864924 0 430995 0 712151 0 931399 0 381631 0 229163 0 511772 0 19334 0 584003 0 154737 0 992897 0 153077 0 179591 0 713457 0 770110 0 585326 0 18288 0 795110 0 3472
0 133706 0 76163 0 384176 0 333240 0 15628 0 746134 0 86262 0 654973 0 417212 0 240204 0 930652 0 892739 0 621479 0 877998 0 121241 0 69229 0 259628 0 350403 0 581000 0 795314 0 450757 0 252088 0
788210 0 603834 0 431678 0 501666 0 373943 0 533355 0 36305 0 685404 0 536826 0 686363 0 761566 0 437353 0 19602 0 777193 0 183486 0 622215 0 432165 0 117050 0 378770 0 879168 0 526140 0 516600 0 757165
0 647380 0 585828 0 533145 0 514135 0 683179 0 328458 0 964891 0 935266 0 633019 0 85076 0 883295 0 651036 0 459018 0 416649 0 687341 0 144421 0 0 0 890055 0 422338 0 907179 0 426008 0 715883 0
607016 0 48223 0 664399 0 240417 0 943344 0 543567 0 766556 0 459944 0 817083 0 930288 0 562123 0 350227 0 960774 0 245302 0 678684 0 925664 0 696919 0 828054 0 10740 0 580214 0 479090 0 986109 0 513214
0 682782 0 646882 0 983040 0 572836 0 69219 0 406570 0 0 0 301453 0 13585 0 563417 0 965852 0 254002 0 506761 0 25770 0 536909 0 483056 0 842852 0 983548 0 45178 0 709431 0 944321 0 290479 0
904466 0 386337 0 987398 0 732520 0 913428 0 83963 0 211609 0 899536 0 597176 0 894390 0 62769 0 96567 0 983577 0 648340 0 503136 0 498771 0 949792 0 516721 0 62188 0 915643 0 287074 0 85300 0 941412
0 340334 0 568355 0 300616 0 323882 0 613532 0 10046 0 784554 0 420363 0 914511 0 170890 0 924112 0 647030 0 600669 0 8074 0 374990 0 16557 0 605249 0 785731 0 79325 0 701816 0 769307 0 727664 0
721303 0 784430 0 677456 0 238023 0 846617 0 593098 0 41448 0 448268 0 50862 0 381782 0 16622 0 351477 0 222015 0 146505 0 877874 0 6568 0 566867 0 792384 0 177458 0 7330 0 955766 0 778126 0 15403
0 330755 0 311034 0 137004 0 632838 0 390359 0 355171 0 918496 0 118022 0 76473 0 702925 0 311829 0 830848 0 549541 0 421279 0 872295 0 997808 0 472140 0 770428 0 530781 0 339968 0 992442 0 193638 0
734193 0 515362 0 276856 0 526576 0 692819 0 284186 0 998693 0 987296 0 299588 0 0 0 298330 0 952943 0 478637 0 205040 0 308113 0 397132 0 839413 0 384586 0 100057 0 151242 0 731785 0 0 0 572520
0 120431 0 680109 0 561011 0 890859 0 727241 0 900978 0 399652 0 920878 0 635170 0 915013 0 197734 0 678097 0 0 0 998271 0 193142 0 627831 0 297858 0 38941 0 442512 0 250801 0 33929 0 647551 0
75265 0 947412 0 486963 0 976202 0 563820 0 154556 0 707986 0 246121 0 727075 0 828417 0 926229 0 288085 0 235627 0 169821 0 705414 0 151630 0 90699 0 856935 0 66643 0 804784 0 535032 0 707177 0 803054
0 244525 0 335007 0 617263 0 283465 0 777518 0 384415 0 833745 0 941420 0 976032 0 781156 0 0 0 952233 0 344976 0 99290 0 176571 0 591096 0 826365 0 521339 0 33676 0 630801 0 756965 0 719848 0
336215 0 908594 0 810546 0 709501 0 491588 0 131681 0 244532 0 198765 0 451086 0 5408 0 533771 0 584701 0 0 0 827641 0 969115 0 122616 0 285412 0 945146 0 420124 0 230146 0 413731 0 281451 0 0
0 590301 0 388898 0 188504 0 111639 0 422573 0 819304 0 868603 0 142420 0 671870 0 293548 0 469318 0 381371 0 301488 0 117350 0 142254 0 500252 0 568436 0 147662 0 550374 0 669488 0 952885 0 894366 0
154954 0 591853 0 179778 0 100100 0 11976 0 926275 0 30182 0 809778 0 772062 0 620482 0 198675 0 476917 0 732120 0 621247 0 812573 0 117074 0 280018 0 794 0 926973 0 265687 0 382164 0 228460 0 383037
0 40770 0 728711 0 467824 0 704783 0 795437 0 137311 0 657667 0 689802 0 292264 0 765871 0 385931 0 908715 0 294198 0 312206 0 938896 0 103975 0 600619 0 559377 0 302649 0 77536 0 807848 0 440247 0
406460 0 924921 0 720265 0 407253 0 368246 0 985951 0 789417 0 596705 0 885339 0 346538 0 841768 0 869514 0 51320 0 637204 0 523176 0 225338 0 327005 0 331792 0 991209 0 229288 0 240506 0 801758 0 541493
0 695754 0 905733 0 658463 0 771482 0 208381 0 735998 0 579330 0 648628 0 142457 0 20602 0 885244 0 66062 0 388847 0 387546 0 371830 0 501904 0 789237 0 0 0 0 0 658750 0 286038 0 980874 0
181926 0 27727 0 824230 0 513717 0 535287 0 53517 0 270574 0 337045 0 111361 0 966327 0 242777 0 769824 0 254161 0 967509 0 22173 0 349842 0 616136 0 680982 0 886795 0 17731 0 747043 0 275642 0 405277
0 118872 0 777545 0 194513 0 837238 0 0 0 369614 0 639627 0 618440 0 551539 0 667353 0 959021 0 581607 0 202640 0 12538 0 852181 0 539684 0 640250 0 334859 0 298812 0 410073 0 589019 0 266320 0
432246 0 938860 0 398808 0 113227 0 825655 0 932890 0 376621 0 617648 0 338166 0 495492 0 911544 0 49030 0 849081 0 549110 0 934996 0 488707 0 683901 0 486534 0 672411 0 159273 0 584493 0 391402 0 171810
0 436673 0 447437 0 328412 0 287883 0 0 0 738484 0 876902 0 528920 0 687081 0 332113 0 927727 0 316659 0 674119 0 376968 0 693279 0 808118 0 231486 0 188770 0 236013 0 796867 0 554202 0 301474 0
731862 0 559260 0 985374 0 734748 0 231671 0 144647 0 319240 0 623072 0 832808 0 272264 0 70509 0 161219 0 560146 0 333108 0 416055 0 953399 0 862027 0 103135 0 801864 0 306105 0 419794 0 992334 0 683073
0 629424 0 800452 0 914558 0 334546 0 36464 0 711424 0 888747 0 854290 0 959638 0 448007 0 839663 0 694385 0 196029 0 500661 0 13624 0 819100 0 849821 0 285887 0 405960 0 527391 0 846032 0 255420 0
30 43
31 37
1 3
5 39
17 33
17 1
43 3
19 12
42 36
13 36
17 38
7 25
24 42
38 44
34 45
43 19
4 35
10 4
37 21
4 15
15 21
15 20
23 34
31 26
31 5
16 10
42 22
34 20
25 27
25 14
33 22
39 36
19 3
1 17
30 4
32 44
31 1
18 8
41 3
40 34
7 11
43 10
39 38
30 19
19 9
39 13
38 32
10 18
41 10
34 25
21 27
