48 726 32
0 509352 0 50002 0 621664 0 494008 0 228450 0 667673 0 719721 0 743136 0 203264 0 318882 0 596591 0 996694 0 819971 0 909764 0 645223 0 623536 0 152667 0 153743 0 366713 0 312235 0 86225 0 986329 0 834092 0 712411
956499 0 41409 0 739704 0 50834 0 632165 0 737845 0 0 0 141516 0 304199 0 195132 0 635523 0 49000 0 862804 0 871596 0 792135 0 582420 0 190477 0 905077 0 579113 0 526800 0 814840 0 740687 0 150335 0 483858 0
0 410782 0 517048 0 312445 0 497006 0 19728 0 146536 0 725768 0 976227 0 187945 0 465472 0 543412 0 336461 0 719668 0 600529 0 477977 0 540218 0 795660 0 629851 0 589217 0 174816 0 501446 0 897703 0 273587 0 208275
319131 0 369051 0 735074 0 650323 0 109737 0 401760 0 134180 0 36870 0 435159 0 446624 0 533876 0 454887 0 109512 0 259643 0 947465 0 813808 0 241466 0 7228 0 150268 0 961134 0 607756 0 144596 0 17703 0 919768 0
0 774447 0 606920 0 610935 0 792244 0 504622 0 884521 0 516870 0 823753 0 253571 0 768295 0 474075 0 879659 0 170055 0 124606 0 916529 0 605213 0 571230 0 966756 0 576451 0 680741 0 226398 0 523915 0 10900 0 984216
531143 0 161167 0 461701 0 655250 0 822115 0 479403 0 91369 0 596561 0 86322 0 218655 0 905156 0 107296 0 103175 0 938378 0 931048 0 873097 0 706672 0 921474 0 752756 0 876726 0 46079 0 185636 0 998291 0 133660 0
0 152391 0 574741 0 814400 0 895140 0 615008 0 825299 0 879355 0 662502 0 502818 0 857407 0 317751 0 324932 0 336810 0 925472 0 437844 0 423131 0 144126 0 859351 0 46778 0 763653 0 797728 0 977825 0 636749 0 504400
415650 0 905856 0 897477 0 978081 0 607843 0 895767 0 111740 0 760233 0 986860 0 442492 0 171725 0 601867 0 784142 0 0 0 780720 0 286959 0 424838 0 614822 0 128242 0 761647 0 540293 0 82437 0 701129 0 684419 0
0 941788 0 747907 0 964423 0 255867 0 242083 0 601171 0 760266 0 657733 0 23379 0 174095 0 152165 0 631221 0 586213 0 263904 0 907806 0 573072 0 706395 0 79530 0 691290 0 6889 0 163312 0 988361 0 293847 0 588149
603183 0 938441 0 866147 0 143475 0 20877 0 567276 0 344245 0 479016 0 831534 0 308667 0 734883 0 73616 0 426190 0 495148 0 247700 0 965920 0 185594 0 399864 0 113492 0 771807 0 180120 0 21297 0 861230 0 402866 0
0 617178 0 68872 0 409754 0 296842 0 57232 0 219953 0 884990 0 176766 0 674745 0 751137 0 320241 0 695621 0 834764 0 180837 0 174637 0 666297 0 5856 0 909519 0 256264 0 948397 0 921018 0 503964 0 914316 0 106612
420179 0 544159 0 394770 0 116650 0 81808 0 772351 0 519516 0 215337 0 841222 0 445621 0 512178 0 414806 0 181925 0 397168 0 591571 0 856669 0 664656 0 428163 0 552290 0 15771 0 125352 0 243278 0 198419 0 647559 0
0 152796 0 454682 0 595955 0 590165 0 474997 0 26622 0 213128 0 0 0 570780 0 607897 0 528177 0 0 0 896600 0 564044 0 867924 0 737821 0 9665 0 896453 0 668978 0 707941 0 293620 0 776901 0 564610 0 474627
205063 0 116899 0 490397 0 846766 0 876528 0 205167 0 494324 0 545675 0 659849 0 90278 0 135839 0 651197 0 633251 0 348967 0 62724 0 204031 0 473215 0 107253 0 372969 0 369814 0 671296 0 757244 0 623987 0 197312 0
0 653697 0 292964 0 905253 0 463668 0 586216 0 986214 0 454647 0 791279 0 103112 0 461395 0 638044 0 495991 0 666562 0 648720 0 41665 0 842762 0 738997 0 177503 0 493958 0 372248 0 42821 0 556682 0 92630 0 32388
180286 0 981950 0 918553 0 851581 0 255546 0 542539 0 565245 0 425594 0 351855 0 986849 0 405613 0 938070 0 973062 0 860259 0 245700 0 592525 0 321654 0 400096 0 88515 0 988215 0 48815 0 130179 0 347328 0 304163 0
0 824033 0 841285 0 192762 0 866854 0 914318 0 285391 0 899241 0 94603 0 783693 0 817793 0 462536 0 555590 0 876684 0 27780 0 981183 0 744890 0 530980 0 386795 0 682959 0 504041 0 247054 0 445011 0 96565 0 85059
845106 0 701431 0 589625 0 410272 0 831609 0 936952 0 714434 0 655641 0 778236 0 907196 0 38846 0 208906 0 708938 0 454438 0 303508 0 8982 0 788583 0 766043 0 564571 0 665266 0 310174 0 62105 0 410155 0 841153 0
0 448900 0 609465 0 345193 0 212305 0 54475 0 958109 0 297363 0 415932 0 659539 0 403339 0 826203 0 7499 0 340290 0 56989 0 179492 0 634877 0 964184 0 734689 0 843782 0 189473 0 189127 0 663642 0 714807 0 977709
429684 0 279377 0 159326 0 739858 0 341482 0 85832 0 581010 0 306733 0 695296 0 442555 0 519037 0 266123 0 400663 0 332751 0 682054 0 576554 0 252441 0 24609 0 100404 0 109082 0 81597 0 796247 0 260310 0 562132 0
0 530936 0 104092 0 267956 0 720062 0 284085 0 982762 0 214122 0 713768 0 778491 0 889799 0 969977 0 636324 0 975630 0 550987 0 943056 0 187277 0 993541 0 978444 0 453399 0 910555 0 827546 0 135453 0 3460 0 79986
676413 0 620216 0 705419 0 758009 0 416462 0 965728 0 320140 0 947397 0 586171 0 588095 0 183810 0 870255 0 570857 0 914283 0 584023 0 349347 0 804081 0 553999 0 502022 0 296062 0 621337 0 445077 0 483339 0 131229 0
0 939872 0 453089 0 558136 0 283769 0 104893 0 77947 0 363754 0 781305 0 698162 0 585524 0 539313 0 114624 0 551251 0 859452 0 578372 0 137422 0 963899 0 278534 0 7676 0 534755 0 192816 0 108050 0 400453 0 513249
178401 0 0 0 809310 0 316089 0 863902 0 809000 0 963670 0 320125 0 262089 0 521805 0 603893 0 366981 0 599751 0 483998 0 148286 0 297913 0 69521 0 687598 0 928888 0 620771 0 63402 0 507259 0 274544 0 27300 0
0 785792 0 282220 0 78406 0 494960 0 906621 0 995210 0 8208 0 601373 0 414035 0 333869 0 917462 0 794288 0 659221 0 881131 0 114412 0 921309 0 919287 0 718304 0 804641 0 519037 0 718653 0 469278 0 333301 0 788173
156876 0 262188 0 408943 0 736629 0 769447 0 683487 0 280280 0 71590 0 482058 0 875037 0 566549 0 905030 0 386598 0 91108 0 506403 0 800632 0 424977 0 940216 0 111271 0 84197 0 821346 0 742034 0 521857 0 740632 0
0 976689 0 842849 0 776020 0 695341 0 312127 0 109321 0 483513 0 469002 0 371508 0 408807 0 721982 0 657306 0 608645 0 518613 0 728896 0 90702 0 393649 0 811796 0 512084 0 780246 0 902904 0 18486 0 97229 0 844232
958701 0 724851 0 444780 0 296398 0 466884 0 966636 0 553381 0 443572 0 809484 0 845752 0 138912 0 121610 0 955072 0 138776 0 106963 0 842932 0 547582 0 345296 0 16589 0 156227 0 863908 0 261836 0 763280 0 773908 0
0 73632 0 275363 0 554153 0 976535 0 293848 0 167733 0 820766 0 768900 0 892583 0 265545 0 581649 0 359466 0 748532 0 651381 0 319389 0 74367 0 497133 0 458300 0 195977 0 452204 0 113427 0 819291 0 811487 0 661009
680939 0 828076 0 817235 0 544846 0 89911 0 96866 0 318754 0 679894 0 372229 0 389258 0 656428 0 182428 0 73343 0 993545 0 467680 0 965925 0 775441 0 49328 0 841743 0 523972 0 700709 0 161131 0 114691 0 714193 0
0 135783 0 827019 0 166396 0 765561 0 646309 0 494235 0 426569 0 327247 0 838662 0 760155 0 388445 0 928572 0 857021 0 223550 0 608466 0 745601 0 612807 0 781245 0 444380 0 686149 0 774790 0 912059 0 168426 0 66582
477739 0 526520 0 106906 0 694799 0 204002 0 221596 0 408991 0 856136 0 48614 0 91738 0 621697 0 211274 0 585972 0 48265 0 538521 0 424633 0 324772 0 443317 0 869557 0 698144 0 666866 0 994374 0 443744 0 796024 0
0 291970 0 888123 0 998525 0 66759 0 316534 0 166950 0 649693 0 794272 0 693469 0 756598 0 5422 0 897470 0 978193 0 414412 0 269958 0 26806 0 506149 0 0 0 238079 0 608473 0 456270 0 292951 0 33105 0 781041
252619 0 419013 0 479184 0 919484 0 413386 0 439279 0 231860 0 705356 0 843754 0 230384 0 288466 0 676639 0 397333 0 454510 0 470910 0 607153 0 211107 0 476331 0 20974 0 189299 0 407094 0 290931 0 732456 0 913242 0
0 0 0 486887 0 521714 0 155206 0 296189 0 71171 0 452598 0 548808 0 490183 0 448134 0 468291 0 419921 0 887412 0 216502 0 641628 0 247517 0 446885 0 446445 0 924155 0 360569 0 900955 0 911416 0 967721 0 112061
904098 0 505047 0 817712 0 311191 0 312329 0 66519 0 224433 0 11265 0 553405 0 262498 0 682822 0 849594 0 333668 0 135419 0 398401 0 340203 0 583552 0 383043 0 760123 0 470964 0 599545 0 918102 0 234832 0 562781 0
0 364546 0 158987 0 923350 0 265500 0 586754 0 407422 0 893913 0 490852 0 912468 0 227976 0 802042 0 741149 0 294494 0 542826 0 752413 0 847899 0 805324 0 951586 0 213844 0 138991 0 87004 0 128596 0 995545 0 670556
27990 0 272019 0 657871 0 143886 0 190120 0 892702 0 706667 0 71018 0 568040 0 146368 0 852869 0 154794 0 553789 0 0 0 645645 0 982609 0 491108 0 447686 0 723757 0 785602 0 506864 0 992521 0 149852 0 312187 0
0 0 0 880047 0 967529 0 31109 0 8642 0 963074 0 218016 0 552983 0 235092 0 875886 0 696869 0 941564 0 284940 0 919887 0 12581 0 0 0 66254 0 865449 0 524124 0 136394 0 128582 0 169768 0 119002 0 619689
133806 0 359110 0 921642 0 640669 0 351630 0 71493 0 469207 0 812087 0 467891 0 436735 0 359548 0 476532 0 916160 0 577563 0 545867 0 151252 0 453449 0 759087 0 609167 0 738388 0 678973 0 621747 0 107718 0 261578 0
0 3547 0 631842 0 397971 0 132128 0 317961 0 33325 0 268169 0 968118 0 392434 0 189810 0 125138 0 260416 0 777655 0 594344 0 72502 0 245545 0 547431 0 432049 0 238429 0 463590 0 9612 0 784295 0 131193 0 979412
59733 0 740359 0 234151 0 738705 0 362105 0 858220 0 516634 0 365652 0 6413 0 430956 0 14131 0 324374 0 464280 0 282299 0 808843 0 856714 0 988461 0 933981 0 117129 0 282467 0 44676 0 189630 0 528011 0 592106 0
0 138031 0 282791 0 572048 0 663994 0 583437 0 703240 0 643405 0 643169 0 443599 0 393907 0 898225 0 805703 0 252126 0 414858 0 687706 0 258539 0 845814 0 218189 0 99264 0 826445 0 500487 0 908106 0 683158 0 5299
358438 0 800286 0 287765 0 919466 0 506268 0 332128 0 27923 0 160650 0 614918 0 599970 0 824643 0 714707 0 303210 0 984399 0 357875 0 746808 0 894657 0 772452 0 68862 0 146782 0 703661 0 756568 0 921672 0 549474 0
0 974756 0 537287 0 375919 0 991594 0 961745 0 575428 0 996893 0 320182 0 892066 0 801009 0 755999 0 914685 0 133136 0 783922 0 75334 0 264406 0 383891 0 899976 0 979112 0 687100 0 400726 0 336986 0 433907 0 295382
109437 0 502769 0 958515 0 813098 0 775688 0 396539 0 878923 0 266795 0 933825 0 771193 0 258388 0 895569 0 862973 0 771632 0 732103 0 755038 0 88993 0 488101 0 669722 0 222128 0 272022 0 745055 0 2885 0 655913 0
0 161382 0 981996 0 859364 0 78459 0 835334 0 809623 0 373840 0 461122 0 828743 0 848706 0 790571 0 604430 0 245244 0 185846 0 871224 0 179069 0 957038 0 645963 0 590989 0 336362 0 933947 0 0 0 91399 0 22939
811192 0 277472 0 761418 0 599565 0 538878 0 764303 0 771829 0 216611 0 262650 0 631193 0 295069 0 97983 0 440815 0 185260 0 559105 0 269557 0 33966 0 349675 0 390338 0 795561 0 535520 0 777913 0 974629 0 8910 0
35 2
7 29
4 30
23 11
45 1
8 27
47 44
13 24
36 10
39 2
21 7
22 2
17 7
43 33
31 31
14 18
48 36
46 4
33 37
14 30
37 37
24 3
33 36
26 36
13 16
6 34
38 27
3 7
2 13
39 32
12 20
1 27
