48 69 47
0 215431 0 988468 0 894264 0 655347 0 316729 0 989657 0 951698 0 985523 0 382210 0 316863 0 717815 0 260104 0 83528 0 411871 0 270513 0 221493 0 3547 0 30936 0 143445 0 886233 0 0 0 966692 0 744607 0 68718
122484 0 496386 0 47644 0 683097 0 880910 0 955567 0 834895 0 612692 0 944034 0 729158 0 268038 0 777114 0 235166 0 736087 0 762637 0 133727 0 569301 0 480451 0 393831 0 169180 0 408673 0 664343 0 390672 0 928572 0
0 695278 0 534116 0 814804 0 0 0 500807 0 75762 0 58670 0 139642 0 572148 0 106313 0 822738 0 969409 0 578231 0 173984 0 582100 0 38616 0 419493 0 366490 0 332082 0 654658 0 618928 0 94718 0 788385 0 188229
91520 0 698567 0 873760 0 16545 0 362909 0 264432 0 945116 0 574539 0 314899 0 276271 0 564491 0 332058 0 352033 0 623160 0 471699 0 440532 0 245824 0 810789 0 409940 0 824055 0 984772 0 508391 0 379022 0 404265 0
0 391232 0 711103 0 575274 0 10160 0 322172 0 363658 0 714740 0 413692 0 62224 0 588499 0 946588 0 941485 0 369282 0 408055 0 32375 0 684181 0 684325 0 596865 0 16238 0 552709 0 736376 0 487936 0 993240 0 982199
815076 0 919531 0 322605 0 799848 0 427922 0 701627 0 720464 0 335505 0 412729 0 812089 0 345664 0 251253 0 175747 0 60403 0 181296 0 754322 0 165254 0 127883 0 212158 0 534535 0 535937 0 244532 0 218715 0 220261 0
0 357748 0 234952 0 289322 0 94123 0 239240 0 282561 0 76322 0 54315 0 718444 0 915278 0 370514 0 662717 0 616904 0 607329 0 998221 0 545985 0 935770 0 343885 0 797237 0 627868 0 920639 0 978532 0 382189 0 85892
622766 0 110699 0 620427 0 158702 0 871582 0 839141 0 895314 0 229330 0 590445 0 184635 0 839804 0 346036 0 983548 0 916125 0 916702 0 701991 0 347755 0 803568 0 364707 0 964658 0 927248 0 362927 0 26994 0 863017 0
0 223163 0 340582 0 490884 0 143802 0 319113 0 389425 0 229693 0 458230 0 500123 0 366471 0 616931 0 371704 0 721964 0 28597 0 117385 0 312408 0 213231 0 957189 0 174795 0 713130 0 389665 0 607848 0 415120 0 737419
411415 0 296178 0 218429 0 338663 0 659105 0 245422 0 718031 0 398619 0 102356 0 208915 0 542420 0 937820 0 598339 0 288465 0 396050 0 614813 0 654935 0 529332 0 502868 0 376898 0 557928 0 136605 0 205657 0 287511 0
0 93793 0 896803 0 640 0 999809 0 504651 0 932112 0 253580 0 916065 0 228289 0 472008 0 771079 0 403745 0 233781 0 5462 0 802364 0 336136 0 214376 0 861135 0 790308 0 329066 0 149599 0 186357 0 460230 0 804534
715688 0 963097 0 697783 0 273616 0 99701 0 903440 0 561126 0 709845 0 800242 0 78117 0 226006 0 821244 0 10228 0 479585 0 737309 0 754869 0 467944 0 24739 0 158613 0 701724 0 30200 0 477328 0 554212 0 760927 0
0 338463 0 344519 0 89992 0 488061 0 47227 0 550221 0 808946 0 762914 0 29670 0 506729 0 552881 0 645722 0 926520 0 630358 0 355567 0 243113 0 708475 0 581572 0 64357 0 235054 0 577508 0 318017 0 989922 0 45451
0 0 148535 0 263526 0 405659 0 142214 0 334089 0 166585 0 480676 0 678607 0 772929 0 485089 0 242185 0 839501 0 810386 0 5099 0 869170 0 833466 0 74331 0 514892 0 276337 0 704689 0 386810 0 519450 0 413163 0
0 484733 0 100158 0 648216 0 62240 0 934526 0 154490 0 107690 0 309984 0 819376 0 887567 0 715642 0 961589 0 221656 0 398579 0 958617 0 416614 0 171507 0 443705 0 658799 0 11007 0 770442 0 180249 0 396529 0 603908
254579 0 427772 0 880244 0 959267 0 814581 0 916045 0 888781 0 815665 0 532554 0 53349 0 0 0 467079 0 207838 0 501945 0 777063 0 27213 0 905863 0 9056 0 505153 0 0 0 407634 0 463769 0 544132 0 579140 0
0 423825 0 719282 0 106499 0 194267 0 899530 0 503027 0 798174 0 670460 0 930798 0 678417 0 146079 0 261730 0 110814 0 34859 0 77394 0 643367 0 604559 0 471649 0 110446 0 812396 0 489945 0 403860 0 355960 0 395807
412915 0 861113 0 523325 0 336901 0 841233 0 583808 0 916040 0 265058 0 303089 0 538890 0 459324 0 718970 0 41916 0 257497 0 389429 0 489065 0 452265 0 535507 0 750794 0 563078 0 86718 0 344539 0 722797 0 207628 0
0 332539 0 349594 0 20024 0 822483 0 0 0 892335 0 218290 0 682719 0 269799 0 257966 0 535971 0 111032 0 841773 0 452011 0 376089 0 661213 0 990900 0 351764 0 896534 0 549168 0 125612 0 285962 0 38232 0 577876
337821 0 305378 0 657306 0 940890 0 166268 0 896454 0 148517 0 498807 0 246047 0 684892 0 321289 0 515851 0 93579 0 55930 0 714921 0 363377 0 313895 0 250892 0 990760 0 672019 0 219254 0 883200 0 849583 0 210153 0
0 234963 0 746116 0 275672 0 360574 0 548430 0 830256 0 0 0 402602 0 135633 0 628459 0 343491 0 818252 0 524912 0 8359 0 317058 0 770958 0 693251 0 638347 0 286808 0 303181 0 210628 0 0 0 182909 0 0
768971 0 173669 0 712893 0 988224 0 573220 0 562476 0 714729 0 324535 0 308591 0 990400 0 201460 0 857020 0 820655 0 656261 0 259621 0 0 0 284719 0 119463 0 290891 0 325982 0 127822 0 607948 0 96939 0 337424 0
0 762646 0 900098 0 640604 0 973274 0 418178 0 339864 0 14148 0 187148 0 513532 0 727040 0 691724 0 603104 0 289515 0 406452 0 927638 0 598106 0 913203 0 129097 0 971477 0 250210 0 785358 0 747450 0 722848 0 586428
866912 0 530090 0 428762 0 0 0 654390 0 42052 0 848508 0 417035 0 942150 0 5463 0 906660 0 876679 0 345327 0 920807 0 580178 0 375210 0 164199 0 271901 0 978313 0 970065 0 194704 0 422302 0 84522 0 107907 0
0 551399 0 55999 0 358116 0 853108 0 803448 0 597315 0 955887 0 186711 0 127405 0 384648 0 697796 0 781794 0 426700 0 62655 0 715180 0 885201 0 68118 0 138192 0 761879 0 929796 0 575350 0 858408 0 821357 0 739548
130309 0 316022 0 709613 0 841364 0 738323 0 794134 0 949270 0 806073 0 366484 0 823737 0 175532 0 169931 0 421052 0 647771 0 356642 0 64808 0 32418 0 54437 0 846601 0 975469 0 117091 0 78132 0 377021 0 701560 0
0 216323 0 655251 0 147707 0 791673 0 0 0 969064 0 531220 0 160319 0 801437 0 757184 0 1682 0 56111 0 0 0 467304 0 862184 0 917801 0 291040 0 37715 0 604084 0 228443 0 685485 0 477077 0 293250 0 234255
47865 0 656202 0 726075 0 681307 0 250686 0 619448 0 899219 0 467008 0 274698 0 46925 0 258680 0 788356 0 532340 0 306252 0 465026 0 333776 0 63435 0 466708 0 389887 0 131104 0 450363 0 768422 0 565257 0 257754 0
0 322488 0 685692 0 486197 0 524325 0 162768 0 295798 0 274931 0 726984 0 468352 0 1005 0 408290 0 0 0 620452 0 307508 0 186044 0 411502 0 870785 0 961076 0 199857 0 403124 0 783679 0 664883 0 736900 0 847113
647942 0 643138 0 494569 0 98304 0 411559 0 576177 0 356057 0 0 0 778220 0 358605 0 258370 0 940987 0 170755 0 49652 0 184322 0 639106 0 50657 0 592611 0 874494 0 187460 0 416471 0 60537 0 598961 0 287255 0
0 537964 0 315170 0 690378 0 321642 0 496404 0 943629 0 685107 0 144345 0 586766 0 179675 0 759000 0 514676 0 272203 0 631408 0 765074 0 50422 0 990013 0 539795 0 507760 0 160767 0 589447 0 692081 0 316224 0 156455
284691 0 190717 0 343914 0 217513 0 251253 0 459227 0 504767 0 0 0 774396 0 195145 0 627210 0 787151 0 655125 0 312316 0 931495 0 758243 0 8342 0 206846 0 789270 0 796896 0 838253 0 554343 0 847317 0 828265 0
0 610490 0 871428 0 505383 0 199936 0 563508 0 821606 0 356390 0 364551 0 12322 0 216655 0 582063 0 779927 0 192233 0 603182 0 85495 0 966628 0 314678 0 712704 0 753778 0 969802 0 541372 0 201624 0 244396 0 66065
408469 0 33666 0 862961 0 246722 0 588008 0 226629 0 591338 0 198497 0 98057 0 96721 0 914784 0 177916 0 918326 0 787525 0 542466 0 930648 0 520532 0 640881 0 710574 0 0 0 244062 0 312420 0 195744 0 558739 0
0 541475 0 949521 0 44892 0 82846 0 667497 0 289288 0 148911 0 592317 0 322953 0 528223 0 355390 0 427312 0 754851 0 946728 0 142161 0 369259 0 43448 0 56944 0 547175 0 478125 0 360821 0 89640 0 925124 0 881352
246872 0 152049 0 594115 0 490933 0 464468 0 789858 0 566023 0 5943 0 255731 0 610915 0 605140 0 923227 0 900202 0 0 0 31895 0 223154 0 798624 0 387285 0 650465 0 69827 0 334012 0 792625 0 439085 0 893811 0
0 365921 0 986259 0 371935 0 726741 0 592251 0 297059 0 608092 0 839122 0 965459 0 202206 0 846407 0 429927 0 0 0 412429 0 0 0 764146 0 23343 0 0 0 203724 0 439896 0 827762 0 235618 0 663049 0 142737
622902 0 829866 0 212563 0 473265 0 138842 0 168000 0 367075 0 21114 0 670610 0 255362 0 747854 0 779212 0 68772 0 872297 0 134686 0 34230 0 590855 0 981092 0 980508 0 99270 0 909872 0 932728 0 379767 0 449567 0
0 490088 0 583490 0 889462 0 834201 0 335459 0 68863 0 976937 0 474713 0 415080 0 705852 0 464329 0 553921 0 390203 0 831404 0 575035 0 60812 0 603117 0 839240 0 356376 0 188240 0 227889 0 491061 0 222469 0 818743
472152 0 202977 0 434364 0 382023 0 135704 0 814130 0 831589 0 142143 0 913971 0 237403 0 976343 0 765781 0 306265 0 469632 0 240493 0 721344 0 175483 0 704822 0 791616 0 82037 0 52577 0 883002 0 659200 0 172045 0
0 722242 0 15575 0 360284 0 950130 0 506635 0 99104 0 285224 0 978786 0 302080 0 719587 0 877161 0 954136 0 50068 0 225101 0 612630 0 480390 0 462503 0 588973 0 246170 0 768767 0 58604 0 3015 0 6462 0 750438
707836 0 798078 0 348826 0 276764 0 0 0 8025 0 448808 0 919672 0 23600 0 325443 0 386153 0 530234 0 424546 0 671376 0 25372 0 242978 0 907314 0 418884 0 713465 0 473733 0 643984 0 326094 0 954122 0 622839 0
0 915066 0 200292 0 907957 0 490021 0 719658 0 914419 0 756810 0 943845 0 712496 0 105635 0 220608 0 909926 0 113660 0 185767 0 829598 0 653611 0 27561 0 732102 0 183844 0 452106 0 919830 0 725567 0 211435 0 827143
660802 0 924899 0 817228 0 304786 0 250993 0 771349 0 443976 0 682410 0 487992 0 351932 0 688783 0 207649 0 782702 0 445592 0 151493 0 11549 0 67579 0 888452 0 921475 0 697590 0 590570 0 267424 0 351200 0 618130 0
0 999525 0 51395 0 70236 0 919354 0 293314 0 281670 0 262849 0 954115 0 722921 0 596428 0 775252 0 973913 0 367776 0 219227 0 172674 0 372120 0 87511 0 861456 0 96120 0 870212 0 823400 0 763965 0 881761 0 407330
652416 0 319587 0 104919 0 242986 0 587010 0 972470 0 861115 0 102886 0 23864 0 447702 0 538592 0 833529 0 245724 0 317792 0 787644 0 968644 0 914219 0 562895 0 458908 0 798346 0 298474 0 0 0 170465 0 385984 0
0 9389 0 782937 0 772547 0 832788 0 546901 0 654307 0 240117 0 199316 0 490245 0 861387 0 958653 0 77254 0 833856 0 336120 0 696492 0 374071 0 783821 0 235083 0 207600 0 29544 0 552874 0 511595 0 998187 0 983444
590841 0 457094 0 781789 0 889314 0 605027 0 952254 0 791649 0 614415 0 735190 0 80548 0 447202 0 798442 0 251206 0 203670 0 997757 0 741451 0 581408 0 472762 0 335056 0 931615 0 808881 0 31547 0 305685 0 592701 0
37 36
37 30
30 15
1 23
21 14
24 7
43 41
21 48
12 38
41 17
11 5
27 26
46 43
8 46
21 44
27 10
32 15
7 29
29 24
3 17
37 43
23 47
35 43
46 46
48 38
30 26
42 9
3 8
19 10
5 39
22 31
16 21
45 39
1 42
30 20
10 34
14 1
32 16
11 29
13 11
18 10
36 27
34 39
34 4
16 39
11 5
37 26
