46 65 76
0 884850 0 982402 0 267026 0 224291 0 897368 0 977019 0 654685 0 181461 0 350115 0 100844 0 800450 0 960141 0 940965 0 515855 0 431336 0 142823 0 988696 0 978630 0 423318 0 264959 0 254126 0 23924 0 252300
135550 0 824691 0 480725 0 98610 0 106512 0 508285 0 0 0 560387 0 393135 0 905769 0 343764 0 133777 0 803136 0 320782 0 304813 0 984596 0 187248 0 405657 0 785046 0 663740 0 862973 0 817252 0 95075 0
0 522147 0 805948 0 590057 0 945464 0 587258 0 844182 0 485740 0 839557 0 979731 0 310430 0 836633 0 594692 0 416941 0 344918 0 518059 0 493679 0 254404 0 423827 0 837442 0 388180 0 226962 0 674575 0 209344
727910 0 378175 0 131352 0 29307 0 558266 0 510676 0 846558 0 169693 0 32823 0 168857 0 759749 0 978286 0 272467 0 603930 0 464025 0 628375 0 100012 0 290807 0 465008 0 694703 0 707747 0 326277 0 729114 0
0 717778 0 97032 0 152940 0 555219 0 485211 0 896254 0 746146 0 210906 0 140515 0 124320 0 342258 0 686173 0 198937 0 852933 0 49082 0 368629 0 402107 0 734291 0 128377 0 380393 0 6757 0 732306 0 360769
635131 0 348669 0 651575 0 616490 0 43372 0 875674 0 459118 0 0 0 593451 0 556149 0 958128 0 665021 0 557711 0 854381 0 411166 0 768617 0 511247 0 51837 0 627226 0 713771 0 250774 0 996510 0 762853 0
0 619402 0 398617 0 497143 0 747779 0 295361 0 20251 0 996436 0 172481 0 171733 0 345105 0 340408 0 304575 0 904828 0 216081 0 763692 0 193664 0 325883 0 836193 0 668143 0 0 0 393903 0 522524 0 918421
678871 0 550122 0 970257 0 306096 0 263893 0 737382 0 818958 0 543097 0 356784 0 217574 0 40239 0 620914 0 29286 0 576841 0 133701 0 201766 0 748573 0 478805 0 58525 0 569499 0 899984 0 274605 0 333191 0
0 609999 0 116839 0 685735 0 278142 0 107742 0 79637 0 317017 0 542514 0 758508 0 867138 0 512770 0 580955 0 647382 0 250152 0 399912 0 190478 0 123287 0 133837 0 747068 0 744200 0 679474 0 840260 0 877900
881240 0 105185 0 873057 0 939764 0 674683 0 773040 0 730721 0 524225 0 899391 0 847559 0 209959 0 177532 0 471652 0 289596 0 494548 0 530517 0 564455 0 878037 0 559639 0 661761 0 525419 0 809790 0 578025 0
0 232248 0 449428 0 228213 0 495668 0 709979 0 907687 0 335927 0 0 0 0 0 441111 0 977286 0 761393 0 115794 0 266678 0 492113 0 0 0 166068 0 856024 0 366329 0 859951 0 844027 0 0 0 354498
374544 0 736730 0 748886 0 934182 0 398490 0 790656 0 260323 0 492866 0 539256 0 226102 0 0 0 34923 0 936080 0 628765 0 887201 0 40309 0 934042 0 328312 0 533947 0 695434 0 960457 0 316976 0 703899 0
0 116826 0 999395 0 76274 0 483154 0 859345 0 920300 0 655429 0 730194 0 811195 0 908510 0 479079 0 261728 0 307000 0 786087 0 38402 0 316217 0 325342 0 264503 0 37295 0 360264 0 716934 0 666059 0 763816
757243 0 116452 0 92127 0 807541 0 328238 0 568935 0 640868 0 32136 0 202113 0 640262 0 108409 0 201618 0 15958 0 545060 0 857047 0 746151 0 872607 0 765556 0 741581 0 134334 0 588907 0 44019 0 172736 0
0 905124 0 369360 0 953590 0 458770 0 245975 0 670524 0 641181 0 9791 0 944118 0 757632 0 618269 0 751658 0 0 0 187204 0 908877 0 634356 0 389316 0 0 0 259116 0 107285 0 565095 0 804176 0 964331
827597 0 676782 0 246239 0 569177 0 327467 0 351497 0 613196 0 16554 0 256620 0 498907 0 970144 0 231742 0 744882 0 157019 0 0 0 754672 0 101136 0 630553 0 889292 0 369145 0 232774 0 76495 0 278021 0
0 383481 0 982162 0 343510 0 642597 0 89447 0 908604 0 446772 0 570129 0 252552 0 639905 0 332719 0 338080 0 483723 0 684216 0 467627 0 500277 0 457187 0 966534 0 986772 0 688928 0 227767 0 143790 0 561849
498790 0 761277 0 708754 0 388081 0 646773 0 457879 0 464576 0 441145 0 841359 0 963089 0 784654 0 483955 0 568887 0 209609 0 447078 0 139016 0 462160 0 603334 0 0 0 800239 0 87057 0 672301 0 267866 0
0 587333 0 129488 0 750751 0 90456 0 818415 0 978517 0 234245 0 896616 0 477306 0 511873 0 121721 0 865386 0 674997 0 0 0 846313 0 116141 0 937309 0 809402 0 900794 0 937616 0 378288 0 626754 0 0
33655 0 88913 0 504379 0 505389 0 405503 0 591435 0 177689 0 189720 0 695119 0 823528 0 940470 0 785574 0 641943 0 918986 0 536170 0 54910 0 912643 0 48042 0 176630 0 778029 0 723038 0 756228 0 624341 0
0 355530 0 209888 0 433742 0 256323 0 147503 0 328382 0 883076 0 48548 0 362036 0 488340 0 552926 0 383776 0 410194 0 144360 0 77817 0 0 0 839478 0 901344 0 540383 0 625051 0 59638 0 975721 0 677572
114547 0 888363 0 725613 0 807528 0 182743 0 965002 0 80107 0 807084 0 320531 0 289995 0 757177 0 93205 0 0 0 601910 0 492632 0 486044 0 963946 0 497323 0 38969 0 864073 0 907516 0 699680 0 941889 0
0 507429 0 539157 0 0 0 564164 0 680559 0 935574 0 539884 0 358130 0 566473 0 944598 0 600094 0 374000 0 127341 0 81447 0 454107 0 934424 0 401977 0 744101 0 207952 0 11533 0 181597 0 809862 0 504164
183993 0 773807 0 517838 0 222961 0 154231 0 425354 0 922641 0 612472 0 932782 0 978149 0 972056 0 496945 0 658708 0 423981 0 553180 0 533189 0 990453 0 497778 0 649635 0 364453 0 625118 0 731081 0 334911 0
0 559541 0 649410 0 79011 0 767492 0 177294 0 776959 0 93705 0 681458 0 960951 0 383863 0 199295 0 700264 0 538094 0 141000 0 622904 0 150565 0 73782 0 601052 0 122620 0 87078 0 776111 0 546600 0 640258
825652 0 53405 0 138035 0 475286 0 417857 0 763152 0 722718 0 269119 0 839044 0 888479 0 348129 0 122887 0 65773 0 641439 0 216592 0 263582 0 602390 0 600454 0 979228 0 302653 0 654899 0 120228 0 441908 0
0 805463 0 710361 0 559311 0 444434 0 797438 0 851774 0 507386 0 954047 0 677425 0 560790 0 92081 0 669062 0 494998 0 371584 0 908131 0 764116 0 726979 0 796610 0 628596 0 366218 0 378734 0 270034 0 582809
642315 0 388775 0 699614 0 621542 0 691427 0 354513 0 258121 0 649686 0 676327 0 968481 0 208997 0 120761 0 765919 0 60770 0 0 0 236317 0 254546 0 188935 0 328398 0 439959 0 683932 0 216333 0 348089 0
0 964399 0 943312 0 661050 0 592994 0 309529 0 39783 0 863027 0 408689 0 198449 0 251802 0 624654 0 819991 0 459580 0 495518 0 78111 0 109266 0 171845 0 562944 0 834614 0 292605 0 845214 0 411735 0 920750
81530 0 666280 0 626036 0 926279 0 622590 0 826319 0 142612 0 487030 0 790717 0 602275 0 664432 0 383710 0 428155 0 704214 0 246736 0 0 0 419015 0 14889 0 977848 0 239005 0 990821 0 473366 0 833467 0
0 100086 0 161562 0 912762 0 451051 0 454166 0 757975 0 862785 0 891267 0 839505 0 45416 0 517302 0 765783 0 668005 0 859972 0 424746 0 155034 0 650688 0 27020 0 819465 0 550749 0 455174 0 40031 0 313836
324720 0 459045 0 328725 0 302568 0 214401 0 319545 0 292285 0 564219 0 935982 0 0 0 476981 0 387032 0 424363 0 234955 0 249816 0 315629 0 590811 0 295231 0 349282 0 356594 0 479587 0 725605 0 781339 0
0 150972 0 376292 0 324711 0 970437 0 927040 0 296236 0 526819 0 240875 0 620956 0 502215 0 85951 0 439875 0 716615 0 921847 0 732159 0 797185 0 857828 0 702356 0 274165 0 244859 0 126718 0 25472 0 11026
958698 0 616282 0 822608 0 824331 0 489227 0 302194 0 549935 0 786918 0 453166 0 442578 0 111628 0 939954 0 885969 0 924215 0 983124 0 126843 0 545170 0 485338 0 729146 0 501396 0 718304 0 650992 0 0 0
0 0 0 508820 0 452261 0 306005 0 270030 0 95330 0 847828 0 797408 0 570379 0 464109 0 620015 0 911061 0 953336 0 438561 0 460995 0 740253 0 408078 0 419924 0 368232 0 348031 0 305892 0 292446 0 847506
0 0 353968 0 332843 0 194584 0 371715 0 567498 0 845575 0 121621 0 599337 0 870746 0 573881 0 421693 0 140776 0 185563 0 269520 0 938183 0 755941 0 733629 0 74549 0 667002 0 203316 0 513109 0 644348 0
0 459920 0 921186 0 580624 0 344503 0 785568 0 886515 0 636948 0 633073 0 351953 0 507267 0 482267 0 546536 0 878982 0 49764 0 392111 0 602 0 165453 0 779208 0 90834 0 587145 0 919983 0 276396 0 373017
374517 0 548689 0 622997 0 965418 0 732042 0 826312 0 994878 0 0 0 802583 0 432416 0 473364 0 147085 0 734335 0 876231 0 300384 0 367408 0 228183 0 324003 0 366026 0 291071 0 0 0 932142 0 683181 0
0 719937 0 97594 0 462388 0 327122 0 201090 0 898723 0 119870 0 574106 0 789591 0 668558 0 197102 0 755008 0 916951 0 539765 0 266238 0 809691 0 342347 0 698653 0 283055 0 5783 0 432987 0 159285 0 306167
316746 0 903819 0 630169 0 682772 0 194889 0 349504 0 614913 0 394421 0 585792 0 228858 0 373161 0 912913 0 429947 0 788235 0 549134 0 520405 0 577825 0 734043 0 717506 0 849185 0 650993 0 773623 0 115422 0
0 460684 0 115969 0 330426 0 260090 0 121752 0 279764 0 935726 0 0 0 596510 0 839544 0 90790 0 795633 0 34433 0 440293 0 926897 0 945205 0 542436 0 155754 0 318365 0 971700 0 102052 0 106599 0 520834
622456 0 200776 0 254876 0 856314 0 49960 0 905869 0 629936 0 681733 0 882904 0 262256 0 528510 0 659345 0 900359 0 808273 0 595070 0 844628 0 0 0 950965 0 451769 0 233118 0 985397 0 408413 0 160014 0
0 446954 0 950848 0 0 0 765318 0 922548 0 934171 0 388269 0 443381 0 72978 0 589044 0 698256 0 445643 0 155355 0 120476 0 591930 0 837087 0 519731 0 854186 0 881948 0 179075 0 270896 0 690220 0 774144
631876 0 127706 0 725109 0 83644 0 360823 0 0 0 492057 0 0 0 673810 0 442904 0 869307 0 955480 0 881803 0 319829 0 343748 0 325183 0 392807 0 932791 0 539791 0 354801 0 88145 0 176618 0 946731 0
0 441583 0 696349 0 800916 0 323530 0 875423 0 588163 0 530101 0 649567 0 220038 0 174158 0 891027 0 303682 0 534981 0 0 0 312090 0 572169 0 308045 0 754993 0 441475 0 779876 0 153148 0 277656 0 123623
478330 0 670462 0 572765 0 534472 0 541614 0 177261 0 711090 0 488344 0 135195 0 407438 0 805611 0 975076 0 282860 0 393774 0 0 0 448778 0 613811 0 195686 0 856156 0 917492 0 0 0 490391 0 745933 0
16 29
42 24
46 29
19 28
46 4
4 32
44 12
31 29
46 32
44 15
21 11
46 41
21 25
38 15
6 32
21 21
8 16
45 7
44 11
28 44
15 25
23 6
36 1
28 29
32 19
43 6
29 43
40 44
15 26
12 21
11 32
41 19
42 33
19 33
38 41
30 46
19 46
5 9
46 26
31 31
45 28
31 21
18 18
18 32
43 29
46 2
9 35
14 44
21 32
30 6
26 8
5 39
7 3
1 7
29 31
31 21
6 15
41 23
27 13
3 17
35 2
18 37
30 31
34 45
11 18
4 30
19 9
22 25
11 16
31 33
41 16
7 40
24 42
11 44
2 13
15 36
