300 59
753 1713
161 276
201 1221
145 1240
913 1889
1066 1091
60 1321
751 789
1521 1637
1001 1782
1839 1973
1592 1913
705 1981
431 517
227 828
1057 1310
91 301
329 873
322 753
57 1561
731 1089
401 889
891 1807
229 431
733 1370
195 1838
293 465
75 1501
626 1659
1519 1755
661 1537
897 1880
433 1141
1703 1841
597 811
73 1391
1049 1945
241 298
486 1561
121 1921
794 1673
560 662
435 641
363 1218
509 881
972 1355
1099 1447
610 1581
675 837
435 959
1299 1556
29 1985
847 885
1181 1297
806 993
366 431
1041 1713
32 1551
424 1203
281 621
101 681
17 1884
1172 1661
181 430
1051 1576
741 1151
1946 1985
899 1719
1413 1881
461 637
445 481
1 361
472 650
209 1272
177 1251
929 1603
66 669
48 1225
206 1090
428 563
189 1731
57 324
1477 1976
644 1545
439 1616
941 1577
739 1596
21 1371
796 1153
586 1151
336 1481
1475 1601
609 859
321 1091
1429 1513
341 1985
415 1194
465 776
1233 1889
392 1974
1299 1519
1583 1852
1257 1709
1005 1283
377 1911
661 1648
402 1033
600 1489
15 116
69 70
925 1168
533 1851
1122 1365
1 363
655 1841
43 1076
300 329
1 641
779 1119
553 1321
1254 1925
365 819
1125 1301
1701 1999
3 845
251 1505
175 1445
1359 1779
113 423
741 1561
538 1631
323 881
625 1001
253 653
641 1274
467 1791
337 1824
1788 1877
255 1831
211 721
449 1205
601 1185
169 735
12 849
1209 1774
346 1201
1785 1857
801 1059
1028 1501
31 53
451 1829
312 453
38 1823
1074 1685
1478 1551
841 1361
916 1421
159 640
627 1601
41 854
21 576
433 1720
673 1513
1 1584
38 1705
1721 1985
259 401
936 1481
601 1075
841 1881
337 1409
337 1617
1062 1251
1541 1615
1049 1671
66 1989
1405 1921
377 1465
1105 1549
577 1779
481 1761
191 273
1229 1429
325 941
109 1173
226 1998
801 1792
1005 1386
973 1701
1331 1577
91 951
476 1341
1851 1969
522 1276
1321 1799
1 101
333 349
664 1474
1001 1682
605 1226
1641 1811
1392 1961
207 313
314 1673
786 1985
1149 1833
901 1215
283 524
1203 1949
241 1561
451 1313
101 386
1122 1429
711 1489
257 1875
653 1126
199 1297
145 931
417 683
617 1461
701 1665
1038 1165
859 1453
26 491
342 1920
328 381
255 801
421 1473
1787 1811
1142 1479
971 1789
1753 1931
85 1956
97 1709
1040 1304
999 1367
496 1441
897 1623
516 1520
123 1971
980 1201
1449 1646
657 1415
951 1161
322 1658
41 527
420 709
673 1661
629 1449
148 653
960 1351
226 471
572 1401
403 959
1089 1617
292 1681
376 819
261 1281
818 1748
159 473
902 1476
1067 1487
1121 1382
299 477
417 1697
1083 1833
1116 1209
319 919
280 1981
499 1054
832 1917
571 1758
991 1997
1361 1467
89 1830
468 1055
461 1281
281 1441
699 1411
625 1330
671 1977
623 1003
161 345
411 1171
31 1861
907 1395
1546 1962
751 1611
185 595
664 1165
1765 1853
181 1163
265 1301
861 1234
1498 1587
1351 1909
136 919
651 1741
943 1801
1287 1751
