2000 44
168902331198208678 240575453259977461
76344365195308757 82215094426640861
118869094409698388 153682864705962793
101093903083147033 158614150142360818
96756476507750001 231354456475694017
46756121018269265 224556414374845870
138778696685526736 195670978919702221
35395824570774105 211426861128120523
151742917708051269 179268980206602566
261799756971502077 263566869989128553
85072924506843865 145970108227353401
38811002369586601 106155061604390593
140396590129401145 173870824203590801
161504321616268345 204231701119205056
155723893085041316 159685356657908247
49367063610418066 204409750475605037
167712024411157001 237745923574557901
1545139172888893 164475040232839256
57277491352892915 152972448125793601
75283133613695281 263886826959465779
1515485173272118 204342246824653015
152730706593226657 224744150723776800
408762973964562 152965488556301933
152093154860659610 267200773438223596
54376675754842561 158491075623176545
27308158172661005 295873284198439315
102295776150694947 287000155897285836
14668567325805306 40636767429401141
16613966016061297 102214050157235895
198712995810865048 265430751603437421
265604812582827586 292351009323526531
26480647252554631 55579052506544928
127096679287892251 143033557103919736
20759267105281616 230730800712837063
153960652309721641 218484754931057881
127091760185106499 140716014369202625
4600400451346059 221258868171310729
44533459224844393 198049120713364211
33758913932480773 270530122649775731
107408414766599161 228285361358870600
90967937600701531 144592443990695317
26641141766417841 251561002740441001
19884039904066873 109482490192000081
220349977267252681 261884435854125274
6947557481618081 84105498990704361
147376190955695333 192144512328912826
42749870742284711 122562255860145085
107324401292130125 153098013962355517
81820111798423811 82706649532910761
64080767673166639 81969066630339214
127950934022495676 260428781438894928
20920700868249625 49578140374062633
220923187450748411 240167294295008989
2058524196300681 171286248935021127
81802709372786401 282324585107446471
116563850877747415 160565898607070969
158821317486846496 193849264065592780
139141317333537889 244251330349423121
127013889986131713 243722343679549574
20985029621112001 71745998659035301
34541079887838271 53147555367827795
162042241919511373 289010880687542449
193889203201569283 220122047741925289
160730599670675316 267249949865231101
16578952069444228 80752789842725889
193994824437627708 226792042702164997
127096327364452819 294103332441314185
75593076890750065 116768684336043026
102123596008579897 238792982877387799
32473010320708751 103926126777636899
45176407596747411 254336136882597061
106202998487699843 256035346757832661
95721247493467849 282498038501706376
210510649717642250 273214067229815005
73699589884370676 80281704894317659
5177498495115553 280166963282937948
196100577979320997 243585733822510015
195136726327931937 263959926234879269
44808025677690001 182682831584263288
20393076671843701 98515449171216229
126046314169303881 252146021138328313
94389707057957761 226623540390562240
16175099232779344 99093593064529909
188387860511454058 251860129706519818
230826371451830530 272547349191773286
228042762383141507 254588231880597661
123458325324887697 297230860642622167
95155912614092377 146214021747235012
33092251503497605 93891303764587620
151620751552147573 205447509612294337
2701425529507545 82746886220507344
19623850885630906 71244390347881921
84601912989218713 210116570627873435
171745300750578931 217469959946566840
141811334131821551 247115560889452537
287062819479737821 289373667603912320
55470536038457153 93199571239855501
53620573615921868 156746995027641237
136740453897261749 277174093771493027
101114176868875951 267508975807405476
21272676770535067 104504095671401909
105039587709408541 140909251818016741
154476663410294137 226831582766086583
166154144743652221 209399128939380469
34745014655811301 294407596449162166
14540206629590314 185792633886495948
227403275996408801 288313881735589033
13581081709340441 110644551531741076
73743989816417281 176761528867444112
45807325086339329 71420133449256851
36157439070875776 52125166553140685
20696196443953188 275301589703032197
68495268678223711 273504456580213916
98053689809251745 160081078957432489
19084993474921985 88928067248172547
59041358018068677 126828588881787589
81735551861197897 155209385214935421
60062736633008038 72490561673906740
6408379313444585 64791147491268025
9236420924029048 71172864449912233
135713293822389453 154514285542375465
107249092078255446 155782648137610157
45796578946078681 68208644436299453
7014755280070819 240911476357182393
198307682921566303 260644603073311483
84084498988597731 86214910766328768
30020148448658083 151683856050344755
77144271159397377 131181209139064853
74531768886213598 299066298220359477
94216041374981351 167333415638340037
68963597590059203 243871470647248634
199662218879441501 248927833127872315
135632197790117739 171415541849788448
73478083821039686 287404848329759733
125723809974706171 141040662421035328
52860109159873543 103386637589858407
6879100363066351 127928714590558424
138687332064435361 167014516474989913
100252898839156501 197275485743176123
42674404770918565 267721966713564881
112302922303604479 158969860724823885
180652036094696033 201425483572015279
27617782012227893 124525022631312321
6182918572727241 125682100765167357
89360988572023935 286315579640281456
241375260091210631 294962246415669496
150500824488826906 170531130358531013
64193934992550415 127446398909449393
61304314299355201 127278101558103179
36723790070240773 193756070073024453
72489299141836126 271752596467531317
10371126662646536 135823451268262547
275930815331845273 286130752240890901
84305623754767111 126725897667623077
34259686149134765 43156249022516602
18659489684950593 236703651142816321
5873150037554833 233103356335796984
52124598983122749 231112484879412011
10234794707732851 145349232806532261
23287699734645361 45883805629639231
179085347032062209 205594927409062306
226967942138107589 280492937740555201
42316199060640363 45801299096065001
26029090006907226 155803509217403761
30587034835053121 148583969609524481
30700031463960333 154584668727092149
36336730952818141 80281547529117601
81718429911244356 105077384298082153
200302213503518521 218329183689293179
176698128677511282 295405437085325827
40629460376908253 241918706554230211
9654012058307197 165124105369747021
33444495121037941 44878460018776192
156531445962860281 290826929912069217
48692914777667336 143953438244346179
169045120140598501 295752553865501041
128459876122065001 269851283525915961
30409148078976044 90797912496342961
193435023073413961 248039472387172054
66832161239663626 97207521752335891
115642920258408118 156310086837066846
148272682346880043 180012699681722674
260557806040121581 262506895372442797
187661011469276131 244384374018684243
76184107389171481 84382452721668791
21384525136644076 40348468420787671
116761297336450027 190454651103942721
23661015857997985 189922385924256269
39033526871823464 49678302723005896
81350806265323626 257963495931567515
116242578251543845 221954802635573361
127240658414328987 175584264617127316
61419662760601110 70873888499854051
56851659653589903 138234721687393863
9846434529022705 227810508785841786
82059618273901617 136514991298859515
177891954044806261 237518273542558521
221426093999112061 244583635369790162
58576221965555321 135069097114141031
54255352216688347 276196791352894073
46281804398163782 166468392073797233
3885256573576201 179649181083698385
7356155525436553 235609436707172474
86480705978615460 179667066709773526
24669801250890553 48557853595907214
21276742593719524 53186355794673757
121220215376505025 279751241833273047
141448987892095821 289616078694013701
183424049502488975 240148581628663987
37953033782806001 233011608099066070
50774262113198065 155675240337385947
94197831893128868 140210675536240645
53266161272270411 286711712530014513
93922785593123637 220434580293291637
17183029365212266 244029640549693412
225804509731714328 256049012234188841
94596719326526137 203286786366371369
224773213555919676 261440350962452677
56291229077027885 130931806378178835
142305364290865844 220216808223817465
31615366138774891 195003670867750537
123723017435081953 269504231977561483
92452802911339849 237409135906887443
8605543431330129 262577065222223754
55962617920119113 211155142810263169
56447150622611837 69901374315657267
154137277658583877 159706512795367621
222200665265475191 275554909573996577
75961104292734785 118445000119694572
182009493652966201 204181845333374785
7395759486687727 10062072066397699
218675862465578149 235244073117650823
234304487973151275 280135164111814921
88149581417937451 192849886910166376
52929525854461054 224603731363310721
227025211559701085 265502478518746586
248803245894924617 276790211527075713
28217872566674457 54853678234807785
1520615167083790 14683282583414050
191357869536213205 199614968989752076
153940932208627803 156397922596555038
24609731239779925 220508902452437343
110991805833564945 112646217050006311
100689306816271231 262350149679842601
221572417536679639 277546632650449704
11336861611238551 150757818463337402
223600946390464001 251230581923897137
14790798873435566 239248003955706961
2869976719230229 92908787148796847
120650724446155756 253503861079045790
125711356481607996 180968625668852861
219993538114840893 289855152129032841
200409094435108746 266714934963163129
170873745156501505 194771782009358710
273982475070200566 288187696355684353
7134335703832345 105593490199753129
3605206173736331 150540135675699940
134269876442119889 233362001227803591
141489650766756537 245711846575131996
36554900861153773 101940927533382085
8498328206196541 40818936199089826
91618149611949433 281721443864288877
41462039227317061 187995964383198715
82175698828320961 218804017981353817
103740714763450781 186854421377658801
68979779919225353 122724582380648673
46661145212330669 232404065711857971
7699866505788346 69262925339584801
6464211126076343 10384976707813002
182854726632703906 271867998035930169
104899227728594739 290970535555341581
81055473128041243 119958353416059509
87171571262168393 91826073327412471
38336287867765335 201495007603941622
115116478239303581 189776921276429825
100092128369407345 128935207648216699
257472394155570101 297919140494181205
275220847690521188 293336268890152966
66787717327206836 82470838467025849
165413441891781705 205759740121269784
89057934148218421 140615471544683504
73464781470422801 256358667964943561
66753359187554071 151285547123431977
40042918836167791 130470805435472269
4092149954322616 87589317034566671
183790164463335871 276936675696232877
15091568986150083 285517208961764548
139746221986804811 296149403085933651
3623921315890813 81232844624069953
185703450370841101 247141372698344673
5269369444385593 107836796604935476
67841366961819993 217980224832457379
6194764577539801 26441726880034751
119272557746620573 293915240974926685
14994396011230399 120681344706344851
153027044424928458 240913242638468905
44085355429963549 82118668804270057
66194447334537273 148709942468751441
103422619923334479 279046847236411011
23126970121021273 86660645261666857
84566605078180318 266606118944812097
83834918510172552 283510300879086291
34888815777615427 177824581338243073
8202389821156369 112249769238458601
97866528688931413 245930680357848529
276837060683029357 286234142265070036
40505074280442757 174338670124144726
52809129205017121 160968012473129986
185695790170919563 209144992310495401
111592004971367401 145846104963630025
237903118687811257 252885968407407729
58391829884227561 247835016494356993
150442964066166651 246323671087324713
92564760882214776 203096820490690321
2892813110207558 277943998920742207
27270437418899479 188994067478192527
3948616686171811 180934931203246148
135719939237609851 209972657928408673
152474264982094216 190081524173236726
15491662831906775 101536490633574506
28060476305598001 241916281982241253
162135687310342706 196628617230228630
235483071057413471 241020333638793385
37164659776530447 91367934834664807
76410647182032814 116145524299718595
14947218670694236 138528678443230593
47259443294768533 49575296897399165
41031223057362595 172926752371871197
139516039454693056 292900141216695259
69918215181530513 233780252227153297
62476738353759203 122764700731121179
17266647046194233 292135085844265441
63400333246596581 196090506011463739
136265059125405121 263141079440808751
121427663545565645 256482321852030697
101768759191540045 152811637353019591
82906113559090621 189005812983363745
169081696270983001 182947310323420252
68439054532451371 240412507850411453
41890923352135261 198635537696827363
44560126697831934 189216449544986092
85708295655700984 264583278913696280
56758013944929649 240234775438726371
50081615527159591 123340178522518000
121218496624840313 233388320870399391
81631194098518531 121292194791812413
220301975663287017 240289886986114061
128030299553761191 131181903545532225
21292074326355217 185118458764993831
79330445432623406 282332434042017787
112772162704308175 286537020294216069
149799552788237201 169040726369159601
154623747553807540 166884072269380017
232808729001194249 232943771303637559
134246395548033691 208795852421896961
39159364691425141 180583239361416168
240388993813598607 269865097291645051
122332493630023846 288214929200031808
218513511662798861 264991454634974161
99589284539856223 208177003635483101
135709668572674921 289121329506465169
20169193818378937 276750180555554629
148967039086465851 278247513273503217
123021964723057031 293954638403177854
51648854519350021 260266744409428479
92436234040634448 232419408061657345
184819786157749351 284862191084909401
141932039715038966 275664553962229284
155160399888979828 263184693590416294
153058578988737855 192370130618764127
35612243644220386 156478893118761319
58273110082633057 265826185345800772
204272622255009720 298130947522190718
110883606912217539 192776873380887601
31220703536659936 102660662742855677
195047546884087255 255933408241929385
140895232063862173 184404619179956171
47151689068917116 126725927841592721
51267090918916227 136885551811312263
9056847232015105 39086605987924111
274786015109877401 288540836797286401
62747938706669876 252358579954964593
116367702450824510 247299979958074150
163121474048589478 164872763654861701
178202992673323783 262622526156563706
88658466942287825 99658612838737641
92586429144939805 175614508367115151
93635150013670300 215441174299444501
90892208612987800 176251860140387026
243120725035296824 290630820584881201
67943500576875937 270846067035563286
230486969827102057 233151244861209964
77894115072724351 269450328674306941
36771793271748111 135433658736140293
108844326283269103 235498407443419627
57750288786538133 120499572700931429
55046408711900493 143720438003882743
254545266199805117 292487480749689281
15786242450021163 222206029308523875
13599529326777086 177333150545113217
5521149134058851 244825312756164344
184611205115089855 202618513575794050
137995723150118931 224881774127483345
16887248803306696 292813888050642933
77785021474293404 291537297734706976
61296776747214601 89426410641646255
102714647658277128 116503649401687901
178843282905542491 230287410887726761
196701259502305281 280196043319832818
155259015261110801 258603414566659203
98838296536439693 143818458954780411
6764124321185555 290286303826099948
37771651695610353 45722998507263514
61719847560374987 62980391510074251
27994173749711190 69644101707797873
127313316786511891 278389844043608121
43240457100136156 72169675620940300
134846640596663152 283362800755065409
27082495788630740 157350183369328801
11409992227216082 212683939317882857
34971895438520321 251769190832673816
82590071777764591 251929609492536115
34999350915388630 187801157917652191
245083260795237654 280725148713639857
169222555867713051 236590778800590897
10913269595790871 208866890511664180
90090736833532726 279837750718731201
184213305767167609 244062807249568257
125500221349120537 277339347448509326
64443697119550027 254588381366804116
63088129794167395 135314864030714487
56401881431421649 176752217188365455
61268092570241737 287535495056101593
53014268666028197 78125779668302783
32105859630778423 217575535446842936
20819640499130203 239286952503499297
133577815647524997 170513264818872337
13916893184220761 161763135960380164
288857533299066766 289033213329156181
110232995414340427 186742577846024155
278213475650643169 284661256651688817
21224922224598730 265167028153018765
74441611025438450 189578274533138401
41450833666019873 95032440493096917
44387038109706091 120615324158255011
99587403713401276 280132572366724801
191395815201768871 283613073955534381
128270768068205537 265914427697843329
47315055168978466 272332864888979962
23596985456955133 228070098900743063
231659525468740966 263030524911804417
3282453159259627 54333356416834321
121408480829067598 288011851269723965
140939547218021883 258503122059180826
14803484937888668 32948992170402903
79851285799524885 163667203754084339
31610997745533295 111990261899263123
28814366119955731 268927024550076583
13124530891346887 270892013629959673
90287598798051679 142790912847624390
15920328397856556 23240812269619417
21532371281635771 105435608966328412
56184486117627041 294377596254470845
108501105473332981 169824922649547092
76579609720434421 178127826955525595
120432269901525761 146328548771108888
77420807574218033 243816101109542195
111059151634222483 299690286756653281
79939340342087202 142999720130312767
5695574291485555 67200234870326167
126592891007139195 234209998302726634
32716822798929959 169875804044353418
39099852782247214 63024258865018205
47208616263703001 239755107252563911
280714852901922229 287343586934661786
131975048776294036 238048479642643425
60044031213073126 93473439900370955
178719751151386072 231188583445600399
38963881778265265 84455663171097217
50300190509238237 100717256686117730
23227075790582195 139812532674303716
69087639360190385 114805960810130323
97080141172797401 282520068972304217
197858224810881456 201880562323665975
140106633711217921 185670974768213341
49805886282171579 200907105098059073
56885381720582956 291922534422653473
6990806776395099 17367791240522671
139370660193950586 151675735572312371
123670810931845110 281780083252256292
208850695078519402 285698516900610115
62132790475132978 90128252818090100
60512412183352676 136521120395660011
99463345620296617 285119428250695537
2315401205310524 58710936408563119
15855133468595716 180526740131694041
234334575725973761 257136198203669567
263498353712190898 277802231601531111
15860349560720501 19514228357735401
28158025700036051 52973877429827947
76686577996617352 281402353691283564
36096013829165052 242694220831574775
177269589011266846 229065580997650405
4048588666044075 105768414588649936
38742632665709866 296299488650072034
77063114754911143 262325650973850831
62779766554608951 257369423710824701
140917245546824776 218588891963391601
15791923662901915 35009917683664382
136015424682937327 269585048377800571
133765307929442966 171534906005365147
64314905800125637 260300274435283323
189511682893493323 197175796339159873
103677598170863246 263809728354811127
32212428688959830 38206344398045491
239279689267381966 292194109619823481
112286166648622881 134306714817355456
47976497371010151 82452523055451901
201918890864861375 210295609748314845
118984475988383728 177280756340685594
197157955600569794 275719395508937201
54638546917694647 165506314298233081
48311868559540645 134867166907374022
163517933686354445 209629685898308870
34284997675498689 61719628713307799
7302518742070253 69927848621493936
5565600601666273 83657493625056672
29624781006155208 128042806622103697
3638646248197402 66708138328118179
29989799516568063 280845935420287493
102356186816011681 108267056447680986
64720790248116601 119493030708481597
135410247492151409 272287091308272292
71400414872511201 132817079747609297
207169666621108291 289885140203686465
93978795781164995 217277915835581575
52395109449728641 193019643285522351
272176782459617467 274064477874304993
217422785375832385 299451221313901600
74807100676605587 157366834175900033
62686349874581321 287681492425486056
46338892374034049 202676625206150814
18151712974249689 173797625493792557
277110239626968186 285261800320357003
153375645345893103 206069417968668377
44881713091076761 278087052136708860
210022604352584146 279253497996003388
28833338614541531 251989346709685951
6954497016109033 169408217767743316
6030178913843987 245846191134405565
77156154272844736 177798046656722315
9822591901231779 25227212793940556
27616741689590623 63951802710388048
124954188900101881 195228419494033886
44012074945737631 217252956077448379
163334191521114985 245047690213066026
47976308029263242 252776326975555676
140492370749397955 224768713301276296
84135863054336581 121514691857584541
66237190706601611 193194820158484788
82733908483358771 130650824271923585
48928520372407249 219494155723445080
130339443232138493 259084896371737023
139100310828045577 195356568607676649
45843732349311201 165767297875890357
200496090912428426 224223828938543996
248669508874718211 262902657698425865
21793482320372327 236297685791674180
138956146052790877 200852146399047331
2827864659659841 282799718726284277
79151832346049011 83252474721794597
101563443584181801 245799826978651896
69838372426947617 113266328193656001
32491651011258908 201679708908769018
26474135307485216 141343426914956089
105667093709651750 196278641264143695
105720213402028291 107322625020421369
8425669856502586 87660346072939165
171639166774586677 232183800715725351
56216939168844289 200339511029954551
263535325843240936 268413515336815537
172873179246538261 248087986297872376
228750067186638817 297977945779122484
230502327359557889 251928376889016843
98355888158866300 292692802215229057
22828115268611301 39929258827017551
57848071674449883 84141002581637487
127451066141745793 216171537734772733
86539999119617829 92736790537747801
111199293235340877 114221545211924641
176402771413333500 214020777835355761
7634599179993331 158489934136475729
23454912298720291 119339522026518226
18471342716736939 92842362707504260
98298765439869464 116260445992651441
111050396880316591 191010291830190689
64877075905451683 129009397997314015
116532741044544823 205280939309460521
28031573488267573 239274674120519977
2467082596361401 126875402224546689
99383909509879140 224786925895002817
65567914766008321 139517712156693295
45696987007052047 47931052538592094
27468837847045481 173821199640097893
94912653590937217 137843040238144129
8446986655756911 18949099516177377
251291533226183676 287254531898559217
41356945664798543 57279002218208371
9495208322481025 85406674253949595
133381226786479612 252286446612391609
18687700405905865 56983770777658441
902184318705601 223816470946991605
31227746689592851 291472212009830305
87341959262247001 235343040280265237
61914210679813927 169433026761559012
119909561078910609 299807995804983112
92974593803771071 233555245574503231
59494688402116895 257594308243083481
60582682165724609 266560512117306881
10110842913637585 205261621798949161
118987636172486691 207530411047997631
99531075953785581 117113512641542471
46514278714405093 177255326339679745
98080794053310427 100010686265172148
15803860682626882 25541207981033476
80807497548618244 188225719926227913
26125287512921857 26368026270577761
140482727117830054 190794700855406641
66761307645482026 290569636209632971
61989869816324223 286733479201591538
69989128257831099 218576092917450570
118603524319810525 213848443799590717
92679881563524177 287939669007993604
39583663750190041 64439248226611140
147695878863895933 215854966035407081
25222655634606913 298209608691090385
20253172966949391 128330544988758601
36437888539241909 194821307276819023
85179251363120176 131408304264594745
3049201350377263 124872588032156556
147603321522792345 222673513479232255
211115299124477025 211352361001723187
166065564210056791 273954760160923937
9518838108950013 186781884958653361
16527671920352551 95295693757821853
67085261988256131 107017664181335697
17690938746052204 224917491387701689
122668139925662255 253957264039458163
46992109877410417 263371092745940993
3839343214724865 269040211122510641
77419270672750781 104639608031563969
125725018184053581 219753711169440641
14444142111137931 261087305145727657
194394630900857504 287313199153120061
51205964908915165 175830947949334825
55608797250484451 108619182411469646
51993598732774561 287942179590560273
40456272797508609 68352431373151489
144301675136011777 174948023755768253
3277237657112353 269671866950997889
52772379037644121 235984899869626561
189926568806179405 218553941928922909
98050220316016073 275382888409098811
31679473266012001 192371019140286409
18845714246707312 235113167535637088
11597464614182320 233499909214032976
66472792616213151 220393388558988749
14491829192108371 115250147447538981
57665290010215660 225114334911130813
59681504451535841 199504354248490161
192247631895440539 239747101065707446
56096244139116621 76743918289041313
29233841057955136 274925643440367301
70068621614577364 197710436008693060
46436269073036548 255426944877498841
103363924445480363 221376159722483483
45589941771573797 84254862081656923
56557760156573901 151722125757598933
177258787431287641 222113213433387611
177437068145876516 283348296157666849
26236564352478343 131286014412421195
61450130592122863 87571392073032451
35564200878011291 200579250674612161
232007242668519485 236583254064883395
4010862829688479 13395922244391355
173697750238282589 240832972890425947
845181583383916 242287475693475421
171144783707775779 220216320148884496
7852902464850073 188506870001866066
2969061253494889 56519433497288377
7660228685812841 234632005062952258
18677732343729566 235658306655664111
145780021080920863 207050270942010877
139379097852884705 252452055512691785
151529273403680284 211849446855574429
93689886399976301 274726036505164081
45570014585421817 58276479440391121
4295348777484215 87406284299904721
44430643867618114 87774062126221001
46012123567594921 56274488200051649
222029036030176876 240577585266598441
180220293736604445 225779566673899615
27653021672338540 120386934071945326
12786538267634161 120587407327927889
89859026964281512 282109944166404673
156961579237112410 254107248845011098
25701761387103493 98487361650142957
78228378968742241 96204176687771251
22802015928186151 149396486705963368
30898772364865076 120353084388626614
80093245646544751 104114527712387773
101842778331593089 116763940371626751
227196382506053113 287549330805050943
19782182822475808 183465913270757380
125924838008595305 282860213273790730
120313706622364245 273791751337554121
176633157567534309 180166779250836841
99480725881111200 195034716824753614
59584235335895002 256495332837763729
20195822215412341 68753429567480454
1667888464843794 76948121862387161
197914625753528188 213504655806774814
142304272599342429 288447250823542777
91617801336412575 271364183898173371
53875290447890641 152810332401348553
25544286979074753 250572770787757489
273552590554485405 276850666947581048
41526595399710654 275109003299352817
286140917907295869 287148280232331441
98267970294232305 297960198948570501
98750911734230011 197938075836381959
94225405141762405 202461021946021988
26342761510492897 136624371800136613
115914471070707247 192045298489234711
78001896430071963 85794944886805653
13467605138486065 254400823741890501
2567619731340426 194229248694745213
163448489652162593 207717910925506516
19099784354942581 180216270282307601
139034046517770614 159987646197434641
199426851953814768 287029718636103491
68307835821774751 111472909968498625
193075604051995886 292970997150773651
69292794708054861 200708570409519177
70230283451833201 295667235457047171
31742522352081307 208330687981628299
212425639767248257 229393828972469611
31244190372203236 218625976664459400
168599972664014676 175454453103628687
38404006140387141 217331867224278783
121619734171044029 248048453754395937
36520549678774341 46615518283033801
122694938520189265 252346170989165753
102359666486629401 206831055458693563
169371878051906953 236067160302703279
15321169224810140 232477715659335751
11073811973297078 14550444003337345
157578469349018681 201565667198439116
68384893533447247 166711813277521013
92581875865155907 276989808075840676
92866607409934675 258011612695559139
162574988133454161 299279062367704513
1973724947301081 244881131299454727
7610020769276039 273221697013648465
2533055859394626 117102803488551226
163705901600822809 180457172224981721
22737532869665676 48173132592742467
31083237333639301 214454792947499371
177583228056779827 240801941904384739
3010729760178056 27337861640849371
12126804044493457 93531447674272617
71639353871773791 148932345823842001
23408483401020113 266283229409012239
49300276366261789 207962617548735985
43259185606047648 47353355326612876
14619061480901771 289318020468599233
22955843724313153 237320726976540539
64334900377824021 171817932178933117
63772112552768801 209079549400288146
5684677294384981 274976753266459153
126755199292534022 291239554555142425
126736683182280249 193869785079761181
89839028601447829 187315397194370521
189713060739065365 239992402705322676
29022186734437627 221590002135786155
759579079235636 173146229207658949
8906159218451979 91923888844632777
41839257396102496 185670257338541409
37058429443283801 192057856651155956
101888729596620751 274664649448348536
98656856324178881 203224762967796250
47271698258744704 68752487250551828
46379764865933431 136735660386126198
69621670689089761 153737790355935487
186187487863583602 203887790561931808
98639921177781643 219151352876206301
14802981494991345 220297430831085182
249180907447916457 280241762390888627
83607334719263977 133875983305962713
68022838273802167 187918157149095346
66481559082813121 266310826914014477
25295772839537458 253733432981078506
33600286982123429 177440404387975961
210158672365987879 275002496406386750
80452166740072321 129823638636444171
201003590913339401 222872909702383617
14365615395346951 214498820683786664
128471156434338886 181711941219407037
1664585600312176 2707216473599745
209953725836766658 211084004246719171
193088152649079541 251374073018078376
41466517692301183 66084168578899745
24091386228027745 30142907059096033
100419387802160314 293895561950066689
26437288742075278 62392470041666377
48388341793275664 156645948399443929
46015582760462890 83655190752280161
23571819210343676 237582574039805221
253344725132258059 259755667886037793
151474695012649903 297212793081891317
109049281047733699 289080240184219711
146628836839324732 191406977943636273
70754844212684917 107303395404114721
70682807917590149 220530948889286377
14847923754336391 266013362211623287
160333434558089196 172041374079460839
78706464469308089 186731780913302762
65114652864808047 237583952474229196
234060803666131006 252561954851049775
138911487501681453 268052145598792645
65337202328525503 272770725059130621
41004458327261221 283341548524502287
72087973925197901 132552633939538785
47143075441597609 76845456117069385
125501650914170059 234607435220366669
114766418626119585 187456303741259201
25505122120417764 287094547636186946
96990364749138751 110598159413702728
183386379640549165 262207612011264516
58049001867870802 199571887545563161
112230817396840183 264937017426539431
147158977431449653 201805162436222401
250366559009103601 286344681009902200
90469628918242465 219173131697292409
80328527204139771 148622780448785833
6410620147304960 39332124936995884
92032553960645705 229371670249666391
40210841259029308 63858179649965660
191562791432700241 270706041679195026
60852598945635473 185935399711604929
75370257603403836 138493935411177523
16386866131512744 99306121709440219
56663097474261597 239455540245148396
35466135280632343 132671874104797351
140872578330492301 270037739386555921
59263224511614841 208888435161808827
14888478131071489 137320355341456433
55566755065792996 194749220810516225
113001708092870281 280300620324020385
251869666260090693 299583515763289061
202240942410100897 206345644406523055
38416430614783327 294185582781339665
72226253818840705 234896986274706757
204542508591487657 298685803390302217
17019533582891049 262878951543758259
173994591816263565 218772218155734013
240339635134204063 251717891212791424
37899424065070325 110050679335834362
84884608329955477 178293392894978050
217501303551057541 253986389189139841
14295061926211297 139629788455668737
42183741119262361 89856380871563203
162453022929630140 168103222283483093
228634962141725201 230190341129591701
56063618608578547 157124761308400299
9979995431975977 256446906323347609
12756134124129409 59027749679562189
115079433369431585 173852561898794443
24791915064492601 270177556556097869
20431454967062329 238611790628797915
57098402393590529 180384819534997343
63606408220697637 280952617412386273
170840835565644401 296983733792602561
29905776286670333 167307073714309633
136457119411882789 193620947554593361
101356698257197657 207733455222752740
73995138112089637 173592573354852101
67502699021637570 254139892687325766
7940183226909337 112708820582424477
58422892366686524 213282064078976305
63007876187984077 161602768572706089
77839284386526157 144005854771130782
36767100820482476 60324091980152599
140074935912746645 209199475741431531
214205359371242215 262558832615721985
72248561165365303 234438120935970489
95288232422321171 275784243775848090
42090571462881256 74613775844052771
139869073478318161 210151334097068521
65020418454057133 197479568184569533
268445310467183297 270834870034532915
34990538254987291 193882457422954092
93544193315065676 152566651997415600
203145592289701700 253410947368002769
168127716204615439 258187207978459411
4870575236880153 220901771078804597
148710917957575285 283536915817127353
180243336359080609 188875997060094373
31437497174594433 148898405727984385
231081411035784175 272416714651246276
120406479514991837 179445796350435727
90004084230125374 276226461599559520
47021858390108916 95356041733680721
128954448415707381 168704546261426101
41283482746833001 295962147810904265
30466933970462764 130038253403389617
143633367904151746 146648903160658965
191219268218975905 297183478565763072
84489924843540577 187396193853165916
244759826251137841 266682764907343325
73577736294332761 167846762746835131
75084496057229046 284109140420689669
16728431986622315 127052954077672910
148938777248010613 249704637193428541
129332106261007264 175841912998845796
41032280668012969 74488859238177835
40636629075606901 182918815852561041
24580959661640813 210626848617905901
36353086900624862 49557258004008881
53675309529671245 164919745188941831
186631681889043305 193066230086729932
15978273457344318 19414114795213237
64732262775598151 206078839369037161
184185358344294497 185688425665385119
89758389658456006 193979795288616993
133992377583853609 157458638191773281
202668357715137045 237448009924713520
216064743510482171 259134510989397266
158214428473753057 182237702813140881
123544673343006269 283949944766092799
45362555653436623 107105429311140591
37413830890348663 139410535081443061
45052107753252783 192487187489339653
69462344587913701 166304827256629825
28508476875343114 282265799012960833
54813092689310875 287717490247336381
214398251210127269 231173161208095088
215568109410090881 291738753963875500
39362842533583051 125424483963716681
173349635738486230 173696889924751531
151316528986566634 290698580522412568
6898633181717593 14227059138371321
119048134552576489 191360705028597531
92340616533614416 180662088380828375
195429922702685649 259342426169258951
74020224431428609 207772239878496751
17506090891681522 151516316318210271
89250763640094844 217410254519290605
37929695180373601 124236628561888839
136245111925384141 258005780245437665
64152302395440423 154568588404589153
47839914509430276 59382486690492917
1011396411281896 110481530440683901
52603430621384703 295050972972267166
53631832873093105 92112733801410272
78203020004500113 284854364419257253
187406383494408511 274243485464244392
116942254380558476 220324712688333415
139573657781615434 231868935330665977
89942943271554409 209598212778718545
46602398160569532 63140348618099217
3421996775882479 233491559520626883
177501642221156596 276485496489080654
31577415921108161 111602756890405351
225895955730021237 253454608597293309
107763337153821655 282596418839604985
115805901029821201 181220011312103533
16033971673470761 232507835063320851
12088018512493881 282964793117695289
46904943335583190 173000498894621881
140632432893746396 285554596392941359
59264435748208320 139961694253794369
7431384785883682 76150846244578801
144350131027285321 269781601099566681
125020270731871489 261292289844569374
15975639183695337 185574652920698659
13050524802409738 190401463392797101
1071124315105186 115189580014740553
239372966663641270 243869361255030902
206449330501512181 227740426650859351
240178729223928913 291949134163016554
38891410196659103 56321471780020461
109517411973268281 173365285936594201
8930083875104701 100166211608947435
118560831958166353 250280859168956759
13589855423041737 29362647119523121
24717348239043019 186012183120305641
12892968082836693 15946804613469416
15256907865646271 42724475771438785
171067479168257957 174404587460016406
65280529580923757 259258273450823857
41602772022512971 67617378963782025
159064113922418359 292272195251163069
22304902678094032 206207661465135143
5277326359721544 55442670763810306
34860403440102161 192649913766310551
58523899288573513 65654530420105261
9226612678122585 72439677063069259
17852573522033405 31673456377329211
108675119373565249 185832113298365782
102863869993841062 269331457352465551
103734751934453776 204553972235478897
90834448732045359 277611613282500401
60452429977507713 112467096904896862
94515937792543833 115789909772461489
65933290897421575 233824945695163601
193403599447669249 207967685343975514
69018933528407512 186372159015093681
18739044157175694 249750577227454839
137080225197643305 230102396230573225
83398867592645347 109989928902787226
206900221411328809 265654412567546125
120042751031489177 229116386226297737
71528405928455539 254782412141630617
94897264109295181 203880197338764906
40484398899261682 45903250208296249
52387746880676843 226618352993073415
82636522850610382 255514760877986865
128050880398952029 204547469158741166
116257223730954792 138971149130380423
174285555536262265 187553439717878536
86568236877111148 185785721483465025
212419439549461695 288947510959786173
20790983426029585 108496622356519520
20040788862157357 149608441752846196
184598938964443893 262633922796065537
26014371197186446 225130507090142503
156761977088363905 172020120978828233
15027024308568341 279397139711107858
96794701742619262 209396193781044298
58834881829919491 115634136565749297
33170899389541531 92663715699418277
51853983485613388 281525092062481022
103597744197018863 120386500842758129
2552102579783403 129455099478276983
142756450394772501 219850188199797420
53327877442822639 87627335395813512
2338744896391075 197380443402679242
27376678105223126 109893654945391687
8751310052796457 121086104401672655
31448706755353446 62084847100466089
161069524957933509 172493541518159401
133329214380658601 252275187100213491
39545989009566754 260217617296977689
15593578417923286 39977962966615150
201320259444536641 255247162455558261
52321433709850869 230966794498947493
49171230803397572 161965411212428803
17756991908541583 223523542760290443
15518613536232271 27719346225322397
74922329834771161 205850611329739297
452252385516361 83822459710843716
193300553949168281 261300003441893349
156386586150521209 184101393035275033
10362892114027651 194097466037540293
25983633230007676 185322127689884421
151696642354268154 228172367334992734
41951310468278293 207960392139221969
15648135401596541 32573282899879301
225416282230644370 294859988646493191
1867719917015041 242641310644301934
17928987610127273 274496992960184335
147848083388905729 238650836130278231
67738906768433191 286244581451087971
44768578674740761 177108175261481473
12418311692099848 133435823883621973
36779888511232406 136067204541927985
118591875094385224 241429887343415681
61017423514354528 189600919640288683
161776682604765591 288268889443717941
257981964053695976 273927637654089049
59021637060071206 141310955828856046
117456978432842627 151990988199908206
68040764803997107 81481511666827001
15325350725351317 287732680521158347
33921774259654001 61317403818099101
91188517904176369 156365878433410525
142130809806560653 289626529948584601
127281817884934171 297340873116912541
43303537021691515 163503206353704961
9111076997535505 168783854848500296
78427471875879323 157789909776566359
68875606560553575 237804483386621269
89442165612628414 273220291767638899
23690011879495717 286406149097981252
200494050521273226 261372483863555123
127333630700044801 258416295012532675
7545861424690645 25474111354192001
19520730166162159 147958263748051833
219242352076388073 273828771106311571
124536513873902845 279860486297150041
71182115583020302 75242327646808227
216403747187571437 251296702165154369
200065179069943633 242028620316804347
84937490520021601 266699550405898054
1205903928444103 48032172447522456
42286312114720639 199924471180113075
36399907038776499 161342200265120857
150565468546231873 288618829679660551
41443126128496089 70428699276358068
8945449194633991 76183800174348159
224208089216260665 297929148762444161
38658523948066881 70064230214435301
3168693210010946 187237745477760205
23265683001780267 52750327779296245
22220820395165619 243318205778290857
24094684876051209 53513505545930421
130545360232520119 228792382832124310
156436581170057191 166308620492318657
37382159533419601 151101368215343691
185298062276626895 269269865933070993
32336252201550788 79220781006276692
64571874925508096 183761188270615657
141425579496534529 202650833515063573
154692211047190721 177157650828327876
62740100976885829 179224333279676996
66829194745385922 285463904801982757
67721484620458181 187090240607167699
60901834758922431 172193737455970303
163714459228109198 283267441438221019
23855753201185784 180036316701517811
56909214662466823 110749748959409611
126634146668676661 203774155047636376
1530302988795931 190876387507663423
41714098183854086 156775464369338506
31293978763450165 254509667450769679
106499763829100365 134689328960802686
30452214096187513 70093423058231840
20086686978536361 73000159469757286
1176802599653929 2556775861936297
189468418703923297 223269543985862786
245517115828119049 245634806701622303
139255938793025647 271803455207075221
28473167870579521 43647150569058559
183944220392194744 212523763785372045
19138371663157011 237029941637601984
217958779433758785 269950328325868393
4322179777211009 178727561131400961
144905774186834926 144989514319592769
65192575108974001 90614899376278211
144411086160952577 169583619474380473
128146579022664433 146025621038188969
272488657973216168 281960449564425322
155989450609186561 255600149820757096
60777960826220017 71000979448912489
216201651237034870 256296893542778273
48477685535227721 215916577796300752
92337709610499169 121720958633239528
11010145758828666 110164087644704317
22283434467946687 158749487606217196
123244689346216665 196079430940353163
6059526452862849 233467880983015918
137996987865200137 194979653365643719
166144199110627891 260765261717181751
81667973837562737 193824227121812000
63818914380821449 223234218723539019
93638407322335811 108944995928275577
57548447312528046 218780448036941749
150375362626388559 151712796096842891
4114010580531241 195260973146122147
5515600512269233 126506983899473973
193894018124308638 295387086409250177
26120633763612745 149614661002191109
112036914438620644 267984385087225561
86837228197917265 237469850268121171
53540743297785248 255099835598977666
2714612274630085 163810381600261236
63450884876998126 217357784758275859
123301222624996801 256917941556637921
22703385781521097 164105846783073289
210140623102370509 233031793084786453
18040204910707926 52695367345319605
68165089292233945 107325091904370931
28132613805357138 258677967905823409
79775852006189526 258162437625491125
227454612472396641 253027130920088257
186956496443214001 188194758059237377
45341844829362225 108928435588235341
204490406487405718 254427597314870427
111330162491008501 289449813727562495
8156655767210935 241038789396686596
17780142562688869 162429433325521033
89415734288666361 146569243735510822
13347770604135756 68468149519949602
44477552085033738 121917896873616273
122821733172401445 124181525940870256
15363401590785499 180490147767642541
233710984286969729 238836773396720671
50508561482118577 254065981028347501
21438937264588620 76894848829379060
39412218257728221 117060753734282201
145930515668072887 256694778851484161
9870071282658292 57252074757391492
15784058235364993 232453329489584587
58010878670076183 215309288929262921
86051688095577937 183408100836346569
98165549613564055 220317950187568849
19296090662273551 45353213550838312
158351842480262481 244874565031256299
1092876186680673 182076249900453565
174861471240364310 175344618599388530
261674497963630829 270888404479897240
118768449773728038 180050483796535546
1728862876807369 8467300251076629
263486855788153015 299700762527336149
44553408193697891 296884455995794281
224565554761499446 299506285384853761
23789735136771105 68964910553971011
77409235941058501 246410641644388618
65617492489637881 121557286874142688
129264568986772161 198329183434695255
11802664678969129 128142626105826991
166010736031505227 170903718841097058
33709567629230746 164140945938533683
59483200752771631 172024867021314178
91601662050970695 135306115703580025
45598234388241255 133402112019784617
45370429608185008 160098245400344260
49319031921860911 134220534015426729
8529542110784031 195239960465937790
186625687687625341 252786736933425737
116549192320691826 131742404920931076
15786574397459263 97496270642578183
210763717463579503 266361629916083745
13120148063331105 135513074481026386
148097322659630054 198372865945728355
56406178073600596 84867046755606215
10101887329780376 291245471281622398
84500243493970626 226344948318491851
42742217978396952 236040258465166377
73864282588076233 181611856916298142
69942264853868169 297604597629668682
98824590876283573 117786867958747261
77634684084499865 242001733215494576
66585973030054527 184058407265626369
15236231668246042 169890627088170340
119166035265103558 218979575179929401
187710497504153875 189925271237589933
174750199478318666 205771377834631581
28399398055697041 55479067027615834
153350021387041341 236855963724017521
25255845077051005 123942750023730929
22226612829708285 254578397168345524
7529116330865689 17761688624359242
129389269753000993 272927236150500595
76995701679281857 295866721067908033
76539772077300268 110125632889101876
5870375726968361 293819541287053741
254198153450544629 262194401805467721
194898346101123796 201807641295846361
62957289726565173 242466323978567402
207792000397172809 281352089949626299
1420655372646285 162656158146688051
22578574204233540 279537260521484115
15108226021531780 293262093330408121
73446707877703340 211550383635660511
124077548404044203 216014273703763649
100943694423930181 163864094969707985
52696357352018918 226495084577095901
114740697543855799 263239599936799982
2716422883828906 138612364247858502
2536248885593275 69169667462275889
140274862851098946 219640129680641161
153067038594982321 292764068137271333
53865257947890748 143561233333499659
55449256886508348 66868172703744742
51527294064913271 76292180043620778
2629238462859769 231594238709300271
94275185256711149 259551648381668737
41210068432163017 260421669007867240
139047857400111549 188854792042074753
54215394191489512 292910874187759499
6314542136063131 63158990787705637
22407246752550233 192538535137440705
48745539862480624 91518467011437777
17439003949891385 176906881184369701
32734611248184527 248090987159081011
18637864021349686 215541897103079500
40175117083041890 81628412407302239
5947813589332503 286076850146809665
156449310412768726 210258702130816132
181494354740756739 206698305507242011
6775997099181959 93298247985344011
240457938109627983 266619709473314237
69838444541431863 128079000582682100
150294247897899001 256519724820760153
248957318887181179 261242394781033381
233874641855530003 243871604667481081
163245994721072986 168730630749354979
55586670136117441 129094600347653571
58720237622921424 290148031338283733
118898481721158559 178160481157041856
182888640652895041 275266880846318761
44603516565261337 53871074666504726
12056218664064151 244463926935335551
75178998982023297 115591044140289197
7451107171967281 210136764501636352
167961478206752356 260460557695822741
70076083168259243 93026973079448779
41445134122355737 170641025689228471
10479530056617337 39467625627957439
49359129057752827 92691891911376877
10116804689156272 294224670315536946
107134132871235081 183845707784401111
419571952881715 224678848181445867
49966353115432960 149056377466882349
68951117481324996 69039944149023601
192894965167358878 272863005716653378
55396844615515351 182712778910115001
52339096948355053 261282337826892073
117879604340791323 200998735623194338
110005781941622197 215087808196615872
77901160432341532 119550982422942761
40254990670887361 69710383160133721
133356723008869459 247080631062092221
128240895197499358 259430710533060485
116529549120008617 218197813477469489
74884161421681 57023590158399161
104711067230729779 238366579141141601
227117447565655687 286604861831697718
44121405424155635 131631555875667135
69503637937734441 117682637979440751
18942104916821397 133997937891085102
38204228315504967 102154428645722341
64177392089325166 179309542713500881
140952901094102666 273011956055899185
128749102831036252 130160344040442302
27804153025188251 68487579730725889
36848529606104870 194447627203461667
202662848975644441 283164652593702433
261545120177721081 266572727710999457
71622694726379998 292995112785241891
187366884082669939 220246001880399513
22969380022206051 254227912022186264
9633719397987021 158952485351098441
60928289773588901 126863201277742501
19527003710804545 90220605980150320
104946564469827754 155982191548948309
456143945734369 163887701772057412
145075646539226677 209199767490039361
66884282079568129 92719791156231489
32181033683046162 293484595673494565
17226216909839026 148022891788087717
213364799918515166 231041714133624915
49202643927009349 93150468301177852
38053779457876309 189813209452985516
431844007271121 260558598549407313
113752643145667951 238791953636143601
60462992505599237 113534319930330241
20987974376689742 21614876746058385
25357365107282469 100091310603437881
141694055619847859 266248163705487735
64016160981221096 157238444554276161
24705313300583473 158155154538219361
61369344289057552 297001202092227531
12456460036951057 229469775142408195
197645724102974311 268132533944693983
160789794870791824 278168910578743663
49228520379345961 288340091070111931
37300486149552850 95730421655828713
110007708748263433 243347304938291853
1004704551084481 261506055334779830
25504156875168865 136311564109412784
121489614410126401 249501153572090770
39223008025120461 263624091450201553
1048533172164376 299011789351586245
160731017465859916 270234112604242441
75742835851491511 144193999312411369
115564206621940297 116224287817389941
78782390664466846 130282021570550149
51575026998800231 53650574981879425
35159924063482276 141033385072670833
12950846686664105 112175652913971277
33886005210552955 40768258581858289
3591677218852761 12915943533964081
25271212235267965 148757692275136427
111946851809555809 204589086479492740
120243698415774961 253886057935942978
29466830307396187 288383224278610891
9339518342940229 52082121499164443
216433888420136248 287121402640067725
1930529582396419 192520729735620581
67675932067112415 67919772225320242
148715955686599804 206934417129355168
29795426689987053 63996292854948101
239204719422924913 277998867193030453
2976365259212938 164508724085342245
86577769198607653 150780442911375998
147055636364873249 209617137073358821
239349878107950691 252345431877843227
103054710938075393 223596786073488727
224437518943750483 288846018512773021
16737076549771867 79890440602437993
155469657244534381 203163524242445356
94990148132775791 165114978625491457
27924792804527801 237539175331824709
91508192765271496 181989568306019257
17127900769218513 135064738013459442
139859010804788414 251815786382539901
13065030793274473 147124978141068094
187513212878719266 214798018186206181
116920105499448709 137904144938968097
50067562086899779 85291229796933297
182933366113013257 216821659773842411
99623245113066501 169628715745137471
58555823098396762 80930794350687152
135293203767012694 181987761816067777
12355585819704631 17979564038768601
192800941147406431 217566362255990494
26349466624183346 178267950400192666
190312014648151001 245985595428320662
107478956166775261 121865042634553357
235201291767502855 295966734592010640
944800794544292 174484387548293497
111436680869041876 173715866581389923
61997302283478765 67261182587703625
44744187907443702 165341645196305701
53688338146593211 275081695560034584
5243172060945789 280794721323151541
107907861307993261 117729437393521121
98974309204018981 217324659087078347
7662529279054682 51828636406221144
65486565481095403 140395585523248972
271644989047698450 277112903850454650
110799782309161739 293837717573328776
45042999519942193 160463413509309301
65934166531026292 271393368368456737
19953690225277379 139388623455784571
22273941643132673 215391219827384137
214843740225212539 260447396554472705
45361106529499075 109692477023106790
143227333712288533 183843704994098395
59471705791625 244352453462727961
142360202074469395 152251778891573488
78751707470838725 81439996800495105
9610552636458527 241638133661514044
42380356039101697 268562342870485864
141130107636357121 212433047213776502
20327957193112462 92866596225038254
35803811020013905 287977392119254651
42594427196453555 286288859738659045
117990143148147475 256469392471482940
41182960822682496 113343689432268727
47083021679184221 213167102036653115
117940855959089721 140310504853024663
161895193716862284 185118408694176025
34110992956536181 261100042260204609
21404469665489755 225870231922770105
149873958703065217 183197642745211969
106564985699906982 167598383726846191
67899118484005057 242067002778997037
40580141039556721 233226494824964701
190914215449412221 262923669172061916
19349889013252747 34526313440037601
96013365809590153 251876125277048062
138996207187123301 202859111952103221
81408373922843725 83594033677772671
81226770275206834 83981085174802237
126444051983406361 276134789670063286
41119594881758533 100405892281249868
235312979178463496 268250503809714063
36800923293365761 96902580165812186
103155650396574463 187636588879820401
34494219308768125 71901163788518605
118285039239737911 294625248952353169
223752802955926867 290607990009497889
101183900893549657 111853729845423438
120465694731538753 243999081249371651
30037532935499804 144713928369700246
78949065032342799 101468751253516285
37150357332548961 213972914834690803
153956382436500637 247060453298023153
62170394794446721 109218071193439676
118011041875692284 172912255715302951
76048584077025667 226089565374603076
89324824739227601 121720787285028568
51176646118467773 296257010278782979
72373475810237374 154244467433479281
17824182650708125 179831252018372837
138210901572865149 244242154961557759
75893348346240369 232647048247476947
501883393980157 32250209208368021
15432451885557304 34215587297646649
96933981905693143 256984229639612361
99010741218964801 171521457273393421
162076064421432559 255309623164797492
72137316753576031 174906428699124284
10477773867677322 174500099642271213
75147962968746316 100698173966985858
59043578561649292 67700653626095315
173807334152301731 239612419664189141
24454217497033281 46701906374785881
23556111431017874 264503843663789905
25321994496325031 109501539373510657
83020956320471614 213022253214061681
243956447699012469 284935613890061526
11142709335045825 20660586407028541
85885968173335105 126685375545817444
120268388099407213 140141497551670452
64830531869164469 146868057816460414
64328365348944468 108412053508419305
2408366021169529 256687679851589122
397550382181385 122494762371315445
23947418607295656 101150497869204221
19067847037643817 98509042870362769
29233462753012201 254398057999749961
102065238528153016 284008736172954308
32370141925114489 115955106519476146
132846308055324839 151787338410231116
31693517685742453 36038118196559794
135280289192360551 174959718025952821
264375070780230945 281235517725699711
67957376055938513 147393096867588575
10034885491045675 122796417159987049
48357749843449421 217739977482048681
33398215874435621 109188160947379405
183469228947012125 282527856054470201
112408101180180433 125947234420329479
79773688314552797 120625993014194257
204658859125804351 294372316506322601
35170602955914658 292519762812185371
154171642861221337 188661202182943709
86464725113153921 288462604706672113
140163658391048553 265786483170117519
76650137165194108 119568954843788727
6432489744053137 105336661846183481
17624282646714231 209741464382493257
71477953736872393 274267920211191186
172182730217336851 283159338462634489
171727840129899937 198522114921532856
118072540797101857 193047048937114323
28724598901091566 84221690145711526
14064600036685001 44381546583136685
45073241011273031 256202447977293347
122353845833640181 209010374765594711
136514693503778437 146288655068292825
30128674385108236 80141471652692901
102620285660550043 233182560585207091
23967778809619801 189575864846537457
12578216710722619 48741512006943064
155444810892756895 222868983168945306
65400293763435091 284457580141057209
64786705396866289 104500029851350636
29315772897235221 40888381578036673
261901526746103266 281395870955655783
262332431857750806 291455634690046785
113821345486033806 175304765713783737
4416672865058756 243698955328316831
209443226230066279 225167663200743301
81661625304918127 146946195303174640
209346396069190769 278312945628674505
40457882409473866 100171778685175569
51125088928606369 93057237769755841
55768979680867637 122260703190338637
114456046873002157 259364632808662721
14300536748434717 188603912130332199
12530468361440986 46734645917737009
93539008222469253 264141918542972221
194364728936509045 209927605439430105
200073776876890855 240980715265001137
17457077036943001 20136727825192801
179095055325083425 231021234144583021
118081868302701911 197316155728260325
98793516322673329 100363778239281393
188019441744782655 243195821875336602
210017413211708353 243245907189314251
48138393654977287 212350154944001133
89306081623948939 151577165657010929
138331467722780269 165014530777780811
67484384546954790 235623412227959777
892863112379905 7111976681283461
60089545710444271 117440316142644081
124133760349699283 201765538148566225
18658159121505237 67746824048695241
47350403969519617 268247090251535788
60653621018643721 101604280398546445
59003680727237761 197255408470087921
204613700978028389 262629806378679211
232633795843433380 235499116074528901
144616723802040821 257764503594739729
160263312225649369 242796101274752069
103651070491899481 106007511388975876
255591901194155227 284986631568844077
281270049621077229 286488592931653724
189204639235879175 226027379033759467
76041364515052789 96248512746211183
105895886825302961 227324397173584165
6851781637777155 177528901630213981
892348160894785 175756824469986601
22674408879807644 189842661408733376
54619853229235603 120686386979341385
39403299440221751 197390348240261881
12856195390488605 162525363862450185
76165780568924893 174351280763230359
223972730672029445 294544506203158685
41822219379878113 183182155621169353
4350867751744913 8416505291751617
2934314269159309 72014153014258385
166839312141478621 256843147811503681
15273418517878419 37593656509647281
240877239492322616 245217602846213089
67867664519274929 298240628296935505
79261467450105357 202045237907941861
184086918447237169 219593875622048989
100031887829132781 111000102732425770
127658103404001159 288190038266171545
203166057159661027 212563922912647021
48039608167570488 83828589564044529
19286222537463358 137515941557618401
298582534528225 145921228223419609
157799273317671182 163900717018264065
52822046583888748 200383659977565137
9700735968536479 44620151123482416
69844300166966953 101387851246532616
100991622744528077 218773476868087105
6109185279568344 89257773150358060
6178495488248291 108850178168445501
90150792890838734 229354755684987421
211980730936939263 264644522809148721
181905654611803190 299613337278025334
70198888581930561 71523475980380521
57357289196052923 225176292582036865
38869842654566848 226203409604233313
72227681391518546 127508061026667217
144076818592217106 186115568749194126
2950241659331581 44415220481895649
125330302006253810 273699224556969077
66366941652017527 75432614780718035
179454856587218049 287048183656362001
73501691583668465 102501031544187395
222845535692556801 282122731204994065
54117503941052176 209417569670151325
118162709400107289 292511571147687853
154467792467681266 277166780488504705
35437408574597940 41613133940082201
3585056998872352 95027503467339621
11577545052909389 261583937821488290
156497530499229655 248478434723075797
2874648329961973 93862851623221388
6596078670421646 21503196625653451
60540495074775601 285961941253117210
3552610627660351 245848562418176416
192354449781188450 218431101935438569
31252178878734321 156581279862285848
108081899419171065 240333362500250840
85717133848653031 202344672641980805
96723180015538825 154927071462022703
98109485907234909 118312122873572061
151121113239080313 286213394835432645
18994632947779755 212678576339401385
71579057573802113 194163046732257498
2703944408682802 296751646743851597
11782647907923921 16851277982799214
96547040088885489 178950387539832033
101658740052325411 216345609271568721
42111232448294421 199739082051444721
112958321093061277 162178196500210369
107592685296635761 168340213019355089
138655671912984051 247249535214271406
27004031199607006 135665742271839028
28032647421900338 47681863923272443
19104903522255841 230368402648184197
10457214004639009 66901339781589501
26078773495679905 29548917070273153
90045100091083146 211586440096582533
18682307073819966 67285563735671676
25513076042589001 113084378270564126
80470586970414306 136069096357696503
19959993835296001 202883536493078689
35988123921802771 228981218399080089
52745977612291846 55619312656402657
41588440158513856 189302548019553361
73129407636754398 277790800672657852
31409340792521113 60497207664240661
56009300755646833 164494118286041857
91395696038879593 118470208147069777
100178678131866649 173087838764982259
60202371969847411 157537486169245831
101589519848564431 201546116931720109
50537841335488521 96530999189950954
52883935388931181 53493250984841932
141775461039908431 273781031932778945
74678275271341233 85102113560696241
1589970982789697 118575626581034101
209400325398242083 216591864770375649
73396761685303682 177487663716374656
11861704822868815 294030328871815504
240306734866209649 278421046342015519
116945485012053359 127485349091150170
8317353830447026 252093441414547846
122409749346730956 149985465958705755
74947956195336385 282138525011602331
17753028294549169 160754613856303834
2938243182918241 6050614689853552
79743115246481329 120723281161255353
118500547748198487 253102806765947173
9205670900413474 138613860291880215
147853612164320905 252453631276829653
217584413754920783 278257565949975628
55267653943990453 137756964001628174
214634369643087233 218829237734245521
115933997162153886 294750097529981521
188100907036491807 213001218919203946
38984629596792193 86779261881447465
28694229414725704 49549577903413213
80369949137052995 167899245407423277
201700609957196375 228173707332515321
182099234236069697 284476676277868020
50901082988514771 295350372221439418
124080006750188193 245295035038219751
129618503804150053 183816732627762613
148065481472378886 288376373262615561
118289116408926461 144114771878546011
132156440815620325 295117485394173886
63681439193547369 64149870374474419
22053890924112879 104816416399222547
49983792629626873 201372348186303745
111615461909473221 190517005729598425
47488405550129221 249347867490096217
54886273769081857 138158443134949603
19853279584566251 73033385672374747
45103276323562951 224348828491794346
48587277311883265 96077379118485421
25906636507740616 271547574654465274
23143959177667020 225089540162039434
6705434544848469 254237862215901507
15467562962325229 186836241889510574
69967097833070038 103281883337865515
184088413417779329 298251030727465521
94438966194243069 282297702780195106
18311189073348937 81336287756691076
184381773484485123 240077987470931293
190748634594532972 216151974433828626
96801420794500165 100715835503581121
47031605971105771 87606698165756495
109600131751322851 180136718207111274
130227434011463761 225217888656052026
105446905911262787 210797852378604877
202058081901068379 246509516981041297
226789395977675733 297798694584369825
42724557428781537 159306095207947070
122371766349807731 175390244688306555
56895971531188273 275349137139806281
116941950212721071 139715911310832088
115875536221512539 166606011737381968
24531568270080991 225268042904621825
22105528603174231 119053988158267261
120636767196881360 270671777258772769
50951507024704401 276305541719329141
262695275370430201 286193465598010695
41917075856601481 86307484135791601
68033460417503566 200599581947943247
20441724224100781 201097026577762629
61179785112128329 212365312800553619
16468968240366231 229155047660557161
41085166458360909 215405429037507763
207642371598286309 233026360989121441
15305368293403958 261631350039056695
108924613324612873 259556370573944251
3259679884540101 251075388220561945
77396787560291058 252837670492230281
52521164558547203 105802096954423669
99257501094424321 217275536236974325
173709120516955173 200765986492054501
70489268689560249 242703592415125741
173099344669559624 250085010896025172
61329587209566509 291259594329713431
103640797567970417 231175901805181966
185264183139731105 204888774371402983
77778485985821935 249100434755098139
24214915040596789 222493489338913519
177314525568344203 285832324355201257
136787012956735057 284964638070383575
122894512315262481 139189216910299186
165815399544670753 177019101727077695
143268499711193329 289914180703861540
1672520060059319 184433906126587978
196554136156556361 249739187116462145
81565752206532037 151954787503350481
127037725120756427 246602845511456329
26308978147474321 101838346239536809
38899309405671249 136554853696876939
196606320576078029 242949639448708977
276714664225510721 279934671587704617
120376439802612685 276378789100245586
47429321045104753 107936939901413475
63571978891660597 247896821428559873
185394349491371391 238815473370449260
286781735654243611 289623004283016771
41141390321479219 47513730353011073
14437719191361525 205194189464669835
77911728290815911 155828736935011626
177595707918064081 202225978278691749
163797348526312201 294790494754203073
114366973815289529 138679408949744485
71203105456210981 238335268255342915
97411239880527061 187717050418017871
175864987030413121 251733446255619688
7097149787631506 224753667694035209
72669081828703892 240240799062393751
70343205704321951 167885580259648276
231846542552793697 275106529452929044
17286761400203521 27632748707238551
79067050095095090 236273412689854177
179684348846886101 288585712517563846
10145738733403321 37228187534912755
69155077445994019 268191982816989259
177279487597840475 276999512646153921
9047479469925259 257067065064461499
14127126673988968 166699981997289681
212845655975636851 218979321484835110
187794397813956103 287880513837923531
79450564662942417 162294268892557390
231531534653147975 299870369467738011
71295804696779109 180231742021015108
196528332622040413 284651096124006618
119531221549813186 198049596830407945
48822261391427073 83654642373154321
60073468981609371 115746105322663036
18895609701281028 216622748758401671
112235322122180451 152434256956848781
27054664993080354 54168161893959361
56062284206546077 223074911275402009
111594049564096001 261409380088813982
48614454182577969 256088287176387885
161898370250788650 260752415505545366
97657352579571806 216172787826335761
89095400204906921 148249808759744350
20594169911021921 62672840989944901
140535388405512235 155551880774382921
97482988770512626 167679928539389677
16437280021824235 297283155129243151
8271602191499129 38831410613130003
125465139484985714 265569445168558505
87669035760890229 172042716287915829
235082065879039105 285824720863566613
163585282206201245 197889835078588141
255714904569192556 282480147064085880
162801439084405540 294878207909165949
60883903984850469 230247346828924385
186579727345783591 211835731492750966
132914088999315761 197439292302767679
75700626180635143 219601685299327613
297907252322799841 298928359379884497
167920805681669601 218681337702233496
203559134136801696 207693585674400385
41772191526313821 164406691658932961
40479359946052834 202468765586331892
11637535790275781 205042708155567283
138404329960295887 200175571458321077
87768312984614619 295597978887171201
197744693673640405 282489494305731057
64597335770912970 88788834774658891
164507574198869125 261014912101989481
65667378125268181 83630535196480161
34326396872924836 250750847583544291
105284514919127501 232315484031830003
33119944248230671 262250135561658542
84106390503912661 234341785853780767
122753393796702877 247238373774788891
117994583728115111 193412589065517661
141488367222625650 258116400938658151
17288171066085681 250304292188848705
106801076811639979 276992323914586723
179456722485298111 263344188301335001
82029739357124604 221437642442155426
154427393945217979 282644281501243191
188855736515218291 266224670344772901
148284612344995276 203963514527877814
25133232840213741 274072369416448185
6698693741774017 271805523554760991
113543879715640085 157107087891383401
52832434624219209 166560082080866992
231248692226942137 237509970725000681
217160484923770888 252200627846099569
86832294286650887 124822839788301361
108047646991856369 120104371695643596
150584554477959271 276844377335525185
1504447389596281 263160613499873993
45432505942474219 99505042773518357
4820320441817596 56058987533731819
119320955223130360 140400782886215809
12432378527417473 184715324120505793
56191487224130989 160746505537973665
5370744454990501 97748787411973399
122367290232711689 276713668842033027
8773818377984240 18019633062492829
110705422764539689 123633315532378406
45471992129436851 84335565068163923
190664116214049493 228954362177397711
99539167739082823 209192868804467571
118010728092343400 201201529262889402
263447318133944861 293542506983611601
93692367155224556 143814196105141123
9310511445942805 85951493382604695
87330412200626871 206276371884823876
65072682359267839 98199566331367649
158098110095025149 273968647163178677
97680135981554671 205640632564520221
64097911279511891 293777334382014611
10038508133046073 68093642174748541
128964167136116955 162293922473009463
118125478431881167 275144631451864529
32517603446570917 105839285876775135
101342751503162179 260973748514617921
11397133234388030 134432242939919969
113397835096840537 272489513097470839
10984303755637369 24732968093249425
90465079023704909 227534445867562281
47939989158622837 120743290006026403
20590352356935961 80711520676451425
55134726849057735 152371626565378741
63324082634130318 262797653857495529
89188487291026600 240334399932735842
53326020698363164 60438851839507392
19960270675876897 211408442069527483
119484900485837761 164204086880489404
144816176264950111 252174427356888829
126509218065433585 298527187904216026
149167331825151466 154377057831557041
124295510881286369 253552689453951974
114055450588466291 272534214352022435
104513556423330877 137257558489112393
1507168053093403 24156722464841029
643841601070467 218669990411887628
84891097502601433 96562131426696298
16486575317495233 54479428858670192
75646693984290225 153732747631109646
80306546631066784 135567356378174593
15563605027782401 250341837470482573
102395353129226914 201504259482621111
13799932771242861 210661047506276029
285306596328024964 297083143394147320
45509747691632931 74632248929759961
45690143887517789 246404914165810921
15878021214836467 199033711630130753
47674156328334977 132562971789766721
20862449810456369 269509177128309307
35655022794786813 55666535509385058
29565237916956181 283076843087062441
62306932698696562 266494358469915580
16357510535340872 36096309199120381
75966931968968113 166988246452791947
101590785515821057 214619401916997541
140299618718508481 144372266037417073
33670337950474051 40198020767795329
169473983020619587 174043506267504022
14494790386304825 79513427285057521
63568680098205011 296085302527753386
189045190772349976 246345772676151145
149358346358961773 188644653731894991
64095076208750245 258954425903599333
185108735593617481 248951191999742071
253507812800631220 274745022930700710
79023866116957901 117547150035801633
9301402725228349 179113388744325707
12213794423162376 155991496386479277
131758766266257797 143044952092841841
88118055759046201 142271429531598763
87661411529217460 149637292434156319
162630419134249051 299541490757538921
179620571154392601 261262592042420911
162178749697270141 198516273198289009
73046111994896341 91469254340338177
113355863397233737 148521257471412217
34926195430306501 125547535655892033
118250761461054013 132984680975918653
113215597761237886 208678018577050735
94786436300122150 201961660590754541
203748000947530654 289775638210112689
88987386449002351 189820047366125537
95182751706894087 235750343859420573
126417396066630395 144444075306133076
63956427490813228 144379435806347570
4435828789031407 25432702946316400
128919553377989651 286871014666148849
23849509184715921 277959934429947750
148402375340181550 163860766895212225
19194964101234511 261685249154668236
81737533673906625 236480474611748479
159938409758218009 225870134134768580
186062832302676097 296210761751001199
43419119278886891 76795925443601965
192198325504002469 208210778811272193
134039570584270889 299314511505480193
108012483059321397 120231704300320289
159736232081370343 273976780740847899
110140445499754129 250286828523850387
52297915525920097 81292093651992109
156858899583825165 240185306482534761
