2000 46
52906213492474327 148685672578937444
97191802492730739 169153289618930099
31256485330277348 81475138618684281
180888728977523605 283745101604513441
109070730440149161 230110016283834041
93243731805677137 229314213035647729
4629441595506076 92790413041698879
61835882109969941 182071004371471009
11074571188969737 74267925188049368
235579953429521299 288923504368582981
78368390611433519 202330168231770880
12862618549144169 46557467964888229
72132230146253400 115688205937595466
70059010547382901 269784997306638976
116006332094324543 188227944676882081
30524226712062277 138272299787596033
107479882475681521 243858450487729791
244488032610942832 292071893490361449
10224564376826261 187472457716187125
89142947738738276 275237843900328925
59551164016691645 85030156016457264
19257617977769785 149171113766789397
101713218750573853 274963696768329329
80025816127576831 132557948151126068
60860180406424682 235781012802966385
674451907594831 246089245323181015
129003032530460927 246847187291274207
138835863557975429 143918297391200681
46528691664842737 229765549195073171
116127974502429281 149155684632630221
138343317541238273 178861843464385467
258066679402954033 264017441529173121
18063829874607387 66269198333566906
30327497168200487 237517739894085749
46136504737909230 90426520258244181
152159544160340246 216991448532327646
64646523224163525 149064959722914232
277175037695446435 283949647789762696
152574690809555785 186553177332618519
63088211774587451 140440797858376709
97140636315019969 209757930189800389
194212604863712563 260935128674835665
38910218005993732 185845331996516521
159942437810387456 165687663947107251
21674768634154561 256724236362696226
24919267019261473 80917260858699272
148952598188848801 163017393385598731
100880503433217205 204032525920335257
69690044064999991 259380072868012569
21465210124940664 231970656788167627
38414760125824433 157238300492646431
69233149071181976 177181201296449611
8005850027202565 73544325126898894
34252957436118553 44487055141037601
88704768096512311 119630261618917663
41646083889448675 237420472808373889
56148757064751595 87730849301972897
74827911651285225 98528749128858885
171904591116327181 186799557924959045
137398187342044795 211193562831913612
90989898306704245 283910988769016179
35901322806489601 155019058621926683
260802453791835125 276301781320033197
38615095658795959 125815833687901393
66351805846803501 268533365033722780
83688955191445675 184105981284073920
179783884679678233 246790565002354082
16996785014406895 189987334401292569
54536105810915026 102981268698988744
138948141787225249 176078106329524780
59466233687287627 118270243193458821
37124221419457043 69731398678860062
13134678897093481 112828991004361291
56732673205084009 114243588581217657
116779962049864501 288704265382441276
130834076460488532 162425515756199801
46496380477398256 99400249620523958
121222842831302147 228189075060850921
184650299523932218 253738803957405097
77781974404441093 147215585257762727
45037435469453281 60725014367119105
63017558209509567 248814000536759481
168191359293287176 171033243339218029
180721948409266597 285162079065763642
144205602729315181 271957488625528009
20735821461466273 230521707966098506
99600852882501011 209638534896129473
63750130216572880 94016783555665200
33779673403685966 69968549024013910
107233649889966997 246431665179905653
83441479861865425 292673514735668161
107135032302318229 189883269510014485
63410487194958691 218993775407721689
102893130999301153 173338414824484705
142025328816995443 214332320660645233
28650136249038330 191939407781915646
16539049344988101 292215312050989937
38794205360661340 269359305532229389
20782714543657903 87300529444706267
45559913710003189 204031242195562749
166746222017208611 180298752749719423
129845762355219377 264320729688919258
14949361680095940 22090467774797917
182863188216557428 284503090691620373
28159171178103301 103858081090292091
175205876027090831 192186070254280762
178140807089916277 268218418525361240
169362733495556361 233996345280873617
49961255980994961 133035851689868162
33315707802960847 69366965237292031
29052934163961361 43595883629159123
110756403568339729 290589516322657441
192391704840005065 193391647579192482
24038094179529401 63141463347304445
14954182468683766 43914524522010507
1436839989745504 42879792432527399
72658748871687961 82706813669210281
155910412019105 288045130707152039
57159653708036374 84005754845147566
145747352220619704 245679463305280159
188995219271253322 224480657866030840
97220002140454089 240994277950213429
63334428384051961 286787422602132288
38942079769183117 132901585985284207
79514785717742152 199927776925416556
122082663393802033 142919202696920586
88542814715268728 121823219138831977
44921316904697401 133985182618890001
10299931215957550 165839824348028701
33628999525525393 34051771883767062
9375905425621906 169089100616195192
30686874731533501 105705751188529061
82218471485941531 232181763465969381
139106666447356054 187605039031256191
42500706815162043 261289110916952059
90227712577767826 212923484800352011
48501637950632701 206063993299153654
9659408083406017 190009232803491337
22382345598782713 217823958169704169
1193303512335829 257045585982456037
69837167050235971 194550706477971471
57371914773140809 251422431127352001
211016798215898847 251358162001177601
239251910070660755 260022544090230271
201089378732523606 258092881083404335
58726288584172805 238207280403525017
50705898776315376 70149660837281851
98731406593300881 188695918441593241
60372295940614057 210802710241429981
16456789207279438 85677696660963841
135077893160219728 137703977866779215
85671289739285581 295150649098507399
150550716625480603 154583955594311251
24236153217427601 257318848349866755
21362974112923471 218717881020418122
10989267729531821 79723098780226177
109006591875821741 185044254867780013
112629259612649391 213054810326654397
170797316523127396 296840850888872422
39885491407765801 241914766731603751
28513018641577441 293448855961845937
230795883495975833 251740347723959975
261340488237626077 279342676236736033
112864808218291993 284310225096662581
173366420826242179 216014862625912220
82046219307954439 152576166172007445
5157714615114017 277214904807610253
46671874645074645 272573369482379661
27319272604978997 68281507806176901
44200695761460001 106178794590030643
50033105947521161 275280484755855140
159801904110874201 190901932838107688
82921075180966089 226769806100393305
95012821127386593 276944546840598097
143230059959770969 291277206023422434
106601766780001897 231750308468003323
22237112221932941 45105693198339175
116622653337417423 172998599838741873
71467681317280114 225498586032798361
165716897936764459 280351993647329821
129115835098239001 272829582291603813
58069002111660013 84062783644487937
134182184692391209 195854852849471146
21789828116737017 234803614919973437
22372965877826289 171711811630607467
30859381682962501 34120368939342140
67401668161027958 109844283165362588
5268439440379873 23247070498191585
26317810140900881 206647873002997773
93600256959748153 256824791777309976
19581262745971132 23147123467872406
109724957357032889 138315064763396590
91501623282031306 173628402822706621
119726753600474335 258488716275048651
95468140862175794 132810858855513092
58134933449070241 222238625821881292
96569697965381722 198278962442514322
29745571990416731 174988384764402353
69675784883665966 258727416085596457
207553811026524163 290526447547633743
3606613079552157 207089521977486885
27698610798081751 259480810793303461
177409573284365877 275036311703066897
93654280204874407 121551704633321155
33419284159844552 143289572172212471
79299715945993801 140936622112076892
43847271832146593 151321870076111014
70653096959405376 110917660246576921
92408443439675547 98513686140634753
345335896522501 104435104591929979
82346052107163727 117048757404433990
214937093553084673 278385625077966337
16479603687318956 99077578181679527
225364869048106765 292397260784888182
15665924167058406 207739577533697065
45707691225753366 122464318843718683
31633446525476887 69896931173586886
42899047495857043 100628256721758509
55289074395196810 234401516044380701
36640477923493911 44565308211710269
6368714964629601 111551386372655426
27306268066668967 151293427825445306
44679062224379467 75206004045675067
8948703314782153 97820993293705517
208898844450366721 289586152693172501
223374516535209200 265582360131305627
41259424795304381 135871540354310545
134306247455642633 181576579385496299
2377663282059451 13831328689571159
39893909951921001 208259912623801261
206965299583309270 230315170560276336
82449727859924369 140282125544798061
276217420207114 43525508329585825
92236438797930557 104728656165382369
167848045996826137 245550041872204441
119407731147620980 268239956511803321
59721363856888521 291799152418484185
224550073443581149 258129383351887501
39564510843280873 292726385308498543
35926697203453270 65375547657426525
87877154980687345 292044991915363131
103876084853697866 118347422002040468
30249933313775851 151036018703920813
28374856328543125 178973688170450095
96057419430358627 134641065167472400
192829028770730381 260647270974382913
199661204485204993 220749963037760417
149944858000201617 174329971674536173
69080360879674037 266123600056907203
13226365972530607 297553915544169256
170500156201064332 192459220862791126
221038359376938681 239751577022535154
28925311224436980 82450560641799376
115339505911281027 123816425165017995
35387156198617601 269160967602535501
55364033027278523 124117596163460851
142920292902062401 219437287629723820
44069051254551041 60516827414330011
8147985449160109 109287516061815797
97937465052211156 138378313523591721
9614483762133661 12333412220195291
54217585082859001 93528622061779201
87085990386559634 192140628970488941
27666113379656929 45226667734536126
38788149610155251 202920528988691469
24663076307504609 25414803877209518
208949922710757893 297400927459596637
206032763124446671 252467982173570500
18327761903303872 42697017811122491
14806871286495061 65445170422907401
21240321609647655 60117262773422869
274646200122457382 283047869121219517
98386332950785891 294748236731169409
50157559262513486 131142589733240421
44190786985677811 116993632321878359
66158351126697223 237932977462439461
105060063276006846 228189633804293019
27356543033435875 194866780619078311
185154035953574409 223359911833092745
125944262399469543 245502491683673225
169603846941489389 178828422562317972
48382083271132651 123506743196527201
61434532226899181 112723131201802531
175437714299180041 200854474953293601
217927513810425967 218380504751928601
267928173181291 278101261127165431
110389441730825281 215341240027760833
220549070475492061 289239731919033273
119689366027311002 212491441219336658
162891792840015021 167340443874364861
154738220463945655 228896264338482476
143216984769267547 222050968803184375
33902657417348687 297874057798977820
70237790807992501 278653445425454958
64540052472868531 159553728978407049
5126577598166194 273156097588029841
174076938665764906 286874336333246953
29164223933916141 160169581507508191
137610545364384396 150603488038912115
42879649545105663 103399543213870921
25921288918019648 80220633578452151
58133175526903961 113632000381612651
38528915819300065 213774116069412435
3671513120669643 120696859669519573
39153776001711665 102584466778530783
150209081218253076 263036690154914877
118305928992371935 207674557834355437
73715843159425561 203423571068956691
10853316633295917 279001874018854145
201381109989962525 225665721545276169
78615113605423489 176137264634084302
80105219019659007 88764304713191281
166166273064224041 215023436693734291
89087205283750985 269461015763241416
168951099414914884 235978416591087118
215596529235103705 221739814110650723
132164018091749425 185180733679322901
14442456788203360 136138974373944531
126035067119784166 207394211696419540
155356303370180401 223330185485212561
101804667655260936 135036917740401271
20168518540394552 59954396279795637
11883600404018365 141603027616499401
124872209908895569 292558764635399525
21341420260994629 151704172100408671
93784032399527902 157184494672643017
89166869012083555 120813513605993051
98449733199507283 150699273514274308
12289089664240459 89013324356686551
77907938225139961 135331958431793551
20954886718330993 221247028506045835
53870759418824347 181424964703381099
35811317004886726 241998275371996741
161107358928913105 281149831612117453
244212278889787811 287522819651155501
15076315003547337 15175189161869955
32843848441558398 290158234217229361
3661201786812201 12616781468751571
83515588256301327 225828330235144637
64911746939114056 147350786642232669
75312477006850410 227992783188971712
32394625510738861 132124361583070928
196136025248961415 235484444835325714
142957446113534762 224365685857969051
43931545529135505 107828400377989157
59286461564775254 78859560303058033
121836274425103133 256200408688462924
216414305858046817 248550004909336884
41386134623060385 170536635714969622
91963463582472721 162702749879290001
76878970583960526 208008646071622013
23273298363487897 147682663607508757
14181650730795913 142757579857083817
1724580682835677 296684925914675009
131243100978354679 144234553578558127
143069277928367101 156909283447417586
137487170708736621 283199416133782479
86043223880870793 197811208749219113
50962569464471720 56343525321416867
32166551741508329 91478850120168695
108948339537717241 142340618501746876
70659485240063019 238066433310137387
20251977892851266 24876121908551701
211213376813684841 247326467173517306
188136051862858585 188420378796023878
34782823699725301 151661573571292948
11451054665194961 170745786404165341
92512059186966 7800662269882243
116185595827473923 198684569579369076
12669755171849345 28658938683377131
47870361786895477 202449312065989345
63401685337101472 146637653944002817
113316372679348609 221567694439617465
11181577346803622 228298919214747856
214101167343616921 250668364971651181
192577531912233931 209074141925009825
157692073026834139 298921931357922001
22161418812417121 150083239294494183
73885200905235457 215638739534371201
97941615980099422 276608593212897304
145055618310879202 160095184293510731
187162050827471845 194180635523039437
86088486221455045 180590653196779629
19481859146832274 61395041607728584
30521922109137001 72913211057612849
82303833514352327 123006959897141893
35562460895428911 167579072733158940
23586339011136403 98844481703754025
161377274944829493 218673735062657417
157188119716522311 233380040179727179
4648039827565696 86173544940874501
12414539336795675 229382128643477896
38968059459348579 87952584584159901
26824141965224206 228519837132815895
55911264443718086 254905017837932786
36236615882618001 171781699125270921
28664366804499449 202351752594767007
202472035379188706 227651326795071623
89254482646523419 127701594710296361
48097157335659337 162549443747182532
78384301869191801 229279950933042766
51495969487303855 278337978996746516
105534565874400777 259766250367901601
89329740459213346 276833234143509385
44174818455581419 48072561938514397
72666082028936251 278588489912342497
5089018375053667 122454396673076001
93549036601064788 220555066255121983
274845116422825729 277944464618709066
82742978455649469 88235305255818367
119635111428238470 268110153440882293
33309339186338443 39238193285666593
24676367879116479 32911420542440714
56628115052509631 229300801513236582
263529442477346433 271818666469412074
67161378996206081 120225591443879001
107829020451757931 142869861452600837
132709292413379054 166138726622105108
112975983084624915 134152616083133710
249418351104537115 287354458035859243
212391330244920925 281256232348205968
138640747479492736 253309624800587905
116437287994112479 167382678104872735
46734988209621570 199384033364731327
4218035027329474 32351982314960097
121887025511101616 171508107387668749
118520773700700721 261599909381816361
158311449959433169 199149344104092511
130040216861353079 172015238084202963
130243355726320867 176971400578986156
39842100189026353 228504330403509497
42021075770939425 104439803892672649
129799605316068129 176634600862346001
5090141407453432 249094219759102304
32727431215913455 210991174374637111
74793193710349649 245046853587765655
224434488560197959 269603212425646729
61375827365193589 178197222076523117
118180636713566657 207668225164547361
12973194505071752 66944787926795416
41647915116296215 238904617079431025
158137306493482235 161787686127280025
163552514866789290 177466131583787931
36453540133750041 129846577645554791
30333292885064709 187555874715088117
241871595905335107 279752986840711831
45248243479364983 276738141766448755
144467866153896385 145460045516614051
97888525261727152 255715347349531167
207742008636693412 214589169252797014
80552813310295621 170810220356349324
62702163740264581 244861118100383349
85064754572039237 141127649763243529
42393916092985089 133502268503760211
176392029582748113 293776065039622441
112834138939335661 261196717095516121
60564479966419021 97409628679536649
87691763575040249 265947120561154732
186189251118998401 275343322564706561
35199668970649291 295852847813113906
25594806006168321 30912975194931420
111503583712621100 160997859602318721
71759126475511855 147962152605876937
42796669550220911 160155250699619905
68426758680398776 260579155615395241
1045318268757724 17760402592385611
139593078389080969 229493796321423957
25076365801931729 251807841126074985
15915924035934493 116137244341286833
591870216107197 198256618884794062
3711506491892624 220272764821256116
23599256075161471 143529606335296093
94646095086322425 197906472706419922
69199999911162385 241343604405045015
175332136355288319 268477048747791793
76255021045600973 174572614652711393
184728522774124721 262712049776354245
170747176207181330 203268676343980966
2683716301983601 249804452493383513
82026941431775707 205991602059994076
44804860027039689 140593876726073167
32269687529091826 94918485663447051
37588397661391096 175541983109495074
39942669293199696 245931977336090086
69474804426441151 102970703514293467
86884441947636489 151688328938444488
180499606679071186 297352903411499529
118074471100689369 237005540668625365
135755719108653357 264868973186481645
10471714264836243 285172253100526783
89321380201111867 128481607794592885
11958086804118038 89223010704685970
27316310492825454 33816623680319701
37621487049535768 109574059085689586
13848748165641751 31315414054365529
80597017527625875 299188910995355601
65224637929294701 253563046654222645
146226783575836897 261199250387988445
55004972719342426 267709946670324695
59420836447001233 63593462223032383
45259145453936641 107561240162581036
44364696229122400 170155997108184403
168519787409730728 260727005291207501
131132045658217809 171627651039905461
64447110949535261 68261703827290105
131827994416907501 287030247159374137
7554266325392728 190472455014911695
74088262002627565 141381928872138117
212250398829665314 227082963659234533
47854658051809532 183847390519633674
48264834201662202 130082511040650757
22095579463983545 46484992738016626
148018892484498571 157612030657108621
137234208087271265 250975572038459011
63435970573441510 197695777022986171
108121287433803521 133085800276822051
120108544870652486 147207349733011457
171431621794034133 272217530500400485
63841408769998411 152767210216806830
30005595147252880 256194229588784001
123397951812798501 265662811245558248
16073570840629709 289489997641997701
153833455133610711 244000860662267755
102570753654416521 116915380750081668
154153389623140681 272964441807612065
55597933963656389 294352012039005925
81519232570604997 282692519235690111
165046253867282557 224863293534381346
241347701900011035 257284796182031029
30483776575692505 270430561043984493
104534159890917868 294739673077553761
102803871235213705 170700715126187137
753726209638169 227320874354462116
657935052489772 216765134745173410
39822267568790013 89680127985681630
65144488960024138 158230197209520332
8669642502995676 250747050908926393
165232061047258401 226967291002171051
3020223751135185 103072391380554121
180311193241193083 280692473247346912
2278152207537041 237607017314921642
34778898360833203 211233280721200243
8550485760752452 192859858996000441
167148140458353730 283393859146173745
250944094461437101 296481942258688211
81118932841022756 197780038513857772
109436590020695911 113432073072704464
43273230935759689 171626895775602447
52405840265289834 269114465918830849
39622943006922049 59533256253219481
22172435425619570 285504082336195531
64575305326996241 137958259384645321
207627508948384766 213233784514791883
4853544576799887 138729557510956801
118723315064347441 195331560441781761
146238118460660071 158231143530559477
209965629016749981 230900744351015701
194014182681883221 209262240102161053
52898574798080180 255389760432351928
29179205536444417 145900211700043167
40902600500512240 78875086908623362
2718318736798102 180045417871697696
33423577567057630 84668661254235925
33666169974361101 237981681614580609
140869184709322227 293491275582042701
28599841200206953 48046098347229335
162713032516100258 176996760869209623
27638068540512271 143142454158716215
156079279658855201 173698810115046579
216146212077031105 283660387929634669
11119211359831633 232106311708719425
196250687219588047 199043570098781017
203980502749860487 266136345770637771
91749185439268529 174241021031826084
200060125270042636 205665696430930081
120698270213718247 201776322924686369
33431569471566233 236496542601364379
203477379172975635 281525256213786901
62770599770570748 183714219840395817
33532657711598121 264090309212972511
110147196871520473 136298357934256065
73564538380134287 90407135915396869
108939112162249921 203619790865240321
19521453258326889 72376765209445105
103636253883558002 270116320786540311
2614457696174733 74485498376676178
201590371170828017 219174006656508961
186977480948640105 211420584928737801
27428720976013697 268760764062315079
32413265795351533 139928091756459626
126823192978236249 130489257597230761
237790811482611841 259979831143971271
42631085099739781 60211167856546751
15760929897541661 100624177837924099
192513017796970375 281026721283565466
45866529846375625 189568975948686133
24151698477144179 81061332232250451
7422847990788922 158787341932393096
71621048927068816 297386922503797633
188811613568838712 254135238338097416
71843765552729561 283063766393077809
126023692327281341 241229573317384213
4758686484184342 203707942920571489
113168018663562503 275355512718052696
191031422932308553 219523673105182858
57989406152749153 244586850134998094
26745716921231569 49666616636749087
14055684514778012 171729435934051381
180543767453024466 226027466031916988
188536846469028829 276205177123185301
250933518031467313 255381268922764628
71453147247028363 257704556029059297
48252702752585412 163541962503197365
102865154042981071 177754193171955009
47408482234830936 125267046069756104
182103210798445427 214054963111286669
156960190144754446 248547548921237485
118932632375161057 252188147150241059
42782104864939777 124246085769842569
205210204365010281 254344551327684679
124770735673574612 146342447915511751
61366701024042573 195734213072771589
65749834741513616 181637468450477467
16078062158095177 51624136164123901
191353594039843051 254917651451169476
39771843018156733 153369471778960139
67353887375561729 87907137110458655
43793307112823623 181766745445093612
67352705119220269 121063390376593861
150230266233089999 150684191259350276
12068678683670663 205530813334646245
186701506405920601 281261809466776351
57360420898330951 183614683305256657
41108634694514782 93666699292719985
19800616298420097 287935777415318479
91897749559591421 194940635718702225
106205512111523402 196928053707415183
87803325244696901 136952592932729171
154782441366090155 180457661629563821
131320424942429746 150364057607731707
62088840575074506 130615664347741321
10767958897391749 290981561168638452
42570605858758471 190147553879590343
30849735013507013 66124384653306483
161327467558243681 272023865061123008
24629708181451787 225863023344927745
215900355383435311 279942719836663341
29271654574922105 272229937488685558
9995979274667804 138118062586986980
170163686092796201 216063525256456257
31596572115945969 121850924766954971
43161469534815055 109372137803020241
57550735203303501 246639950607936997
6318205174466812 96333932760401489
160961446835892559 163924473493426166
21736621422473653 122964163033625345
79436672507839983 284210305475102611
83408916410303875 129184492003629993
17021205042266107 255360547111505935
155226275120726491 187144144435285843
18928052922998062 153206616632737441
41457484210426876 220803652026718297
124009241511117761 151757146093268101
64413740856396286 69624229241436159
89250506816367959 219141303394189624
2964039447945397 66389085463770493
87278043174454053 103121920628651809
222372448590085281 266223486202097041
3740507654715458 238594841680282687
82281435407495875 86867476786069165
284973521446080617 296004798290464945
214500574275540697 298577764944311458
153163086380532651 289417082682678651
79315291472646309 142972214505560170
93085312515573601 144395005771717865
83710504904439049 95347402204085841
183156162421181107 198906576900564952
31470736579676066 84587620281007177
84598523064964511 205797462699053417
83476468503855217 102987236673996056
27927813498623161 32868828404603951
98783476440010816 287413395673454817
50680096366281412 78451749009757033
7063143087014441 174048673666534557
2784251727479391 289206951749735604
11822228108749697 136938199174280159
21573179446243077 170949888412282873
195287070443703376 233899618124864205
132879725110681441 224563395710946127
56884844354688781 210221890427965178
70351994134787516 164057820359612921
84555422139069223 264419335436263605
100987502917429606 266489669390394061
76853817051385729 227139585703286425
8159747345832359 45333593001345601
221970881501279549 295272716153516043
47803551142600069 82140596072721685
28504193374504939 62130722836947791
38227875352280545 48427130563700140
16164175366133761 190997867021980251
56444854397252276 224847935483194804
95314906901527773 112775016114598696
54176718079834613 276331602227910064
10686001529961238 47202363108748701
14011118151596245 167434418403289193
75012682213142975 223435605848690611
42309926241593031 162851503486171780
79386254405793710 138136222148413741
171723312598034371 239217985573850833
190669979445080857 194342589293225911
65380347877165003 117745405231538407
22231383639082635 69096492413859664
18081752881074321 259630600438182541
54295573378381929 128571145435592986
90819955349792245 285622950423405875
228665767417558201 249774319993826095
164620236259578637 245746951127375098
60222220178674400 67159595181764790
39529036649296761 110999901228636982
3283274883498535 239576393446808527
9437658771631609 40935421324034161
130497455516899953 170881010145530857
80991517532171266 242815841203195791
87455994307457711 121550878675914551
41459749620225985 115949893303126266
22002492881694169 292552324580574069
41686512837851151 196886495435735557
6098061417904589 81758723103508630
560370274396991 290262391374041680
26899357361814870 239916299130839809
18612775142360775 282373164415318582
168402144465909178 250203865665581081
166879026689916339 196611196427623201
108119747174535369 184748598656874691
54046436662362921 266252500864649409
101715137020583241 153718094715968857
8197927964433426 30349398081603851
40060535546819049 118323863113420753
271229189429328781 299860011453311876
1125944127478301 223570170221405251
143955548777896547 254078161726862737
54463016534638531 105369080228105361
33612918078631566 212793349074700454
67272072372462749 132551714380350751
22748430121768949 117204166819528479
178710084487728897 273555330420227626
75629157228417298 234199699601111761
23276934685612159 298805639790234428
25271693620312491 211519089776302605
19032048013099261 166749277013738550
155774929135366681 241808149961829841
4302113090910469 163494926899269601
198569176959889231 268406385060854548
166172438328862769 188803517223387017
3338606390719501 6560522164040689
69479912813662221 219642278892115979
23254130820050629 30840139843407691
34014221345495509 257241004003325312
154000733962449133 270344503500014773
21633929030668051 66645473109093438
18850715077145812 41399902314222001
121566413572230326 248820460860259513
1013606650384321 180204415196937638
8990841740117584 65674616494943825
124608446136502196 160090307481064081
220451077529610391 258891243152406900
88686379797062873 141728287121914449
50010882506035741 119147115547213146
83246684288327041 142702919080667458
4516871904211742 197338224727229921
270789326993370081 282157367174110621
95050178362465448 184032429441108561
124353465832038057 236127698895860625
11368496557181001 197693900533545626
23010859010889961 196778219683369567
36115571114661441 160236156300548317
100888247246712202 220250101332699981
54556502641533193 170435781012074244
21730357213945937 211878100399332555
160287929794441257 187017321171116001
75661381963413547 122927164808174494
120336519337350853 146938195348460161
26167037004140827 37486341154557873
181800739246103371 216268494074982161
219273048473675230 252556752150613411
58734460390446610 254941972872151336
84136991726668130 235527097537373693
63562905188313459 211814648481166738
48173279896020061 171970831582453569
63872183136429188 106015279435103893
106801025457887818 149242749623917550
125300498310180547 240487009508032202
124074783470197039 240265949489874593
76730893244716849 157761832697496055
54932872731331273 152720427040642669
58400748222899732 103896169721856652
30052457135378866 174043027915478599
215337696736228181 273212284080029092
124841314375802433 161587843681191541
11101468641464665 174398661609385351
42409159296229153 103511709890158627
86783523907587086 276068497321654451
57617258820009315 257782865447044051
83123272960633753 135040916256049501
52928095973659497 57808335474824581
16121987783859874 179570495073645001
16704384904966308 230136985256288419
110532058892428201 181165839456845854
63210411175602689 241119485096727245
7731864239678657 275200474321296355
217632121472040009 294089600671126905
83778391757961093 276689290368704777
105798723338728921 221445317761513447
17033662198418672 53132272745583875
2247301571924633 229066782965664751
104045133679696690 284181759861538426
8681027341725008 31018927357524033
52510413607777409 271762089792613381
166269295446079706 232144522528574853
145639256319192501 181237372840340617
158515171387061197 193568009532748471
180205609529174914 212952059426941573
16029545543532004 201373988640737011
70187114319883408 108113431960308513
190632015444873582 236339074915478136
20217837332036473 138402268511149366
207219428559333833 254647548546043501
6204265721063465 162859753266044161
60233549385857791 112798869682489886
1951441285803625 72274980756785131
84122671457010355 108105791402501970
200810014741135177 250355597237729103
95937143689019085 98406712958960761
14106673321296227 119166229682393433
63927119939674213 283333835898406913
109159023549408903 167720099634552001
101886716098347958 278011403742752217
182383052533475101 193193392048342426
9020328090215793 178905670712114559
42306025907032726 190297717883292481
125705522535354971 271672358744927161
41447787332532001 218223087727609633
47280887553221441 247682447943285433
28245284552927457 46049713991581366
72953063523047122 137289938146643519
62248770036999489 244336453242150441
15672308171715106 196214273196787427
64140705183040531 106743479547802721
172987311510275905 289172099500054603
105447151476724705 262335044269595809
40202808524724881 169719802906617005
214242599633625694 251768730185234137
58073659003560091 243106087663454815
15753957938980753 151465728873548271
99630016069928226 167133632509412441
52533068099803201 258873470657127979
81867237996695521 260935169473591209
137998330465687631 284586259454874433
48042298387028729 57574282095264592
45818800633730801 282638327995627671
134951351719224609 263895600068997233
211438962902265273 230917799050213369
236563857690895473 255009778069597233
57451173945717912 123021737717982608
132408911460227740 167649002273041561
202396747747864277 254982595999838689
40879851159381418 46937762597072837
153401759194355029 190282951219626981
20345283517647376 121897140116351045
61755906328537501 248285255287618525
4430909603285275 13715159353087875
108144607650469939 166985844676787679
89927120797271350 233665344204996781
39682210882082095 140423638286508385
4192718640000186 213112774604134978
193070418116296210 284118552261831915
13313646852532289 44412420419459100
84661655168638441 245967669069895191
101485501601462497 224445554411236280
12052614875800891 264154112780620415
67730435894339681 174131354961153601
196017554804457406 247185366584316479
4346882889881859 257772213378582223
9786379889862581 204495835936429300
146244811720213852 250695589815958246
136940617419868899 254651474807340773
45606573159907806 57487115159672979
102072656502985948 246364293211660921
110478457831986827 298687667191295108
279902292552630456 295777872633379252
113503935510280752 173545822092573781
55696240621736886 288899143327255681
103683305268898663 104668728219004780
47583160011544482 257408687638548701
11773823255280976 131343655408015361
36033345748521241 47159623125192046
5106669170240735 109542664239834220
8347458302129001 119797313112549793
87549208097715536 276074874718282857
98274894890367421 208565481322722873
45066830271127587 271570248595728279
125493361325203457 297244899583243115
19898269928878155 77702324972774932
24169091076488806 221895891327133045
41775703000143773 297445416314076931
28747416684139189 161632574427457933
83970378438896569 217393386963149079
252562655534890442 265951594062598759
11709704005095501 147848992086211705
27252496014439771 132536775869652196
115530713098965739 239317197947784961
147749764023249159 265681419471863649
116384702927244721 230078045646645131
107640702021090498 226622750602871433
40135319356293058 154238224905163249
112686584701773680 133795145930822021
56725994028818437 221837524105766926
98834536571727065 241912515525966501
49774163033304226 259547364789016891
68539251536368817 177354508392929818
208848487356396592 296343014243571076
59573584058647235 176733572640158287
40893231544002982 244192467120136801
275423041376296569 278208227290747531
102770514644727261 106284602530362827
249934899507538125 261742664165766136
73926322119018541 164917241118520957
37124543318942665 67312761666268665
62952276690366991 256838403800710862
149815981039296313 192944230808400589
56202734220703721 208103168566003337
85692331080955969 176925102107059089
45957028847005832 159915077849373916
13681129517680621 36649506554037921
11595630490708876 213673814803352981
157859298872869090 290342303502419198
88990055908890115 294054052386577589
22452042388770049 203052948917808446
122011650104878601 122565179783830642
68235227651658917 232039789765030577
31080161174616601 223794829016918473
30952080227054791 118660785281539870
116561959262148541 277032810550918633
32876277536220397 106137295639379372
94790280890085651 168998484598761729
156899547301680163 277270730830481409
98204904736391859 260726236336890568
83283761876886661 297878372045344241
26783186600364961 119618957081601231
19772164966491273 211235655872096127
84217979085036034 166204134878795249
100546805720965936 180958439939003137
30721548885419991 155810468506654726
89243390972909141 264649411729482102
13365394923667294 38869368469134584
64343660826648273 226085747640136468
133178804867680301 213540155271844055
45077894616410437 71090102911846929
58077395806819485 271104465174250081
61237465851824956 115227785964102397
38511755848233211 79567189422589505
145173264080765335 196694620691991085
84655313692145985 157633516225814479
188374629920138446 199918473111959614
91491315594042172 177064408340397556
45933273932415856 285738399164491318
23265137722495213 191281807227148381
71641731598167041 244339303395155321
25568599311608321 25899637315545093
32109746251382211 81370999572145820
233312550595726204 259564348899360421
262198767612252869 298528293378921115
263594480701694192 269213314203570109
2315732463167641 15015432093900571
130799378600878689 160639932044111568
82746046654079776 132060598168733713
154558055493826498 218514896069679067
59341306144732011 137052156281577457
111254291239192449 131935920454695721
80169521290600253 114445202391526447
102320170986952573 102836305249819261
187097495195389599 264392632341216980
28171738915245637 34596490702830401
228074351639156815 234106515639470881
70465870875488236 185475603981518889
74605477033573009 157741859170309209
24024175528876665 236557060191217408
47723802929554333 221706333513556711
67239119476481883 107960775128253125
147368564854385357 185937565649814149
43860777109952023 132469969998670935
188426102891464906 299959592510017346
4323266912277141 113766193811854466
12694522215393255 188713282949425459
16216176114111417 181706925645182731
158560606233857125 200507037142261373
38953386385188513 212210029952195545
202415753663274161 282556420146438625
38274831427820165 237871097814311671
65804311914966984 281625068084683841
12680596861864376 178309674299492698
121771769545719277 158955038381062297
41115688617447601 208162602911094370
58686274467670759 126465670653114625
38575437015755801 156257844143867665
117001652739321419 214745190529100860
30864843342820389 117781941239428865
165844808608790559 277402273079861569
95593966872083599 120372797194299222
196614650208189867 271324846965925236
57702691949361331 247883764455132667
94356204492154901 241982565914855133
194774850776527289 278232779585244483
43217039829304321 189107664074109257
189068919367386346 237370607645523841
47441400113853163 133749248912184497
110444575055089953 188426360894154520
16603851523179907 277248370256760946
289374529727273971 293955518709472696
235201785148130269 264072459818162653
72798912755164057 224500055567803749
117442321440745119 165178129768324609
63124731105101179 290746293180541851
16103515521088075 84771891481621776
106765813474779460 159713494485380299
280823039465742061 281238636069843649
33701602731211031 231631872034940295
152356457022093755 268539518016978331
24430443032571125 215044905993254291
40736974466955424 212947510941239266
109231099101452104 111338202835150093
55467742115146003 231528364174276449
35227692980430621 95245699567177323
110810854301835976 159274330915127521
79245766278233377 138407542627787241
28671792765685363 77634532876276817
258873853791948630 292332570910318137
9663699992785825 201636421737136129
120089306566789171 274727234681001391
63814722601961677 192699644753032817
8295571609431584 274648236149701579
2561116527848465 124741526088870534
37527656581411828 123932275021779586
87522108055029220 166859041293842177
72181474444892129 236293716967857321
36531137849310853 184276258567060021
92108568161353527 106393934044356546
85477767368023710 211511629179372571
62352270149695191 232507361890818593
217249529248519600 289404337296615157
243991986618535521 247421855945325203
48023544808571314 290141114853164440
17821725404875938 63597191528778236
58129457137377181 163016378887726272
212923876150403428 281772793779720397
240826771917088181 265181148013288627
151967602371486501 182858044588219333
168977368126574819 171498473771178546
20609374745812246 26284260025172461
33804506085657449 216370289947847206
104413677838845591 207117706013084521
68735897155725733 269095931946631321
219361547014822201 265177995970764817
52581629896668661 203388144967067266
11949642203288560 117783613610571756
105227478262051573 218410566311064261
71071367122564793 137130229262111203
122249435912712479 283280530120286062
176743086062471851 212736988900145897
52485990882665625 139305908446679962
28798568815849793 131078757686406001
16949070633540436 28503566529895694
41792554885089835 113962343211664465
104182039565901291 286296069252906026
23412240949442209 72139095066897249
120228184377629047 237157695701833079
4378165253867081 245468379315194177
162694759141020085 179960955283824001
223541306821814593 239052936487534865
6844331139179161 270038069763534473
220476552986424358 284353253715523673
42603464733491937 107896635731347541
84213673142792793 175100133478064377
81766292831818781 97305102486081221
244784796761015989 277671358650768099
104971392015032458 174336884759096999
104283912939503449 258754243865449319
15342038311757332 211753594712411597
179033844468918625 260811790284675989
107047158307353489 248731063792157372
117610314927004747 168026805193184281
80955982305349169 126372300295330761
234608148048080492 254773109118342949
65129085552582085 112156781673612729
1619711752606637 63414302332075321
28020597152596951 225872826507191623
5676426558808492 7769262668284195
114020058238462383 222271997059579965
63257726764652126 78412472476686081
74771130194286747 133772428551733211
36978360135536557 112343250122166737
160127025762239301 208162367721499591
401060318759481 30257332723313219
2347244196691873 191540651273780900
162184349754218521 180935970762906886
83568215291041822 127090395893957323
8587595842187239 228720771588499366
119490192205575849 253842486318067841
190341507028556261 191180693038139713
125439829188439393 201992474085082643
146290084132701601 265751693993620344
99553069737425072 143438799984051265
124970225497216001 253271373271756273
48650466225524371 127192499172961653
47250988621262185 55383500098521425
171789255189335191 262101884942870441
125504910937937241 227366078460284221
98820022295440385 125977683018138967
132589744911854421 248260318938431645
100201058681395131 188533791563435363
45200600615459725 172515698247414696
68382730870314194 145015111437060549
10778058546664445 130991964318469957
103188387847997983 140676248043197183
59707053981085201 76612369168958847
6377598243883953 25081375846380127
1880294090716490 206607461570143835
15779830249127916 286182969278295646
95423120082913933 279031693704997521
82840340304291369 182432592212861001
118476071109292445 214659935777880661
18257566018424162 42105686698872561
21477964844114881 103844877761922928
78727121032559370 296937628067558970
35176372167920251 207932981444137689
86352085112907427 275200125389126891
162910239471155411 242125220679668485
42017928115880561 283422266766701351
122773540118323610 135727759134117049
84282787724075611 282650508717487769
93508571892071169 236421746772939102
218407138911585153 259427694154984636
45884364178761054 76900981038305806
55931451138037441 189698365664559036
118520160723478098 230255301504450237
2450924602467122 58179178585712701
14793308076399808 139905676680568012
15961583028333165 27778332397696611
138876380720505198 149921633114067406
159419151462308173 259105792715532751
172334433487329687 291672242085371722
36656252162007904 47403848573581414
7959609936551185 114654769603241854
100384909562263408 210182463216656353
186355676742036325 238824584002520635
77519644355075999 151753930703618222
110673441408597423 141719214649172440
161693471562082119 247164383703594925
101124583089961322 120397304125720891
46397112691160485 222767014318006001
8930305382562161 124763595016669726
115923163635499601 227941911139529119
20675292283131905 75886227589932889
12656952555568606 21579021839083585
68889627541420861 238691894674016769
161611376790879941 246684541374998793
23069253563174086 222942207955701133
169204727927805748 181612494656479460
64468566281756725 237050359410649023
166266696381773259 205586709340207781
80338017822225973 288564225075761481
90087393216046081 233624468111343041
115858929699969849 128100540540294145
101993432741039026 111613591584410989
111946837957146747 168762177115176951
158276750148135149 248805086501386049
104337194389215873 178225179985886861
53500773846074377 71781822349788381
107910009561013261 285819877250974500
49978765684170721 97871580765776597
130843097079627525 180508093186652591
6496411389562621 120161981046286836
34851573543656338 139224082756457101
46886975926019913 214967826079155756
92825662732400050 211727841739346593
119099211777439793 190068892921413976
33899262894265615 176557487085522485
183462998257055882 297019009902258159
25463530383742436 63809851286093955
106236048454507041 275787521251186177
7786177752422731 187172445103620253
10754108321205249 119026211426949639
76538165079479359 140957783440043176
2436693529167129 262040530221112761
126170360751840316 293747489842174321
78793937016078451 171797176043075356
57276948595170121 203136193026522226
30847074984849691 277615299512411973
165315077994413491 210648526591389241
4147577009141248 40003413813107175
96899185057641789 224016106467720681
48829379628743853 88279707180628909
9231228816962889 22255315648317899
141810546099211369 174298251697366809
105074628659696361 291588362305724449
13484434070403529 41081458691780207
44976003758789569 277666214113047145
58902956599630501 83163205727013361
43201515624271225 100361481430098139
137769876495710805 260356469735982301
21378000297229226 29331924378548041
129976338729399969 200158343290251109
102975830195799219 170298458569469711
90564562183810648 129525049101541096
501772490048403 290264875928998161
76168212787447181 113302941213433349
126957041267660825 168929033232883033
1979131355338639 112666990855889401
40602248208810965 249021215366432446
1979184694143921 280124808425027596
70610937279881923 247542666021011326
70524794965154221 286568827655908017
19183934159517318 89991726668303543
6997997948283985 148181426570662825
62722056842768035 160938633099384121
5883311119556472 227192573797738407
12759192072674683 291086341892381721
101438354639341651 265458323644413749
179767696923351761 266248376748763585
145015550525193297 208930866076037581
157150189357856289 218005762266495985
249180483584996801 249445441349010017
28576887370595797 238689128413344813
77630179410186635 172562107284407809
96014031167462065 208283015167063245
132304570252046277 197400175062252565
21416560054630616 296393753829438889
32363764545967180 209911980332442223
79735949273162904 144922561513807961
233596645181167234 255455718033989519
169832359364073251 193664371094380487
20156912348435579 51239568234091753
44893414933470409 299856437747628217
90077960496794887 112960947038392321
125299855273822324 187601526962706006
191818850768401201 264258833304184765
126234616266309901 135371766925606261
135050922251794923 229735506210697179
21234651896703825 82049206045285581
77532280970859319 122114026508438983
146129080898756941 195442965340220617
13849699983945139 179709555645562217
16555939723449793 45775457072321288
17918185292164801 33496154507795187
150750664033395927 238616759883559555
83526664467224269 160993808452039777
45873210767230116 96946291492726126
40794117652022987 144526817069143945
64043298553493323 194925088032082003
120076957091386093 185115157427078389
19271552567151196 155707776255029701
147505562879877266 183065581358864068
102339115063835202 121015638967504789
68791354407758071 137634938822377933
65523643607645345 118386132685949084
51195458088471535 284969869638084433
11535842703696257 15029779077130368
101814565805676436 145357585549553560
275663217607911709 299894095057078009
12394214343483013 24486650206601865
13249998644895337 249417011832128219
67674790786503201 124108792099505902
62347829250751601 89401558236782220
5826496650137287 65036889046522689
3969735055309401 85011765199564521
31628471354109757 262580229193046665
68998286717738905 271570004292676203
143448207486059556 222403808804838785
56626421077579253 202648178000907391
46834952394641517 54278119864589587
50421205310509825 56456159014930401
208107189559863425 208995551171187433
179224433867110321 290803972668740317
77967537988328101 111750130661580675
5161487918149801 19191095204014946
14157188968915121 65585255304946001
230653914304041573 240203676492531497
27854192927316262 80990099275080922
82004220732679026 141522039004489081
31629679664713880 263154888544883575
54710093216319601 268682126175811825
29425252367304529 62667377838618625
66181143608453625 171981157731265299
233143722939472373 292997311105682286
150264983149950851 231074872833052938
92083156277991637 280558637756265564
69759057723131593 72504617930668547
74819906646493753 164319531132088486
165490908714924285 175002835086173957
185420866878752905 194698329988001905
207513785275252949 256473468292893677
152531424682414771 249157739412310116
2340919924244913 142231155024184831
94889600602045577 96968837874056032
72200293713737383 274161376591528333
227236556788518129 244684612911015700
28282236538839749 240518119963574521
178020243873945281 200510928884799781
145182046905403969 296382557579999153
256949894171987626 283632298441118803
206694874126118176 209002118455430542
165733878132341284 194326480924787449
96882505862632398 274732268515524481
108215911874227697 235532638164952629
20690298932228545 124832261918459649
59871273809570991 243605395910823297
30059715605658625 176634253251804705
46075700087478053 220456476108923059
105916778273678749 295994086437820236
142252821171360873 154768310847195271
96086097015565681 138361781235189451
143037163369721425 278286545409013881
21956334431109073 218160660865804795
17633176140045313 39047133833249011
259075678758390268 279679133132003831
9776624909807524 49036154598004261
199075438294802977 209397880600934379
115417467278512006 157565988231253006
138965939726860825 288959087069468284
17622761111520449 238242915183532001
103071986874436762 183328139928775352
3900037369390546 176533971153372833
87747375462312884 267212271092004451
139621478235872953 198757001450707908
147760174176382907 238777104671959089
135473187326551294 235427789743397751
150631659682964677 246499327460410357
68934602945930581 214859670184842106
45690534449604201 69923178615389905
94766848498155069 257033765181539361
216937950849886889 275096680833652213
155770865432786221 216240628085792073
84978115470311703 99802244004627082
90201633848423056 162015678875083769
90237576516887426 117590484279477777
219222683199771133 250702686636600181
148008139293282651 233722502847089903
64075952799787893 136959283070868349
7565133928997399 104595348017495071
93026174448319633 134727407497337953
225171834791502421 287844204016475933
3199607544315349 63835099808026841
27046685225551576 149620005888517576
122392693149389920 177532330295786149
101092309128288151 253715683922358265
111924166985615476 193009499190253053
112959292731164337 134877093837618579
79693383663952159 80480518581336337
45163898249252325 193876186785669073
134988282001148545 269560477140127401
100573347275726881 151731857671669031
94649871640193926 228387848808036146
95801571162815634 99333105186507889
91503953143766608 207615763128439321
24220559715090266 56406057194667745
63269033708360481 174006462680162926
62753710590469948 252353317732372793
70701753723380031 266722947545318892
217607667133592282 271463170726368181
29110860952542931 269856171049455129
38479392539858689 239689406820249393
238585374520864217 268263205103437381
164107071457832026 241389447361214257
17285786594462740 112156107420219829
72488430111716013 155117394506453833
41736288650019639 184515230854373797
125610770856396155 236444453246381641
212205579368131486 294495533539145811
2426660761268029 166216100459381649
39927255005528093 206753733161588537
64961137109303401 121798493745284986
32099089412097341 218840839979141673
52512927217363277 142403431351141141
133146836815258318 289529191425139816
200374270842972215 252097309313507979
79403598907433321 198003839152458285
49444958780807371 76928789767488511
86094719230994353 187740378546791999
249521160230394676 289307570783609427
16770926129093555 179695060241417893
13458226535005749 21351395899672951
141640029108348801 226843413564341411
84382863333225367 238585878140143867
85228011282023611 119334968330358581
108383857988800081 257738102482042551
83130059007925417 105690270632992380
105413117789808274 184687325212454065
23726014250817097 244165798939202167
28492587332155726 79047249784972901
228741836278957351 233497577968878785
130757848621598593 179346921868873467
113923504123955063 168019765470037435
86379867365200259 281930678893882369
45567986627184157 251499262535966308
92347198778151251 133403644595784379
113130752354917551 206903878544333805
119167481683922712 174242132760868001
39190007409553268 123305615597971873
160005473347915209 264147707166752914
207931339260672328 256315618751811181
171982223219853843 204851754209845507
45627959768775988 299015755969205011
117708071575297241 174091533131126211
52996255040325619 170024693632592641
89118704897069117 208052081286883438
6115118571184141 269032673878674755
60255068208762371 275746435750899304
14836873758177445 119272434244233185
15028713501588351 113352912381481687
91418847518711681 296372156351527797
16605857998790089 56004209469256831
1157048662473076 112698799823821921
102737749881046641 222370886539794385
63056815922884333 222674682587599549
13834858183490951 60090980567377756
31389777198244197 105930312366879945
51919199490362409 75613158943874291
7542370900895001 244280833906459610
359357282588581 229663160164844053
186239143477023931 245792757990974369
250188719320380516 269310417590423505
36257239589680407 290553487002465712
148208960142230880 235007662463370637
6705557372868325 290212577111574629
128314872875793235 239455684752240497
37423497050170623 80516780739661237
123869452381094378 177282017885276209
85122571518154262 274409605944720343
210626908193857561 219377378640941835
57013009472672323 86156436479688244
127945477577940601 294084747868686105
89836533138393089 166876558890092537
60842080537506637 293846698193787964
195147349368046256 292195658578168531
157809217860576941 291982514873475419
62374402048673751 286675898799604636
13145893289381209 230136168965075040
73287321267171577 227330855533627741
54916141313139481 191749612394489978
100385555754555401 284037902432551993
87418005425114351 246534955712707903
5933486572381741 129337232922036089
70068845175540012 84711531901705751
16059981385502605 282389239930038703
22449612251756063 106612650950216761
27762048817920721 192172411499189546
33063725625804851 54443170278141533
65206434549398590 78839492593985854
69062289233223781 255557950775995639
54535941976124383 296573791274664457
111225840339430276 196745824234398275
152862047852659443 286166116390020901
126784688421054621 183900687030892903
135480926143659986 184674501683797388
250414498924956031 289278838513948541
31065163316589836 156854823263200256
134341230074135325 135478238964456275
40007575635947945 126948752812838686
21696882751470523 91263514682468075
286907182011958033 294927760078421513
139355657242254457 250247656205456447
46755577980709676 199042618685500068
17306962196728364 156267687689210187
67182552460904779 147939611782738681
20507093364803707 69911675958915721
148461185739832841 238822554869608753
107008819899387631 196646438528471217
61584940096184916 175635012236270133
59195463725182723 266926962608961017
41099624958598003 43069047724909230
155800869848935186 292579020626863478
129008432544042613 144537283448258001
109448920463981749 229973761968744643
144379278248389588 191067035814832981
121519611111220573 182003133850829929
82290873931225226 222220929578245985
13034782579587601 30546574230468013
27815589146245216 61468109630298507
246586541265745657 250462813769924193
66045068053634800 138458392076023995
30081160345592143 152014945374523757
26310729664081473 96741916247959941
38001582761370786 116717996218499020
9802595598706241 266853261273383161
3572819163381271 216312233844735208
15411205644639393 110822565117257875
110185073788888207 211851757924055793
132992360801477926 237355504202317881
153265936476623327 217596972213217805
164749867679103391 253028131718240677
28688029765556757 62583376701569536
44466828357688691 299808713766366521
75977803480671463 123374141959712776
5787304719178521 13076410777511095
124350987032129447 152384135104100881
19947855233302153 121283496705513661
31650687577551505 210280241795092060
240863680635909585 242476240936607571
90902548939313191 186656032152558593
73272203673006381 125354951391450709
13387265777009471 174895334517475951
16413356619467809 78783387573854257
150655029470685997 234609953161424033
8334255820502209 74158339573701265
62980313598293057 266601122147485513
172274584879675745 173128920824906231
146702247344589889 233452834578160388
147093959069517976 279610351142247973
106476818520554026 257503472426449865
101833543554847429 185018940001116795
99885166653642163 209499920060709621
52944005638712445 122964427841619688
141546000360532565 291291119448499497
96783783293560041 206528270806303491
893460289013691 167644149529376194
80312440754436220 295193676703166761
116366195881788223 136687304241921307
25277131119058418 26287252384602183
79202731989692416 171861723752476717
6408361064116607 29896900883995435
34323975673574211 222876099218878057
12796122111223333 104159631944767129
232868896061797355 287502141860277255
84477604367826307 261600405117452041
61752153581671861 110703273145094561
93302627985240293 252560755654396978
67431933349887721 74347452062934964
33727132737926392 110984446695492415
36395651218692801 224933528689107556
168873603821575309 192518576545611496
237789801408278551 251639161570372306
58754257656688390 87400240068395571
13601700563151789 248881422454347453
32258136529924306 98884708047930646
171009088431884998 215158421299016050
21468421467554305 176817810284258689
2125952734307617 195409998305355369
65916661380044708 182271578242192017
161845808825214499 190801084876745437
107932731492173612 129051889561347514
30266438762423216 213699341426179927
81551717814054961 84483970175917659
30458001826791194 239900334766005693
9598056436991529 24392468531890369
77757994638007576 145760660639925381
75782660333367212 99575043820589841
131152974575749999 209034906094132625
185936912279711287 223179478910223361
71612704256336800 145948068006531595
44772425727202711 200405809432897849
123436160407975041 148131522544951213
87952272459783329 246655215135337441
181159139480581673 251742845552383513
107509708888319665 157375765452309539
68786805503812005 173772646233125731
60427286399949767 296353632713809429
58310612821542917 82934235068509873
29216333428055179 153099358575643837
37191647872743613 246945583327719621
116328199352630111 171482018711754486
183117059200089456 227520811406449615
251302618766922745 252130615087224277
225255569871986353 231381856045030031
223461975047171489 292449750633664449
729903561484219 175286647945914601
239764331350742908 241160886684638894
136504284945166547 273581205495931297
84860685774066801 254172222421694695
236594962511526291 253032008475342256
73897777078721642 294235858100864806
11121426778807705 36220392058978897
114642450580941669 282710938309375177
113385938463332992 264780932155264383
120026605381702361 180729530159219850
90538290322712001 290368421242963251
108975249089413534 220801438033883328
180796354475321185 202494747224746735
114260898089339635 235662184008817186
3426113241838036 64428343518467347
932759013302485 225104397452011012
22428054713325561 175272374348464392
23615964827518101 132697196318850729
121460288556908134 200734902872444707
130113613377535009 186579344204184161
88067803039661908 118422212233328461
164822011181743907 203482774525042801
14277204896964085 32143410222075866
10778219719581524 257958645440901361
7635364059838561 55001598086358081
125775349737591653 165178737489976888
12380035474809291 258566960658622621
126209927124315319 138587593762919077
5623412873698054 242420493501110718
32289685394886921 231261895915364218
87823321113576470 295375910963922934
65817275533000087 162694043069961601
138695964144549753 155287231856650420
19328170647392617 269531451889883367
12417605021892933 140687667854602223
82243150555968821 97356692409707521
109421494708186546 147437377482604123
164373429982850293 242175275038515619
98459916995331579 287070568024011137
179719078702434409 267874228249471735
192894311287077196 249370150712511429
19781408852376111 149868417983521681
262705680984598591 270946783883629351
36033909090346353 223526797758208866
54756155435642866 295119766355172166
57840421818335461 60576136514368207
127393188471695104 194776399845016729
137008680472559781 276233250920635993
1324192387261091 103410473915666161
172460991339825969 213637243112668844
145023340948154239 266421639648954501
226301866587680082 232326797094117591
106529785518781089 258420272862438579
101096614136640949 197020865414165101
76516978693093276 290571497431285909
210780822135631 276292282658934181
252501175851863950 256006190909531131
50543072388085165 54880534008330485
42296962887300141 200917000000968022
63724207722247363 86229452045528033
51362895073847401 223139520965157175
186729408124499278 289643258341992863
293724437887019111 295813701563910967
3797211685567041 72780676282775451
151818698384392413 240991097150598234
75253645790376165 164808506232965816
223587599090245435 226323849920023417
111701192227502108 291488732929927593
110210838838513540 218431103312214601
56224299510185861 278705388264690660
97566111141023881 201876195145940825
6153001593641449 80670261915318211
36732427152548037 121752437012612653
29464169535625835 149995153686846323
61093237282914361 268188442885945153
105279129389984514 179504984681829931
82508038733635001 115477299590325601
28730248532244249 172661134219161540
99206033036345225 274966336730915881
162066963457521151 197027715071267965
1528109220312448 28351547536710229
110757091818979468 131114869312985532
85766588541611076 127266748321982905
60108647166429151 260023139459833977
60415399074694457 182778897621442876
7027734220288160 141299970751949633
44567794740169953 46299185003068877
148322360449809055 252284733848289442
24532207581349517 99971316391884999
190050199378080439 202629309035702861
44819203718430427 203234494301706681
142070931054690841 197568885447956719
2634250231675441 194831764634102593
189720100060134616 190314264983928436
40148730560395241 232290054584107486
57214816631485040 70913240286677974
38464966311418529 285016335164665821
191046761116625911 214011643132196461
120405484630944669 155759049524447139
229762572415151686 283592431643962776
139208562218978866 252033977875384801
209482858096727911 291267766503631371
114836745054253825 115897318991192041
26760344155762606 106403911102748368
25792601279868007 115058117590584613
18231631504192713 288982894267473613
136373509436990311 201996460677407185
4663364884504236 76083493729128649
195734849461872586 213673125430646671
95513456283265624 240789606658989140
272169213397310332 296180302689384493
13643176930051751 250370040641517370
95534802886321408 272310429477511914
23443396103225581 167086157139496985
30261012532030153 162058982022711993
36566618358620675 255115811988854081
48619718686110521 85936712114734561
140623614838368637 188288113138077621
36903153322187521 84969994529021611
102888162588416051 262703216127480041
99141048977849885 270749049939629455
72182661888196640 125347520241091579
204927437861477523 218967582452097174
190033997129279564 247145839504053797
41665929570456520 218759641894058890
133269379912665187 203457387631094689
158909313352981012 186849104704706636
467366843929288 63947017423029733
48094830630619891 239310128150823293
66405057065784021 211865467118236977
29400303422171947 32817857935085583
27332192611515829 69923501582061451
77489012790211089 110401934656701065
229592954993211856 253971623435270659
9803626579470169 220321986762893057
125780694798713259 258629575201824538
188665491338110161 282412715553788766
15657859353433720 140855230031533843
16638813753486281 112665223466721633
73567335725328931 121617594457618006
123296592356627671 233564230472195365
48377648255605945 242853508105227025
55823389788985993 253692847709907637
105183223129248796 122263845242520689
11763541525493009 161346170104626957
194219369716500121 235899595121619315
56749870201793125 206512421950704025
32705968926062976 270943563847756571
38652071502183553 119312438112006753
142468613802982441 234480419929663009
192099971169649573 208274154265902979
73945788980101351 273348987271971171
85988349183894237 285647452543114597
33907053902950057 194290561825053136
9766248240723860 39269607441715429
208878737934323305 230879496162607417
13904664519393025 45462714992657152
61968351914917383 292209146252322577
4808334880601353 265732211882518788
48450791500536013 54026325666331299
146518910708664391 164775123801948429
102447633990424625 273966196132518889
223508843112787981 242158012105848551
86328036604582305 137972294783917497
92416382806433476 244431949118682657
95010750917664301 155493544686132533
98639708592249557 140114872667082769
55608861054465976 118499672251309801
290336925191747524 295057223456562247
249422089001402881 252860501738979511
40460807940979649 216703314741960529
49689163609217695 76504870292711353
29840911760239161 184867124844481354
171144552707469286 175195354413859741
37026231474376168 268923783411539741
138668049017971388 235277549468756443
171862126771746706 271805968162946671
92369472031082076 192356438104934247
6988103808289561 49241038846261089
140246215834896349 154381725452797091
3216981644895803 210574523164019871
71507988744172793 141277133159521725
69534187699649025 71589940358696566
82300193195240161 246684272430217511
35413930363193881 294428486695615587
152628500263374169 155878784341587013
240241909945688065 298321979970406131
6164556100843933 36407365661202181
217210564653474547 243445988388132861
102535451810152343 150171606386440608
120196650681602965 197240374619991765
266813715102122555 295691173026173951
273545272726896673 277853657324301636
45805235965380571 161801320881747697
77519712344220753 117217596242273113
81951966512749873 108660443433148029
10658328863901995 151765480563948161
175097352110266108 298121231732165001
13148504798259521 205034729699937086
111352631784933117 211382322147448311
157569825267655795 195828555654007561
12676833903575437 182156969921572225
3977815720761201 76796217106413316
63377415115306125 88424249990258127
28677538065240610 52289093868384400
133617603961407729 178427146773171361
183284577276115238 233827403216575539
65903694763637311 247347742909492197
17638293115753305 176710192061325377
62440594015395073 185367794545756527
214814979915429953 271553890529514481
8715513319295671 280871476723597219
15604090527013903 143053654918092177
155144185821978939 291863298130706401
124872059958930573 262799186625596143
10205139143316441 127812467873803476
128256443142107994 221228948250584901
76939601332615393 100185078346670489
57926208427556017 114473093503753603
85988545530372041 276673023601768258
61219540915623271 111465356238653972
44958141860841007 80092646559501084
190140860637569281 243573098582084481
75698082558392113 223223305997124411
27840948818536345 63877128121598601
166716106143460625 280179974867057105
95444709983894881 165278340568045671
32976780581413593 114140334429736501
81114365485412605 131486351229544976
93281852704874981 281325026886776641
43791995787607441 67408735987519161
63057137260343753 246518697254763997
172266971562360233 201884076503925409
17173610118691265 257818775798359714
202495838713645044 235201785975966613
203172486164327159 224268383442012953
65444999180749621 175464149605095825
137636451064553639 263460979782491834
138171702064247479 252624722120889446
24312259637243611 107458850515673153
46197729301635233 166084693428765601
114072096104110255 237365339028786583
15670633623464014 275328374858250009
140660261660426101 167551933330906161
198712117015317223 234493233042409043
37844633791349469 74196328064139277
11342002007869638 151961010726294676
20730532360228927 191430236423672574
164520181907476603 284795674786088881
157783115423588288 287661729106317491
57159867749991193 178326270193103041
3727438868933491 17643822259540691
26597118065227291 177791488663362124
98002665787461082 207296144398317478
78008531784096805 141045259266026461
128188510544962201 297248148211262411
41527831228517985 168908590521867799
68178984058772073 127390690787191173
60616903669429503 72474970623141907
188590184894111965 208255249501555249
161050772860263307 282291901133380529
52606662720448427 203484647881950482
32984553813453406 232132962331467586
224777817924372162 233207802265174883
14283591861959971 149996175906195121
87183454963573188 292102994537632849
43526646684805741 63227736839661301
117420256166970513 122579016663650449
6639252439155946 228021515649635789
79575350191003303 148624562190582591
95059301513120429 270608354808158245
117006831267190936 251417329265550701
69827834930133551 121052592921710369
238445494458652926 244980689169339190
109614643493667226 173232803800391635
16811502466706053 201109223385353653
112950896829932641 197980989055898377
176025571807075631 228965230462076347
133588474458613801 275607353513472251
221539693449122341 266053952135686131
131025596542484021 240144969918808861
67452485309635131 108868172965197337
204445908555165061 230239890803271371
7228400619237550 288651413319683080
151326600544344936 159830730759480601
62398951957929172 150511151757015403
12840617950779779 119613768710358399
172095367803470241 172634455982811847
178431861782313289 217417140805818689
190534784337631069 282530995865619841
13208832681885726 193642149786873991
7947597510686289 34279150712819467
3100289590711717 70570632492556531
11651941618085806 32486029046846989
113574031704740401 124594226652865537
14246288078722129 97257878385345181
168674696082034741 233278855871069767
25838542304806609 74537566929517921
105763152568759993 199034628432775153
94329819951554227 241070272902308026
73088226725342401 133759865527821961
137403062226488443 163196682836183701
121089000696748631 226665334847808851
71618312152492936 75382005673414957
3460525529534857 64386504679610821
44201645098230577 132431773698827704
161192195084154434 299116674876933859
55898746039753323 103648977918102989
74186105239577439 182689088134765361
33229212360439351 141698230382673483
18013851491824974 24732969235269157
12439320992217313 175317769890464356
121800690075413191 207651849907649241
95243962621777620 173842872262957669
16086256845024019 215337050842388417
133373152423446076 194332194430534381
75224097940339453 87362704498441777
258430857114991276 299124920722730876
38935299306456230 170190273110848489
10550466649484809 116657075157001771
248728451719108819 276133105452184967
48292839224077736 49105579739976841
68065295928055861 81964092115400221
51879613303445773 237153767321566551
63273708749950351 72369240850083681
12091673103377551 35835159401730141
237673944500254421 250961003355601357
6604922857614973 24049012345747365
246660550387461231 266946512742942811
37717260845703905 198402340226713436
36051746616560236 291993984268682011
92443455728565760 238923686876980148
84027852387007891 193126010856552769
37338632931852097 81443098194698765
122409278659291221 269408568656232613
7246636991898010 17499374108540401
60473290782524389 137973406976988076
20457554172963886 274767018146815876
33969173646488303 244073481802138021
72722202861739921 100445554599511012
128855278543946115 237318633388066009
34604130679390742 199084147548673249
42587876488322887 267625474427741913
25656053675625681 249608838058213711
83328551444965805 154004451172629385
247306714119237356 285580331286754609
174442355759568847 254248990448170273
43794894036016671 147376006753363021
94878016972540294 213853760865852630
39089183545198822 248901539124078609
38773874714977559 119992537548202078
68958810544146219 174855585193529011
9012049501936641 64324573458060226
130166625645248476 169763845647715734
51183076845822127 79357142239862976
181699214685949076 239673447329928641
247482561874535921 289588418632904608
83088130720372171 131937860088557449
41366606687551114 45944943355272561
78070889441703173 123314631845011008
201042073454410353 277381819963389445
181169857667566357 280100964726924394
259005611183248696 287032013400751081
32117139298200281 109940554723330549
158464279508378465 255311448806914276
171473501100273433 284573843683077697
85664232945434881 194118474428530138
190874660059862188 286115235167921125
191139263414322259 246195109374511996
79579051102764941 97117870609917757
58218369975082201 112660360867958428
144818638793552751 197360358067964064
173038941408721153 283418693365083048
235444667544165141 281408246804679236
39034929774481996 296103136751238953
153124592312080103 208504098259189149
6646031097193663 275425290616695780
15342727733497966 19395870840713005
70147742121687223 207438350012713249
91426895657835096 288257901085957640
248645448487478513 294380628460387570
58206117160478880 209274137356316077
22432370324194795 37019331873296271
70286146389422335 156952215115472831
9684735219632365 127184447638023172
83151767311814401 281994931757948341
153967275228524065 279265374691808527
189910995480707547 274510388241550831
60539768987478611 96351409321709801
38467772061104635 39859882696896721
58459067868844222 161878100460045823
5771430816244537 74065949345837409
2726252108617276 268835774081660377
11658296709244264 156622808796305153
22086858882716981 76674926551700621
4235668348181314 68456213323288729
47984858585843182 53093368345778383
55702282855843376 204155562089945134
77682602382291529 228315613775226833
121451401219376129 231603557541529385
2769928617038331 206114247454848517
57937000060722193 130619353364354257
30071601477446667 75595359680491561
38326912471429585 138232141954314385
41804687962211726 98444610454786465
43527777380404541 145546554141009583
13134386472234397 146450349845193041
96793051787222576 97755399397518007
64641348648885777 284688249664916941
32426542893901751 270509646531713436
191656657939691803 220553282307573736
272248533473689881 299152999527977971
136965144409957107 156325192717155118
27450264613642803 149374818079616581
39312948749929646 263676069777394149
33821811067354159 75625635130742870
48914215579564967 283307116011969061
153431063458704831 209463813507088865
102650241510556591 126461282723081461
1875833575191697 141916072101395791
121224487280129269 271763091829017911
86157528035898513 155772125763712513
11973690213824247 24318129541297501
55316050893254305 62922831484808781
113818068429628619 240790257062711745
123848508935857213 158047067124820211
