300 1000
1 1 1 1 3 4 3 6 5 1 9 5 10 7 12 6 2 7 5 10 18 17 23 24 23 3 19 14 12 8 25 21 1 26 3 25 6 10 6 11 14 20 21 43 14 22 31 18 28 7 42 46 28 5 43 40 11 42 17 16 18 21 34 39 19 21 27 25 58 41 19 7 16 61 21 66 51 77 12 29 55 27 12 47 58 51 52 44 18 27 37 90 12 6 8 85 77 73 3 56 76 74 103 66 94 95 33 107 27 14 3 1 29 82 68 97 88 46 10 64 103 35 7 79 92 113 77 66 61 20 90 10 101 116 12 1 45 24 45 26 37 50 41 15 54 64 84 143 76 12 93 126 2 107 104 110 41 29 100 89 14 47 88 92 124 165 131 164 63 79 138 161 80 1 170 171 143 119 32 134 54 148 30 146 158 68 138 134 37 146 146 41 151 9 143 73 98 54 122 71 135 191 165 186 122 45 107 26 152 154 207 170 155 195 164 113 190 137 171 154 86 120 124 32 75 180 141 9 136 226 116 199 204 133 39 123 43 91 131 165 101 222 20 23 241 39 193 176 231 58 35 127 168 116 188 83 36 52 123 117 110 259 215 200 70 111 249 29 162 214 174 71 148 155 198 237 93 247 131 202 254 274 226 205 270 33 225 105 152 36 16 102 257 51 103 171 261 26 95 
11 141 550 144 264 579 756 945 225 28 830 319 267 595 817 503 580 624 811 419 82 195 783 956 805 186 693 174 863 899 720 226 391 269 721 7 200 476 951 424 855 781 742 473 375 910 975 307 534 138 77 967 332 860 922 136 397 966 309 611 865 381 188 607 1 908 613 200 736 564 975 590 696 69 63 422 330 389 728 863 526 157 181 857 16 454 344 764 420 5 726 636 737 914 242 737 173 855 289 908 770 263 498 465 683 912 886 13 652 966 227 178 122 408 386 489 861 730 252 632 86 329 267 822 242 861 558 415 715 198 674 836 813 523 300 495 434 537 507 86 502 734 615 623 493 1000 111 705 81 714 337 166 395 603 987 636 815 897 402 529 94 428 364 906 950 15 753 736 552 259 173 53 344 787 28 836 786 138 541 867 204 229 384 598 183 371 585 998 619 339 526 712 766 242 970 715 256 722 450 159 332 974 564 676 760 591 863 898 80 755 116 283 983 499 232 166 869 817 163 839 155 40 551 272 633 872 986 241 593 788 399 276 761 962 951 873 552 166 770 632 920 885 266 903 735 498 420 956 314 934 794 820 973 344 91 606 567 428 846 511 567 596 787 680 558 89 552 461 254 673 444 174 909 710 428 643 207 199 598 872 132 744 43 104 439 485 61 6 264 258 516 831 854 654 862 763 743 765 575 996 
169 146
104 252
42 56
141 176
90 201
174 184
272 211
128 117
217 233
265 87
212 91
100 245
235 98
69 157
172 44
189 128
131 41
96 44
219 173
125 236
172 60
22 298
166 195
127 149
235 82
224 143
87 199
296 76
284 21
116 116
243 156
196 4
47 126
298 43
31 17
76 122
171 202
96 150
298 36
169 274
116 285
183 93
168 254
26 178
294 151
6 142
145 288
113 253
48 244
260 162
283 78
31 88
237 153
240 178
151 286
270 109
253 18
271 152
82 120
22 296
189 75
114 80
84 34
29 279
140 131
260 288
127 175
79 290
167 63
101 19
179 69
86 70
222 131
2 108
156 3
129 23
102 44
129 294
24 238
68 157
197 216
90 28
69 23
138 168
238 288
56 290
59 116
298 194
1 32
86 299
22 208
4 266
260 175
112 184
93 283
198 232
11 289
63 39
259 79
66 252
241 248
64 174
67 52
83 61
112 119
27 169
134 133
59 82
265 145
180 223
154 57
97 129
168 216
294 212
215 178
125 112
285 156
207 240
1 51
169 41
209 164
48 247
80 95
291 106
80 45
153 170
299 285
200 2
265 218
95 246
57 179
34 271
211 93
143 292
33 211
126 63
62 293
139 173
278 141
237 130
51 110
94 142
143 101
18 294
239 107
285 164
135 47
139 71
114 45
7 33
147 198
191 132
4 208
101 81
210 33
194 37
230 261
113 288
33 72
230 131
46 23
69 267
89 232
276 259
291 202
100 34
217 137
97 42
122 272
57 249
37 84
96 250
237 267
38 208
90 21
43 20
286 136
67 111
121 74
27 95
180 111
300 178
219 97
68 148
96 93
176 124
126 184
150 271
178 114
135 240
259 268
155 177
40 296
121 273
67 160
23 147
25 247
95 74
221 295
87 162
38 68
251 14
284 215
28 101
40 214
233 214
91 50
45 87
59 182
93 165
63 178
176 115
188 87
134 270
183 160
227 272
286 272
186 178
30 21
286 214
179 121
170 218
56 21
202 266
130 167
44 295
161 192
31 271
240 101
260 216
187 122
146 187
116 224
245 31
296 197
17 230
200 175
195 238
203 255
173 149
195 84
27 268
238 55
155 57
24 229
103 115
53 211
134 248
278 220
116 130
112 274
200 184
121 11
17 94
294 75
158 190
157 188
243 184
293 147
75 149
15 16
278 177
124 67
286 164
293 102
127 153
36 104
166 78
223 208
282 183
124 217
104 191
75 32
178 98
247 119
134 253
181 261
80 164
27 5
158 117
270 71
227 36
113 57
17 92
26 35
3 50
241 149
181 107
256 15
133 58
62 202
215 18
233 243
299 294
162 11
82 208
243 131
240 8
151 107
193 8
57 177
25 196
54 297
63 257
15 9
263 195
265 128
122 177
222 249
260 120
79 83
266 41
100 73
179 257
264 250
178 124
71 20
17 255
211 124
132 79
26 277
105 146
22 42
290 226
98 295
130 249
41 176
249 95
103 140
142 179
2 66
137 19
273 72
195 205
36 184
212 79
276 113
154 16
294 50
44 195
196 91
266 173
19 236
128 266
145 121
186 269
39 146
270 23
227 64
299 216
294 14
126 210
226 22
71 279
226 271
61 114
39 121
108 78
44 57
178 235
255 188
33 115
137 46
161 2
218 116
129 159
68 263
284 7
285 45
15 106
220 262
82 127
205 258
66 242
228 248
135 243
58 235
32 219
273 246
113 192
50 242
256 294
300 169
266 292
97 36
298 32
159 68
77 131
72 115
62 143
85 52
286 248
218 194
140 17
260 190
183 4
297 9
229 139
130 296
84 246
278 278
46 81
263 188
54 122
264 35
138 115
114 101
294 175
191 31
273 185
189 150
210 155
293 237
285 190
136 174
204 68
200 165
104 249
122 162
248 157
23 138
238 85
259 136
218 283
220 201
102 190
45 160
96 63
253 89
15 132
251 140
4 218
218 150
12 107
263 39
228 259
96 285
172 165
200 106
7 141
31 171
30 160
223 127
267 177
9 227
66 281
250 259
161 69
227 219
258 172
182 241
277 237
154 29
135 148
288 53
223 193
104 70
248 4
180 26
4 215
247 240
199 121
241 197
115 111
282 167
107 124
61 215
296 83
282 214
18 130
74 22
143 292
295 177
255 91
5 226
166 258
79 251
199 116
226 71
238 66
241 259
225 44
179 53
266 220
49 212
233 35
78 174
51 76
166 72
50 57
66 222
224 215
30 196
267 123
240 7
265 204
299 180
233 189
161 177
141 250
37 261
135 73
148 114
238 237
293 65
286 287
201 58
254 262
136 282
288 220
175 75
254 4
244 173
102 238
188 104
65 242
66 224
89 251
187 266
30 26
12 179
288 68
29 264
245 241
212 164
290 284
39 86
11 295
233 283
138 112
105 172
147 254
256 170
135 235
261 142
72 217
284 24
288 60
52 64
279 232
268 264
101 268
14 6
40 111
222 246
169 230
235 78
248 15
2 191
32 82
298 14
37 104
215 33
148 76
8 266
229 126
145 27
84 30
192 159
156 124
105 114
243 25
91 39
229 190
24 144
157 261
116 73
158 246
21 30
47 5
183 80
106 276
57 79
237 190
65 248
113 145
221 169
207 108
297 63
207 136
148 72
197 63
8 15
96 54
110 81
160 142
117 292
123 266
207 225
225 111
255 23
191 89
196 227
290 149
36 245
16 196
10 235
249 212
17 70
150 44
186 179
222 9
26 54
31 44
155 284
6 255
95 109
36 196
97 291
235 25
272 132
67 2
214 281
102 67
111 282
160 251
12 48
153 82
177 89
73 183
189 31
140 78
26 284
274 227
3 122
5 260
261 26
6 123
190 226
260 160
110 52
151 119
252 173
262 3
238 129
159 34
111 126
161 50
28 188
61 186
145 30
55 66
240 106
83 113
272 129
232 42
213 133
6 82
85 164
44 267
300 22
199 255
56 162
102 60
245 84
165 162
279 90
247 272
136 219
99 81
123 107
291 31
112 35
250 296
14 248
21 46
300 13
227 220
279 107
190 80
241 275
116 107
78 272
242 114
195 213
71 40
122 69
155 61
109 286
285 104
201 122
187 6
225 252
59 113
244 255
229 248
54 184
207 45
210 131
95 148
240 104
172 165
278 113
98 26
182 86
207 135
140 82
34 93
257 116
70 92
91 200
136 50
146 145
27 42
242 56
211 174
38 233
45 135
160 15
152 195
29 93
227 59
203 220
35 260
103 160
111 156
205 193
89 298
40 103
210 168
93 33
265 120
254 130
197 9
255 166
258 48
158 283
202 184
195 61
272 288
143 49
294 82
132 100
254 134
1 223
255 163
34 145
27 271
31 288
205 223
22 286
20 214
98 232
292 274
261 44
93 15
148 156
255 86
219 279
201 260
122 272
116 155
125 155
194 142
116 156
193 150
64 190
121 212
185 161
256 164
178 146
53 100
185 25
4 7
266 156
179 204
111 139
45 46
240 287
194 239
140 107
48 86
298 203
115 220
83 234
131 71
170 12
37 183
241 107
14 92
47 206
96 244
289 209
196 141
131 280
87 89
227 270
173 134
54 224
209 287
109 188
200 40
222 31
189 288
131 163
120 202
197 229
138 268
108 237
217 85
225 290
11 55
240 151
126 235
274 45
233 35
126 82
164 184
223 47
261 52
5 53
33 133
100 201
138 170
6 259
300 106
160 231
133 10
245 99
144 259
45 270
51 128
11 170
216 267
18 285
37 229
61 23
275 69
291 212
170 164
269 296
278 221
230 128
279 111
121 226
195 122
1 165
34 298
264 63
47 1
229 33
107 83
203 41
252 82
245 245
293 173
93 214
93 22
132 75
52 71
244 252
168 247
296 244
6 201
202 259
291 52
186 182
275 98
231 141
85 278
203 227
192 129
151 295
121 285
55 34
38 173
171 51
294 205
106 166
176 300
103 59
292 218
67 289
129 266
244 297
276 265
146 146
192 167
203 296
81 65
289 258
60 118
23 211
76 53
104 128
238 3
220 207
195 229
247 287
35 75
91 242
139 62
229 236
283 30
146 131
140 64
181 134
44 199
4 255
134 171
173 107
13 71
52 145
183 259
85 50
291 269
31 228
163 129
210 259
141 198
13 56
189 33
231 245
200 285
207 286
93 33
156 80
276 157
168 259
8 158
126 252
231 298
126 208
218 146
43 87
142 59
91 107
51 83
119 73
59 2
87 25
104 203
59 294
252 79
288 278
282 259
8 166
73 212
57 185
271 291
49 99
257 113
247 191
15 8
61 65
89 125
27 147
192 245
75 138
115 143
153 63
228 96
60 160
96 52
42 116
267 67
231 142
84 223
282 229
293 99
275 43
241 133
77 2
191 133
275 152
266 57
205 180
91 245
296 264
79 187
5 90
231 45
20 287
215 67
217 1
43 259
91 191
244 284
116 168
71 134
243 142
73 36
280 147
110 164
102 275
64 240
37 106
144 47
113 56
56 58
16 29
271 151
134 158
25 215
48 1
194 95
130 290
188 267
130 161
188 49
