300 1000
1 2 3 3 4 2 7 3 7 6 1 6 3 7 13 2 2 2 19 15 3 1 19 12 20 23 26 28 29 23 4 31 4 13 26 5 17 36 28 25 25 11 40 32 42 3 47 31 31 16 36 45 21 46 48 37 22 1 59 48 60 44 43 14 57 32 9 21 56 37 60 3 12 62 70 23 54 27 25 26 71 30 66 37 50 29 76 45 76 39 87 53 74 27 25 26 59 72 4 70 87 51 38 104 1 18 20 39 59 67 20 3 26 60 23 92 91 83 55 89 41 46 85 84 68 77 69 23 88 49 54 69 39 66 25 34 133 17 85 120 13 83 81 60 107 98 67 94 124 78 61 45 117 60 57 7 119 125 33 77 92 103 6 88 65 84 154 152 155 108 151 68 128 60 103 150 45 47 113 57 55 18 9 95 86 45 17 57 52 41 127 23 108 106 12 111 97 91 67 186 37 53 136 57 47 111 19 31 4 155 29 140 195 185 103 69 126 118 160 175 118 71 29 168 214 86 67 129 194 230 117 212 83 184 27 139 55 194 148 6 121 59 137 161 47 80 222 16 168 105 66 160 27 54 11 100 70 121 121 172 197 192 118 171 44 19 123 163 256 100 100 145 249 268 43 25 24 273 95 279 68 123 121 265 104 4 127 112 48 46 269 207 248 120 240 89 82 170 156 
317 556 989 291 73 640 213 239 763 652 928 578 215 461 967 225 386 79 351 540 722 722 648 820 890 913 429 724 593 262 341 909 169 681 552 593 321 116 831 435 767 111 12 982 571 331 206 308 761 908 847 482 982 495 654 223 759 434 946 351 47 638 612 567 318 163 511 990 630 341 424 397 803 788 378 374 118 935 681 878 842 880 711 823 726 716 397 484 501 342 187 899 979 150 465 297 312 975 638 293 668 62 689 470 201 66 195 670 1000 228 899 194 107 961 368 184 29 765 19 529 458 205 428 437 354 244 85 17 219 722 310 238 135 350 59 687 416 254 356 767 481 606 312 939 567 32 122 595 148 140 123 605 697 902 393 402 146 477 771 716 551 432 305 37 781 363 76 548 616 431 667 448 37 978 386 955 9 507 549 508 999 23 113 47 925 505 800 422 334 922 137 884 353 441 272 486 803 347 385 771 130 51 218 518 29 604 472 389 462 20 897 812 42 361 210 318 865 10 739 198 283 875 433 636 667 57 473 822 403 857 592 532 908 161 401 288 116 872 28 930 891 276 93 285 636 303 602 501 664 693 50 946 567 483 933 586 539 405 407 293 614 350 177 521 510 577 160 626 801 187 907 43 463 999 327 98 301 281 950 316 973 1000 614 891 834 546 476 724 303 882 368 916 231 896 788 93 473 947 70 273 
99 100
41 227
204 134
103 210
16 240
98 167
173 228
88 275
163 6
25 63
39 218
225 263
29 240
236 41
70 93
192 190
117 168
2 284
193 20
12 156
22 208
187 109
136 246
3 274
89 298
267 27
41 127
66 243
284 69
213 53
242 53
273 157
140 110
130 26
181 33
292 193
53 254
199 179
204 188
237 201
227 292
118 256
198 267
88 235
39 233
38 52
208 33
142 10
87 48
132 23
215 267
272 123
53 268
207 170
122 257
300 144
99 100
66 118
104 48
281 205
9 143
227 70
79 216
15 68
91 165
183 146
21 57
76 154
75 125
81 283
178 196
295 133
250 28
75 112
69 105
299 107
176 77
292 225
293 6
222 59
256 135
243 104
9 28
153 19
1 83
278 285
117 178
257 272
84 118
223 31
190 204
280 221
146 117
175 23
81 190
76 96
252 37
64 18
36 12
95 268
253 88
17 72
96 69
187 273
4 231
134 161
81 245
113 113
135 278
219 287
135 268
56 294
12 138
149 119
139 47
135 243
67 91
159 151
176 214
196 97
257 231
175 81
193 90
67 39
26 79
98 286
279 212
49 153
24 42
89 249
244 162
252 275
177 10
275 162
11 52
282 170
250 267
108 208
247 194
24 175
212 24
235 174
26 242
284 35
283 49
262 124
98 226
287 213
127 26
130 13
182 137
155 163
71 183
128 263
189 69
92 204
77 100
93 78
112 154
203 76
199 146
72 216
181 48
126 110
123 7
195 255
117 56
291 101
63 239
7 170
73 3
154 150
227 201
55 247
74 90
236 9
224 273
72 59
220 156
162 249
203 42
150 108
209 72
62 192
61 23
78 69
270 186
86 231
177 197
38 192
252 251
275 273
83 228
83 98
47 3
96 297
156 1
72 245
136 116
139 134
254 249
134 268
198 223
171 271
215 75
77 209
233 218
145 103
200 16
70 280
276 298
299 165
162 131
247 122
7 49
297 137
104 260
235 182
153 53
179 157
65 119
36 255
109 50
65 181
160 61
58 134
50 187
69 108
282 211
260 67
203 288
300 256
138 58
111 234
90 42
212 289
296 207
256 247
179 156
216 72
257 90
28 26
133 6
217 97
163 114
154 228
183 118
227 153
138 72
165 37
78 279
185 128
75 125
280 192
263 5
95 248
273 219
225 122
270 105
271 193
120 133
250 124
276 54
178 228
17 165
143 94
222 94
270 80
271 48
52 1
248 234
204 198
20 220
77 180
124 289
173 47
222 243
49 174
102 249
113 278
71 118
263 255
34 44
91 232
232 57
290 195
92 232
151 245
125 163
204 227
273 300
243 76
250 246
194 43
20 103
220 6
13 142
238 182
165 46
102 28
274 148
79 143
140 66
228 230
208 16
15 131
259 233
178 9
51 260
62 72
77 122
16 281
214 89
187 253
32 130
29 40
183 6
123 108
89 74
89 102
233 296
280 103
112 243
202 158
229 214
88 263
295 57
198 103
55 260
89 84
175 138
143 117
276 109
182 17
119 64
112 270
125 103
45 143
300 236
201 246
260 280
89 288
90 254
213 286
121 196
34 53
169 295
104 228
245 197
260 285
255 63
217 123
266 131
118 261
206 17
297 18
6 217
170 85
122 147
95 134
186 242
236 180
107 106
2 39
76 103
217 14
188 82
212 133
93 205
222 29
46 50
18 270
106 103
2 187
72 227
220 96
275 9
115 155
246 133
288 168
233 21
102 204
89 121
25 13
93 233
283 298
19 190
293 52
239 176
154 46
193 62
71 73
280 219
103 237
104 225
297 90
46 37
209 98
162 134
66 285
283 254
143 100
152 53
229 187
284 142
203 82
155 176
146 273
261 134
110 249
38 65
153 106
203 83
268 61
97 116
69 34
185 79
132 211
150 36
177 112
193 133
9 132
156 47
232 154
154 117
233 41
146 192
26 137
249 100
215 294
79 45
124 283
246 263
299 7
118 95
279 227
58 10
109 287
193 266
82 40
133 46
289 66
202 30
130 15
60 150
194 44
79 138
100 69
127 76
170 150
129 244
6 148
187 238
203 166
257 131
176 36
101 141
171 217
231 2
203 300
95 42
179 97
217 173
248 30
232 44
39 169
69 60
297 96
261 7
137 252
287 270
110 64
280 88
141 280
31 262
3 96
244 126
50 233
15 160
203 50
270 246
57 294
89 38
96 53
56 102
71 284
48 43
182 232
264 79
41 22
169 294
119 95
28 112
272 221
270 94
39 226
219 239
29 95
199 8
161 124
108 255
49 283
214 207
285 230
3 229
223 77
224 172
283 93
13 3
96 254
232 282
273 134
280 150
209 1
176 230
236 121
103 283
241 284
265 69
297 278
106 268
139 219
64 29
31 173
179 76
110 126
11 110
259 82
82 42
24 220
40 257
292 11
47 143
263 232
261 11
278 259
230 67
95 168
93 45
120 126
3 271
80 229
62 66
107 90
61 143
152 130
141 101
295 143
126 187
249 257
267 87
153 279
198 248
292 299
176 290
260 164
144 179
244 91
233 206
48 102
284 293
93 199
93 176
114 139
147 219
57 62
40 114
113 261
259 290
279 157
20 187
117 239
81 163
68 112
213 13
6 168
118 248
123 150
289 263
233 236
50 135
300 289
249 141
130 113
21 259
197 109
99 40
254 13
124 231
244 74
293 89
36 249
150 110
124 159
146 138
25 56
44 247
88 24
188 44
55 217
77 208
299 251
264 227
158 5
78 139
227 101
101 70
231 15
173 250
140 55
110 70
17 164
239 206
249 104
72 179
138 3
6 201
127 137
141 21
159 36
188 270
39 138
152 288
290 269
75 76
145 181
44 185
90 213
68 34
212 90
145 192
92 50
238 150
222 270
6 78
47 80
269 193
233 137
157 120
247 274
154 232
168 92
56 197
282 9
98 124
15 194
243 242
143 158
127 232
9 64
196 184
129 107
295 164
36 61
34 151
134 282
125 239
187 53
61 181
56 168
61 159
100 70
279 55
286 243
58 105
41 46
204 253
117 169
281 250
153 204
185 66
4 286
39 62
294 190
57 99
9 49
170 118
224 161
155 148
4 262
7 212
165 44
264 263
212 33
236 244
9 64
102 172
285 12
201 192
42 278
78 258
127 51
211 247
146 102
63 65
276 202
297 122
84 192
276 261
204 47
163 211
135 265
276 264
155 119
149 229
238 196
298 226
225 116
217 208
24 122
23 32
153 52
295 72
32 288
34 271
233 287
251 248
211 67
238 279
259 117
13 138
115 196
63 62
270 39
213 279
62 45
96 287
58 266
253 91
113 89
128 39
286 45
164 130
108 249
65 153
290 118
13 129
191 104
195 127
158 212
256 107
93 219
185 104
246 203
43 189
227 58
154 170
300 265
213 17
221 159
277 277
158 210
66 41
168 48
259 260
66 25
295 266
121 210
112 179
68 66
175 155
76 46
10 29
97 127
286 274
3 18
279 14
106 160
207 44
3 273
49 217
234 120
82 44
274 55
120 245
99 41
139 47
127 227
53 200
174 275
292 90
103 228
87 23
66 209
233 45
13 121
240 282
77 246
300 21
266 50
91 172
270 116
94 281
180 96
70 147
236 53
280 114
136 91
299 118
214 253
73 283
264 226
172 13
85 92
142 223
146 102
270 284
264 115
262 115
261 143
248 84
249 249
39 279
97 84
88 89
71 10
288 161
225 87
230 211
133 61
215 71
106 31
197 184
50 69
264 159
294 11
11 263
241 242
77 101
189 37
99 164
24 11
149 86
48 300
61 79
149 232
262 27
262 7
127 159
69 11
21 90
104 62
3 83
183 45
133 79
242 123
134 283
68 18
69 282
60 167
99 181
207 261
19 60
270 168
179 145
287 38
151 251
86 90
134 153
283 268
91 267
249 277
46 276
257 69
235 114
47 69
81 33
145 5
173 99
243 114
204 103
105 229
71 54
259 190
210 204
222 293
269 52
27 223
291 66
232 283
103 277
62 278
282 183
33 206
71 206
60 28
8 274
80 217
158 78
282 90
82 67
118 255
177 103
168 144
179 219
196 99
128 33
268 257
214 110
67 300
27 284
10 127
43 87
164 141
230 252
19 197
152 11
165 188
84 28
247 33
183 262
46 194
202 11
172 13
13 115
150 290
168 91
229 159
51 262
214 93
289 280
43 232
171 192
220 207
239 254
267 218
111 174
236 13
25 64
178 159
148 89
232 79
290 16
277 160
252 40
20 190
173 293
184 62
268 44
297 155
72 259
184 264
28 234
297 119
277 52
193 226
5 124
191 124
283 294
33 220
109 287
31 104
165 34
77 214
121 185
195 125
140 192
178 78
196 167
271 226
152 172
47 163
286 208
201 290
209 20
58 285
141 17
102 88
54 5
241 178
55 174
117 135
212 194
113 46
272 159
82 83
245 175
82 129
170 282
53 34
70 78
94 111
250 210
267 196
125 55
280 259
94 179
125 149
246 57
268 237
19 269
143 49
229 15
296 276
61 98
175 48
210 131
92 21
268 212
266 110
