1000 1000
992
878
831
901
408
495
463
324
897
350
266
904
673
547
701
37
488
791
728
930
869
176
900
622
816
17
101
953
438
545
200
430
775
31
331
183
878
795
859
127
497
126
31
522
25
85
559
866
876
639
796
97
816
48
72
632
65
525
938
503
70
490
285
197
521
617
380
751
764
592
879
261
70
262
784
95
347
695
961
575
335
109
25
503
510
449
487
575
974
425
431
45
915
68
594
788
37
327
540
801
919
771
415
989
33
551
436
733
246
750
660
933
859
37
436
369
486
924
297
461
349
80
858
265
148
452
405
186
779
945
339
50
716
754
39
102
657
828
187
256
578
847
189
789
885
978
511
371
902
808
832
251
240
690
868
388
143
274
926
274
571
266
325
640
372
716
742
382
544
929
638
122
128
179
264
13
157
775
737
59
935
569
663
175
612
883
915
107
509
194
381
81
812
58
73
184
775
815
918
319
96
908
794
224
88
410
590
597
185
327
657
120
248
672
647
212
907
914
319
769
108
53
850
920
111
275
457
238
90
375
910
538
636
704
114
724
466
56
321
651
383
330
123
984
354
122
196
614
36
868
383
497
921
585
417
384
860
226
623
302
954
533
840
590
589
306
314
55
363
987
706
98
670
181
82
376
303
631
990
691
499
373
188
772
958
958
156
818
184
779
472
138
312
664
80
901
971
746
956
334
734
14
432
756
195
867
132
850
850
475
894
701
848
434
473
159
392
629
329
929
761
802
419
425
466
500
327
437
246
635
123
332
650
908
440
197
775
573
400
977
400
646
678
248
80
151
759
825
132
89
754
245
243
525
671
709
377
998
499
976
985
974
308
635
882
101
185
9
26
937
986
426
583
16
674
663
519
786
488
652
875
594
897
470
472
920
531
849
918
382
825
904
357
486
891
591
587
428
601
613
365
939
391
948
956
65
964
475
203
452
479
78
399
729
900
871
649
432
72
920
814
898
176
171
736
419
763
675
848
716
640
213
655
31
514
963
448
478
791
652
282
270
82
681
351
983
904
1
415
977
273
229
227
449
753
963
220
868
638
68
584
278
634
591
309
500
907
109
978
698
761
612
320
844
294
672
827
550
25
594
527
298
175
754
99
280
69
671
148
59
92
84
689
726
676
350
578
935
460
908
633
221
520
305
417
166
977
596
717
354
190
244
4
718
351
455
998
420
127
147
832
219
583
521
297
611
872
875
546
332
783
531
553
655
837
971
822
814
567
539
521
110
783
525
828
486
981
178
259
108
677
91
679
261
612
976
872
484
203
771
816
338
302
722
993
139
45
815
306
612
354
827
74
490
704
902
976
685
433
235
145
110
678
824
371
291
800
596
775
3
367
944
341
669
666
687
161
711
502
819
675
857
998
750
699
702
4
675
388
437
263
533
900
941
358
271
584
510
867
712
866
586
656
559
608
674
246
769
737
749
588
412
958
586
514
657
640
871
684
28
660
299
914
560
241
624
832
177
486
51
889
352
638
545
264
246
571
510
367
308
611
307
721
921
893
587
578
885
458
615
266
119
914
180
679
507
156
863
685
642
915
574
347
905
472
611
503
43
473
870
704
437
177
777
358
422
364
289
307
823
904
573
294
170
105
325
678
613
189
363
256
456
289
955
361
113
918
216
509
391
86
213
828
615
990
539
389
706
828
48
881
84
974
175
254
431
501
932
45
690
647
653
498
289
608
859
754
878
75
263
269
513
828
450
480
170
341
221
877
521
269
758
605
243
286
211
27
787
144
72
829
143
725
327
784
685
538
539
563
965
802
184
830
983
986
310
153
327
531
30
848
152
141
805
748
427
17
775
214
513
847
395
8
924
722
793
961
612
332
876
577
486
60
407
469
399
717
623
78
600
5
279
752
146
84
500
925
453
627
491
966
474
886
975
750
960
120
711
572
452
939
149
290
352
908
760
751
625
735
829
577
740
460
330
239
897
182
164
350
810
8
669
636
894
996
387
207
116
450
131
920
390
281
210
742
189
970
845
167
705
26
744
798
487
426
389
384
961
905
86
771
913
755
759
160
751
498
719
219
301
850
139
43
483
350
785
25
672
982
192
378
8
288
528
847
67
917
231
380
174
318
503
88
425
262
600
177
761
319
396
62
169
536
105
5
238
242
30
910
576
574
640
584
214
520
784
281
789
15
13
964
685
516
404
111
779
4
640
892
675
388
306
196
276
763
201
514
5
231
777
933
805
417
869
372
938
653
5
727
21
19
43
706
535
447
169
314
451
161
558
478
550
864
675
826
627
228
693
984
460
