1000 1000
548
967
51
232
235
906
598
940
482
925
852
754
928
682
41
51
835
451
566
357
847
662
805
616
939
765
83
149
0
183
83
548
150
134
132
386
40
83
678
522
8
531
276
288
213
317
692
400
120
610
757
319
272
563
935
212
680
371
713
680
554
796
229
56
283
713
794
675
796
473
550
157
4
178
445
569
496
489
969
968
99
79
288
372
642
575
936
322
298
649
3
852
797
584
261
432
649
55
108
798
880
658
955
884
836
752
805
684
242
775
653
693
854
293
417
848
220
353
170
519
354
525
723
152
461
984
584
463
392
692
261
272
702
216
157
539
320
962
575
914
89
580
608
295
225
25
143
446
379
666
965
85
543
688
237
5
25
174
468
417
218
81
689
921
297
198
812
617
513
387
884
602
320
492
898
545
869
393
991
600
59
308
686
603
349
275
960
374
449
780
791
668
861
832
589
158
31
753
127
544
492
11
498
812
855
748
710
725
142
701
677
201
362
363
804
711
639
764
85
440
544
228
108
405
60
49
915
443
802
395
339
647
758
838
459
614
586
169
691
728
223
720
282
937
84
86
648
75
203
85
515
99
665
976
857
77
25
124
521
180
519
860
827
630
50
638
244
989
160
287
717
735
7
999
672
443
438
320
518
993
757
386
444
422
362
653
499
739
778
20
919
649
233
98
279
635
737
875
624
897
162
694
632
522
45
656
965
483
328
484
828
85
222
625
507
936
278
358
675
408
731
595
58
964
693
689
599
782
565
576
31
79
270
15
601
315
671
567
151
999
403
979
436
625
604
295
561
235
654
588
643
385
535
53
701
581
743
652
363
308
228
395
739
498
410
341
814
434
908
317
433
663
296
222
640
253
517
553
840
171
141
483
556
677
537
257
258
280
262
621
940
490
368
679
341
131
372
507
565
632
824
350
295
472
572
935
725
90
488
565
613
630
401
522
659
290
131
917
570
393
890
862
884
611
893
577
742
266
84
659
898
908
361
546
380
934
481
458
376
970
375
341
952
776
863
611
66
995
880
988
388
770
202
624
381
448
201
475
66
285
134
964
545
496
862
926
782
344
736
510
666
111
851
970
240
715
581
658
710
813
647
98
583
201
75
317
649
276
144
715
914
279
32
459
127
894
385
261
590
473
771
608
585
622
578
825
689
511
483
399
324
482
850
260
36
925
929
685
201
73
753
115
704
785
927
831
31
312
444
974
138
215
582
723
190
513
900
879
24
735
279
701
570
481
313
606
406
242
643
959
667
396
427
372
533
354
555
917
666
0
891
804
567
825
879
757
338
779
637
715
867
268
768
437
749
81
43
507
675
686
466
342
83
893
66
968
247
974
885
266
974
776
422
893
602
654
651
940
785
640
7
652
260
775
89
361
208
484
868
883
171
686
578
606
580
996
574
179
970
460
797
296
588
220
190
190
226
193
483
11
833
842
664
445
618
753
806
178
590
26
62
761
712
992
719
644
340
293
824
311
105
973
959
694
193
149
236
419
694
71
783
879
914
447
324
884
552
482
62
142
508
476
255
221
820
974
217
161
268
41
824
725
15
783
771
560
285
8
332
979
431
115
859
345
914
183
581
466
666
644
961
526
472
216
747
293
191
965
454
811
358
278
888
725
413
660
638
698
20
322
678
451
789
537
149
703
72
730
521
90
726
482
617
199
51
716
844
594
33
650
757
744
928
645
469
693
305
459
392
325
781
70
129
570
959
278
625
31
8
147
122
735
981
91
286
384
807
130
330
841
780
87
585
60
733
406
753
390
218
145
68
999
567
197
922
526
475
899
558
835
398
32
922
732
123
208
116
930
690
447
123
470
886
60
882
971
467
636
362
685
133
782
36
701
331
310
579
806
210
137
993
960
521
916
692
644
124
161
927
167
608
50
637
846
463
872
818
282
860
532
967
993
666
355
46
997
18
626
803
228
115
796
540
637
64
233
633
189
394
560
356
354
963
345
200
426
569
370
708
429
902
27
775
568
734
821
565
752
799
720
332
915
869
873
904
933
106
537
474
500
98
182
206
413
880
406
839
449
129
899
879
31
926
6
952
12
827
869
765
979
942
97
246
811
970
150
96
428
687
923
928
137
105
486
550
337
245
741
787
374
640
18
757
918
24
709
931
203
579
48
182
521
145
428
684
116
930
132
544
618
55
825
107
161
663
658
850
908
399
989
282
392
7
40
662
383
101
945
587
32
993
121
905
139
902
941
607
832
74
503
802
129
680
910
642
344
920
493
252
671
482
887
63
842
279
78
225
380
23
164
