1000 1000
470
917
617
887
787
989
177
792
995
257
813
14
300
872
901
748
393
216
551
555
126
30
105
991
57
283
618
285
976
955
97
446
224
67
686
363
56
863
156
403
120
969
769
773
193
671
521
587
239
424
142
365
454
599
708
863
882
679
149
211
634
598
9
210
665
695
574
74
911
730
477
383
51
599
156
245
622
677
832
213
102
326
930
908
925
639
124
159
670
625
722
656
223
732
866
889
427
440
963
338
170
792
722
222
743
230
467
717
908
651
930
362
977
213
622
254
204
746
765
874
723
488
530
947
572
748
836
999
189
151
690
359
295
764
933
39
994
752
756
254
403
39
968
732
252
943
338
456
41
104
682
765
944
212
712
516
960
900
867
501
403
909
213
698
25
146
89
372
251
198
978
6
237
947
739
489
242
429
297
283
885
979
48
181
543
760
697
855
12
917
357
415
178
570
466
556
68
555
928
319
753
258
326
342
557
417
183
799
198
480
83
84
811
131
265
354
244
315
210
608
584
919
376
114
489
842
670
909
749
950
229
855
209
907
197
766
676
381
566
874
213
1
958
25
132
576
379
728
891
941
337
475
212
65
589
701
907
612
963
656
562
192
511
123
451
61
242
127
442
160
353
655
161
312
32
645
240
764
726
131
705
415
958
270
480
899
971
739
511
286
395
426
478
259
901
281
672
143
408
114
655
762
121
816
426
154
814
666
918
540
149
975
955
107
245
787
6
569
526
870
855
273
648
686
532
901
967
556
397
728
670
52
490
144
221
268
650
35
934
568
927
435
895
882
542
493
21
900
62
547
122
269
820
122
307
705
24
275
261
421
355
284
825
197
428
46
465
78
433
751
998
360
186
245
594
80
738
615
980
152
162
455
774
983
577
81
688
601
708
301
374
63
585
552
260
13
598
77
443
32
828
793
744
366
39
339
446
777
954
779
282
469
234
56
452
811
137
492
765
198
793
491
261
379
43
874
744
994
951
188
378
132
333
122
498
372
813
297
502
120
76
784
589
310
840
393
473
329
885
590
879
30
434
141
761
477
15
506
823
318
46
201
450
379
676
301
104
489
598
606
609
674
390
550
336
582
943
161
263
180
104
143
211
538
636
972
367
3
830
191
321
876
744
124
608
420
425
712
262
23
318
223
49
60
774
737
994
69
250
257
250
354
752
461
892
388
785
260
391
616
451
65
844
195
189
452
968
614
164
230
989
834
805
38
894
579
127
888
649
377
498
251
732
250
712
976
991
849
236
382
817
39
799
662
587
988
114
555
954
631
137
943
817
942
333
712
874
460
952
875
190
802
126
922
53
838
898
44
39
487
778
857
526
578
519
465
918
985
20
873
968
509
168
786
452
502
850
678
314
154
553
504
957
679
778
362
869
29
406
908
516
536
117
394
466
636
860
385
974
232
258
942
742
426
80
546
280
930
224
595
437
777
451
394
808
230
756
677
611
514
937
127
402
55
521
869
43
733
254
17
966
864
312
708
642
392
254
275
675
830
870
112
959
673
858
767
255
614
796
866
480
85
345
882
140
219
751
184
952
357
553
918
573
217
626
216
610
232
491
637
414
713
101
373
738
959
492
994
925
640
212
757
726
558
639
218
777
743
754
81
452
660
0
26
877
978
242
839
211
85
476
977
150
929
703
240
240
547
586
517
188
799
274
266
709
266
836
838
9
591
919
461
251
919
487
128
250
81
968
461
518
796
790
20
726
493
261
318
41
847
836
581
998
110
199
59
376
35
897
737
626
169
551
229
440
390
710
690
824
30
503
694
178
294
715
904
787
328
223
180
527
411
113
526
521
312
937
250
348
835
339
326
356
890
908
796
633
618
839
457
0
342
503
178
636
218
435
776
898
658
308
426
421
422
304
942
734
241
544
82
428
884
761
784
126
669
933
759
287
772
568
287
114
72
465
103
642
252
231
893
910
539
319
683
313
975
626
48
568
522
482
997
758
243
133
885
264
418
996
903
190
917
190
657
341
8
112
983
260
695
228
523
234
547
206
900
874
184
948
443
59
782
792
817
378
277
54
642
696
51
546
238
320
88
247
661
448
359
996
61
54
225
936
641
124
494
893
351
679
841
794
738
975
938
907
353
215
962
348
263
365
894
502
685
334
749
698
783
461
46
196
867
623
132
860
748
626
753
451
657
946
245
395
922
535
655
627
750
617
975
14
982
221
868
19
556
617
69
691
430
115
887
298
739
371
158
839
997
264
642
655
210
887
402
132
774
57
760
524
26
87
890
8
309
758
379
217
728
448
260
