1000 1000
880
384
111
126
453
328
495
711
345
329
491
676
454
649
538
220
731
529
518
855
516
565
341
78
328
758
935
226
614
910
435
846
294
546
972
747
874
467
810
571
149
302
248
955
303
138
175
386
667
694
593
536
611
934
966
939
44
902
165
658
812
601
504
459
499
477
558
726
296
369
297
797
23
897
752
326
388
928
64
55
974
657
943
585
944
910
876
988
164
41
647
328
994
503
787
846
980
346
924
629
715
221
426
738
471
179
416
859
459
480
266
785
137
210
722
81
472
598
70
636
991
69
316
338
572
104
184
905
802
108
534
517
681
312
607
152
843
375
363
654
855
630
439
344
192
161
778
16
111
200
4
103
269
320
793
841
424
977
746
226
437
632
95
470
297
54
975
140
429
338
795
636
968
234
981
512
748
111
528
859
311
532
314
580
205
107
773
629
436
872
208
225
504
655
696
801
710
671
294
491
361
89
480
330
675
461
194
775
572
75
987
235
959
653
815
164
113
588
146
549
460
354
775
317
361
823
470
423
846
764
915
207
205
395
889
233
208
84
360
132
159
699
367
118
353
534
635
466
474
781
15
935
487
142
604
848
317
74
272
163
191
539
723
748
286
612
333
846
48
46
330
207
745
49
678
98
583
665
564
57
446
932
344
933
426
948
133
96
375
757
611
918
648
334
18
934
947
704
132
995
750
462
555
495
511
585
594
446
250
510
504
696
794
200
981
573
149
466
669
876
224
280
146
872
615
164
159
914
868
291
261
618
754
816
114
617
753
60
64
3
922
920
51
69
120
384
994
621
851
663
849
75
295
995
299
262
160
458
528
28
102
790
999
856
606
465
825
360
877
241
715
151
161
767
220
634
151
214
255
354
229
105
429
877
100
81
491
612
539
20
993
641
162
344
849
120
809
675
832
686
916
548
189
430
667
410
64
170
976
671
525
558
776
954
787
229
35
630
193
927
650
186
920
164
530
770
285
691
797
117
729
65
665
919
495
684
681
559
855
9
583
380
919
711
686
706
940
74
337
486
353
339
24
273
504
907
43
141
598
192
258
680
258
276
599
753
960
632
665
167
993
248
547
913
959
586
971
252
660
660
738
365
0
114
638
856
21
682
349
972
226
607
652
484
883
603
590
196
235
255
363
228
855
263
493
166
201
465
418
213
125
508
578
477
623
216
685
996
250
34
968
477
642
620
961
877
575
551
425
810
158
789
391
13
404
884
180
605
349
950
818
827
811
396
304
786
612
990
782
215
376
103
692
370
75
653
248
651
557
673
461
715
814
204
729
570
441
261
175
790
563
345
969
374
93
274
160
58
616
295
273
344
398
965
715
473
970
963
124
527
988
938
243
155
494
324
725
935
937
253
78
500
950
47
875
44
673
387
102
641
34
375
986
432
692
53
258
662
368
734
190
356
672
433
863
519
109
941
454
46
546
532
898
496
932
773
892
605
513
994
599
547
721
937
332
413
990
590
428
358
324
618
66
349
403
930
868
512
223
322
910
769
207
808
617
139
934
510
96
447
856
695
346
578
632
678
343
974
620
771
332
297
741
399
646
144
681
866
8
904
540
270
25
747
79
642
238
13
152
687
812
361
382
510
291
367
541
986
693
161
110
26
810
851
777
456
348
458
674
708
362
215
979
387
314
58
381
553
423
534
240
587
247
974
97
538
693
638
524
387
152
634
765
314
486
542
771
186
0
797
894
714
12
873
101
327
283
834
232
706
368
472
293
967
798
743
505
492
733
30
231
237
664
996
552
502
890
675
40
890
472
935
604
485
160
57
164
444
891
396
502
612
868
796
579
18
891
437
862
624
467
93
862
483
441
414
338
683
89
378
573
561
665
529
398
826
938
562
270
182
310
772
146
530
920
77
549
811
514
411
436
333
857
650
169
650
64
859
334
505
237
259
418
255
141
169
81
431
731
703
613
394
827
111
924
748
541
825
911
407
237
699
93
446
349
262
448
765
473
782
270
62
394
41
317
535
210
398
966
293
101
932
687
929
395
612
29
936
437
940
344
26
992
789
824
341
51
273
459
524
55
729
938
801
770
256
336
980
654
655
626
108
939
313
389
334
277
418
623
715
710
319
93
702
108
918
396
511
191
855
387
598
936
325
400
59
581
88
391
588
95
17
696
34
331
437
721
608
855
344
675
917
15
769
972
123
39
368
634
582
575
21
180
511
698
932
922
280
21
314
868
468
683
916
503
14
705
576
975
560
920
2
829
287
123
801
410
162
521
396
744
96
417
277
960
467
209
882
747
582
