1000 1000
4
336
245
692
558
129
150
50
868
284
198
161
270
635
32
825
976
232
345
898
652
343
113
922
132
85
452
91
593
626
17
598
963
614
642
873
743
144
923
963
780
473
124
50
109
509
227
85
741
573
336
393
268
449
667
401
886
120
844
479
98
213
429
61
827
423
287
923
567
562
238
700
36
715
750
497
224
978
934
965
903
270
710
523
71
377
276
957
849
120
789
948
685
218
361
513
642
648
788
561
563
378
261
599
93
364
448
669
694
382
634
597
5
696
120
76
74
749
386
923
869
175
223
555
745
585
420
739
585
560
301
148
938
914
99
32
278
547
53
972
282
688
921
287
736
394
363
162
143
749
86
364
276
309
271
22
246
691
761
832
251
414
980
542
329
80
574
959
627
979
284
909
667
557
548
756
303
912
918
446
13
356
163
290
18
434
312
264
478
73
96
81
488
429
623
169
509
549
480
488
529
764
750
548
674
298
304
977
562
575
776
576
931
939
866
301
725
530
566
203
603
14
285
443
443
260
964
304
810
445
145
691
561
895
239
587
545
896
565
108
471
341
684
754
632
902
56
357
432
974
561
387
988
198
183
784
458
147
440
620
944
585
663
506
480
903
93
378
151
10
486
974
703
522
728
335
776
136
45
560
462
958
947
803
508
482
587
318
630
27
939
926
965
602
784
797
857
230
175
360
240
13
334
296
535
415
983
663
551
28
223
14
338
523
169
846
5
756
165
987
135
456
914
100
410
698
898
620
280
425
980
521
439
315
817
326
730
800
990
633
181
213
999
519
88
168
718
94
276
883
433
764
691
699
216
101
750
114
721
30
892
54
551
331
369
720
657
451
873
647
436
406
213
788
925
301
308
643
747
937
878
533
701
569
232
917
23
982
384
96
13
276
150
916
607
871
989
616
674
862
264
463
268
829
251
545
482
911
541
582
200
419
115
901
989
699
171
364
682
907
460
47
183
611
315
142
834
304
110
509
518
726
972
786
555
575
684
390
838
225
972
39
644
439
292
985
138
463
349
172
370
162
219
905
773
887
399
959
191
510
468
710
236
792
848
144
719
532
534
558
757
858
949
754
297
241
739
787
57
441
960
779
603
531
685
728
418
436
687
610
298
508
672
887
300
520
31
372
53
917
282
162
775
231
916
424
472
8
211
529
449
171
309
404
703
346
484
473
134
171
83
433
31
755
320
684
628
351
56
681
620
338
195
747
569
112
171
393
120
734
275
921
258
936
677
313
634
161
786
768
684
222
201
716
329
521
400
957
224
808
990
844
146
186
943
67
650
466
460
122
201
87
43
459
23
720
124
657
881
910
426
917
132
627
633
814
501
33
771
725
841
114
922
339
300
865
406
950
332
219
72
885
658
467
344
682
539
820
691
772
730
469
689
215
449
323
29
950
708
152
27
902
266
949
593
918
167
352
220
499
571
644
384
581
111
80
263
650
900
307
774
982
776
464
197
225
139
578
527
199
83
555
101
701
504
47
620
23
399
840
522
322
485
258
903
948
338
519
951
590
826
725
573
602
541
122
180
680
53
707
232
488
262
333
189
119
380
809
142
131
2
17
453
839
275
357
787
966
876
738
908
702
816
833
656
357
308
836
390
361
896
622
201
510
307
390
629
40
552
124
171
906
141
625
745
768
982
532
86
210
623
347
264
439
180
920
148
488
109
890
201
5
864
402
515
172
145
497
564
49
621
735
955
114
712
700
234
694
584
673
256
559
20
520
350
200
793
499
41
902
741
242
259
606
997
126
778
142
623
694
191
596
429
498
62
142
198
649
188
134
322
445
694
342
317
44
894
110
895
935
12
637
530
623
243
879
750
373
373
373
67
916
322
848
414
736
990
964
385
531
98
707
328
144
401
645
189
648
756
436
935
120
73
817
744
668
696
494
393
69
219
812
985
893
13
751
630
355
715
15
886
166
75
214
310
828
860
851
476
968
288
764
88
713
581
832
734
278
678
479
699
250
292
37
143
657
788
773
12
504
141
899
22
568
465
332
396
677
536
225
645
824
989
86
889
570
270
623
200
301
103
900
551
747
937
46
404
725
172
768
581
313
19
955
233
485
288
629
514
824
854
512
0
195
598
889
766
220
865
318
521
968
218
72
67
507
471
823
585
643
591
518
956
963
474
189
800
114
170
314
290
377
178
290
572
776
531
690
349
396
361
870
716
579
295
135
439
766
958
24
409
902
894
717
865
368
258
665
482
428
331
124
157
510
414
82
638
298
772
987
694
133
210
763
65
857
898
856
623
857
