50
151235874 196869783 446471078 466047461 235941727 237002079 479937653 543703077 125651233 649383673 295887832 304312272 146753760 993333706 870129207 267578521 503520249 261638685 796202869 741576338 149373175 867227571 798756848 996620117 614712291 559209248 260585848 705963008 761419225 356258194 530665885 111764092 157789255 425367776 928888025 527330619 14793802 164166977 651846972 962923826 61611197 648924865 26309213 112698112 286895061 695324726 642202856 478097625 753966948 662546986 
21 23
29 23
22 21
14 21
32 29
1 22
6 29
19 22
43 32
34 23
13 29
31 21
8 14
7 29
36 1
2 32
40 23
10 40
18 8
28 43
20 40
9 7
17 2
46 2
15 22
41 43
25 8
44 32
38 18
27 25
49 1
45 49
12 49
39 40
26 13
50 22
16 2
30 1
11 14
24 28
4 1
3 50
37 8
5 40
42 12
33 1
48 31
35 5
47 18
