99 98
2 1
3 1
4 1
5 3
6 5
7 1
8 2
9 4
10 6
11 3
12 10
13 1
14 13
15 8
16 11
17 12
18 12
19 16
20 17
21 18
22 6
23 8
24 10
25 2
26 16
27 20
28 23
29 21
30 2
31 11
32 1
33 25
34 13
35 8
36 6
37 31
38 23
39 23
40 3
41 31
42 18
43 33
44 33
45 20
46 36
47 18
48 42
49 39
50 42
51 20
52 26
53 6
54 31
55 3
56 23
57 52
58 33
59 52
60 8
61 27
62 24
63 37
64 12
65 56
66 28
67 14
68 38
69 13
70 23
71 18
72 68
73 65
74 48
75 3
76 5
77 51
78 62
79 75
80 1
81 69
82 17
83 52
84 21
85 69
86 41
87 62
88 76
89 4
90 48
91 67
92 38
93 22
94 60
95 55
96 47
97 52
98 10
99 10
