99 100
2 1
3 1
4 2
5 4
6 2
7 3
8 4
9 2
10 7
11 2
12 2
13 11
14 7
15 12
16 8
17 6
18 8
19 2
20 7
21 19
22 10
23 15
24 16
25 13
26 15
27 12
28 17
29 5
30 12
31 1
32 24
33 3
34 7
35 1
36 11
37 22
38 26
39 17
40 34
41 22
42 40
43 23
44 20
45 20
46 24
47 21
48 37
49 29
50 47
51 10
52 22
53 49
54 47
55 35
56 17
57 11
58 32
59 39
60 24
61 3
62 33
63 20
64 24
65 56
66 31
67 24
68 23
69 57
70 26
71 16
72 55
73 39
74 14
75 32
76 52
77 75
78 46
79 71
80 51
81 69
82 9
83 8
84 32
85 44
86 48
87 61
88 66
89 5
90 2
91 41
92 78
93 86
94 68
95 22
96 33
97 2
98 90
99 58
