4922 4568
2 1
3 2
4 2
5 2
6 5
7 4
8 7
9 4
10 5
11 7
12 4
13 9
14 12
15 2
16 2
17 11
18 10
19 4
20 1
21 19
22 14
23 9
24 13
25 18
26 18
27 23
28 23
29 17
30 29
31 22
32 7
33 31
34 16
35 31
36 11
37 7
38 36
39 9
40 22
41 31
42 5
43 24
44 32
45 35
46 20
47 8
48 46
49 9
50 39
51 46
52 37
53 41
54 15
55 6
56 25
57 18
58 16
59 7
60 18
61 16
62 20
63 57
64 9
65 1
66 53
67 33
68 40
69 2
70 42
71 5
72 34
73 20
74 36
75 47
76 58
77 26
78 23
79 20
80 15
81 22
82 78
83 38
84 33
85 56
86 84
87 60
88 16
89 23
90 31
91 29
92 71
93 61
94 64
95 7
96 83
97 13
98 47
99 62
100 47
101 100
102 71
103 42
104 42
105 77
106 52
107 1
108 29
109 11
110 52
111 77
112 49
113 71
114 6
115 4
116 31
117 107
118 24
119 24
120 59
121 78
122 47
123 26
124 30
125 9
126 2
127 39
128 117
129 114
130 37
131 11
132 77
133 122
134 118
135 25
136 46
137 108
138 137
139 88
140 99
141 119
142 53
143 116
144 45
145 116
146 53
147 2
148 85
149 123
150 114
151 110
152 150
153 36
154 21
155 30
156 9
157 86
158 143
159 115
160 73
161 150
162 116
163 9
164 74
165 67
166 86
167 26
168 54
169 49
170 158
171 131
172 15
173 83
174 135
175 93
176 102
177 81
178 100
179 174
180 8
181 174
182 145
183 131
184 146
185 176
186 123
187 91
188 12
189 123
190 20
191 109
192 71
193 135
194 134
195 82
196 58
197 133
198 88
199 138
200 7
201 145
202 27
203 160
204 113
205 61
206 134
207 168
208 108
209 7
210 15
211 122
212 127
213 138
214 160
215 61
216 148
217 173
218 86
219 201
220 54
221 133
222 71
223 159
224 222
225 39
226 27
227 168
228 111
229 122
230 38
231 147
232 9
233 106
234 104
235 132
236 111
237 70
238 182
239 177
240 116
241 43
242 151
243 178
244 58
245 75
246 207
247 188
248 243
249 184
250 153
251 28
252 67
253 110
254 172
255 157
256 90
257 46
258 48
259 156
260 12
261 97
262 200
263 223
264 38
265 246
266 42
267 154
268 167
269 156
270 120
271 156
272 50
273 140
274 150
275 147
276 126
277 251
278 148
279 223
280 77
281 71
282 169
283 196
284 19
285 190
286 67
287 143
288 154
289 165
290 24
291 105
292 94
293 227
294 217
295 263
296 129
297 71
298 288
299 240
300 47
301 96
302 248
303 21
304 169
305 161
306 131
307 238
308 147
309 134
310 68
311 49
312 49
313 96
314 36
315 19
316 310
317 277
318 207
319 57
320 151
321 256
322 120
323 178
324 236
325 72
326 264
327 242
328 34
329 73
330 185
331 61
332 207
333 131
334 303
335 152
336 179
337 143
338 17
339 90
340 329
341 154
342 231
343 315
344 38
345 319
346 138
347 127
348 55
349 185
350 165
351 136
352 88
353 98
354 77
355 229
356 140
357 292
358 119
359 303
360 110
361 275
362 215
363 60
364 314
365 15
366 225
367 109
368 162
369 43
370 289
371 304
372 354
373 232
374 152
375 293
376 273
377 314
378 20
379 101
380 134
381 304
382 184
383 165
384 11
385 280
386 300
387 44
388 368
389 88
390 373
391 318
392 161
393 171
394 228
395 11
396 235
397 324
398 256
399 146
400 51
401 145
402 210
403 63
404 24
405 371
406 395
407 33
408 200
409 84
410 367
411 12
412 110
413 32
414 344
415 120
416 411
417 363
418 98
419 245
420 282
421 225
422 221
423 148
424 279
425 240
426 131
427 355
428 384
429 269
430 385
431 49
432 428
433 333
434 349
435 42
436 287
437 258
438 226
439 366
440 215
441 33
442 350
443 262
444 337
445 309
446 101
447 219
448 378
449 328
450 338
451 61
452 100
453 269
454 423
455 230
456 265
457 169
458 361
459 423
460 368
461 264
462 421
463 199
464 47
465 298
466 314
467 252
468 152
469 152
470 15
471 99
472 304
473 62
474 419
475 443
476 20
477 130
478 169
479 59
480 477
481 352
482 331
483 331
484 170
485 420
486 363
487 358
488 185
489 422
490 391
491 357
492 145
493 36
494 354
495 131
496 408
497 45
498 191
499 273
500 58
501 254
502 126
503 25
504 36
505 16
506 452
507 251
508 323
509 202
510 142
511 375
512 268
513 465
514 66
515 338
516 61
517 459
518 101
519 325
520 153
521 464
522 516
523 161
524 498
525 384
526 440
527 272
528 318
529 96
530 161
531 67
532 231
533 492
534 169
535 117
536 111
537 41
538 285
539 417
540 200
541 367
542 312
543 26
544 243
545 176
546 406
547 242
548 403
549 488
550 218
551 225
552 396
553 515
554 344
555 311
556 363
557 163
558 291
559 113
560 276
561 360
562 371
563 352
564 353
565 431
566 176
567 475
568 149
569 223
570 432
571 289
572 46
573 226
574 68
575 372
576 297
577 292
578 151
579 50
580 426
581 337
582 114
583 308
584 51
585 195
586 35
587 113
588 94
589 206
590 255
591 256
592 507
593 452
594 479
595 440
596 402
597 379
598 389
599 558
600 564
601 123
602 421
603 353
604 439
605 188
606 217
607 74
608 148
609 257
610 21
611 496
612 139
613 114
614 550
615 60
616 615
617 527
618 585
619 437
620 412
621 246
622 203
623 314
624 433
625 381
626 363
627 605
628 155
629 235
630 565
631 169
632 199
633 326
634 125
635 28
636 4
637 203
638 403
639 586
640 151
641 351
642 495
643 528
644 289
645 67
646 644
647 594
648 17
649 319
650 363
651 620
652 320
653 439
654 435
655 471
656 602
657 106
658 301
659 548
660 120
661 255
662 463
663 638
664 379
665 583
666 268
667 652
668 199
669 261
670 274
671 394
672 439
673 535
674 172
675 439
676 287
677 538
678 342
679 426
680 472
681 126
682 443
683 98
684 657
685 393
686 525
687 365
688 61
689 102
690 120
691 546
692 357
693 551
694 362
695 591
696 10
697 348
698 409
699 617
700 673
701 389
702 240
703 597
704 358
705 389
706 642
707 201
708 8
709 454
710 364
711 689
712 144
713 531
714 87
715 373
716 710
717 715
718 524
719 525
720 262
721 188
722 125
723 62
724 614
725 382
726 292
727 564
728 698
729 313
730 520
731 253
732 308
733 227
734 616
735 110
736 469
737 179
738 538
739 660
740 112
741 586
742 259
743 705
744 633
745 712
746 531
747 441
748 593
749 114
750 435
751 683
752 738
753 724
754 273
755 406
756 551
757 724
758 511
759 612
760 199
761 704
762 118
763 381
764 572
765 340
766 507
767 761
768 356
769 424
770 425
771 361
772 709
773 316
774 185
775 706
776 672
777 613
778 403
779 254
780 511
781 496
782 652
783 629
784 410
785 73
786 215
787 224
788 486
789 604
790 703
791 396
792 585
793 734
794 694
795 399
796 276
797 372
798 603
799 430
800 10
801 352
802 583
803 379
804 799
805 9
806 185
807 495
808 524
809 36
810 664
811 35
812 146
813 99
814 183
815 532
816 748
817 111
818 501
819 535
820 626
821 105
822 88
823 321
824 211
825 694
826 582
827 312
828 530
829 509
830 372
831 337
832 11
833 708
834 553
835 187
836 663
837 655
838 4
839 569
840 661
841 596
842 54
843 66
844 212
845 48
846 130
847 45
848 133
849 533
850 323
851 651
852 109
853 681
854 523
855 560
856 416
857 311
858 257
859 435
860 292
861 77
862 528
863 803
864 360
865 562
866 863
867 749
868 718
869 710
870 615
871 481
872 98
873 752
874 351
875 255
876 5
877 621
878 601
879 344
880 511
881 709
882 825
883 446
884 758
885 721
886 476
887 588
888 763
889 94
890 626
891 464
892 822
893 695
894 326
895 171
896 306
897 504
898 796
899 802
900 819
901 895
902 12
903 850
904 881
905 621
906 600
907 384
908 54
909 338
910 744
911 20
912 909
913 321
914 168
915 681
916 753
917 231
918 340
919 581
920 202
921 372
922 98
923 518
924 236
925 647
926 60
927 632
928 880
929 798
930 900
931 677
932 284
933 466
934 372
935 512
936 535
937 763
938 535
939 148
940 233
941 896
942 687
943 36
944 587
945 635
946 238
947 434
948 653
949 462
950 909
951 196
952 729
953 578
954 418
955 340
956 214
957 937
958 878
959 501
960 881
961 333
962 916
963 89
964 39
965 45
966 163
967 95
968 265
969 233
970 823
971 651
972 658
973 343
974 898
975 854
976 574
977 575
978 570
979 875
980 89
981 642
982 907
983 412
984 836
985 730
986 536
987 253
988 824
989 781
990 330
991 806
992 319
993 274
994 417
995 238
996 76
997 526
998 771
999 866
1000 175
1001 955
1002 746
1003 680
1004 213
1005 373
1006 242
1007 240
1008 146
1009 529
1010 656
1011 671
1012 577
1013 303
1014 284
1015 270
1016 874
1017 600
1018 59
1019 269
1020 701
1021 207
1022 888
1023 586
1024 443
1025 718
1026 513
1027 439
1028 184
1029 804
1030 1023
1031 29
1032 335
1033 718
1034 780
1035 997
1036 136
1037 875
1038 613
1039 570
1040 75
1041 759
1042 198
1043 862
1044 148
1045 826
1046 845
1047 266
1048 893
1049 422
1050 803
1051 942
1052 859
1053 860
1054 678
1055 374
1056 49
1057 387
1058 907
1059 908
1060 64
1061 296
1062 752
1063 224
1064 110
1065 886
1066 194
1067 856
1068 590
1069 690
1070 994
1071 1007
1072 148
1073 844
1074 14
1075 658
1076 866
1077 121
1078 449
1079 86
1080 735
1081 307
1082 821
1083 692
1084 107
1085 820
1086 581
1087 363
1088 1065
1089 28
1090 907
1091 4
1092 664
1093 98
1094 424
1095 227
1096 428
1097 941
1098 487
1099 275
1100 77
1101 1052
1102 794
1103 164
1104 358
1105 22
1106 315
1107 854
1108 558
1109 284
1110 197
1111 726
1112 938
1113 623
1114 622
1115 109
1116 98
1117 549
1118 634
1119 944
1120 31
1121 216
1122 502
1123 544
1124 996
1125 226
1126 606
1127 124
1128 198
1129 851
1130 1038
1131 324
1132 1131
1133 458
1134 1033
1135 570
1136 709
1137 1033
1138 718
1139 1127
1140 1128
1141 225
1142 91
1143 751
1144 520
1145 289
1146 139
1147 188
1148 166
1149 657
1150 109
1151 886
1152 10
1153 743
1154 660
1155 726
1156 920
1157 184
1158 585
1159 694
1160 645
1161 24
1162 426
1163 1129
1164 1038
1165 637
1166 2
1167 940
1168 209
1169 225
1170 654
1171 571
1172 333
1173 872
1174 942
1175 551
1176 811
1177 8
1178 986
1179 618
1180 604
1181 326
1182 60
1183 165
1184 461
1185 983
1186 95
1187 509
1188 333
1189 937
1190 920
1191 439
1192 484
1193 232
1194 923
1195 1065
1196 12
1197 286
1198 839
1199 279
1200 657
1201 340
1202 226
1203 247
1204 345
1205 1169
1206 124
1207 853
1208 588
1209 216
1210 672
1211 410
1212 146
1213 1006
1214 49
1215 148
1216 725
1217 41
1218 1194
1219 627
1220 190
1221 250
1222 226
1223 241
1224 785
1225 191
1226 263
1227 701
1228 91
1229 397
1230 857
1231 21
1232 194
1233 1137
1234 353
1235 413
1236 1176
1237 1002
1238 934
1239 987
1240 708
1241 677
1242 470
1243 367
1244 746
1245 435
1246 177
1247 516
1248 1003
1249 322
1250 852
1251 1119
1252 819
1253 593
1254 539
1255 1031
1256 233
1257 845
1258 649
1259 621
1260 573
1261 111
1262 1090
1263 195
1264 256
1265 1250
1266 701
1267 90
1268 466
1269 363
1270 980
1271 178
1272 666
1273 1008
1274 281
1275 371
1276 537
1277 876
1278 910
1279 282
1280 667
1281 155
1282 51
1283 539
1284 70
1285 1154
1286 331
1287 1160
1288 702
1289 1124
1290 1273
1291 1094
1292 1087
1293 921
1294 8
1295 481
1296 813
1297 84
1298 1039
1299 644
1300 32
1301 831
1302 389
1303 391
1304 1084
1305 1047
1306 542
1307 306
1308 552
1309 846
1310 1307
1311 434
1312 301
1313 534
1314 521
1315 661
1316 1184
1317 1036
1318 628
1319 414
1320 891
1321 892
1322 417
1323 727
1324 741
1325 259
1326 298
1327 1051
1328 328
1329 1240
1330 1131
1331 20
1332 373
1333 1235
1334 1232
1335 644
1336 488
1337 429
1338 627
1339 650
1340 25
1341 1135
1342 827
1343 771
1344 187
1345 1246
1346 379
1347 532
1348 420
1349 573
1350 581
1351 1010
1352 273
1353 761
1354 804
1355 1283
1356 1053
1357 440
1358 547
1359 81
1360 671
1361 78
1362 57
1363 346
1364 335
1365 800
1366 276
1367 900
1368 808
1369 407
1370 464
1371 867
1372 1357
1373 871
1374 322
1375 1098
1376 93
1377 605
1378 1006
1379 1035
1380 1168
1381 629
1382 1071
1383 838
1384 402
1385 679
1386 886
1387 958
1388 317
1389 376
1390 1053
1391 758
1392 1275
1393 623
1394 111
1395 19
1396 1389
1397 1058
1398 953
1399 331
1400 959
1401 1357
1402 227
1403 114
1404 1307
1405 1
1406 621
1407 1009
1408 1210
1409 607
1410 741
1411 966
1412 1358
1413 482
1414 330
1415 252
1416 498
1417 735
1418 1329
1419 1109
1420 491
1421 310
1422 336
1423 649
1424 1282
1425 1355
1426 862
1427 982
1428 611
1429 208
1430 969
1431 256
1432 1172
1433 528
1434 261
1435 841
1436 321
1437 474
1438 79
1439 1027
1440 263
1441 700
1442 381
1443 771
1444 1261
1445 682
1446 836
1447 961
1448 1354
1449 980
1450 1017
1451 540
1452 807
1453 693
1454 1296
1455 704
1456 312
1457 415
1458 1183
1459 381
1460 574
1461 1161
1462 212
1463 786
1464 276
1465 1288
1466 853
1467 1162
1468 149
1469 113
1470 1249
1471 749
1472 1009
1473 209
1474 1352
1475 832
1476 652
1477 1004
1478 1197
1479 512
1480 1074
1481 1067
1482 309
1483 1445
1484 1134
1485 403
1486 1315
1487 1062
1488 345
1489 515
1490 1288
1491 167
1492 1134
1493 1469
1494 1390
1495 36
1496 554
1497 403
1498 1364
1499 1455
1500 480
1501 35
1502 1319
1503 364
1504 279
1505 839
1506 225
1507 841
1508 690
1509 46
1510 1065
1511 1248
1512 604
1513 425
1514 269
1515 242
1516 1273
1517 772
1518 1448
1519 1026
1520 1047
1521 529
1522 1470
1523 315
1524 1146
1525 721
1526 470
1527 669
1528 252
1529 331
1530 452
1531 714
1532 1424
1533 626
1534 1087
1535 529
1536 556
1537 265
1538 1001
1539 496
1540 118
1541 846
1542 1525
1543 1327
1544 141
1545 1175
1546 298
1547 207
1548 766
1549 502
1550 956
1551 710
1552 938
1553 1165
1554 931
1555 733
1556 558
1557 632
1558 1010
1559 77
1560 535
1561 140
1562 762
1563 762
1564 1092
1565 1277
1566 209
1567 422
1568 130
1569 511
1570 575
1571 912
1572 560
1573 1404
1574 1451
1575 1012
1576 272
1577 1575
1578 374
1579 54
1580 1400
1581 733
1582 1249
1583 1448
1584 1379
1585 199
1586 1396
1587 1347
1588 1175
1589 538
1590 209
1591 1341
1592 1566
1593 3
1594 1347
1595 727
1596 141
1597 727
1598 171
1599 893
1600 527
1601 666
1602 1598
1603 1269
1604 1233
1605 605
1606 1338
1607 1182
1608 1425
1609 263
1610 1169
1611 1400
1612 708
1613 98
1614 1364
1615 1561
1616 996
1617 822
1618 111
1619 1449
1620 891
1621 810
1622 680
1623 49
1624 904
1625 694
1626 201
1627 695
1628 1468
1629 954
1630 1342
1631 735
1632 927
1633 1134
1634 55
1635 976
1636 126
1637 339
1638 1495
1639 1386
1640 1515
1641 770
1642 1131
1643 1138
1644 582
1645 88
1646 1623
1647 1216
1648 38
1649 1229
1650 1274
1651 775
1652 1250
1653 1644
1654 710
1655 1546
1656 1151
1657 687
1658 862
1659 1608
1660 1488
1661 227
1662 1184
1663 1480
1664 507
1665 1038
1666 440
1667 1318
1668 109
1669 896
1670 780
1671 1121
1672 255
1673 578
1674 297
1675 241
1676 1622
1677 983
1678 226
1679 265
1680 901
1681 1021
1682 170
1683 1045
1684 345
1685 767
1686 843
1687 992
1688 956
1689 997
1690 65
1691 1258
1692 1377
1693 1172
1694 1691
1695 1257
1696 1162
1697 1694
1698 689
1699 488
1700 857
1701 328
1702 1274
1703 702
1704 1681
1705 1553
1706 1298
1707 1057
1708 259
1709 892
1710 1338
1711 289
1712 1113
1713 1043
1714 585
1715 1622
1716 1084
1717 478
1718 1219
1719 717
1720 279
1721 1451
1722 1220
1723 1323
1724 40
1725 956
1726 906
1727 236
1728 1501
1729 1326
1730 640
1731 1683
1732 809
1733 465
1734 1232
1735 663
1736 1216
1737 968
1738 1549
1739 389
1740 977
1741 177
1742 1585
1743 720
1744 490
1745 580
1746 1134
1747 1181
1748 1009
1749 1214
1750 479
1751 1016
1752 103
1753 114
1754 219
1755 1375
1756 1138
1757 1087
1758 470
1759 602
1760 680
1761 1267
1762 403
1763 1345
1764 1452
1765 440
1766 1397
1767 1336
1768 178
1769 123
1770 1126
1771 42
1772 349
1773 1045
1774 856
1775 569
1776 1416
1777 852
1778 1010
1779 826
1780 1657
1781 1725
1782 1262
1783 571
1784 850
1785 1580
1786 1136
1787 1065
1788 55
1789 1487
1790 1271
1791 1588
1792 594
1793 260
1794 1324
1795 1391
1796 347
1797 61
1798 969
1799 749
1800 521
1801 1356
1802 1386
1803 1368
1804 1630
1805 207
1806 409
1807 1084
1808 1253
1809 1121
1810 1473
1811 325
1812 900
1813 929
1814 533
1815 1669
1816 981
1817 131
1818 941
1819 658
1820 65
1821 1240
1822 1149
1823 1553
1824 1290
1825 1817
1826 1685
1827 843
1828 1542
1829 25
1830 574
1831 867
1832 821
1833 836
1834 172
1835 666
1836 598
1837 498
1838 1663
1839 1648
1840 647
1841 1216
1842 935
1843 34
1844 1270
1845 152
1846 252
1847 218
1848 487
1849 1268
1850 802
1851 1767
1852 1826
1853 1424
1854 251
1855 932
1856 1181
1857 658
1858 1204
1859 286
1860 334
1861 972
1862 470
1863 1516
1864 612
1865 1446
1866 1612
1867 1492
1868 994
1869 816
1870 1834
1871 244
1872 1824
1873 1760
1874 1265
1875 1212
1876 1855
1877 1725
1878 1009
1879 607
1880 1144
1881 411
1882 1695
1883 1434
1884 997
1885 45
1886 1344
1887 494
1888 703
1889 1291
1890 82
1891 1411
1892 85
1893 767
1894 516
1895 1158
1896 1262
1897 139
1898 484
1899 677
1900 1364
1901 898
1902 848
1903 1714
1904 660
1905 572
1906 99
1907 1408
1908 1554
1909 1122
1910 1886
1911 1694
1912 643
1913 1254
1914 813
1915 1094
1916 874
1917 1444
1918 1643
1919 973
1920 1122
1921 615
1922 1160
1923 672
1924 417
1925 914
1926 1678
1927 144
1928 735
1929 362
1930 575
1931 1251
1932 1234
1933 1322
1934 1681
1935 193
1936 633
1937 977
1938 715
1939 681
1940 1280
1941 1824
1942 1043
1943 670
1944 1622
1945 1183
1946 302
1947 735
1948 1173
1949 277
1950 1707
1951 1485
1952 988
1953 1763
1954 680
1955 58
1956 253
1957 1573
1958 1084
1959 1090
1960 693
1961 297
1962 811
1963 1173
1964 1386
1965 828
1966 1922
1967 313
1968 1915
1969 181
1970 591
1971 1820
1972 1123
1973 298
1974 1042
1975 1066
1976 1189
1977 1581
1978 465
1979 411
1980 1716
1981 117
1982 1194
1983 1491
1984 1003
1985 977
1986 460
1987 24
1988 420
1989 715
1990 202
1991 825
1992 405
1993 1875
1994 199
1995 1845
1996 1711
1997 244
1998 199
1999 1530
2000 236
2001 1077
2002 1261
2003 1429
2004 1438
2005 893
2006 1097
2007 1522
2008 193
2009 1244
2010 1791
2011 1325
2012 576
2013 493
2014 1879
2015 1774
2016 1533
2017 1430
2018 1556
2019 654
2020 1855
2021 1001
2022 903
2023 743
2024 776
2025 187
2026 1674
2027 1432
2028 46
2029 1393
2030 1006
2031 1401
2032 650
2033 578
2034 1384
2035 786
2036 308
2037 1608
2038 175
2039 485
2040 1164
2041 693
2042 482
2043 1194
2044 1404
2045 1806
2046 1687
2047 1126
2048 346
2049 2041
2050 1625
2051 431
2052 572
2053 1719
2054 382
2055 1864
2056 44
2057 691
2058 1413
2059 1552
2060 829
2061 336
2062 369
2063 323
2064 871
2065 392
2066 1698
2067 1780
2068 504
2069 1275
2070 1247
2071 511
2072 1997
2073 775
2074 1197
2075 1939
2076 747
2077 1536
2078 1457
2079 1791
2080 382
2081 428
2082 782
2083 2010
2084 1102
2085 241
2086 1051
2087 591
2088 872
2089 732
2090 1503
2091 1051
2092 800
2093 654
2094 2043
2095 281
2096 294
2097 1674
2098 1845
2099 1254
2100 1003
2101 1440
2102 1477
2103 1992
2104 993
2105 1351
2106 1777
2107 1228
2108 406
2109 617
2110 1269
2111 279
2112 344
2113 236
2114 1697
2115 1525
2116 1662
2117 1036
2118 683
2119 92
2120 962
2121 679
2122 1071
2123 1116
2124 1231
2125 596
2126 1797
2127 54
2128 1564
2129 892
2130 685
2131 1329
2132 1587
2133 473
2134 99
2135 1627
2136 457
2137 1290
2138 1474
2139 1537
2140 749
2141 5
2142 1285
2143 1439
2144 793
2145 418
2146 1464
2147 2099
2148 1758
2149 1984
2150 1584
2151 867
2152 1195
2153 1077
2154 670
2155 217
2156 1214
2157 956
2158 128
2159 387
2160 1762
2161 1932
2162 1911
2163 1588
2164 1800
2165 806
2166 1148
2167 861
2168 570
2169 1588
2170 978
2171 1791
2172 1322
2173 1341
2174 5
2175 710
2176 1020
2177 1059
2178 2014
2179 1218
2180 1071
2181 1778
2182 1283
2183 1686
2184 493
2185 1884
2186 1207
2187 812
2188 1714
2189 604
2190 470
2191 1487
2192 1851
2193 554
2194 1054
2195 105
2196 1286
2197 1165
2198 1766
2199 339
2200 880
2201 552
2202 163
2203 400
2204 2030
2205 1904
2206 2118
2207 1563
2208 1584
2209 1074
2210 2078
2211 1090
2212 596
2213 1718
2214 1578
2215 85
2216 1196
2217 906
2218 1618
2219 1423
2220 768
2221 1004
2222 1600
2223 1554
2224 1805
2225 317
2226 63
2227 585
2228 726
2229 651
2230 1312
2231 1837
2232 1613
2233 1561
2234 913
2235 338
2236 637
2237 1539
2238 1084
2239 2052
2240 1383
2241 1620
2242 1678
2243 1229
2244 1397
2245 1835
2246 503
2247 561
2248 214
2249 1681
2250 1081
2251 546
2252 227
2253 409
2254 1797
2255 430
2256 209
2257 2111
2258 468
2259 224
2260 990
2261 1208
2262 717
2263 172
2264 1299
2265 402
2266 328
2267 1398
2268 1274
2269 497
2270 668
2271 1496
2272 1497
2273 1862
2274 541
2275 504
2276 1480
2277 716
2278 799
2279 353
2280 1574
2281 562
2282 1188
2283 599
2284 1187
2285 522
2286 2036
2287 381
2288 446
2289 695
2290 495
2291 2168
2292 1030
2293 726
2294 174
2295 1173
2296 1399
2297 84
2298 241
2299 231
2300 1166
2301 1278
2302 1078
2303 577
2304 2116
2305 603
2306 139
2307 1823
2308 1830
2309 921
2310 999
2311 282
2312 599
2313 416
2314 548
2315 2046
2316 1479
2317 923
2318 1206
2319 1353
2320 2214
2321 1846
2322 2186
2323 1570
2324 195
2325 682
2326 492
2327 1018
2328 1557
2329 723
2330 290
2331 967
2332 1733
2333 713
2334 925
2335 1888
2336 553
2337 2033
2338 2124
2339 99
2340 723
2341 1215
2342 1415
2343 237
2344 1058
2345 2132
2346 1168
2347 582
2348 569
2349 1055
2350 2163
2351 1399
2352 1204
2353 1564
2354 1246
2355 1466
2356 1525
2357 74
2358 851
2359 1792
2360 388
2361 121
2362 1563
2363 1201
2364 1419
2365 1980
2366 2297
2367 568
2368 1382
2369 2161
2370 1691
2371 279
2372 1619
2373 2301
2374 1895
2375 1261
2376 541
2377 2056
2378 550
2379 1298
2380 478
2381 332
2382 2170
2383 1702
2384 516
2385 2319
2386 222
2387 778
2388 1841
2389 234
2390 1790
2391 1576
2392 1963
2393 618
2394 96
2395 1880
2396 918
2397 267
2398 428
2399 1073
2400 2249
2401 1560
2402 1203
2403 2131
2404 1228
2405 1335
2406 2139
2407 170
2408 1106
2409 201
2410 349
2411 463
2412 458
2413 64
2414 720
2415 829
2416 869
2417 629
2418 1132
2419 67
2420 1580
2421 1126
2422 996
2423 1121
2424 2242
2425 1660
2426 1633
2427 1791
2428 2407
2429 1741
2430 2427
2431 744
2432 1582
2433 1719
2434 317
2435 1019
2436 499
2437 1842
2438 2027
2439 2312
2440 1069
2441 2421
2442 1480
2443 534
2444 846
2445 1849
2446 105
2447 762
2448 2089
2449 2033
2450 1400
2451 275
2452 1791
2453 2174
2454 899
2455 176
2456 94
2457 733
2458 1988
2459 2107
2460 1674
2461 573
2462 2410
2463 330
2464 173
2465 2294
2466 2306
2467 122
2468 1461
2469 369
2470 767
2471 461
2472 1278
2473 145
2474 592
2475 2017
2476 492
2477 301
2478 436
2479 594
2480 2073
2481 2206
2482 1750
2483 1084
2484 1238
2485 40
2486 859
2487 1859
2488 1954
2489 1766
2490 591
2491 238
2492 349
2493 2007
2494 1054
2495 583
2496 443
2497 112
2498 370
2499 2185
2500 558
2501 1324
2502 459
2503 1005
2504 762
2505 1088
2506 1139
2507 1015
2508 167
2509 1166
2510 340
2511 1058
2512 778
2513 1905
2514 2223
2515 1301
2516 607
2517 789
2518 1059
2519 1285
2520 724
2521 1504
2522 1586
2523 46
2524 394
2525 968
2526 1605
2527 1834
2528 2330
2529 2159
2530 556
2531 368
2532 66
2533 2286
2534 1911
2535 890
2536 566
2537 1718
2538 1557
2539 2298
2540 457
2541 2024
2542 1563
2543 1442
2544 188
2545 459
2546 903
2547 185
2548 1837
2549 782
2550 1218
2551 670
2552 1306
2553 1970
2554 553
2555 747
2556 2132
2557 1794
2558 889
2559 479
2560 1436
2561 1119
2562 2251
2563 1128
2564 2105
2565 506
2566 1145
2567 2340
2568 1328
2569 457
2570 1811
2571 490
2572 2282
2573 1377
2574 349
2575 739
2576 1061
2577 1466
2578 1597
2579 2071
2580 944
2581 1641
2582 34
2583 1201
2584 1109
2585 1075
2586 851
2587 2536
2588 927
2589 1656
2590 739
2591 218
2592 1687
2593 583
2594 812
2595 1
2596 1853
2597 383
2598 757
2599 1523
2600 1733
2601 494
2602 129
2603 1138
2604 877
2605 1871
2606 841
2607 764
2608 1297
2609 436
2610 1137
2611 440
2612 2189
2613 1416
2614 2080
2615 1509
2616 1005
2617 693
2618 1128
2619 805
2620 419
2621 2585
2622 2267
2623 1830
2624 1071
2625 2340
2626 98
2627 2589
2628 1596
2629 1834
2630 1164
2631 112
2632 1852
2633 560
2634 1297
2635 793
2636 1110
2637 1760
2638 1796
2639 774
2640 621
2641 1124
2642 1305
2643 516
2644 1267
2645 1408
2646 1011
2647 1880
2648 2617
2649 2523
2650 225
2651 582
2652 1654
2653 2444
2654 121
2655 671
2656 1443
2657 2408
2658 547
2659 156
2660 1352
2661 2099
2662 1530
2663 676
2664 642
2665 2347
2666 1580
2667 2195
2668 637
2669 973
2670 1590
2671 1984
2672 2195
2673 2629
2674 1755
2675 367
2676 2604
2677 1494
2678 1672
2679 2354
2680 1324
2681 1554
2682 2241
2683 2556
2684 188
2685 1780
2686 1837
2687 1311
2688 2163
2689 1377
2690 74
2691 2592
2692 2619
2693 1832
2694 783
2695 1633
2696 317
2697 623
2698 1166
2699 1491
2700 433
2701 619
2702 1225
2703 2437
2704 2586
2705 914
2706 789
2707 2315
2708 678
2709 330
2710 2042
2711 634
2712 2162
2713 504
2714 164
2715 1817
2716 211
2717 1028
2718 2595
2719 2090
2720 2426
2721 974
2722 349
2723 1855
2724 1763
2725 2256
2726 1557
2727 1060
2728 1278
2729 2324
2730 1364
2731 2213
2732 1751
2733 2729
2734 762
2735 560
2736 2524
2737 779
2738 2109
2739 48
2740 2567
2741 811
2742 2238
2743 2227
2744 983
2745 2067
2746 2012
2747 2578
2748 1219
2749 1047
2750 588
2751 816
2752 1209
2753 2488
2754 1704
2755 924
2756 1915
2757 2558
2758 353
2759 722
2760 1167
2761 2512
2762 2295
2763 2726
2764 2716
2765 2466
2766 1206
2767 829
2768 1917
2769 2279
2770 1828
2771 1224
2772 603
2773 1368
2774 176
2775 1808
2776 1383
2777 957
2778 1507
2779 244
2780 2663
2781 979
2782 2327
2783 591
2784 98
2785 444
2786 2364
2787 1538
2788 289
2789 1191
2790 1161
2791 2018
2792 2351
2793 2475
2794 752
2795 934
2796 2340
2797 2104
2798 704
2799 378
2800 786
2801 910
2802 1569
2803 996
2804 1520
2805 1277
2806 1168
2807 2109
2808 1023
2809 2335
2810 2074
2811 2209
2812 144
2813 1654
2814 2759
2815 2379
2816 1221
2817 2471
2818 2101
2819 577
2820 1555
2821 2105
2822 1949
2823 526
2824 1867
2825 1801
2826 1499
2827 2006
2828 527
2829 2137
2830 1962
2831 158
2832 1971
2833 2706
2834 59
2835 1732
2836 620
2837 2751
2838 2454
2839 2370
2840 2597
2841 581
2842 1586
2843 1054
2844 920
2845 1237
2846 1226
2847 396
2848 21
2849 477
2850 2630
2851 2001
2852 2338
2853 1848
2854 1952
2855 2145
2856 678
2857 143
2858 18
2859 1886
2860 483
2861 2278
2862 845
2863 926
2864 2326
2865 2674
2866 444
2867 2682
2868 198
2869 1305
2870 60
2871 2273
2872 390
2873 1101
2874 2541
2875 2705
2876 2607
2877 1405
2878 2251
2879 5
2880 949
2881 1474
2882 410
2883 2620
2884 2026
2885 448
2886 1553
2887 1893
2888 2533
2889 2037
2890 28
2891 2762
2892 2384
2893 1949
2894 839
2895 2691
2896 1869
2897 1800
2898 2698
2899 2719
2900 2021
2901 1449
2902 308
2903 2604
2904 653
2905 1450
2906 1087
2907 65
2908 2120
2909 550
2910 2664
2911 53
2912 2626
2913 807
2914 567
2915 2076
2916 2318
2917 870
2918 1239
2919 1750
2920 793
2921 1604
2922 386
2923 1310
2924 22
2925 170
2926 1675
2927 1437
2928 1262
2929 1797
2930 902
2931 748
2932 2611
2933 1034
2934 2170
2935 898
2936 2422
2937 49
2938 2133
2939 1769
2940 2685
2941 641
2942 1743
2943 2783
2944 1678
2945 975
2946 2701
2947 1841
2948 1632
2949 1684
2950 1182
2951 2183
2952 2879
2953 848
2954 475
2955 895
2956 881
2957 409
2958 1232
2959 160
2960 1138
2961 2957
2962 151
2963 233
2964 2504
2965 2536
2966 2757
2967 977
2968 1902
2969 456
2970 176
2971 1044
2972 2421
2973 1840
2974 2542
2975 576
2976 2808
2977 1302
2978 172
2979 2159
2980 2270
2981 2119
2982 1984
2983 1338
2984 2717
2985 2654
2986 353
2987 918
2988 1021
2989 190
2990 1846
2991 2266
2992 1118
2993 1792
2994 2963
2995 2487
2996 2214
2997 2228
2998 1172
2999 147
3000 1902
3001 1393
3002 2833
3003 498
3004 235
3005 1018
3006 1231
3007 1442
3008 1417
3009 1985
3010 1387
3011 1146
3012 2933
3013 1799
3014 2981
3015 2054
3016 1663
3017 2985
3018 2253
3019 1207
3020 915
3021 2408
3022 2346
3023 1759
3024 2870
3025 2644
3026 2647
3027 2000
3028 2869
3029 773
3030 2626
3031 2065
3032 902
3033 2860
3034 1500
3035 1190
3036 828
3037 2028
3038 999
3039 2594
3040 878
3041 491
3042 1872
3043 1011
3044 2722
3045 2774
3046 591
3047 2065
3048 1462
3049 832
3050 248
3051 1586
3052 2324
3053 1567
3054 603
3055 2242
3056 987
3057 2571
3058 1390
3059 2424
3060 979
3061 90
3062 3001
3063 1209
3064 2648
3065 837
3066 1631
3067 2735
3068 1551
3069 879
3070 2773
3071 2648
3072 2868
3073 2725
3074 2998
3075 862
3076 1677
3077 781
3078 2539
3079 723
3080 1847
3081 1438
3082 1291
3083 128
3084 2996
3085 1404
3086 1082
3087 1321
3088 422
3089 1669
3090 613
3091 1833
3092 1382
3093 3
3094 258
3095 2472
3096 1421
3097 101
3098 2420
3099 3077
3100 215
3101 2715
3102 1219
3103 1190
3104 171
3105 2132
3106 2177
3107 2484
3108 153
3109 1830
3110 1894
3111 1645
3112 1164
3113 84
3114 2880
3115 2081
3116 1979
3117 1083
3118 512
3119 1977
3120 796
3121 2755
3122 1694
3123 80
3124 306
3125 303
3126 1342
3127 190
3128 2367
3129 2738
3130 2083
3131 2035
3132 327
3133 1216
3134 1037
3135 3101
3136 2009
3137 67
3138 2701
3139 51
3140 783
3141 2568
3142 52
3143 1323
3144 526
3145 2461
3146 2235
3147 634
3148 1846
3149 2213
3150 2295
3151 2691
3152 1488
3153 46
3154 54
3155 2516
3156 1874
3157 1508
3158 2899
3159 2798
3160 1761
3161 2045
3162 611
3163 432
3164 2267
3165 587
3166 1273
3167 2849
3168 3026
3169 1944
3170 1947
3171 2951
3172 342
3173 1325
3174 792
3175 1216
3176 2295
3177 2580
3178 751
3179 2667
3180 2190
3181 561
3182 572
3183 2895
3184 2908
3185 1142
3186 2175
3187 2275
3188 1694
3189 1661
3190 3076
3191 2563
3192 2411
3193 2631
3194 704
3195 185
3196 1835
3197 2930
3198 108
3199 1804
3200 2877
3201 1279
3202 2068
3203 1941
3204 565
3205 848
3206 2163
3207 2407
3208 797
3209 1480
3210 2711
3211 2061
3212 1535
3213 2267
3214 3039
3215 2846
3216 2543
3217 3107
3218 771
3219 2540
3220 1277
3221 1377
3222 2624
3223 1618
3224 901
3225 2951
3226 803
3227 1322
3228 1693
3229 1275
3230 3029
3231 2996
3232 1892
3233 170
3234 1521
3235 1793
3236 3068
3237 755
3238 2118
3239 2010
3240 1482
3241 2201
3242 1897
3243 273
3244 197
3245 2583
3246 2729
3247 1868
3248 2455
3249 1754
3250 2968
3251 1366
3252 1626
3253 1152
3254 70
3255 3135
3256 2961
3257 2751
3258 845
3259 2236
3260 900
3261 3092
3262 2606
3263 931
3264 1546
3265 3023
3266 1178
3267 3180
3268 968
3269 819
3270 1340
3271 2938
3272 2238
3273 895
3274 1506
3275 3127
3276 745
3277 1313
3278 1687
3279 602
3280 1399
3281 2202
3282 2183
3283 502
3284 557
3285 1192
3286 1587
3287 1270
3288 1178
3289 992
3290 832
3291 1349
3292 618
3293 1972
3294 124
3295 94
3296 2665
3297 1883
3298 1480
3299 461
3300 3046
3301 250
3302 3160
3303 2457
3304 609
3305 914
3306 2372
3307 55
3308 357
3309 3220
3310 2701
3311 1500
3312 2139
3313 1655
3314 2386
3315 1263
3316 721
3317 2291
3318 1382
3319 376
3320 2838
3321 1125
3322 2142
3323 1756
3324 675
3325 979
3326 3123
3327 1412
3328 2973
3329 2034
3330 1
3331 830
3332 2577
3333 595
3334 716
3335 1812
3336 2719
3337 1699
3338 3238
3339 2336
3340 552
3341 305
3342 2319
3343 831
3344 530
3345 2748
3346 2034
3347 2003
3348 2622
3349 1613
3350 2161
3351 2388
3352 2020
3353 2533
3354 720
3355 3093
3356 2217
3357 1722
3358 2471
3359 2002
3360 2462
3361 805
3362 352
3363 3061
3364 21
3365 1080
3366 3201
3367 3338
3368 1980
3369 2628
3370 943
3371 2214
3372 421
3373 2178
3374 1541
3375 2579
3376 770
3377 1528
3378 1333
3379 810
3380 3338
3381 2450
3382 512
3383 2982
3384 2213
3385 190
3386 2040
3387 2817
3388 6
3389 2424
3390 1635
3391 285
3392 2550
3393 836
3394 2593
3395 387
3396 2154
3397 1331
3398 2047
3399 3057
3400 2815
3401 1783
3402 638
3403 2758
3404 798
3405 2929
3406 662
3407 1158
3408 3179
3409 2030
3410 2846
3411 758
3412 3182
3413 2682
3414 1349
3415 984
3416 1360
3417 1903
3418 1994
3419 1010
3420 335
3421 355
3422 156
3423 1443
3424 2686
3425 2291
3426 820
3427 1747
3428 757
3429 1589
3430 1364
3431 677
3432 2221
3433 3096
3434 2505
3435 596
3436 1793
3437 1075
3438 2394
3439 831
3440 542
3441 2590
3442 860
3443 632
3444 1615
3445 835
3446 2862
3447 3372
3448 2074
3449 277
3450 680
3451 234
3452 2354
3453 1218
3454 964
3455 3075
3456 176
3457 502
3458 3260
3459 441
3460 1341
3461 2221
3462 190
3463 2147
3464 1603
3465 1270
3466 2866
3467 781
3468 2351
3469 1527
3470 746
3471 1161
3472 434
3473 1707
3474 1108
3475 2236
3476 47
3477 2364
3478 845
3479 798
3480 57
3481 1511
3482 364
3483 1951
3484 885
3485 2858
3486 3370
3487 2877
3488 3173
3489 347
3490 685
3491 884
3492 1183
3493 2141
3494 2528
3495 1626
3496 1027
3497 610
3498 1210
3499 287
3500 2355
3501 1764
3502 3442
3503 259
3504 35
3505 78
3506 2184
3507 314
3508 492
3509 463
3510 634
3511 511
3512 1041
3513 228
3514 768
3515 200
3516 1072
3517 677
3518 1479
3519 3047
3520 3408
3521 133
3522 115
3523 3305
3524 2185
3525 1410
3526 3409
3527 1627
3528 2647
3529 2217
3530 369
3531 1706
3532 1883
3533 1786
3534 1441
3535 1737
3536 2327
3537 984
3538 2957
3539 3239
3540 1569
3541 3062
3542 1620
3543 1797
3544 991
3545 364
3546 36
3547 268
3548 899
3549 296
3550 911
3551 917
3552 1746
3553 2423
3554 1520
3555 1014
3556 184
3557 89
3558 1422
3559 1281
3560 3388
3561 3011
3562 3472
3563 2321
3564 2589
3565 2372
3566 715
3567 2030
3568 2337
3569 1844
3570 137
3571 3124
3572 2461
3573 584
3574 2154
3575 1423
3576 1749
3577 788
3578 1502
3579 357
3580 2310
3581 2352
3582 1857
3583 1299
3584 2829
3585 411
3586 1475
3587 1730
3588 1392
3589 2892
3590 2878
3591 1046
3592 1799
3593 959
3594 2034
3595 1350
3596 3268
3597 895
3598 466
3599 2378
3600 2157
3601 2088
3602 1278
3603 1033
3604 2239
3605 901
3606 1198
3607 392
3608 213
3609 1381
3610 302
3611 1247
3612 2208
3613 1556
3614 2603
3615 408
3616 2985
3617 2125
3618 9
3619 163
3620 428
3621 1674
3622 3466
3623 79
3624 2184
3625 3604
3626 2670
3627 2894
3628 2091
3629 3355
3630 2323
3631 3153
3632 2538
3633 1992
3634 651
3635 1248
3636 3472
3637 2354
3638 2524
3639 3164
3640 805
3641 339
3642 2768
3643 826
3644 3593
3645 1859
3646 1380
3647 2636
3648 1308
3649 1853
3650 100
3651 2914
3652 2025
3653 2084
3654 3507
3655 1535
3656 1110
3657 2260
3658 1559
3659 1296
3660 1464
3661 3219
3662 2641
3663 1489
3664 1741
3665 460
3666 1926
3667 1646
3668 428
3669 3304
3670 2053
3671 2903
3672 1096
3673 1555
3674 1207
3675 2260
3676 931
3677 1478
3678 1958
3679 2993
3680 2068
3681 2715
3682 232
3683 1637
3684 1874
3685 626
3686 953
3687 1411
3688 822
3689 3629
3690 394
3691 681
3692 2902
3693 3535
3694 431
3695 794
3696 3485
3697 2824
3698 305
3699 2790
3700 704
3701 755
3702 3340
3703 3669
3704 2084
3705 1299
3706 1688
3707 2130
3708 893
3709 1047
3710 3460
3711 203
3712 419
3713 1080
3714 193
3715 3061
3716 572
3717 354
3718 2505
3719 1637
3720 2009
3721 1132
3722 1385
3723 1018
3724 932
3725 1366
3726 1571
3727 3391
3728 616
3729 1720
3730 3096
3731 2219
3732 2790
3733 3244
3734 610
3735 2675
3736 2689
3737 2105
3738 2423
3739 856
3740 1996
3741 159
3742 2760
3743 3285
3744 2651
3745 245
3746 589
3747 2600
3748 1964
3749 1973
3750 3066
3751 1385
3752 1051
3753 1926
3754 2825
3755 1959
3756 3678
3757 1188
3758 936
3759 102
3760 2895
3761 2022
3762 870
3763 2827
3764 1163
3765 977
3766 1391
3767 487
3768 1964
3769 218
3770 322
3771 529
3772 1790
3773 2081
3774 1162
3775 1020
3776 2806
3777 2062
3778 3360
3779 3770
3780 3481
3781 38
3782 2819
3783 167
3784 42
3785 3673
3786 1994
3787 2035
3788 2082
3789 163
3790 2751
3791 1616
3792 198
3793 1180
3794 1560
3795 693
3796 2774
3797 3719
3798 1544
3799 3282
3800 1939
3801 786
3802 1171
3803 774
3804 2610
3805 3015
3806 2837
3807 85
3808 922
3809 2249
3810 3422
3811 2572
3812 2665
3813 3212
3814 3014
3815 3336
3816 3595
3817 3239
3818 150
3819 2377
3820 1702
3821 316
3822 1352
3823 3637
3824 3624
3825 567
3826 1170
3827 1809
3828 3373
3829 3168
3830 1224
3831 3707
3832 836
3833 1656
3834 1828
3835 3668
3836 2487
3837 3337
3838 1692
3839 394
3840 1744
3841 3018
3842 3486
3843 3228
3844 796
3845 3112
3846 1560
3847 268
3848 987
3849 3501
3850 2046
3851 333
3852 226
3853 925
3854 2186
3855 215
3856 3046
3857 2472
3858 845
3859 476
3860 1165
3861 2200
3862 3159
3863 1977
3864 456
3865 3735
3866 3433
3867 17
3868 2388
3869 601
3870 2765
3871 2836
3872 2850
3873 2760
3874 3277
3875 1054
3876 521
3877 1550
3878 1000
3879 2667
3880 2774
3881 258
3882 175
3883 2096
3884 2956
3885 669
3886 2237
3887 2874
3888 450
3889 157
3890 2469
3891 2218
3892 945
3893 3790
3894 2941
3895 3569
3896 2696
3897 2555
3898 2101
3899 1862
3900 3310
3901 792
3902 3697
3903 97
3904 2525
3905 3436
3906 2792
3907 1461
3908 1376
3909 3012
3910 1215
3911 467
3912 3438
3913 15
3914 1928
3915 3318
3916 2829
3917 1828
3918 1501
3919 848
3920 3415
3921 2544
3922 2513
3923 1436
3924 3036
3925 1278
3926 2732
3927 1110
3928 3067
3929 3260
3930 2881
3931 782
3932 178
3933 2623
3934 2164
3935 3717
3936 3361
3937 3354
3938 3418
3939 904
3940 1167
3941 3598
3942 2633
3943 1014
3944 1713
3945 206
3946 632
3947 17
3948 1272
3949 1857
3950 2972
3951 824
3952 2235
3953 752
3954 1292
3955 2555
3956 780
3957 3784
3958 497
3959 2354
3960 146
3961 1590
3962 2015
3963 2515
3964 1467
3965 696
3966 2346
3967 3939
3968 1750
3969 1550
3970 1545
3971 778
3972 69
3973 1719
3974 1516
3975 3402
3976 1438
3977 2043
3978 705
3979 3122
3980 1077
3981 242
3982 1755
3983 1936
3984 2594
3985 1414
3986 2201
3987 496
3988 2093
3989 3772
3990 1386
3991 3068
3992 2785
3993 3307
3994 2119
3995 1326
3996 2534
3997 2401
3998 3124
3999 3900
4000 458
4001 505
4002 528
4003 3122
4004 1923
4005 1131
4006 850
4007 3493
4008 2043
4009 174
4010 1222
4011 1879
4012 335
4013 3893
4014 1287
4015 2528
4016 1733
4017 3766
4018 2221
4019 2988
4020 3637
4021 2107
4022 3456
4023 2479
4024 3686
4025 3371
4026 255
4027 308
4028 147
4029 3495
4030 105
4031 3419
4032 1170
4033 1106
4034 2136
4035 901
4036 627
4037 1658
4038 400
4039 244
4040 3229
4041 809
4042 2970
4043 3905
4044 1428
4045 74
4046 1784
4047 1731
4048 1897
4049 3990
4050 769
4051 3932
4052 1679
4053 2289
4054 3446
4055 126
4056 1733
4057 581
4058 3026
4059 1408
4060 3872
4061 619
4062 702
4063 3537
4064 2535
4065 1931
4066 2966
4067 1788
4068 1252
4069 744
4070 3687
4071 396
4072 304
4073 1189
4074 3307
4075 2807
4076 3605
4077 3226
4078 191
4079 409
4080 2317
4081 3765
4082 3255
4083 562
4084 840
4085 894
4086 3261
4087 1673
4088 1591
4089 317
4090 229
4091 2695
4092 3305
4093 3579
4094 3591
4095 3256
4096 531
4097 2802
4098 2430
4099 1608
4100 1410
4101 3766
4102 1737
4103 253
4104 1603
4105 294
4106 3682
4107 3282
4108 496
4109 3624
4110 3638
4111 2846
4112 2738
4113 2604
4114 2109
4115 816
4116 2386
4117 2120
4118 3915
4119 3110
4120 2358
4121 778
4122 3414
4123 1932
4124 1265
4125 2883
4126 3846
4127 58
4128 868
4129 3633
4130 2800
4131 1273
4132 431
4133 655
4134 915
4135 1607
4136 963
4137 566
4138 2259
4139 2610
4140 2040
4141 3868
4142 3820
4143 2420
4144 1596
4145 2504
4146 3918
4147 1875
4148 1734
4149 3657
4150 513
4151 3944
4152 3330
4153 2954
4154 1775
4155 2992
4156 612
4157 1497
4158 1187
4159 3411
4160 2807
4161 844
4162 3463
4163 3717
4164 2813
4165 2813
4166 2878
4167 1010
4168 3511
4169 2239
4170 324
4171 3221
4172 1401
4173 1998
4174 55
4175 2400
4176 4155
4177 3901
4178 312
4179 2222
4180 1199
4181 2369
4182 3250
4183 1552
4184 2680
4185 3229
4186 1661
4187 2313
4188 3246
4189 2044
4190 688
4191 1728
4192 1789
4193 2439
4194 1922
4195 174
4196 871
4197 1551
4198 2559
4199 3662
4200 1445
4201 442
4202 4143
4203 3526
4204 2125
4205 1244
4206 3264
4207 804
4208 1563
4209 1998
4210 3789
4211 4072
4212 2047
4213 1726
4214 2165
4215 856
4216 575
4217 128
4218 383
4219 3335
4220 3762
4221 151
4222 91
4223 2553
4224 3256
4225 587
4226 2409
4227 2287
4228 1271
4229 837
4230 1506
4231 1305
4232 1160
4233 2340
4234 2113
4235 4077
4236 2938
4237 1746
4238 1170
4239 3140
4240 1022
4241 187
4242 1148
4243 541
4244 954
4245 122
4246 2841
4247 3881
4248 3236
4249 739
4250 9
4251 67
4252 1283
4253 1314
4254 2883
4255 302
4256 1245
4257 402
4258 563
4259 1207
4260 3827
4261 2307
4262 767
4263 3481
4264 596
4265 2235
4266 151
4267 3209
4268 2338
4269 393
4270 1362
4271 209
4272 1715
4273 3683
4274 3212
4275 3586
4276 3293
4277 3470
4278 3145
4279 2054
4280 2391
4281 1725
4282 4245
4283 1406
4284 1256
4285 1988
4286 3945
4287 3216
4288 1661
4289 1563
4290 2152
4291 1995
4292 4244
4293 1260
4294 3404
4295 4111
4296 2572
4297 4280
4298 469
4299 650
4300 3587
4301 660
4302 2694
4303 3506
4304 2489
4305 2675
4306 2935
4307 2573
4308 2034
4309 1256
4310 2170
4311 5
4312 852
4313 689
4314 1473
4315 1052
4316 4242
4317 2768
4318 2291
4319 1057
4320 502
4321 281
4322 221
4323 2569
4324 3459
4325 778
4326 2742
4327 2796
4328 1462
4329 59
4330 1115
4331 2560
4332 201
4333 1127
4334 2019
4335 1786
4336 3440
4337 2763
4338 2700
4339 1596
4340 181
4341 2712
4342 1620
4343 478
4344 1397
4345 2739
4346 2842
4347 1566
4348 3603
4349 1769
4350 1879
4351 1470
4352 2327
4353 2031
4354 3614
4355 2559
4356 4129
4357 595
4358 3064
4359 2436
4360 2520
4361 2805
4362 2019
4363 3776
4364 3555
4365 2339
4366 138
4367 2602
4368 3987
4369 1443
4370 2618
4371 1928
4372 2106
4373 1634
4374 2437
4375 101
4376 4366
4377 3309
4378 629
4379 3190
4380 1783
4381 2742
4382 3621
4383 1585
4384 616
4385 595
4386 443
4387 2547
4388 967
4389 2849
4390 2154
4391 483
4392 2230
4393 2924
4394 593
4395 1131
4396 2276
4397 908
4398 3213
4399 2766
4400 3938
4401 1739
4402 769
4403 881
4404 2746
4405 2202
4406 3412
4407 890
4408 3647
4409 3660
4410 3984
4411 2429
4412 4182
4413 4246
4414 961
4415 662
4416 527
4417 1248
4418 1448
4419 3669
4420 303
4421 2011
4422 2097
4423 2882
4424 885
4425 1736
4426 2827
4427 2897
4428 3325
4429 1328
4430 4404
4431 1164
4432 3542
4433 131
4434 434
4435 571
4436 2632
4437 2224
4438 2834
4439 2469
4440 2046
4441 1095
4442 3685
4443 3874
4444 3538
4445 1876
4446 648
4447 4319
4448 2385
4449 2473
4450 3636
4451 2940
4452 2618
4453 1734
4454 445
4455 3319
4456 1662
4457 1887
4458 2606
4459 4253
4460 2635
4461 2499
4462 725
4463 418
4464 2349
4465 51
4466 2384
4467 2798
4468 910
4469 428
4470 1205
4471 1346
4472 3731
4473 1255
4474 641
4475 2647
4476 3267
4477 2422
4478 3952
4479 435
4480 4242
4481 1518
4482 251
4483 1862
4484 667
4485 2799
4486 229
4487 2195
4488 219
4489 2231
4490 3853
4491 3273
4492 4134
4493 1094
4494 4058
4495 2841
4496 3759
4497 152
4498 4436
4499 4409
4500 2225
4501 2707
4502 4308
4503 3392
4504 3030
4505 4379
4506 268
4507 3886
4508 634
4509 1990
4510 2795
4511 1979
4512 3250
4513 3934
4514 3814
4515 1343
4516 1851
4517 4148
4518 1642
4519 1127
4520 2100
4521 3927
4522 2807
4523 1788
4524 679
4525 2013
4526 2025
4527 2507
4528 740
4529 2161
4530 1345
4531 1538
4532 2894
4533 1170
4534 3255
4535 2224
4536 844
4537 2072
4538 1445
4539 3013
4540 3870
4541 3303
4542 1964
4543 1640
4544 823
4545 611
4546 2886
4547 3422
4548 3821
4549 2324
4550 1767
4551 2681
4552 758
4553 823
4554 2189
4555 3015
4556 211
4557 2493
4558 3735
4559 1504
4560 244
4561 2605
4562 2405
4563 879
4564 1248
4565 959
4566 2279
4567 240
4568 3278
4569 3537
4570 3464
4571 1035
4572 3704
4573 4195
4574 2944
4575 4559
4576 4052
4577 2588
4578 1944
4579 2022
4580 1042
4581 682
4582 506
4583 3131
4584 1755
4585 1723
4586 3065
4587 2863
4588 1188
4589 2960
4590 2282
4591 3831
4592 4101
4593 4227
4594 1602
4595 3548
4596 2910
4597 3480
4598 2599
4599 1459
4600 2787
4601 2316
4602 986
4603 1027
4604 380
4605 1087
4606 3637
4607 1377
4608 1556
4609 3986
4610 2694
4611 2900
4612 3409
4613 2468
4614 2826
4615 2762
4616 4584
4617 3309
4618 3653
4619 3051
4620 473
4621 2906
4622 3511
4623 205
4624 886
4625 88
4626 2145
4627 2666
4628 2111
4629 1592
4630 4593
4631 4587
4632 1852
4633 2385
4634 3884
4635 1684
4636 1437
4637 3521
4638 4570
4639 1998
4640 2904
4641 426
4642 1961
4643 829
4644 1365
4645 303
4646 497
4647 4518
4648 4177
4649 3314
4650 4647
4651 614
4652 2953
4653 1445
4654 4387
4655 499
4656 721
4657 1576
4658 3887
4659 3443
4660 2813
4661 492
4662 899
4663 881
4664 2971
4665 2141
4666 2087
4667 3762
4668 714
4669 202
4670 3972
4671 314
4672 1319
4673 2771
4674 1310
4675 3461
4676 1861
4677 814
4678 3371
4679 1533
4680 2577
4681 158
4682 2497
4683 906
4684 3401
4685 4304
4686 810
4687 4188
4688 2855
4689 3428
4690 3127
4691 3846
4692 688
4693 4432
4694 4227
4695 20
4696 631
4697 378
4698 457
4699 1150
4700 261
4701 2991
4702 3840
4703 3440
4704 2223
4705 2887
4706 668
4707 242
4708 1297
4709 4649
4710 871
4711 2479
4712 2806
4713 3596
4714 3891
4715 3132
4716 1600
4717 676
4718 2022
4719 2073
4720 1183
4721 1628
4722 4202
4723 685
4724 2676
4725 2768
4726 1505
4727 866
4728 1273
4729 4532
4730 2886
4731 1516
4732 4383
4733 3121
4734 1319
4735 958
4736 2639
4737 2594
4738 3425
4739 1456
4740 2739
4741 923
4742 1396
4743 2365
4744 873
4745 350
4746 4662
4747 2232
4748 855
4749 2690
4750 2392
4751 3007
4752 984
4753 4694
4754 4577
4755 31
4756 1648
4757 4528
4758 1519
4759 3235
4760 3307
4761 172
4762 2145
4763 3776
4764 3954
4765 1150
4766 2004
4767 1638
4768 3876
4769 3824
4770 4754
4771 4586
4772 3836
4773 2976
4774 2873
4775 4249
4776 1927
4777 3560
4778 3078
4779 2485
4780 1459
4781 1053
4782 4563
4783 4256
4784 4633
4785 2493
4786 4473
4787 2980
4788 2318
4789 3808
4790 3442
4791 1084
4792 514
4793 987
4794 3464
4795 2197
4796 3243
4797 3574
4798 4291
4799 1514
4800 2317
4801 3476
4802 4045
4803 2092
4804 2857
4805 1970
4806 3598
4807 1562
4808 4702
4809 1165
4810 1067
4811 692
4812 3223
4813 931
4814 93
4815 2205
4816 4187
4817 3978
4818 1381
4819 3869
4820 3950
4821 3970
4822 4670
4823 3492
4824 3040
4825 3369
4826 1546
4827 4275
4828 3132
4829 3488
4830 4683
4831 4372
4832 2551
4833 2040
4834 807
4835 3460
4836 2316
4837 1430
4838 1891
4839 466
4840 4635
4841 3974
4842 4678
4843 1667
4844 2856
4845 1729
4846 3538
4847 3163
4848 2238
4849 2396
4850 2835
4851 4149
4852 3279
4853 3998
4854 4716
4855 2479
4856 917
4857 3312
4858 4664
4859 2168
4860 2916
4861 4503
4862 4250
4863 109
4864 786
4865 4796
4866 3378
4867 1822
4868 1207
4869 600
4870 961
4871 1369
4872 661
4873 3032
4874 4652
4875 2778
4876 1872
4877 2229
4878 2717
4879 2790
4880 3207
4881 4128
4882 1893
4883 4541
4884 2488
4885 3506
4886 3174
4887 4388
4888 3024
4889 9
4890 233
4891 4603
4892 4198
4893 2594
4894 768
4895 4591
4896 1764
4897 834
4898 2650
4899 2099
4900 264
4901 109
4902 3438
4903 2909
4904 513
4905 467
4906 4646
4907 4509
4908 2893
4909 4018
4910 2515
4911 3909
4912 2593
4913 145
4914 648
4915 1861
4916 784
4917 1096
4918 4668
4919 4713
4920 2206
4921 4091
4922 251
