1000 100
1 29737
1 4552
2 17447
2 25654
3 19846
1 27930
5 4966
7 2986
2 19153
9 23148
11 2195
3 27559
8 332
1 10776
14 4035
15 12773
13 30077
14 13783
16 2447
5 17603
8 18864
7 841
23 402
12 11713
15 31859
14 30323
6 29935
16 5126
17 14104
13 5180
18 10440
15 18140
32 11318
11 21743
35 4296
1 22574
4 1576
30 1724
26 17818
9 18193
31 25997
34 16438
24 2927
42 14904
23 28614
25 25303
32 26749
43 19070
10 28027
50 11640
32 19323
11 23904
45 30999
34 24281
9 16933
29 3968
21 15687
25 26655
31 16318
13 12068
5 17279
23 12113
20 29577
10 18100
26 21109
50 25050
65 12111
38 14144
2 23716
4 22282
68 24028
18 25335
44 32458
4 661
22 2434
39 26545
33 3691
34 30482
27 29333
5 26983
31 14412
33 30845
45 13805
8 27829
14 12024
74 7862
55 871
46 16735
67 26942
45 2047
29 25700
10 31945
62 28849
83 7042
81 4680
21 1149
4 16423
63 23497
34 23804
7 10409
55 12858
42 18756
47 8557
10 20126
65 32715
42 21703
16 20491
80 11091
66 20090
50 25097
95 843
112 3552
2 20270
91 23079
24 9765
45 14851
5 27795
59 19998
111 10902
46 21150
23 2455
72 10580
116 20512
11 21558
77 20461
91 29712
29 31301
14 8054
95 3723
120 9725
119 5904
120 5035
119 10283
22 2219
115 5516
34 14661
40 4557
12 10766
137 27722
76 31836
91 24883
125 24317
36 12255
9 30505
59 27491
49 21940
120 14692
116 19592
32 29481
27 14419
53 23796
117 4733
110 26515
16 24413
116 12338
138 19628
38 12915
104 5178
3 24769
87 30431
59 5857
158 25525
48 6857
95 8068
137 8118
128 126
114 32633
40 4653
138 7697
120 13737
76 11135
63 4622
128 14294
64 26925
26 19858
18 9346
160 1578
97 11879
84 19689
159 27526
21 17401
7 26772
183 32705
140 4157
142 3185
67 32090
57 29146
165 15722
20 10628
67 5952
23 15098
80 10745
155 29289
160 30769
3 25961
114 13175
12 14875
108 23549
126 25716
182 2196
153 19928
201 27352
114 6891
145 25512
155 932
70 15322
43 29091
169 21804
130 22724
195 26493
97 32244
182 7741
82 8259
124 10786
88 14395
129 6940
51 16752
74 5772
89 16985
127 15793
171 1630
107 22626
190 15922
215 6147
24 31331
61 1714
197 13360
192 30401
163 22682
178 1641
197 2494
36 3004
227 2657
56 31964
163 1997
99 10347
233 13788
154 21058
236 29010
225 2150
138 23663
8 17463
46 10693
187 11243
154 2376
134 2107
54 27556
110 16988
43 4051
224 32305
227 3822
101 9407
5 23107
135 29409
173 24489
78 24637
240 18448
240 29302
157 1116
9 20644
106 7284
200 11009
245 29845
24 19172
125 31981
146 24308
83 32613
232 22421
18 32702
26 26535
105 25055
55 32112
273 19053
67 18390
88 28061
252 7122
99 16454
121 20001
273 16187
122 21821
206 16599
54 18315
253 1241
221 2518
184 30322
220 16892
169 21661
276 25063
22 13487
62 24255
20 4911
25 26718
213 26343
223 13573
131 27195
92 13645
206 3770
38 17504
212 20211
268 10344
191 21130
228 30536
298 6283
237 13195
70 7165
29 13721
200 9915
180 13617
145 18047
162 1811
105 6208
166 25341
44 23998
120 17881
122 4443
37 17461
249 27692
269 24819
94 4688
265 15426
110 22912
46 11981
150 24040
149 9522
212 22837
107 20405
274 28656
87 31286
22 26890
249 8288
198 952
176 4644
107 24449
209 15461
32 10900
145 27125
84 2656
228 4289
187 29279
119 32584
53 23858
23 32338
309 7155
73 15070
287 12231
268 3164
313 25010
344 27420
37 3248
52 11015
212 19969
110 20109
126 4036
334 1502
349 8647
220 11869
12 21662
219 26193
147 19186
154 2270
99 29980
206 9781
156 27378
110 19463
301 6113
335 12863
209 27965
22 8176
224 3796
120 7308
180 11721
86 16728
342 1440
287 16156
209 12181
274 27679
202 16434
189 28242
281 25376
115 21964
34 26942
292 15222
296 31984
257 14344
201 28858
156 18228
56 23565
222 27424
171 31328
369 9242
2 131
227 4232
50 23600
327 18717
318 4580
360 19795
185 11500
387 5141
268 30147
377 5307
227 25243
183 23612
324 30266
128 671
3 263
35 5299
373 30821
340 17920
273 22591
125 32509
245 17124
256 7044
138 21270
147 28034
91 21597
36 22515
142 21922
105 5646
325 18936
79 700
380 11197
381 29775
387 21986
180 113
67 1927
94 15450
165 17867
90 19783
5 4066
156 23847
77 6504
236 18327
183 32500
302 4880
404 10481
273 2655
371 20649
407 2646
437 23459
340 22466
4 303
391 4509
395 28223
425 4996
401 23416
189 23659
266 18825
311 19855
351 22460
446 21932
234 26826
352 23664
157 2548
17 560
212 20559
316 2011
24 8288
288 29484
407 5096
38 17187
199 29185
286 18613
185 28010
301 30659
277 7456
36 17481
209 25390
157 24536
205 13765
395 27462
431 32399
228 28836
379 1089
211 14704
340 4720
145 21772
37 21413
365 25455
75 4531
56 30747
240 20552
481 10574
393 30147
400 8061
376 30277
7 14590
265 13579
435 5637
180 4091
380 8401
234 18812
398 26151
152 17547
403 20992
426 18188
463 9343
371 13917
403 13093
245 561
200 19016
244 12700
168 17089
37 18026
267 8166
179 27317
193 18872
425 7351
352 14173
194 19676
52 7632
260 8731
169 30423
317 22663
366 29749
444 28193
383 13089
351 4593
39 17400
485 2389
506 23087
62 32664
40 14475
269 29638
421 11668
144 14527
126 13383
379 15243
287 3339
91 1005
164 25318
215 9019
51 20721
266 1388
55 23561
242 22643
169 13512
185 32204
9 21939
431 14932
503 20917
449 6237
182 26317
462 12290
457 10499
131 18872
256 22944
178 3878
269 16030
302 15927
360 3678
437 4717
512 17305
149 22648
195 28057
530 24583
259 20649
342 16350
471 27338
495 8232
303 12455
131 32527
467 5835
97 9099
409 15122
282 12919
474 16989
492 6634
414 16010
448 18116
567 12452
203 22663
41 31574
158 18281
297 22950
208 12455
152 11744
37 15643
351 15567
522 22033
443 10547
79 7255
280 17264
451 21907
437 388
87 17369
437 13115
107 7037
525 18086
36 2854
162 12489
464 2596
157 20116
538 24836
34 21013
144 8289
187 4075
205 31229
363 16638
250 12304
171 3181
104 3807
23 28104
46 9361
266 19328
336 11070
500 20891
455 22858
343 25772
470 3057
276 16643
96 34
428 6689
33 3473
196 20079
347 6152
473 815
372 11005
538 15538
469 29546
429 18123
107 3033
547 389
72 20158
540 26129
581 8970
56 22530
337 30461
3 5821
467 23868
272 25386
458 35
207 11696
417 24412
464 24673
455 2993
266 6513
284 21790
80 27117
244 7979
324 27817
12 20345
352 18811
390 2714
100 30886
428 13093
304 23193
401 24330
429 30682
603 14116
601 32061
425 29965
461 18521
149 29494
66 6204
402 823
569 13918
474 32355
356 11220
298 17568
399 22214
563 7542
173 29731
499 12133
122 29075
345 380
646 7086
479 15143
450 31851
646 5705
431 32219
275 14218
577 9495
460 24819
589 31095
103 12984
599 27652
559 28244
142 21296
183 28635
247 20165
48 20876
177 10268
76 28070
124 655
216 12926
201 28720
432 31949
646 16060
564 27726
621 4298
123 26249
86 5960
601 15337
416 32552
473 8981
165 26455
246 32381
590 29423
263 8243
357 19373
272 32765
346 10405
177 6056
558 11572
270 22943
441 13367
142 30140
610 23418
576 24669
457 25460
236 20411
434 14129
141 9079
36 12431
531 27254
375 27821
200 31471
613 17569
169 20674
273 15977
274 9740
141 2596
626 31224
276 24451
27 31192
87 20346
378 116
678 24123
91 8097
329 31076
365 26646
135 7799
101 25468
3 17804
389 29892
137 25666
359 4797
157 7419
186 4326
400 28233
288 27265
556 30371
731 17384
419 8285
360 5668
662 18903
220 14524
689 15860
672 15819
542 4301
95 21589
445 13479
142 9435
558 23331
172 23597
338 30389
483 22656
403 28759
755 11456
55 25983
343 28200
733 590
688 15
96 19466
366 20997
2 28622
519 17438
212 27008
165 9614
712 5892
141 374
621 2991
244 11774
406 14335
454 20900
107 14729
604 21204
68 26418
289 26040
206 28066
322 11345
507 4086
265 7367
711 24757
507 8701
30 1798
499 10857
54 25632
453 6435
489 11521
753 19771
687 19555
42 13136
660 8428
429 5470
253 27557
64 7384
186 685
573 15095
46 7215
204 27473
128 17809
252 1197
294 23278
198 3094
15 4807
279 15918
563 29173
514 17093
513 15330
653 16042
542 13049
660 14273
353 15707
192 32598
625 16852
697 5809
750 20749
245 16875
479 28419
815 15616
241 4279
604 18212
487 8744
160 30811
8 10366
773 5444
769 21640
417 21813
130 6504
373 20109
823 7053
524 32070
817 3042
319 6090
21 17221
452 9736
473 12859
202 3782
362 30946
780 3897
137 15143
651 20691
225 1336
366 4444
742 21565
309 4420
633 5955
61 15416
353 15480
629 16371
794 7838
806 1367
391 26298
288 16316
278 13836
138 1672
180 11332
532 11519
592 7667
487 19549
456 3904
804 13346
496 18140
144 13486
438 3384
719 30733
656 27637
448 23828
684 412
566 2221
369 15759
214 8559
810 6207
663 26994
168 7072
415 10849
754 20442
252 10192
194 24642
755 3024
825 3208
215 449
476 14897
43 29544
528 14920
502 7234
307 5969
77 26391
541 32639
640 18897
582 7975
9 5007
734 32627
726 24822
87 15707
161 10951
235 11473
867 8887
694 15420
173 21115
153 11304
828 12578
334 28476
20 8871
299 18028
474 5575
794 28016
387 13328
520 27508
140 22587
889 23569
851 16059
59 17532
380 9366
514 18685
65 18548
557 22179
632 501
873 5431
913 25416
541 13678
840 6394
556 28514
172 31755
542 17731
870 2631
846 24138
298 14547
12 3567
169 21767
4 23388
852 26491
273 7457
404 19813
579 32041
390 31778
565 30957
932 8978
711 12775
369 8105
782 8778
827 30659
576 2544
238 20024
629 10132
183 1457
667 4673
861 1466
184 18186
777 22040
781 16124
210 1116
65 8529
759 1976
69 26086
601 5906
134 31728
312 9559
565 18666
860 30738
547 5074
951 3133
264 12436
741 15702
892 32711
596 25270
935 5783
476 22303
128 8962
162 7828
916 24648
131 7789
626 12188
578 7082
709 10528
398 29576
119 14608
388 16978
563 7485
293 27770
89 22206
456 15848
145 25570
737 5010
104 22121
147 17229
465 6643
385 13794
804 32440
131 26469
522 23674
727 16834
650 25016
730 1433
996 25381
953 13644
993 16216
36 13910
