1000 100
1 29620
1 16801
1 6570
4 11909
3 15253
5 486
6 27166
4 23268
1 3977
9 22779
6 17221
10 11313
9 31681
4 30100
15 4737
4 3043
10 20080
13 30860
19 26744
12 16598
3 15952
1 20320
21 10133
21 4554
18 8477
20 7858
20 17032
2 30690
12 12823
14 15559
31 2754
8 24870
9 26756
25 15370
10 3834
4 769
37 24108
25 1415
16 2475
14 15555
3 17884
6 881
26 24467
32 2592
13 29155
6 23453
9 11829
7 1455
16 27288
48 14852
2 27224
49 31596
23 5330
47 11077
18 3718
37 2870
12 26734
13 1825
1 22927
30 23378
17 14029
11 27389
5 7427
57 23271
9 339
63 17507
3 7099
26 5248
2 24553
66 27521
9 30801
35 4237
48 30588
59 19880
58 13219
33 18402
35 124
38 10190
37 15188
5 9782
59 23902
18 20749
51 2123
21 7333
40 16666
7 5411
35 19762
32 17455
75 26030
32 7920
27 13560
29 4151
16 21145
61 29434
37 12623
53 4357
20 13152
67 31212
51 22831
52 17988
35 15885
16 6930
42 22353
28 388
15 10667
50 26335
83 26805
42 22713
43 13515
4 20840
4 27421
47 10426
58 15362
35 31975
90 31632
84 10179
5 24681
89 5176
59 9431
87 2036
55 15900
60 13663
64 7683
52 10704
72 12987
17 27648
70 6373
92 24255
127 13292
58 15333
34 8341
129 15244
99 13783
72 15228
75 2028
40 31463
112 8616
83 15959
11 26634
42 28644
135 23569
51 4010
93 11984
84 2170
21 23493
74 15568
40 15719
147 24581
130 20478
6 28614
111 5815
152 25029
121 22264
88 22958
65 7665
41 31581
36 17524
152 11598
7 25862
14 24405
159 30774
86 10639
63 2861
5 22424
22 17543
92 13310
58 11105
55 10230
160 25779
37 846
152 23265
37 163
164 908
154 22996
65 14254
148 182
159 20966
128 20490
61 1808
141 18604
175 11545
154 12045
67 25617
149 7394
148 21890
72 23326
41 32257
178 6174
3 13570
52 20004
106 26353
172 28167
102 13694
58 8745
80 29240
85 15784
118 10077
44 11225
43 8944
122 29682
29 14349
184 9478
46 10874
187 15927
67 30846
46 26407
182 30454
63 3247
9 29605
189 13780
9 20940
42 9462
118 21754
104 6475
46 3622
85 17548
80 7931
193 18670
85 18291
214 21332
93 29095
59 9667
210 12262
213 9750
144 24836
174 17651
132 28404
60 20733
76 23449
159 2635
24 4058
135 2586
47 8437
185 21182
13 21
5 7135
92 18470
199 12001
22 7656
198 26532
209 22082
117 11630
236 22234
106 30757
240 25826
3 13762
177 22069
105 9218
35 22690
147 29278
45 17287
5 16446
132 10146
86 19306
237 4389
169 25281
248 12296
164 28973
168 23203
190 13526
223 7804
226 30358
89 21342
232 21934
230 25771
79 31671
81 17650
34 19675
199 16324
235 26692
223 7620
119 3285
41 20222
93 13848
54 3962
254 1400
116 14864
255 19377
184 15741
79 18052
120 26551
184 26287
217 31614
192 12828
213 17460
224 5721
163 7150
265 16200
65 6091
90 17944
182 20101
155 19571
277 27973
257 22521
36 3772
277 494
171 2159
10 20271
70 8786
206 17515
24 27801
70 2703
154 10187
5 14210
140 29464
178 3859
257 13548
37 20528
36 29124
240 25176
20 1345
1 30546
133 29050
305 29984
41 14487
197 15407
40 29852
141 7632
180 8578
19 5868
179 19852
12 8946
16 9176
184 15125
157 1333
256 21941
179 9012
140 31258
53 20866
240 15464
252 372
89 13775
41 7140
327 19715
50 11580
93 25324
29 6096
256 14238
209 16497
283 7051
22 26942
106 16631
59 11966
86 16813
53 23340
61 11505
152 1042
50 12725
192 9754
151 14608
94 13088
105 1259
301 18059
168 9982
93 29662
68 25595
107 25482
202 22280
293 12807
103 26995
168 17698
316 29345
224 2969
212 5192
160 23269
187 9950
36 24407
320 19026
191 21094
97 28409
26 27464
353 27339
64 15807
236 28367
74 31542
319 28884
287 18956
88 23906
333 10032
183 9712
190 1518
307 32599
55 8712
42 25735
193 14345
37 12665
181 6102
95 27237
73 17798
68 820
367 7283
333 15160
137 10385
377 24859
290 10751
310 4885
112 30428
340 20322
48 12124
319 26868
43 30747
16 13413
234 11953
194 303
30 19590
97 13087
39 27624
250 4103
180 9050
277 5556
161 11055
234 27679
9 344
22 18407
171 32635
247 20735
217 5957
121 24996
325 10496
65 12691
31 10344
72 16760
3 954
30 6825
341 271
275 14100
43 1512
91 9591
406 32010
229 15823
53 20108
105 31250
239 7726
388 18208
290 17388
221 25079
210 13011
255 5415
351 16916
97 27271
282 3159
124 9509
426 22865
233 6019
175 17817
370 10752
404 7351
302 9620
134 6526
151 5824
307 157
235 23749
438 18800
256 14613
117 18716
115 29447
261 5082
384 25550
87 2195
20 32428
284 15022
358 10595
56 11814
31 30957
393 6623
349 9836
385 9274
1 20580
361 19943
123 23592
155 32506
435 2962
208 27201
437 6903
212 15061
363 31578
129 16368
429 31968
164 2814
113 32132
176 13303
371 28684
471 14315
51 20284
445 9695
207 20809
297 3543
106 28561
30 26164
448 5768
167 23360
79 4598
90 15624
327 2400
440 32618
287 8387
241 110
341 4489
172 2266
239 20405
427 15104
412 3937
446 25563
456 15978
43 25178
105 18026
77 6396
264 10982
462 7581
286 22473
479 7056
96 13329
309 7149
115 19657
252 10284
36 11319
62 31475
398 12630
66 13101
461 31623
469 15708
296 16003
382 26416
74 4756
299 20824
366 5381
229 13208
155 27862
233 10012
27 1973
156 27404
309 9002
235 22368
12 30226
361 29174
81 3662
445 23009
111 14012
174 32005
81 31078
212 19425
461 4602
267 24491
281 25723
189 18082
477 19509
119 27296
279 22262
295 17902
306 16507
381 23133
364 16937
205 7826
455 2814
241 21922
92 29638
511 1247
245 17298
546 31729
34 6246
68 9000
434 18482
456 1040
146 19971
321 16454
491 6011
560 27275
477 18047
209 30231
126 15151
492 12335
265 31259
99 30714
115 17075
74 10385
446 27136
475 26965
107 19858
65 22661
481 29370
503 17424
148 9721
35 25767
533 11959
449 20247
480 27448
214 4054
398 26829
281 9435
442 19527
288 18867
484 7857
545 18898
134 21055
286 19751
594 4993
132 21235
572 15068
235 20186
164 29243
376 7227
148 25346
507 15293
60 68
22 3882
131 16693
167 1921
494 24546
211 31046
147 28703
606 2845
299 25281
195 29335
211 18702
380 29516
442 27762
515 21546
511 3700
93 16140
250 25831
68 16014
18 9829
355 20000
258 15097
531 12378
499 25884
507 32656
493 30435
169 11429
327 26486
292 24612
542 23748
454 29068
199 32117
83 26860
6 7968
123 16048
326 9407
14 19899
585 8544
358 11190
436 4893
493 23463
44 19021
416 3781
640 20732
471 26507
266 26265
304 29451
474 25583
447 19589
306 6999
566 7992
339 2347
318 31352
219 26749
592 11265
632 9
310 5259
616 15209
105 10910
16 25736
532 8104
108 4441
565 23373
661 6601
495 16638
187 10738
564 29645
323 17553
636 3199
559 18874
331 30179
134 21962
249 25443
261 3230
94 5593
575 9474
277 25252
373 18540
98 12538
490 6891
568 24959
673 32602
65 21527
215 27609
449 32761
575 25214
503 20998
288 25159
83 17752
666 25683
380 27165
91 14674
277 20134
413 23355
671 32443
603 1853
239 3378
332 13303
171 23488
223 14315
281 5390
641 13360
629 3343
278 5992
590 31634
636 19698
382 17683
181 27745
539 17879
452 32044
48 21304
443 8870
708 26429
340 17457
703 10861
187 1455
305 20453
430 9274
505 30633
651 2837
329 2872
127 13538
723 18531
296 11541
695 28254
137 17832
319 16664
268 21777
317 22216
136 4209
303 25544
407 22030
315 30887
478 31747
320 26234
618 30518
431 15730
419 28299
105 6580
314 3671
638 12900
717 12312
543 24323
244 10851
343 1788
121 23837
20 12153
644 19950
82 7035
600 26867
121 12842
389 14771
135 8042
720 12373
360 25262
349 18192
616 16401
328 7138
434 18339
350 21125
489 26368
515 21151
429 14632
275 13881
78 2186
742 31858
687 14178
410 21620
43 581
137 5288
469 20730
348 12838
564 2444
506 19568
218 6557
548 8543
773 10749
66 32093
425 12412
530 31701
472 21500
702 11240
592 22218
323 28002
197 31534
667 6636
436 5696
729 20099
109 17662
587 26920
144 30620
315 3801
710 18203
786 19905
326 18717
59 12204
630 22008
793 20669
557 29961
244 20067
235 25419
183 8841
726 26663
676 16141
215 27790
578 32116
207 2118
807 14044
262 31105
290 6193
431 15028
80 1700
90 10918
287 10329
703 31432
272 25952
125 22468
674 29927
491 88
746 19118
527 15973
569 30907
789 30275
580 22862
277 16472
624 5399
200 16617
518 22951
241 12847
440 21541
464 21678
444 17474
802 14786
3 15214
78 7291
33 23629
654 15530
310 11876
313 28732
605 23065
33 24263
166 24794
33 7011
707 9628
156 4283
636 22919
546 29540
64 8431
55 11885
57 1159
766 32311
825 721
725 11654
834 21977
411 10457
198 16675
196 23543
293 31714
563 3531
737 2922
21 11889
546 8680
607 19345
588 21841
837 7916
783 17048
172 27444
541 28964
13 6945
437 2689
44 22209
323 14934
656 784
832 19095
870 24520
385 20475
129 14202
259 31409
487 21982
445 24399
809 14440
794 19467
536 11547
527 32301
332 21410
366 19396
32 13469
377 5528
427 25401
177 5473
60 23811
686 23606
548 7166
311 5448
147 3826
119 24784
568 27656
170 23366
714 4500
508 9428
301 26930
143 32010
411 276
278 18131
348 20378
342 2216
447 21795
812 15619
622 4132
326 1815
205 30583
20 8126
433 28405
359 3763
540 27206
700 1025
225 12792
286 26043
746 32463
182 26094
210 24412
548 13524
543 7121
739 9034
593 3092
856 18820
397 5138
117 1536
67 14934
84 26808
904 3290
471 24220
74 18461
900 12607
462 29813
686 11985
120 28071
511 3661
600 2229
318 25587
272 19447
868 14841
645 28013
666 8574
788 2900
39 20415
501 21239
734 7053
133 2504
689 28415
626 11439
709 356
558 6562
587 28027
222 30582
873 30695
798 20469
611 6621
916 4144
527 9248
563 25367
342 3631
67 6726
161 17852
418 6434
236 4705
222 30245
837 24975
736 18038
884 3783
550 18365
168 31756
453 23605
701 3736
399 3331
583 25550
359 1734
342 21104
236 17519
488 3090
681 23635
431 29390
298 9086
942 30522
803 6986
81 4759
838 23857
571 12619
894 30944
890 8594
798 30860
243 23152
480 32649
539 12010
774 14105
468 16757
474 32130
