200 200
1 29397
2 14454
2 26075
3 29639
2 6577
4 10544
1 29051
5 21529
1 15362
6 29362
3 27399
9 6113
12 21719
14 22911
2 13343
2 28355
13 23042
3 4862
19 18025
17 137
17 6810
15 6140
4 6669
24 1953
1 11642
11 1833
15 7223
9 31645
1 28609
22 6039
13 13721
10 19377
17 4945
23 6974
31 24806
24 10552
3 15696
17 4474
1 20824
16 25135
2 13482
29 18827
31 10539
20 19385
30 8332
21 5396
31 16416
36 15513
40 22250
33 2716
2 31227
18 6075
32 15099
5 22545
34 11525
23 26284
19 11192
48 9536
39 6282
59 1052
11 608
59 1630
42 27484
24 22115
16 8438
47 32386
29 23119
7 6650
39 4289
29 4648
56 18107
19 15358
21 12492
50 27056
50 29949
13 17584
65 29796
56 989
28 21238
78 20984
11 12701
23 30807
38 20107
61 8669
46 32717
13 18985
66 15395
69 11534
34 9743
85 19011
49 19756
16 20828
52 6593
11 2553
53 5782
78 3134
93 3334
80 23939
52 10070
79 17740
6 3397
8 28283
86 12004
36 10436
86 12712
54 24162
39 13246
26 4616
46 22942
20 31003
109 23011
32 1566
58 31578
68 30574
32 14681
80 15919
109 594
36 20870
112 17575
114 16904
113 15808
67 8563
34 16220
84 4764
102 24356
77 5545
18 17542
11 25728
129 2240
51 29568
77 23867
29 27246
51 27675
17 10674
84 10004
5 12227
25 30847
80 29408
77 2733
50 769
29 6523
89 2061
116 550
120 28749
46 1377
60 25377
102 28581
142 19441
10 7113
146 4455
3 978
70 19675
140 21516
44 5647
14 13402
52 14109
58 15306
156 23725
124 17004
143 5739
17 1381
45 15289
75 20799
155 2208
12 9859
38 1805
90 3210
21 6202
19 1680
92 12906
157 24330
74 9945
58 15673
78 1011
47 14592
168 26564
38 24819
10 22192
10 26288
3 27236
10 25970
59 27916
154 30435
50 13510
19 2610
24 21335
165 12646
159 28190
95 22770
56 21062
153 7561
155 6463
177 13363
108 29038
127 6305
191 24355
158 30141
87 2508
155 31878
