200 200
1 29113
2 367
1 13443
4 20999
1 11861
6 23412
1 3513
8 24123
1 8724
3 1161
5 17290
7 10543
8 29212
7 4075
8 28691
1 29417
8 23458
13 2441
4 3015
18 27747
5 13426
20 31369
14 5609
12 9227
12 15211
5 15809
25 3347
12 16964
16 14592
3 9278
19 14259
5 5604
10 28600
33 27072
20 15497
19 28852
14 23727
21 31036
39 2858
18 21491
21 18451
6 345
37 5248
25 27859
17 9640
21 22771
44 21320
39 24826
23 17733
16 13211
16 9362
45 27394
27 21332
9 9749
4 28740
18 18170
39 10581
33 31449
15 8600
26 28387
4 28252
53 22163
37 28569
63 10035
36 1935
48 11427
4 30122
43 23382
39 22697
57 925
34 7167
60 18984
58 21625
68 2505
42 20514
19 636
17 23908
70 31141
51 3439
21 12184
75 30175
82 20062
31 13720
9 13751
2 16629
57 18523
31 14627
16 7813
11 21191
22 16818
34 4071
48 21926
41 20743
84 21169
85 402
50 13616
49 25468
30 18006
96 15910
51 25133
97 29826
66 24279
96 18039
30 31002
5 16775
103 27164
59 9391
41 2666
99 15246
16 9791
4 29898
92 26372
85 14256
49 30227
107 15642
1 15552
3 28566
33 26010
40 5828
111 750
97 20992
35 32397
120 9793
74 14031
9 9025
20 27864
117 25567
28 26650
129 28097
40 29467
123 13373
55 5497
30 17018
96 12075
109 20690
89 22793
35 18811
98 11919
52 103
15 25822
71 8808
9 21251
99 8088
11 20348
62 5368
11 1784
69 31063
102 12383
18 4470
87 16914
19 28521
38 3188
76 320
104 23977
25 29415
152 4766
16 26443
42 14665
92 19646
63 10290
135 20637
152 12082
98 13872
128 17786
120 5329
94 22744
55 16721
148 8758
45 26263
125 9060
56 4490
78 12823
153 13362
39 13361
148 25625
2 28994
2 22520
134 7503
77 26767
22 211
36 6357
175 25092
100 26961
69 4951
142 31432
45 19270
41 17432
83 10577
53 24420
99 3139
187 12913
90 7606
62 30288
56 14041
190 25150
25 625
113 32200
179 30
6 24115
