1000 100
1 29678
1 10677
2 28393
1 2397
5 17550
6 30592
2 32450
1 29511
6 27949
9 22963
9 26092
1 19436
2 32390
2 20438
3 20770
1 24292
3 8695
14 22321
14 30979
18 717
2 1024
15 10580
22 21652
5 24518
13 20168
17 2706
5 23483
27 17908
1 13464
10 10369
9 22981
12 5121
4 2653
5 2172
5 20449
20 11672
27 29226
9 1570
21 26530
31 490
1 5556
41 25044
25 30081
15 8748
45 28885
15 24378
44 2905
41 26646
7 11274
40 29630
5 6889
52 11366
27 1780
40 1295
14 10326
33 3419
20 21211
48 14240
16 3238
56 17723
16 32038
17 19751
16 18502
33 4302
21 10724
8 4894
36 25989
32 9696
36 24135
70 24901
3 27415
27 14786
9 15139
69 10270
6 24210
30 6090
13 18291
75 3952
1 22260
45 18382
45 19157
26 9413
39 7964
10 17581
27 14345
82 6636
1 26700
83 17095
71 10102
84 4984
78 3246
74 1664
86 24997
53 1854
59 25036
37 19137
12 31172
16 10971
43 6933
30 14198
74 30756
29 29227
44 15455
67 26641
88 5307
53 7635
36 7264
7 518
34 418
82 22969
49 30516
79 23373
87 17816
38 27527
61 4314
6 12515
5 9854
74 28971
63 26551
2 27977
88 9178
5 12122
29 30481
77 32515
75 340
121 28680
50 2453
53 16154
46 24891
93 28913
11 7122
8 26523
42 28417
11 25108
9 20156
41 6678
88 6586
79 29746
74 27178
129 30240
42 24226
34 30548
54 28504
46 16337
112 9108
102 2370
80 15205
132 5703
81 8596
51 21517
82 14806
135 14881
39 24389
69 23686
91 10001
90 25605
15 15219
18 24772
5 25315
51 11034
147 1931
122 18082
139 21243
132 31630
113 12830
110 6718
86 21869
132 7442
73 354
164 7292
114 17200
92 18777
146 23985
22 24961
45 672
11 21148
171 11272
24 32568
168 10748
150 23065
7 14473
76 19408
33 12777
152 5776
53 12537
179 11324
49 14318
172 10948
47 12099
8 29362
11 20725
126 3072
129 21491
12 19757
46 27600
81 30864
32 28860
175 17387
118 17330
52 32323
192 17139
114 18415
182 25266
128 4336
25 15889
161 20864
185 13388
116 12525
70 26164
188 3752
190 10208
6 8601
100 15007
114 8630
175 25392
183 12244
66 12342
168 28605
87 1254
55 2178
132 15363
194 32531
200 30476
22 7948
12 28084
119 26066
51 20882
12 9183
120 6682
223 18522
110 19660
114 2795
21 5547
7 26573
140 17393
170 8741
194 32513
95 16530
117 18333
27 14341
53 6489
184 14547
19 16463
111 21000
106 14101
68 24319
34 8428
91 29487
163 13370
70 14408
80 10555
179 29311
195 243
111 7973
13 14439
123 24959
180 15372
73 12754
225 12160
95 701
236 23928
82 20683
89 25594
12 20553
224 28876
112 11605
215 8748
97 4664
268 24513
130 26614
164 16338
15 1315
153 19638
217 16119
93 16011
253 4261
205 32043
188 19689
228 32348
101 3552
23 21575
147 22301
235 44
64 7673
195 23891
79 11306
166 14406
270 4248
277 26173
221 4716
159 28890
236 23145
99 10774
160 18047
231 15484
36 7069
89 2965
18 2504
141 30883
237 13930
258 24465
149 16620
75 24619
241 30086
105 18315
243 8790
115 11731
49 17072
91 7202
247 29878
162 20160
235 27944
294 26524
314 23933
85 9465
275 50
203 28772
198 16226
297 23017
46 10647
132 21382
190 10464
83 16608
166 12323
22 12085
182 21173
63 18834
114 31272
268 23878
293 11876
225 662
299 9209
241 15794
83 1204
41 11240
287 9841
96 4376
73 9263
198 22888
201 3434
208 25400
33 8101
12 9561
207 15942
339 1401
215 7334
59 29410
343 20073
134 6501
276 12811
266 16528
283 27068
244 11048
74 22126
344 2771
330 18732
276 23572
210 24237
270 15996
308 14633
314 7455
80 3179
9 15174
157 12328
48 31075
164 11407
123 26186
363 29985
208 28829
190 17859
288 19592
235 22033
231 25007
2 22262
25 21861
296 28281
229 1311
9 9690
307 1320
149 32222
303 30614
150 7527
175 20348
22 20039
176 21601
289 15446
312 31217
158 10947
122 24563
219 5031
146 3707
164 26080
168 16993
122 21788
312 24049
385 28724
347 20964
165 29116
183 4752
148 32472
279 27995
100 18512
78 21109
363 16871
200 26311
269 25577
3 29222
295 11012
22 32205
185 19032
352 14090
135 17361
74 27191
53 23221
131 10732
94 5241
267 30323
240 15321
115 31100
72 6696
381 10770
90 23268
82 27854
105 19853
395 1099
185 31159
104 26073
210 14687
206 18038
192 19835
65 29690
170 8404
65 20113
345 11544
129 30318
431 13867
69 446
331 20415
33 20187
219 24868
363 18115
6 7009
411 9160
107 5507
66 4233
161 821
112 13088
115 14737
18 30877
298 30262
122 13492
67 7323
222 27058
136 23971
164 19637
411 32113
143 23069
211 11133
107 3646
29 8423
260 5719
339 30988
352 3528
78 30808
335 7039
425 13659
297 948
313 22558
79 470
24 25527
192 32453
331 15899
465 30529
87 27188
276 9891
292 10291
394 18890
265 28712
261 3673
21 31439
419 544
181 19629
432 5847
468 30556
168 3602
350 1316
38 24945
307 17099
107 31511
414 23469
381 21086
485 31759
483 16585
447 28080
185 9019
143 25249
40 7014
173 25175
125 1413
220 3327
335 30286
39 10513
493 21794
362 12072
111 26248
341 18449
251 23257
434 28961
328 13629
424 15052
114 7893
132 21876
313 31290
434 24703
91 19239
337 12204
207 18034
477 31399
499 7745
224 10971
265 24186
429 15239
326 28027
509 24596
484 1292
61 25766
41 14225
205 31985
426 21893
360 30030
186 18211
180 31245
517 11878
130 26893
368 25908
357 24971
47 11222
329 1592
302 7084
206 9614
447 12831
322 15459
93 2006
97 1727
398 2093
93 4843
149 15587
548 2762
384 530
58 10092
279 13925
162 737
454 15237
89 15435
120 23252
176 8759
474 25182
79 22318
520 3597
24 9350
495 4380
365 28542
558 21453
278 1163
19 14687
199 11500
526 570
534 17028
328 7790
207 13801
523 1115
71 15033
415 24497
231 3629
144 11420
11 3056
256 4920
318 1329
411 5963
172 3575
465 28723
417 13492
534 7453
161 22558
268 2424
458 3898
402 21930
167 22457
159 6145
461 32392
244 10732
513 30371
541 21867
84 4650
215 30404
92 20918
467 26232
467 15853
454 16245
468 32596
96 21901
85 10341
276 28711
465 26082
482 7476
315 2408
316 12389
386 8775
36 17051
516 6289
464 17824
58 32369
114 20
510 3006
364 1450
149 30672
477 32660
525 9619
281 22843
604 21977
471 9524
70 21493
400 20079
87 20613
556 27058
591 24207
108 15174
248 18128
603 17649
619 9552
82 28708
423 1338
193 10356
548 28395
269 31310
136 7241
26 2535
637 18262
359 30323
455 18181
185 32151
394 28236
120 29472
72 24954
358 24821
472 21963
321 25418
23 28473
129 5399
346 12438
2 8393
142 12760
625 18743
203 4276
351 32471
410 20334
574 21810
231 5615
66 27797
177 2328
145 9226
426 11350
656 10118
663 374
363 11876
321 23227
445 32274
653 4910
605 1291
346 8502
120 8709
568 14184
59 27499
232 26528
176 2829
92 31825
529 535
131 31769
657 26943
246 2969
73 323
333 8579
655 10131
57 16628
85 842
208 11781
545 32355
266 20637
534 24362
454 14729
103 5616
152 32206
490 4867
254 23613
375 14558
317 24905
463 16028
266 32022
209 5811
410 16338
222 11742
285 12360
444 5723
439 28850
449 29527
6 9679
366 14503
269 21558
124 4792
620 10218
418 2761
443 23086
79 15191
240 10651
680 10457
273 6255
452 4782
41 25896
444 20564
712 29010
29 3802
257 2717
361 664
564 18994
84 24861
555 32327
173 14185
408 20977
205 28765
339 10042
707 8047
501 22388
310 25506
572 19917
720 30390
675 12323
708 15515
388 2585
552 26412
40 11882
115 538
4 17021
685 31526
196 10298
85 31380
425 14877
705 8156
103 3464
346 30370
477 12126
602 14312
738 3789
132 11139
301 2667
682 15819
529 21381
313 7575
289 7091
751 30313
528 16560
8 6885
541 27241
609 13192
730 20308
461 17814
607 4867
405 9812
221 29433
426 11896
390 13756
285 16862
379 4140
743 32636
247 29970
12 11672
307 764
22 13880
262 1097
116 18395
530 13696
373 28262
519 17894
368 14433
315 17999
549 15459
570 31284
742 4811
131 16134
654 6065
25 32194
431 2333
93 23238
220 21878
91 6115
483 11837
187 23731
639 13051
123 22828
602 18551
4 30326
381 28717
644 2554
244 13308
640 16060
178 31263
609 10474
650 21854
167 14261
156 9605
660 31071
699 7190
154 26005
263 31035
519 8704
57 5374
48 29975
247 2236
102 23351
185 3287
150 29173
243 24236
494 11699
154 17093
528 3441
62 30543
707 16614
111 10958
458 29903
308 19215
540 14728
543 16478
376 14297
770 26874
631 10258
459 26822
766 16218
265 8513
253 1860
451 26040
336 21411
111 16315
371 19104
342 22477
196 13065
200 22111
611 31980
233 20736
787 14437
304 6094
17 28340
342 30512
655 4498
182 16839
450 29894
795 13985
8 1523
274 6064
189 14004
731 1147
398 19690
525 27924
591 3413
413 12618
121 29794
375 16415
443 28996
689 19325
286 22342
617 25636
178 31072
560 4583
839 9224
768 15384
129 26954
463 30273
322 29467
643 1300
710 20459
313 12197
226 28025
266 12503
702 13803
463 23828
665 798
289 20546
92 23611
835 14322
781 12683
437 3546
378 2700
633 22149
708 23108
618 14409
418 28117
637 32378
839 10578
392 23773
406 1745
718 1887
882 3009
610 29191
782 10366
564 19754
578 13859
121 4574
741 1696
353 12976
114 15116
417 17562
215 21564
851 13359
607 12692
578 23321
496 29213
493 2501
436 27608
424 22877
628 11602
127 23031
863 15737
175 28940
823 3502
525 31787
90 21019
624 3054
177 13383
430 19246
387 5095
348 26227
639 18936
118 1966
584 8714
412 14891
839 32223
706 19137
739 22324
426 30796
594 5087
478 2141
75 24602
401 5167
550 799
431 8669
250 25077
914 24019
346 9353
12 2178
353 12544
681 27737
934 29004
196 28656
735 5885
418 6278
698 20826
509 4269
674 10673
890 1860
504 31211
474 31398
652 12643
407 17441
507 23545
757 30634
303 8034
887 27598
6 8898
23 32236
514 5244
260 26274
482 16968
87 12933
414 30599
341 13077
397 5588
515 31728
705 7132
887 16453
104 3695
143 9356
943 30679
67 22644
469 29032
77 3357
140 27480
25 7048
523 9937
475 28492
191 5701
51 2442
687 6146
49 12322
706 16134
762 7463
430 7700
572 17041
768 18695
365 30258
231 103
655 6636
