200 200
1 29463
2 11289
3 2991
1 26352
3 9129
3 7586
5 13076
7 6621
2 27434
7 440
4 26333
1 11498
10 18866
13 23097
12 16594
16 22838
1 6751
11 31784
11 26372
18 26182
21 22992
9 2601
13 23108
15 27776
25 31914
24 32518
11 21673
9 10161
17 22039
13 18476
17 14350
21 22920
23 3650
9 28719
21 3217
11 15385
11 10460
6 22850
8 3862
10 1115
41 7066
20 1983
29 20418
34 29866
41 29877
26 31909
42 24704
24 32581
12 4457
15 8213
47 4991
2 30929
6 25718
10 15317
23 18866
56 23252
36 19618
55 1485
44 20815
43 5691
26 31541
38 14989
52 21585
34 30165
49 27259
3 18372
35 22262
13 4310
50 25670
11 1738
61 17985
72 19797
70 6249
62 1815
41 5753
18 29390
22 17214
19 26826
18 29096
59 19617
52 25633
41 18211
71 30237
20 23696
31 1011
32 13065
49 1259
51 7493
2 2968
84 15749
59 8296
65 21706
16 10873
19 4677
73 23214
75 30479
9 19715
36 8730
75 21533
77 6248
43 8998
17 23930
20 18903
9 28684
91 14038
97 32511
38 13379
85 27287
34 4749
90 26086
89 30091
57 19592
91 30664
54 145
21 6174
78 25796
44 9606
23 18182
119 7470
10 20242
105 11980
27 17773
60 23347
86 18077
79 24867
89 13974
123 27750
110 2165
84 15128
15 11888
96 11591
65 17933
57 29372
24 21651
80 19223
46 10174
79 3106
55 11959
123 25183
35 24387
23 32739
131 31547
114 11623
34 19004
115 29085
120 7071
118 17088
20 9388
100 30319
146 3850
88 25531
140 19322
58 27519
93 31942
111 23280
122 3827
93 23668
25 20158
104 27320
77 5447
161 31228
109 23559
138 19378
83 19719
46 8264
66 9044
52 15170
142 28590
76 28043
139 5504
25 6669
89 5141
53 26751
79 28680
88 6782
55 20732
56 14048
1 10126
23 32581
56 28552
143 25582
56 25175
91 27091
162 11712
141 14063
118 718
179 14559
169 4367
83 6571
37 16896
20 30436
167 18629
103 3823
4 23069
120 22688
190 8342
19 14603
57 16637
1 19350
